"carIns" "cheAbi" "cheMyd" "cheSer" "chrPic" "cuoAmb" "cuoMcc" "derCor" "derMaw" "emySub" "gopAga" "malTer" "mesTub" "pelCas" "pelSin" "plaMeg" "podExp"
"carIns" 0 0.0667094291212316 0.0673508659397049 0.0647851186658114 0.0692751763951251 0.110327132777421 0.064143681847338 0.0673508659397049 0.0718409236690186 0.0865939704939064 0.0711994868505452 0.0686337395766517 0.0840282232200128 0.0962155227710071 0.0673508659397049 0.0679923027581783 0.100064143681847
"cheAbi" 0.0667094291212316 0 0.0346375881975625 0.0314304041051956 0.0250160359204618 0.0654265554842848 0.013470173187941 0.0333547145606158 0.0378447722899294 0.0647851186658114 0.013470173187941 0.0243745991019885 0.0577293136626042 0.0711994868505452 0.0622193713919179 0.0230917254650417 0.0814624759461193
"cheMyd" 0.0673508659397049 0.0346375881975625 0 0.0295060936497755 0.0327132777421424 0.0788967286722258 0.0314304041051956 0.0192431045542014 0.0352790250160359 0.0647851186658114 0.0359204618345093 0.032071840923669 0.0583707504810776 0.0763309813983323 0.0647851186658114 0.0301475304682489 0.0808210391276459
"cheSer" 0.0647851186658114 0.0314304041051956 0.0295060936497755 0 0.0295060936497755 0.077613855035279 0.0301475304682489 0.026940346375882 0.0352790250160359 0.0583707504810776 0.0346375881975625 0.0288646568313021 0.0558050032071841 0.0711994868505452 0.059012187299551 0.0307889672867223 0.077613855035279
"chrPic" 0.0692751763951251 0.0250160359204618 0.0327132777421424 0.0295060936497755 0 0.072482360487492 0.0218088518280949 0.0327132777421424 0.0372033354714561 0.0654265554842848 0.0275817831943554 0.00449005772931366 0.0602950609364978 0.0711994868505452 0.0635022450288647 0.0160359204618345 0.0782552918537524
"cuoAmb" 0.110327132777421 0.0654265554842848 0.0788967286722258 0.077613855035279 0.072482360487492 0 0.0558050032071841 0.0782552918537524 0.0846696600384862 0.110327132777421 0.0647851186658114 0.0718409236690186 0.103912764592688 0.117382937780629 0.106478511866581 0.0699166132135985 0.122514432328416
"cuoMcc" 0.064143681847338 0.013470173187941 0.0314304041051956 0.0301475304682489 0.0218088518280949 0.0558050032071841 0 0.0288646568313021 0.0352790250160359 0.0622193713919179 0.0153944836433611 0.0211674150096216 0.0564464400256575 0.0711994868505452 0.0609364977549711 0.0198845413726748 0.0782552918537524
"derCor" 0.0673508659397049 0.0333547145606158 0.0192431045542014 0.026940346375882 0.0327132777421424 0.0782552918537524 0.0288646568313021 0 0.0333547145606158 0.0602950609364978 0.0359204618345093 0.032071840923669 0.0583707504810776 0.0763309813983323 0.0622193713919179 0.0307889672867223 0.0801796023091726
"derMaw" 0.0718409236690186 0.0378447722899294 0.0352790250160359 0.0352790250160359 0.0372033354714561 0.0846696600384862 0.0352790250160359 0.0333547145606158 0 0.064143681847338 0.0391276459268762 0.0378447722899294 0.0654265554842848 0.0769724182168056 0.0647851186658114 0.0359204618345093 0.0827453495830661
"emySub" 0.0865939704939064 0.0647851186658114 0.0647851186658114 0.0583707504810776 0.0654265554842848 0.110327132777421 0.0622193713919179 0.0602950609364978 0.064143681847338 0 0.0692751763951251 0.0654265554842848 0.0449005772931366 0.0705580500320718 0.0821039127645927 0.0654265554842848 0.0756895445798589
"gopAga" 0.0711994868505452 0.013470173187941 0.0359204618345093 0.0346375881975625 0.0275817831943554 0.0647851186658114 0.0153944836433611 0.0359204618345093 0.0391276459268762 0.0692751763951251 0 0.026940346375882 0.0615779345734445 0.0737652341244387 0.0615779345734445 0.0256574727389352 0.0840282232200128
"malTer" 0.0686337395766517 0.0243745991019885 0.032071840923669 0.0288646568313021 0.00449005772931366 0.0718409236690186 0.0211674150096216 0.032071840923669 0.0378447722899294 0.0654265554842848 0.026940346375882 0 0.0596536241180244 0.0711994868505452 0.0628608082103913 0.0141116100064144 0.0782552918537524
"mesTub" 0.0840282232200128 0.0577293136626042 0.0583707504810776 0.0558050032071841 0.0602950609364978 0.103912764592688 0.0564464400256575 0.0583707504810776 0.0654265554842848 0.0449005772931366 0.0615779345734445 0.0596536241180244 0 0.064143681847338 0.0808210391276459 0.059012187299551 0.0699166132135985
"pelCas" 0.0962155227710071 0.0711994868505452 0.0763309813983323 0.0711994868505452 0.0711994868505452 0.117382937780629 0.0711994868505452 0.0763309813983323 0.0769724182168056 0.0705580500320718 0.0737652341244387 0.0711994868505452 0.064143681847338 0 0.0904425914047466 0.0711994868505452 0.0667094291212316
"pelSin" 0.0673508659397049 0.0622193713919179 0.0647851186658114 0.059012187299551 0.0635022450288647 0.106478511866581 0.0609364977549711 0.0622193713919179 0.0647851186658114 0.0821039127645927 0.0615779345734445 0.0628608082103913 0.0808210391276459 0.0904425914047466 0 0.0615779345734445 0.0904425914047466
"plaMeg" 0.0679923027581783 0.0230917254650417 0.0301475304682489 0.0307889672867223 0.0160359204618345 0.0699166132135985 0.0198845413726748 0.0307889672867223 0.0359204618345093 0.0654265554842848 0.0256574727389352 0.0141116100064144 0.059012187299551 0.0711994868505452 0.0615779345734445 0 0.077613855035279
"podExp" 0.100064143681847 0.0814624759461193 0.0808210391276459 0.077613855035279 0.0782552918537524 0.122514432328416 0.0782552918537524 0.0801796023091726 0.0827453495830661 0.0756895445798589 0.0840282232200128 0.0782552918537524 0.0699166132135985 0.0667094291212316 0.0904425914047466 0.077613855035279 0
