"carIns" "cheAbi" "cheMyd" "cheSer" "chrPic" "cuoAmb" "cuoMcc" "derCor" "derMaw" "emySub" "gopAga" "malTer" "mesTub" "pelCas" "pelSin" "plaMeg" "podExp"
"carIns" 0 0.223667100130039 0.214564369310793 0.222366710013004 0.211313394018205 0.214564369310793 0.213263979193758 0.215864759427828 0.223016905071521 0.227568270481144 0.511703511053316 0.23146944083225 0.228218465539662 0.23146944083225 0.238621586475943 0.214564369310793 0.237971391417425
"cheAbi" 0.223667100130039 0 0.0429128738621586 0.0565669700910273 0.0364109232769831 0.0338101430429129 0.0331599479843953 0.0416124837451235 0.0572171651495449 0.0845253576072822 0.473992197659298 0.0559167750325098 0.0897269180754226 0.0962288686605982 0.0884265279583875 0.0364109232769831 0.104031209362809
"cheMyd" 0.214564369310793 0.0429128738621586 0 0.0494148244473342 0.0318595578673602 0.0318595578673602 0.0299089726918075 0.0247074122236671 0.0494148244473342 0.0734720416124837 0.469440832249675 0.0520156046814044 0.0812743823146944 0.08777633289987 0.0884265279583875 0.02925877763329 0.0949284785435631
"cheSer" 0.222366710013004 0.0565669700910273 0.0494148244473342 0 0.0429128738621586 0.046814044213264 0.0461638491547464 0.0520156046814044 0.0565669700910273 0.0838751625487646 0.483094928478544 0.064369310793238 0.0858257477243173 0.105981794538362 0.102730819245774 0.0448634590377113 0.113784135240572
"chrPic" 0.211313394018205 0.0364109232769831 0.0318595578673602 0.0429128738621586 0 0.0240572171651495 0.023407022106632 0.0331599479843953 0.0442132639791938 0.0708712613784135 0.470091027308192 0.0312093628088427 0.0780234070221066 0.0845253576072822 0.0812743823146944 0.023407022106632 0.0916775032509753
"cuoAmb" 0.214564369310793 0.0338101430429129 0.0318595578673602 0.046814044213264 0.0240572171651495 0 0.00975292587776333 0.0325097529258778 0.0429128738621586 0.0741222366710013 0.47594278283485 0.0448634590377113 0.0832249674902471 0.0838751625487646 0.081924577373212 0.0240572171651495 0.0929778933680104
"cuoMcc" 0.213263979193758 0.0331599479843953 0.0299089726918075 0.0461638491547464 0.023407022106632 0.00975292587776333 0 0.0331599479843953 0.0442132639791938 0.0734720416124837 0.473992197659298 0.0442132639791938 0.0812743823146944 0.0845253576072822 0.0799739921976593 0.023407022106632 0.0916775032509753
"derCor" 0.215864759427828 0.0416124837451235 0.0247074122236671 0.0520156046814044 0.0331599479843953 0.0325097529258778 0.0331599479843953 0 0.0513654096228869 0.0773732119635891 0.470091027308192 0.0539661898569571 0.0838751625487646 0.0897269180754226 0.0903771131339402 0.0318595578673602 0.0981794538361508
"derMaw" 0.223016905071521 0.0572171651495449 0.0494148244473342 0.0565669700910273 0.0442132639791938 0.0429128738621586 0.0442132639791938 0.0513654096228869 0 0.0858257477243173 0.472041612483745 0.0630689206762029 0.0942782834850455 0.0942782834850455 0.0949284785435631 0.0442132639791938 0.104681404421326
"emySub" 0.227568270481144 0.0845253576072822 0.0734720416124837 0.0838751625487646 0.0708712613784135 0.0741222366710013 0.0734720416124837 0.0773732119635891 0.0858257477243173 0 0.47334200260078 0.0923276983094928 0.046814044213264 0.0806241872561769 0.11703511053316 0.0708712613784135 0.0858257477243173
"gopAga" 0.511703511053316 0.473992197659298 0.469440832249675 0.483094928478544 0.470091027308192 0.47594278283485 0.473992197659298 0.470091027308192 0.472041612483745 0.47334200260078 0 0.477893368010403 0.473992197659298 0.473992197659298 0.487646293888166 0.47334200260078 0.477243172951886
"malTer" 0.23146944083225 0.0559167750325098 0.0520156046814044 0.064369310793238 0.0312093628088427 0.0448634590377113 0.0442132639791938 0.0539661898569571 0.0630689206762029 0.0923276983094928 0.477893368010403 0 0.0975292587776333 0.104031209362809 0.102080624187256 0.0429128738621586 0.107282184655397
"mesTub" 0.228218465539662 0.0897269180754226 0.0812743823146944 0.0858257477243173 0.0780234070221066 0.0832249674902471 0.0812743823146944 0.0838751625487646 0.0942782834850455 0.046814044213264 0.473992197659298 0.0975292587776333 0 0.0838751625487646 0.118335500650195 0.0773732119635891 0.0929778933680104
"pelCas" 0.23146944083225 0.0962288686605982 0.08777633289987 0.105981794538362 0.0845253576072822 0.0838751625487646 0.0845253576072822 0.0897269180754226 0.0942782834850455 0.0806241872561769 0.473992197659298 0.104031209362809 0.0838751625487646 0 0.122886866059818 0.0851755526657997 0.0754226267880364
"pelSin" 0.238621586475943 0.0884265279583875 0.0884265279583875 0.102730819245774 0.0812743823146944 0.081924577373212 0.0799739921976593 0.0903771131339402 0.0949284785435631 0.11703511053316 0.487646293888166 0.102080624187256 0.118335500650195 0.122886866059818 0 0.0825747724317295 0.130039011703511
"plaMeg" 0.214564369310793 0.0364109232769831 0.02925877763329 0.0448634590377113 0.023407022106632 0.0240572171651495 0.023407022106632 0.0318595578673602 0.0442132639791938 0.0708712613784135 0.47334200260078 0.0429128738621586 0.0773732119635891 0.0851755526657997 0.0825747724317295 0 0.093628088426528
"podExp" 0.237971391417425 0.104031209362809 0.0949284785435631 0.113784135240572 0.0916775032509753 0.0929778933680104 0.0916775032509753 0.0981794538361508 0.104681404421326 0.0858257477243173 0.477243172951886 0.107282184655397 0.0929778933680104 0.0754226267880364 0.130039011703511 0.093628088426528 0
