"carIns" "cheAbi" "cheMyd" "cheSer" "chrPic" "cuoAmb" "cuoMcc" "derCor" "derMaw" "emySub" "gopAga" "mesTub" "pelCas" "pelSin" "plaMeg" "podExp" "terMex"
"carIns" 0 0.0501497005988024 0.0434131736526946 0.0508982035928144 0.0411676646706587 0.0471556886227545 0.0464071856287425 0.0411676646706587 0.0546407185628743 0.0561377245508982 0.0553892215568862 0.0568862275449102 0.0778443113772455 0.0546407185628743 0.0508982035928144 0.0711077844311377 0.0508982035928144
"cheAbi" 0.0501497005988024 0 0.0239520958083832 0.0232035928143713 0.0172155688622754 0.0134730538922156 0.0119760479041916 0.0209580838323353 0.0336826347305389 0.0366766467065868 0.0164670658682635 0.0441616766467066 0.063622754491018 0.0494011976047904 0.0202095808383234 0.0538922155688623 0.0232035928143713
"cheMyd" 0.0434131736526946 0.0239520958083832 0 0.0239520958083832 0.0172155688622754 0.0239520958083832 0.0232035928143713 0.0119760479041916 0.0291916167664671 0.0374251497005988 0.030688622754491 0.0434131736526946 0.061377245508982 0.0449101796407186 0.0254491017964072 0.0531437125748503 0.0269461077844311
"cheSer" 0.0508982035928144 0.0232035928143713 0.0239520958083832 0 0.0217065868263473 0.0232035928143713 0.0217065868263473 0.0217065868263473 0.0276946107784431 0.0404191616766467 0.029940119760479 0.0464071856287425 0.0643712574850299 0.0501497005988024 0.0239520958083832 0.0553892215568862 0.0254491017964072
"chrPic" 0.0411676646706587 0.0172155688622754 0.0172155688622754 0.0217065868263473 0 0.0157185628742515 0.0149700598802395 0.0142215568862275 0.0269461077844311 0.032934131736527 0.0209580838323353 0.0374251497005988 0.0568862275449102 0.0411676646706587 0.0172155688622754 0.0501497005988024 0.0142215568862275
"cuoAmb" 0.0471556886227545 0.0134730538922156 0.0239520958083832 0.0232035928143713 0.0157185628742515 0 0.00449101796407186 0.0209580838323353 0.032185628742515 0.0366766467065868 0.0172155688622754 0.0441616766467066 0.062125748502994 0.0494011976047904 0.0187125748502994 0.0546407185628743 0.0194610778443114
"cuoMcc" 0.0464071856287425 0.0119760479041916 0.0232035928143713 0.0217065868263473 0.0149700598802395 0.00449101796407186 0 0.0202095808383234 0.031437125748503 0.0359281437125748 0.0164670658682635 0.0434131736526946 0.0598802395209581 0.0486526946107784 0.0194610778443114 0.0538922155688623 0.0217065868263473
"derCor" 0.0411676646706587 0.0209580838323353 0.0119760479041916 0.0217065868263473 0.0142215568862275 0.0209580838323353 0.0202095808383234 0 0.0247005988023952 0.0351796407185629 0.0276946107784431 0.0396706586826347 0.0576347305389222 0.0419161676646707 0.0224550898203593 0.0508982035928144 0.0239520958083832
"derMaw" 0.0546407185628743 0.0336826347305389 0.0291916167664671 0.0276946107784431 0.0269461077844311 0.032185628742515 0.031437125748503 0.0247005988023952 0 0.0426646706586826 0.0381736526946108 0.0479041916167665 0.0643712574850299 0.0523952095808383 0.0351796407185629 0.0553892215568862 0.0366766467065868
"emySub" 0.0561377245508982 0.0366766467065868 0.0374251497005988 0.0404191616766467 0.032934131736527 0.0366766467065868 0.0359281437125748 0.0351796407185629 0.0426646706586826 0 0.0434131736526946 0.0224550898203593 0.0508982035928144 0.0568862275449102 0.0396706586826347 0.0419161676646707 0.0426646706586826
"gopAga" 0.0553892215568862 0.0164670658682635 0.030688622754491 0.029940119760479 0.0209580838323353 0.0172155688622754 0.0164670658682635 0.0276946107784431 0.0381736526946108 0.0434131736526946 0 0.0508982035928144 0.0688622754491018 0.0546407185628743 0.0247005988023952 0.0606287425149701 0.0247005988023952
"mesTub" 0.0568862275449102 0.0441616766467066 0.0434131736526946 0.0464071856287425 0.0374251497005988 0.0441616766467066 0.0434131736526946 0.0396706586826347 0.0479041916167665 0.0224550898203593 0.0508982035928144 0 0.0576347305389222 0.0583832335329341 0.0456586826347305 0.0479041916167665 0.0456586826347305
"pelCas" 0.0778443113772455 0.063622754491018 0.061377245508982 0.0643712574850299 0.0568862275449102 0.062125748502994 0.0598802395209581 0.0576347305389222 0.0643712574850299 0.0508982035928144 0.0688622754491018 0.0576347305389222 0 0.0830838323353293 0.063622754491018 0.0501497005988024 0.0666167664670659
"pelSin" 0.0546407185628743 0.0494011976047904 0.0449101796407186 0.0501497005988024 0.0411676646706587 0.0494011976047904 0.0486526946107784 0.0419161676646707 0.0523952095808383 0.0568862275449102 0.0546407185628743 0.0583832335329341 0.0830838323353293 0 0.0523952095808383 0.0711077844311377 0.0523952095808383
"plaMeg" 0.0508982035928144 0.0202095808383234 0.0254491017964072 0.0239520958083832 0.0172155688622754 0.0187125748502994 0.0194610778443114 0.0224550898203593 0.0351796407185629 0.0396706586826347 0.0247005988023952 0.0456586826347305 0.063622754491018 0.0523952095808383 0 0.0553892215568862 0.0217065868263473
"podExp" 0.0711077844311377 0.0538922155688623 0.0531437125748503 0.0553892215568862 0.0501497005988024 0.0546407185628743 0.0538922155688623 0.0508982035928144 0.0553892215568862 0.0419161676646707 0.0606287425149701 0.0479041916167665 0.0501497005988024 0.0711077844311377 0.0553892215568862 0 0.0553892215568862
"terMex" 0.0508982035928144 0.0232035928143713 0.0269461077844311 0.0254491017964072 0.0142215568862275 0.0194610778443114 0.0217065868263473 0.0239520958083832 0.0366766467065868 0.0426646706586826 0.0247005988023952 0.0456586826347305 0.0666167664670659 0.0523952095808383 0.0217065868263473 0.0553892215568862 0
