"carIns" "cheAbi" "cheMyd" "cheSer" "chrPic" "cuoMcc" "derCor" "derMaw" "emySub" "gopAga" "malTer" "mesTub" "pelCas" "pelSin" "plaMeg" "podExp" "terMex"
"carIns" 0 0.102266736953084 0.119135477069056 0.102793885081708 0.104902477596205 0.110173958882446 0.105956773853453 0.115972588297312 0.0996309963099631 0.102266736953084 0.10437532946758 0.106483921982077 0.129151291512915 0.100158144438587 0.099103848181339 0.120716921454929 0.10173958882446
"cheAbi" 0.102266736953084 0 0.0506062203479178 0.03690036900369 0.0300474433315762 0.0237216657880865 0.0305745914602003 0.0484976278334212 0.0558777016341592 0.0126515550869794 0.0284659989457037 0.0627306273062731 0.0901423299947285 0.0738007380073801 0.018450184501845 0.0795993674222456 0.0268845545598313
"cheMyd" 0.119135477069056 0.0506062203479178 0 0.0511333684765419 0.0532419609910385 0.0558777016341592 0.0384818133895625 0.0690564048497628 0.0690564048497628 0.0511333684765419 0.0495519240906695 0.0711649973642594 0.0996309963099631 0.0864522930943595 0.0411175540326832 0.0943595150237217 0.0484976278334212
"cheSer" 0.102793885081708 0.03690036900369 0.0511333684765419 0 0.0342646283605693 0.040590405904059 0.0300474433315762 0.0390089615181866 0.0532419609910385 0.0363732208750659 0.0326831839746969 0.0558777016341592 0.0853979968371112 0.0674749604638904 0.025830258302583 0.0774907749077491 0.0305745914602003
"chrPic" 0.104902477596205 0.0300474433315762 0.0532419609910385 0.0342646283605693 0 0.0374275171323142 0.033210332103321 0.047970479704797 0.0585134422772799 0.0326831839746969 0.00579862941486558 0.0643120716921455 0.0922509225092251 0.0727464417501318 0.0216130732735899 0.0838165524512388 0.0142329994728519
"cuoMcc" 0.110173958882446 0.0237216657880865 0.0558777016341592 0.040590405904059 0.0374275171323142 0 0.0379546652609383 0.0521876647337902 0.0627306273062731 0.0253031101739589 0.0347917764891935 0.0690564048497628 0.0948866631523458 0.0795993674222456 0.0253031101739589 0.0864522930943595 0.033210332103321
"derCor" 0.105956773853453 0.0305745914602003 0.0384818133895625 0.0300474433315762 0.033210332103321 0.0379546652609383 0 0.047970479704797 0.0542962572482868 0.0321560358460727 0.0316288877174486 0.0579862941486558 0.0838165524512388 0.0685292567211386 0.0237216657880865 0.0753821823932525 0.0289931470743279
"derMaw" 0.115972588297312 0.0484976278334212 0.0690564048497628 0.0390089615181866 0.047970479704797 0.0521876647337902 0.047970479704797 0 0.0664206642066421 0.0490247759620453 0.0453347390616763 0.0748550342646284 0.101212440695836 0.0822351080653664 0.0400632577754349 0.0948866631523458 0.0463890353189246
"emySub" 0.0996309963099631 0.0558777016341592 0.0690564048497628 0.0532419609910385 0.0585134422772799 0.0627306273062731 0.0542962572482868 0.0664206642066421 0 0.0579862941486558 0.0569319978914075 0.033210332103321 0.0753821823932525 0.0690564048497628 0.0484976278334212 0.0727464417501318 0.0553505535055351
"gopAga" 0.102266736953084 0.0126515550869794 0.0511333684765419 0.0363732208750659 0.0326831839746969 0.0253031101739589 0.0321560358460727 0.0490247759620453 0.0579862941486558 0 0.0300474433315762 0.0627306273062731 0.0890880337374802 0.0738007380073801 0.0195044807590933 0.0822351080653664 0.0274117026884555
"malTer" 0.10437532946758 0.0284659989457037 0.0495519240906695 0.0326831839746969 0.00579862941486558 0.0347917764891935 0.0316288877174486 0.0453347390616763 0.0569319978914075 0.0300474433315762 0 0.0627306273062731 0.0901423299947285 0.0732735898787559 0.0200316288877174 0.0822351080653664 0.0126515550869794
"mesTub" 0.106483921982077 0.0627306273062731 0.0711649973642594 0.0558777016341592 0.0643120716921455 0.0690564048497628 0.0579862941486558 0.0748550342646284 0.033210332103321 0.0627306273062731 0.0627306273062731 0 0.0732735898787559 0.0722192936215076 0.0527148128624143 0.0753821823932525 0.0611491829204006
"pelCas" 0.129151291512915 0.0901423299947285 0.0996309963099631 0.0853979968371112 0.0922509225092251 0.0948866631523458 0.0838165524512388 0.101212440695836 0.0753821823932525 0.0890880337374802 0.0901423299947285 0.0732735898787559 0 0.0980495519240907 0.0827622561939905 0.0706378492356352 0.0885608856088561
"pelSin" 0.100158144438587 0.0738007380073801 0.0864522930943595 0.0674749604638904 0.0727464417501318 0.0795993674222456 0.0685292567211386 0.0822351080653664 0.0690564048497628 0.0738007380073801 0.0732735898787559 0.0722192936215076 0.0980495519240907 0 0.0653663679493938 0.0864522930943595 0.0706378492356352
"plaMeg" 0.099103848181339 0.018450184501845 0.0411175540326832 0.025830258302583 0.0216130732735899 0.0253031101739589 0.0237216657880865 0.0400632577754349 0.0484976278334212 0.0195044807590933 0.0200316288877174 0.0527148128624143 0.0827622561939905 0.0653663679493938 0 0.0759093305218767 0.0173958882445967
"podExp" 0.120716921454929 0.0795993674222456 0.0943595150237217 0.0774907749077491 0.0838165524512388 0.0864522930943595 0.0753821823932525 0.0948866631523458 0.0727464417501318 0.0822351080653664 0.0822351080653664 0.0753821823932525 0.0706378492356352 0.0864522930943595 0.0759093305218767 0 0.0790722192936215
"terMex" 0.10173958882446 0.0268845545598313 0.0484976278334212 0.0305745914602003 0.0142329994728519 0.033210332103321 0.0289931470743279 0.0463890353189246 0.0553505535055351 0.0274117026884555 0.0126515550869794 0.0611491829204006 0.0885608856088561 0.0706378492356352 0.0173958882445967 0.0790722192936215 0
