"carIns" "cheAbi" "cheMyd" "cheSer" "chrPic" "cuoAmb" "cuoMcc" "derCor" "derMaw" "emySub" "gopAga" "malTer" "mesTub" "pelCas" "pelSin" "plaMeg" "podExp" "terMex"
"carIns" 0 0.0915637860082305 0.0987654320987654 0.0889917695473251 0.0848765432098765 0.0936213991769547 0.0874485596707819 0.138374485596708 0.103909465020576 0.101337448559671 0.0931069958847737 0.107510288065844 0.101337448559671 0.114197530864198 0.103909465020576 0.180555555555556 0.11522633744856 0.0859053497942387
"cheAbi" 0.0915637860082305 0 0.0529835390946502 0.0498971193415638 0.0385802469135802 0.036522633744856 0.0329218106995885 0.102880658436214 0.0612139917695473 0.0787037037037037 0.0267489711934156 0.0653292181069959 0.0828189300411523 0.0843621399176955 0.100308641975309 0.137345679012346 0.0951646090534979 0.0390946502057613
"cheMyd" 0.0987654320987654 0.0529835390946502 0 0.0483539094650206 0.0468106995884774 0.059156378600823 0.0540123456790123 0.0931069958847737 0.0632716049382716 0.0833333333333333 0.0550411522633745 0.0715020576131687 0.0859053497942387 0.088477366255144 0.100308641975309 0.144547325102881 0.0987654320987654 0.0457818930041152
"cheSer" 0.0889917695473251 0.0498971193415638 0.0483539094650206 0 0.0385802469135802 0.0509259259259259 0.0462962962962963 0.095679012345679 0.0519547325102881 0.0725308641975309 0.051440329218107 0.0648148148148148 0.0725308641975309 0.0848765432098765 0.0941358024691358 0.141460905349794 0.0905349794238683 0.0380658436213992
"chrPic" 0.0848765432098765 0.0385802469135802 0.0468106995884774 0.0385802469135802 0 0.0396090534979424 0.0354938271604938 0.0936213991769547 0.0540123456790123 0.0694444444444444 0.0396090534979424 0.029320987654321 0.0730452674897119 0.080761316872428 0.0925925925925926 0.130658436213992 0.0869341563786008 0.0133744855967078
"cuoAmb" 0.0936213991769547 0.036522633744856 0.059156378600823 0.0509259259259259 0.0396090534979424 0 0.0123456790123457 0.106481481481481 0.0637860082304527 0.0797325102880658 0.037037037037037 0.0653292181069959 0.0848765432098765 0.0931069958847737 0.102366255144033 0.142489711934156 0.101851851851852 0.0375514403292181
"cuoMcc" 0.0874485596707819 0.0329218106995885 0.0540123456790123 0.0462962962962963 0.0354938271604938 0.0123456790123457 0 0.101851851851852 0.0576131687242798 0.0756172839506173 0.0339506172839506 0.0612139917695473 0.080761316872428 0.087962962962963 0.0961934156378601 0.137860082304527 0.0951646090534979 0.0334362139917695
"derCor" 0.138374485596708 0.102880658436214 0.0931069958847737 0.095679012345679 0.0936213991769547 0.106481481481481 0.101851851851852 0 0.109567901234568 0.125514403292181 0.10082304526749 0.119341563786008 0.12962962962963 0.136316872427984 0.135288065843621 0.194958847736626 0.144547325102881 0.0951646090534979
"derMaw" 0.103909465020576 0.0612139917695473 0.0632716049382716 0.0519547325102881 0.0540123456790123 0.0637860082304527 0.0576131687242798 0.109567901234568 0 0.0833333333333333 0.0606995884773663 0.0792181069958848 0.0853909465020576 0.0925925925925926 0.104938271604938 0.151748971193416 0.0992798353909465 0.0540123456790123
"emySub" 0.101337448559671 0.0787037037037037 0.0833333333333333 0.0725308641975309 0.0694444444444444 0.0797325102880658 0.0756172839506173 0.125514403292181 0.0833333333333333 0 0.0751028806584362 0.0946502057613169 0.0406378600823045 0.0689300411522634 0.105452674897119 0.166152263374486 0.0715020576131687 0.0689300411522634
"gopAga" 0.0931069958847737 0.0267489711934156 0.0550411522633745 0.051440329218107 0.0396090534979424 0.037037037037037 0.0339506172839506 0.10082304526749 0.0606995884773663 0.0751028806584362 0 0.0653292181069959 0.0797325102880658 0.0869341563786008 0.0982510288065844 0.137860082304527 0.0951646090534979 0.036522633744856
"malTer" 0.107510288065844 0.0653292181069959 0.0715020576131687 0.0648148148148148 0.029320987654321 0.0653292181069959 0.0612139917695473 0.119341563786008 0.0792181069958848 0.0946502057613169 0.0653292181069959 0 0.0987654320987654 0.104938271604938 0.116255144032922 0.156378600823045 0.112139917695473 0.0385802469135802
"mesTub" 0.101337448559671 0.0828189300411523 0.0859053497942387 0.0725308641975309 0.0730452674897119 0.0848765432098765 0.080761316872428 0.12962962962963 0.0853909465020576 0.0406378600823045 0.0797325102880658 0.0987654320987654 0 0.0766460905349794 0.108024691358025 0.167695473251029 0.0776748971193416 0.0730452674897119
"pelCas" 0.114197530864198 0.0843621399176955 0.088477366255144 0.0848765432098765 0.080761316872428 0.0931069958847737 0.087962962962963 0.136316872427984 0.0925925925925926 0.0689300411522634 0.0869341563786008 0.104938271604938 0.0766460905349794 0 0.1059670781893 0.167695473251029 0.0627572016460905 0.0817901234567901
"pelSin" 0.103909465020576 0.100308641975309 0.100308641975309 0.0941358024691358 0.0925925925925926 0.102366255144033 0.0961934156378601 0.135288065843621 0.104938271604938 0.105452674897119 0.0982510288065844 0.116255144032922 0.108024691358025 0.1059670781893 0 0.181584362139918 0.118312757201646 0.0900205761316872
"plaMeg" 0.180555555555556 0.137345679012346 0.144547325102881 0.141460905349794 0.130658436213992 0.142489711934156 0.137860082304527 0.194958847736626 0.151748971193416 0.166152263374486 0.137860082304527 0.156378600823045 0.167695473251029 0.167695473251029 0.181584362139918 0 0.177469135802469 0.12962962962963
"podExp" 0.11522633744856 0.0951646090534979 0.0987654320987654 0.0905349794238683 0.0869341563786008 0.101851851851852 0.0951646090534979 0.144547325102881 0.0992798353909465 0.0715020576131687 0.0951646090534979 0.112139917695473 0.0776748971193416 0.0627572016460905 0.118312757201646 0.177469135802469 0 0.0900205761316872
"terMex" 0.0859053497942387 0.0390946502057613 0.0457818930041152 0.0380658436213992 0.0133744855967078 0.0375514403292181 0.0334362139917695 0.0951646090534979 0.0540123456790123 0.0689300411522634 0.036522633744856 0.0385802469135802 0.0730452674897119 0.0817901234567901 0.0900205761316872 0.12962962962963 0.0900205761316872 0
