"carIns" "cheAbi" "cheMyd" "cheSer" "chrPic" "cuoMcc" "derCor" "derMaw" "emySub" "gopAga" "malTer" "mesTub" "pelCas" "pelSin" "plaMeg" "podExp" "terMex"
"carIns" 0 0.0549043800123381 0.0567550894509562 0.0530536705737199 0.0592227020357804 0.0598396051819864 0.0573719925971622 0.0623072177668106 0.067859346082665 0.0518198642813078 0.0512029611351018 0.0653917334978408 0.0690931523750771 0.0567550894509562 0.0980876002467613 0.067859346082665 0.0567550894509562
"cheAbi" 0.0549043800123381 0 0.0252930289944479 0.0277606415792721 0.027143738433066 0.0197409006785935 0.0314620604565083 0.0388648982109809 0.0493522516964837 0.012954966070327 0.0191239975323874 0.0493522516964837 0.0561381863047502 0.0438001233806292 0.0660086366440469 0.0586057988895743 0.0185070943861814
"cheMyd" 0.0567550894509562 0.0252930289944479 0 0.0240592227020358 0.0339296730413325 0.0289944478716841 0.0203578038247995 0.0326958667489204 0.0499691548426897 0.0289944478716841 0.027143738433066 0.0493522516964837 0.0567550894509562 0.0512029611351018 0.0697100555212832 0.0592227020357804 0.02652683528686
"cheSer" 0.0530536705737199 0.0277606415792721 0.0240592227020358 0 0.0351634793337446 0.0314620604565083 0.0277606415792721 0.0252930289944479 0.0487353485502776 0.0314620604565083 0.0283775447254781 0.0468846391116595 0.0530536705737199 0.0499691548426897 0.0721776681061073 0.0561381863047502 0.0289944478716841
"chrPic" 0.0592227020357804 0.027143738433066 0.0339296730413325 0.0351634793337446 0 0.0160394818013572 0.0394818013571869 0.0444170265268353 0.0555212831585441 0.0302282541640962 0.013571869216533 0.053670573719926 0.0629241209130167 0.0505860579888957 0.0746452806909315 0.0647748303516348 0.0172732880937693
"cuoMcc" 0.0598396051819864 0.0197409006785935 0.0289944478716841 0.0314620604565083 0.0160394818013572 0 0.0351634793337446 0.0394818013571869 0.0499691548426897 0.0222085132634176 0.0228254164096237 0.0530536705737199 0.0586057988895743 0.0524367674275139 0.067859346082665 0.0616903146206046 0.0185070943861814
"derCor" 0.0573719925971622 0.0314620604565083 0.0203578038247995 0.0277606415792721 0.0394818013571869 0.0351634793337446 0 0.0314620604565083 0.0518198642813078 0.0320789636027144 0.0308451573103023 0.0468846391116595 0.054287476866132 0.0512029611351018 0.0727945712523134 0.0579888957433683 0.0326958667489204
"derMaw" 0.0623072177668106 0.0388648982109809 0.0326958667489204 0.0252930289944479 0.0444170265268353 0.0394818013571869 0.0314620604565083 0 0.0518198642813078 0.040715607649599 0.0357803824799506 0.0512029611351018 0.053670573719926 0.0561381863047502 0.080814312152992 0.0610734114743985 0.0370141887723627
"emySub" 0.067859346082665 0.0493522516964837 0.0499691548426897 0.0487353485502776 0.0555212831585441 0.0499691548426897 0.0518198642813078 0.0518198642813078 0 0.054287476866132 0.0475015422578655 0.0197409006785935 0.0419494139420111 0.0561381863047502 0.0919185687847008 0.0444170265268353 0.0512029611351018
"gopAga" 0.0518198642813078 0.012954966070327 0.0289944478716841 0.0314620604565083 0.0302282541640962 0.0222085132634176 0.0320789636027144 0.040715607649599 0.054287476866132 0 0.0222085132634176 0.0530536705737199 0.0567550894509562 0.0462677359654534 0.0660086366440469 0.0592227020357804 0.0222085132634176
"malTer" 0.0512029611351018 0.0191239975323874 0.027143738433066 0.0283775447254781 0.013571869216533 0.0228254164096237 0.0308451573103023 0.0357803824799506 0.0475015422578655 0.0222085132634176 0 0.0450339296730413 0.0530536705737199 0.0425663170882171 0.067859346082665 0.0555212831585441 0.013571869216533
"mesTub" 0.0653917334978408 0.0493522516964837 0.0493522516964837 0.0468846391116595 0.053670573719926 0.0530536705737199 0.0468846391116595 0.0512029611351018 0.0197409006785935 0.0530536705737199 0.0450339296730413 0 0.0425663170882171 0.0549043800123381 0.0900678593460827 0.0444170265268353 0.0505860579888957
"pelCas" 0.0690931523750771 0.0561381863047502 0.0567550894509562 0.0530536705737199 0.0629241209130167 0.0586057988895743 0.054287476866132 0.053670573719926 0.0419494139420111 0.0567550894509562 0.0530536705737199 0.0425663170882171 0 0.0635410240592227 0.0968537939543492 0.0357803824799506 0.0579888957433683
"pelSin" 0.0567550894509562 0.0438001233806292 0.0512029611351018 0.0499691548426897 0.0505860579888957 0.0524367674275139 0.0512029611351018 0.0561381863047502 0.0561381863047502 0.0462677359654534 0.0425663170882171 0.0549043800123381 0.0635410240592227 0 0.0931523750771129 0.0629241209130167 0.0456508328192474
"plaMeg" 0.0980876002467613 0.0660086366440469 0.0697100555212832 0.0721776681061073 0.0746452806909315 0.067859346082665 0.0727945712523134 0.080814312152992 0.0919185687847008 0.0660086366440469 0.067859346082665 0.0900678593460827 0.0968537939543492 0.0931523750771129 0 0.0993214065391733 0.067859346082665
"podExp" 0.067859346082665 0.0586057988895743 0.0592227020357804 0.0561381863047502 0.0647748303516348 0.0616903146206046 0.0579888957433683 0.0610734114743985 0.0444170265268353 0.0592227020357804 0.0555212831585441 0.0444170265268353 0.0357803824799506 0.0629241209130167 0.0993214065391733 0 0.0616903146206046
"terMex" 0.0567550894509562 0.0185070943861814 0.02652683528686 0.0289944478716841 0.0172732880937693 0.0185070943861814 0.0326958667489204 0.0370141887723627 0.0512029611351018 0.0222085132634176 0.013571869216533 0.0505860579888957 0.0579888957433683 0.0456508328192474 0.067859346082665 0.0616903146206046 0
