"carIns" "cheAbi" "cheMyd" "chrPic" "derMaw" "emySub" "gopAga" "malTer" "mesTub" "pelCas" "pelSin" "plaMeg" "podExp" "terMex"
"carIns" 0 0.0952380952380952 0.0967498110355253 0.0891912320483749 0.168556311413454 0.129251700680272 0.0967498110355253 0.0891912320483749 0.140589569160998 0.1859410430839 0.219954648526077 0.09145880574452 0.195011337868481 0.0869236583522298
"cheAbi" 0.0952380952380952 0 0.0529100529100529 0.0249433106575964 0.132275132275132 0.0929705215419501 0.018140589569161 0.0234315948601663 0.108087679516251 0.165532879818594 0.217687074829932 0.0249433106575964 0.164021164021164 0.0347694633408919
"cheMyd" 0.0967498110355253 0.0529100529100529 0 0.0476190476190476 0.139077853363568 0.108843537414966 0.0604686318972033 0.0476190476190476 0.121693121693122 0.173091458805745 0.221466364323507 0.0498866213151927 0.177626606198035 0.0483749055177627
"chrPic" 0.0891912320483749 0.0249433106575964 0.0476190476190476 0 0.123960695389267 0.0876795162509448 0.0294784580498866 0.00755857898715042 0.102040816326531 0.164777021919879 0.212396069538927 0.018140589569161 0.166288737717309 0.0241874527588813
"derMaw" 0.168556311413454 0.132275132275132 0.139077853363568 0.123960695389267 0 0.158730158730159 0.136054421768707 0.126984126984127 0.167800453514739 0.232048374905518 0.242630385487528 0.126228269085412 0.188208616780045 0.137566137566138
"emySub" 0.129251700680272 0.0929705215419501 0.108843537414966 0.0876795162509448 0.158730158730159 0 0.0990173847316704 0.0884353741496599 0.0831443688586546 0.151171579743008 0.222978080120937 0.0884353741496599 0.151927437641723 0.0990173847316704
"gopAga" 0.0967498110355253 0.018140589569161 0.0604686318972033 0.0294784580498866 0.136054421768707 0.0990173847316704 0 0.0294784580498866 0.113378684807256 0.17384731670446 0.222978080120937 0.0294784580498866 0.173091458805745 0.0393046107331822
"malTer" 0.0891912320483749 0.0234315948601663 0.0476190476190476 0.00755857898715042 0.126984126984127 0.0884353741496599 0.0294784580498866 0 0.103552532123961 0.166288737717309 0.211640211640212 0.018140589569161 0.165532879818594 0.0241874527588813
"mesTub" 0.140589569160998 0.108087679516251 0.121693121693122 0.102040816326531 0.167800453514739 0.0831443688586546 0.113378684807256 0.103552532123961 0 0.169312169312169 0.246409674981104 0.102040816326531 0.171579743008314 0.114890400604686
"pelCas" 0.1859410430839 0.165532879818594 0.173091458805745 0.164777021919879 0.232048374905518 0.151171579743008 0.17384731670446 0.166288737717309 0.169312169312169 0 0.283446712018141 0.169312169312169 0.207105064247921 0.167044595616024
"pelSin" 0.219954648526077 0.217687074829932 0.221466364323507 0.212396069538927 0.242630385487528 0.222978080120937 0.222978080120937 0.211640211640212 0.246409674981104 0.283446712018141 0 0.209372637944067 0.263038548752834 0.213907785336357
"plaMeg" 0.09145880574452 0.0249433106575964 0.0498866213151927 0.018140589569161 0.126228269085412 0.0884353741496599 0.0294784580498866 0.018140589569161 0.102040816326531 0.169312169312169 0.209372637944067 0 0.165532879818594 0.0287226001511716
"podExp" 0.195011337868481 0.164021164021164 0.177626606198035 0.166288737717309 0.188208616780045 0.151927437641723 0.173091458805745 0.165532879818594 0.171579743008314 0.207105064247921 0.263038548752834 0.165532879818594 0 0.17535903250189
"terMex" 0.0869236583522298 0.0347694633408919 0.0483749055177627 0.0241874527588813 0.137566137566138 0.0990173847316704 0.0393046107331822 0.0241874527588813 0.114890400604686 0.167044595616024 0.213907785336357 0.0287226001511716 0.17535903250189 0
