"carIns" "cheMyd" "cheSer" "chrPic" "cuoMcc" "derCor" "derMaw" "emySub" "gopAga" "mesTub" "pelCas" "pelSin" "plaMeg" "podExp" "terMex"
"carIns" 0 0.153846153846154 0.0601398601398601 0.0629370629370629 0.0713286713286713 0.0685314685314685 0.0713286713286713 0.0657342657342657 0.0685314685314685 0.0601398601398601 0.0741258741258741 0.0629370629370629 0.0615384615384615 0.0811188811188811 0.0629370629370629
"cheMyd" 0.153846153846154 0 0.113286713286713 0.113286713286713 0.116083916083916 0.102097902097902 0.125874125874126 0.131468531468531 0.116083916083916 0.132867132867133 0.134265734265734 0.137062937062937 0.109090909090909 0.141258741258741 0.11048951048951
"cheSer" 0.0601398601398601 0.113286713286713 0 0.013986013986014 0.0181818181818182 0.0195804195804196 0.027972027972028 0.0391608391608392 0.0153846153846154 0.0433566433566434 0.0475524475524476 0.0559440559440559 0.0125874125874126 0.0573426573426573 0.0111888111888112
"chrPic" 0.0629370629370629 0.113286713286713 0.013986013986014 0 0.0167832167832168 0.0195804195804196 0.0251748251748252 0.0363636363636364 0.013986013986014 0.0433566433566434 0.0447552447552448 0.0531468531468531 0.00979020979020979 0.0559440559440559 0.0027972027972028
"cuoMcc" 0.0713286713286713 0.116083916083916 0.0181818181818182 0.0167832167832168 0 0.0237762237762238 0.0307692307692308 0.0447552447552448 0.0111888111888112 0.0475524475524476 0.0517482517482517 0.0587412587412587 0.0153846153846154 0.0587412587412587 0.013986013986014
"derCor" 0.0685314685314685 0.102097902097902 0.0195804195804196 0.0195804195804196 0.0237762237762238 0 0.0335664335664336 0.0433566433566434 0.0223776223776224 0.0461538461538462 0.0475524475524476 0.0531468531468531 0.0125874125874126 0.0545454545454545 0.0167832167832168
"derMaw" 0.0713286713286713 0.125874125874126 0.027972027972028 0.0251748251748252 0.0307692307692308 0.0335664335664336 0 0.0391608391608392 0.027972027972028 0.0517482517482517 0.0517482517482517 0.0615384615384615 0.0265734265734266 0.0671328671328671 0.0223776223776224
"emySub" 0.0657342657342657 0.131468531468531 0.0391608391608392 0.0363636363636364 0.0447552447552448 0.0433566433566434 0.0391608391608392 0 0.041958041958042 0.0293706293706294 0.0321678321678322 0.0615384615384615 0.0335664335664336 0.0475524475524476 0.0335664335664336
"gopAga" 0.0685314685314685 0.116083916083916 0.0153846153846154 0.013986013986014 0.0111888111888112 0.0223776223776224 0.027972027972028 0.041958041958042 0 0.0433566433566434 0.048951048951049 0.0587412587412587 0.0125874125874126 0.0587412587412587 0.0111888111888112
"mesTub" 0.0601398601398601 0.132867132867133 0.0433566433566434 0.0433566433566434 0.0475524475524476 0.0461538461538462 0.0517482517482517 0.0293706293706294 0.0433566433566434 0 0.041958041958042 0.0629370629370629 0.0391608391608392 0.0559440559440559 0.0405594405594406
"pelCas" 0.0741258741258741 0.134265734265734 0.0475524475524476 0.0447552447552448 0.0517482517482517 0.0475524475524476 0.0517482517482517 0.0321678321678322 0.048951048951049 0.041958041958042 0 0.0643356643356643 0.0405594405594406 0.0321678321678322 0.041958041958042
"pelSin" 0.0629370629370629 0.137062937062937 0.0559440559440559 0.0531468531468531 0.0587412587412587 0.0531468531468531 0.0615384615384615 0.0615384615384615 0.0587412587412587 0.0629370629370629 0.0643356643356643 0 0.048951048951049 0.0741258741258741 0.0531468531468531
"plaMeg" 0.0615384615384615 0.109090909090909 0.0125874125874126 0.00979020979020979 0.0153846153846154 0.0125874125874126 0.0265734265734266 0.0335664335664336 0.0125874125874126 0.0391608391608392 0.0405594405594406 0.048951048951049 0 0.0503496503496504 0.00699300699300699
"podExp" 0.0811188811188811 0.141258741258741 0.0573426573426573 0.0559440559440559 0.0587412587412587 0.0545454545454545 0.0671328671328671 0.0475524475524476 0.0587412587412587 0.0559440559440559 0.0321678321678322 0.0741258741258741 0.0503496503496504 0 0.0531468531468531
"terMex" 0.0629370629370629 0.11048951048951 0.0111888111888112 0.0027972027972028 0.013986013986014 0.0167832167832168 0.0223776223776224 0.0335664335664336 0.0111888111888112 0.0405594405594406 0.041958041958042 0.0531468531468531 0.00699300699300699 0.0531468531468531 0
