"carIns" "cheAbi" "cheMyd" "cheSer" "chrPic" "cuoAmb" "cuoMcc" "derCor" "derMaw" "emySub" "gopAga" "malTer" "mesTub" "pelCas" "pelSin" "podExp"
"carIns" 0 0.0882352941176471 0.0788013318534961 0.0843507214206437 0.072142064372919 0.0882352941176471 0.0854605993340733 0.0887902330743618 0.0782463928967814 0.0849056603773585 0.0788013318534961 0.0732519422863485 0.0882352941176471 0.097669256381798 0.104328523862375 0.0948945615982242
"cheAbi" 0.0882352941176471 0 0.0493895671476138 0.0405105438401776 0.03496115427303 0.0355160932297447 0.037180910099889 0.0493895671476138 0.0532741398446171 0.0593784683684795 0.0305216426193119 0.0355160932297447 0.0665926748057714 0.0732519422863485 0.113207547169811 0.0893451720310766
"cheMyd" 0.0788013318534961 0.0493895671476138 0 0.0394006659267481 0.0321864594894562 0.0443951165371809 0.0421753607103219 0.0266370699223085 0.0382907880133185 0.0543840177580466 0.03496115427303 0.0321864594894562 0.0660377358490566 0.0710321864594895 0.107658157602664 0.0732519422863485
"cheSer" 0.0843507214206437 0.0405105438401776 0.0394006659267481 0 0.0360710321864595 0.0382907880133185 0.0382907880133185 0.0421753607103219 0.0388457269700333 0.0549389567147614 0.0360710321864595 0.0355160932297447 0.0649278579356271 0.0688124306326304 0.112652608213097 0.0793562708102109
"chrPic" 0.072142064372919 0.03496115427303 0.0321864594894562 0.0360710321864595 0 0.0310765815760266 0.0299667036625971 0.0377358490566038 0.0338512763596004 0.051054384017758 0.0227524972253052 0.00499445061043285 0.060488346281909 0.0660377358490566 0.0993340732519423 0.0699223085460599
"cuoAmb" 0.0882352941176471 0.0355160932297447 0.0443951165371809 0.0382907880133185 0.0310765815760266 0 0.0199778024417314 0.0394006659267481 0.0460599334073252 0.0538290788013319 0.0299667036625971 0.0316315205327414 0.060488346281909 0.0671476137624861 0.11542730299667 0.0854605993340733
"cuoMcc" 0.0854605993340733 0.037180910099889 0.0421753607103219 0.0382907880133185 0.0299667036625971 0.0199778024417314 0 0.0394006659267481 0.0449500554938957 0.0543840177580466 0.0283018867924528 0.0305216426193119 0.0615982241953385 0.0671476137624861 0.114317425083241 0.0832408435072142
"derCor" 0.0887902330743618 0.0493895671476138 0.0266370699223085 0.0421753607103219 0.0377358490566038 0.0394006659267481 0.0394006659267481 0 0.0471698113207547 0.0566037735849057 0.0432852386237514 0.0377358490566038 0.0688124306326304 0.0749167591564928 0.117092119866815 0.0843507214206437
"derMaw" 0.0782463928967814 0.0532741398446171 0.0382907880133185 0.0388457269700333 0.0338512763596004 0.0460599334073252 0.0449500554938957 0.0471698113207547 0 0.0593784683684795 0.0394006659267481 0.0344062153163152 0.0699223085460599 0.074361820199778 0.108768035516093 0.0699223085460599
"emySub" 0.0849056603773585 0.0593784683684795 0.0543840177580466 0.0549389567147614 0.051054384017758 0.0538290788013319 0.0543840177580466 0.0566037735849057 0.0593784683684795 0 0.0560488346281909 0.0521642619311876 0.0405105438401776 0.0577136514983352 0.111542730299667 0.0677025527192009
"gopAga" 0.0788013318534961 0.0305216426193119 0.03496115427303 0.0360710321864595 0.0227524972253052 0.0299667036625971 0.0283018867924528 0.0432852386237514 0.0394006659267481 0.0560488346281909 0 0.0238623751387347 0.0660377358490566 0.0699223085460599 0.104328523862375 0.0765815760266371
"malTer" 0.0732519422863485 0.0355160932297447 0.0321864594894562 0.0355160932297447 0.00499445061043285 0.0316315205327414 0.0305216426193119 0.0377358490566038 0.0344062153163152 0.0521642619311876 0.0238623751387347 0 0.062708102108768 0.0677025527192009 0.0987791342952275 0.0704772475027747
"mesTub" 0.0882352941176471 0.0665926748057714 0.0660377358490566 0.0649278579356271 0.060488346281909 0.060488346281909 0.0615982241953385 0.0688124306326304 0.0699223085460599 0.0405105438401776 0.0660377358490566 0.062708102108768 0 0.0677025527192009 0.115982241953385 0.0754716981132075
"pelCas" 0.097669256381798 0.0732519422863485 0.0710321864594895 0.0688124306326304 0.0660377358490566 0.0671476137624861 0.0671476137624861 0.0749167591564928 0.074361820199778 0.0577136514983352 0.0699223085460599 0.0677025527192009 0.0677025527192009 0 0.126526082130966 0.0660377358490566
"pelSin" 0.104328523862375 0.113207547169811 0.107658157602664 0.112652608213097 0.0993340732519423 0.11542730299667 0.114317425083241 0.117092119866815 0.108768035516093 0.111542730299667 0.104328523862375 0.0987791342952275 0.115982241953385 0.126526082130966 0 0.125971143174251
"podExp" 0.0948945615982242 0.0893451720310766 0.0732519422863485 0.0793562708102109 0.0699223085460599 0.0854605993340733 0.0832408435072142 0.0843507214206437 0.0699223085460599 0.0677025527192009 0.0765815760266371 0.0704772475027747 0.0754716981132075 0.0660377358490566 0.125971143174251 0
