"cheMyd" "cheSer" "derMaw" "emySub" "gopAga" "mesTub" "pelCas" "pelSin" "plaMeg" "podExp" "terMex"
"cheMyd" 0 0.0267152398299939 0.0285367334547662 0.0522161505768063 0.0285367334547662 0.0528233151183971 0.0801457194899818 0.0631451123254402 0.021250758955677 0.066180935033394 0.156041287188828
"cheSer" 0.0267152398299939 0 0.0236794171220401 0.0522161505768063 0.0273224043715847 0.0522161505768063 0.079538554948391 0.0607164541590771 0.0218579234972678 0.0649666059502125 0.15725561627201
"derMaw" 0.0285367334547662 0.0236794171220401 0 0.0522161505768063 0.0303582270795386 0.050394656952034 0.0771098967820279 0.0595021250758956 0.0236794171220401 0.0655737704918033 0.155434122647237
"emySub" 0.0522161505768063 0.0522161505768063 0.0522161505768063 0 0.0516089860352155 0.0230722525804493 0.0722525804493018 0.0710382513661202 0.0473588342440801 0.0595021250758956 0.174256223436551
"gopAga" 0.0285367334547662 0.0273224043715847 0.0303582270795386 0.0516089860352155 0 0.0540376442015786 0.0807528840315726 0.0625379477838494 0.0163934426229508 0.0655737704918033 0.152398299939284
"mesTub" 0.0528233151183971 0.0522161505768063 0.050394656952034 0.0230722525804493 0.0540376442015786 0 0.0734669095324833 0.0686095931997571 0.0479659987856709 0.0588949605343048 0.176684881602914
"pelCas" 0.0801457194899818 0.079538554948391 0.0771098967820279 0.0722525804493018 0.0807528840315726 0.0734669095324833 0 0.0971463266545234 0.0765027322404372 0.0746812386156648 0.196114146933819
"pelSin" 0.0631451123254402 0.0607164541590771 0.0595021250758956 0.0710382513661202 0.0625379477838494 0.0686095931997571 0.0971463266545234 0 0.0564663023679417 0.0831815421979356 0.183970856102004
"plaMeg" 0.021250758955677 0.0218579234972678 0.0236794171220401 0.0473588342440801 0.0163934426229508 0.0479659987856709 0.0765027322404372 0.0564663023679417 0 0.0619307832422587 0.142683667273831
"podExp" 0.066180935033394 0.0649666059502125 0.0655737704918033 0.0595021250758956 0.0655737704918033 0.0588949605343048 0.0746812386156648 0.0831815421979356 0.0619307832422587 0 0.18882817243473
"terMex" 0.156041287188828 0.15725561627201 0.155434122647237 0.174256223436551 0.152398299939284 0.176684881602914 0.196114146933819 0.183970856102004 0.142683667273831 0.18882817243473 0
