"cheAbi" "cheMyd" "chrPic" "cuoMcc" "derMaw" "emySub" "gopAga" "malTer" "mesTub" "pelCas" "plaMeg" "podExp" "terMex"
"cheAbi" 0 0.0657818811309867 0.0323139065204847 0.110790536641662 0.06866705135603 0.0911713791113676 0.0190421234852856 0.0346220427005193 0.105020196191575 0.106751298326601 0.036930178880554 0.106174264281593 0.0300057703404501
"cheMyd" 0.0657818811309867 0 0.0553952683208309 0.142527409117138 0.0715522215810733 0.104443162146567 0.0652048470859781 0.053664166185805 0.113675706866705 0.117137911136757 0.0513560300057703 0.121754183496826 0.051933064050779
"chrPic" 0.0323139065204847 0.0553952683208309 0 0.114252740911714 0.0542412002308136 0.0830929024812464 0.033467974610502 0.00577034045008656 0.0946335833814195 0.0992498557414887 0.0248124639353722 0.0992498557414887 0.0115406809001731
"cuoMcc" 0.110790536641662 0.142527409117138 0.114252740911714 0 0.137911136757069 0.157530294287363 0.111944604731679 0.11598384304674 0.16330063473745 0.173110213502597 0.11598384304674 0.178880553952683 0.110790536641662
"derMaw" 0.06866705135603 0.0715522215810733 0.0542412002308136 0.137911136757069 0 0.0998268897864974 0.0698211194460473 0.0565493364108482 0.113675706866705 0.114252740911714 0.0571263704558569 0.114252740911714 0.0530871321407963
"emySub" 0.0911713791113676 0.104443162146567 0.0830929024812464 0.157530294287363 0.0998268897864974 0 0.0934795152914022 0.0807847663012118 0.0577034045008656 0.0842469705712637 0.0830929024812464 0.0859780727062897 0.0813618003462204
"gopAga" 0.0190421234852856 0.0652048470859781 0.033467974610502 0.111944604731679 0.0698211194460473 0.0934795152914022 0 0.0357761107905366 0.107905366416619 0.110790536641662 0.0386612810155799 0.109059434506636 0.0311598384304674
"malTer" 0.0346220427005193 0.053664166185805 0.00577034045008656 0.11598384304674 0.0565493364108482 0.0807847663012118 0.0357761107905366 0 0.0934795152914022 0.0986728216964801 0.0248124639353722 0.0998268897864974 0.0126947489901904
"mesTub" 0.105020196191575 0.113675706866705 0.0946335833814195 0.16330063473745 0.113675706866705 0.0577034045008656 0.107905366416619 0.0934795152914022 0 0.0963646855164455 0.0975187536064628 0.0998268897864974 0.0934795152914022
"pelCas" 0.106751298326601 0.117137911136757 0.0992498557414887 0.173110213502597 0.114252740911714 0.0842469705712637 0.110790536641662 0.0986728216964801 0.0963646855164455 0 0.102135025966532 0.0755914598961339 0.0957876514714368
"plaMeg" 0.036930178880554 0.0513560300057703 0.0248124639353722 0.11598384304674 0.0571263704558569 0.0830929024812464 0.0386612810155799 0.0248124639353722 0.0975187536064628 0.102135025966532 0 0.102712060011541 0.0196191575302943
"podExp" 0.106174264281593 0.121754183496826 0.0992498557414887 0.178880553952683 0.114252740911714 0.0859780727062897 0.109059434506636 0.0998268897864974 0.0998268897864974 0.0755914598961339 0.102712060011541 0 0.0975187536064628
"terMex" 0.0300057703404501 0.051933064050779 0.0115406809001731 0.110790536641662 0.0530871321407963 0.0813618003462204 0.0311598384304674 0.0126947489901904 0.0934795152914022 0.0957876514714368 0.0196191575302943 0.0975187536064628 0
