"carIns" "cheAbi" "cheMyd" "cheSer" "chrPic" "cuoMcc" "derMaw" "emySub" "gopAga" "malTer" "pelCas" "pelSin" "podExp" "terMex"
"carIns" 0 0.0442773600668337 0.0434419381787803 0.0434419381787803 0.0467836257309941 0.0559732664995823 0.0551378446115288 0.0969089390142022 0.0484544695071011 0.0434419381787803 0.051796157059315 0.051796157059315 0.0584795321637427 0.12280701754386
"cheAbi" 0.0442773600668337 0 0.0192147034252297 0.0150375939849624 0.0142021720969089 0.0167084377610693 0.0325814536340852 0.0827067669172932 0.0075187969924812 0.0116959064327485 0.0392648287385129 0.0392648287385129 0.0451127819548872 0.0935672514619883
"cheMyd" 0.0434419381787803 0.0192147034252297 0 0.0150375939849624 0.0217209690893901 0.0275689223057644 0.0309106098579783 0.0818713450292398 0.0242272347535505 0.0192147034252297 0.0384294068504595 0.0409356725146199 0.0476190476190476 0.102756892230576
"cheSer" 0.0434419381787803 0.0150375939849624 0.0150375939849624 0 0.0167084377610693 0.0233918128654971 0.0242272347535505 0.0818713450292398 0.0183792815371763 0.0158730158730159 0.0334168755221387 0.0342522974101921 0.0426065162907268 0.0952380952380952
"chrPic" 0.0467836257309941 0.0142021720969089 0.0217209690893901 0.0167084377610693 0 0.0242272347535505 0.0359231411862991 0.0868838763575606 0.0175438596491228 0.00584795321637427 0.0401002506265664 0.0442773600668337 0.0467836257309941 0.0918964076858814
"cuoMcc" 0.0559732664995823 0.0167084377610693 0.0275689223057644 0.0233918128654971 0.0242272347535505 0 0.0426065162907268 0.0960735171261487 0.0208855472013367 0.0233918128654971 0.0476190476190476 0.0509607351712615 0.0534670008354219 0.0994152046783626
"derMaw" 0.0551378446115288 0.0325814536340852 0.0309106098579783 0.0242272347535505 0.0359231411862991 0.0426065162907268 0 0.0935672514619883 0.037593984962406 0.0317460317460317 0.0459482038429407 0.0484544695071011 0.0601503759398496 0.111111111111111
"emySub" 0.0969089390142022 0.0827067669172932 0.0818713450292398 0.0818713450292398 0.0868838763575606 0.0960735171261487 0.0935672514619883 0 0.0885547201336675 0.0843776106934002 0.0827067669172932 0.0985797827903091 0.0969089390142022 0.143692564745196
"gopAga" 0.0484544695071011 0.0075187969924812 0.0242272347535505 0.0183792815371763 0.0175438596491228 0.0208855472013367 0.037593984962406 0.0885547201336675 0 0.0167084377610693 0.0417710944026733 0.0417710944026733 0.0459482038429407 0.0977443609022556
"malTer" 0.0434419381787803 0.0116959064327485 0.0192147034252297 0.0158730158730159 0.00584795321637427 0.0233918128654971 0.0317460317460317 0.0843776106934002 0.0167084377610693 0 0.037593984962406 0.0409356725146199 0.0451127819548872 0.0918964076858814
"pelCas" 0.051796157059315 0.0392648287385129 0.0384294068504595 0.0334168755221387 0.0401002506265664 0.0476190476190476 0.0459482038429407 0.0827067669172932 0.0417710944026733 0.037593984962406 0 0.0543024227234754 0.0350877192982456 0.115288220551378
"pelSin" 0.051796157059315 0.0392648287385129 0.0409356725146199 0.0342522974101921 0.0442773600668337 0.0509607351712615 0.0484544695071011 0.0985797827903091 0.0417710944026733 0.0409356725146199 0.0543024227234754 0 0.06265664160401 0.119465329991646
"podExp" 0.0584795321637427 0.0451127819548872 0.0476190476190476 0.0426065162907268 0.0467836257309941 0.0534670008354219 0.0601503759398496 0.0969089390142022 0.0459482038429407 0.0451127819548872 0.0350877192982456 0.06265664160401 0 0.118629908103592
"terMex" 0.12280701754386 0.0935672514619883 0.102756892230576 0.0952380952380952 0.0918964076858814 0.0994152046783626 0.111111111111111 0.143692564745196 0.0977443609022556 0.0918964076858814 0.115288220551378 0.119465329991646 0.118629908103592 0
