"carIns" "cheAbi" "cheMyd" "cheSer" "chrPic" "cuoAmb" "cuoMcc" "derCor" "derMaw" "emySub" "gopAga" "malTer" "mesTub" "pelSin" "plaMeg" "podExp"
"carIns" 0 0.112060778727445 0.113960113960114 0.113485280151947 0.10968660968661 0.108262108262108 0.106837606837607 0.113485280151947 0.129154795821462 0.140075973409307 0.108262108262108 0.10968660968661 0.13627730294397 0.153846153846154 0.10636277302944 0.153371320037987
"cheAbi" 0.112060778727445 0 0.047008547008547 0.0484330484330484 0.0379867046533713 0.0246913580246914 0.0223171889838557 0.053656220322887 0.0726495726495727 0.0982905982905983 0.0180436847103514 0.0360873694207028 0.097340930674264 0.150047483380817 0.033713200379867 0.114434947768281
"cheMyd" 0.113960113960114 0.047008547008547 0 0.037037037037037 0.047008547008547 0.0465337132003799 0.0422602089268756 0.0246913580246914 0.0688509021842355 0.0887939221272555 0.0427350427350427 0.0455840455840456 0.0897435897435897 0.149097815764482 0.0413105413105413 0.110636277302944
"cheSer" 0.113485280151947 0.0484330484330484 0.037037037037037 0 0.0422602089268756 0.0446343779677113 0.0422602089268756 0.0451092117758784 0.0565052231718898 0.0949667616334283 0.0455840455840456 0.040360873694207 0.0935422602089269 0.143399810066477 0.0398860398860399 0.111585944919278
"chrPic" 0.10968660968661 0.0379867046533713 0.047008547008547 0.0422602089268756 0 0.0346628679962013 0.0322886989553656 0.050332383665717 0.0641025641025641 0.0954415954415954 0.0332383665716999 0.00949667616334283 0.0916429249762583 0.140550807217474 0.0280151946818613 0.110161443494777
"cuoAmb" 0.108262108262108 0.0246913580246914 0.0465337132003799 0.0446343779677113 0.0346628679962013 0 0.00617283950617284 0.0522317188983856 0.0698005698005698 0.0963912630579297 0.0194681861348528 0.0327635327635328 0.0959164292497626 0.141025641025641 0.0313390313390313 0.110161443494777
"cuoMcc" 0.106837606837607 0.0223171889838557 0.0422602089268756 0.0422602089268756 0.0322886989553656 0.00617283950617284 0 0.0489078822412156 0.0683760683760684 0.0925925925925926 0.0189933523266857 0.0294396961063628 0.0911680911680912 0.141500474833808 0.0289648622981956 0.10968660968661
"derCor" 0.113485280151947 0.053656220322887 0.0246913580246914 0.0451092117758784 0.050332383665717 0.0522317188983856 0.0489078822412156 0 0.0731244064577398 0.0968660968660969 0.0512820512820513 0.0489078822412156 0.097340930674264 0.152421652421652 0.0460588793922127 0.119183285849953
"derMaw" 0.129154795821462 0.0726495726495727 0.0688509021842355 0.0565052231718898 0.0641025641025641 0.0698005698005698 0.0683760683760684 0.0731244064577398 0 0.111111111111111 0.0702754036087369 0.0650522317188984 0.111111111111111 0.15622032288699 0.063627730294397 0.12962962962963
"emySub" 0.140075973409307 0.0982905982905983 0.0887939221272555 0.0949667616334283 0.0954415954415954 0.0963912630579297 0.0925925925925926 0.0968660968660969 0.111111111111111 0 0.0954415954415954 0.0949667616334283 0.050332383665717 0.173789173789174 0.0925925925925926 0.101139601139601
"gopAga" 0.108262108262108 0.0180436847103514 0.0427350427350427 0.0455840455840456 0.0332383665716999 0.0194681861348528 0.0189933523266857 0.0512820512820513 0.0702754036087369 0.0954415954415954 0 0.0313390313390313 0.0954415954415954 0.147198480531814 0.0280151946818613 0.112060778727445
"malTer" 0.10968660968661 0.0360873694207028 0.0455840455840456 0.040360873694207 0.00949667616334283 0.0327635327635328 0.0294396961063628 0.0489078822412156 0.0650522317188984 0.0949667616334283 0.0313390313390313 0 0.0925925925925926 0.143399810066477 0.0270655270655271 0.113485280151947
"mesTub" 0.13627730294397 0.097340930674264 0.0897435897435897 0.0935422602089269 0.0916429249762583 0.0959164292497626 0.0911680911680912 0.097340930674264 0.111111111111111 0.050332383665717 0.0954415954415954 0.0925925925925926 0 0.172364672364672 0.0925925925925926 0.0949667616334283
"pelSin" 0.153846153846154 0.150047483380817 0.149097815764482 0.143399810066477 0.140550807217474 0.141025641025641 0.141500474833808 0.152421652421652 0.15622032288699 0.173789173789174 0.147198480531814 0.143399810066477 0.172364672364672 0 0.137226970560304 0.178062678062678
"plaMeg" 0.10636277302944 0.033713200379867 0.0413105413105413 0.0398860398860399 0.0280151946818613 0.0313390313390313 0.0289648622981956 0.0460588793922127 0.063627730294397 0.0925925925925926 0.0280151946818613 0.0270655270655271 0.0925925925925926 0.137226970560304 0 0.110636277302944
"podExp" 0.153371320037987 0.114434947768281 0.110636277302944 0.111585944919278 0.110161443494777 0.110161443494777 0.10968660968661 0.119183285849953 0.12962962962963 0.101139601139601 0.112060778727445 0.113485280151947 0.0949667616334283 0.178062678062678 0.110636277302944 0
