"carIns" "cheAbi" "cheMyd" "cheSer" "chrPic" "cuoAmb" "cuoMcc" "derCor" "derMaw" "emySub" "gopAga" "malTer" "mesTub" "pelCas" "pelSin" "plaMeg" "podExp" "terMex"
"carIns" 0 0.126591230551627 0.128712871287129 0.131541725601132 0.230551626591231 0.137199434229137 0.125176803394625 0.355728429985856 0.137199434229137 0.143564356435644 0.315417256011315 0.166902404526167 0.159123055162659 0.158415841584158 0.14002828854314 0.121640735502122 0.162659123055163 0.122347949080622
"cheAbi" 0.126591230551627 0 0.0311173974540311 0.0318246110325318 0.16973125884017 0.0572842998585573 0.0155586987270156 0.300565770862801 0.0388967468175389 0.0707213578500707 0.234794908062235 0.0735502121640736 0.0827439886845827 0.0827439886845827 0.0756718528995757 0.0226308345120226 0.0876944837340877 0.0212164073550212
"cheMyd" 0.128712871287129 0.0311173974540311 0 0.0275813295615276 0.17963224893918 0.0685997171145686 0.028995756718529 0.28995756718529 0.0367751060820368 0.0693069306930693 0.246817538896747 0.0792079207920792 0.0813295615275813 0.0841584158415842 0.0756718528995757 0.024045261669024 0.0891089108910891 0.0254596888260255
"cheSer" 0.131541725601132 0.0318246110325318 0.0275813295615276 0 0.178217821782178 0.0685997171145686 0.0297029702970297 0.298444130127298 0.0311173974540311 0.0707213578500707 0.248231966053748 0.0799151343705799 0.0813295615275813 0.0848656294200849 0.0756718528995757 0.0254596888260255 0.0862800565770863 0.0254596888260255
"chrPic" 0.230551626591231 0.16973125884017 0.17963224893918 0.178217821782178 0 0.178217821782178 0.169024045261669 0.447666195190948 0.188826025459689 0.196605374823197 0.382602545968883 0.21004243281471 0.211456859971711 0.206506364922207 0.207920792079208 0.167609618104668 0.221357850070721 0.161244695898161
"cuoAmb" 0.137199434229137 0.0572842998585573 0.0685997171145686 0.0685997171145686 0.178217821782178 0 0.0445544554455446 0.341584158415842 0.0763790664780764 0.103253182461103 0.275813295615276 0.113154172560113 0.117397454031117 0.11951909476662 0.107496463932108 0.057991513437058 0.125884016973126 0.057991513437058
"cuoMcc" 0.125176803394625 0.0155586987270156 0.028995756718529 0.0297029702970297 0.169024045261669 0.0445544554455446 0 0.301272984441301 0.0374823196605375 0.0678925035360679 0.234794908062235 0.0728429985855728 0.0792079207920792 0.082036775106082 0.0728429985855728 0.0190947666195191 0.0862800565770863 0.0176803394625177
"derCor" 0.355728429985856 0.300565770862801 0.28995756718529 0.298444130127298 0.447666195190948 0.341584158415842 0.301272984441301 0 0.301980198019802 0.32036775106082 0.343705799151344 0.314002828854314 0.323903818953324 0.333097595473833 0.324611032531825 0.298444130127298 0.333097595473833 0.295615275813296
"derMaw" 0.137199434229137 0.0388967468175389 0.0367751060820368 0.0311173974540311 0.188826025459689 0.0763790664780764 0.0374823196605375 0.301980198019802 0 0.0792079207920792 0.253182461103253 0.0876944837340877 0.0905233380480905 0.0884016973125884 0.0827439886845827 0.0339462517680339 0.0926449787835926 0.0339462517680339
"emySub" 0.143564356435644 0.0707213578500707 0.0693069306930693 0.0707213578500707 0.196605374823197 0.103253182461103 0.0678925035360679 0.32036775106082 0.0792079207920792 0 0.268033946251768 0.114568599717115 0.0438472418670438 0.0636492220650637 0.101838755304102 0.0657708628005658 0.07001414427157 0.0657708628005658
"gopAga" 0.315417256011315 0.234794908062235 0.246817538896747 0.248231966053748 0.382602545968883 0.275813295615276 0.234794908062235 0.343705799151344 0.253182461103253 0.268033946251768 0 0.251060820367751 0.277934936350778 0.273691654879774 0.276520509193777 0.23974540311174 0.277934936350778 0.239038189533239
"malTer" 0.166902404526167 0.0735502121640736 0.0792079207920792 0.0799151343705799 0.21004243281471 0.113154172560113 0.0728429985855728 0.314002828854314 0.0876944837340877 0.114568599717115 0.251060820367751 0 0.12022630834512 0.124469589816124 0.116690240452617 0.0685997171145686 0.128712871287129 0.0636492220650637
"mesTub" 0.159123055162659 0.0827439886845827 0.0813295615275813 0.0813295615275813 0.211456859971711 0.117397454031117 0.0792079207920792 0.323903818953324 0.0905233380480905 0.0438472418670438 0.277934936350778 0.12022630834512 0 0.0785007072135785 0.11032531824611 0.0770862800565771 0.0841584158415842 0.0777934936350778
"pelCas" 0.158415841584158 0.0827439886845827 0.0841584158415842 0.0848656294200849 0.206506364922207 0.11951909476662 0.082036775106082 0.333097595473833 0.0884016973125884 0.0636492220650637 0.273691654879774 0.124469589816124 0.0785007072135785 0 0.111032531824611 0.0799151343705799 0.0615275813295615 0.0799151343705799
"pelSin" 0.14002828854314 0.0756718528995757 0.0756718528995757 0.0756718528995757 0.207920792079208 0.107496463932108 0.0728429985855728 0.324611032531825 0.0827439886845827 0.101838755304102 0.276520509193777 0.116690240452617 0.11032531824611 0.111032531824611 0 0.07001414427157 0.113861386138614 0.0707213578500707
"plaMeg" 0.121640735502122 0.0226308345120226 0.024045261669024 0.0254596888260255 0.167609618104668 0.057991513437058 0.0190947666195191 0.298444130127298 0.0339462517680339 0.0657708628005658 0.23974540311174 0.0685997171145686 0.0770862800565771 0.0799151343705799 0.07001414427157 0 0.0834512022630834 0.0141442715700141
"podExp" 0.162659123055163 0.0876944837340877 0.0891089108910891 0.0862800565770863 0.221357850070721 0.125884016973126 0.0862800565770863 0.333097595473833 0.0926449787835926 0.07001414427157 0.277934936350778 0.128712871287129 0.0841584158415842 0.0615275813295615 0.113861386138614 0.0834512022630834 0 0.0827439886845827
"terMex" 0.122347949080622 0.0212164073550212 0.0254596888260255 0.0254596888260255 0.161244695898161 0.057991513437058 0.0176803394625177 0.295615275813296 0.0339462517680339 0.0657708628005658 0.239038189533239 0.0636492220650637 0.0777934936350778 0.0799151343705799 0.0707213578500707 0.0141442715700141 0.0827439886845827 0
