"carIns" "cheAbi" "cheMyd" "cheSer" "chrPic" "cuoAmb" "cuoMcc" "derMaw" "emySub" "gopAga" "malTer" "mesTub" "pelCas" "pelSin" "podExp" "terMex"
"carIns" 0 0.0617864338482203 0.0617864338482203 0.0658159838817999 0.0644728005372733 0.0631296171927468 0.0638012088650101 0.0685023505708529 0.0779046339825386 0.0638012088650101 0.0779046339825386 0.0819341840161182 0.0926796507723304 0.0819341840161182 0.0899932840832774 0.0826057756883815
"cheAbi" 0.0617864338482203 0 0.0369375419744795 0.0443250503693754 0.0248488918737408 0.0241773002014775 0.022834116856951 0.0503693754197448 0.0591000671591672 0.0161182001343183 0.0362659503022163 0.0664875755540631 0.0846205507051713 0.0752182672934856 0.0792478173270652 0.0463398253861652
"cheMyd" 0.0617864338482203 0.0369375419744795 0 0.0369375419744795 0.0335795836131632 0.035594358629953 0.035594358629953 0.0423102753525856 0.0604432505036938 0.0335795836131632 0.0449966420416387 0.0658159838817999 0.0819341840161182 0.0678307588985897 0.0785762256548019 0.0530557421087978
"cheSer" 0.0658159838817999 0.0443250503693754 0.0369375419744795 0 0.0396239086635326 0.0423102753525856 0.0416386836803224 0.0436534586971122 0.0691739422431162 0.0416386836803224 0.0517125587642713 0.0758898589657488 0.0906648757555406 0.0705171255876427 0.0873069173942243 0.0557421087978509
"chrPic" 0.0644728005372733 0.0248488918737408 0.0335795836131632 0.0396239086635326 0 0.0221625251846877 0.0208193418401612 0.045668233713902 0.0617864338482203 0.0208193418401612 0.0221625251846877 0.0671591672263264 0.0852921423774345 0.073875083948959 0.083948959032908 0.0308932169241101
"cuoAmb" 0.0631296171927468 0.0241773002014775 0.035594358629953 0.0423102753525856 0.0221625251846877 0 0.0073875083948959 0.0476830087306917 0.0604432505036938 0.0194761584956347 0.0362659503022163 0.0658159838817999 0.0832773673606447 0.0779046339825386 0.0832773673606447 0.0436534586971122
"cuoMcc" 0.0638012088650101 0.022834116856951 0.035594358629953 0.0416386836803224 0.0208193418401612 0.0073875083948959 0 0.0476830087306917 0.061114842175957 0.0181329751511081 0.0349227669576897 0.0671591672263264 0.083948959032908 0.0758898589657488 0.0832773673606447 0.0423102753525856
"derMaw" 0.0685023505708529 0.0503693754197448 0.0423102753525856 0.0436534586971122 0.045668233713902 0.0476830087306917 0.0476830087306917 0 0.0745466756212223 0.0490261920752183 0.0564137004701142 0.0799194089993284 0.094022834116857 0.0772330423102753 0.0893216924110141 0.0617864338482203
"emySub" 0.0779046339825386 0.0591000671591672 0.0604432505036938 0.0691739422431162 0.0617864338482203 0.0604432505036938 0.061114842175957 0.0745466756212223 0 0.0591000671591672 0.0758898589657488 0.0288784419073203 0.0577568838146407 0.0913364674278039 0.0557421087978509 0.0805910006715917
"gopAga" 0.0638012088650101 0.0161182001343183 0.0335795836131632 0.0416386836803224 0.0208193418401612 0.0194761584956347 0.0181329751511081 0.0490261920752183 0.0591000671591672 0 0.0349227669576897 0.0658159838817999 0.0852921423774345 0.0732034922766958 0.0826057756883815 0.0409670920080591
"malTer" 0.0779046339825386 0.0362659503022163 0.0449966420416387 0.0517125587642713 0.0221625251846877 0.0362659503022163 0.0349227669576897 0.0564137004701142 0.0758898589657488 0.0349227669576897 0 0.0812625923438549 0.100067159167226 0.0852921423774345 0.09670920080591 0.0443250503693754
"mesTub" 0.0819341840161182 0.0664875755540631 0.0658159838817999 0.0758898589657488 0.0671591672263264 0.0658159838817999 0.0671591672263264 0.0799194089993284 0.0288784419073203 0.0658159838817999 0.0812625923438549 0 0.0651443922095366 0.09670920080591 0.0624580255204835 0.0832773673606447
"pelCas" 0.0926796507723304 0.0846205507051713 0.0819341840161182 0.0906648757555406 0.0852921423774345 0.0832773673606447 0.083948959032908 0.094022834116857 0.0577568838146407 0.0852921423774345 0.100067159167226 0.0651443922095366 0 0.106111484217596 0.0564137004701142 0.101410342511753
"pelSin" 0.0819341840161182 0.0752182672934856 0.0678307588985897 0.0705171255876427 0.073875083948959 0.0779046339825386 0.0758898589657488 0.0772330423102753 0.0913364674278039 0.0732034922766958 0.0852921423774345 0.09670920080591 0.106111484217596 0 0.0987239758226998 0.0799194089993284
"podExp" 0.0899932840832774 0.0792478173270652 0.0785762256548019 0.0873069173942243 0.083948959032908 0.0832773673606447 0.0832773673606447 0.0893216924110141 0.0557421087978509 0.0826057756883815 0.09670920080591 0.0624580255204835 0.0564137004701142 0.0987239758226998 0 0.100067159167226
"terMex" 0.0826057756883815 0.0463398253861652 0.0530557421087978 0.0557421087978509 0.0308932169241101 0.0436534586971122 0.0423102753525856 0.0617864338482203 0.0805910006715917 0.0409670920080591 0.0443250503693754 0.0832773673606447 0.101410342511753 0.0799194089993284 0.100067159167226 0
