"carIns" "cheAbi" "cheMyd" "cheSer" "chrPic" "cuoAmb" "cuoMcc" "derCor" "derMaw" "emySub" "gopAga" "malTer" "mesTub" "pelCas" "pelSin" "plaMeg" "podExp" "terMex"
"carIns" 0 0.0878995433789954 0.0644977168949772 0.0742009132420091 0.0850456621004566 0.0679223744292237 0.0667808219178082 0.0958904109589041 0.0759132420091324 0.08162100456621 0.0736301369863014 0.0839041095890411 0.0787671232876712 0.0873287671232877 0.0799086757990868 0.0656392694063927 0.101598173515982 0.0702054794520548
"cheAbi" 0.0878995433789954 0 0.0473744292237443 0.0462328767123288 0.0262557077625571 0.033675799086758 0.0342465753424658 0.069634703196347 0.0593607305936073 0.0799086757990868 0.0393835616438356 0.0251141552511416 0.0776255707762557 0.089041095890411 0.0781963470319635 0.0393835616438356 0.0930365296803653 0.0399543378995434
"cheMyd" 0.0644977168949772 0.0473744292237443 0 0.0251141552511416 0.0450913242009132 0.0273972602739726 0.0273972602739726 0.047945205479452 0.0308219178082192 0.0547945205479452 0.0353881278538813 0.04337899543379 0.0525114155251142 0.0605022831050228 0.0605022831050228 0.0234018264840183 0.0747716894977169 0.0268264840182648
"cheSer" 0.0742009132420091 0.0462328767123288 0.0251141552511416 0 0.0462328767123288 0.0273972602739726 0.0273972602739726 0.0605022831050228 0.0382420091324201 0.0570776255707763 0.0365296803652968 0.04337899543379 0.0565068493150685 0.067351598173516 0.0610730593607306 0.0256849315068493 0.079337899543379 0.0279680365296804
"chrPic" 0.0850456621004566 0.0262557077625571 0.0450913242009132 0.0462328767123288 0 0.0376712328767123 0.0382420091324201 0.0702054794520548 0.0542237442922374 0.0759132420091324 0.047945205479452 0.00856164383561644 0.0730593607305936 0.079337899543379 0.0736301369863014 0.033675799086758 0.0907534246575342 0.0268264840182648
"cuoAmb" 0.0679223744292237 0.033675799086758 0.0273972602739726 0.0273972602739726 0.0376712328767123 0 0.0045662100456621 0.0599315068493151 0.0376712328767123 0.0570776255707763 0.0211187214611872 0.0376712328767123 0.0542237442922374 0.0656392694063927 0.0587899543378995 0.0188356164383562 0.0730593607305936 0.0205479452054795
"cuoMcc" 0.0667808219178082 0.0342465753424658 0.0273972602739726 0.0273972602739726 0.0382420091324201 0.0045662100456621 0 0.0610730593607306 0.0382420091324201 0.0582191780821918 0.0211187214611872 0.0382420091324201 0.055365296803653 0.0667808219178082 0.057648401826484 0.0188356164383562 0.0742009132420091 0.0205479452054795
"derCor" 0.0958904109589041 0.069634703196347 0.047945205479452 0.0605022831050228 0.0702054794520548 0.0599315068493151 0.0610730593607306 0 0.067351598173516 0.0884703196347032 0.0679223744292237 0.067351598173516 0.0878995433789954 0.093607305936073 0.0861872146118721 0.0599315068493151 0.101598173515982 0.0633561643835616
"derMaw" 0.0759132420091324 0.0593607305936073 0.0308219178082192 0.0382420091324201 0.0542237442922374 0.0376712328767123 0.0382420091324201 0.067351598173516 0 0.0593607305936073 0.0468036529680365 0.0525114155251142 0.0605022831050228 0.0667808219178082 0.0639269406392694 0.035958904109589 0.0759132420091324 0.0382420091324201
"emySub" 0.08162100456621 0.0799086757990868 0.0547945205479452 0.0570776255707763 0.0759132420091324 0.0570776255707763 0.0582191780821918 0.0884703196347032 0.0593607305936073 0 0.0650684931506849 0.0747716894977169 0.0285388127853881 0.0542237442922374 0.0764840182648402 0.0525114155251142 0.0724885844748858 0.0582191780821918
"gopAga" 0.0736301369863014 0.0393835616438356 0.0353881278538813 0.0365296803652968 0.047945205479452 0.0211187214611872 0.0211187214611872 0.0679223744292237 0.0468036529680365 0.0650684931506849 0 0.0468036529680365 0.0644977168949772 0.0713470319634703 0.0644977168949772 0.0273972602739726 0.0839041095890411 0.0291095890410959
"malTer" 0.0839041095890411 0.0251141552511416 0.04337899543379 0.04337899543379 0.00856164383561644 0.0376712328767123 0.0382420091324201 0.067351598173516 0.0525114155251142 0.0747716894977169 0.0468036529680365 0 0.0719178082191781 0.0810502283105023 0.0707762557077626 0.0319634703196347 0.0907534246575342 0.0251141552511416
"mesTub" 0.0787671232876712 0.0776255707762557 0.0525114155251142 0.0565068493150685 0.0730593607305936 0.0542237442922374 0.055365296803653 0.0878995433789954 0.0605022831050228 0.0285388127853881 0.0644977168949772 0.0719178082191781 0 0.0513698630136986 0.0804794520547945 0.0513698630136986 0.0667808219178082 0.0547945205479452
"pelCas" 0.0873287671232877 0.089041095890411 0.0605022831050228 0.067351598173516 0.079337899543379 0.0656392694063927 0.0667808219178082 0.093607305936073 0.0667808219178082 0.0542237442922374 0.0713470319634703 0.0810502283105023 0.0513698630136986 0 0.079337899543379 0.0639269406392694 0.0547945205479452 0.0650684931506849
"pelSin" 0.0799086757990868 0.0781963470319635 0.0605022831050228 0.0610730593607306 0.0736301369863014 0.0587899543378995 0.057648401826484 0.0861872146118721 0.0639269406392694 0.0764840182648402 0.0644977168949772 0.0707762557077626 0.0804794520547945 0.079337899543379 0 0.0570776255707763 0.0924657534246575 0.0605022831050228
"plaMeg" 0.0656392694063927 0.0393835616438356 0.0234018264840183 0.0256849315068493 0.033675799086758 0.0188356164383562 0.0188356164383562 0.0599315068493151 0.035958904109589 0.0525114155251142 0.0273972602739726 0.0319634703196347 0.0513698630136986 0.0639269406392694 0.0570776255707763 0 0.077054794520548 0.0159817351598174
"podExp" 0.101598173515982 0.0930365296803653 0.0747716894977169 0.079337899543379 0.0907534246575342 0.0730593607305936 0.0742009132420091 0.101598173515982 0.0759132420091324 0.0724885844748858 0.0839041095890411 0.0907534246575342 0.0667808219178082 0.0547945205479452 0.0924657534246575 0.077054794520548 0 0.0747716894977169
"terMex" 0.0702054794520548 0.0399543378995434 0.0268264840182648 0.0279680365296804 0.0268264840182648 0.0205479452054795 0.0205479452054795 0.0633561643835616 0.0382420091324201 0.0582191780821918 0.0291095890410959 0.0251141552511416 0.0547945205479452 0.0650684931506849 0.0605022831050228 0.0159817351598174 0.0747716894977169 0
