"carIns" "cheAbi" "cheMyd" "cheSer" "chrPic" "cuoAmb" "cuoMcc" "derMaw" "emySub" "gopAga" "malTer" "mesTub" "pelCas" "pelSin" "plaMeg" "podExp" "terMex"
"carIns" 0 0.0507065669160432 0.0448877805486284 0.0448877805486284 0.0448877805486284 0.0448877805486284 0.0465502909393184 0.0490440565253533 0.0490440565253533 0.0465502909393184 0.0457190357439734 0.0473815461346633 0.0532003325020781 0.056525353283458 0.0440565253532835 0.0590191188694929 0.0423940149625935
"cheAbi" 0.0507065669160432 0 0.0241064006650042 0.0216126350789692 0.0199501246882793 0.0133000831255195 0.00997506234413965 0.0315876974231089 0.0332502078137988 0.0133000831255195 0.0224438902743142 0.0324189526184539 0.0407315045719036 0.0532003325020781 0.0191188694929343 0.0448877805486284 0.0157938487115544
"cheMyd" 0.0448877805486284 0.0241064006650042 0 0.0174563591022444 0.0191188694929343 0.0199501246882793 0.0182876142975894 0.0216126350789692 0.0307564422277639 0.0182876142975894 0.0216126350789692 0.029093931837074 0.0332502078137988 0.0465502909393184 0.0166251039068994 0.0365752285951787 0.0149625935162095
"cheSer" 0.0448877805486284 0.0216126350789692 0.0174563591022444 0 0.0124688279301746 0.0191188694929343 0.0157938487115544 0.0199501246882793 0.0307564422277639 0.0157938487115544 0.0133000831255195 0.028262676641729 0.0357439733998337 0.0457190357439734 0.0141313383208645 0.0407315045719036 0.0108063175394846
"chrPic" 0.0448877805486284 0.0199501246882793 0.0191188694929343 0.0124688279301746 0 0.0174563591022444 0.0141313383208645 0.0207813798836243 0.029925187032419 0.0124688279301746 0.00249376558603491 0.029925187032419 0.0365752285951787 0.0440565253532835 0.0108063175394846 0.0407315045719036 0.0058187863674148
"cuoAmb" 0.0448877805486284 0.0133000831255195 0.0199501246882793 0.0191188694929343 0.0174563591022444 0 0.00498753117206983 0.0249376558603491 0.0257689110556941 0.00831255195344971 0.0199501246882793 0.0266001662510391 0.0349127182044888 0.0465502909393184 0.0133000831255195 0.0349127182044888 0.0133000831255195
"cuoMcc" 0.0465502909393184 0.00997506234413965 0.0182876142975894 0.0157938487115544 0.0141313383208645 0.00498753117206983 0 0.0249376558603491 0.0266001662510391 0.00665004156275977 0.0166251039068994 0.0266001662510391 0.0349127182044888 0.0457190357439734 0.0133000831255195 0.0365752285951787 0.00997506234413965
"derMaw" 0.0490440565253533 0.0315876974231089 0.0216126350789692 0.0199501246882793 0.0207813798836243 0.0249376558603491 0.0249376558603491 0 0.0374064837905237 0.0232751454696592 0.0232751454696592 0.0340814630091438 0.0399002493765586 0.0473815461346633 0.0216126350789692 0.0465502909393184 0.0199501246882793
"emySub" 0.0490440565253533 0.0332502078137988 0.0307564422277639 0.0307564422277639 0.029925187032419 0.0257689110556941 0.0266001662510391 0.0374064837905237 0 0.027431421446384 0.0324189526184539 0.0157938487115544 0.029925187032419 0.0482128013300083 0.0257689110556941 0.0332502078137988 0.0257689110556941
"gopAga" 0.0465502909393184 0.0133000831255195 0.0182876142975894 0.0157938487115544 0.0124688279301746 0.00831255195344971 0.00665004156275977 0.0232751454696592 0.027431421446384 0 0.0149625935162095 0.027431421446384 0.0374064837905237 0.0473815461346633 0.0133000831255195 0.0382377389858687 0.00997506234413965
"malTer" 0.0457190357439734 0.0224438902743142 0.0216126350789692 0.0133000831255195 0.00249376558603491 0.0199501246882793 0.0166251039068994 0.0232751454696592 0.0324189526184539 0.0149625935162095 0 0.0324189526184539 0.0390689941812136 0.0465502909393184 0.0133000831255195 0.0432252701579385 0.00831255195344971
"mesTub" 0.0473815461346633 0.0324189526184539 0.029093931837074 0.028262676641729 0.029925187032419 0.0266001662510391 0.0266001662510391 0.0340814630091438 0.0157938487115544 0.027431421446384 0.0324189526184539 0 0.0307564422277639 0.0490440565253533 0.0266001662510391 0.0357439733998337 0.0257689110556941
"pelCas" 0.0532003325020781 0.0407315045719036 0.0332502078137988 0.0357439733998337 0.0365752285951787 0.0349127182044888 0.0349127182044888 0.0399002493765586 0.029925187032419 0.0374064837905237 0.0390689941812136 0.0307564422277639 0 0.0523690773067332 0.0340814630091438 0.0266001662510391 0.0340814630091438
"pelSin" 0.056525353283458 0.0532003325020781 0.0465502909393184 0.0457190357439734 0.0440565253532835 0.0465502909393184 0.0457190357439734 0.0473815461346633 0.0482128013300083 0.0473815461346633 0.0465502909393184 0.0490440565253533 0.0523690773067332 0 0.0432252701579385 0.0590191188694929 0.0432252701579385
"plaMeg" 0.0440565253532835 0.0191188694929343 0.0166251039068994 0.0141313383208645 0.0108063175394846 0.0133000831255195 0.0133000831255195 0.0216126350789692 0.0257689110556941 0.0133000831255195 0.0133000831255195 0.0266001662510391 0.0340814630091438 0.0432252701579385 0 0.0365752285951787 0.00665004156275977
"podExp" 0.0590191188694929 0.0448877805486284 0.0365752285951787 0.0407315045719036 0.0407315045719036 0.0349127182044888 0.0365752285951787 0.0465502909393184 0.0332502078137988 0.0382377389858687 0.0432252701579385 0.0357439733998337 0.0266001662510391 0.0590191188694929 0.0365752285951787 0 0.0365752285951787
"terMex" 0.0423940149625935 0.0157938487115544 0.0149625935162095 0.0108063175394846 0.0058187863674148 0.0133000831255195 0.00997506234413965 0.0199501246882793 0.0257689110556941 0.00997506234413965 0.00831255195344971 0.0257689110556941 0.0340814630091438 0.0432252701579385 0.00665004156275977 0.0365752285951787 0
