"carIns" "cheAbi" "cheMyd" "cheSer" "chrPic" "cuoAmb" "cuoMcc" "derCor" "derMaw" "emySub" "gopAga" "malTer" "mesTub" "plaMeg" "podExp" "terMex"
"carIns" 0 0.11124922311995 0.108763206960845 0.121814791796147 0.132380360472343 0.0988191423244251 0.100683654443754 0.106898694841516 0.106898694841516 0.164698570540709 0.110627719080174 0.103169670602859 0.118085767557489 0.0981976382846488 0.132380360472343 0.103169670602859
"cheAbi" 0.11124922311995 0 0.0403977625854568 0.0739589807333748 0.0857675574891237 0.0478558110627719 0.0503418272218769 0.0671224362958359 0.074580484773151 0.144810441267868 0.0596643878185208 0.057799875699192 0.093847110006215 0.055313859540087 0.111870727159727 0.057799875699192
"cheMyd" 0.108763206960845 0.0403977625854568 0 0.0658794282162834 0.0857675574891237 0.0540708514605345 0.055313859540087 0.0522063393412057 0.0658794282162834 0.142945929148539 0.069608452454941 0.0571783716594158 0.0926041019266625 0.0540708514605345 0.106898694841516 0.0565568676196395
"cheSer" 0.121814791796147 0.0739589807333748 0.0658794282162834 0 0.0894965817277812 0.0615288999378496 0.0615288999378496 0.0646364201367309 0.0683654443753884 0.147296457426973 0.0733374766935985 0.0615288999378496 0.0994406463642014 0.057799875699192 0.110627719080174 0.0615288999378496
"chrPic" 0.132380360472343 0.0857675574891237 0.0857675574891237 0.0894965817277812 0 0.0490988191423244 0.0497203231821007 0.0565568676196395 0.0665009322560597 0.142324425108763 0.0658794282162834 0.0329397141081417 0.100062150403978 0.0447482908638906 0.110006215040398 0.0372902423865755
"cuoAmb" 0.0988191423244251 0.0478558110627719 0.0540708514605345 0.0615288999378496 0.0490988191423244 0 0.00497203231821007 0.0279676817899316 0.038533250466128 0.111870727159727 0.0304536979490367 0.0198881292728403 0.069608452454941 0.0161591050341827 0.0776880049720323 0.0174021131137352
"cuoMcc" 0.100683654443754 0.0503418272218769 0.055313859540087 0.0615288999378496 0.0497203231821007 0.00497203231821007 0 0.0292106898694842 0.0391547545059043 0.113113735239279 0.0316967060285892 0.0211311373523928 0.0708514605344935 0.0174021131137352 0.0789310130515848 0.0186451211932878
"derCor" 0.106898694841516 0.0671224362958359 0.0522063393412057 0.0646364201367309 0.0565568676196395 0.0279676817899316 0.0292106898694842 0 0.0416407706650093 0.114978247358608 0.0447482908638906 0.0285891858297079 0.0739589807333748 0.0242386575512741 0.0776880049720323 0.0279676817899316
"derMaw" 0.106898694841516 0.074580484773151 0.0658794282162834 0.0683654443753884 0.0665009322560597 0.038533250466128 0.0391547545059043 0.0416407706650093 0 0.125543816034804 0.057799875699192 0.0379117464263518 0.0814170292106899 0.0348042262274705 0.0907395898073338 0.0372902423865755
"emySub" 0.164698570540709 0.144810441267868 0.142945929148539 0.147296457426973 0.142324425108763 0.111870727159727 0.113113735239279 0.114978247358608 0.125543816034804 0 0.131137352392791 0.113735239279055 0.0950901180857676 0.111870727159727 0.111870727159727 0.113113735239279
"gopAga" 0.110627719080174 0.0596643878185208 0.069608452454941 0.0733374766935985 0.0658794282162834 0.0304536979490367 0.0316967060285892 0.0447482908638906 0.057799875699192 0.131137352392791 0 0.0391547545059043 0.0820385332504661 0.0366687383467993 0.0944686140459913 0.0379117464263518
"malTer" 0.103169670602859 0.057799875699192 0.0571783716594158 0.0615288999378496 0.0329397141081417 0.0198881292728403 0.0211311373523928 0.0285891858297079 0.0379117464263518 0.113735239279055 0.0391547545059043 0 0.0714729645742697 0.0155376009944065 0.0801740211311373 0.00807955251709136
"mesTub" 0.118085767557489 0.093847110006215 0.0926041019266625 0.0994406463642014 0.100062150403978 0.069608452454941 0.0708514605344935 0.0739589807333748 0.0814170292106899 0.0950901180857676 0.0820385332504661 0.0714729645742697 0 0.0689869484151647 0.0783095090118086 0.0708514605344935
"plaMeg" 0.0981976382846488 0.055313859540087 0.0540708514605345 0.057799875699192 0.0447482908638906 0.0161591050341827 0.0174021131137352 0.0242386575512741 0.0348042262274705 0.111870727159727 0.0366687383467993 0.0155376009944065 0.0689869484151647 0 0.0758234928527035 0.0136730888750777
"podExp" 0.132380360472343 0.111870727159727 0.106898694841516 0.110627719080174 0.110006215040398 0.0776880049720323 0.0789310130515848 0.0776880049720323 0.0907395898073338 0.111870727159727 0.0944686140459913 0.0801740211311373 0.0783095090118086 0.0758234928527035 0 0.0807955251709136
"terMex" 0.103169670602859 0.057799875699192 0.0565568676196395 0.0615288999378496 0.0372902423865755 0.0174021131137352 0.0186451211932878 0.0279676817899316 0.0372902423865755 0.113113735239279 0.0379117464263518 0.00807955251709136 0.0708514605344935 0.0136730888750777 0.0807955251709136 0
