"carIns" "cheAbi" "cheMyd" "chrPic" "cuoAmb" "cuoMcc" "derCor" "derMaw" "emySub" "gopAga" "malTer" "mesTub" "pelCas" "pelSin" "plaMeg" "podExp" "terMex"
"carIns" 0 0.0441070137382502 0.0947216196673897 0.0412147505422994 0.13882863340564 0.0404916847433116 0.0404916847433116 0.0455531453362256 0.0513376717281273 0.0448300795372379 0.0715835140997831 0.052060737527115 0.059291395516992 0.0961677512653651 0.0404916847433116 0.0600144613159798 0.0441070137382502
"cheAbi" 0.0441070137382502 0 0.0730296456977585 0.012292118582791 0.112798264642082 0.0101229211858279 0.0180766449746927 0.0267534345625452 0.0332610267534346 0.0093998553868402 0.0455531453362256 0.0339840925524223 0.0368763557483731 0.0874909616775126 0.0108459869848156 0.046999276934201 0.0159074475777296
"cheMyd" 0.0947216196673897 0.0730296456977585 0 0.0665220535068691 0.128705712219812 0.064352856109906 0.0650759219088937 0.0744757772957339 0.0845986984815618 0.0715835140997831 0.100506146059291 0.086767895878525 0.0954446854663774 0.099060014461316 0.0679681851048445 0.100506146059291 0.06941431670282
"chrPic" 0.0412147505422994 0.012292118582791 0.0665220535068691 0 0.11352133044107 0.00795372378886479 0.0159074475777296 0.0209689081706435 0.0303687635574837 0.0130151843817787 0.0368763557483731 0.0310918293564714 0.0404916847433116 0.086767895878525 0.0101229211858279 0.0491684743311641 0.00795372378886479
"cuoAmb" 0.13882863340564 0.112798264642082 0.128705712219812 0.11352133044107 0 0.107013738250181 0.119305856832972 0.125090383224873 0.131597975415763 0.114967462039046 0.117136659436009 0.133044107013738 0.140997830802603 0.147505422993492 0.114967462039046 0.149674620390456 0.115690527838033
"cuoMcc" 0.0404916847433116 0.0101229211858279 0.064352856109906 0.00795372378886479 0.107013738250181 0 0.0137382501807664 0.0195227765726681 0.0274765003615329 0.0093998553868402 0.0419378163412871 0.029645697758496 0.0390455531453362 0.0860448300795372 0.0093998553868402 0.0477223427331887 0.0101229211858279
"derCor" 0.0404916847433116 0.0180766449746927 0.0650759219088937 0.0159074475777296 0.119305856832972 0.0137382501807664 0 0.0216919739696312 0.0289226319595083 0.0187997107736804 0.0498915401301518 0.0310918293564714 0.0390455531453362 0.086767895878525 0.0137382501807664 0.0477223427331887 0.0180766449746927
"derMaw" 0.0455531453362256 0.0267534345625452 0.0744757772957339 0.0209689081706435 0.125090383224873 0.0195227765726681 0.0216919739696312 0 0.0361532899493854 0.0245842371655821 0.0549530007230658 0.0383224873463485 0.0462762111352133 0.0903832248734635 0.0224150397686189 0.0556760665220535 0.0224150397686189
"emySub" 0.0513376717281273 0.0332610267534346 0.0845986984815618 0.0303687635574837 0.131597975415763 0.0274765003615329 0.0289226319595083 0.0361532899493854 0 0.0339840925524223 0.064352856109906 0.00723065798987708 0.0310918293564714 0.0961677512653651 0.029645697758496 0.0361532899493854 0.0325379609544469
"gopAga" 0.0448300795372379 0.0093998553868402 0.0715835140997831 0.0130151843817787 0.114967462039046 0.0093998553868402 0.0187997107736804 0.0245842371655821 0.0339840925524223 0 0.046999276934201 0.0361532899493854 0.0419378163412871 0.0889370932754881 0.0115690527838033 0.0491684743311641 0.0151843817787419
"malTer" 0.0715835140997831 0.0455531453362256 0.100506146059291 0.0368763557483731 0.117136659436009 0.0419378163412871 0.0498915401301518 0.0549530007230658 0.064352856109906 0.046999276934201 0 0.0650759219088937 0.0737527114967462 0.119305856832972 0.0441070137382502 0.0831525668835864 0.0419378163412871
"mesTub" 0.052060737527115 0.0339840925524223 0.086767895878525 0.0310918293564714 0.133044107013738 0.029645697758496 0.0310918293564714 0.0383224873463485 0.00723065798987708 0.0361532899493854 0.0650759219088937 0 0.0303687635574837 0.0961677512653651 0.0318148951554591 0.0368763557483731 0.03470715835141
"pelCas" 0.059291395516992 0.0368763557483731 0.0954446854663774 0.0404916847433116 0.140997830802603 0.0390455531453362 0.0390455531453362 0.0462762111352133 0.0310918293564714 0.0419378163412871 0.0737527114967462 0.0303687635574837 0 0.101952277657267 0.0390455531453362 0.0397686189443239 0.0412147505422994
"pelSin" 0.0961677512653651 0.0874909616775126 0.099060014461316 0.086767895878525 0.147505422993492 0.0860448300795372 0.086767895878525 0.0903832248734635 0.0961677512653651 0.0889370932754881 0.119305856832972 0.0961677512653651 0.101952277657267 0 0.0853217642805495 0.108459869848156 0.0860448300795372
"plaMeg" 0.0404916847433116 0.0108459869848156 0.0679681851048445 0.0101229211858279 0.114967462039046 0.0093998553868402 0.0137382501807664 0.0224150397686189 0.029645697758496 0.0115690527838033 0.0441070137382502 0.0318148951554591 0.0390455531453362 0.0853217642805495 0 0.046999276934201 0.012292118582791
"podExp" 0.0600144613159798 0.046999276934201 0.100506146059291 0.0491684743311641 0.149674620390456 0.0477223427331887 0.0477223427331887 0.0556760665220535 0.0361532899493854 0.0491684743311641 0.0831525668835864 0.0368763557483731 0.0397686189443239 0.108459869848156 0.046999276934201 0 0.0513376717281273
"terMex" 0.0441070137382502 0.0159074475777296 0.06941431670282 0.00795372378886479 0.115690527838033 0.0101229211858279 0.0180766449746927 0.0224150397686189 0.0325379609544469 0.0151843817787419 0.0419378163412871 0.03470715835141 0.0412147505422994 0.0860448300795372 0.012292118582791 0.0513376717281273 0
