"carIns" "cheAbi" "cheMyd" "cheSer" "chrPic" "cuoAmb" "cuoMcc" "derCor" "derMaw" "gopAga" "malTer" "mesTub" "pelCas" "pelSin" "plaMeg" "podExp"
"carIns" 0 0.0403120936280884 0.0481144343302991 0.0377113133940182 0.0344603381014304 0.0370611183355007 0.0383615084525358 0.0377113133940182 0.0429128738621586 0.0403120936280884 0.0338101430429129 0.0448634590377113 0.0533159947984395 0.046814044213264 0.0357607282184655 0.0572171651495449
"cheAbi" 0.0403120936280884 0 0.0331599479843953 0.0208062418725618 0.0208062418725618 0.0136540962288687 0.0136540962288687 0.0208062418725618 0.0260078023407022 0.0130039011703511 0.0201560468140442 0.035110533159948 0.0396618985695709 0.0396618985695709 0.0182054616384915 0.046814044213264
"cheMyd" 0.0481144343302991 0.0331599479843953 0 0.023407022106632 0.0266579973992198 0.02925877763329 0.02925877763329 0.0188556566970091 0.0299089726918075 0.0318595578673602 0.0273081924577373 0.040962288686606 0.0461638491547464 0.0429128738621586 0.0240572171651495 0.0520156046814044
"cheSer" 0.0377113133940182 0.0208062418725618 0.023407022106632 0 0.0123537061118336 0.017555266579974 0.0162548764629389 0.0123537061118336 0.017555266579974 0.0182054616384915 0.0130039011703511 0.0299089726918075 0.0338101430429129 0.0390117035110533 0.0110533159947984 0.0403120936280884
"chrPic" 0.0344603381014304 0.0208062418725618 0.0266579973992198 0.0123537061118336 0 0.0169050715214564 0.0156046814044213 0.0156046814044213 0.0201560468140442 0.0162548764629389 0.00325097529258778 0.0273081924577373 0.0325097529258778 0.0357607282184655 0.00910273081924577 0.040962288686606
"cuoAmb" 0.0370611183355007 0.0136540962288687 0.02925877763329 0.017555266579974 0.0169050715214564 0 0.00260078023407022 0.0169050715214564 0.0253576072821847 0.00975292587776333 0.0162548764629389 0.02925877763329 0.0344603381014304 0.0383615084525358 0.011703511053316 0.0416124837451235
"cuoMcc" 0.0383615084525358 0.0136540962288687 0.02925877763329 0.0162548764629389 0.0156046814044213 0.00260078023407022 0 0.0169050715214564 0.0240572171651495 0.00845253576072822 0.0149544863459038 0.02925877763329 0.0357607282184655 0.0396618985695709 0.0104031209362809 0.0429128738621586
"derCor" 0.0377113133940182 0.0208062418725618 0.0188556566970091 0.0123537061118336 0.0156046814044213 0.0169050715214564 0.0169050715214564 0 0.0201560468140442 0.0195058517555267 0.0149544863459038 0.0299089726918075 0.035110533159948 0.0396618985695709 0.011703511053316 0.0416124837451235
"derMaw" 0.0429128738621586 0.0260078023407022 0.0299089726918075 0.017555266579974 0.0201560468140442 0.0253576072821847 0.0240572171651495 0.0201560468140442 0 0.0227568270481144 0.0208062418725618 0.0370611183355007 0.0403120936280884 0.0455136540962289 0.0188556566970091 0.0435630689206762
"gopAga" 0.0403120936280884 0.0130039011703511 0.0318595578673602 0.0182054616384915 0.0162548764629389 0.00975292587776333 0.00845253576072822 0.0195058517555267 0.0227568270481144 0 0.0169050715214564 0.0318595578673602 0.0357607282184655 0.0403120936280884 0.0136540962288687 0.0442132639791938
"malTer" 0.0338101430429129 0.0201560468140442 0.0273081924577373 0.0130039011703511 0.00325097529258778 0.0162548764629389 0.0149544863459038 0.0149544863459038 0.0208062418725618 0.0169050715214564 0 0.0279583875162549 0.0344603381014304 0.0390117035110533 0.00845253576072822 0.0416124837451235
"mesTub" 0.0448634590377113 0.035110533159948 0.040962288686606 0.0299089726918075 0.0273081924577373 0.02925877763329 0.02925877763329 0.0299089726918075 0.0370611183355007 0.0318595578673602 0.0279583875162549 0 0.0305591677503251 0.0429128738621586 0.0273081924577373 0.0370611183355007
"pelCas" 0.0533159947984395 0.0396618985695709 0.0461638491547464 0.0338101430429129 0.0325097529258778 0.0344603381014304 0.0357607282184655 0.035110533159948 0.0403120936280884 0.0357607282184655 0.0344603381014304 0.0305591677503251 0 0.052665799739922 0.0312093628088427 0.0273081924577373
"pelSin" 0.046814044213264 0.0396618985695709 0.0429128738621586 0.0390117035110533 0.0357607282184655 0.0383615084525358 0.0396618985695709 0.0396618985695709 0.0455136540962289 0.0403120936280884 0.0390117035110533 0.0429128738621586 0.052665799739922 0 0.0370611183355007 0.0591677503250975
"plaMeg" 0.0357607282184655 0.0182054616384915 0.0240572171651495 0.0110533159947984 0.00910273081924577 0.011703511053316 0.0104031209362809 0.011703511053316 0.0188556566970091 0.0136540962288687 0.00845253576072822 0.0273081924577373 0.0312093628088427 0.0370611183355007 0 0.0396618985695709
"podExp" 0.0572171651495449 0.046814044213264 0.0520156046814044 0.0403120936280884 0.040962288686606 0.0416124837451235 0.0429128738621586 0.0416124837451235 0.0435630689206762 0.0442132639791938 0.0416124837451235 0.0370611183355007 0.0273081924577373 0.0591677503250975 0.0396618985695709 0
