"carIns" "cheAbi" "cheMyd" "cheSer" "chrPic" "cuoAmb" "cuoMcc" "derCor" "derMaw" "emySub" "gopAga" "malTer" "mesTub" "pelCas" "pelSin" "plaMeg" "podExp" "terMex"
"carIns" 0 0.0783758262511804 0.10576015108593 0.0802644003777148 0.0812086874409821 0.0698772426817753 0.0698772426817753 0.0812086874409821 0.0821529745042493 0.0868744098205855 0.101038715769594 0.0717658168083097 0.097261567516525 0.0925401322001889 0.072710103871577 0.0717658168083097 0.0878186968838527 0.0745986779981114
"cheAbi" 0.0783758262511804 0 0.068932955618508 0.0358829084041549 0.0311614730878187 0.016052880075543 0.0141643059490085 0.0368271954674221 0.0358829084041549 0.0623229461756374 0.0472143531633617 0.0217186024551464 0.0717658168083097 0.0745986779981114 0.0642115203021719 0.0207743153918791 0.0755429650613787 0.0245514636449481
"cheMyd" 0.10576015108593 0.068932955618508 0 0.0661000944287063 0.0613786591123702 0.0613786591123702 0.0594900849858357 0.0509915014164306 0.0670443814919736 0.0915958451369216 0.0925401322001889 0.0613786591123702 0.103871576959396 0.111425873465534 0.0897072710103872 0.0594900849858357 0.0982058545797923 0.0585457979225685
"cheSer" 0.0802644003777148 0.0358829084041549 0.0661000944287063 0 0.0377714825306893 0.0273843248347498 0.0254957507082153 0.0321057601510859 0.0358829084041549 0.0623229461756374 0.0623229461756374 0.0273843248347498 0.0736543909348442 0.0802644003777148 0.0698772426817753 0.0254957507082153 0.0774315391879131 0.0292728989612842
"chrPic" 0.0812086874409821 0.0311614730878187 0.0613786591123702 0.0377714825306893 0 0.0226628895184136 0.0207743153918791 0.0368271954674221 0.0396600566572238 0.0651558073654391 0.0576015108593012 0.0132200188857413 0.0755429650613787 0.0802644003777148 0.0642115203021719 0.0217186024551464 0.0736543909348442 0.0198300283286119
"cuoAmb" 0.0698772426817753 0.016052880075543 0.0613786591123702 0.0273843248347498 0.0226628895184136 0 0.00377714825306893 0.028328611898017 0.0292728989612842 0.0557129367327668 0.0424929178470255 0.0132200188857413 0.0651558073654391 0.0698772426817753 0.0557129367327668 0.012275731822474 0.068932955618508 0.016052880075543
"cuoMcc" 0.0698772426817753 0.0141643059490085 0.0594900849858357 0.0254957507082153 0.0207743153918791 0.00377714825306893 0 0.0264400377714825 0.0273843248347498 0.0538243626062323 0.040604343720491 0.0113314447592068 0.0632672332389046 0.0679886685552408 0.0557129367327668 0.0103871576959396 0.0670443814919736 0.0141643059490085
"derCor" 0.0812086874409821 0.0368271954674221 0.0509915014164306 0.0321057601510859 0.0368271954674221 0.028328611898017 0.0264400377714825 0 0.0377714825306893 0.0651558073654391 0.0585457979225685 0.0292728989612842 0.0717658168083097 0.0802644003777148 0.0698772426817753 0.0245514636449481 0.0764872521246459 0.0292728989612842
"derMaw" 0.0821529745042493 0.0358829084041549 0.0670443814919736 0.0358829084041549 0.0396600566572238 0.0292728989612842 0.0273843248347498 0.0377714825306893 0 0.0594900849858357 0.0613786591123702 0.0302171860245515 0.0745986779981114 0.0764872521246459 0.0661000944287063 0.0292728989612842 0.0698772426817753 0.0321057601510859
"emySub" 0.0868744098205855 0.0623229461756374 0.0915958451369216 0.0623229461756374 0.0651558073654391 0.0557129367327668 0.0538243626062323 0.0651558073654391 0.0594900849858357 0 0.0840415486307838 0.0576015108593012 0.0396600566572238 0.0623229461756374 0.0774315391879131 0.0528800755429651 0.0613786591123702 0.0576015108593012
"gopAga" 0.101038715769594 0.0472143531633617 0.0925401322001889 0.0623229461756374 0.0576015108593012 0.0424929178470255 0.040604343720491 0.0585457979225685 0.0613786591123702 0.0840415486307838 0 0.0481586402266289 0.0953729933899906 0.0991501416430595 0.0887629839471199 0.0434372049102927 0.097261567516525 0.0509915014164306
"malTer" 0.0717658168083097 0.0217186024551464 0.0613786591123702 0.0273843248347498 0.0132200188857413 0.0132200188857413 0.0113314447592068 0.0292728989612842 0.0302171860245515 0.0576015108593012 0.0481586402266289 0 0.0679886685552408 0.0736543909348442 0.0576015108593012 0.012275731822474 0.0698772426817753 0.0084985835694051
"mesTub" 0.097261567516525 0.0717658168083097 0.103871576959396 0.0736543909348442 0.0755429650613787 0.0651558073654391 0.0632672332389046 0.0717658168083097 0.0745986779981114 0.0396600566572238 0.0953729933899906 0.0679886685552408 0 0.0774315391879131 0.0887629839471199 0.0632672332389046 0.0708215297450425 0.068932955618508
"pelCas" 0.0925401322001889 0.0745986779981114 0.111425873465534 0.0802644003777148 0.0802644003777148 0.0698772426817753 0.0679886685552408 0.0802644003777148 0.0764872521246459 0.0623229461756374 0.0991501416430595 0.0736543909348442 0.0774315391879131 0 0.0859301227573182 0.072710103871577 0.0632672332389046 0.0755429650613787
"pelSin" 0.072710103871577 0.0642115203021719 0.0897072710103872 0.0698772426817753 0.0642115203021719 0.0557129367327668 0.0557129367327668 0.0698772426817753 0.0661000944287063 0.0774315391879131 0.0887629839471199 0.0576015108593012 0.0887629839471199 0.0859301227573182 0 0.0585457979225685 0.0821529745042493 0.0604343720491029
"plaMeg" 0.0717658168083097 0.0207743153918791 0.0594900849858357 0.0254957507082153 0.0217186024551464 0.012275731822474 0.0103871576959396 0.0245514636449481 0.0292728989612842 0.0528800755429651 0.0434372049102927 0.012275731822474 0.0632672332389046 0.072710103871577 0.0585457979225685 0 0.068932955618508 0.0132200188857413
"podExp" 0.0878186968838527 0.0755429650613787 0.0982058545797923 0.0774315391879131 0.0736543909348442 0.068932955618508 0.0670443814919736 0.0764872521246459 0.0698772426817753 0.0613786591123702 0.097261567516525 0.0698772426817753 0.0708215297450425 0.0632672332389046 0.0821529745042493 0.068932955618508 0 0.0717658168083097
"terMex" 0.0745986779981114 0.0245514636449481 0.0585457979225685 0.0292728989612842 0.0198300283286119 0.016052880075543 0.0141643059490085 0.0292728989612842 0.0321057601510859 0.0576015108593012 0.0509915014164306 0.0084985835694051 0.068932955618508 0.0755429650613787 0.0604343720491029 0.0132200188857413 0.0717658168083097 0
