"carIns" "cheAbi" "cheMyd" "cheSer" "chrPic" "cuoAmb" "cuoMcc" "derCor" "derMaw" "emySub" "gopAga" "malTer" "mesTub" "pelCas" "pelSin" "plaMeg" "podExp" "terMex"
"carIns" 0 0.0950545921644187 0.079961464354528 0.081888246628131 0.0992292870905588 0.0806037251123956 0.0789980732177264 0.188824662813102 0.0956968529222865 0.0899165061014772 0.0908798972382787 0.0854206807964033 0.125561978163134 0.106936416184971 0.0850995504174695 0.0854206807964033 0.109826589595376 0.0789980732177264
"cheAbi" 0.0950545921644187 0 0.0494540783558125 0.0497752087347463 0.0622992935131663 0.0324341682723186 0.0327552986512524 0.167630057803468 0.0603725112395633 0.0764290301862556 0.0340398201669878 0.0475272960822094 0.113680154142582 0.0947334617854849 0.0825305073859987 0.0449582530507386 0.0956968529222865 0.0401412973667309
"cheMyd" 0.079961464354528 0.0494540783558125 0 0.0279383429672447 0.0533076429030186 0.0330764290301863 0.0317919075144509 0.141618497109827 0.0427103403982017 0.0613359023763648 0.0481695568400771 0.0401412973667309 0.0963391136801541 0.0796403339755941 0.0664739884393064 0.0359666024405909 0.0838150289017341 0.0308285163776493
"cheSer" 0.081888246628131 0.0497752087347463 0.0279383429672447 0 0.0529865125240848 0.0333975594091201 0.0321130378933847 0.148683365446371 0.037893384714194 0.0616570327552987 0.0472061657032755 0.0394990366088632 0.0969813744380218 0.0825305073859987 0.0690430314707771 0.033718689788054 0.0863840719332049 0.0311496467565832
"chrPic" 0.0992292870905588 0.0622992935131663 0.0533076429030186 0.0529865125240848 0 0.0468850353243417 0.0468850353243417 0.153500321130379 0.0642260757867694 0.079961464354528 0.0613359023763648 0.0407835581245986 0.0979447655748234 0.0982658959537572 0.0889531149646757 0.0459216441875401 0.102440590879897 0.0366088631984586
"cuoAmb" 0.0806037251123956 0.0324341682723186 0.0330764290301863 0.0333975594091201 0.0468850353243417 0 0.00449582530507386 0.152858060372511 0.0443159922928709 0.0635838150289017 0.0317919075144509 0.0324341682723186 0.100513808606294 0.0831727681438664 0.0700064226075787 0.0279383429672447 0.0844572896596018 0.0228002569043031
"cuoMcc" 0.0789980732177264 0.0327552986512524 0.0317919075144509 0.0321130378933847 0.0468850353243417 0.00449582530507386 0 0.15189466923571 0.0449582530507386 0.062941554271034 0.0317919075144509 0.0330764290301863 0.0998715478484265 0.081888246628131 0.0687219010918433 0.0279383429672447 0.0838150289017341 0.0234425176621708
"derCor" 0.188824662813102 0.167630057803468 0.141618497109827 0.148683365446371 0.153500321130379 0.152858060372511 0.15189466923571 0 0.157675016056519 0.171162491971741 0.165382145150931 0.158317276814387 0.169235709698137 0.182723185613359 0.175979447655748 0.152536929993577 0.187861271676301 0.15028901734104
"derMaw" 0.0956968529222865 0.0603725112395633 0.0427103403982017 0.037893384714194 0.0642260757867694 0.0443159922928709 0.0449582530507386 0.157675016056519 0 0.0700064226075787 0.0581245985870263 0.050417469492614 0.107899807321773 0.0899165061014772 0.0770712909441233 0.0439948619139371 0.092485549132948 0.0427103403982017
"emySub" 0.0899165061014772 0.0764290301862556 0.0613359023763648 0.0616570327552987 0.079961464354528 0.0635838150289017 0.062941554271034 0.171162491971741 0.0700064226075787 0 0.0732177263969171 0.0664739884393064 0.0751445086705202 0.0671162491971741 0.0786769428387925 0.0619781631342325 0.0722543352601156 0.0603725112395633
"gopAga" 0.0908798972382787 0.0340398201669878 0.0481695568400771 0.0472061657032755 0.0613359023763648 0.0317919075144509 0.0317919075144509 0.165382145150931 0.0581245985870263 0.0732177263969171 0 0.046242774566474 0.112074502247913 0.0921644187540141 0.0780346820809249 0.0417469492614001 0.0934489402697495 0.0401412973667309
"malTer" 0.0854206807964033 0.0475272960822094 0.0401412973667309 0.0394990366088632 0.0407835581245986 0.0324341682723186 0.0330764290301863 0.158317276814387 0.050417469492614 0.0664739884393064 0.046242774566474 0 0.104688503532434 0.0863840719332049 0.0773924213230572 0.0321130378933847 0.0889531149646757 0.0202312138728324
"mesTub" 0.125561978163134 0.113680154142582 0.0963391136801541 0.0969813744380218 0.0979447655748234 0.100513808606294 0.0998715478484265 0.169235709698137 0.107899807321773 0.0751445086705202 0.112074502247913 0.104688503532434 0 0.102440590879897 0.11432241490045 0.0963391136801541 0.108220937700706 0.0979447655748234
"pelCas" 0.106936416184971 0.0947334617854849 0.0796403339755941 0.0825305073859987 0.0982658959537572 0.0831727681438664 0.081888246628131 0.182723185613359 0.0899165061014772 0.0671162491971741 0.0921644187540141 0.0863840719332049 0.102440590879897 0 0.0908798972382787 0.0825305073859987 0.0661528580603725 0.0802825947334618
"pelSin" 0.0850995504174695 0.0825305073859987 0.0664739884393064 0.0690430314707771 0.0889531149646757 0.0700064226075787 0.0687219010918433 0.175979447655748 0.0770712909441233 0.0786769428387925 0.0780346820809249 0.0773924213230572 0.11432241490045 0.0908798972382787 0 0.0700064226075787 0.0944123314065511 0.0696852922286448
"plaMeg" 0.0854206807964033 0.0449582530507386 0.0359666024405909 0.033718689788054 0.0459216441875401 0.0279383429672447 0.0279383429672447 0.152536929993577 0.0439948619139371 0.0619781631342325 0.0417469492614001 0.0321130378933847 0.0963391136801541 0.0825305073859987 0.0700064226075787 0 0.0831727681438664 0.023121387283237
"podExp" 0.109826589595376 0.0956968529222865 0.0838150289017341 0.0863840719332049 0.102440590879897 0.0844572896596018 0.0838150289017341 0.187861271676301 0.092485549132948 0.0722543352601156 0.0934489402697495 0.0889531149646757 0.108220937700706 0.0661528580603725 0.0944123314065511 0.0831727681438664 0 0.0825305073859987
"terMex" 0.0789980732177264 0.0401412973667309 0.0308285163776493 0.0311496467565832 0.0366088631984586 0.0228002569043031 0.0234425176621708 0.15028901734104 0.0427103403982017 0.0603725112395633 0.0401412973667309 0.0202312138728324 0.0979447655748234 0.0802825947334618 0.0696852922286448 0.023121387283237 0.0825305073859987 0
