"carIns" "cheAbi" "cheMyd" "cheSer" "chrPic" "cuoAmb" "cuoMcc" "derCor" "derMaw" "gopAga" "malTer" "mesTub" "pelCas"
"carIns" 0 0.0703637447823494 0.0727489564698867 0.0685748360166965 0.0667859272510435 0.0816935002981515 0.0691711389385808 0.132379248658318 0.0727489564698867 0.0691711389385808 0.0661896243291592 0.0930232558139535 0.108527131782946
"cheAbi" 0.0703637447823494 0 0.0363744782349434 0.0339892665474061 0.0214669051878354 0.0322003577817531 0.0172927847346452 0.104353011329756 0.0363744782349434 0.0101371496720334 0.0208706022659511 0.0691711389385808 0.084675014907573
"cheMyd" 0.0727489564698867 0.0363744782349434 0 0.0327966607036374 0.0310077519379845 0.0483005366726297 0.0339892665474061 0.0894454382826476 0.0363744782349434 0.0351818723911747 0.0304114490161002 0.0655933214072749 0.0828861061419201
"cheSer" 0.0685748360166965 0.0339892665474061 0.0327966607036374 0 0.0256410256410256 0.0453190220632081 0.0304114490161002 0.099582587954681 0.0286225402504472 0.0310077519379845 0.0250447227191413 0.0655933214072749 0.0816935002981515
"chrPic" 0.0667859272510435 0.0214669051878354 0.0310077519379845 0.0256410256410256 0 0.0327966607036374 0.0184853905784138 0.0960047704233751 0.0298151460942159 0.0184853905784138 0.00178890876565295 0.0644007155635063 0.0787119856887299
"cuoAmb" 0.0816935002981515 0.0322003577817531 0.0483005366726297 0.0453190220632081 0.0327966607036374 0 0.0202742993440668 0.115086463923673 0.0471079308288611 0.0316040548598688 0.0322003577817531 0.0775193798449612 0.0924269528920692
"cuoMcc" 0.0691711389385808 0.0172927847346452 0.0339892665474061 0.0304114490161002 0.0184853905784138 0.0202742993440668 0 0.10077519379845 0.0339892665474061 0.0166964818127609 0.0178890876565295 0.0655933214072749 0.0805008944543828
"derCor" 0.132379248658318 0.104353011329756 0.0894454382826476 0.099582587954681 0.0960047704233751 0.115086463923673 0.10077519379845 0 0.100178890876565 0.103160405485987 0.0966010733452594 0.115086463923673 0.13536076326774
"derMaw" 0.0727489564698867 0.0363744782349434 0.0363744782349434 0.0286225402504472 0.0298151460942159 0.0471079308288611 0.0339892665474061 0.100178890876565 0 0.0333929636255218 0.0292188431723315 0.0709600477042338 0.0840787119856887
"gopAga" 0.0691711389385808 0.0101371496720334 0.0351818723911747 0.0310077519379845 0.0184853905784138 0.0316040548598688 0.0166964818127609 0.103160405485987 0.0333929636255218 0 0.0178890876565295 0.0667859272510435 0.0810971973762671
"malTer" 0.0661896243291592 0.0208706022659511 0.0304114490161002 0.0250447227191413 0.00178890876565295 0.0322003577817531 0.0178890876565295 0.0966010733452594 0.0292188431723315 0.0178890876565295 0 0.0638044126416219 0.0781156827668456
"mesTub" 0.0930232558139535 0.0691711389385808 0.0655933214072749 0.0655933214072749 0.0644007155635063 0.0775193798449612 0.0655933214072749 0.115086463923673 0.0709600477042338 0.0667859272510435 0.0638044126416219 0 0.0608228980322004
"pelCas" 0.108527131782946 0.084675014907573 0.0828861061419201 0.0816935002981515 0.0787119856887299 0.0924269528920692 0.0805008944543828 0.13536076326774 0.0840787119856887 0.0810971973762671 0.0781156827668456 0.0608228980322004 0
