"cheAbi" "cheMyd" "cheSer" "chrPic" "cuoAmb" "cuoMcc" "derCor" "derMaw" "emySub" "gopAga" "malTer" "mesTub" "pelCas" "pelSin" "plaMeg" "podExp"
"cheAbi" 0 0.0717367853290183 0.0647249190938511 0.04638619201726 0.0329018338727077 0.0296655879180151 0.0749730312837109 0.0787486515641855 0.103559870550162 0.0809061488673139 0.0436893203883495 0.101402373247033 0.117583603020496 0.147788565264293 0.0399137001078749 0.133764832793959
"cheMyd" 0.0717367853290183 0 0.0550161812297735 0.0587918015102481 0.0728155339805825 0.06957928802589 0.0377562028047465 0.0711974110032362 0.101402373247033 0.121359223300971 0.0587918015102481 0.0981661272923409 0.117044228694714 0.138079827400216 0.0560949298813377 0.130528586839266
"cheSer" 0.0647249190938511 0.0550161812297735 0 0.0507011866235167 0.0647249190938511 0.0604099244875944 0.0587918015102481 0.0587918015102481 0.0852211434735707 0.114347357065804 0.0512405609492988 0.087378640776699 0.110571736785329 0.131067961165049 0.0517799352750809 0.127292340884574
"chrPic" 0.04638619201726 0.0587918015102481 0.0507011866235167 0 0.040453074433657 0.0372168284789644 0.058252427184466 0.0722761596548004 0.0895361380798274 0.0960086299892125 0.0124056094929881 0.0911542610571737 0.111111111111111 0.129989212513484 0.0296655879180151 0.121898597626753
"cuoAmb" 0.0329018338727077 0.0728155339805825 0.0647249190938511 0.040453074433657 0 0.0107874865156419 0.0744336569579288 0.0787486515641855 0.100862998921251 0.0862998921251348 0.0409924487594391 0.104099244875944 0.120280474649407 0.14185544768069 0.0382955771305286 0.131607335490831
"cuoMcc" 0.0296655879180151 0.06957928802589 0.0604099244875944 0.0372168284789644 0.0107874865156419 0 0.0711974110032362 0.0765911542610572 0.098705501618123 0.081445523193096 0.0377562028047465 0.100862998921251 0.11596548004315 0.140776699029126 0.0361380798274002 0.132146709816613
"derCor" 0.0749730312837109 0.0377562028047465 0.0587918015102481 0.058252427184466 0.0744336569579288 0.0711974110032362 0 0.0760517799352751 0.0981661272923409 0.124056094929881 0.0577130528586839 0.102481121898598 0.118122977346278 0.143473570658037 0.0614886731391586 0.131067961165049
"derMaw" 0.0787486515641855 0.0711974110032362 0.0587918015102481 0.0722761596548004 0.0787486515641855 0.0765911542610572 0.0760517799352751 0 0.10302049622438 0.12891046386192 0.0706580366774542 0.104638619201726 0.117044228694714 0.142934196332255 0.0658036677454153 0.134843581445523
"emySub" 0.103559870550162 0.101402373247033 0.0852211434735707 0.0895361380798274 0.100862998921251 0.098705501618123 0.0981661272923409 0.10302049622438 0 0.149946062567422 0.0884573894282632 0.0560949298813377 0.100862998921251 0.140776699029126 0.0900755124056095 0.116504854368932
"gopAga" 0.0809061488673139 0.121359223300971 0.114347357065804 0.0960086299892125 0.0862998921251348 0.081445523193096 0.124056094929881 0.12891046386192 0.149946062567422 0 0.093311758360302 0.15210355987055 0.163430420711974 0.187702265372168 0.09277238403452 0.177454153182309
"malTer" 0.0436893203883495 0.0587918015102481 0.0512405609492988 0.0124056094929881 0.0409924487594391 0.0377562028047465 0.0577130528586839 0.0706580366774542 0.0884573894282632 0.093311758360302 0 0.0895361380798274 0.108953613807983 0.132686084142395 0.0302049622437972 0.119201725997842
"mesTub" 0.101402373247033 0.0981661272923409 0.087378640776699 0.0911542610571737 0.104099244875944 0.100862998921251 0.102481121898598 0.104638619201726 0.0560949298813377 0.15210355987055 0.0895361380798274 0 0.0906148867313916 0.138079827400216 0.0954692556634304 0.106256742179072
"pelCas" 0.117583603020496 0.117044228694714 0.110571736785329 0.111111111111111 0.120280474649407 0.11596548004315 0.118122977346278 0.117044228694714 0.100862998921251 0.163430420711974 0.108953613807983 0.0906148867313916 0 0.155879180151025 0.106796116504854 0.101402373247033
"pelSin" 0.147788565264293 0.138079827400216 0.131067961165049 0.129989212513484 0.14185544768069 0.140776699029126 0.143473570658037 0.142934196332255 0.140776699029126 0.187702265372168 0.132686084142395 0.138079827400216 0.155879180151025 0 0.133764832793959 0.173139158576052
"plaMeg" 0.0399137001078749 0.0560949298813377 0.0517799352750809 0.0296655879180151 0.0382955771305286 0.0361380798274002 0.0614886731391586 0.0658036677454153 0.0900755124056095 0.09277238403452 0.0302049622437972 0.0954692556634304 0.106796116504854 0.133764832793959 0 0.125134843581446
"podExp" 0.133764832793959 0.130528586839266 0.127292340884574 0.121898597626753 0.131607335490831 0.132146709816613 0.131067961165049 0.134843581445523 0.116504854368932 0.177454153182309 0.119201725997842 0.106256742179072 0.101402373247033 0.173139158576052 0.125134843581446 0
