"carIns" "cheAbi" "cheMyd" "cheSer" "chrPic" "cuoMcc" "derCor" "derMaw" "emySub" "gopAga" "malTer" "mesTub" "pelCas" "plaMeg" "podExp" "terMex"
"carIns" 0 0.0617977528089888 0.117041198501873 0.0561797752808989 0.0561797752808989 0.112359550561798 0.0758426966292135 0.0627340823970037 0.0617977528089888 0.0589887640449438 0.117041198501873 0.116104868913858 0.0711610486891386 0.0561797752808989 0.0908239700374532 0.0617977528089888
"cheAbi" 0.0617977528089888 0 0.0889513108614232 0.0168539325842697 0.0112359550561798 0.0664794007490637 0.0449438202247191 0.0308988764044944 0.0402621722846442 0.00936329588014981 0.0730337078651685 0.097378277153558 0.050561797752809 0.0112359550561798 0.0720973782771536 0.0149812734082397
"cheMyd" 0.117041198501873 0.0889513108614232 0 0.0777153558052434 0.0852059925093633 0.0571161048689139 0.0786516853932584 0.0926966292134832 0.100187265917603 0.0889513108614232 0.0543071161048689 0.0683520599250936 0.105805243445693 0.0814606741573034 0.123595505617978 0.0889513108614232
"cheSer" 0.0561797752808989 0.0168539325842697 0.0777153558052434 0 0.0131086142322097 0.0711610486891386 0.0374531835205993 0.0215355805243446 0.0346441947565543 0.0168539325842697 0.0739700374531835 0.0880149812734082 0.0430711610486891 0.0112359550561798 0.0646067415730337 0.0168539325842697
"chrPic" 0.0561797752808989 0.0112359550561798 0.0852059925093633 0.0131086142322097 0 0.0664794007490637 0.0411985018726592 0.0252808988764045 0.0346441947565543 0.0112359550561798 0.0636704119850187 0.0917602996254682 0.0468164794007491 0.00749063670411985 0.0683520599250936 0.00749063670411985
"cuoMcc" 0.112359550561798 0.0664794007490637 0.0571161048689139 0.0711610486891386 0.0664794007490637 0 0.0870786516853933 0.0861423220973783 0.0926966292134832 0.0646067415730337 0.0149812734082397 0.0664794007490637 0.103932584269663 0.0664794007490637 0.125468164794007 0.0702247191011236
"derCor" 0.0758426966292135 0.0449438202247191 0.0786516853932584 0.0374531835205993 0.0411985018726592 0.0870786516853933 0 0.050561797752809 0.0599250936329588 0.0449438202247191 0.0852059925093633 0.0889513108614232 0.0674157303370786 0.0374531835205993 0.0861423220973783 0.0449438202247191
"derMaw" 0.0627340823970037 0.0308988764044944 0.0926966292134832 0.0215355805243446 0.0252808988764045 0.0861423220973783 0.050561797752809 0 0.0449438202247191 0.0308988764044944 0.0870786516853933 0.102996254681648 0.0561797752808989 0.0271535580524345 0.0702247191011236 0.0280898876404494
"emySub" 0.0617977528089888 0.0402621722846442 0.100187265917603 0.0346441947565543 0.0346441947565543 0.0926966292134832 0.0599250936329588 0.0449438202247191 0 0.0383895131086142 0.0955056179775281 0.0749063670411985 0.0355805243445693 0.0365168539325843 0.0646067415730337 0.0402621722846442
"gopAga" 0.0589887640449438 0.00936329588014981 0.0889513108614232 0.0168539325842697 0.0112359550561798 0.0646067415730337 0.0449438202247191 0.0308988764044944 0.0383895131086142 0 0.0730337078651685 0.0955056179775281 0.048689138576779 0.0112359550561798 0.0692883895131086 0.0149812734082397
"malTer" 0.117041198501873 0.0730337078651685 0.0543071161048689 0.0739700374531835 0.0636704119850187 0.0149812734082397 0.0852059925093633 0.0870786516853933 0.0955056179775281 0.0730337078651685 0 0.0655430711610487 0.106741573033708 0.0692883895131086 0.121722846441948 0.0674157303370786
"mesTub" 0.116104868913858 0.097378277153558 0.0683520599250936 0.0880149812734082 0.0917602996254682 0.0664794007490637 0.0889513108614232 0.102996254681648 0.0749063670411985 0.0955056179775281 0.0655430711610487 0 0.0908239700374532 0.0898876404494382 0.114232209737828 0.097378277153558
"pelCas" 0.0711610486891386 0.050561797752809 0.105805243445693 0.0430711610486891 0.0468164794007491 0.103932584269663 0.0674157303370786 0.0561797752808989 0.0355805243445693 0.048689138576779 0.106741573033708 0.0908239700374532 0 0.0430711610486891 0.0580524344569288 0.050561797752809
"plaMeg" 0.0561797752808989 0.0112359550561798 0.0814606741573034 0.0112359550561798 0.00749063670411985 0.0664794007490637 0.0374531835205993 0.0271535580524345 0.0365168539325843 0.0112359550561798 0.0692883895131086 0.0898876404494382 0.0430711610486891 0 0.0664794007490637 0.0112359550561798
"podExp" 0.0908239700374532 0.0720973782771536 0.123595505617978 0.0646067415730337 0.0683520599250936 0.125468164794007 0.0861423220973783 0.0702247191011236 0.0646067415730337 0.0692883895131086 0.121722846441948 0.114232209737828 0.0580524344569288 0.0664794007490637 0 0.0702247191011236
"terMex" 0.0617977528089888 0.0149812734082397 0.0889513108614232 0.0168539325842697 0.00749063670411985 0.0702247191011236 0.0449438202247191 0.0280898876404494 0.0402621722846442 0.0149812734082397 0.0674157303370786 0.097378277153558 0.050561797752809 0.0112359550561798 0.0702247191011236 0
