"carIns" "cheAbi" "cheMyd" "cheSer" "chrPic" "cuoAmb" "cuoMcc" "derCor" "emySub" "gopAga" "malTer" "mesTub" "pelCas" "pelSin" "plaMeg" "podExp" "terMex"
"carIns" 0 0.0592976396085204 0.0598733448474381 0.0604490500863558 0.0569948186528497 0.0587219343696028 0.0569948186528497 0.0616004605641911 0.0690846286701209 0.0604490500863558 0.0587219343696028 0.0673575129533679 0.0725388601036269 0.103051237766264 0.0575705238917674 0.0782959124928037 0.0598733448474381
"cheAbi" 0.0592976396085204 0 0.0241796200345423 0.02475532527346 0.0149683362118595 0.0161197466896949 0.0166954519286126 0.0270581462291307 0.0518134715025907 0.0149683362118595 0.0166954519286126 0.0472078295912493 0.0523891767415084 0.0978698906160046 0.0132412204951065 0.0679332181922856 0.0178468624064479
"cheMyd" 0.0598733448474381 0.0241796200345423 0 0.0184225676453656 0.0189982728842832 0.02475532527346 0.0241796200345423 0.0109383995394358 0.0506620610247553 0.02475532527346 0.0207253886010363 0.0449050086355786 0.0483592400690846 0.0926885434657455 0.0195739781232009 0.0650546919976972 0.0218767990788716
"cheSer" 0.0604490500863558 0.02475532527346 0.0184225676453656 0 0.0166954519286126 0.0213010938399539 0.0218767990788716 0.0195739781232009 0.0472078295912493 0.02475532527346 0.0172711571675302 0.0437535981577432 0.0500863557858377 0.0926885434657455 0.0172711571675302 0.0656303972366149 0.0195739781232009
"chrPic" 0.0569948186528497 0.0149683362118595 0.0189982728842832 0.0166954519286126 0 0.0126655152561888 0.0120898100172712 0.0201496833621186 0.0460564191134139 0.0149683362118595 0.00518134715025907 0.0414507772020725 0.0454807138744963 0.0938399539435809 0.00633275762809442 0.0621761658031088 0.00748416810592976
"cuoAmb" 0.0587219343696028 0.0161197466896949 0.02475532527346 0.0213010938399539 0.0126655152561888 0 0.00402993667242372 0.0270581462291307 0.0500863557858377 0.0149683362118595 0.0132412204951065 0.047783534830167 0.052964881980426 0.0944156591824986 0.00978698906160046 0.0690846286701209 0.0143926309729419
"cuoMcc" 0.0569948186528497 0.0166954519286126 0.0241796200345423 0.0218767990788716 0.0120898100172712 0.00402993667242372 0 0.026482440990213 0.0506620610247553 0.0143926309729419 0.0126655152561888 0.0483592400690846 0.052964881980426 0.0949913644214162 0.00921128382268279 0.0685089234312032 0.0138169257340242
"derCor" 0.0616004605641911 0.0270581462291307 0.0109383995394358 0.0195739781232009 0.0201496833621186 0.0270581462291307 0.026482440990213 0 0.0518134715025907 0.0270581462291307 0.0207253886010363 0.0460564191134139 0.0500863557858377 0.0972941853770869 0.0195739781232009 0.0679332181922856 0.023028209556707
"emySub" 0.0690846286701209 0.0518134715025907 0.0506620610247553 0.0472078295912493 0.0460564191134139 0.0500863557858377 0.0506620610247553 0.0518134715025907 0 0.0500863557858377 0.0466321243523316 0.0213010938399539 0.0443293033966609 0.104202648244099 0.047783534830167 0.0558434081750144 0.0489349453080023
"gopAga" 0.0604490500863558 0.0149683362118595 0.02475532527346 0.02475532527346 0.0149683362118595 0.0149683362118595 0.0143926309729419 0.0270581462291307 0.0500863557858377 0 0.0155440414507772 0.0472078295912493 0.0500863557858377 0.0955670696603339 0.0120898100172712 0.0639032815198618 0.0166954519286126
"malTer" 0.0587219343696028 0.0166954519286126 0.0207253886010363 0.0172711571675302 0.00518134715025907 0.0132412204951065 0.0126655152561888 0.0207253886010363 0.0466321243523316 0.0155440414507772 0 0.0431778929188256 0.0466321243523316 0.0932642487046632 0.00690846286701209 0.0639032815198618 0.00805987334484744
"mesTub" 0.0673575129533679 0.0472078295912493 0.0449050086355786 0.0437535981577432 0.0414507772020725 0.047783534830167 0.0483592400690846 0.0460564191134139 0.0213010938399539 0.0472078295912493 0.0431778929188256 0 0.0402993667242372 0.103626943005181 0.0443293033966609 0.0552677029360967 0.0466321243523316
"pelCas" 0.0725388601036269 0.0523891767415084 0.0483592400690846 0.0500863557858377 0.0454807138744963 0.052964881980426 0.052964881980426 0.0500863557858377 0.0443293033966609 0.0500863557858377 0.0466321243523316 0.0402993667242372 0 0.103626943005181 0.0460564191134139 0.0489349453080023 0.0506620610247553
"pelSin" 0.103051237766264 0.0978698906160046 0.0926885434657455 0.0926885434657455 0.0938399539435809 0.0944156591824986 0.0949913644214162 0.0972941853770869 0.104202648244099 0.0955670696603339 0.0932642487046632 0.103626943005181 0.103626943005181 0 0.0932642487046632 0.109959700633276 0.0967184801381693
"plaMeg" 0.0575705238917674 0.0132412204951065 0.0195739781232009 0.0172711571675302 0.00633275762809442 0.00978698906160046 0.00921128382268279 0.0195739781232009 0.047783534830167 0.0120898100172712 0.00690846286701209 0.0443293033966609 0.0460564191134139 0.0932642487046632 0 0.0650546919976972 0.00805987334484744
"podExp" 0.0782959124928037 0.0679332181922856 0.0650546919976972 0.0656303972366149 0.0621761658031088 0.0690846286701209 0.0685089234312032 0.0679332181922856 0.0558434081750144 0.0639032815198618 0.0639032815198618 0.0552677029360967 0.0489349453080023 0.109959700633276 0.0650546919976972 0 0.0662061024755325
"terMex" 0.0598733448474381 0.0178468624064479 0.0218767990788716 0.0195739781232009 0.00748416810592976 0.0143926309729419 0.0138169257340242 0.023028209556707 0.0489349453080023 0.0166954519286126 0.00805987334484744 0.0466321243523316 0.0506620610247553 0.0967184801381693 0.00805987334484744 0.0662061024755325 0
