"cheAbi" "cheMyd" "chrPic" "cuoAmb" "cuoMcc" "derMaw" "emySub" "gopAga" "malTer" "mesTub" "pelCas" "pelSin" "plaMeg" "podExp" "terMex"
"cheAbi" 0 0.0667014069828035 0.0234497133923919 0.0187597707139135 0.0343929129755081 0.0359562272016675 0.0630536737884315 0.0187597707139135 0.112037519541428 0.0698280354351225 0.0802501302761855 0.0724335591453882 0.0583637311099531 0.0838978634705576 0.0218863991662324
"cheMyd" 0.0667014069828035 0 0.0620114643043252 0.0640958832725378 0.0771235018238666 0.0651380927566441 0.0917144346013549 0.0646169880145909 0.148514851485149 0.0964043772798333 0.112558624283481 0.100052110474205 0.0969254820218864 0.112558624283481 0.0604481500781657
"chrPic" 0.0234497133923919 0.0620114643043252 0 0.0187597707139135 0.0328295987493486 0.0328295987493486 0.0573215216258468 0.0198019801980198 0.0974465867639396 0.0646169880145909 0.0766023970818134 0.0739968733715477 0.0489838457529964 0.0781657113079729 0.0088587806149036
"cuoAmb" 0.0187597707139135 0.0640958832725378 0.0187597707139135 0 0.0218863991662324 0.0333507034914018 0.0588848358520063 0.017196456487754 0.107868681605003 0.0661803022407504 0.0776446065659197 0.0713913496612819 0.0541948931735279 0.0807712350182387 0.0182386659718603
"cuoMcc" 0.0343929129755081 0.0771235018238666 0.0328295987493486 0.0218863991662324 0 0.0474205315268369 0.0713913496612819 0.0302240750390829 0.122980719124544 0.0781657113079729 0.0891089108910891 0.0844189682126107 0.0677436164669099 0.0953621677957269 0.0333507034914018
"derMaw" 0.0359562272016675 0.0651380927566441 0.0328295987493486 0.0333507034914018 0.0474205315268369 0 0.0609692548202189 0.0333507034914018 0.119332985930172 0.0713913496612819 0.0812923397602918 0.0755601875977071 0.0646169880145909 0.0849400729546639 0.0302240750390829
"emySub" 0.0630536737884315 0.0917144346013549 0.0573215216258468 0.0588848358520063 0.0713913496612819 0.0609692548202189 0 0.0630536737884315 0.140177175612298 0.0406461698801459 0.0609692548202189 0.0833767587285044 0.0911933298593017 0.0661803022407504 0.0568004168837936
"gopAga" 0.0187597707139135 0.0646169880145909 0.0198019801980198 0.017196456487754 0.0302240750390829 0.0333507034914018 0.0630536737884315 0 0.109431995831162 0.0693069306930693 0.0781657113079729 0.0703491401771756 0.0526315789473684 0.081813444502345 0.020323084940073
"malTer" 0.112037519541428 0.148514851485149 0.0974465867639396 0.107868681605003 0.122980719124544 0.119332985930172 0.140177175612298 0.109431995831162 0 0.147472642001042 0.153204794163627 0.151120375195414 0.139656070870245 0.15372589890568 0.099009900990099
"mesTub" 0.0698280354351225 0.0964043772798333 0.0646169880145909 0.0661803022407504 0.0781657113079729 0.0713913496612819 0.0406461698801459 0.0693069306930693 0.147472642001042 0 0.0703491401771756 0.0875455966649297 0.0979676915059927 0.0713913496612819 0.0640958832725378
"pelCas" 0.0802501302761855 0.112558624283481 0.0766023970818134 0.0776446065659197 0.0891089108910891 0.0812923397602918 0.0609692548202189 0.0781657113079729 0.153204794163627 0.0703491401771756 0 0.0953621677957269 0.11412193850964 0.0505471599791558 0.0766023970818134
"pelSin" 0.0724335591453882 0.100052110474205 0.0739968733715477 0.0713913496612819 0.0844189682126107 0.0755601875977071 0.0833767587285044 0.0703491401771756 0.151120375195414 0.0875455966649297 0.0953621677957269 0 0.101615424700365 0.0969254820218864 0.0708702449192288
"plaMeg" 0.0583637311099531 0.0969254820218864 0.0489838457529964 0.0541948931735279 0.0677436164669099 0.0646169880145909 0.0911933298593017 0.0526315789473684 0.139656070870245 0.0979676915059927 0.11412193850964 0.101615424700365 0 0.114643043251694 0.0500260552371027
"podExp" 0.0838978634705576 0.112558624283481 0.0781657113079729 0.0807712350182387 0.0953621677957269 0.0849400729546639 0.0661803022407504 0.081813444502345 0.15372589890568 0.0713913496612819 0.0505471599791558 0.0969254820218864 0.114643043251694 0 0.0766023970818134
"terMex" 0.0218863991662324 0.0604481500781657 0.0088587806149036 0.0182386659718603 0.0333507034914018 0.0302240750390829 0.0568004168837936 0.020323084940073 0.099009900990099 0.0640958832725378 0.0766023970818134 0.0708702449192288 0.0500260552371027 0.0766023970818134 0
