"carIns" "cheAbi" "cheMyd" "cheSer" "cuoMcc" "derMaw" "gopAga" "mesTub" "pelCas" "pelSin" "plaMeg" "podExp" "terMex"
"carIns" 0 0.0709939148073022 0.0689655172413793 0.0608519269776876 0.267748478701826 0.0723461798512508 0.0655848546315078 0.0818120351588911 0.0838404327248141 0.0750507099391481 0.0838404327248141 0.133198106828938 0.155510480054091
"cheAbi" 0.0709939148073022 0 0.0473292765382015 0.033130493576741 0.242731575388776 0.0466531440162272 0.0250169033130494 0.0601757944557133 0.0642325895875592 0.0669371196754564 0.0527383367139959 0.114266396213658 0.125760649087221
"cheMyd" 0.0689655172413793 0.0473292765382015 0 0.0365111561866126 0.260311020960108 0.0493576741041244 0.0412440838404327 0.0649087221095335 0.0696416497633536 0.0676132521974307 0.0615280594996619 0.121027721433401 0.135902636916836
"cheSer" 0.0608519269776876 0.033130493576741 0.0365111561866126 0 0.246112237998648 0.033130493576741 0.0283975659229209 0.0534144692359702 0.059499661933739 0.059499661933739 0.0466531440162272 0.113590263691684 0.121703853955375
"cuoMcc" 0.267748478701826 0.242731575388776 0.260311020960108 0.246112237998648 0 0.252873563218391 0.240703177822853 0.260987153482083 0.262339418526031 0.261663286004057 0.247464503042596 0.280594996619337 0.270453008789723
"derMaw" 0.0723461798512508 0.0466531440162272 0.0493576741041244 0.033130493576741 0.252873563218391 0 0.041920216362407 0.0628803245436105 0.0730223123732252 0.0676132521974307 0.0601757944557133 0.121027721433401 0.132521974306964
"gopAga" 0.0655848546315078 0.0250169033130494 0.0412440838404327 0.0283975659229209 0.240703177822853 0.041920216362407 0 0.0540906017579446 0.0628803245436105 0.0655848546315078 0.0500338066260987 0.113590263691684 0.123056118999324
"mesTub" 0.0818120351588911 0.0601757944557133 0.0649087221095335 0.0534144692359702 0.260987153482083 0.0628803245436105 0.0540906017579446 0 0.0534144692359702 0.0777552400270453 0.0784313725490196 0.101419878296146 0.148073022312373
"pelCas" 0.0838404327248141 0.0642325895875592 0.0696416497633536 0.059499661933739 0.262339418526031 0.0730223123732252 0.0628803245436105 0.0534144692359702 0 0.0811359026369168 0.0791075050709939 0.100067613252197 0.151453684922245
"pelSin" 0.0750507099391481 0.0669371196754564 0.0676132521974307 0.059499661933739 0.261663286004057 0.0676132521974307 0.0655848546315078 0.0777552400270453 0.0811359026369168 0 0.0831643002028398 0.127789046653144 0.152805949966193
"plaMeg" 0.0838404327248141 0.0527383367139959 0.0615280594996619 0.0466531440162272 0.247464503042596 0.0601757944557133 0.0500338066260987 0.0784313725490196 0.0791075050709939 0.0831643002028398 0 0.116970926301555 0.116970926301555
"podExp" 0.133198106828938 0.114266396213658 0.121027721433401 0.113590263691684 0.280594996619337 0.121027721433401 0.113590263691684 0.101419878296146 0.100067613252197 0.127789046653144 0.116970926301555 0 0.174442190669371
"terMex" 0.155510480054091 0.125760649087221 0.135902636916836 0.121703853955375 0.270453008789723 0.132521974306964 0.123056118999324 0.148073022312373 0.151453684922245 0.152805949966193 0.116970926301555 0.174442190669371 0
