"carIns" "cheMyd" "cheSer" "chrPic" "cuoMcc" "derCor" "derMaw" "emySub" "gopAga" "malTer" "mesTub" "pelCas" "plaMeg" "podExp" "terMex"
"carIns" 0 0.0339285714285714 0.0303571428571429 0.0330357142857143 0.0339285714285714 0.0348214285714286 0.0401785714285714 0.0428571428571429 0.0357142857142857 0.164285714285714 0.0473214285714286 0.05625 0.0321428571428571 0.0580357142857143 0.0321428571428571
"cheMyd" 0.0339285714285714 0 0.0107142857142857 0.0116071428571429 0.0125 0.0107142857142857 0.01875 0.0285714285714286 0.0178571428571429 0.147321428571429 0.0357142857142857 0.04375 0.0107142857142857 0.0491071428571429 0.0107142857142857
"cheSer" 0.0303571428571429 0.0107142857142857 0 0.00982142857142857 0.0107142857142857 0.0125 0.0151785714285714 0.0267857142857143 0.0125 0.146428571428571 0.0339285714285714 0.0401785714285714 0.00892857142857143 0.04375 0.00892857142857143
"chrPic" 0.0330357142857143 0.0116071428571429 0.00982142857142857 0 0.00982142857142857 0.0151785714285714 0.0178571428571429 0.0276785714285714 0.0151785714285714 0.141071428571429 0.0348214285714286 0.0410714285714286 0.00803571428571428 0.0482142857142857 0.00446428571428571
"cuoMcc" 0.0339285714285714 0.0125 0.0107142857142857 0.00982142857142857 0 0.0160714285714286 0.01875 0.0285714285714286 0.0107142857142857 0.146428571428571 0.0357142857142857 0.0401785714285714 0.00892857142857143 0.0473214285714286 0.00892857142857143
"derCor" 0.0348214285714286 0.0107142857142857 0.0125 0.0151785714285714 0.0160714285714286 0 0.0223214285714286 0.03125 0.0196428571428571 0.15 0.0383928571428571 0.0446428571428571 0.0142857142857143 0.05 0.0142857142857143
"derMaw" 0.0401785714285714 0.01875 0.0151785714285714 0.0178571428571429 0.01875 0.0223214285714286 0 0.0330357142857143 0.0223214285714286 0.151785714285714 0.0419642857142857 0.0482142857142857 0.0169642857142857 0.0553571428571429 0.0169642857142857
"emySub" 0.0428571428571429 0.0285714285714286 0.0267857142857143 0.0276785714285714 0.0285714285714286 0.03125 0.0330357142857143 0 0.0339285714285714 0.165178571428571 0.0276785714285714 0.0410714285714286 0.0267857142857143 0.0455357142857143 0.0267857142857143
"gopAga" 0.0357142857142857 0.0178571428571429 0.0125 0.0151785714285714 0.0107142857142857 0.0196428571428571 0.0223214285714286 0.0339285714285714 0 0.149107142857143 0.0410714285714286 0.0455357142857143 0.0142857142857143 0.0508928571428571 0.0142857142857143
"malTer" 0.164285714285714 0.147321428571429 0.146428571428571 0.141071428571429 0.146428571428571 0.15 0.151785714285714 0.165178571428571 0.149107142857143 0 0.167857142857143 0.175 0.145535714285714 0.178571428571429 0.141964285714286
"mesTub" 0.0473214285714286 0.0357142857142857 0.0339285714285714 0.0348214285714286 0.0357142857142857 0.0383928571428571 0.0419642857142857 0.0276785714285714 0.0410714285714286 0.167857142857143 0 0.0446428571428571 0.0339285714285714 0.0473214285714286 0.0330357142857143
"pelCas" 0.05625 0.04375 0.0401785714285714 0.0410714285714286 0.0401785714285714 0.0446428571428571 0.0482142857142857 0.0410714285714286 0.0455357142857143 0.175 0.0446428571428571 0 0.0401785714285714 0.04375 0.0383928571428571
"plaMeg" 0.0321428571428571 0.0107142857142857 0.00892857142857143 0.00803571428571428 0.00892857142857143 0.0142857142857143 0.0169642857142857 0.0267857142857143 0.0142857142857143 0.145535714285714 0.0339285714285714 0.0401785714285714 0 0.0455357142857143 0.00714285714285714
"podExp" 0.0580357142857143 0.0491071428571429 0.04375 0.0482142857142857 0.0473214285714286 0.05 0.0553571428571429 0.0455357142857143 0.0508928571428571 0.178571428571429 0.0473214285714286 0.04375 0.0455357142857143 0 0.0446428571428571
"terMex" 0.0321428571428571 0.0107142857142857 0.00892857142857143 0.00446428571428571 0.00892857142857143 0.0142857142857143 0.0169642857142857 0.0267857142857143 0.0142857142857143 0.141964285714286 0.0330357142857143 0.0383928571428571 0.00714285714285714 0.0446428571428571 0
