"carIns" "cheAbi" "cheMyd" "cheSer" "chrPic" "cuoAmb" "cuoMcc" "derCor" "derMaw" "emySub" "gopAga" "malTer" "mesTub" "pelCas" "pelSin" "plaMeg" "podExp" "terMex"
"carIns" 0 0.0911983032873807 0.252386002120891 0.088016967126193 0.0864262990455991 0.0874867444326617 0.0864262990455991 0.0896076352067869 0.095440084835631 0.108165429480382 0.0858960763520679 0.0885471898197243 0.113467656415695 0.117709437963945 0.0811240721102863 0.0827147401908802 0.127253446447508 0.0837751855779427
"cheAbi" 0.0911983032873807 0 0.21898197242842 0.0471898197242842 0.0349946977730647 0.0270413573700954 0.0265111346765642 0.0519618239660657 0.0652173913043478 0.0874867444326617 0.0196182396606575 0.0323435843054083 0.0943796394485684 0.0980911983032874 0.0837751855779427 0.028101802757158 0.111876988335101 0.0312831389183457
"cheMyd" 0.252386002120891 0.21898197242842 0 0.221633085896076 0.221102863202545 0.217391304347826 0.217391304347826 0.205726405090138 0.23541887592789 0.241781548250265 0.223753976670201 0.221102863202545 0.247083775185578 0.251325556733828 0.238600212089077 0.216861081654295 0.258218451749735 0.217921527041357
"cheSer" 0.088016967126193 0.0471898197242842 0.221633085896076 0 0.0371155885471898 0.0371155885471898 0.0365853658536585 0.0535524920466596 0.0450689289501591 0.0747613997879109 0.0429480381760339 0.0381760339342524 0.0811240721102863 0.091728525980912 0.084305408271474 0.0334040296924708 0.104984093319194 0.0339342523860021
"chrPic" 0.0864262990455991 0.0349946977730647 0.221102863202545 0.0371155885471898 0 0.0286320254506893 0.0291622481442206 0.048780487804878 0.0567338282078473 0.0795334040296925 0.0302226935312831 0.0106044538706257 0.0890774125132556 0.0959703075291622 0.0795334040296925 0.0190880169671262 0.110816542948038 0.0100742311770944
"cuoAmb" 0.0874867444326617 0.0270413573700954 0.217391304347826 0.0371155885471898 0.0286320254506893 0 0.00901378579003181 0.0498409331919406 0.0540827147401909 0.0779427359490986 0.0233297985153765 0.0259809119830329 0.0853658536585366 0.0949098621420997 0.0816542948038176 0.0222693531283139 0.106044538706257 0.0238600212089077
"cuoMcc" 0.0864262990455991 0.0265111346765642 0.217391304347826 0.0365853658536585 0.0291622481442206 0.00901378579003181 0 0.0503711558854719 0.052492046659597 0.0779427359490986 0.0227995758218452 0.0275715800636267 0.0832449628844115 0.0911983032873807 0.0816542948038176 0.0227995758218452 0.104984093319194 0.024390243902439
"derCor" 0.0896076352067869 0.0519618239660657 0.205726405090138 0.0535524920466596 0.048780487804878 0.0498409331919406 0.0503711558854719 0 0.0678685047720042 0.0869565217391304 0.0493107104984093 0.048780487804878 0.0965005302226935 0.101802757158006 0.0811240721102863 0.0434782608695652 0.115058324496288 0.0429480381760339
"derMaw" 0.095440084835631 0.0652173913043478 0.23541887592789 0.0450689289501591 0.0567338282078473 0.0540827147401909 0.052492046659597 0.0678685047720042 0 0.0858960763520679 0.0609756097560976 0.0556733828207847 0.088016967126193 0.102332979851538 0.0965005302226935 0.0509013785790032 0.112937433722163 0.0535524920466596
"emySub" 0.108165429480382 0.0874867444326617 0.241781548250265 0.0747613997879109 0.0795334040296925 0.0779427359490986 0.0779427359490986 0.0869565217391304 0.0858960763520679 0 0.0811240721102863 0.0795334040296925 0.0482502651113468 0.0848356309650053 0.102332979851538 0.0742311770943796 0.0949098621420997 0.076882290562036
"gopAga" 0.0858960763520679 0.0196182396606575 0.223753976670201 0.0429480381760339 0.0302226935312831 0.0233297985153765 0.0227995758218452 0.0493107104984093 0.0609756097560976 0.0811240721102863 0 0.0296924708377519 0.091728525980912 0.0980911983032874 0.0811240721102863 0.0238600212089077 0.110286320254507 0.024390243902439
"malTer" 0.0885471898197243 0.0323435843054083 0.221102863202545 0.0381760339342524 0.0106044538706257 0.0259809119830329 0.0275715800636267 0.048780487804878 0.0556733828207847 0.0795334040296925 0.0296924708377519 0 0.0864262990455991 0.0933191940615058 0.0790031813361612 0.0196182396606575 0.109225874867444 0.0106044538706257
"mesTub" 0.113467656415695 0.0943796394485684 0.247083775185578 0.0811240721102863 0.0890774125132556 0.0853658536585366 0.0832449628844115 0.0965005302226935 0.088016967126193 0.0482502651113468 0.091728525980912 0.0864262990455991 0 0.0906680805938494 0.113467656415695 0.0832449628844115 0.100742311770944 0.0853658536585366
"pelCas" 0.117709437963945 0.0980911983032874 0.251325556733828 0.091728525980912 0.0959703075291622 0.0949098621420997 0.0911983032873807 0.101802757158006 0.102332979851538 0.0848356309650053 0.0980911983032874 0.0933191940615058 0.0906680805938494 0 0.113467656415695 0.091728525980912 0.080593849416755 0.0922587486744433
"pelSin" 0.0811240721102863 0.0837751855779427 0.238600212089077 0.084305408271474 0.0795334040296925 0.0816542948038176 0.0816542948038176 0.0811240721102863 0.0965005302226935 0.102332979851538 0.0811240721102863 0.0790031813361612 0.113467656415695 0.113467656415695 0 0.0774125132555673 0.125662778366914 0.0784729586426299
"plaMeg" 0.0827147401908802 0.028101802757158 0.216861081654295 0.0334040296924708 0.0190880169671262 0.0222693531283139 0.0227995758218452 0.0434782608695652 0.0509013785790032 0.0742311770943796 0.0238600212089077 0.0196182396606575 0.0832449628844115 0.091728525980912 0.0774125132555673 0 0.104453870625663 0.0153764581124072
"podExp" 0.127253446447508 0.111876988335101 0.258218451749735 0.104984093319194 0.110816542948038 0.106044538706257 0.104984093319194 0.115058324496288 0.112937433722163 0.0949098621420997 0.110286320254507 0.109225874867444 0.100742311770944 0.080593849416755 0.125662778366914 0.104453870625663 0 0.106044538706257
"terMex" 0.0837751855779427 0.0312831389183457 0.217921527041357 0.0339342523860021 0.0100742311770944 0.0238600212089077 0.024390243902439 0.0429480381760339 0.0535524920466596 0.076882290562036 0.024390243902439 0.0106044538706257 0.0853658536585366 0.0922587486744433 0.0784729586426299 0.0153764581124072 0.106044538706257 0
