"carIns" "cheAbi" "cheMyd" "cheSer" "chrPic" "cuoAmb" "cuoMcc" "derCor" "derMaw" "emySub" "gopAga" "malTer" "mesTub" "pelCas" "pelSin" "plaMeg" "podExp" "terMex"
"carIns" 0 0.111810261374637 0.103581800580833 0.10406582768635 0.104549854791868 0.10890609874153 0.106969990319458 0.111326234269119 0.118586640851888 0.111326234269119 0.109390125847047 0.116650532429816 0.117618586640852 0.116650532429816 0.128751210067764 0.0982575024201355 0.127783155856728 0.103581800580833
"cheAbi" 0.111810261374637 0 0.0450145208131655 0.0537270087124879 0.047918683446273 0.0363020329138432 0.0377541142303969 0.0561471442400774 0.0764762826718296 0.0871248789932236 0.0261374636979671 0.0619554695062924 0.0914811229428848 0.0919651500484027 0.116650532429816 0.0430784123910939 0.104549854791868 0.0416263310745402
"cheMyd" 0.103581800580833 0.0450145208131655 0 0.0358180058083253 0.0358180058083253 0.0358180058083253 0.0363020329138432 0.0275895450145208 0.0624394966118103 0.0759922555663117 0.0440464666021297 0.0488867376573088 0.0813165537270087 0.0837366892545983 0.104549854791868 0.0314617618586641 0.0982575024201355 0.0314617618586641
"cheSer" 0.10406582768635 0.0537270087124879 0.0358180058083253 0 0.0406582768635044 0.0450145208131655 0.0464666021297193 0.0498547918683446 0.0624394966118103 0.0784123910939013 0.0513068731848984 0.05324298160697 0.0856727976766699 0.0885769603097774 0.105517909002904 0.0343659244917715 0.105033881897386 0.0367860600193611
"chrPic" 0.104549854791868 0.047918683446273 0.0358180058083253 0.0406582768635044 0 0.0367860600193611 0.0382381413359148 0.0464666021297193 0.0624394966118103 0.0769603097773475 0.0450145208131655 0.0232333010648596 0.0832526621490804 0.0818005808325266 0.105033881897386 0.0261374636979671 0.101161665053243 0.015972894482091
"cuoAmb" 0.10890609874153 0.0363020329138432 0.0358180058083253 0.0450145208131655 0.0367860600193611 0 0.00726040658276864 0.0498547918683446 0.0696999031945789 0.0813165537270087 0.0343659244917715 0.0503388189738625 0.0837366892545983 0.0856727976766699 0.112778315585673 0.0309777347531462 0.102129719264279 0.0333978702807357
"cuoMcc" 0.106969990319458 0.0377541142303969 0.0363020329138432 0.0464666021297193 0.0382381413359148 0.00726040658276864 0 0.0513068731848984 0.0716360116166505 0.0788964181994192 0.0358180058083253 0.0517909002904163 0.0813165537270087 0.085188770571152 0.111326234269119 0.0314617618586641 0.102613746369797 0.0348499515972895
"derCor" 0.111326234269119 0.0561471442400774 0.0275895450145208 0.0498547918683446 0.0464666021297193 0.0498547918683446 0.0513068731848984 0 0.0735721200387222 0.0856727976766699 0.05324298160697 0.0590513068731849 0.0924491771539206 0.0900290416263311 0.116650532429816 0.0445304937076476 0.106969990319458 0.042594385285576
"derMaw" 0.118586640851888 0.0764762826718296 0.0624394966118103 0.0624394966118103 0.0624394966118103 0.0696999031945789 0.0716360116166505 0.0735721200387222 0 0.102613746369797 0.074540174249758 0.0769603097773475 0.105517909002904 0.10648596321394 0.124394966118103 0.058567279767667 0.119554695062924 0.0595353339787028
"emySub" 0.111326234269119 0.0871248789932236 0.0759922555663117 0.0784123910939013 0.0769603097773475 0.0813165537270087 0.0788964181994192 0.0856727976766699 0.102613746369797 0 0.0871248789932236 0.090513068731849 0.0464666021297193 0.0730880929332043 0.128751210067764 0.0716360116166505 0.0900290416263311 0.074540174249758
"gopAga" 0.109390125847047 0.0261374636979671 0.0440464666021297 0.0513068731848984 0.0450145208131655 0.0343659244917715 0.0358180058083253 0.05324298160697 0.074540174249758 0.0871248789932236 0 0.0580832526621491 0.0895450145208132 0.0895450145208132 0.117134559535334 0.0401742497579864 0.105517909002904 0.0387221684414327
"malTer" 0.116650532429816 0.0619554695062924 0.0488867376573088 0.05324298160697 0.0232333010648596 0.0503388189738625 0.0517909002904163 0.0590513068731849 0.0769603097773475 0.090513068731849 0.0580832526621491 0 0.0982575024201355 0.0963213939980639 0.117618586640852 0.0411423039690223 0.112778315585673 0.0309777347531462
"mesTub" 0.117618586640852 0.0914811229428848 0.0813165537270087 0.0856727976766699 0.0832526621490804 0.0837366892545983 0.0813165537270087 0.0924491771539206 0.105517909002904 0.0464666021297193 0.0895450145208132 0.0982575024201355 0 0.074540174249758 0.128267182962246 0.0774443368828654 0.0909970958373669 0.0822846079380445
"pelCas" 0.116650532429816 0.0919651500484027 0.0837366892545983 0.0885769603097774 0.0818005808325266 0.0856727976766699 0.085188770571152 0.0900290416263311 0.10648596321394 0.0730880929332043 0.0895450145208132 0.0963213939980639 0.074540174249758 0 0.130687318489835 0.0779283639883833 0.0774443368828654 0.0813165537270087
"pelSin" 0.128751210067764 0.116650532429816 0.104549854791868 0.105517909002904 0.105033881897386 0.112778315585673 0.111326234269119 0.116650532429816 0.124394966118103 0.128751210067764 0.117134559535334 0.117618586640852 0.128267182962246 0.130687318489835 0 0.103097773475315 0.142787996127783 0.105517909002904
"plaMeg" 0.0982575024201355 0.0430784123910939 0.0314617618586641 0.0343659244917715 0.0261374636979671 0.0309777347531462 0.0314617618586641 0.0445304937076476 0.058567279767667 0.0716360116166505 0.0401742497579864 0.0411423039690223 0.0774443368828654 0.0779283639883833 0.103097773475315 0 0.0977734753146176 0.0227492739593417
"podExp" 0.127783155856728 0.104549854791868 0.0982575024201355 0.105033881897386 0.101161665053243 0.102129719264279 0.102613746369797 0.106969990319458 0.119554695062924 0.0900290416263311 0.105517909002904 0.112778315585673 0.0909970958373669 0.0774443368828654 0.142787996127783 0.0977734753146176 0 0.0997095837366893
"terMex" 0.103581800580833 0.0416263310745402 0.0314617618586641 0.0367860600193611 0.015972894482091 0.0333978702807357 0.0348499515972895 0.042594385285576 0.0595353339787028 0.074540174249758 0.0387221684414327 0.0309777347531462 0.0822846079380445 0.0813165537270087 0.105517909002904 0.0227492739593417 0.0997095837366893 0
