"carIns" "cheAbi" "cheSer" "chrPic" "cuoAmb" "emySub" "gopAga" "mesTub" "pelCas" "pelSin" "plaMeg" "podExp" "terMex"
"carIns" 0 0.0889227642276423 0.0767276422764228 0.0731707317073171 0.0990853658536585 0.0914634146341463 0.0970528455284553 0.0960365853658537 0.10619918699187 0.0914634146341463 0.076219512195122 0.108231707317073 0.070630081300813
"cheAbi" 0.0889227642276423 0 0.0411585365853659 0.0365853658536585 0.038109756097561 0.0701219512195122 0.0309959349593496 0.0736788617886179 0.0828252032520325 0.0813008130081301 0.0360772357723577 0.0899390243902439 0.032520325203252
"cheSer" 0.0767276422764228 0.0411585365853659 0 0.0269308943089431 0.048780487804878 0.0533536585365854 0.048780487804878 0.056910569105691 0.0716463414634146 0.0691056910569106 0.0238821138211382 0.078760162601626 0.021849593495935
"chrPic" 0.0731707317073171 0.0365853658536585 0.0269308943089431 0 0.0457317073170732 0.0589430894308943 0.0457317073170732 0.0614837398373984 0.0741869918699187 0.070630081300813 0.0193089430894309 0.0797764227642276 0.00863821138211382
"cuoAmb" 0.0990853658536585 0.038109756097561 0.048780487804878 0.0457317073170732 0 0.0797764227642276 0.0431910569105691 0.0828252032520325 0.092479674796748 0.0914634146341463 0.0442073170731707 0.101117886178862 0.0411585365853659
"emySub" 0.0914634146341463 0.0701219512195122 0.0533536585365854 0.0589430894308943 0.0797764227642276 0 0.0792682926829268 0.0289634146341463 0.0614837398373984 0.0863821138211382 0.056910569105691 0.0716463414634146 0.0538617886178862
"gopAga" 0.0970528455284553 0.0309959349593496 0.048780487804878 0.0457317073170732 0.0431910569105691 0.0792682926829268 0 0.0807926829268293 0.0955284552845529 0.0889227642276423 0.0447154471544715 0.101626016260163 0.0416666666666667
"mesTub" 0.0960365853658537 0.0736788617886179 0.056910569105691 0.0614837398373984 0.0828252032520325 0.0289634146341463 0.0807926829268293 0 0.0660569105691057 0.0904471544715447 0.0594512195121951 0.0757113821138211 0.0564024390243902
"pelCas" 0.10619918699187 0.0828252032520325 0.0716463414634146 0.0741869918699187 0.092479674796748 0.0614837398373984 0.0955284552845529 0.0660569105691057 0 0.0980691056910569 0.0721544715447155 0.0685975609756098 0.0680894308943089
"pelSin" 0.0914634146341463 0.0813008130081301 0.0691056910569106 0.070630081300813 0.0914634146341463 0.0863821138211382 0.0889227642276423 0.0904471544715447 0.0980691056910569 0 0.0701219512195122 0.109756097560976 0.0670731707317073
"plaMeg" 0.076219512195122 0.0360772357723577 0.0238821138211382 0.0193089430894309 0.0442073170731707 0.056910569105691 0.0447154471544715 0.0594512195121951 0.0721544715447155 0.0701219512195122 0 0.0797764227642276 0.0142276422764228
"podExp" 0.108231707317073 0.0899390243902439 0.078760162601626 0.0797764227642276 0.101117886178862 0.0716463414634146 0.101626016260163 0.0757113821138211 0.0685975609756098 0.109756097560976 0.0797764227642276 0 0.076219512195122
"terMex" 0.070630081300813 0.032520325203252 0.021849593495935 0.00863821138211382 0.0411585365853659 0.0538617886178862 0.0416666666666667 0.0564024390243902 0.0680894308943089 0.0670731707317073 0.0142276422764228 0.076219512195122 0
