"carIns" "cheAbi" "cheMyd" "cheSer" "chrPic" "cuoAmb" "cuoMcc" "derCor" "derMaw" "emySub" "malTer" "mesTub" "pelCas" "pelSin" "plaMeg" "podExp" "terMex"
"carIns" 0 0.0471264367816092 0.0385057471264368 0.0436781609195402 0.0448275862068966 0.0442528735632184 0.0431034482758621 0.0402298850574713 0.0459770114942529 0.0511494252873563 0.133333333333333 0.0505747126436782 0.0632183908045977 0.0471264367816092 0.0454022988505747 0.0620689655172414 0.0442528735632184
"cheAbi" 0.0471264367816092 0 0.0166666666666667 0.021264367816092 0.014367816091954 0.00862068965517241 0.00747126436781609 0.0189655172413793 0.0235632183908046 0.035632183908046 0.106896551724138 0.0362068965517241 0.0477011494252874 0.0385057471264368 0.0132183908045977 0.0511494252873563 0.0132183908045977
"cheMyd" 0.0385057471264368 0.0166666666666667 0 0.0120689655172414 0.0132183908045977 0.014367816091954 0.0132183908045977 0.00804597701149425 0.0166666666666667 0.0293103448275862 0.105172413793103 0.0310344827586207 0.0431034482758621 0.0310344827586207 0.0137931034482759 0.0442528735632184 0.0126436781609195
"cheSer" 0.0436781609195402 0.021264367816092 0.0120689655172414 0 0.0160919540229885 0.0189655172413793 0.017816091954023 0.0149425287356322 0.0201149425287356 0.0333333333333333 0.109195402298851 0.0350574712643678 0.0448275862068966 0.0339080459770115 0.0160919540229885 0.0482758620689655 0.0160919540229885
"chrPic" 0.0448275862068966 0.014367816091954 0.0132183908045977 0.0160919540229885 0 0.0126436781609195 0.0114942528735632 0.0160919540229885 0.0195402298850575 0.0316091954022989 0.0971264367816092 0.0344827586206897 0.0425287356321839 0.0327586206896552 0.0103448275862069 0.0482758620689655 0.00689655172413793
"cuoAmb" 0.0442528735632184 0.00862068965517241 0.014367816091954 0.0189655172413793 0.0126436781609195 0 0.00229885057471264 0.0166666666666667 0.021264367816092 0.0333333333333333 0.105172413793103 0.0339080459770115 0.046551724137931 0.035632183908046 0.0114942528735632 0.05 0.0114942528735632
"cuoMcc" 0.0431034482758621 0.00747126436781609 0.0132183908045977 0.017816091954023 0.0114942528735632 0.00229885057471264 0 0.0155172413793103 0.0201149425287356 0.032183908045977 0.104022988505747 0.0327586206896552 0.0454022988505747 0.0344827586206897 0.0103448275862069 0.0488505747126437 0.0103448275862069
"derCor" 0.0402298850574713 0.0189655172413793 0.00804597701149425 0.0149425287356322 0.0160919540229885 0.0166666666666667 0.0155172413793103 0 0.0195402298850575 0.0316091954022989 0.107471264367816 0.0333333333333333 0.0459770114942529 0.0333333333333333 0.0160919540229885 0.046551724137931 0.0149425287356322
"derMaw" 0.0459770114942529 0.0235632183908046 0.0166666666666667 0.0201149425287356 0.0195402298850575 0.021264367816092 0.0201149425287356 0.0195402298850575 0 0.035632183908046 0.110919540229885 0.0362068965517241 0.0482758620689655 0.0367816091954023 0.0206896551724138 0.0517241379310345 0.0195402298850575
"emySub" 0.0511494252873563 0.035632183908046 0.0293103448275862 0.0333333333333333 0.0316091954022989 0.0333333333333333 0.032183908045977 0.0316091954022989 0.035632183908046 0 0.124137931034483 0.0183908045977011 0.0367816091954023 0.0396551724137931 0.0316091954022989 0.0373563218390805 0.0316091954022989
"malTer" 0.133333333333333 0.106896551724138 0.105172413793103 0.109195402298851 0.0971264367816092 0.105172413793103 0.104022988505747 0.107471264367816 0.110919540229885 0.124137931034483 0 0.126436781609195 0.135057471264368 0.127586206896552 0.101724137931034 0.137931034482759 0.0994252873563218
"mesTub" 0.0505747126436782 0.0362068965517241 0.0310344827586207 0.0350574712643678 0.0344827586206897 0.0339080459770115 0.0327586206896552 0.0333333333333333 0.0362068965517241 0.0183908045977011 0.126436781609195 0 0.0402298850574713 0.0431034482758621 0.0344827586206897 0.0419540229885058 0.0344827586206897
"pelCas" 0.0632183908045977 0.0477011494252874 0.0431034482758621 0.0448275862068966 0.0425287356321839 0.046551724137931 0.0454022988505747 0.0459770114942529 0.0482758620689655 0.0367816091954023 0.135057471264368 0.0402298850574713 0 0.0557471264367816 0.0459770114942529 0.0316091954022989 0.0436781609195402
"pelSin" 0.0471264367816092 0.0385057471264368 0.0310344827586207 0.0339080459770115 0.0327586206896552 0.035632183908046 0.0344827586206897 0.0333333333333333 0.0367816091954023 0.0396551724137931 0.127586206896552 0.0431034482758621 0.0557471264367816 0 0.0339080459770115 0.0557471264367816 0.0339080459770115
"plaMeg" 0.0454022988505747 0.0132183908045977 0.0137931034482759 0.0160919540229885 0.0103448275862069 0.0114942528735632 0.0103448275862069 0.0160919540229885 0.0206896551724138 0.0316091954022989 0.101724137931034 0.0344827586206897 0.0459770114942529 0.0339080459770115 0 0.0505747126436782 0.00919540229885057
"podExp" 0.0620689655172414 0.0511494252873563 0.0442528735632184 0.0482758620689655 0.0482758620689655 0.05 0.0488505747126437 0.046551724137931 0.0517241379310345 0.0373563218390805 0.137931034482759 0.0419540229885058 0.0316091954022989 0.0557471264367816 0.0505747126436782 0 0.0482758620689655
"terMex" 0.0442528735632184 0.0132183908045977 0.0126436781609195 0.0160919540229885 0.00689655172413793 0.0114942528735632 0.0103448275862069 0.0149425287356322 0.0195402298850575 0.0316091954022989 0.0994252873563218 0.0344827586206897 0.0436781609195402 0.0339080459770115 0.00919540229885057 0.0482758620689655 0
