"carIns" "cheAbi" "cheMyd" "chrPic" "cuoAmb" "cuoMcc" "derMaw" "emySub" "gopAga" "malTer" "mesTub" "pelCas" "pelSin" "plaMeg" "podExp"
"carIns" 0 0.0890360559234731 0.103752759381898 0.0846210448859455 0.0849889624724062 0.0835172921265637 0.0989698307579102 0.101545253863135 0.0860927152317881 0.0875643855776306 0.126931567328918 0.111111111111111 0.0978660779985283 0.0816777041942605 0.116629874908021
"cheAbi" 0.0890360559234731 0 0.0529801324503311 0.0257542310522443 0.0187637969094923 0.0191317144959529 0.0478292862398823 0.0676968359087564 0.0183958793230316 0.0283296541574687 0.0949227373068433 0.0754231052244297 0.0927152317880795 0.0194996320824135 0.0849889624724062
"cheMyd" 0.103752759381898 0.0529801324503311 0 0.0437821927888153 0.047093451066961 0.047093451066961 0.051140544518028 0.0783664459161148 0.0507726269315673 0.0463576158940397 0.100073583517292 0.0875643855776306 0.0993377483443709 0.0389992641648271 0.0956585724797645
"chrPic" 0.0846210448859455 0.0257542310522443 0.0437821927888153 0 0.0198675496688742 0.0206033848417954 0.0397350993377483 0.061074319352465 0.0272259013980868 0.0033112582781457 0.0857247976453274 0.0699043414275202 0.0868285504047093 0.0125091979396615 0.0776306107431935
"cuoAmb" 0.0849889624724062 0.0187637969094923 0.047093451066961 0.0198675496688742 0 0.00441501103752759 0.0419426048565121 0.062178072111847 0.0191317144959529 0.0224429727740986 0.0890360559234731 0.0713760117733628 0.0897718910963944 0.0125091979396615 0.080206033848418
"cuoMcc" 0.0835172921265637 0.0191317144959529 0.047093451066961 0.0206033848417954 0.00441501103752759 0 0.0412067696835909 0.062178072111847 0.0194996320824135 0.0231788079470199 0.0894039735099338 0.0706401766004415 0.090139808682855 0.0132450331125828 0.080206033848418
"derMaw" 0.0989698307579102 0.0478292862398823 0.051140544518028 0.0397350993377483 0.0419426048565121 0.0412067696835909 0 0.0743193524650478 0.0463576158940397 0.0419426048565121 0.098233995584989 0.0809418690213392 0.0989698307579102 0.0349521707137601 0.090139808682855
"emySub" 0.101545253863135 0.0676968359087564 0.0783664459161148 0.061074319352465 0.062178072111847 0.062178072111847 0.0743193524650478 0 0.0662251655629139 0.0614422369389257 0.0632818248712288 0.065121412803532 0.106696100073584 0.0570272259013981 0.0750551876379691
"gopAga" 0.0860927152317881 0.0183958793230316 0.0507726269315673 0.0272259013980868 0.0191317144959529 0.0194996320824135 0.0463576158940397 0.0662251655629139 0 0.0298013245033113 0.0930831493745401 0.0746872700515085 0.0927152317880795 0.0176600441501104 0.0853568800588668
"malTer" 0.0875643855776306 0.0283296541574687 0.0463576158940397 0.0033112582781457 0.0224429727740986 0.0231788079470199 0.0419426048565121 0.0614422369389257 0.0298013245033113 0 0.0868285504047093 0.0717439293598234 0.0890360559234731 0.0150846210448859 0.0794701986754967
"mesTub" 0.126931567328918 0.0949227373068433 0.100073583517292 0.0857247976453274 0.0890360559234731 0.0894039735099338 0.098233995584989 0.0632818248712288 0.0930831493745401 0.0868285504047093 0 0.0912435614422369 0.131714495952907 0.0835172921265637 0.101545253863135
"pelCas" 0.111111111111111 0.0754231052244297 0.0875643855776306 0.0699043414275202 0.0713760117733628 0.0706401766004415 0.0809418690213392 0.065121412803532 0.0746872700515085 0.0717439293598234 0.0912435614422369 0 0.111111111111111 0.0676968359087564 0.0636497424576895
"pelSin" 0.0978660779985283 0.0927152317880795 0.0993377483443709 0.0868285504047093 0.0897718910963944 0.090139808682855 0.0989698307579102 0.106696100073584 0.0927152317880795 0.0890360559234731 0.131714495952907 0.111111111111111 0 0.083149374540103 0.121044885945548
"plaMeg" 0.0816777041942605 0.0194996320824135 0.0389992641648271 0.0125091979396615 0.0125091979396615 0.0132450331125828 0.0349521707137601 0.0570272259013981 0.0176600441501104 0.0150846210448859 0.0835172921265637 0.0676968359087564 0.083149374540103 0 0.0765268579838116
"podExp" 0.116629874908021 0.0849889624724062 0.0956585724797645 0.0776306107431935 0.080206033848418 0.080206033848418 0.090139808682855 0.0750551876379691 0.0853568800588668 0.0794701986754967 0.101545253863135 0.0636497424576895 0.121044885945548 0.0765268579838116 0
