"carIns" "cheAbi" "cheMyd" "cheSer" "chrPic" "cuoAmb" "cuoMcc" "derMaw" "emySub" "gopAga" "malTer" "mesTub" "pelCas" "pelSin" "plaMeg" "podExp" "terMex"
"carIns" 0 0.0839902971497878 0.0755003032140691 0.114311704063069 0.114311704063069 0.122801697998787 0.0785324439053972 0.0679199514857489 0.0751970891449363 0.0830806549423893 0.105215281989084 0.100667070952092 0.0861127956337174 0.0858095815645846 0.119466343238326 0.0894481503941783 0.0748938750758035
"cheAbi" 0.0839902971497878 0 0.0533656761673742 0.102183141297756 0.0818677986658581 0.0803517283201941 0.0363856882959369 0.0530624620982414 0.0712553062462098 0.0269860521528199 0.0839902971497878 0.0924802910855064 0.0779260157671316 0.0830806549423893 0.102486355366889 0.0833838690115221 0.0382049727107338
"cheMyd" 0.0755003032140691 0.0533656761673742 0 0.0906610066707095 0.0806549423893269 0.0848999393571862 0.0397210430563978 0.039417828987265 0.0588235294117647 0.0509399636143117 0.070952092177077 0.086719223771983 0.0673135233474833 0.0770163735597332 0.093086719223772 0.070952092177077 0.037901758641601
"cheSer" 0.114311704063069 0.102183141297756 0.0906610066707095 0 0.134323832625834 0.137962401455428 0.0918738629472408 0.0794420861127956 0.0958156458459673 0.102183141297756 0.121285627653123 0.12310491206792 0.106428138265616 0.108550636749545 0.123408126137053 0.109157064887811 0.0885385081867799
"chrPic" 0.114311704063069 0.0818677986658581 0.0806549423893269 0.134323832625834 0 0.119163129169193 0.0718617343844754 0.0833838690115221 0.101879927228623 0.0800485142510612 0.0785324439053972 0.111885991510006 0.108550636749545 0.115221346270467 0.117647058823529 0.114311704063069 0.0667070952092177
"cuoAmb" 0.122801697998787 0.0803517283201941 0.0848999393571862 0.137962401455428 0.119163129169193 0 0.0554881746513038 0.0885385081867799 0.107034566403881 0.07883565797453 0.118253486961795 0.134323832625834 0.114008489993936 0.118556701030928 0.141297756215888 0.117040630685264 0.0712553062462098
"cuoMcc" 0.0785324439053972 0.0363856882959369 0.0397210430563978 0.0918738629472408 0.0718617343844754 0.0554881746513038 0 0.0418435415403275 0.0621588841722256 0.033050333535476 0.0724681625227411 0.0903577926015767 0.0691328077622802 0.0742874469375379 0.0952092177077016 0.0739842328684051 0.023650697392359
"derMaw" 0.0679199514857489 0.0530624620982414 0.039417828987265 0.0794420861127956 0.0833838690115221 0.0885385081867799 0.0418435415403275 0 0.0494238932686477 0.0527592480291086 0.0691328077622802 0.0748938750758035 0.0557913887204366 0.070952092177077 0.093086719223772 0.0588235294117647 0.0385081867798666
"emySub" 0.0751970891449363 0.0712553062462098 0.0588235294117647 0.0958156458459673 0.101879927228623 0.107034566403881 0.0621588841722256 0.0494238932686477 0 0.0688295936931474 0.0870224378411158 0.0506367495451789 0.0442692540933899 0.0785324439053972 0.108853850818678 0.0494238932686477 0.0563978168587022
"gopAga" 0.0830806549423893 0.0269860521528199 0.0509399636143117 0.102183141297756 0.0800485142510612 0.07883565797453 0.033050333535476 0.0527592480291086 0.0688295936931474 0 0.0836870830806549 0.0921770770163736 0.0764099454214676 0.0839902971497878 0.102486355366889 0.0821710127349909 0.0363856882959369
"malTer" 0.105215281989084 0.0839902971497878 0.070952092177077 0.121285627653123 0.0785324439053972 0.118253486961795 0.0724681625227411 0.0691328077622802 0.0870224378411158 0.0836870830806549 0 0.114918132201334 0.0939963614311704 0.10794420861128 0.123408126137053 0.0985445724681625 0.0654942389326865
"mesTub" 0.100667070952092 0.0924802910855064 0.086719223771983 0.12310491206792 0.111885991510006 0.134323832625834 0.0903577926015767 0.0748938750758035 0.0506367495451789 0.0921770770163736 0.114918132201334 0 0.0724681625227411 0.105215281989084 0.117950272892662 0.0803517283201941 0.085203153426319
"pelCas" 0.0861127956337174 0.0779260157671316 0.0673135233474833 0.106428138265616 0.108550636749545 0.114008489993936 0.0691328077622802 0.0557913887204366 0.0442692540933899 0.0764099454214676 0.0939963614311704 0.0724681625227411 0 0.0858095815645846 0.114918132201334 0.0427531837477259 0.0636749545178896
"pelSin" 0.0858095815645846 0.0830806549423893 0.0770163735597332 0.108550636749545 0.115221346270467 0.118556701030928 0.0742874469375379 0.070952092177077 0.0785324439053972 0.0839902971497878 0.10794420861128 0.105215281989084 0.0858095815645846 0 0.133110976349303 0.0879320800485143 0.0712553062462098
"plaMeg" 0.119466343238326 0.102486355366889 0.093086719223772 0.123408126137053 0.117647058823529 0.141297756215888 0.0952092177077016 0.093086719223772 0.108853850818678 0.102486355366889 0.123408126137053 0.117950272892662 0.114918132201334 0.133110976349303 0 0.120679199514857 0.0939963614311704
"podExp" 0.0894481503941783 0.0833838690115221 0.070952092177077 0.109157064887811 0.114311704063069 0.117040630685264 0.0739842328684051 0.0588235294117647 0.0494238932686477 0.0821710127349909 0.0985445724681625 0.0803517283201941 0.0427531837477259 0.0879320800485143 0.120679199514857 0 0.0703456640388114
"terMex" 0.0748938750758035 0.0382049727107338 0.037901758641601 0.0885385081867799 0.0667070952092177 0.0712553062462098 0.023650697392359 0.0385081867798666 0.0563978168587022 0.0363856882959369 0.0654942389326865 0.085203153426319 0.0636749545178896 0.0712553062462098 0.0939963614311704 0.0703456640388114 0
