"carIns" "cheAbi" "cheMyd" "cheSer" "chrPic" "cuoAmb" "cuoMcc" "derCor" "derMaw" "emySub" "gopAga" "pelCas" "pelSin" "plaMeg" "podExp" "terMex"
"carIns" 0 0.0657980456026059 0.0586319218241042 0.0618892508143322 0.0599348534201954 0.0716612377850163 0.0644951140065147 0.0612377850162866 0.0651465798045603 0.0684039087947883 0.0625407166123779 0.0749185667752443 0.0703583061889251 0.0579804560260586 0.0716612377850163 0.0592833876221498
"cheAbi" 0.0657980456026059 0 0.0299674267100977 0.0241042345276873 0.0214983713355049 0.0306188925081433 0.0195439739413681 0.0299674267100977 0.0390879478827362 0.0521172638436482 0.0143322475570033 0.060586319218241 0.0690553745928339 0.0169381107491857 0.0657980456026059 0.0201954397394137
"cheMyd" 0.0586319218241042 0.0299674267100977 0 0.0195439739413681 0.0267100977198697 0.0358306188925081 0.0273615635179153 0.0162866449511401 0.0306188925081433 0.0456026058631922 0.0273615635179153 0.0495114006514658 0.0586319218241042 0.0221498371335505 0.0553745928338762 0.0254071661237785
"cheSer" 0.0618892508143322 0.0241042345276873 0.0195439739413681 0 0.0228013029315961 0.0338762214983713 0.0241042345276873 0.0214983713355049 0.0293159609120521 0.0456026058631922 0.0214983713355049 0.0488599348534202 0.0625407166123779 0.0182410423452769 0.0586319218241042 0.0201954397394137
"chrPic" 0.0599348534201954 0.0214983713355049 0.0267100977198697 0.0228013029315961 0 0.0312703583061889 0.0208469055374593 0.0247557003257329 0.0345276872964169 0.0469055374592834 0.0195439739413681 0.0566775244299674 0.063843648208469 0.0130293159609121 0.0592833876221498 0.00846905537459283
"cuoAmb" 0.0716612377850163 0.0306188925081433 0.0358306188925081 0.0338762214983713 0.0312703583061889 0 0.0162866449511401 0.0384364820846906 0.047557003257329 0.0586319218241042 0.0247557003257329 0.0671009771986971 0.0651465798045603 0.0254071661237785 0.0710097719869707 0.0293159609120521
"cuoMcc" 0.0644951140065147 0.0195439739413681 0.0273615635179153 0.0241042345276873 0.0208469055374593 0.0162866449511401 0 0.0293159609120521 0.0371335504885993 0.0495114006514658 0.0149837133550489 0.0579804560260586 0.0664495114006515 0.0149837133550489 0.060586319218241 0.0188925081433225
"derCor" 0.0612377850162866 0.0299674267100977 0.0162866449511401 0.0214983713355049 0.0247557003257329 0.0384364820846906 0.0293159609120521 0 0.0332247557003257 0.0462540716612378 0.0280130293159609 0.0514657980456026 0.0612377850162866 0.0214983713355049 0.0599348534201954 0.0234527687296417
"derMaw" 0.0651465798045603 0.0390879478827362 0.0306188925081433 0.0293159609120521 0.0345276872964169 0.047557003257329 0.0371335504885993 0.0332247557003257 0 0.0527687296416938 0.0338762214983713 0.0553745928338762 0.0697068403908795 0.0306188925081433 0.0625407166123779 0.0338762214983713
"emySub" 0.0684039087947883 0.0521172638436482 0.0456026058631922 0.0456026058631922 0.0469055374592834 0.0586319218241042 0.0495114006514658 0.0462540716612378 0.0527687296416938 0 0.0495114006514658 0.0429967426710098 0.0697068403908795 0.0429967426710098 0.0488599348534202 0.0436482084690554
"gopAga" 0.0625407166123779 0.0143322475570033 0.0273615635179153 0.0214983713355049 0.0195439739413681 0.0247557003257329 0.0149837133550489 0.0280130293159609 0.0338762214983713 0.0495114006514658 0 0.057328990228013 0.0651465798045603 0.0143322475570033 0.0612377850162866 0.0175895765472313
"pelCas" 0.0749185667752443 0.060586319218241 0.0495114006514658 0.0488599348534202 0.0566775244299674 0.0671009771986971 0.0579804560260586 0.0514657980456026 0.0553745928338762 0.0429967426710098 0.057328990228013 0 0.0794788273615635 0.0534201954397394 0.0423452768729642 0.0566775244299674
"pelSin" 0.0703583061889251 0.0690553745928339 0.0586319218241042 0.0625407166123779 0.063843648208469 0.0651465798045603 0.0664495114006515 0.0612377850162866 0.0697068403908795 0.0697068403908795 0.0651465798045603 0.0794788273615635 0 0.060586319218241 0.0820846905537459 0.0592833876221498
"plaMeg" 0.0579804560260586 0.0169381107491857 0.0221498371335505 0.0182410423452769 0.0130293159609121 0.0254071661237785 0.0149837133550489 0.0214983713355049 0.0306188925081433 0.0429967426710098 0.0143322475570033 0.0534201954397394 0.060586319218241 0 0.0566775244299674 0.0104234527687296
"podExp" 0.0716612377850163 0.0657980456026059 0.0553745928338762 0.0586319218241042 0.0592833876221498 0.0710097719869707 0.060586319218241 0.0599348534201954 0.0625407166123779 0.0488599348534202 0.0612377850162866 0.0423452768729642 0.0820846905537459 0.0566775244299674 0 0.0586319218241042
"terMex" 0.0592833876221498 0.0201954397394137 0.0254071661237785 0.0201954397394137 0.00846905537459283 0.0293159609120521 0.0188925081433225 0.0234527687296417 0.0338762214983713 0.0436482084690554 0.0175895765472313 0.0566775244299674 0.0592833876221498 0.0104234527687296 0.0586319218241042 0
