"carIns" "cheAbi" "cheMyd" "cheSer" "chrPic" "cuoAmb" "cuoMcc" "derCor" "derMaw" "emySub" "gopAga" "malTer" "mesTub" "pelCas" "plaMeg" "podExp" "terMex"
"carIns" 0 0.19933237958989 0.168335717691941 0.16690510252742 0.198378636146876 0.175488793514545 0.175011921793038 0.293276108726753 0.183595612780162 0.162136385312351 0.172150691463996 0.16690510252742 0.169289461134955 0.184549356223176 0.159752026704816 0.216499761564139 0.156413924654268
"cheAbi" 0.19933237958989 0 0.130185979971388 0.136385312350978 0.158798283261803 0.134000953743443 0.136385312350978 0.261325703385789 0.150691463996185 0.14687649022413 0.116833571769194 0.127801621363853 0.154983309489747 0.161659513590844 0.117787315212208 0.182164997615641 0.116833571769194
"cheMyd" 0.168335717691941 0.130185979971388 0 0.0381497377205532 0.139246542680019 0.0944206008583691 0.0934668574153553 0.175965665236052 0.0953743443013829 0.0572246065808298 0.0433953266571292 0.0400572246065808 0.0739151168335718 0.0767763471626133 0.0319504053409633 0.144492131616595 0.0295660467334287
"cheSer" 0.16690510252742 0.136385312350978 0.0381497377205532 0 0.139723414401526 0.0944206008583691 0.0953743443013829 0.185026227944683 0.0963280877443968 0.0529327610872675 0.0443490701001431 0.0371959942775393 0.0696232713400095 0.0805913209346686 0.0305197901764425 0.148783977110157 0.027658559847401
"chrPic" 0.198378636146876 0.158798283261803 0.139246542680019 0.139723414401526 0 0.147353361945637 0.140200286123033 0.263233190271817 0.162613257033858 0.156413924654268 0.138769670958512 0.125894134477825 0.155460181211254 0.168812589413448 0.127801621363853 0.190271816881259 0.123032904148784
"cuoAmb" 0.175488793514545 0.134000953743443 0.0944206008583691 0.0944206008583691 0.147353361945637 0 0.0753457319980925 0.228421554601812 0.11444921316166 0.110157367668097 0.0844062947067239 0.0896518836433 0.117787315212208 0.130662851692895 0.078206962327134 0.158798283261803 0.0767763471626133
"cuoMcc" 0.175011921793038 0.136385312350978 0.0934668574153553 0.0953743443013829 0.140200286123033 0.0753457319980925 0 0.225560324272771 0.103958035288507 0.109203624225083 0.083929422985217 0.0906056270863138 0.118264186933715 0.132093466857415 0.078206962327134 0.160228898426323 0.0767763471626133
"derCor" 0.293276108726753 0.261325703385789 0.175965665236052 0.185026227944683 0.263233190271817 0.228421554601812 0.225560324272771 0 0.234144015259895 0.202670481640439 0.188364329995231 0.184072484501669 0.216976633285646 0.214115402956605 0.177873152122079 0.2689556509299 0.175488793514545
"derMaw" 0.183595612780162 0.150691463996185 0.0953743443013829 0.0963280877443968 0.162613257033858 0.11444921316166 0.103958035288507 0.234144015259895 0 0.10968049594659 0.101573676680973 0.0996661897949452 0.120648545541249 0.136862184072484 0.0886981402002861 0.164997615641392 0.0844062947067239
"emySub" 0.162136385312351 0.14687649022413 0.0572246065808298 0.0529327610872675 0.156413924654268 0.110157367668097 0.109203624225083 0.202670481640439 0.10968049594659 0 0.0596089651883643 0.0548402479732952 0.0433953266571292 0.0648545541249404 0.0462565569861707 0.13447782546495 0.0419647114926085
"gopAga" 0.172150691463996 0.116833571769194 0.0433953266571292 0.0443490701001431 0.138769670958512 0.0844062947067239 0.083929422985217 0.188364329995231 0.101573676680973 0.0596089651883643 0 0.0386266094420601 0.0762994754411063 0.0820219360991893 0.028135431568908 0.150214592274678 0.0252742012398665
"malTer" 0.16690510252742 0.127801621363853 0.0400572246065808 0.0371959942775393 0.125894134477825 0.0896518836433 0.0906056270863138 0.184072484501669 0.0996661897949452 0.0548402479732952 0.0386266094420601 0 0.0739151168335718 0.0753457319980925 0.0262279446828803 0.143061516452074 0.0205054840247973
"mesTub" 0.169289461134955 0.154983309489747 0.0739151168335718 0.0696232713400095 0.155460181211254 0.117787315212208 0.118264186933715 0.216976633285646 0.120648545541249 0.0433953266571292 0.0762994754411063 0.0739151168335718 0 0.0853600381497377 0.0634239389604196 0.142107773009061 0.0591320934668574
"pelCas" 0.184549356223176 0.161659513590844 0.0767763471626133 0.0805913209346686 0.168812589413448 0.130662851692895 0.132093466857415 0.214115402956605 0.136862184072484 0.0648545541249404 0.0820219360991893 0.0753457319980925 0.0853600381497377 0 0.0701001430615164 0.131139723414402 0.0653314258464473
"plaMeg" 0.159752026704816 0.117787315212208 0.0319504053409633 0.0305197901764425 0.127801621363853 0.078206962327134 0.078206962327134 0.177873152122079 0.0886981402002861 0.0462565569861707 0.028135431568908 0.0262279446828803 0.0634239389604196 0.0701001430615164 0 0.141154029566047 0.0119217930376729
"podExp" 0.216499761564139 0.182164997615641 0.144492131616595 0.148783977110157 0.190271816881259 0.158798283261803 0.160228898426323 0.2689556509299 0.164997615641392 0.13447782546495 0.150214592274678 0.143061516452074 0.142107773009061 0.131139723414402 0.141154029566047 0 0.135908440629471
"terMex" 0.156413924654268 0.116833571769194 0.0295660467334287 0.027658559847401 0.123032904148784 0.0767763471626133 0.0767763471626133 0.175488793514545 0.0844062947067239 0.0419647114926085 0.0252742012398665 0.0205054840247973 0.0591320934668574 0.0653314258464473 0.0119217930376729 0.135908440629471 0
