"carIns" "cheAbi" "cheMyd" "cheSer" "chrPic" "cuoAmb" "cuoMcc" "derCor" "derMaw" "emySub" "gopAga" "malTer" "mesTub" "pelCas" "plaMeg" "podExp" "terMex"
"carIns" 0 0.0812013348164627 0.0711902113459399 0.0756395995550612 0.075083426028921 0.0934371523915462 0.078420467185762 0.0767519466073415 0.0806451612903226 0.0812013348164627 0.0812013348164627 0.0761957730812013 0.0878754171301446 0.101223581757508 0.0700778642936596 0.101779755283648 0.0711902113459399
"cheAbi" 0.0812013348164627 0 0.0389321468298109 0.0372636262513904 0.0283648498331479 0.0383759733036707 0.0222469410456062 0.0422691879866518 0.0433815350389321 0.0650723025583982 0.0166852057842047 0.0283648498331479 0.0684093437152392 0.0878754171301446 0.025027808676307 0.0906562847608454 0.0239154616240267
"cheMyd" 0.0711902113459399 0.0389321468298109 0 0.0289210233592881 0.032258064516129 0.0528364849833148 0.0367074527252503 0.017797552836485 0.0378197997775306 0.0550611790878754 0.0394883203559511 0.0333704115684093 0.0561735261401557 0.0817575083426029 0.0278086763070078 0.0817575083426029 0.0283648498331479
"cheSer" 0.0756395995550612 0.0372636262513904 0.0289210233592881 0 0.0289210233592881 0.053392658509455 0.0361512791991101 0.0294771968854283 0.0361512791991101 0.0578420467185762 0.0378197997775306 0.0300333704115684 0.0611790878754171 0.0828698553948832 0.0272525027808676 0.0817575083426029 0.0261401557285873
"chrPic" 0.075083426028921 0.0283648498331479 0.032258064516129 0.0289210233592881 0 0.0444938820912125 0.0283648498331479 0.0367074527252503 0.0411568409343715 0.0611790878754171 0.0289210233592881 0.00667408231368187 0.0656284760845384 0.0867630700778643 0.0189098998887653 0.0884315906562848 0.0111234705228031
"cuoAmb" 0.0934371523915462 0.0383759733036707 0.0528364849833148 0.053392658509455 0.0444938820912125 0 0.0228031145717464 0.0556173526140156 0.0595105672969967 0.0800889877641824 0.0389321468298109 0.0450500556173526 0.0817575083426029 0.104004449388209 0.0400444938820912 0.10567296996663 0.0389321468298109
"cuoMcc" 0.078420467185762 0.0222469410456062 0.0367074527252503 0.0361512791991101 0.0283648498331479 0.0228031145717464 0 0.0400444938820912 0.0433815350389321 0.0650723025583982 0.0228031145717464 0.0289210233592881 0.0661846496106785 0.0878754171301446 0.0239154616240267 0.0884315906562848 0.0228031145717464
"derCor" 0.0767519466073415 0.0422691879866518 0.017797552836485 0.0294771968854283 0.0367074527252503 0.0556173526140156 0.0400444938820912 0 0.0417130144605117 0.060622914349277 0.0417130144605117 0.0378197997775306 0.0645161290322581 0.085650723025584 0.032258064516129 0.0839822024471635 0.0317018909899889
"derMaw" 0.0806451612903226 0.0433815350389321 0.0378197997775306 0.0361512791991101 0.0411568409343715 0.0595105672969967 0.0433815350389321 0.0417130144605117 0 0.067853170189099 0.0444938820912125 0.0411568409343715 0.0650723025583982 0.0878754171301446 0.0339265850945495 0.0895439377085651 0.03559510567297
"emySub" 0.0812013348164627 0.0650723025583982 0.0550611790878754 0.0578420467185762 0.0611790878754171 0.0800889877641824 0.0650723025583982 0.060622914349277 0.067853170189099 0 0.0667408231368187 0.0634037819799778 0.0378197997775306 0.0728587319243604 0.0550611790878754 0.0723025583982203 0.0556173526140156
"gopAga" 0.0812013348164627 0.0166852057842047 0.0394883203559511 0.0378197997775306 0.0289210233592881 0.0389321468298109 0.0228031145717464 0.0417130144605117 0.0444938820912125 0.0667408231368187 0 0.0289210233592881 0.0689655172413793 0.0884315906562848 0.0233592880978865 0.0923248053392658 0.0244716351501669
"malTer" 0.0761957730812013 0.0283648498331479 0.0333704115684093 0.0300333704115684 0.00667408231368187 0.0450500556173526 0.0289210233592881 0.0378197997775306 0.0411568409343715 0.0634037819799778 0.0289210233592881 0 0.0667408231368187 0.0867630700778643 0.0200222469410456 0.0884315906562848 0.0133481646273637
"mesTub" 0.0878754171301446 0.0684093437152392 0.0561735261401557 0.0611790878754171 0.0656284760845384 0.0817575083426029 0.0661846496106785 0.0645161290322581 0.0650723025583982 0.0378197997775306 0.0689655172413793 0.0667408231368187 0 0.0812013348164627 0.0589543937708565 0.0756395995550612 0.0583982202447164
"pelCas" 0.101223581757508 0.0878754171301446 0.0817575083426029 0.0828698553948832 0.0867630700778643 0.104004449388209 0.0878754171301446 0.085650723025584 0.0878754171301446 0.0728587319243604 0.0884315906562848 0.0867630700778643 0.0812013348164627 0 0.0789766407119021 0.0767519466073415 0.0806451612903226
"plaMeg" 0.0700778642936596 0.025027808676307 0.0278086763070078 0.0272525027808676 0.0189098998887653 0.0400444938820912 0.0239154616240267 0.032258064516129 0.0339265850945495 0.0550611790878754 0.0233592880978865 0.0200222469410456 0.0589543937708565 0.0789766407119021 0 0.082313681868743 0.014460511679644
"podExp" 0.101779755283648 0.0906562847608454 0.0817575083426029 0.0817575083426029 0.0884315906562848 0.10567296996663 0.0884315906562848 0.0839822024471635 0.0895439377085651 0.0723025583982203 0.0923248053392658 0.0884315906562848 0.0756395995550612 0.0767519466073415 0.082313681868743 0 0.0817575083426029
"terMex" 0.0711902113459399 0.0239154616240267 0.0283648498331479 0.0261401557285873 0.0111234705228031 0.0389321468298109 0.0228031145717464 0.0317018909899889 0.03559510567297 0.0556173526140156 0.0244716351501669 0.0133481646273637 0.0583982202447164 0.0806451612903226 0.014460511679644 0.0817575083426029 0
