"carIns" "cheAbi" "cheMyd" "cuoMcc" "derMaw" "emySub" "gopAga" "malTer" "pelCas" "pelSin" "plaMeg" "podExp" "terMex"
"carIns" 0 0.122665690223361 0.119370194068107 0.117905529110216 0.130721347491761 0.170267301354815 0.148663493225925 0.233980227023068 0.184913950933724 0.138410838520688 0.11570853167338 0.294397656536067 0.117905529110216
"cheAbi" 0.122665690223361 0 0.0421091175393629 0.0212376418894178 0.0585865983156353 0.119370194068107 0.0519956060051263 0.158183815452215 0.150494324423288 0.102892713291834 0.0267301354815086 0.244599047967777 0.0307579641157085
"cheMyd" 0.119370194068107 0.0421091175393629 0 0.0329549615525449 0.0494324423288173 0.112046869278653 0.0717685829366532 0.159282314170633 0.144635664591725 0.100329549615525 0.0281948004393995 0.244599047967777 0.0311241303551813
"cuoMcc" 0.117905529110216 0.0212376418894178 0.0329549615525449 0 0.0534602709630172 0.113145367997071 0.052361772244599 0.150494324423288 0.144635664591725 0.09959721713658 0.0201391431709996 0.243866715488832 0.0227023068473087
"derMaw" 0.130721347491761 0.0585865983156353 0.0494324423288173 0.0534602709630172 0 0.12522885389967 0.0860490662760893 0.182716953496888 0.158549981691688 0.111314536799707 0.0483339436103991 0.255217868912486 0.0527279384840718
"emySub" 0.170267301354815 0.119370194068107 0.112046869278653 0.113145367997071 0.12522885389967 0 0.12779201757598 0.198828268033687 0.177224459904797 0.153057488099597 0.109117539362871 0.274258513365068 0.114610032954962
"gopAga" 0.148663493225925 0.0519956060051263 0.0717685829366532 0.052361772244599 0.0860490662760893 0.12779201757598 0 0.167337971439033 0.17502746246796 0.132186012449652 0.0567557671182717 0.273892347125595 0.0615159282314171
"malTer" 0.233980227023068 0.158183815452215 0.159282314170633 0.150494324423288 0.182716953496888 0.198828268033687 0.167337971439033 0 0.262175027462468 0.213474917612596 0.149761991944343 0.360307579641157 0.14134016843647
"pelCas" 0.184913950933724 0.150494324423288 0.144635664591725 0.144635664591725 0.158549981691688 0.177224459904797 0.17502746246796 0.262175027462468 0 0.182716953496888 0.141706334675943 0.265470523617722 0.144635664591725
"pelSin" 0.138410838520688 0.102892713291834 0.100329549615525 0.09959721713658 0.111314536799707 0.153057488099597 0.132186012449652 0.213474917612596 0.182716953496888 0 0.0948370560234346 0.275723178322959 0.0974002196997437
"plaMeg" 0.11570853167338 0.0267301354815086 0.0281948004393995 0.0201391431709996 0.0483339436103991 0.109117539362871 0.0567557671182717 0.149761991944343 0.141706334675943 0.0948370560234346 0 0.240205053094105 0.0179421457341633
"podExp" 0.294397656536067 0.244599047967777 0.244599047967777 0.243866715488832 0.255217868912486 0.274258513365068 0.273892347125595 0.360307579641157 0.265470523617722 0.275723178322959 0.240205053094105 0 0.243500549249359
"terMex" 0.117905529110216 0.0307579641157085 0.0311241303551813 0.0227023068473087 0.0527279384840718 0.114610032954962 0.0615159282314171 0.14134016843647 0.144635664591725 0.0974002196997437 0.0179421457341633 0.243500549249359 0
