"cheAbi" "cheMyd" "cheSer" "chrPic" "cuoMcc" "derCor" "derMaw" "emySub" "gopAga" "malTer" "mesTub" "pelCas" "pelSin" "plaMeg" "podExp" "terMex"
"cheAbi" 0 0.162939297124601 0.153354632587859 0.1395101171459 0.148029818956337 0.154419595314164 0.157614483493078 0.170394036208733 0.126730564430245 0.140575079872204 0.184238551650692 0.208732694355698 0.198083067092652 0.135250266240682 0.219382321618743 0.138445154419595
"cheMyd" 0.162939297124601 0 0.0905218317358892 0.080937167199148 0.110756123535676 0.0724174653887114 0.093716719914803 0.104366347177849 0.0873269435569755 0.0820021299254526 0.123535676251331 0.155484558040469 0.197018104366347 0.0830670926517572 0.175718849840256 0.0788072417465389
"cheSer" 0.153354632587859 0.0905218317358892 0 0.0457933972310969 0.0681576144834931 0.0543130990415335 0.053248136315229 0.0670926517571885 0.0479233226837061 0.0447284345047923 0.0905218317358892 0.116080937167199 0.156549520766773 0.0425985090521832 0.146964856230032 0.0394036208732694
"chrPic" 0.1395101171459 0.080937167199148 0.0457933972310969 0 0.0575079872204473 0.0479233226837061 0.0575079872204473 0.0670926517571885 0.0372736954206603 0.00638977635782748 0.0873269435569755 0.112886048988285 0.157614483493078 0.0298189563365282 0.143769968051118 0.0181043663471778
"cuoMcc" 0.148029818956337 0.110756123535676 0.0681576144834931 0.0575079872204473 0 0.0724174653887114 0.0777422790202343 0.080937167199148 0.0457933972310969 0.0564430244941427 0.101171458998935 0.117145899893504 0.177848775292865 0.0457933972310969 0.149094781682641 0.0543130990415335
"derCor" 0.154419595314164 0.0724174653887114 0.0543130990415335 0.0479233226837061 0.0724174653887114 0 0.060702875399361 0.0702875399361022 0.0521831735889244 0.0489882854100106 0.093716719914803 0.112886048988285 0.166134185303514 0.0457933972310969 0.144834930777423 0.0468583599574015
"derMaw" 0.157614483493078 0.093716719914803 0.053248136315229 0.0575079872204473 0.0777422790202343 0.060702875399361 0 0.0766773162939297 0.0596379126730564 0.0564430244941427 0.0958466453674121 0.122470713525027 0.168264110756124 0.053248136315229 0.155484558040469 0.0521831735889244
"emySub" 0.170394036208733 0.104366347177849 0.0670926517571885 0.0670926517571885 0.080937167199148 0.0702875399361022 0.0766773162939297 0 0.0702875399361022 0.0660276890308839 0.0362087326943557 0.080937167199148 0.161874334398296 0.0649627263045793 0.107561235356763 0.0660276890308839
"gopAga" 0.126730564430245 0.0873269435569755 0.0479233226837061 0.0372736954206603 0.0457933972310969 0.0521831735889244 0.0596379126730564 0.0702875399361022 0 0.0362087326943557 0.0905218317358892 0.119275825346113 0.164004259850905 0.0287539936102236 0.153354632587859 0.0340788072417465
"malTer" 0.140575079872204 0.0820021299254526 0.0447284345047923 0.00638977635782748 0.0564430244941427 0.0489882854100106 0.0564430244941427 0.0660276890308839 0.0362087326943557 0 0.0862619808306709 0.111821086261981 0.153354632587859 0.0287539936102236 0.142705005324814 0.0170394036208733
"mesTub" 0.184238551650692 0.123535676251331 0.0905218317358892 0.0873269435569755 0.101171458998935 0.093716719914803 0.0958466453674121 0.0362087326943557 0.0905218317358892 0.0862619808306709 0 0.10010649627263 0.178913738019169 0.0862619808306709 0.120340788072417 0.0862619808306709
"pelCas" 0.208732694355698 0.155484558040469 0.116080937167199 0.112886048988285 0.117145899893504 0.112886048988285 0.122470713525027 0.080937167199148 0.119275825346113 0.111821086261981 0.10010649627263 0 0.208732694355698 0.109691160809372 0.115015974440895 0.111821086261981
"pelSin" 0.198083067092652 0.197018104366347 0.156549520766773 0.157614483493078 0.177848775292865 0.166134185303514 0.168264110756124 0.161874334398296 0.164004259850905 0.153354632587859 0.178913738019169 0.208732694355698 0 0.156549520766773 0.223642172523962 0.154419595314164
"plaMeg" 0.135250266240682 0.0830670926517572 0.0425985090521832 0.0298189563365282 0.0457933972310969 0.0457933972310969 0.053248136315229 0.0649627263045793 0.0287539936102236 0.0287539936102236 0.0862619808306709 0.109691160809372 0.156549520766773 0 0.133120340788072 0.0266240681576145
"podExp" 0.219382321618743 0.175718849840256 0.146964856230032 0.143769968051118 0.149094781682641 0.144834930777423 0.155484558040469 0.107561235356763 0.153354632587859 0.142705005324814 0.120340788072417 0.115015974440895 0.223642172523962 0.133120340788072 0 0.140575079872204
"terMex" 0.138445154419595 0.0788072417465389 0.0394036208732694 0.0181043663471778 0.0543130990415335 0.0468583599574015 0.0521831735889244 0.0660276890308839 0.0340788072417465 0.0170394036208733 0.0862619808306709 0.111821086261981 0.154419595314164 0.0266240681576145 0.140575079872204 0
