"carIns" "cheAbi" "cheMyd" "cheSer" "chrPic" "cuoAmb" "cuoMcc" "derCor" "emySub" "gopAga" "malTer" "mesTub" "pelCas" "pelSin" "plaMeg" "podExp" "terMex"
"carIns" 0 0.0610687022900763 0.049618320610687 0.049618320610687 0.0527989821882952 0.0559796437659033 0.0566157760814249 0.0527989821882952 0.0623409669211196 0.0597964376590331 0.0521628498727735 0.0661577608142494 0.0725190839694656 0.0527989821882952 0.049618320610687 0.0750636132315522 0.0534351145038168
"cheAbi" 0.0610687022900763 0 0.0305343511450382 0.032442748091603 0.0248091603053435 0.0152671755725191 0.0159033078880407 0.0343511450381679 0.0521628498727735 0.0159033078880407 0.0241730279898219 0.0566157760814249 0.0623409669211196 0.0527989821882952 0.0216284987277354 0.0693384223918575 0.0254452926208651
"cheMyd" 0.049618320610687 0.0305343511450382 0 0.0184478371501272 0.0190839694656489 0.0254452926208651 0.0260814249363868 0.00954198473282443 0.039440203562341 0.0298982188295165 0.0197201017811705 0.0432569974554707 0.049618320610687 0.039440203562341 0.0178117048346056 0.0559796437659033 0.0203562340966921
"cheSer" 0.049618320610687 0.032442748091603 0.0184478371501272 0 0.0216284987277354 0.0260814249363868 0.0267175572519084 0.0209923664122137 0.0407124681933842 0.0305343511450382 0.022264631043257 0.044529262086514 0.0508905852417303 0.0419847328244275 0.0184478371501272 0.0559796437659033 0.022264631043257
"chrPic" 0.0527989821882952 0.0248091603053435 0.0190839694656489 0.0216284987277354 0 0.0184478371501272 0.0190839694656489 0.0216284987277354 0.0432569974554707 0.0235368956743003 0.00190839694656489 0.0470737913486005 0.049618320610687 0.0426208651399491 0.0120865139949109 0.0572519083969466 0.00636132315521628
"cuoAmb" 0.0559796437659033 0.0152671755725191 0.0254452926208651 0.0260814249363868 0.0184478371501272 0 0.0044529262086514 0.0279898218829517 0.0458015267175573 0.0146310432569975 0.0178117048346056 0.0502544529262086 0.0566157760814249 0.0464376590330789 0.0152671755725191 0.0629770992366412 0.0190839694656489
"cuoMcc" 0.0566157760814249 0.0159033078880407 0.0260814249363868 0.0267175572519084 0.0190839694656489 0.0044529262086514 0 0.0286259541984733 0.0464376590330789 0.0152671755725191 0.0184478371501272 0.0508905852417303 0.0572519083969466 0.0470737913486005 0.0159033078880407 0.0636132315521628 0.0197201017811705
"derCor" 0.0527989821882952 0.0343511450381679 0.00954198473282443 0.0209923664122137 0.0216284987277354 0.0279898218829517 0.0286259541984733 0 0.0413486005089059 0.032442748091603 0.022264631043257 0.044529262086514 0.0508905852417303 0.039440203562341 0.0203562340966921 0.0566157760814249 0.0229007633587786
"emySub" 0.0623409669211196 0.0521628498727735 0.039440203562341 0.0407124681933842 0.0432569974554707 0.0458015267175573 0.0464376590330789 0.0413486005089059 0 0.0502544529262086 0.0426208651399491 0.0260814249363868 0.0477099236641221 0.0534351145038168 0.0400763358778626 0.0527989821882952 0.0438931297709924
"gopAga" 0.0597964376590331 0.0159033078880407 0.0298982188295165 0.0305343511450382 0.0235368956743003 0.0146310432569975 0.0152671755725191 0.032442748091603 0.0502544529262086 0 0.0229007633587786 0.0547073791348601 0.0604325699745547 0.0515267175572519 0.0209923664122137 0.0674300254452926 0.0229007633587786
"malTer" 0.0521628498727735 0.0241730279898219 0.0197201017811705 0.022264631043257 0.00190839694656489 0.0178117048346056 0.0184478371501272 0.022264631043257 0.0426208651399491 0.0229007633587786 0 0.0464376590330789 0.0515267175572519 0.0419847328244275 0.0127226463104326 0.0578880407124682 0.00572519083969466
"mesTub" 0.0661577608142494 0.0566157760814249 0.0432569974554707 0.044529262086514 0.0470737913486005 0.0502544529262086 0.0508905852417303 0.044529262086514 0.0260814249363868 0.0547073791348601 0.0464376590330789 0 0.0464376590330789 0.0553435114503817 0.0438931297709924 0.0521628498727735 0.0464376590330789
"pelCas" 0.0725190839694656 0.0623409669211196 0.049618320610687 0.0508905852417303 0.049618320610687 0.0566157760814249 0.0572519083969466 0.0508905852417303 0.0477099236641221 0.0604325699745547 0.0515267175572519 0.0464376590330789 0 0.0629770992366412 0.0502544529262086 0.0489821882951654 0.0515267175572519
"pelSin" 0.0527989821882952 0.0527989821882952 0.039440203562341 0.0419847328244275 0.0426208651399491 0.0464376590330789 0.0470737913486005 0.039440203562341 0.0534351145038168 0.0515267175572519 0.0419847328244275 0.0553435114503817 0.0629770992366412 0 0.0413486005089059 0.0629770992366412 0.0438931297709924
"plaMeg" 0.049618320610687 0.0216284987277354 0.0178117048346056 0.0184478371501272 0.0120865139949109 0.0152671755725191 0.0159033078880407 0.0203562340966921 0.0400763358778626 0.0209923664122137 0.0127226463104326 0.0438931297709924 0.0502544529262086 0.0413486005089059 0 0.0566157760814249 0.0127226463104326
"podExp" 0.0750636132315522 0.0693384223918575 0.0559796437659033 0.0559796437659033 0.0572519083969466 0.0629770992366412 0.0636132315521628 0.0566157760814249 0.0527989821882952 0.0674300254452926 0.0578880407124682 0.0521628498727735 0.0489821882951654 0.0629770992366412 0.0566157760814249 0 0.0578880407124682
"terMex" 0.0534351145038168 0.0254452926208651 0.0203562340966921 0.022264631043257 0.00636132315521628 0.0190839694656489 0.0197201017811705 0.0229007633587786 0.0438931297709924 0.0229007633587786 0.00572519083969466 0.0464376590330789 0.0515267175572519 0.0438931297709924 0.0127226463104326 0.0578880407124682 0
