"carIns" "cheAbi" "cheMyd" "cheSer" "chrPic" "cuoAmb" "cuoMcc" "derCor" "derMaw" "emySub" "gopAga" "malTer" "mesTub" "pelCas" "pelSin" "plaMeg" "podExp" "terMex"
"carIns" 0 0.103508771929825 0.1 0.210526315789474 0.0710526315789474 0.0798245614035088 0.0789473684210526 0.0798245614035088 0.201754385964912 0.142982456140351 0.114912280701754 0.0710526315789474 0.0903508771929825 0.125438596491228 0.108771929824561 0.0736842105263158 0.182456140350877 0.0675438596491228
"cheAbi" 0.103508771929825 0 0.0885964912280702 0.206140350877193 0.05 0.0429824561403509 0.0421052631578947 0.0692982456140351 0.197368421052632 0.133333333333333 0.056140350877193 0.05 0.0991228070175439 0.131578947368421 0.119298245614035 0.05 0.187719298245614 0.0464912280701754
"cheMyd" 0.1 0.0885964912280702 0 0.156140350877193 0.0535087719298246 0.0578947368421053 0.0578947368421053 0.0359649122807018 0.170175438596491 0.100877192982456 0.0964912280701754 0.0535087719298246 0.0912280701754386 0.0842105263157895 0.0692982456140351 0.0535087719298246 0.185964912280702 0.05
"cheSer" 0.210526315789474 0.206140350877193 0.156140350877193 0 0.173684210526316 0.175438596491228 0.176315789473684 0.178070175438596 0.205263157894737 0.21140350877193 0.214035087719298 0.171929824561404 0.204385964912281 0.185087719298246 0.182456140350877 0.174561403508772 0.235087719298246 0.171052631578947
"chrPic" 0.0710526315789474 0.05 0.0535087719298246 0.173684210526316 0 0.0210526315789474 0.0201754385964912 0.0324561403508772 0.164912280701754 0.113157894736842 0.0614035087719298 0.00175438596491228 0.0578947368421053 0.093859649122807 0.0824561403508772 0.0131578947368421 0.154385964912281 0.00526315789473684
"cuoAmb" 0.0798245614035088 0.0429824561403509 0.0578947368421053 0.175438596491228 0.0210526315789474 0 0.00614035087719298 0.0394736842105263 0.166666666666667 0.121929824561404 0.0543859649122807 0.0192982456140351 0.0675438596491228 0.102631578947368 0.0912280701754386 0.0219298245614035 0.156140350877193 0.0175438596491228
"cuoMcc" 0.0789473684210526 0.0421052631578947 0.0578947368421053 0.176315789473684 0.0201754385964912 0.00614035087719298 0 0.037719298245614 0.168421052631579 0.121052631578947 0.0535087719298246 0.0201754385964912 0.0666666666666667 0.101754385964912 0.087719298245614 0.0210526315789474 0.157894736842105 0.0166666666666667
"derCor" 0.0798245614035088 0.0692982456140351 0.0359649122807018 0.178070175438596 0.0324561403508772 0.0394736842105263 0.037719298245614 0 0.16140350877193 0.126315789473684 0.0789473684210526 0.0324561403508772 0.0719298245614035 0.107894736842105 0.0929824561403509 0.0333333333333333 0.164912280701754 0.0289473684210526
"derMaw" 0.201754385964912 0.197368421052632 0.170175438596491 0.205263157894737 0.164912280701754 0.166666666666667 0.168421052631579 0.16140350877193 0 0.235964912280702 0.207017543859649 0.163157894736842 0.200877192982456 0.2 0.208771929824561 0.166666666666667 0.201754385964912 0.163157894736842
"emySub" 0.142982456140351 0.133333333333333 0.100877192982456 0.21140350877193 0.113157894736842 0.121929824561404 0.121052631578947 0.126315789473684 0.235964912280702 0 0.139473684210526 0.113157894736842 0.0842105263157895 0.108771929824561 0.117543859649123 0.112280701754386 0.218421052631579 0.11140350877193
"gopAga" 0.114912280701754 0.056140350877193 0.0964912280701754 0.214035087719298 0.0614035087719298 0.0543859649122807 0.0535087719298246 0.0789473684210526 0.207017543859649 0.139473684210526 0 0.0614035087719298 0.106140350877193 0.142982456140351 0.123684210526316 0.062280701754386 0.199122807017544 0.0578947368421053
"malTer" 0.0710526315789474 0.05 0.0535087719298246 0.171929824561404 0.00175438596491228 0.0192982456140351 0.0201754385964912 0.0324561403508772 0.163157894736842 0.113157894736842 0.0614035087719298 0 0.0578947368421053 0.093859649122807 0.0824561403508772 0.0131578947368421 0.153508771929825 0.00526315789473684
"mesTub" 0.0903508771929825 0.0991228070175439 0.0912280701754386 0.204385964912281 0.0578947368421053 0.0675438596491228 0.0666666666666667 0.0719298245614035 0.200877192982456 0.0842105263157895 0.106140350877193 0.0578947368421053 0 0.0956140350877193 0.108771929824561 0.0614035087719298 0.164035087719298 0.056140350877193
"pelCas" 0.125438596491228 0.131578947368421 0.0842105263157895 0.185087719298246 0.093859649122807 0.102631578947368 0.101754385964912 0.107894736842105 0.2 0.108771929824561 0.142982456140351 0.093859649122807 0.0956140350877193 0 0.0991228070175439 0.0973684210526316 0.179824561403509 0.0912280701754386
"pelSin" 0.108771929824561 0.119298245614035 0.0692982456140351 0.182456140350877 0.0824561403508772 0.0912280701754386 0.087719298245614 0.0929824561403509 0.208771929824561 0.117543859649123 0.123684210526316 0.0824561403508772 0.108771929824561 0.0991228070175439 0 0.0842105263157895 0.196491228070175 0.0807017543859649
"plaMeg" 0.0736842105263158 0.05 0.0535087719298246 0.174561403508772 0.0131578947368421 0.0219298245614035 0.0210526315789474 0.0333333333333333 0.166666666666667 0.112280701754386 0.062280701754386 0.0131578947368421 0.0614035087719298 0.0973684210526316 0.0842105263157895 0 0.159649122807018 0.00964912280701754
"podExp" 0.182456140350877 0.187719298245614 0.185964912280702 0.235087719298246 0.154385964912281 0.156140350877193 0.157894736842105 0.164912280701754 0.201754385964912 0.218421052631579 0.199122807017544 0.153508771929825 0.164035087719298 0.179824561403509 0.196491228070175 0.159649122807018 0 0.153508771929825
"terMex" 0.0675438596491228 0.0464912280701754 0.05 0.171052631578947 0.00526315789473684 0.0175438596491228 0.0166666666666667 0.0289473684210526 0.163157894736842 0.11140350877193 0.0578947368421053 0.00526315789473684 0.056140350877193 0.0912280701754386 0.0807017543859649 0.00964912280701754 0.153508771929825 0
