"carIns" "cheAbi" "cheMyd" "chrPic" "derMaw" "emySub" "gopAga" "malTer" "mesTub" "pelCas" "pelSin" "plaMeg" "podExp" "terMex"
"carIns" 0 0.234263465282284 0.236210253082414 0.236859182349124 0.099935107073329 0.111615833874108 0.0960415314730694 0.246593121349773 0.110317975340688 0.110317975340688 0.107722258273848 0.0895522388059701 0.114860480207657 0.09085009733939
"cheAbi" 0.234263465282284 0 0.229072031148605 0.228423101881895 0.204412719013628 0.215444516547696 0.187540558079169 0.227125243348475 0.214795587280986 0.217391304347826 0.221284879948086 0.187540558079169 0.223880597014925 0.190785204412719
"cheMyd" 0.236210253082414 0.229072031148605 0 0.242699545749513 0.216742375081116 0.231667748215445 0.211550940947437 0.240752757949384 0.232965606748864 0.235561323815704 0.235561323815704 0.209604153147307 0.241401687216093 0.210902011680727
"chrPic" 0.236859182349124 0.228423101881895 0.242699545749513 0 0.212199870214147 0.223880597014925 0.199870214146658 0.17715768981181 0.223231667748215 0.226476314081765 0.232316677482154 0.198572355613238 0.229720960415315 0.195327709279689
"derMaw" 0.099935107073329 0.204412719013628 0.216742375081116 0.212199870214147 0 0.0532121998702141 0.0317975340687865 0.228423101881895 0.0538611291369241 0.0597014925373134 0.0616482803374432 0.0279039584685269 0.0629461388708631 0.0298507462686567
"emySub" 0.111615833874108 0.215444516547696 0.231667748215445 0.223880597014925 0.0532121998702141 0 0.045425048669695 0.239454899415964 0.0246593121349773 0.0441271901362751 0.0694354315379624 0.0395846852693056 0.0506164828033744 0.0402336145360156
"gopAga" 0.0960415314730694 0.187540558079169 0.211550940947437 0.199870214146658 0.0317975340687865 0.045425048669695 0 0.216742375081116 0.0473718364698248 0.0512654120700844 0.0577547047371836 0.0149253731343284 0.0558079169370539 0.0168721609344581
"malTer" 0.246593121349773 0.227125243348475 0.240752757949384 0.17715768981181 0.228423101881895 0.239454899415964 0.216742375081116 0 0.237508111615834 0.242050616482803 0.245944192083063 0.210902011680727 0.246593121349773 0.210902011680727
"mesTub" 0.110317975340688 0.214795587280986 0.232965606748864 0.223231667748215 0.0538611291369241 0.0246593121349773 0.0473718364698248 0.237508111615834 0 0.0434782608695652 0.0707332900713822 0.0415314730694354 0.0525632706035042 0.0408825438027255
"pelCas" 0.110317975340688 0.217391304347826 0.235561323815704 0.226476314081765 0.0597014925373134 0.0441271901362751 0.0512654120700844 0.242050616482803 0.0434782608695652 0 0.0752757949383517 0.045425048669695 0.0421804023361454 0.0473718364698248
"pelSin" 0.107722258273848 0.221284879948086 0.235561323815704 0.232316677482154 0.0616482803374432 0.0694354315379624 0.0577547047371836 0.245944192083063 0.0707332900713822 0.0752757949383517 0 0.0525632706035042 0.0824140168721609 0.0551589876703439
"plaMeg" 0.0895522388059701 0.187540558079169 0.209604153147307 0.198572355613238 0.0279039584685269 0.0395846852693056 0.0149253731343284 0.210902011680727 0.0415314730694354 0.045425048669695 0.0525632706035042 0 0.0512654120700844 0.0110317975340688
"podExp" 0.114860480207657 0.223880597014925 0.241401687216093 0.229720960415315 0.0629461388708631 0.0506164828033744 0.0558079169370539 0.246593121349773 0.0525632706035042 0.0421804023361454 0.0824140168721609 0.0512654120700844 0 0.054510058403634
"terMex" 0.09085009733939 0.190785204412719 0.210902011680727 0.195327709279689 0.0298507462686567 0.0402336145360156 0.0168721609344581 0.210902011680727 0.0408825438027255 0.0473718364698248 0.0551589876703439 0.0110317975340688 0.054510058403634 0
