"carIns" "cheAbi" "cheMyd" "cheSer" "chrPic" "cuoAmb" "cuoMcc" "derCor" "derMaw" "emySub" "gopAga" "malTer" "mesTub" "pelCas" "pelSin" "plaMeg" "podExp" "terMex"
"carIns" 0 0.176739926739927 0.127289377289377 0.126373626373626 0.124542124542125 0.127289377289377 0.127289377289377 0.130952380952381 0.139194139194139 0.134615384615385 0.133699633699634 0.125457875457875 0.138278388278388 0.192307692307692 0.172161172161172 0.124542124542125 0.161172161172161 0.124542124542125
"cheAbi" 0.176739926739927 0 0.129120879120879 0.125457875457875 0.117216117216117 0.115384615384615 0.115384615384615 0.131868131868132 0.141025641025641 0.144688644688645 0.114468864468864 0.118131868131868 0.147435897435897 0.200549450549451 0.138278388278388 0.117216117216117 0.173076923076923 0.115384615384615
"cheMyd" 0.127289377289377 0.129120879120879 0 0.0247252747252747 0.0247252747252747 0.0283882783882784 0.0283882783882784 0.0228937728937729 0.0402930402930403 0.0549450549450549 0.0366300366300366 0.0256410256410256 0.0576923076923077 0.111721611721612 0.147435897435897 0.0228937728937729 0.0879120879120879 0.0247252747252747
"cheSer" 0.126373626373626 0.125457875457875 0.0247252747252747 0 0.0228937728937729 0.0265567765567766 0.0265567765567766 0.0338827838827839 0.0375457875457875 0.0549450549450549 0.0347985347985348 0.0238095238095238 0.0567765567765568 0.112637362637363 0.145604395604396 0.0210622710622711 0.0851648351648352 0.0228937728937729
"chrPic" 0.124542124542125 0.117216117216117 0.0247252747252747 0.0228937728937729 0 0.0146520146520147 0.0128205128205128 0.032967032967033 0.0393772893772894 0.0521978021978022 0.0238095238095238 0.00274725274725275 0.054029304029304 0.10989010989011 0.141941391941392 0.010989010989011 0.0860805860805861 0.00915750915750916
"cuoAmb" 0.127289377289377 0.115384615384615 0.0283882783882784 0.0265567765567766 0.0146520146520147 0 0.00366300366300366 0.0366300366300366 0.043040293040293 0.0549450549450549 0.0192307692307692 0.0155677655677656 0.0576923076923077 0.110805860805861 0.141025641025641 0.0128205128205128 0.0879120879120879 0.0146520146520147
"cuoMcc" 0.127289377289377 0.115384615384615 0.0283882783882784 0.0265567765567766 0.0128205128205128 0.00366300366300366 0 0.0366300366300366 0.043040293040293 0.0549450549450549 0.0192307692307692 0.0137362637362637 0.0576923076923077 0.112637362637363 0.142857142857143 0.0128205128205128 0.0879120879120879 0.0146520146520147
"derCor" 0.130952380952381 0.131868131868132 0.0228937728937729 0.0338827838827839 0.032967032967033 0.0366300366300366 0.0366300366300366 0 0.0494505494505494 0.0622710622710623 0.0448717948717949 0.0338827838827839 0.0641025641025641 0.115384615384615 0.149267399267399 0.0311355311355311 0.0952380952380952 0.032967032967033
"derMaw" 0.139194139194139 0.141025641025641 0.0402930402930403 0.0375457875457875 0.0393772893772894 0.043040293040293 0.043040293040293 0.0494505494505494 0 0.0631868131868132 0.0476190476190476 0.0402930402930403 0.0641025641025641 0.120879120879121 0.159340659340659 0.0375457875457875 0.100732600732601 0.0375457875457875
"emySub" 0.134615384615385 0.144688644688645 0.0549450549450549 0.0549450549450549 0.0521978021978022 0.0549450549450549 0.0549450549450549 0.0622710622710623 0.0631868131868132 0 0.0613553113553114 0.0531135531135531 0.0302197802197802 0.105311355311355 0.145604395604396 0.0503663003663004 0.0815018315018315 0.0503663003663004
"gopAga" 0.133699633699634 0.114468864468864 0.0366300366300366 0.0347985347985348 0.0238095238095238 0.0192307692307692 0.0192307692307692 0.0448717948717949 0.0476190476190476 0.0613553113553114 0 0.0247252747252747 0.0604395604395604 0.117216117216117 0.146520146520147 0.021978021978022 0.0906593406593407 0.021978021978022
"malTer" 0.125457875457875 0.118131868131868 0.0256410256410256 0.0238095238095238 0.00274725274725275 0.0155677655677656 0.0137362637362637 0.0338827838827839 0.0402930402930403 0.0531135531135531 0.0247252747252747 0 0.0549450549450549 0.110805860805861 0.142857142857143 0.0119047619047619 0.086996336996337 0.0100732600732601
"mesTub" 0.138278388278388 0.147435897435897 0.0576923076923077 0.0567765567765568 0.054029304029304 0.0576923076923077 0.0576923076923077 0.0641025641025641 0.0641025641025641 0.0302197802197802 0.0604395604395604 0.0549450549450549 0 0.107142857142857 0.154761904761905 0.0531135531135531 0.0851648351648352 0.0531135531135531
"pelCas" 0.192307692307692 0.200549450549451 0.111721611721612 0.112637362637363 0.10989010989011 0.110805860805861 0.112637362637363 0.115384615384615 0.120879120879121 0.105311355311355 0.117216117216117 0.110805860805861 0.107142857142857 0 0.205128205128205 0.106227106227106 0.114468864468864 0.106227106227106
"pelSin" 0.172161172161172 0.138278388278388 0.147435897435897 0.145604395604396 0.141941391941392 0.141025641025641 0.142857142857143 0.149267399267399 0.159340659340659 0.145604395604396 0.146520146520147 0.142857142857143 0.154761904761905 0.205128205128205 0 0.14010989010989 0.176739926739927 0.139194139194139
"plaMeg" 0.124542124542125 0.117216117216117 0.0228937728937729 0.0210622710622711 0.010989010989011 0.0128205128205128 0.0128205128205128 0.0311355311355311 0.0375457875457875 0.0503663003663004 0.021978021978022 0.0119047619047619 0.0531135531135531 0.106227106227106 0.14010989010989 0 0.0824175824175824 0.010989010989011
"podExp" 0.161172161172161 0.173076923076923 0.0879120879120879 0.0851648351648352 0.0860805860805861 0.0879120879120879 0.0879120879120879 0.0952380952380952 0.100732600732601 0.0815018315018315 0.0906593406593407 0.086996336996337 0.0851648351648352 0.114468864468864 0.176739926739927 0.0824175824175824 0 0.0824175824175824
"terMex" 0.124542124542125 0.115384615384615 0.0247252747252747 0.0228937728937729 0.00915750915750916 0.0146520146520147 0.0146520146520147 0.032967032967033 0.0375457875457875 0.0503663003663004 0.021978021978022 0.0100732600732601 0.0531135531135531 0.106227106227106 0.139194139194139 0.010989010989011 0.0824175824175824 0
