"carIns" "cheAbi" "cheMyd" "cheSer" "chrPic" "cuoAmb" "cuoMcc" "derCor" "derMaw" "emySub" "gopAga" "malTer" "mesTub" "pelCas" "pelSin" "plaMeg" "podExp" "terMex"
"carIns" 0 0.0646802325581395 0.0668604651162791 0.0574127906976744 0.0552325581395349 0.0559593023255814 0.0574127906976744 0.17296511627907 0.0661337209302326 0.063953488372093 0.0625 0.0748546511627907 0.0697674418604651 0.0763081395348837 0.0646802325581395 0.0566860465116279 0.0741279069767442 0.0508720930232558
"cheAbi" 0.0646802325581395 0 0.0392441860465116 0.0334302325581395 0.0276162790697674 0.0218023255813953 0.0232558139534884 0.152616279069767 0.0436046511627907 0.0501453488372093 0.0152616279069767 0.0486918604651163 0.0515988372093023 0.0588662790697674 0.0581395348837209 0.028343023255814 0.0617732558139535 0.0276162790697674
"cheMyd" 0.0668604651162791 0.0392441860465116 0 0.0261627906976744 0.028343023255814 0.034156976744186 0.0356104651162791 0.137354651162791 0.0385174418604651 0.0465116279069767 0.0377906976744186 0.0501453488372093 0.0479651162790698 0.059593023255814 0.0559593023255814 0.0305232558139535 0.059593023255814 0.029796511627907
"cheSer" 0.0574127906976744 0.0334302325581395 0.0261627906976744 0 0.0210755813953488 0.0261627906976744 0.028343023255814 0.13953488372093 0.0334302325581395 0.0428779069767442 0.03125 0.0428779069767442 0.0457848837209302 0.0552325581395349 0.0494186046511628 0.0225290697674419 0.0559593023255814 0.0225290697674419
"chrPic" 0.0552325581395349 0.0276162790697674 0.028343023255814 0.0210755813953488 0 0.0203488372093023 0.0218023255813953 0.138808139534884 0.0348837209302326 0.0356104651162791 0.0254360465116279 0.0254360465116279 0.0421511627906977 0.0501453488372093 0.0472383720930233 0.0123546511627907 0.0515988372093023 0.00944767441860465
"cuoAmb" 0.0559593023255814 0.0218023255813953 0.034156976744186 0.0261627906976744 0.0203488372093023 0 0.00581395348837209 0.148255813953488 0.0377906976744186 0.0450581395348837 0.0181686046511628 0.0414244186046512 0.0486918604651163 0.0523255813953488 0.0515988372093023 0.0210755813953488 0.0552325581395349 0.0203488372093023
"cuoMcc" 0.0574127906976744 0.0232558139534884 0.0356104651162791 0.028343023255814 0.0218023255813953 0.00581395348837209 0 0.150436046511628 0.0392441860465116 0.0465116279069767 0.0181686046511628 0.0428779069767442 0.0501453488372093 0.0523255813953488 0.0515988372093023 0.0225290697674419 0.0566860465116279 0.0218023255813953
"derCor" 0.17296511627907 0.152616279069767 0.137354651162791 0.13953488372093 0.138808139534884 0.148255813953488 0.150436046511628 0 0.149709302325581 0.159156976744186 0.15406976744186 0.160610465116279 0.161337209302326 0.166424418604651 0.163517441860465 0.143895348837209 0.165697674418605 0.14171511627907
"derMaw" 0.0661337209302326 0.0436046511627907 0.0385174418604651 0.0334302325581395 0.0348837209302326 0.0377906976744186 0.0392441860465116 0.149709302325581 0 0.0537790697674419 0.0428779069767442 0.0566860465116279 0.0566860465116279 0.0581395348837209 0.0603197674418605 0.0370639534883721 0.059593023255814 0.0363372093023256
"emySub" 0.063953488372093 0.0501453488372093 0.0465116279069767 0.0428779069767442 0.0356104651162791 0.0450581395348837 0.0465116279069767 0.159156976744186 0.0537790697674419 0 0.0494186046511628 0.0581395348837209 0.0268895348837209 0.0450581395348837 0.059593023255814 0.0414244186046512 0.0443313953488372 0.0392441860465116
"gopAga" 0.0625 0.0152616279069767 0.0377906976744186 0.03125 0.0254360465116279 0.0181686046511628 0.0181686046511628 0.15406976744186 0.0428779069767442 0.0494186046511628 0 0.0465116279069767 0.0523255813953488 0.0552325581395349 0.0530523255813953 0.0261627906976744 0.0588662790697674 0.0239825581395349
"malTer" 0.0748546511627907 0.0486918604651163 0.0501453488372093 0.0428779069767442 0.0254360465116279 0.0414244186046512 0.0428779069767442 0.160610465116279 0.0566860465116279 0.0581395348837209 0.0465116279069767 0 0.0661337209302326 0.0697674418604651 0.0697674418604651 0.0348837209302326 0.0726744186046512 0.0319767441860465
"mesTub" 0.0697674418604651 0.0515988372093023 0.0479651162790698 0.0457848837209302 0.0421511627906977 0.0486918604651163 0.0501453488372093 0.161337209302326 0.0566860465116279 0.0268895348837209 0.0523255813953488 0.0661337209302326 0 0.0494186046511628 0.0588662790697674 0.0450581395348837 0.0530523255813953 0.0443313953488372
"pelCas" 0.0763081395348837 0.0588662790697674 0.059593023255814 0.0552325581395349 0.0501453488372093 0.0523255813953488 0.0523255813953488 0.166424418604651 0.0581395348837209 0.0450581395348837 0.0552325581395349 0.0697674418604651 0.0494186046511628 0 0.0704941860465116 0.0530523255813953 0.0450581395348837 0.0515988372093023
"pelSin" 0.0646802325581395 0.0581395348837209 0.0559593023255814 0.0494186046511628 0.0472383720930233 0.0515988372093023 0.0515988372093023 0.163517441860465 0.0603197674418605 0.059593023255814 0.0530523255813953 0.0697674418604651 0.0588662790697674 0.0704941860465116 0 0.0494186046511628 0.0697674418604651 0.0465116279069767
"plaMeg" 0.0566860465116279 0.028343023255814 0.0305232558139535 0.0225290697674419 0.0123546511627907 0.0210755813953488 0.0225290697674419 0.143895348837209 0.0370639534883721 0.0414244186046512 0.0261627906976744 0.0348837209302326 0.0450581395348837 0.0530523255813953 0.0494186046511628 0 0.0530523255813953 0.0130813953488372
"podExp" 0.0741279069767442 0.0617732558139535 0.059593023255814 0.0559593023255814 0.0515988372093023 0.0552325581395349 0.0566860465116279 0.165697674418605 0.059593023255814 0.0443313953488372 0.0588662790697674 0.0726744186046512 0.0530523255813953 0.0450581395348837 0.0697674418604651 0.0530523255813953 0 0.0537790697674419
"terMex" 0.0508720930232558 0.0276162790697674 0.029796511627907 0.0225290697674419 0.00944767441860465 0.0203488372093023 0.0218023255813953 0.14171511627907 0.0363372093023256 0.0392441860465116 0.0239825581395349 0.0319767441860465 0.0443313953488372 0.0515988372093023 0.0465116279069767 0.0130813953488372 0.0537790697674419 0
