"carIns" "cheAbi" "cheMyd" "chrPic" "cuoAmb" "cuoMcc" "derCor" "derMaw" "emySub" "gopAga" "malTer" "pelCas" "pelSin" "plaMeg" "podExp"
"carIns" 0 0.0867697594501718 0.084192439862543 0.077319587628866 0.0833333333333333 0.0850515463917526 0.0962199312714777 0.0867697594501718 0.101374570446735 0.0884879725085911 0.0764604810996564 0.122852233676976 0.0876288659793814 0.0781786941580756 0.11340206185567
"cheAbi" 0.0867697594501718 0 0.0369415807560137 0.0266323024054983 0.0240549828178694 0.024914089347079 0.0472508591065292 0.0446735395189003 0.0652920962199313 0.0223367697594502 0.0257731958762887 0.0970790378006873 0.0884879725085911 0.024914089347079 0.0936426116838488
"cheMyd" 0.084192439862543 0.0369415807560137 0 0.024914089347079 0.0292096219931271 0.0274914089347079 0.0240549828178694 0.0352233676975945 0.070446735395189 0.038659793814433 0.0223367697594502 0.0927835051546392 0.0824742268041237 0.0231958762886598 0.0859106529209622
"chrPic" 0.077319587628866 0.0266323024054983 0.024914089347079 0 0.0189003436426117 0.0171821305841924 0.0360824742268041 0.031786941580756 0.063573883161512 0.0283505154639175 0.00601374570446735 0.0893470790378007 0.0781786941580756 0.0120274914089347 0.0884879725085911
"cuoAmb" 0.0833333333333333 0.0240549828178694 0.0292096219931271 0.0189003436426117 0 0.00859106529209622 0.0395189003436426 0.0369415807560137 0.0661512027491409 0.0283505154639175 0.0180412371134021 0.095360824742268 0.0850515463917526 0.0189003436426117 0.0884879725085911
"cuoMcc" 0.0850515463917526 0.024914089347079 0.0274914089347079 0.0171821305841924 0.00859106529209622 0 0.0378006872852234 0.031786941580756 0.0652920962199313 0.024914089347079 0.0163230240549828 0.0945017182130584 0.0824742268041237 0.0171821305841924 0.0884879725085911
"derCor" 0.0962199312714777 0.0472508591065292 0.0240549828178694 0.0360824742268041 0.0395189003436426 0.0378006872852234 0 0.038659793814433 0.0790378006872852 0.0489690721649485 0.0335051546391753 0.104810996563574 0.0936426116838488 0.0335051546391753 0.0979381443298969
"derMaw" 0.0867697594501718 0.0446735395189003 0.0352233676975945 0.031786941580756 0.0369415807560137 0.031786941580756 0.038659793814433 0 0.0738831615120275 0.04553264604811 0.0300687285223368 0.0996563573883162 0.0876288659793814 0.0326460481099656 0.0902061855670103
"emySub" 0.101374570446735 0.0652920962199313 0.070446735395189 0.063573883161512 0.0661512027491409 0.0652920962199313 0.0790378006872852 0.0738831615120275 0 0.0713058419243986 0.063573883161512 0.0730240549828179 0.0979381443298969 0.0618556701030928 0.0816151202749141
"gopAga" 0.0884879725085911 0.0223367697594502 0.038659793814433 0.0283505154639175 0.0283505154639175 0.024914089347079 0.0489690721649485 0.04553264604811 0.0713058419243986 0 0.0274914089347079 0.100515463917526 0.0876288659793814 0.0283505154639175 0.095360824742268
"malTer" 0.0764604810996564 0.0257731958762887 0.0223367697594502 0.00601374570446735 0.0180412371134021 0.0163230240549828 0.0335051546391753 0.0300687285223368 0.063573883161512 0.0274914089347079 0 0.0902061855670103 0.0764604810996564 0.0111683848797251 0.084192439862543
"pelCas" 0.122852233676976 0.0970790378006873 0.0927835051546392 0.0893470790378007 0.095360824742268 0.0945017182130584 0.104810996563574 0.0996563573883162 0.0730240549828179 0.100515463917526 0.0902061855670103 0 0.115979381443299 0.0859106529209622 0.0678694158075601
"pelSin" 0.0876288659793814 0.0884879725085911 0.0824742268041237 0.0781786941580756 0.0850515463917526 0.0824742268041237 0.0936426116838488 0.0876288659793814 0.0979381443298969 0.0876288659793814 0.0764604810996564 0.115979381443299 0 0.0798969072164948 0.11426116838488
"plaMeg" 0.0781786941580756 0.024914089347079 0.0231958762886598 0.0120274914089347 0.0189003436426117 0.0171821305841924 0.0335051546391753 0.0326460481099656 0.0618556701030928 0.0283505154639175 0.0111683848797251 0.0859106529209622 0.0798969072164948 0 0.0850515463917526
"podExp" 0.11340206185567 0.0936426116838488 0.0859106529209622 0.0884879725085911 0.0884879725085911 0.0884879725085911 0.0979381443298969 0.0902061855670103 0.0816151202749141 0.095360824742268 0.084192439862543 0.0678694158075601 0.11426116838488 0.0850515463917526 0
