"carIns" "cheAbi" "cheMyd" "chrPic" "cuoAmb" "cuoMcc" "derMaw" "emySub" "gopAga" "mesTub" "pelCas" "pelSin" "plaMeg" "podExp"
"carIns" 0 0.0450606585788562 0.038474870017331 0.0433275563258232 0.044367417677643 0.0564991334488735 0.0461005199306759 0.048526863084922 0.0436741767764298 0.0454072790294627 0.0710571923743501 0.078682842287695 0.0409012131715771 0.0946273830155979
"cheAbi" 0.0450606585788562 0 0.0211438474870017 0.0187175043327556 0.0152512998266898 0.0294627383015598 0.0280762564991334 0.044367417677643 0.0124783362218371 0.0433275563258232 0.0665511265164645 0.0807625649913345 0.0155979202772964 0.0904679376083189
"cheMyd" 0.038474870017331 0.0211438474870017 0 0.0204506065857886 0.0211438474870017 0.0336221837088388 0.0249566724436742 0.0367417677642981 0.020103986135182 0.034315424610052 0.0613518197573657 0.0741767764298094 0.0169844020797227 0.0880415944540728
"chrPic" 0.0433275563258232 0.0187175043327556 0.0204506065857886 0 0.0176776429809359 0.0339688041594454 0.0239168110918544 0.0440207972270364 0.020103986135182 0.0422876949740035 0.0672443674176776 0.0797227036395147 0.0138648180242634 0.0901213171577123
"cuoAmb" 0.044367417677643 0.0152512998266898 0.0211438474870017 0.0176776429809359 0 0.0221837088388215 0.0253032928942808 0.0457538994800693 0.0152512998266898 0.0426343154246101 0.0658578856152513 0.0807625649913345 0.0145580589254766 0.0894280762564991
"cuoMcc" 0.0564991334488735 0.0294627383015598 0.0336221837088388 0.0339688041594454 0.0221837088388215 0 0.0412478336221837 0.0568457538994801 0.030155979202773 0.0547660311958406 0.066897746967071 0.0953206239168111 0.0315424610051993 0.104679376083189
"derMaw" 0.0461005199306759 0.0280762564991334 0.0249566724436742 0.0239168110918544 0.0253032928942808 0.0412478336221837 0 0.0495667244367418 0.0308492201039861 0.0447140381282496 0.0703639514731369 0.0842287694974004 0.0225303292894281 0.0963604852686308
"emySub" 0.048526863084922 0.044367417677643 0.0367417677642981 0.0440207972270364 0.0457538994800693 0.0568457538994801 0.0495667244367418 0 0.0426343154246101 0.0194107452339688 0.0551126516464471 0.0866551126516465 0.0412478336221837 0.0863084922010399
"gopAga" 0.0436741767764298 0.0124783362218371 0.020103986135182 0.020103986135182 0.0152512998266898 0.030155979202773 0.0308492201039861 0.0426343154246101 0 0.0419410745233969 0.0648180242634315 0.0804159445407279 0.0155979202772964 0.0918544194107452
"mesTub" 0.0454072790294627 0.0433275563258232 0.034315424610052 0.0422876949740035 0.0426343154246101 0.0547660311958406 0.0447140381282496 0.0194107452339688 0.0419410745233969 0 0.0551126516464471 0.082842287694974 0.0381282495667244 0.0818024263431543
"pelCas" 0.0710571923743501 0.0665511265164645 0.0613518197573657 0.0672443674176776 0.0658578856152513 0.066897746967071 0.0703639514731369 0.0551126516464471 0.0648180242634315 0.0551126516464471 0 0.105372616984402 0.0623916811091854 0.0980935875216638
"pelSin" 0.078682842287695 0.0807625649913345 0.0741767764298094 0.0797227036395147 0.0807625649913345 0.0953206239168111 0.0842287694974004 0.0866551126516465 0.0804159445407279 0.082842287694974 0.105372616984402 0 0.076949740034662 0.108838821490468
"plaMeg" 0.0409012131715771 0.0155979202772964 0.0169844020797227 0.0138648180242634 0.0145580589254766 0.0315424610051993 0.0225303292894281 0.0412478336221837 0.0155979202772964 0.0381282495667244 0.0623916811091854 0.076949740034662 0 0.0880415944540728
"podExp" 0.0946273830155979 0.0904679376083189 0.0880415944540728 0.0901213171577123 0.0894280762564991 0.104679376083189 0.0963604852686308 0.0863084922010399 0.0918544194107452 0.0818024263431543 0.0980935875216638 0.108838821490468 0.0880415944540728 0
