"cheAbi" "cheMyd" "cheSer" "chrPic" "cuoAmb" "cuoMcc" "emySub" "gopAga" "mesTub" "pelCas" "pelSin" "plaMeg" "podExp"
"cheAbi" 0 0.0207532667179093 0.0222905457340507 0.0122982321291314 0.00768639508070715 0.005380476556495 0.0491929285165257 0.00614911606456572 0.0499615680245965 0.0622598001537279 0.0522674865488086 0.0138355111452729 0.0684089162182936
"cheMyd" 0.0207532667179093 0 0.0222905457340507 0.0192159877017679 0.0222905457340507 0.0199846272098386 0.0499615680245965 0.0238278247501922 0.0507302075326672 0.0653343581860108 0.0514988470407379 0.0222905457340507 0.0691775557263643
"cheSer" 0.0222905457340507 0.0222905457340507 0 0.0207532667179093 0.02152190622598 0.0192159877017679 0.0468870099923136 0.0238278247501922 0.0491929285165257 0.0622598001537279 0.05380476556495 0.0222905457340507 0.0653343581860108
"chrPic" 0.0122982321291314 0.0192159877017679 0.0207532667179093 0 0.0138355111452729 0.0115295926210607 0.0476556495003843 0.0153727901614143 0.0499615680245965 0.0622598001537279 0.0530361260568793 0.0122982321291314 0.0653343581860108
"cuoAmb" 0.00768639508070715 0.0222905457340507 0.02152190622598 0.0138355111452729 0 0.00230591852421214 0.048424289008455 0.01076095311299 0.0491929285165257 0.0637970791698693 0.0530361260568793 0.0153727901614143 0.0691775557263643
"cuoMcc" 0.005380476556495 0.0199846272098386 0.0192159877017679 0.0115295926210607 0.00230591852421214 0 0.0461183704842429 0.00845503458877786 0.0468870099923136 0.0614911606456572 0.0514988470407379 0.0130668716372022 0.0668716372021522
"emySub" 0.0491929285165257 0.0499615680245965 0.0468870099923136 0.0476556495003843 0.048424289008455 0.0461183704842429 0 0.0507302075326672 0.02152190622598 0.0568793235972329 0.069946195234435 0.0491929285165257 0.0530361260568793
"gopAga" 0.00614911606456572 0.0238278247501922 0.0238278247501922 0.0153727901614143 0.01076095311299 0.00845503458877786 0.0507302075326672 0 0.048424289008455 0.0653343581860108 0.0553420445810915 0.0153727901614143 0.0676402767102229
"mesTub" 0.0499615680245965 0.0507302075326672 0.0491929285165257 0.0499615680245965 0.0491929285165257 0.0468870099923136 0.02152190622598 0.048424289008455 0 0.0561106840891622 0.0714834742505765 0.0514988470407379 0.0553420445810915
"pelCas" 0.0622598001537279 0.0653343581860108 0.0622598001537279 0.0622598001537279 0.0637970791698693 0.0614911606456572 0.0568793235972329 0.0653343581860108 0.0561106840891622 0 0.0791698693312836 0.0653343581860108 0.0576479631053036
"pelSin" 0.0522674865488086 0.0514988470407379 0.05380476556495 0.0530361260568793 0.0530361260568793 0.0514988470407379 0.069946195234435 0.0553420445810915 0.0714834742505765 0.0791698693312836 0 0.0545734050730208 0.0876249039200615
"plaMeg" 0.0138355111452729 0.0222905457340507 0.0222905457340507 0.0122982321291314 0.0153727901614143 0.0130668716372022 0.0491929285165257 0.0153727901614143 0.0514988470407379 0.0653343581860108 0.0545734050730208 0 0.0684089162182936
"podExp" 0.0684089162182936 0.0691775557263643 0.0653343581860108 0.0653343581860108 0.0691775557263643 0.0668716372021522 0.0530361260568793 0.0676402767102229 0.0553420445810915 0.0576479631053036 0.0876249039200615 0.0684089162182936 0
