"carIns" "cheAbi" "cheMyd" "cheSer" "chrPic" "cuoAmb" "cuoMcc" "derCor" "derMaw" "emySub" "gopAga" "malTer" "mesTub" "pelCas" "pelSin" "plaMeg" "podExp" "terMex"
"carIns" 0 0.0705128205128205 0.092948717948718 0.0807692307692308 0.0730769230769231 0.0730769230769231 0.0756410256410256 0.0871794871794872 0.0923076923076923 0.091025641025641 0.0769230769230769 0.0717948717948718 0.0987179487179487 0.119871794871795 0.0801282051282051 0.0717948717948718 0.113461538461538 0.0641025641025641
"cheAbi" 0.0705128205128205 0 0.058974358974359 0.0480769230769231 0.0352564102564103 0.0256410256410256 0.0288461538461538 0.0544871794871795 0.0608974358974359 0.0634615384615385 0.0217948717948718 0.0333333333333333 0.0730769230769231 0.0974358974358974 0.0698717948717949 0.0326923076923077 0.0903846153846154 0.0230769230769231
"cheMyd" 0.092948717948718 0.058974358974359 0 0.0461538461538462 0.0557692307692308 0.0467948717948718 0.0506410256410256 0.0403846153846154 0.0647435897435897 0.0762820512820513 0.0512820512820513 0.0538461538461538 0.0833333333333333 0.112820512820513 0.0916666666666667 0.0532051282051282 0.0980769230769231 0.0493589743589744
"cheSer" 0.0807692307692308 0.0480769230769231 0.0461538461538462 0 0.0448717948717949 0.0455128205128205 0.0474358974358974 0.0480769230769231 0.0564102564102564 0.066025641025641 0.0461538461538462 0.042948717948718 0.0730769230769231 0.101923076923077 0.082051282051282 0.0416666666666667 0.0884615384615385 0.0391025641025641
"chrPic" 0.0730769230769231 0.0352564102564103 0.0557692307692308 0.0448717948717949 0 0.0288461538461538 0.0307692307692308 0.058974358974359 0.0641025641025641 0.0673076923076923 0.0307692307692308 0.00897435897435897 0.075 0.0955128205128205 0.0730769230769231 0.0153846153846154 0.0916666666666667 0.016025641025641
"cuoAmb" 0.0730769230769231 0.0256410256410256 0.0467948717948718 0.0455128205128205 0.0288461538461538 0 0.00641025641025641 0.0532051282051282 0.0634615384615385 0.0666666666666667 0.0179487179487179 0.0269230769230769 0.0737179487179487 0.100641025641026 0.0743589743589744 0.0275641025641026 0.0948717948717949 0.0224358974358974
"cuoMcc" 0.0756410256410256 0.0288461538461538 0.0506410256410256 0.0474358974358974 0.0307692307692308 0.00641025641025641 0 0.057051282051282 0.0641025641025641 0.066025641025641 0.0211538461538462 0.0288461538461538 0.0743589743589744 0.1 0.0762820512820513 0.0294871794871795 0.0948717948717949 0.0230769230769231
"derCor" 0.0871794871794872 0.0544871794871795 0.0403846153846154 0.0480769230769231 0.058974358974359 0.0532051282051282 0.057051282051282 0 0.0564102564102564 0.0698717948717949 0.0564102564102564 0.057051282051282 0.0756410256410256 0.108333333333333 0.0871794871794872 0.0564102564102564 0.0903846153846154 0.0461538461538462
"derMaw" 0.0923076923076923 0.0608974358974359 0.0647435897435897 0.0564102564102564 0.0641025641025641 0.0634615384615385 0.0641025641025641 0.0564102564102564 0 0.0794871794871795 0.0647435897435897 0.0608974358974359 0.091025641025641 0.112179487179487 0.0891025641025641 0.0615384615384615 0.101923076923077 0.05
"emySub" 0.091025641025641 0.0634615384615385 0.0762820512820513 0.066025641025641 0.0673076923076923 0.0666666666666667 0.066025641025641 0.0698717948717949 0.0794871794871795 0 0.0673076923076923 0.0641025641025641 0.041025641025641 0.0833333333333333 0.083974358974359 0.0628205128205128 0.0737179487179487 0.0532051282051282
"gopAga" 0.0769230769230769 0.0217948717948718 0.0512820512820513 0.0461538461538462 0.0307692307692308 0.0179487179487179 0.0211538461538462 0.0564102564102564 0.0647435897435897 0.0673076923076923 0 0.0288461538461538 0.0769230769230769 0.0987179487179487 0.0762820512820513 0.0282051282051282 0.0955128205128205 0.025
"malTer" 0.0717948717948718 0.0333333333333333 0.0538461538461538 0.042948717948718 0.00897435897435897 0.0269230769230769 0.0288461538461538 0.057051282051282 0.0608974358974359 0.0641025641025641 0.0288461538461538 0 0.0730769230769231 0.0955128205128205 0.0705128205128205 0.0134615384615385 0.0897435897435897 0.0147435897435897
"mesTub" 0.0987179487179487 0.0730769230769231 0.0833333333333333 0.0730769230769231 0.075 0.0737179487179487 0.0743589743589744 0.0756410256410256 0.091025641025641 0.041025641025641 0.0769230769230769 0.0730769230769231 0 0.0923076923076923 0.0923076923076923 0.0711538461538462 0.0794871794871795 0.0628205128205128
"pelCas" 0.119871794871795 0.0974358974358974 0.112820512820513 0.101923076923077 0.0955128205128205 0.100641025641026 0.1 0.108333333333333 0.112179487179487 0.0833333333333333 0.0987179487179487 0.0955128205128205 0.0923076923076923 0 0.11474358974359 0.0942307692307692 0.0833333333333333 0.0858974358974359
"pelSin" 0.0801282051282051 0.0698717948717949 0.0916666666666667 0.082051282051282 0.0730769230769231 0.0743589743589744 0.0762820512820513 0.0871794871794872 0.0891025641025641 0.083974358974359 0.0762820512820513 0.0705128205128205 0.0923076923076923 0.11474358974359 0 0.0685897435897436 0.111538461538462 0.0621794871794872
"plaMeg" 0.0717948717948718 0.0326923076923077 0.0532051282051282 0.0416666666666667 0.0153846153846154 0.0275641025641026 0.0294871794871795 0.0564102564102564 0.0615384615384615 0.0628205128205128 0.0282051282051282 0.0134615384615385 0.0711538461538462 0.0942307692307692 0.0685897435897436 0 0.0897435897435897 0.0185897435897436
"podExp" 0.113461538461538 0.0903846153846154 0.0980769230769231 0.0884615384615385 0.0916666666666667 0.0948717948717949 0.0948717948717949 0.0903846153846154 0.101923076923077 0.0737179487179487 0.0955128205128205 0.0897435897435897 0.0794871794871795 0.0833333333333333 0.111538461538462 0.0897435897435897 0 0.0807692307692308
"terMex" 0.0641025641025641 0.0230769230769231 0.0493589743589744 0.0391025641025641 0.016025641025641 0.0224358974358974 0.0230769230769231 0.0461538461538462 0.05 0.0532051282051282 0.025 0.0147435897435897 0.0628205128205128 0.0858974358974359 0.0621794871794872 0.0185897435897436 0.0807692307692308 0
