"carIns" "cheAbi" "cheMyd" "cheSer" "chrPic" "cuoAmb" "cuoMcc" "derMaw" "emySub" "gopAga" "malTer" "mesTub" "pelCas" "pelSin" "plaMeg" "podExp" "terMex"
"carIns" 0 0.0429845904298459 0.0738037307380373 0.0640713706407137 0.0754257907542579 0.0802919708029197 0.048661800486618 0.0446066504460665 0.0519059205190592 0.0462287104622871 0.0421735604217356 0.0535279805352798 0.0616382806163828 0.0673154906731549 0.0429845904298459 0.0608272506082725 0.0446066504460665
"cheAbi" 0.0429845904298459 0 0.0535279805352798 0.0437956204379562 0.048661800486618 0.0413625304136253 0.0072992700729927 0.0283860502838605 0.0348742903487429 0.0064882400648824 0.0186536901865369 0.0373073803730738 0.0446066504460665 0.056772100567721 0.0113544201135442 0.0356853203568532 0.0210867802108678
"cheMyd" 0.0738037307380373 0.0535279805352798 0 0.0470397404703974 0.0494728304947283 0.0900243309002433 0.0575831305758313 0.0494728304947283 0.0535279805352798 0.0551500405515004 0.0446066504460665 0.0600162206001622 0.0583941605839416 0.0632603406326034 0.0502838605028386 0.0721816707218167 0.048661800486618
"cheSer" 0.0640713706407137 0.0437956204379562 0.0470397404703974 0 0.0446066504460665 0.0786699107866991 0.0462287104622871 0.0364963503649635 0.048661800486618 0.0454176804541768 0.0340632603406326 0.0502838605028386 0.0551500405515004 0.0608272506082725 0.040551500405515 0.0632603406326034 0.0373073803730738
"chrPic" 0.0754257907542579 0.048661800486618 0.0494728304947283 0.0446066504460665 0 0.0859691808596918 0.0527169505271695 0.0494728304947283 0.0583941605839416 0.0519059205190592 0.0348742903487429 0.0616382806163828 0.0608272506082725 0.0656934306569343 0.0470397404703974 0.0738037307380373 0.0389294403892944
"cuoAmb" 0.0802919708029197 0.0413625304136253 0.0900243309002433 0.0786699107866991 0.0859691808596918 0 0.0389294403892944 0.0632603406326034 0.0697485806974858 0.0429845904298459 0.0543390105433901 0.072992700729927 0.0778588807785888 0.0924574209245742 0.0470397404703974 0.0681265206812652 0.056772100567721
"cuoMcc" 0.048661800486618 0.0072992700729927 0.0575831305758313 0.0462287104622871 0.0527169505271695 0.0389294403892944 0 0.0308191403081914 0.0389294403892944 0.0089213300892133 0.0210867802108678 0.0421735604217356 0.0470397404703974 0.0608272506082725 0.0137875101378751 0.0381184103811841 0.0235198702351987
"derMaw" 0.0446066504460665 0.0283860502838605 0.0494728304947283 0.0364963503649635 0.0494728304947283 0.0632603406326034 0.0308191403081914 0 0.0300081103000811 0.0300081103000811 0.0194647201946472 0.0291970802919708 0.0373073803730738 0.0673154906731549 0.0235198702351987 0.0454176804541768 0.0218978102189781
"emySub" 0.0519059205190592 0.0348742903487429 0.0535279805352798 0.048661800486618 0.0583941605839416 0.0697485806974858 0.0389294403892944 0.0300081103000811 0 0.0381184103811841 0.0275750202757502 0.0202757502027575 0.0332522303325223 0.0697485806974858 0.032441200324412 0.0389294403892944 0.0316301703163017
"gopAga" 0.0462287104622871 0.0064882400648824 0.0551500405515004 0.0454176804541768 0.0519059205190592 0.0429845904298459 0.0089213300892133 0.0300081103000811 0.0381184103811841 0 0.0202757502027575 0.0413625304136253 0.0462287104622871 0.0592051905920519 0.0129764801297648 0.0364963503649635 0.0227088402270884
"malTer" 0.0421735604217356 0.0186536901865369 0.0446066504460665 0.0340632603406326 0.0348742903487429 0.0543390105433901 0.0210867802108678 0.0194647201946472 0.0275750202757502 0.0202757502027575 0 0.032441200324412 0.0373073803730738 0.0583941605839416 0.0154095701540957 0.0437956204379562 0.0089213300892133
"mesTub" 0.0535279805352798 0.0373073803730738 0.0600162206001622 0.0502838605028386 0.0616382806163828 0.072992700729927 0.0421735604217356 0.0291970802919708 0.0202757502027575 0.0413625304136253 0.032441200324412 0 0.0332522303325223 0.0746147607461476 0.0348742903487429 0.0356853203568532 0.0348742903487429
"pelCas" 0.0616382806163828 0.0446066504460665 0.0583941605839416 0.0551500405515004 0.0608272506082725 0.0778588807785888 0.0470397404703974 0.0373073803730738 0.0332522303325223 0.0462287104622871 0.0373073803730738 0.0332522303325223 0 0.0778588807785888 0.0397404703974047 0.0413625304136253 0.0381184103811841
"pelSin" 0.0673154906731549 0.056772100567721 0.0632603406326034 0.0608272506082725 0.0656934306569343 0.0924574209245742 0.0608272506082725 0.0673154906731549 0.0697485806974858 0.0592051905920519 0.0583941605839416 0.0746147607461476 0.0778588807785888 0 0.0543390105433901 0.0746147607461476 0.064882400648824
"plaMeg" 0.0429845904298459 0.0113544201135442 0.0502838605028386 0.040551500405515 0.0470397404703974 0.0470397404703974 0.0137875101378751 0.0235198702351987 0.032441200324412 0.0129764801297648 0.0154095701540957 0.0348742903487429 0.0397404703974047 0.0543390105433901 0 0.0332522303325223 0.0178426601784266
"podExp" 0.0608272506082725 0.0356853203568532 0.0721816707218167 0.0632603406326034 0.0738037307380373 0.0681265206812652 0.0381184103811841 0.0454176804541768 0.0389294403892944 0.0364963503649635 0.0437956204379562 0.0356853203568532 0.0413625304136253 0.0746147607461476 0.0332522303325223 0 0.0462287104622871
"terMex" 0.0446066504460665 0.0210867802108678 0.048661800486618 0.0373073803730738 0.0389294403892944 0.056772100567721 0.0235198702351987 0.0218978102189781 0.0316301703163017 0.0227088402270884 0.0089213300892133 0.0348742903487429 0.0381184103811841 0.064882400648824 0.0178426601784266 0.0462287104622871 0
