"carIns" "cheAbi" "cheMyd" "cheSer" "chrPic" "cuoAmb" "cuoMcc" "derCor" "derMaw" "emySub" "gopAga" "malTer" "mesTub" "pelCas" "pelSin" "plaMeg" "podExp" "terMex"
"carIns" 0 0.0942071386775892 0.0906963136337039 0.0848449385605617 0.0871854885898186 0.113516676418958 0.0877706260971328 0.0877706260971328 0.0965476887068461 0.0953774136922177 0.0977179637214746 0.0871854885898186 0.10122878876536 0.104154476301931 0.10825043885313 0.0819192510239906 0.107665301345816 0.0860152135751902
"cheAbi" 0.0942071386775892 0 0.0409596255119953 0.0386190754827384 0.0356933879461673 0.0567583382094792 0.0257460503218256 0.0433001755412522 0.0585137507314219 0.066705675833821 0.0228203627852545 0.0351082504388531 0.0784084259801053 0.0819192510239906 0.0994733762434172 0.0304271503803394 0.0977179637214746 0.0345231129315389
"cheMyd" 0.0906963136337039 0.0409596255119953 0 0.0315974253949678 0.0345231129315389 0.0596840257460503 0.0339379754242247 0.0234055002925688 0.0532475131655939 0.0649502633118783 0.0433001755412522 0.0351082504388531 0.0743124634289058 0.0813341135166764 0.100643651258046 0.0310122878876536 0.0918665886483324 0.0327677004095963
"cheSer" 0.0848449385605617 0.0386190754827384 0.0315974253949678 0 0.0315974253949678 0.0573434757167934 0.0298420128730252 0.0315974253949678 0.042715038033938 0.0626097132826214 0.0380339379754242 0.0315974253949678 0.0713867758923347 0.07489760093622 0.0924517261556466 0.0275014628437683 0.0866003510825044 0.0292568753657109
"chrPic" 0.0871854885898186 0.0356933879461673 0.0345231129315389 0.0315974253949678 0 0.0579286132241077 0.0263311878291398 0.0339379754242247 0.0485664131070802 0.0608543007606788 0.0362785254534816 0.00702165008777063 0.0708016383850205 0.0778232884727911 0.0965476887068461 0.0175541252194266 0.0889409011117613 0.00819192510239906
"cuoAmb" 0.113516676418958 0.0567583382094792 0.0596840257460503 0.0573434757167934 0.0579286132241077 0 0.0380339379754242 0.0626097132826214 0.0784084259801053 0.0866003510825044 0.0590988882387361 0.0567583382094792 0.098888238736103 0.105324751316559 0.122878876535986 0.0532475131655939 0.115272088940901 0.0532475131655939
"cuoMcc" 0.0877706260971328 0.0257460503218256 0.0339379754242247 0.0298420128730252 0.0263311878291398 0.0380339379754242 0 0.0345231129315389 0.0497366881217086 0.0596840257460503 0.0275014628437683 0.0263311878291398 0.0708016383850205 0.0772381509654769 0.098888238736103 0.0222352252779403 0.0918665886483324 0.023990637799883
"derCor" 0.0877706260971328 0.0433001755412522 0.0234055002925688 0.0315974253949678 0.0339379754242247 0.0626097132826214 0.0345231129315389 0 0.0497366881217086 0.0643651258045641 0.0444704505558806 0.0333528379169105 0.0725570509069631 0.0807489760093622 0.0983031012287888 0.0310122878876536 0.0889409011117613 0.0310122878876536
"derMaw" 0.0965476887068461 0.0585137507314219 0.0532475131655939 0.042715038033938 0.0485664131070802 0.0784084259801053 0.0497366881217086 0.0497366881217086 0 0.0766530134581627 0.0590988882387361 0.0485664131070802 0.085430076067876 0.0860152135751902 0.107665301345816 0.0462258630778233 0.100058513750731 0.0456407255705091
"emySub" 0.0953774136922177 0.066705675833821 0.0649502633118783 0.0626097132826214 0.0608543007606788 0.0866003510825044 0.0596840257460503 0.0643651258045641 0.0766530134581627 0 0.0684610883557636 0.0596840257460503 0.0310122878876536 0.0626097132826214 0.104154476301931 0.0567583382094792 0.0719719133996489 0.0585137507314219
"gopAga" 0.0977179637214746 0.0228203627852545 0.0433001755412522 0.0380339379754242 0.0362785254534816 0.0590988882387361 0.0275014628437683 0.0444704505558806 0.0590988882387361 0.0684610883557636 0 0.0356933879461673 0.080163838502048 0.0889409011117613 0.102984201287303 0.032182562902282 0.0983031012287888 0.0327677004095963
"malTer" 0.0871854885898186 0.0351082504388531 0.0351082504388531 0.0315974253949678 0.00702165008777063 0.0567583382094792 0.0263311878291398 0.0333528379169105 0.0485664131070802 0.0596840257460503 0.0356933879461673 0 0.0690462258630778 0.0784084259801053 0.0959625511995319 0.0175541252194266 0.0871854885898186 0.00819192510239906
"mesTub" 0.10122878876536 0.0784084259801053 0.0743124634289058 0.0713867758923347 0.0708016383850205 0.098888238736103 0.0708016383850205 0.0725570509069631 0.085430076067876 0.0310122878876536 0.080163838502048 0.0690462258630778 0 0.0702165008777063 0.112931538911644 0.0678759508484494 0.0778232884727911 0.0684610883557636
"pelCas" 0.104154476301931 0.0819192510239906 0.0813341135166764 0.07489760093622 0.0778232884727911 0.105324751316559 0.0772381509654769 0.0807489760093622 0.0860152135751902 0.0626097132826214 0.0889409011117613 0.0784084259801053 0.0702165008777063 0 0.121708601521358 0.0731421884142774 0.0737273259215916 0.0760678759508484
"pelSin" 0.10825043885313 0.0994733762434172 0.100643651258046 0.0924517261556466 0.0965476887068461 0.122878876535986 0.098888238736103 0.0983031012287888 0.107665301345816 0.104154476301931 0.102984201287303 0.0959625511995319 0.112931538911644 0.121708601521358 0 0.0924517261556466 0.124049151550614 0.0947922761849034
"plaMeg" 0.0819192510239906 0.0304271503803394 0.0310122878876536 0.0275014628437683 0.0175541252194266 0.0532475131655939 0.0222352252779403 0.0310122878876536 0.0462258630778233 0.0567583382094792 0.032182562902282 0.0175541252194266 0.0678759508484494 0.0731421884142774 0.0924517261556466 0 0.0836746635459333 0.0163838502047981
"podExp" 0.107665301345816 0.0977179637214746 0.0918665886483324 0.0866003510825044 0.0889409011117613 0.115272088940901 0.0918665886483324 0.0889409011117613 0.100058513750731 0.0719719133996489 0.0983031012287888 0.0871854885898186 0.0778232884727911 0.0737273259215916 0.124049151550614 0.0836746635459333 0 0.0877706260971328
"terMex" 0.0860152135751902 0.0345231129315389 0.0327677004095963 0.0292568753657109 0.00819192510239906 0.0532475131655939 0.023990637799883 0.0310122878876536 0.0456407255705091 0.0585137507314219 0.0327677004095963 0.00819192510239906 0.0684610883557636 0.0760678759508484 0.0947922761849034 0.0163838502047981 0.0877706260971328 0
