"carIns" "cheAbi" "cheMyd" "chrPic" "derCor" "derMaw" "emySub" "gopAga" "malTer" "mesTub" "pelCas" "pelSin" "plaMeg" "podExp" "terMex"
"carIns" 0 0.0720049658597145 0.0651769087523277 0.0626939788950962 0.0620732464307883 0.0788330229671012 0.0806952203600248 0.068901303538175 0.0713842333954066 0.0844196151458721 0.309124767225326 0.074487895716946 0.0620732464307883 0.114835505896958 0.0651769087523277
"cheAbi" 0.0720049658597145 0 0.0397268777157045 0.031657355679702 0.037243947858473 0.0540037243947858 0.0695220360024829 0.0192427063935444 0.0422098075729361 0.0775915580384854 0.293606455617629 0.0713842333954066 0.0285536933581626 0.108007448789572 0.0335195530726257
"cheMyd" 0.0651769087523277 0.0397268777157045 0 0.0291744258224705 0.021104903786468 0.0446927374301676 0.0633147113594041 0.0391061452513966 0.0403476101800124 0.0695220360024829 0.293606455617629 0.0701427684667908 0.0248292985723153 0.103041589075109 0.0310366232153942
"chrPic" 0.0626939788950962 0.031657355679702 0.0291744258224705 0 0.0260707635009311 0.0409683426443203 0.0602110490378647 0.0297951582867784 0.0173805090006207 0.0670391061452514 0.292985723153321 0.063935443823712 0.0142768466790813 0.0980757293606456 0.010552451893234
"derCor" 0.0620732464307883 0.037243947858473 0.021104903786468 0.0260707635009311 0 0.0422098075729361 0.0608317815021726 0.0347610180012415 0.0360024829298572 0.0670391061452514 0.291744258224705 0.0651769087523277 0.0248292985723153 0.0993171942892613 0.0279329608938547
"derMaw" 0.0788330229671012 0.0540037243947858 0.0446927374301676 0.0409683426443203 0.0422098075729361 0 0.0775915580384854 0.0552451893234016 0.0527622594661701 0.08504034761018 0.305400372439479 0.0751086281812539 0.0403476101800124 0.111731843575419 0.042830540037244
"emySub" 0.0806952203600248 0.0695220360024829 0.0633147113594041 0.0602110490378647 0.0608317815021726 0.0775915580384854 0 0.0707635009310987 0.0682805710738672 0.0403476101800124 0.283054003724395 0.0763500931098696 0.0602110490378647 0.0881440099317194 0.0633147113594041
"gopAga" 0.068901303538175 0.0192427063935444 0.0391061452513966 0.0297951582867784 0.0347610180012415 0.0552451893234016 0.0707635009310987 0 0.0415890751086282 0.0788330229671012 0.296710117939168 0.0695220360024829 0.0279329608938547 0.107386716325264 0.0304158907510863
"malTer" 0.0713842333954066 0.0422098075729361 0.0403476101800124 0.0173805090006207 0.0360024829298572 0.0527622594661701 0.0682805710738672 0.0415890751086282 0 0.0763500931098696 0.301055245189323 0.074487895716946 0.0254500310366232 0.104283054003724 0.0229671011793917
"mesTub" 0.0844196151458721 0.0775915580384854 0.0695220360024829 0.0670391061452514 0.0670391061452514 0.08504034761018 0.0403476101800124 0.0788330229671012 0.0763500931098696 0 0.286157666045934 0.08504034761018 0.0664183736809435 0.0875232774674116 0.0713842333954066
"pelCas" 0.309124767225326 0.293606455617629 0.293606455617629 0.292985723153321 0.291744258224705 0.305400372439479 0.283054003724395 0.296710117939168 0.301055245189323 0.286157666045934 0 0.301055245189323 0.292364990689013 0.299813780260708 0.295468653010552
"pelSin" 0.074487895716946 0.0713842333954066 0.0701427684667908 0.063935443823712 0.0651769087523277 0.0751086281812539 0.0763500931098696 0.0695220360024829 0.074487895716946 0.08504034761018 0.301055245189323 0 0.0614525139664804 0.106145251396648 0.0645561762880199
"plaMeg" 0.0620732464307883 0.0285536933581626 0.0248292985723153 0.0142768466790813 0.0248292985723153 0.0403476101800124 0.0602110490378647 0.0279329608938547 0.0254500310366232 0.0664183736809435 0.292364990689013 0.0614525139664804 0 0.0962135319677219 0.016139044072005
"podExp" 0.114835505896958 0.108007448789572 0.103041589075109 0.0980757293606456 0.0993171942892613 0.111731843575419 0.0881440099317194 0.107386716325264 0.104283054003724 0.0875232774674116 0.299813780260708 0.106145251396648 0.0962135319677219 0 0.0980757293606456
"terMex" 0.0651769087523277 0.0335195530726257 0.0310366232153942 0.010552451893234 0.0279329608938547 0.042830540037244 0.0633147113594041 0.0304158907510863 0.0229671011793917 0.0713842333954066 0.295468653010552 0.0645561762880199 0.016139044072005 0.0980757293606456 0
