"carIns" "cheAbi" "cheMyd" "cheSer" "chrPic" "cuoAmb" "cuoMcc" "derCor" "derMaw" "emySub" "gopAga" "malTer" "mesTub" "pelCas" "pelSin" "plaMeg" "podExp" "terMex"
"carIns" 0 0.208139534883721 0.086046511627907 0.0808139534883721 0.115697674418605 0.0813953488372093 0.0761627906976744 0.247674418604651 0.0895348837209302 0.220348837209302 0.0895348837209302 0.0883720930232558 0.238953488372093 0.21453488372093 0.116279069767442 0.0790697674418605 0.236046511627907 0.0784883720930233
"cheAbi" 0.208139534883721 0 0.175581395348837 0.172093023255814 0.178488372093023 0.168604651162791 0.163372093023256 0.229651162790698 0.186627906976744 0.2 0.158720930232558 0.176162790697674 0.241860465116279 0.225 0.219186046511628 0.167441860465116 0.233139534883721 0.166860465116279
"cheMyd" 0.086046511627907 0.175581395348837 0 0.0267441860465116 0.063953488372093 0.0331395348837209 0.027906976744186 0.195348837209302 0.0418604651162791 0.199418604651163 0.0401162790697674 0.0348837209302326 0.219186046511628 0.188953488372093 0.104651162790698 0.025 0.208720930232558 0.0261627906976744
"cheSer" 0.0808139534883721 0.172093023255814 0.0267441860465116 0 0.0627906976744186 0.0308139534883721 0.0255813953488372 0.198255813953488 0.0372093023255814 0.191860465116279 0.0377906976744186 0.0348837209302326 0.213953488372093 0.188953488372093 0.104651162790698 0.0232558139534884 0.208720930232558 0.025
"chrPic" 0.115697674418605 0.178488372093023 0.063953488372093 0.0627906976744186 0 0.0598837209302326 0.0540697674418605 0.206976744186047 0.0790697674418605 0.200581395348837 0.0680232558139535 0.0465116279069767 0.224418604651163 0.205232558139535 0.111046511627907 0.0511627906976744 0.211627906976744 0.0453488372093023
"cuoAmb" 0.0813953488372093 0.168604651162791 0.0331395348837209 0.0308139534883721 0.0598837209302326 0 0.00813953488372093 0.208720930232558 0.0476744186046512 0.19593023255814 0.025 0.0308139534883721 0.217441860465116 0.192441860465116 0.105813953488372 0.0215116279069767 0.211627906976744 0.0191860465116279
"cuoMcc" 0.0761627906976744 0.163372093023256 0.027906976744186 0.0255813953488372 0.0540697674418605 0.00813953488372093 0 0.203488372093023 0.0418604651162791 0.190697674418605 0.0203488372093023 0.025 0.213372093023256 0.187790697674419 0.102325581395349 0.0162790697674419 0.205232558139535 0.0133720930232558
"derCor" 0.247674418604651 0.229651162790698 0.195348837209302 0.198255813953488 0.206976744186047 0.208720930232558 0.203488372093023 0 0.209302325581395 0.247093023255814 0.212790697674419 0.209302325581395 0.243604651162791 0.248837209302326 0.238372093023256 0.201744186046512 0.251162790697674 0.204651162790698
"derMaw" 0.0895348837209302 0.186627906976744 0.0418604651162791 0.0372093023255814 0.0790697674418605 0.0476744186046512 0.0418604651162791 0.209302325581395 0 0.201744186046512 0.0540697674418605 0.05 0.222674418604651 0.201162790697674 0.108720930232558 0.038953488372093 0.217441860465116 0.0412790697674419
"emySub" 0.220348837209302 0.2 0.199418604651163 0.191860465116279 0.200581395348837 0.19593023255814 0.190697674418605 0.247093023255814 0.201744186046512 0 0.200581395348837 0.198837209302326 0.226162790697674 0.215697674418605 0.223837209302326 0.193604651162791 0.221511627906977 0.193023255813953
"gopAga" 0.0895348837209302 0.158720930232558 0.0401162790697674 0.0377906976744186 0.0680232558139535 0.025 0.0203488372093023 0.212790697674419 0.0540697674418605 0.200581395348837 0 0.0401162790697674 0.222093023255814 0.19593023255814 0.113372093023256 0.0296511627906977 0.212790697674419 0.0267441860465116
"malTer" 0.0883720930232558 0.176162790697674 0.0348837209302326 0.0348837209302326 0.0465116279069767 0.0308139534883721 0.025 0.209302325581395 0.05 0.198837209302326 0.0401162790697674 0 0.218023255813953 0.194767441860465 0.108720930232558 0.0232558139534884 0.21453488372093 0.0180232558139535
"mesTub" 0.238953488372093 0.241860465116279 0.219186046511628 0.213953488372093 0.224418604651163 0.217441860465116 0.213372093023256 0.243604651162791 0.222674418604651 0.226162790697674 0.222093023255814 0.218023255813953 0 0.251744186046512 0.24593023255814 0.213953488372093 0.265116279069767 0.213372093023256
"pelCas" 0.21453488372093 0.225 0.188953488372093 0.188953488372093 0.205232558139535 0.192441860465116 0.187790697674419 0.248837209302326 0.201162790697674 0.215697674418605 0.19593023255814 0.194767441860465 0.251744186046512 0 0.227325581395349 0.187790697674419 0.216860465116279 0.188372093023256
"pelSin" 0.116279069767442 0.219186046511628 0.104651162790698 0.104651162790698 0.111046511627907 0.105813953488372 0.102325581395349 0.238372093023256 0.108720930232558 0.223837209302326 0.113372093023256 0.108720930232558 0.24593023255814 0.227325581395349 0 0.101744186046512 0.236046511627907 0.101162790697674
"plaMeg" 0.0790697674418605 0.167441860465116 0.025 0.0232558139534884 0.0511627906976744 0.0215116279069767 0.0162790697674419 0.201744186046512 0.038953488372093 0.193604651162791 0.0296511627906977 0.0232558139534884 0.213953488372093 0.187790697674419 0.101744186046512 0 0.211046511627907 0.0122093023255814
"podExp" 0.236046511627907 0.233139534883721 0.208720930232558 0.208720930232558 0.211627906976744 0.211627906976744 0.205232558139535 0.251162790697674 0.217441860465116 0.221511627906977 0.212790697674419 0.21453488372093 0.265116279069767 0.216860465116279 0.236046511627907 0.211046511627907 0 0.211046511627907
"terMex" 0.0784883720930233 0.166860465116279 0.0261627906976744 0.025 0.0453488372093023 0.0191860465116279 0.0133720930232558 0.204651162790698 0.0412790697674419 0.193023255813953 0.0267441860465116 0.0180232558139535 0.213372093023256 0.188372093023256 0.101162790697674 0.0122093023255814 0.211046511627907 0
