"cheAbi" "cheMyd" "cheSer" "chrPic" "cuoAmb" "cuoMcc" "derCor" "derMaw" "emySub" "gopAga" "malTer" "mesTub" "pelCas" "pelSin" "plaMeg" "podExp" "terMex"
"cheAbi" 0 0.0674026728646136 0.0610110400929692 0.0482277745496804 0.0331202789076119 0.0307960488088321 0.0581057524694945 0.0819291109819872 0.0981987216734457 0.0325392213829169 0.05287623474724 0.105171411969785 0.113887274840209 0.159209761766415 0.0441603718768158 0.141778036025567 0.042417199302731
"cheMyd" 0.0674026728646136 0 0.0534572922719349 0.05287623474724 0.0592678675188844 0.0592678675188844 0.0290528762347472 0.0790238233585125 0.094712376525276 0.062754212667054 0.0662405578152237 0.10110400929692 0.108657757117955 0.155723416618245 0.0482277745496804 0.137710633352702 0.052295177222545
"cheSer" 0.0610110400929692 0.0534572922719349 0 0.0470656595002905 0.0476467170249855 0.0493898895990703 0.0464846019755956 0.0679837303893085 0.0894828588030215 0.05287623474724 0.0540383497966299 0.0970366066240558 0.10923881464265 0.151656013945381 0.0464846019755956 0.134805345729227 0.0395119116792562
"chrPic" 0.0482277745496804 0.05287623474724 0.0470656595002905 0 0.0325392213829169 0.0331202789076119 0.0499709471237652 0.0743753631609529 0.0865775711795468 0.0406740267286461 0.0273097036606624 0.0976176641487507 0.10807669959326 0.148750726321906 0.0302149912841371 0.137710633352702 0.020918070889018
"cuoAmb" 0.0331202789076119 0.0592678675188844 0.0476467170249855 0.0325392213829169 0 0.011040092969204 0.05287623474724 0.0726321905868681 0.0894828588030215 0.0244044160371877 0.042417199302731 0.0993608367228356 0.106333527019175 0.147588611272516 0.031958163858222 0.135967460778617 0.0273097036606624
"cuoMcc" 0.0307960488088321 0.0592678675188844 0.0493898895990703 0.0331202789076119 0.011040092969204 0 0.05287623474724 0.073794305636258 0.0871586287042417 0.0232423009877978 0.0406740267286461 0.0976176641487507 0.104009296920395 0.149331783846601 0.0325392213829169 0.134805345729227 0.0278907611853574
"derCor" 0.0581057524694945 0.0290528762347472 0.0464846019755956 0.0499709471237652 0.05287623474724 0.05287623474724 0 0.073794305636258 0.0889018012783266 0.0563625798954096 0.0598489250435793 0.0964555490993608 0.10459035444509 0.158047646717025 0.0476467170249855 0.132481115630447 0.0459035444509006
"derMaw" 0.0819291109819872 0.0790238233585125 0.0679837303893085 0.0743753631609529 0.0726321905868681 0.073794305636258 0.073794305636258 0 0.10923881464265 0.0784427658338176 0.0796048808832074 0.118535735037769 0.128413712957583 0.15746658919233 0.0726321905868681 0.155723416618245 0.0650784427658338
"emySub" 0.0981987216734457 0.094712376525276 0.0894828588030215 0.0865775711795468 0.0894828588030215 0.0871586287042417 0.0889018012783266 0.10923881464265 0 0.0952934340499709 0.0952934340499709 0.0453224869262057 0.083672283556072 0.166763509587449 0.0883207437536316 0.113306217315514 0.0813480534572923
"gopAga" 0.0325392213829169 0.062754212667054 0.05287623474724 0.0406740267286461 0.0244044160371877 0.0232423009877978 0.0563625798954096 0.0784427658338176 0.0952934340499709 0 0.0441603718768158 0.105171411969785 0.107495642068565 0.158047646717025 0.0389308541545613 0.139453805926787 0.0342823939570017
"malTer" 0.05287623474724 0.0662405578152237 0.0540383497966299 0.0273097036606624 0.042417199302731 0.0406740267286461 0.0598489250435793 0.0796048808832074 0.0952934340499709 0.0441603718768158 0 0.106333527019175 0.114468332364904 0.156885531667635 0.0406740267286461 0.142940151074956 0.0284718187100523
"mesTub" 0.105171411969785 0.10110400929692 0.0970366066240558 0.0976176641487507 0.0993608367228356 0.0976176641487507 0.0964555490993608 0.118535735037769 0.0453224869262057 0.105171411969785 0.106333527019175 0 0.0894828588030215 0.173155142359094 0.0952934340499709 0.124927367809413 0.0923881464264962
"pelCas" 0.113887274840209 0.108657757117955 0.10923881464265 0.10807669959326 0.106333527019175 0.104009296920395 0.10459035444509 0.128413712957583 0.083672283556072 0.107495642068565 0.114468332364904 0.0894828588030215 0 0.184195235328298 0.106333527019175 0.107495642068565 0.10226612434631
"pelSin" 0.159209761766415 0.155723416618245 0.151656013945381 0.148750726321906 0.147588611272516 0.149331783846601 0.158047646717025 0.15746658919233 0.166763509587449 0.158047646717025 0.156885531667635 0.173155142359094 0.184195235328298 0 0.149912841371296 0.203951191167926 0.144102266124346
"plaMeg" 0.0441603718768158 0.0482277745496804 0.0464846019755956 0.0302149912841371 0.031958163858222 0.0325392213829169 0.0476467170249855 0.0726321905868681 0.0883207437536316 0.0389308541545613 0.0406740267286461 0.0952934340499709 0.106333527019175 0.149912841371296 0 0.137129575828007 0.0273097036606624
"podExp" 0.141778036025567 0.137710633352702 0.134805345729227 0.137710633352702 0.135967460778617 0.134805345729227 0.132481115630447 0.155723416618245 0.113306217315514 0.139453805926787 0.142940151074956 0.124927367809413 0.107495642068565 0.203951191167926 0.137129575828007 0 0.131900058105752
"terMex" 0.042417199302731 0.052295177222545 0.0395119116792562 0.020918070889018 0.0273097036606624 0.0278907611853574 0.0459035444509006 0.0650784427658338 0.0813480534572923 0.0342823939570017 0.0284718187100523 0.0923881464264962 0.10226612434631 0.144102266124346 0.0273097036606624 0.131900058105752 0
