"carIns" "cheAbi" "cheMyd" "cheSer" "chrPic" "cuoAmb" "cuoMcc" "derCor" "derMaw" "emySub" "gopAga" "malTer" "mesTub" "pelCas" "pelSin" "plaMeg" "podExp" "terMex"
"carIns" 0 0.0703346568349404 0.179239931934203 0.0629608621667612 0.0629608621667612 0.0629608621667612 0.0640952921157119 0.0743051616562677 0.0709018718094158 0.0845150311968236 0.0652297220646625 0.131593874078276 0.079977311401021 0.0924560408394782 0.0714690867838911 0.0629608621667612 0.0930232558139535 0.0680657969370391
"cheAbi" 0.0703346568349404 0 0.16505955757232 0.0408394781622235 0.0368689733408962 0.0249574588769144 0.0238230289279637 0.0493477027793534 0.0431083380601248 0.0731707317073171 0.0192853091321611 0.103800340328985 0.0709018718094158 0.0794100964265457 0.0674985819625638 0.0306296086216676 0.0879183210436756 0.0363017583664209
"cheMyd" 0.179239931934203 0.16505955757232 0 0.157685762904141 0.161656267725468 0.155984117980715 0.153715258082813 0.159387407827567 0.161089052750993 0.180374361883154 0.159387407827567 0.228587634713556 0.179807146908678 0.184344866704481 0.175836642087351 0.154282473057289 0.186613726602382 0.159954622802042
"cheSer" 0.0629608621667612 0.0408394781622235 0.157685762904141 0 0.0306296086216676 0.0306296086216676 0.029495178672717 0.0414066931366988 0.0357345433919455 0.0646625070901872 0.0357345433919455 0.0986954055587067 0.0646625070901872 0.0743051616562677 0.0612592172433352 0.0255246738513897 0.081678956324447 0.0323312535450936
"chrPic" 0.0629608621667612 0.0368689733408962 0.161656267725468 0.0306296086216676 0 0.0266591038003403 0.0255246738513897 0.0425411230856495 0.0397050482132728 0.0714690867838911 0.0323312535450936 0.0754395916052184 0.0703346568349404 0.0788428814520703 0.0646625070901872 0.0192853091321611 0.0879183210436756 0.0130459444129325
"cuoAmb" 0.0629608621667612 0.0249574588769144 0.155984117980715 0.0306296086216676 0.0266591038003403 0 0.00340328984685196 0.0391378332387975 0.0368689733408962 0.0669313669880885 0.0175836642087351 0.0947249007373795 0.0640952921157119 0.0760068065796937 0.0629608621667612 0.0187180941576858 0.0822461712989223 0.0255246738513897
"cuoMcc" 0.0640952921157119 0.0238230289279637 0.153715258082813 0.029495178672717 0.0255246738513897 0.00340328984685196 0 0.0380034032898469 0.0346001134429949 0.0646625070901872 0.0164492342597845 0.0935904707884288 0.0629608621667612 0.074872376630743 0.0640952921157119 0.0175836642087351 0.0822461712989223 0.024390243902439
"derCor" 0.0743051616562677 0.0493477027793534 0.159387407827567 0.0414066931366988 0.0425411230856495 0.0391378332387975 0.0380034032898469 0 0.0448099829835508 0.0680657969370391 0.0459444129325014 0.110039705048213 0.0686330119115145 0.0771412365286444 0.0726035167328418 0.0363017583664209 0.0879183210436756 0.0431083380601248
"derMaw" 0.0709018718094158 0.0431083380601248 0.161089052750993 0.0357345433919455 0.0397050482132728 0.0368689733408962 0.0346001134429949 0.0448099829835508 0 0.0697674418604651 0.0408394781622235 0.107203630175837 0.0686330119115145 0.081678956324447 0.0680657969370391 0.0340328984685196 0.0839478162223483 0.0419739081111741
"emySub" 0.0845150311968236 0.0731707317073171 0.180374361883154 0.0646625070901872 0.0714690867838911 0.0669313669880885 0.0646625070901872 0.0680657969370391 0.0697674418604651 0 0.0737379466817924 0.137833238797504 0.0357345433919455 0.0640952921157119 0.081678956324447 0.0629608621667612 0.0714690867838911 0.0697674418604651
"gopAga" 0.0652297220646625 0.0192853091321611 0.159387407827567 0.0357345433919455 0.0323312535450936 0.0175836642087351 0.0164492342597845 0.0459444129325014 0.0408394781622235 0.0737379466817924 0 0.0992626205331821 0.0680657969370391 0.0805445263754963 0.0674985819625638 0.0266591038003403 0.0879183210436756 0.0306296086216676
"malTer" 0.131593874078276 0.103800340328985 0.228587634713556 0.0986954055587067 0.0754395916052184 0.0947249007373795 0.0935904707884288 0.110039705048213 0.107203630175837 0.137833238797504 0.0992626205331821 0 0.137266023823029 0.145774248440159 0.132161089052751 0.0867838910947249 0.15655133295519 0.081678956324447
"mesTub" 0.079977311401021 0.0709018718094158 0.179807146908678 0.0646625070901872 0.0703346568349404 0.0640952921157119 0.0629608621667612 0.0686330119115145 0.0686330119115145 0.0357345433919455 0.0680657969370391 0.137266023823029 0 0.0669313669880885 0.0788428814520703 0.0629608621667612 0.076574021554169 0.0686330119115145
"pelCas" 0.0924560408394782 0.0794100964265457 0.184344866704481 0.0743051616562677 0.0788428814520703 0.0760068065796937 0.074872376630743 0.0771412365286444 0.081678956324447 0.0640952921157119 0.0805445263754963 0.145774248440159 0.0669313669880885 0 0.0896199659671015 0.0703346568349404 0.0612592172433352 0.0760068065796937
"pelSin" 0.0714690867838911 0.0674985819625638 0.175836642087351 0.0612592172433352 0.0646625070901872 0.0629608621667612 0.0640952921157119 0.0726035167328418 0.0680657969370391 0.081678956324447 0.0674985819625638 0.132161089052751 0.0788428814520703 0.0896199659671015 0 0.0635280771412365 0.0986954055587067 0.0692002268859898
"plaMeg" 0.0629608621667612 0.0306296086216676 0.154282473057289 0.0255246738513897 0.0192853091321611 0.0187180941576858 0.0175836642087351 0.0363017583664209 0.0340328984685196 0.0629608621667612 0.0266591038003403 0.0867838910947249 0.0629608621667612 0.0703346568349404 0.0635280771412365 0 0.078275666477595 0.0170164492342598
"podExp" 0.0930232558139535 0.0879183210436756 0.186613726602382 0.081678956324447 0.0879183210436756 0.0822461712989223 0.0822461712989223 0.0879183210436756 0.0839478162223483 0.0714690867838911 0.0879183210436756 0.15655133295519 0.076574021554169 0.0612592172433352 0.0986954055587067 0.078275666477595 0 0.0839478162223483
"terMex" 0.0680657969370391 0.0363017583664209 0.159954622802042 0.0323312535450936 0.0130459444129325 0.0255246738513897 0.024390243902439 0.0431083380601248 0.0419739081111741 0.0697674418604651 0.0306296086216676 0.081678956324447 0.0686330119115145 0.0760068065796937 0.0692002268859898 0.0170164492342598 0.0839478162223483 0
