"carIns" "cheAbi" "cheMyd" "cheSer" "chrPic" "cuoAmb" "cuoMcc" "derCor" "derMaw" "gopAga" "malTer" "mesTub" "pelCas" "pelSin" "plaMeg" "podExp" "terMex"
"carIns" 0 0.0622972096041532 0.0616482803374432 0.0648929266709929 0.0571057754704737 0.0564568462037638 0.0558079169370539 0.0661907852044127 0.0616482803374432 0.0609993510707333 0.129136924075276 0.0700843608046723 0.0934458144062297 0.0694354315379624 0.0551589876703439 0.0791693705386113 0.0571057754704737
"cheAbi" 0.0622972096041532 0 0.0298507462686567 0.0311486048020766 0.0188189487345879 0.0188189487345879 0.0162232316677482 0.0350421804023361 0.0382868267358858 0.018170019467878 0.0973393900064893 0.0551589876703439 0.0837118754055808 0.0668397144711226 0.018170019467878 0.0785204412719014 0.0201168072680078
"cheMyd" 0.0616482803374432 0.0298507462686567 0 0.0279039584685269 0.0207657365347177 0.0220635950681376 0.0188189487345879 0.0188189487345879 0.027255029201817 0.0253082414016872 0.099935107073329 0.0564568462037638 0.0830629461388709 0.0642439974042829 0.0201168072680078 0.0772225827384815 0.0207657365347177
"cheSer" 0.0648929266709929 0.0311486048020766 0.0279039584685269 0 0.0253082414016872 0.0292018170019468 0.027255029201817 0.0350421804023361 0.0343932511356262 0.0324464633354964 0.103179753406879 0.0558079169370539 0.0869565217391304 0.0674886437378326 0.0246593121349773 0.0804672290720311 0.0253082414016872
"chrPic" 0.0571057754704737 0.0188189487345879 0.0207657365347177 0.0253082414016872 0 0.0162232316677482 0.0123296560674886 0.0285528877352369 0.0253082414016872 0.0188189487345879 0.0856586632057106 0.0525632706035042 0.0791693705386113 0.0597014925373134 0.0110317975340688 0.0720311486048021 0.00519143413367943
"cuoAmb" 0.0564568462037638 0.0188189487345879 0.0220635950681376 0.0292018170019468 0.0162232316677482 0 0.00648929266709929 0.0317975340687865 0.0317975340687865 0.0194678780012979 0.0947436729396496 0.054510058403634 0.0811161583387411 0.0609993510707333 0.0155743024010383 0.072680077871512 0.0175210902011681
"cuoMcc" 0.0558079169370539 0.0162232316677482 0.0188189487345879 0.027255029201817 0.0123296560674886 0.00648929266709929 0 0.0298507462686567 0.0304996755353666 0.0155743024010383 0.0940947436729396 0.0525632706035042 0.0798182998053212 0.0584036340038936 0.0116807268007787 0.0720311486048021 0.0136275146009085
"derCor" 0.0661907852044127 0.0350421804023361 0.0188189487345879 0.0350421804023361 0.0285528877352369 0.0317975340687865 0.0298507462686567 0 0.0369889682024659 0.0343932511356262 0.107073329007138 0.0609993510707333 0.0837118754055808 0.0700843608046723 0.027255029201817 0.081765087605451 0.0285528877352369
"derMaw" 0.0616482803374432 0.0382868267358858 0.027255029201817 0.0343932511356262 0.0253082414016872 0.0317975340687865 0.0304996755353666 0.0369889682024659 0 0.0350421804023361 0.102530824140169 0.0603504218040234 0.0895522388059701 0.0661907852044127 0.0266060999351071 0.0791693705386113 0.0253082414016872
"gopAga" 0.0609993510707333 0.018170019467878 0.0253082414016872 0.0324464633354964 0.0188189487345879 0.0194678780012979 0.0155743024010383 0.0343932511356262 0.0350421804023361 0 0.0986372485399092 0.0603504218040234 0.081765087605451 0.063595068137573 0.0201168072680078 0.0772225827384815 0.0201168072680078
"malTer" 0.129136924075276 0.0973393900064893 0.099935107073329 0.103179753406879 0.0856586632057106 0.0947436729396496 0.0940947436729396 0.107073329007138 0.102530824140169 0.0986372485399092 0 0.125892277741726 0.146009085009734 0.132381570408825 0.0940947436729396 0.140168721609345 0.0876054510058404
"mesTub" 0.0700843608046723 0.0551589876703439 0.0564568462037638 0.0558079169370539 0.0525632706035042 0.054510058403634 0.0525632706035042 0.0609993510707333 0.0603504218040234 0.0603504218040234 0.125892277741726 0 0.0791693705386113 0.0804672290720311 0.0512654120700844 0.0655418559377028 0.0519143413367943
"pelCas" 0.0934458144062297 0.0837118754055808 0.0830629461388709 0.0869565217391304 0.0791693705386113 0.0811161583387411 0.0798182998053212 0.0837118754055808 0.0895522388059701 0.081765087605451 0.146009085009734 0.0791693705386113 0 0.103828682673589 0.0804672290720311 0.0700843608046723 0.0798182998053212
"pelSin" 0.0694354315379624 0.0668397144711226 0.0642439974042829 0.0674886437378326 0.0597014925373134 0.0609993510707333 0.0584036340038936 0.0700843608046723 0.0661907852044127 0.063595068137573 0.132381570408825 0.0804672290720311 0.103828682673589 0 0.0590525632706035 0.0940947436729396 0.0584036340038936
"plaMeg" 0.0551589876703439 0.018170019467878 0.0201168072680078 0.0246593121349773 0.0110317975340688 0.0155743024010383 0.0116807268007787 0.027255029201817 0.0266060999351071 0.0201168072680078 0.0940947436729396 0.0512654120700844 0.0804672290720311 0.0590525632706035 0 0.0733290071382219 0.0123296560674886
"podExp" 0.0791693705386113 0.0785204412719014 0.0772225827384815 0.0804672290720311 0.0720311486048021 0.072680077871512 0.0720311486048021 0.081765087605451 0.0791693705386113 0.0772225827384815 0.140168721609345 0.0655418559377028 0.0700843608046723 0.0940947436729396 0.0733290071382219 0 0.0713822193380921
"terMex" 0.0571057754704737 0.0201168072680078 0.0207657365347177 0.0253082414016872 0.00519143413367943 0.0175210902011681 0.0136275146009085 0.0285528877352369 0.0253082414016872 0.0201168072680078 0.0876054510058404 0.0519143413367943 0.0798182998053212 0.0584036340038936 0.0123296560674886 0.0713822193380921 0
