"carIns" "cheAbi" "cheMyd" "cheSer" "chrPic" "cuoAmb" "cuoMcc" "derMaw" "emySub" "gopAga" "malTer" "pelCas" "pelSin" "plaMeg" "podExp" "terMex"
"carIns" 0 0.0756013745704467 0.0810014727540501 0.071674030436917 0.0760922925871379 0.0775650466372116 0.0765832106038292 0.078546882670594 0.0864015709376534 0.0780559646539028 0.0795287187039764 0.109965635738832 0.0834560628375061 0.0736377025036819 0.110947471772214 0.0775650466372116
"cheAbi" 0.0756013745704467 0 0.0397643593519882 0.0289641629847815 0.0201276386843397 0.0166912125675012 0.0171821305841924 0.0407461953853706 0.0495827196858125 0.0176730486008837 0.0235640648011782 0.078546882670594 0.0638193421698576 0.0201276386843397 0.0765832106038292 0.023073146784487
"cheMyd" 0.0810014727540501 0.0397643593519882 0 0.03240058910162 0.0333824251350025 0.0378006872852234 0.0358370152184585 0.0432007854688267 0.0544918998527246 0.0387825233186058 0.0333824251350025 0.0864015709376534 0.0628375061364752 0.029945999018164 0.0814923907707413 0.0348551791850761
"cheSer" 0.071674030436917 0.0289641629847815 0.03240058910162 0 0.0245459008345606 0.0304369170348552 0.0304369170348552 0.0279823269513991 0.0432007854688267 0.0304369170348552 0.0279823269513991 0.0756013745704467 0.0559646539027982 0.0220913107511046 0.0721649484536082 0.0294550810014728
"chrPic" 0.0760922925871379 0.0201276386843397 0.0333824251350025 0.0245459008345606 0 0.0206185567010309 0.0206185567010309 0.0363279332351497 0.04860088365243 0.0235640648011782 0.00736377025036819 0.0760922925871379 0.0594010800196367 0.013745704467354 0.0770741286205204 0.013745704467354
"cuoAmb" 0.0775650466372116 0.0166912125675012 0.0378006872852234 0.0304369170348552 0.0206185567010309 0 0.0103092783505155 0.0407461953853706 0.053019145802651 0.0201276386843397 0.0211094747177221 0.0814923907707413 0.0628375061364752 0.0191458026509573 0.0824742268041237 0.0235640648011782
"cuoMcc" 0.0765832106038292 0.0171821305841924 0.0358370152184585 0.0304369170348552 0.0206185567010309 0.0103092783505155 0 0.0407461953853706 0.0520373097692685 0.0171821305841924 0.0201276386843397 0.0805105547373589 0.0613647520864016 0.0181639666175749 0.0819833087874325 0.0211094747177221
"derMaw" 0.078546882670594 0.0407461953853706 0.0432007854688267 0.0279823269513991 0.0363279332351497 0.0407461953853706 0.0407461953853706 0 0.0549828178694158 0.0417280314187531 0.0397643593519882 0.0859106529209622 0.0648011782032401 0.0353460972017673 0.0829651448208149 0.0412371134020619
"emySub" 0.0864015709376534 0.0495827196858125 0.0544918998527246 0.0432007854688267 0.04860088365243 0.053019145802651 0.0520373097692685 0.0549828178694158 0 0.0559646539027982 0.0510554737358861 0.0628375061364752 0.0711831124202258 0.0476190476190476 0.0608738340697104 0.0510554737358861
"gopAga" 0.0780559646539028 0.0176730486008837 0.0387825233186058 0.0304369170348552 0.0235640648011782 0.0201276386843397 0.0171821305841924 0.0417280314187531 0.0559646539027982 0 0.0240549828178694 0.0829651448208149 0.0643102601865488 0.0206185567010309 0.0810014727540501 0.023073146784487
"malTer" 0.0795287187039764 0.0235640648011782 0.0333824251350025 0.0279823269513991 0.00736377025036819 0.0211094747177221 0.0201276386843397 0.0397643593519882 0.0510554737358861 0.0240549828178694 0 0.0775650466372116 0.0598919980363279 0.0132547864506627 0.0800196367206676 0.013745704467354
"pelCas" 0.109965635738832 0.078546882670594 0.0864015709376534 0.0756013745704467 0.0760922925871379 0.0814923907707413 0.0805105547373589 0.0859106529209622 0.0628375061364752 0.0829651448208149 0.0775650466372116 0 0.0932744231713304 0.0746195385370643 0.0731467844869907 0.0756013745704467
"pelSin" 0.0834560628375061 0.0638193421698576 0.0628375061364752 0.0559646539027982 0.0594010800196367 0.0628375061364752 0.0613647520864016 0.0648011782032401 0.0711831124202258 0.0643102601865488 0.0598919980363279 0.0932744231713304 0 0.0579283259695631 0.0937653411880216 0.0633284241531664
"plaMeg" 0.0736377025036819 0.0201276386843397 0.029945999018164 0.0220913107511046 0.013745704467354 0.0191458026509573 0.0181639666175749 0.0353460972017673 0.0476190476190476 0.0206185567010309 0.0132547864506627 0.0746195385370643 0.0579283259695631 0 0.0770741286205204 0.0166912125675012
"podExp" 0.110947471772214 0.0765832106038292 0.0814923907707413 0.0721649484536082 0.0770741286205204 0.0824742268041237 0.0819833087874325 0.0829651448208149 0.0608738340697104 0.0810014727540501 0.0800196367206676 0.0731467844869907 0.0937653411880216 0.0770741286205204 0 0.0800196367206676
"terMex" 0.0775650466372116 0.023073146784487 0.0348551791850761 0.0294550810014728 0.013745704467354 0.0235640648011782 0.0211094747177221 0.0412371134020619 0.0510554737358861 0.023073146784487 0.013745704467354 0.0756013745704467 0.0633284241531664 0.0166912125675012 0.0800196367206676 0
