"carIns" "cheAbi" "cheMyd" "cheSer" "chrPic" "cuoAmb" "cuoMcc" "derMaw" "emySub" "gopAga" "malTer" "mesTub" "pelCas" "pelSin" "plaMeg" "podExp" "terMex"
"carIns" 0 0.133771929824561 0.122076023391813 0.116228070175439 0.121345029239766 0.120614035087719 0.117690058479532 0.138157894736842 0.137426900584795 0.131578947368421 0.122076023391813 0.149122807017544 0.160818713450292 0.132309941520468 0.114766081871345 0.171052631578947 0.116959064327485
"cheAbi" 0.133771929824561 0 0.0599415204678363 0.0650584795321637 0.0526315789473684 0.0358187134502924 0.0402046783625731 0.0767543859649123 0.0957602339181287 0.0394736842105263 0.0570175438596491 0.110380116959064 0.133771929824561 0.114766081871345 0.0555555555555556 0.135233918128655 0.0533625730994152
"cheMyd" 0.122076023391813 0.0599415204678363 0 0.0577485380116959 0.0475146198830409 0.0526315789473684 0.0519005847953216 0.0694444444444444 0.0899122807017544 0.0592105263157895 0.0504385964912281 0.105994152046784 0.125730994152047 0.109649122807018 0.0489766081871345 0.12719298245614 0.0431286549707602
"cheSer" 0.116228070175439 0.0650584795321637 0.0577485380116959 0 0.0489766081871345 0.054093567251462 0.0519005847953216 0.0745614035087719 0.0891812865497076 0.0592105263157895 0.0511695906432749 0.105263157894737 0.12719298245614 0.107456140350877 0.0497076023391813 0.135233918128655 0.0489766081871345
"chrPic" 0.121345029239766 0.0526315789473684 0.0475146198830409 0.0489766081871345 0 0.0460526315789474 0.043859649122807 0.0657894736842105 0.0847953216374269 0.0475146198830409 0.00584795321637427 0.0994152046783626 0.119883040935673 0.103801169590643 0.0328947368421053 0.12719298245614 0.0175438596491228
"cuoAmb" 0.120614035087719 0.0358187134502924 0.0526315789473684 0.054093567251462 0.0460526315789474 0 0.0160818713450292 0.0723684210526316 0.087719298245614 0.0307017543859649 0.0504385964912281 0.105994152046784 0.12280701754386 0.105994152046784 0.0482456140350877 0.133771929824561 0.0460526315789474
"cuoMcc" 0.117690058479532 0.0402046783625731 0.0519005847953216 0.0519005847953216 0.043859649122807 0.0160818713450292 0 0.0723684210526316 0.0855263157894737 0.033625730994152 0.0467836257309941 0.103801169590643 0.125730994152047 0.10453216374269 0.0453216374269006 0.136695906432749 0.0445906432748538
"derMaw" 0.138157894736842 0.0767543859649123 0.0694444444444444 0.0745614035087719 0.0657894736842105 0.0723684210526316 0.0723684210526316 0 0.107456140350877 0.0789473684210526 0.0657894736842105 0.117690058479532 0.141812865497076 0.128654970760234 0.0701754385964912 0.14766081871345 0.0665204678362573
"emySub" 0.137426900584795 0.0957602339181287 0.0899122807017544 0.0891812865497076 0.0847953216374269 0.087719298245614 0.0855263157894737 0.107456140350877 0 0.091374269005848 0.0862573099415205 0.0614035087719298 0.101608187134503 0.125730994152047 0.0869883040935673 0.119152046783626 0.0869883040935673
"gopAga" 0.131578947368421 0.0394736842105263 0.0592105263157895 0.0592105263157895 0.0475146198830409 0.0307017543859649 0.033625730994152 0.0789473684210526 0.091374269005848 0 0.0504385964912281 0.10672514619883 0.127923976608187 0.114035087719298 0.0526315789473684 0.135964912280702 0.0467836257309941
"malTer" 0.122076023391813 0.0570175438596491 0.0504385964912281 0.0511695906432749 0.00584795321637427 0.0504385964912281 0.0467836257309941 0.0657894736842105 0.0862573099415205 0.0504385964912281 0 0.10233918128655 0.120614035087719 0.108187134502924 0.0358187134502924 0.130116959064327 0.0219298245614035
"mesTub" 0.149122807017544 0.110380116959064 0.105994152046784 0.105263157894737 0.0994152046783626 0.105994152046784 0.103801169590643 0.117690058479532 0.0614035087719298 0.10672514619883 0.10233918128655 0 0.120614035087719 0.136695906432749 0.105263157894737 0.124269005847953 0.10233918128655
"pelCas" 0.160818713450292 0.133771929824561 0.125730994152047 0.12719298245614 0.119883040935673 0.12280701754386 0.125730994152047 0.141812865497076 0.101608187134503 0.127923976608187 0.120614035087719 0.120614035087719 0 0.159356725146199 0.123538011695906 0.108187134502924 0.12280701754386
"pelSin" 0.132309941520468 0.114766081871345 0.109649122807018 0.107456140350877 0.103801169590643 0.105994152046784 0.10453216374269 0.128654970760234 0.125730994152047 0.114035087719298 0.108187134502924 0.136695906432749 0.159356725146199 0 0.103070175438596 0.168859649122807 0.101608187134503
"plaMeg" 0.114766081871345 0.0555555555555556 0.0489766081871345 0.0497076023391813 0.0328947368421053 0.0482456140350877 0.0453216374269006 0.0701754385964912 0.0869883040935673 0.0526315789473684 0.0358187134502924 0.105263157894737 0.123538011695906 0.103070175438596 0 0.134502923976608 0.0343567251461988
"podExp" 0.171052631578947 0.135233918128655 0.12719298245614 0.135233918128655 0.12719298245614 0.133771929824561 0.136695906432749 0.14766081871345 0.119152046783626 0.135964912280702 0.130116959064327 0.124269005847953 0.108187134502924 0.168859649122807 0.134502923976608 0 0.130116959064327
"terMex" 0.116959064327485 0.0533625730994152 0.0431286549707602 0.0489766081871345 0.0175438596491228 0.0460526315789474 0.0445906432748538 0.0665204678362573 0.0869883040935673 0.0467836257309941 0.0219298245614035 0.10233918128655 0.12280701754386 0.101608187134503 0.0343567251461988 0.130116959064327 0
