"cheAbi" "cheMyd" "cheSer" "chrPic" "cuoAmb" "cuoMcc" "derMaw" "emySub" "gopAga" "malTer" "mesTub" "pelCas" "pelSin" "plaMeg" "podExp" "terMex"
"cheAbi" 0 0.0262273032952253 0.0262273032952253 0.0255548083389375 0.0141223940820444 0.0107599193006052 0.0329522528581036 0.0598520511096167 0.00874243443174176 0.172158708809684 0.0571620712844654 0.078009414929388 0.168123739071957 0.0181573638197714 0.078009414929388 0.0215198386012105
"cheMyd" 0.0262273032952253 0 0.0228648285137861 0.0275722932078009 0.0262273032952253 0.0242098184263618 0.0295897780766644 0.0551445864156019 0.0268997982515131 0.170813718897108 0.0531271015467384 0.0793544048419637 0.163416274377942 0.0161398789509079 0.0759919300605245 0.0208473436449227
"cheSer" 0.0262273032952253 0.0228648285137861 0 0.0295897780766644 0.0275722932078009 0.0242098184263618 0.0322797579018157 0.0558170813718897 0.0268997982515131 0.177538668459987 0.0537995965030262 0.0813718897108272 0.166106254203093 0.0228648285137861 0.0773369199731002 0.023537323470074
"chrPic" 0.0255548083389375 0.0275722932078009 0.0295897780766644 0 0.0248823133826496 0.0228648285137861 0.0356422326832549 0.0591795561533289 0.0262273032952253 0.162743779421654 0.0598520511096167 0.0813718897108272 0.168123739071957 0.0168123739071957 0.0786819098856759 0.0134498991257566
"cuoAmb" 0.0141223940820444 0.0262273032952253 0.0275722932078009 0.0248823133826496 0 0.00739744451916611 0.0356422326832549 0.0578345662407532 0.01546738399462 0.174176193678547 0.0564895763281775 0.0766644250168124 0.167451244115669 0.0168123739071957 0.0800268997982515 0.0215198386012105
"cuoMcc" 0.0107599193006052 0.0242098184263618 0.0242098184263618 0.0228648285137861 0.00739744451916611 0 0.0322797579018157 0.0558170813718897 0.0121049092131809 0.170813718897108 0.0558170813718897 0.0773369199731002 0.166106254203093 0.0134498991257566 0.0753194351042367 0.019502353732347
"derMaw" 0.0329522528581036 0.0295897780766644 0.0322797579018157 0.0356422326832549 0.0356422326832549 0.0322797579018157 0 0.0652320107599193 0.0336247478143914 0.17955615332885 0.0618695359784802 0.086079354404842 0.17350369872226 0.0268997982515131 0.0786819098856759 0.0316072629455279
"emySub" 0.0598520511096167 0.0551445864156019 0.0558170813718897 0.0591795561533289 0.0578345662407532 0.0558170813718897 0.0652320107599193 0 0.0598520511096167 0.19502353732347 0.0262273032952253 0.0786819098856759 0.178883658372562 0.0531271015467384 0.078009414929388 0.0571620712844654
"gopAga" 0.00874243443174176 0.0268997982515131 0.0268997982515131 0.0262273032952253 0.01546738399462 0.0121049092131809 0.0336247478143914 0.0598520511096167 0 0.174848688634835 0.058507061197041 0.0800268997982515 0.166778749159381 0.0188298587760592 0.0786819098856759 0.0221923335574983
"malTer" 0.172158708809684 0.170813718897108 0.177538668459987 0.162743779421654 0.174176193678547 0.170813718897108 0.17955615332885 0.19502353732347 0.174848688634835 0 0.197041022192334 0.208473436449227 0.216543375924681 0.166106254203093 0.202420981842636 0.168796234028245
"mesTub" 0.0571620712844654 0.0531271015467384 0.0537995965030262 0.0598520511096167 0.0564895763281775 0.0558170813718897 0.0618695359784802 0.0262273032952253 0.058507061197041 0.197041022192334 0 0.078009414929388 0.180228648285138 0.054472091459314 0.078009414929388 0.0578345662407532
"pelCas" 0.078009414929388 0.0793544048419637 0.0813718897108272 0.0813718897108272 0.0766644250168124 0.0773369199731002 0.086079354404842 0.0786819098856759 0.0800268997982515 0.208473436449227 0.078009414929388 0 0.193006052454607 0.0733019502353732 0.066577000672495 0.0773369199731002
"pelSin" 0.168123739071957 0.163416274377942 0.166106254203093 0.168123739071957 0.167451244115669 0.166106254203093 0.17350369872226 0.178883658372562 0.166778749159381 0.216543375924681 0.180228648285138 0.193006052454607 0 0.16408876933423 0.193006052454607 0.166106254203093
"plaMeg" 0.0181573638197714 0.0161398789509079 0.0228648285137861 0.0168123739071957 0.0168123739071957 0.0134498991257566 0.0268997982515131 0.0531271015467384 0.0188298587760592 0.166106254203093 0.054472091459314 0.0733019502353732 0.16408876933423 0 0.0712844653665097 0.0127774041694687
"podExp" 0.078009414929388 0.0759919300605245 0.0773369199731002 0.0786819098856759 0.0800268997982515 0.0753194351042367 0.0786819098856759 0.078009414929388 0.0786819098856759 0.202420981842636 0.078009414929388 0.066577000672495 0.193006052454607 0.0712844653665097 0 0.078009414929388
"terMex" 0.0215198386012105 0.0208473436449227 0.023537323470074 0.0134498991257566 0.0215198386012105 0.019502353732347 0.0316072629455279 0.0571620712844654 0.0221923335574983 0.168796234028245 0.0578345662407532 0.0773369199731002 0.166106254203093 0.0127774041694687 0.078009414929388 0
