"carIns" "cheAbi" "cheMyd" "cheSer" "chrPic" "cuoMcc" "derMaw" "emySub" "gopAga" "malTer" "mesTub" "pelCas" "pelSin" "plaMeg" "podExp" "terMex"
"carIns" 0 0.0895986433013002 0.0842283776144715 0.0859242509892595 0.0856416054267948 0.0893159977388355 0.100056529112493 0.104861503674392 0.0915771622385529 0.0895986433013002 0.104578858111928 0.111927642736009 0.0938383267382702 0.0836630864895421 0.124929338609384 0.0839457320520068
"cheAbi" 0.0895986433013002 0 0.0344827586206897 0.034200113058225 0.0274166195590729 0.0186546071226682 0.0494629734313171 0.0689655172413793 0.0180893159977388 0.031656302996043 0.0650084793668739 0.0785754663651781 0.0780101752402487 0.0245901639344262 0.0949689089881289 0.0251554550593556
"cheMyd" 0.0842283776144715 0.0344827586206897 0 0.0288298473713963 0.0282645562464669 0.030808366308649 0.0404183154324477 0.0624646693046919 0.0353306953080837 0.0322215941209723 0.0618993781797626 0.0732052006783493 0.0749010740531374 0.0271339739966083 0.0901639344262295 0.0260033917467496
"cheSer" 0.0859242509892595 0.034200113058225 0.0288298473713963 0 0.0282645562464669 0.0302430751837196 0.0395703787450537 0.0630299604296213 0.035895986433013 0.0327868852459016 0.0616167326172979 0.07263990955342 0.074335782928208 0.0251554550593556 0.0898812888637648 0.0254381006218202
"chrPic" 0.0856416054267948 0.0274166195590729 0.0282645562464669 0.0282645562464669 0 0.0248728094968909 0.0429621254946297 0.0647258338044093 0.0302430751837196 0.00960994912379876 0.0621820237422272 0.07263990955342 0.0754663651780667 0.0192198982475975 0.0910118711136235 0.0113058224985868
"cuoMcc" 0.0893159977388355 0.0186546071226682 0.030808366308649 0.0302430751837196 0.0248728094968909 0 0.0460712266817411 0.0681175805539853 0.0203504804974562 0.0288298473713963 0.0644431882419446 0.0771622385528547 0.0771622385528547 0.0214810627473149 0.0938383267382702 0.0220463538722442
"derMaw" 0.100056529112493 0.0494629734313171 0.0404183154324477 0.0395703787450537 0.0429621254946297 0.0460712266817411 0 0.0737704918032787 0.0508762012436405 0.0463538722442058 0.070944036178632 0.0822498586772188 0.0862068965517241 0.0395703787450537 0.0972300734878462 0.0395703787450537
"emySub" 0.104861503674392 0.0689655172413793 0.0624646693046919 0.0630299604296213 0.0647258338044093 0.0681175805539853 0.0737704918032787 0 0.0723572639909553 0.0686828716789146 0.029960429621255 0.0576596947427925 0.0944036178631995 0.0607687959299039 0.07263990955342 0.0630299604296213
"gopAga" 0.0915771622385529 0.0180893159977388 0.0353306953080837 0.035895986433013 0.0302430751837196 0.0203504804974562 0.0508762012436405 0.0723572639909553 0 0.034200113058225 0.069248162803844 0.0816845675522894 0.0802713397399661 0.0265686828716789 0.0980780101752402 0.0279819106840023
"malTer" 0.0895986433013002 0.031656302996043 0.0322215941209723 0.0327868852459016 0.00960994912379876 0.0288298473713963 0.0463538722442058 0.0686828716789146 0.034200113058225 0 0.0641605426794799 0.076031656302996 0.0791407574901074 0.0231769361221029 0.0949689089881289 0.0163934426229508
"mesTub" 0.104578858111928 0.0650084793668739 0.0618993781797626 0.0616167326172979 0.0621820237422272 0.0644431882419446 0.070944036178632 0.029960429621255 0.069248162803844 0.0641605426794799 0 0.0559638213680045 0.0915771622385529 0.0593555681175806 0.0715093273035613 0.0610514414923686
"pelCas" 0.111927642736009 0.0785754663651781 0.0732052006783493 0.07263990955342 0.07263990955342 0.0771622385528547 0.0822498586772188 0.0576596947427925 0.0816845675522894 0.076031656302996 0.0559638213680045 0 0.100621820237422 0.07263990955342 0.0627473148671566 0.0732052006783493
"pelSin" 0.0938383267382702 0.0780101752402487 0.0749010740531374 0.074335782928208 0.0754663651780667 0.0771622385528547 0.0862068965517241 0.0944036178631995 0.0802713397399661 0.0791407574901074 0.0915771622385529 0.100621820237422 0 0.073487846240814 0.113058224985868 0.0757490107405314
"plaMeg" 0.0836630864895421 0.0245901639344262 0.0271339739966083 0.0251554550593556 0.0192198982475975 0.0214810627473149 0.0395703787450537 0.0607687959299039 0.0265686828716789 0.0231769361221029 0.0593555681175806 0.07263990955342 0.073487846240814 0 0.0893159977388355 0.0175240248728095
"podExp" 0.124929338609384 0.0949689089881289 0.0901639344262295 0.0898812888637648 0.0910118711136235 0.0938383267382702 0.0972300734878462 0.07263990955342 0.0980780101752402 0.0949689089881289 0.0715093273035613 0.0627473148671566 0.113058224985868 0.0893159977388355 0 0.0898812888637648
"terMex" 0.0839457320520068 0.0251554550593556 0.0260033917467496 0.0254381006218202 0.0113058224985868 0.0220463538722442 0.0395703787450537 0.0630299604296213 0.0279819106840023 0.0163934426229508 0.0610514414923686 0.0732052006783493 0.0757490107405314 0.0175240248728095 0.0898812888637648 0
