"carIns" "cheAbi" "cheMyd" "cheSer" "chrPic" "cuoAmb" "derCor" "derMaw" "emySub" "gopAga" "mesTub" "pelCas" "pelSin" "plaMeg" "podExp" "terMex"
"carIns" 0 0.284306826178747 0.279380717804363 0.276565798733286 0.274454609429979 0.309641097818438 0.277269528501056 0.284306826178747 0.279380717804363 0.284306826178747 0.287825475017593 0.280788177339901 0.274454609429979 0.275862068965517 0.296270232230823 0.361013370865588
"cheAbi" 0.284306826178747 0 0.0443349753694581 0.0471498944405348 0.0281491907107671 0.055594651653765 0.0485573539760732 0.0506685432793807 0.0689655172413793 0.0197044334975369 0.0731878958479944 0.0745953553835327 0.0724841660802252 0.0260380014074595 0.0942997888810697 0.121041520056298
"cheMyd" 0.279380717804363 0.0443349753694581 0 0.0330752990851513 0.0344827586206897 0.0689655172413793 0.023926812104152 0.0372976776917664 0.0584095707248417 0.0408163265306122 0.0668543279380718 0.0647431386347642 0.0710767065446868 0.0323715693173821 0.0823363828289937 0.126671358198452
"cheSer" 0.276565798733286 0.0471498944405348 0.0330752990851513 0 0.0372976776917664 0.0710767065446868 0.0387051372273047 0.035890218156228 0.05981703026038 0.0450387051372273 0.0738916256157636 0.0682617874736101 0.071780436312456 0.0323715693173821 0.083743842364532 0.124560168895144
"chrPic" 0.274454609429979 0.0281491907107671 0.0344827586206897 0.0372976776917664 0 0.0541871921182266 0.0387051372273047 0.0415200562983814 0.0577058409570725 0.0260380014074595 0.0654468684025334 0.0661505981703026 0.0654468684025334 0.0147783251231527 0.0823363828289937 0.104855735397607
"cuoAmb" 0.309641097818438 0.055594651653765 0.0689655172413793 0.0710767065446868 0.0541871921182266 0 0.0745953553835327 0.0752990851513019 0.091484869809993 0.0541871921182266 0.0942997888810697 0.100633356790992 0.0978184377199156 0.0541871921182266 0.111893033075299 0.13652357494722
"derCor" 0.277269528501056 0.0485573539760732 0.023926812104152 0.0387051372273047 0.0387051372273047 0.0745953553835327 0 0.0415200562983814 0.0647431386347642 0.0492610837438424 0.0738916256157636 0.0724841660802252 0.0689655172413793 0.0337790288529205 0.0886699507389163 0.12807881773399
"derMaw" 0.284306826178747 0.0506685432793807 0.0372976776917664 0.035890218156228 0.0415200562983814 0.0752990851513019 0.0415200562983814 0 0.0654468684025334 0.0492610837438424 0.0767065446868403 0.0710767065446868 0.0767065446868403 0.0380014074595355 0.0886699507389163 0.12807881773399
"emySub" 0.279380717804363 0.0689655172413793 0.0584095707248417 0.05981703026038 0.0577058409570725 0.091484869809993 0.0647431386347642 0.0654468684025334 0 0.0654468684025334 0.0394088669950739 0.0577058409570725 0.0781140042223786 0.0541871921182266 0.071780436312456 0.140042223786066
"gopAga" 0.284306826178747 0.0197044334975369 0.0408163265306122 0.0450387051372273 0.0260380014074595 0.0541871921182266 0.0492610837438424 0.0492610837438424 0.0654468684025334 0 0.0710767065446868 0.0703729767769177 0.0696692470091485 0.0232230823363828 0.091484869809993 0.116819141449683
"mesTub" 0.287825475017593 0.0731878958479944 0.0668543279380718 0.0738916256157636 0.0654468684025334 0.0942997888810697 0.0738916256157636 0.0767065446868403 0.0394088669950739 0.0710767065446868 0 0.0577058409570725 0.0809289232934553 0.0626319493314567 0.0710767065446868 0.147783251231527
"pelCas" 0.280788177339901 0.0745953553835327 0.0647431386347642 0.0682617874736101 0.0661505981703026 0.100633356790992 0.0724841660802252 0.0710767065446868 0.0577058409570725 0.0703729767769177 0.0577058409570725 0 0.0802251935256861 0.0640394088669951 0.0548909218859958 0.152709359605911
"pelSin" 0.274454609429979 0.0724841660802252 0.0710767065446868 0.071780436312456 0.0654468684025334 0.0978184377199156 0.0689655172413793 0.0767065446868403 0.0781140042223786 0.0696692470091485 0.0809289232934553 0.0802251935256861 0 0.0626319493314567 0.1027445460943 0.154820548909219
"plaMeg" 0.275862068965517 0.0260380014074595 0.0323715693173821 0.0323715693173821 0.0147783251231527 0.0541871921182266 0.0337790288529205 0.0380014074595355 0.0541871921182266 0.0232230823363828 0.0626319493314567 0.0640394088669951 0.0626319493314567 0 0.0802251935256861 0.103448275862069
"podExp" 0.296270232230823 0.0942997888810697 0.0823363828289937 0.083743842364532 0.0823363828289937 0.111893033075299 0.0886699507389163 0.0886699507389163 0.071780436312456 0.091484869809993 0.0710767065446868 0.0548909218859958 0.1027445460943 0.0802251935256861 0 0.160450387051372
"terMex" 0.361013370865588 0.121041520056298 0.126671358198452 0.124560168895144 0.104855735397607 0.13652357494722 0.12807881773399 0.12807881773399 0.140042223786066 0.116819141449683 0.147783251231527 0.152709359605911 0.154820548909219 0.103448275862069 0.160450387051372 0
