"carIns" "cheAbi" "cheMyd" "cheSer" "chrPic" "cuoAmb" "cuoMcc" "derCor" "derMaw" "emySub" "gopAga" "malTer" "mesTub" "pelCas" "pelSin" "plaMeg" "podExp" "terMex"
"carIns" 0 0.0846930846930847 0.073038073038073 0.0769230769230769 0.0854700854700855 0.0792540792540792 0.0815850815850816 0.0753690753690754 0.0839160839160839 0.113442113442113 0.0777000777000777 0.0854700854700855 0.112665112665113 0.135975135975136 0.0878010878010878 0.0753690753690754 0.147630147630148 0.0839160839160839
"cheAbi" 0.0846930846930847 0 0.0287490287490287 0.0372960372960373 0.0295260295260295 0.0186480186480186 0.0202020202020202 0.0341880341880342 0.041958041958042 0.0815850815850816 0.013986013986014 0.0303030303030303 0.0854700854700855 0.108780108780109 0.0691530691530692 0.0217560217560218 0.125874125874126 0.0295260295260295
"cheMyd" 0.073038073038073 0.0287490287490287 0 0.0225330225330225 0.0271950271950272 0.0271950271950272 0.0295260295260295 0.0132090132090132 0.0334110334110334 0.0691530691530692 0.0225330225330225 0.027972027972028 0.0707070707070707 0.101010101010101 0.059052059052059 0.0194250194250194 0.115773115773116 0.027972027972028
"cheSer" 0.0769230769230769 0.0372960372960373 0.0225330225330225 0 0.0341880341880342 0.0341880341880342 0.0365190365190365 0.0248640248640249 0.027972027972028 0.0738150738150738 0.0310800310800311 0.034965034965035 0.0761460761460761 0.0986790986790987 0.0652680652680653 0.0233100233100233 0.118881118881119 0.0334110334110334
"chrPic" 0.0854700854700855 0.0295260295260295 0.0271950271950272 0.0341880341880342 0 0.0287490287490287 0.0310800310800311 0.0310800310800311 0.0435120435120435 0.0784770784770785 0.0271950271950272 0.00854700854700855 0.0815850815850816 0.10955710955711 0.0714840714840715 0.0194250194250194 0.126651126651127 0.0124320124320124
"cuoAmb" 0.0792540792540792 0.0186480186480186 0.0271950271950272 0.0341880341880342 0.0287490287490287 0 0.00777000777000777 0.0326340326340326 0.0396270396270396 0.0784770784770785 0.013986013986014 0.0295260295260295 0.0823620823620824 0.108003108003108 0.0675990675990676 0.0186480186480186 0.125097125097125 0.0271950271950272
"cuoMcc" 0.0815850815850816 0.0202020202020202 0.0295260295260295 0.0365190365190365 0.0310800310800311 0.00777000777000777 0 0.034965034965035 0.041958041958042 0.0784770784770785 0.0170940170940171 0.0318570318570319 0.0846930846930847 0.108003108003108 0.0707070707070707 0.020979020979021 0.126651126651127 0.0295260295260295
"derCor" 0.0753690753690754 0.0341880341880342 0.0132090132090132 0.0248640248640249 0.0310800310800311 0.0326340326340326 0.034965034965035 0 0.0365190365190365 0.0699300699300699 0.027972027972028 0.0318570318570319 0.0714840714840715 0.101010101010101 0.0629370629370629 0.0225330225330225 0.117327117327117 0.0318570318570319
"derMaw" 0.0839160839160839 0.041958041958042 0.0334110334110334 0.027972027972028 0.0435120435120435 0.0396270396270396 0.041958041958042 0.0365190365190365 0 0.0831390831390831 0.0365190365190365 0.0458430458430458 0.0878010878010878 0.107226107226107 0.0691530691530692 0.0326340326340326 0.128205128205128 0.0435120435120435
"emySub" 0.113442113442113 0.0815850815850816 0.0691530691530692 0.0738150738150738 0.0784770784770785 0.0784770784770785 0.0784770784770785 0.0699300699300699 0.0831390831390831 0 0.0745920745920746 0.0808080808080808 0.0582750582750583 0.0986790986790987 0.103341103341103 0.0714840714840715 0.10955710955711 0.0761460761460761
"gopAga" 0.0777000777000777 0.013986013986014 0.0225330225330225 0.0310800310800311 0.0271950271950272 0.013986013986014 0.0170940170940171 0.027972027972028 0.0365190365190365 0.0745920745920746 0 0.027972027972028 0.0808080808080808 0.105672105672106 0.0652680652680653 0.0170940170940171 0.123543123543124 0.0271950271950272
"malTer" 0.0854700854700855 0.0303030303030303 0.027972027972028 0.034965034965035 0.00854700854700855 0.0295260295260295 0.0318570318570319 0.0318570318570319 0.0458430458430458 0.0808080808080808 0.027972027972028 0 0.0831390831390831 0.11033411033411 0.0707070707070707 0.0202020202020202 0.127428127428127 0.0132090132090132
"mesTub" 0.112665112665113 0.0854700854700855 0.0707070707070707 0.0761460761460761 0.0815850815850816 0.0823620823620824 0.0846930846930847 0.0714840714840715 0.0878010878010878 0.0582750582750583 0.0808080808080808 0.0831390831390831 0 0.101010101010101 0.10955710955711 0.0745920745920746 0.114996114996115 0.08003108003108
"pelCas" 0.135975135975136 0.108780108780109 0.101010101010101 0.0986790986790987 0.10955710955711 0.108003108003108 0.108003108003108 0.101010101010101 0.107226107226107 0.0986790986790987 0.105672105672106 0.11033411033411 0.101010101010101 0 0.127428127428127 0.101787101787102 0.101010101010101 0.105672105672106
"pelSin" 0.0878010878010878 0.0691530691530692 0.059052059052059 0.0652680652680653 0.0714840714840715 0.0675990675990676 0.0707070707070707 0.0629370629370629 0.0691530691530692 0.103341103341103 0.0652680652680653 0.0707070707070707 0.10955710955711 0.127428127428127 0 0.0644910644910645 0.146076146076146 0.0707070707070707
"plaMeg" 0.0753690753690754 0.0217560217560218 0.0194250194250194 0.0233100233100233 0.0194250194250194 0.0186480186480186 0.020979020979021 0.0225330225330225 0.0326340326340326 0.0714840714840715 0.0170940170940171 0.0202020202020202 0.0745920745920746 0.101787101787102 0.0644910644910645 0 0.118881118881119 0.0186480186480186
"podExp" 0.147630147630148 0.125874125874126 0.115773115773116 0.118881118881119 0.126651126651127 0.125097125097125 0.126651126651127 0.117327117327117 0.128205128205128 0.10955710955711 0.123543123543124 0.127428127428127 0.114996114996115 0.101010101010101 0.146076146076146 0.118881118881119 0 0.122766122766123
"terMex" 0.0839160839160839 0.0295260295260295 0.027972027972028 0.0334110334110334 0.0124320124320124 0.0271950271950272 0.0295260295260295 0.0318570318570319 0.0435120435120435 0.0761460761460761 0.0271950271950272 0.0132090132090132 0.08003108003108 0.105672105672106 0.0707070707070707 0.0186480186480186 0.122766122766123 0
