"carIns" "cheAbi" "cheMyd" "cheSer" "chrPic" "cuoAmb" "cuoMcc" "derCor" "derMaw" "emySub" "gopAga" "malTer" "mesTub" "pelCas" "pelSin" "plaMeg" "podExp" "terMex"
"carIns" 0 0.0816233470132239 0.0857273141814865 0.0788873689010488 0.0775193798449612 0.077063383492932 0.074327405380757 0.0870953032375741 0.0907432740538076 0.103967168262654 0.0797993616051072 0.102599179206566 0.103511171910625 0.1062471500228 0.0884632922936616 0.074327405380757 0.1171910624715 0.0784313725490196
"cheAbi" 0.0816233470132239 0 0.0387596899224806 0.0351117191062471 0.0287277701778386 0.02234382124943 0.0196078431372549 0.0401276789785682 0.049703602371181 0.0652074783401733 0.0209758321933425 0.0556315549475604 0.0601915184678523 0.0661194710442316 0.0711354309165527 0.0241678066575467 0.0811673506611947 0.0291837665298678
"cheMyd" 0.0857273141814865 0.0387596899224806 0 0.0314637482900137 0.0319197446420429 0.0337437300501596 0.0310077519379845 0.0150478796169631 0.0469676242590059 0.06703146374829 0.0373917008663931 0.0597355221158231 0.0601915184678523 0.0642954856361149 0.0725034199726402 0.027359781121751 0.0811673506611947 0.0319197446420429
"cheSer" 0.0788873689010488 0.0351117191062471 0.0314637482900137 0 0.0250797993616051 0.0296397628818969 0.0269037847697218 0.0300957592339261 0.0433196534427725 0.0642954856361149 0.0341997264021888 0.0524395804833561 0.0574555403556772 0.0624715002279982 0.0697674418604651 0.0232558139534884 0.0775193798449612 0.0278157774737802
"chrPic" 0.0775193798449612 0.0287277701778386 0.0319197446420429 0.0250797993616051 0 0.0214318285453716 0.0191518467852257 0.032375740994072 0.0442316461468308 0.0606475148198814 0.0264477884176927 0.0319197446420429 0.0551755585955312 0.0624715002279982 0.06703146374829 0.0155038759689922 0.0779753761969904 0.0118559051527588
"cuoAmb" 0.077063383492932 0.02234382124943 0.0337437300501596 0.0296397628818969 0.0214318285453716 0 0.0054719562243502 0.0351117191062471 0.0460556315549476 0.0601915184678523 0.0191518467852257 0.0501595987232102 0.0551755585955312 0.0638394892840857 0.06703146374829 0.0182398540811674 0.0802553579571363 0.0227998176014592
"cuoMcc" 0.074327405380757 0.0196078431372549 0.0310077519379845 0.0269037847697218 0.0191518467852257 0.0054719562243502 0 0.032375740994072 0.0424076607387141 0.0597355221158231 0.0155038759689922 0.0478796169630643 0.0542635658914729 0.062015503875969 0.0642954856361149 0.0155038759689922 0.0775193798449612 0.0200638394892841
"derCor" 0.0870953032375741 0.0401276789785682 0.0150478796169631 0.0300957592339261 0.032375740994072 0.0351117191062471 0.032375740994072 0 0.0469676242590059 0.0661194710442316 0.0378476972184223 0.0592795257637939 0.0592795257637939 0.0665754673962608 0.0734154126766986 0.0287277701778386 0.0839033287733698 0.032375740994072
"derMaw" 0.0907432740538076 0.049703602371181 0.0469676242590059 0.0433196534427725 0.0442316461468308 0.0460556315549476 0.0424076607387141 0.0469676242590059 0 0.072047423620611 0.0487916096671227 0.0688554491564067 0.06703146374829 0.0738714090287278 0.0816233470132239 0.0401276789785682 0.0880072959416325 0.0437756497948016
"emySub" 0.103967168262654 0.0652074783401733 0.06703146374829 0.0642954856361149 0.0606475148198814 0.0601915184678523 0.0597355221158231 0.0661194710442316 0.072047423620611 0 0.0642954856361149 0.0852713178294574 0.032375740994072 0.0615595075239398 0.0911992704058368 0.0565435476516188 0.0729594163246694 0.0592795257637939
"gopAga" 0.0797993616051072 0.0209758321933425 0.0373917008663931 0.0341997264021888 0.0264477884176927 0.0191518467852257 0.0155038759689922 0.0378476972184223 0.0487916096671227 0.0642954856361149 0 0.0524395804833561 0.0601915184678523 0.0674874601003192 0.0697674418604651 0.0227998176014592 0.0829913360693114 0.027359781121751
"malTer" 0.102599179206566 0.0556315549475604 0.0597355221158231 0.0524395804833561 0.0319197446420429 0.0501595987232102 0.0478796169630643 0.0592795257637939 0.0688554491564067 0.0852713178294574 0.0524395804833561 0 0.0788873689010488 0.0898312813497492 0.0921112631098951 0.0433196534427725 0.103511171910625 0.0414956680346557
"mesTub" 0.103511171910625 0.0601915184678523 0.0601915184678523 0.0574555403556772 0.0551755585955312 0.0551755585955312 0.0542635658914729 0.0592795257637939 0.06703146374829 0.032375740994072 0.0601915184678523 0.0788873689010488 0 0.0574555403556772 0.0898312813497492 0.0506155950752394 0.0706794345645235 0.0538075695394437
"pelCas" 0.1062471500228 0.0661194710442316 0.0642954856361149 0.0624715002279982 0.0624715002279982 0.0638394892840857 0.062015503875969 0.0665754673962608 0.0738714090287278 0.0615595075239398 0.0674874601003192 0.0898312813497492 0.0574555403556772 0 0.0898312813497492 0.0579115367077063 0.049703602371181 0.0633834929320565
"pelSin" 0.0884632922936616 0.0711354309165527 0.0725034199726402 0.0697674418604651 0.06703146374829 0.06703146374829 0.0642954856361149 0.0734154126766986 0.0816233470132239 0.0911992704058368 0.0697674418604651 0.0921112631098951 0.0898312813497492 0.0898312813497492 0 0.0629274965800274 0.104423164614683 0.0661194710442316
"plaMeg" 0.074327405380757 0.0241678066575467 0.027359781121751 0.0232558139534884 0.0155038759689922 0.0182398540811674 0.0155038759689922 0.0287277701778386 0.0401276789785682 0.0565435476516188 0.0227998176014592 0.0433196534427725 0.0506155950752394 0.0579115367077063 0.0629274965800274 0 0.0729594163246694 0.0150478796169631
"podExp" 0.1171910624715 0.0811673506611947 0.0811673506611947 0.0775193798449612 0.0779753761969904 0.0802553579571363 0.0775193798449612 0.0839033287733698 0.0880072959416325 0.0729594163246694 0.0829913360693114 0.103511171910625 0.0706794345645235 0.049703602371181 0.104423164614683 0.0729594163246694 0 0.0779753761969904
"terMex" 0.0784313725490196 0.0291837665298678 0.0319197446420429 0.0278157774737802 0.0118559051527588 0.0227998176014592 0.0200638394892841 0.032375740994072 0.0437756497948016 0.0592795257637939 0.027359781121751 0.0414956680346557 0.0538075695394437 0.0633834929320565 0.0661194710442316 0.0150478796169631 0.0779753761969904 0
