"carIns" "cheAbi" "cheMyd" "cheSer" "chrPic" "cuoMcc" "derCor" "derMaw" "emySub" "gopAga" "malTer" "mesTub" "pelCas" "pelSin" "plaMeg" "podExp" "terMex"
"carIns" 0 0.091148115687993 0.0832602979842244 0.0832602979842244 0.0780017528483786 0.0780017528483786 0.0885188431200701 0.0902716914986854 0.0832602979842244 0.084136722173532 0.0815074496056091 0.0823838737949167 0.0990359333917616 0.0832602979842244 0.0780017528483786 0.12182296231376 0.0780017528483786
"cheAbi" 0.091148115687993 0 0.0473269062226117 0.0438212094653812 0.0289219982471516 0.0262927256792287 0.0446976336546889 0.0508326029798422 0.0595968448729185 0.0201577563540754 0.0341805433829974 0.0534618755477651 0.0832602979842244 0.084136722173532 0.0306748466257669 0.0990359333917616 0.028045574057844
"cheMyd" 0.0832602979842244 0.0473269062226117 0 0.0368098159509202 0.0376862401402279 0.0315512708150745 0.0192813321647677 0.0508326029798422 0.0587204206836109 0.042068361086766 0.042068361086766 0.0569675723049956 0.0823838737949167 0.091148115687993 0.0333041191936897 0.101665205959684 0.0333041191936897
"cheSer" 0.0832602979842244 0.0438212094653812 0.0368098159509202 0 0.0315512708150745 0.028045574057844 0.0376862401402279 0.0455740578439965 0.0517090271691499 0.0368098159509202 0.0359333917616126 0.0525854513584575 0.0832602979842244 0.0850131463628396 0.0297984224364592 0.101665205959684 0.0271691498685364
"chrPic" 0.0780017528483786 0.0289219982471516 0.0376862401402279 0.0315512708150745 0 0.0201577563540754 0.0376862401402279 0.0411919368974584 0.0499561787905346 0.0236634531113059 0.00964066608238387 0.0482033304119194 0.0727432077125329 0.0780017528483786 0.0192813321647677 0.0929009640666082 0.00788781770376862
"cuoMcc" 0.0780017528483786 0.0262927256792287 0.0315512708150745 0.028045574057844 0.0201577563540754 0 0.035056967572305 0.042068361086766 0.0482033304119194 0.0184049079754601 0.0245398773006135 0.0482033304119194 0.0780017528483786 0.0762489044697634 0.0166520595968449 0.0955302366345311 0.0157756354075372
"derCor" 0.0885188431200701 0.0446976336546889 0.0192813321647677 0.0376862401402279 0.0376862401402279 0.035056967572305 0 0.0517090271691499 0.0578439964943032 0.0403155127081507 0.042068361086766 0.056091148115688 0.0823838737949167 0.0902716914986854 0.0359333917616126 0.0990359333917616 0.035056967572305
"derMaw" 0.0902716914986854 0.0508326029798422 0.0508326029798422 0.0455740578439965 0.0411919368974584 0.042068361086766 0.0517090271691499 0 0.0639789658194566 0.0455740578439965 0.0455740578439965 0.0613496932515337 0.0858895705521472 0.0858895705521472 0.0411919368974584 0.109553023663453 0.0385626643295355
"emySub" 0.0832602979842244 0.0595968448729185 0.0587204206836109 0.0517090271691499 0.0499561787905346 0.0482033304119194 0.0578439964943032 0.0639789658194566 0 0.0517090271691499 0.0543382997370727 0.0297984224364592 0.0718667835232252 0.0806310254163015 0.0464504820333041 0.0885188431200701 0.0473269062226117
"gopAga" 0.084136722173532 0.0201577563540754 0.042068361086766 0.0368098159509202 0.0236634531113059 0.0184049079754601 0.0403155127081507 0.0455740578439965 0.0517090271691499 0 0.028045574057844 0.0499561787905346 0.0797546012269939 0.0797546012269939 0.0236634531113059 0.0964066608238387 0.021034180543383
"malTer" 0.0815074496056091 0.0341805433829974 0.042068361086766 0.0359333917616126 0.00964066608238387 0.0245398773006135 0.042068361086766 0.0455740578439965 0.0543382997370727 0.028045574057844 0 0.0534618755477651 0.0753724802804557 0.0788781770376862 0.0227870289219982 0.0929009640666082 0.0113935144609991
"mesTub" 0.0823838737949167 0.0534618755477651 0.0569675723049956 0.0525854513584575 0.0482033304119194 0.0482033304119194 0.056091148115688 0.0613496932515337 0.0297984224364592 0.0499561787905346 0.0534618755477651 0 0.0648553900087642 0.0797546012269939 0.0482033304119194 0.0832602979842244 0.0473269062226117
"pelCas" 0.0990359333917616 0.0832602979842244 0.0823838737949167 0.0832602979842244 0.0727432077125329 0.0780017528483786 0.0823838737949167 0.0858895705521472 0.0718667835232252 0.0797546012269939 0.0753724802804557 0.0648553900087642 0 0.0937773882559159 0.0788781770376862 0.0674846625766871 0.0727432077125329
"pelSin" 0.0832602979842244 0.084136722173532 0.091148115687993 0.0850131463628396 0.0780017528483786 0.0762489044697634 0.0902716914986854 0.0858895705521472 0.0806310254163015 0.0797546012269939 0.0788781770376862 0.0797546012269939 0.0937773882559159 0 0.0806310254163015 0.113058720420684 0.0727432077125329
"plaMeg" 0.0780017528483786 0.0306748466257669 0.0333041191936897 0.0297984224364592 0.0192813321647677 0.0166520595968449 0.0359333917616126 0.0411919368974584 0.0464504820333041 0.0236634531113059 0.0227870289219982 0.0482033304119194 0.0788781770376862 0.0806310254163015 0 0.0972830850131464 0.0148992112182296
"podExp" 0.12182296231376 0.0990359333917616 0.101665205959684 0.101665205959684 0.0929009640666082 0.0955302366345311 0.0990359333917616 0.109553023663453 0.0885188431200701 0.0964066608238387 0.0929009640666082 0.0832602979842244 0.0674846625766871 0.113058720420684 0.0972830850131464 0 0.0902716914986854
"terMex" 0.0780017528483786 0.028045574057844 0.0333041191936897 0.0271691498685364 0.00788781770376862 0.0157756354075372 0.035056967572305 0.0385626643295355 0.0473269062226117 0.021034180543383 0.0113935144609991 0.0473269062226117 0.0727432077125329 0.0727432077125329 0.0148992112182296 0.0902716914986854 0
