"cheAbi" "cheMyd" "cheSer" "chrPic" "cuoMcc" "derCor" "derMaw" "emySub" "gopAga" "malTer" "mesTub" "pelCas" "pelSin" "plaMeg" "podExp" "terMex"
"cheAbi" 0 0.0416666666666667 0.0357142857142857 0.0289115646258503 0.0195578231292517 0.0365646258503401 0.0459183673469388 0.0637755102040816 0.0272108843537415 0.0331632653061225 0.0714285714285714 0.076530612244898 0.0739795918367347 0.0238095238095238 0.0943877551020408 0.0263605442176871
"cheMyd" 0.0416666666666667 0 0.0297619047619048 0.0391156462585034 0.038265306122449 0.0187074829931973 0.0476190476190476 0.0586734693877551 0.0493197278911565 0.0425170068027211 0.0680272108843537 0.0756802721088435 0.0722789115646258 0.0348639455782313 0.086734693877551 0.0357142857142857
"cheSer" 0.0357142857142857 0.0297619047619048 0 0.0314625850340136 0.0306122448979592 0.0280612244897959 0.0365646258503401 0.0561224489795918 0.0399659863945578 0.0331632653061225 0.0646258503401361 0.0654761904761905 0.0654761904761905 0.0289115646258503 0.0841836734693878 0.0280612244897959
"chrPic" 0.0289115646258503 0.0391156462585034 0.0314625850340136 0 0.0238095238095238 0.0340136054421769 0.0416666666666667 0.0629251700680272 0.0331632653061225 0.00680272108843537 0.0697278911564626 0.0731292517006803 0.0731292517006803 0.022108843537415 0.0952380952380952 0.0119047619047619
"cuoMcc" 0.0195578231292517 0.038265306122449 0.0306122448979592 0.0238095238095238 0 0.0331632653061225 0.0442176870748299 0.0578231292517007 0.0246598639455782 0.0280612244897959 0.0671768707482993 0.0714285714285714 0.0671768707482993 0.0187074829931973 0.0858843537414966 0.0212585034013605
"derCor" 0.0365646258503401 0.0187074829931973 0.0280612244897959 0.0340136054421769 0.0331632653061225 0 0.0442176870748299 0.054421768707483 0.0442176870748299 0.0374149659863946 0.0671768707482993 0.0756802721088435 0.0680272108843537 0.0297619047619048 0.0850340136054422 0.0306122448979592
"derMaw" 0.0459183673469388 0.0476190476190476 0.0365646258503401 0.0416666666666667 0.0442176870748299 0.0442176870748299 0 0.0646258503401361 0.0518707482993197 0.0433673469387755 0.070578231292517 0.0748299319727891 0.0714285714285714 0.0408163265306122 0.0935374149659864 0.0399659863945578
"emySub" 0.0637755102040816 0.0586734693877551 0.0561224489795918 0.0629251700680272 0.0578231292517007 0.054421768707483 0.0646258503401361 0 0.0646258503401361 0.0671768707482993 0.0399659863945578 0.0612244897959184 0.0688775510204082 0.0586734693877551 0.0697278911564626 0.0595238095238095
"gopAga" 0.0272108843537415 0.0493197278911565 0.0399659863945578 0.0331632653061225 0.0246598639455782 0.0442176870748299 0.0518707482993197 0.0646258503401361 0 0.0357142857142857 0.0697278911564626 0.0824829931972789 0.0773809523809524 0.0272108843537415 0.0986394557823129 0.0314625850340136
"malTer" 0.0331632653061225 0.0425170068027211 0.0331632653061225 0.00680272108843537 0.0280612244897959 0.0374149659863946 0.0433673469387755 0.0671768707482993 0.0357142857142857 0 0.0680272108843537 0.0748299319727891 0.0731292517006803 0.0255102040816327 0.0977891156462585 0.0153061224489796
"mesTub" 0.0714285714285714 0.0680272108843537 0.0646258503401361 0.0697278911564626 0.0671768707482993 0.0671768707482993 0.070578231292517 0.0399659863945578 0.0697278911564626 0.0680272108843537 0 0.0663265306122449 0.0799319727891157 0.0654761904761905 0.0833333333333333 0.0680272108843537
"pelCas" 0.076530612244898 0.0756802721088435 0.0654761904761905 0.0731292517006803 0.0714285714285714 0.0756802721088435 0.0748299319727891 0.0612244897959184 0.0824829931972789 0.0748299319727891 0.0663265306122449 0 0.0790816326530612 0.0722789115646258 0.0620748299319728 0.0739795918367347
"pelSin" 0.0739795918367347 0.0722789115646258 0.0654761904761905 0.0731292517006803 0.0671768707482993 0.0680272108843537 0.0714285714285714 0.0688775510204082 0.0773809523809524 0.0731292517006803 0.0799319727891157 0.0790816326530612 0 0.0688775510204082 0.0935374149659864 0.0688775510204082
"plaMeg" 0.0238095238095238 0.0348639455782313 0.0289115646258503 0.022108843537415 0.0187074829931973 0.0297619047619048 0.0408163265306122 0.0586734693877551 0.0272108843537415 0.0255102040816327 0.0654761904761905 0.0722789115646258 0.0688775510204082 0 0.0901360544217687 0.0195578231292517
"podExp" 0.0943877551020408 0.086734693877551 0.0841836734693878 0.0952380952380952 0.0858843537414966 0.0850340136054422 0.0935374149659864 0.0697278911564626 0.0986394557823129 0.0977891156462585 0.0833333333333333 0.0620748299319728 0.0935374149659864 0.0901360544217687 0 0.0918367346938776
"terMex" 0.0263605442176871 0.0357142857142857 0.0280612244897959 0.0119047619047619 0.0212585034013605 0.0306122448979592 0.0399659863945578 0.0595238095238095 0.0314625850340136 0.0153061224489796 0.0680272108843537 0.0739795918367347 0.0688775510204082 0.0195578231292517 0.0918367346938776 0
