"carIns" "cheAbi" "cheMyd" "cheSer" "chrPic" "cuoAmb" "cuoMcc" "derCor" "derMaw" "emySub" "gopAga" "malTer" "mesTub" "pelCas" "pelSin" "plaMeg" "podExp" "terMex"
"carIns" 0 0.0763500931098696 0.0856610800744879 0.080074487895717 0.0837988826815642 0.08504034761018 0.0819366852886406 0.0825574177529485 0.0937306021104904 0.0980757293606456 0.0782122905027933 0.142147734326505 0.0993171942892613 0.114835505896958 0.0763500931098696 0.0825574177529485 0.119180633147114 0.0751086281812539
"cheAbi" 0.0763500931098696 0 0.0391061452513966 0.037243947858473 0.0341402855369336 0.0279329608938547 0.0254500310366232 0.0366232153941651 0.0558659217877095 0.0726256983240224 0.0192427063935444 0.0974549968963377 0.0732464307883302 0.0949720670391061 0.0633147113594041 0.0310366232153942 0.102420856610801 0.026691495965239
"cheMyd" 0.0856610800744879 0.0391061452513966 0 0.0347610180012415 0.0304158907510863 0.042830540037244 0.0304158907510863 0.0248292985723153 0.0496585971446307 0.0751086281812539 0.0415890751086282 0.109869646182495 0.0782122905027933 0.0931098696461825 0.0738671632526381 0.037243947858473 0.0986964618249535 0.037243947858473
"cheSer" 0.080074487895717 0.037243947858473 0.0347610180012415 0 0.0341402855369336 0.0434512725015518 0.0403476101800124 0.0335195530726257 0.0484171322160149 0.0732464307883302 0.0366232153941651 0.0974549968963377 0.0769708255741775 0.0900062073246431 0.0682805710738672 0.037243947858473 0.100558659217877 0.0304158907510863
"chrPic" 0.0837988826815642 0.0341402855369336 0.0304158907510863 0.0341402855369336 0 0.0328988206083178 0.0217256362507759 0.0384854127870888 0.0490378646803228 0.0763500931098696 0.0353817504655493 0.0844196151458721 0.0825574177529485 0.0937306021104904 0.0695220360024829 0.0223463687150838 0.103662321539417 0.0186219739292365
"cuoAmb" 0.08504034761018 0.0279329608938547 0.042830540037244 0.0434512725015518 0.0328988206083178 0 0.0167597765363128 0.0397268777157045 0.0552451893234016 0.0813159528243327 0.0273122284295469 0.101800124146493 0.080074487895717 0.100558659217877 0.0707635009310987 0.0297951582867784 0.10862818125388 0.0297951582867784
"cuoMcc" 0.0819366852886406 0.0254500310366232 0.0304158907510863 0.0403476101800124 0.0217256362507759 0.0167597765363128 0 0.037243947858473 0.053382991930478 0.0794537554314091 0.0260707635009311 0.0993171942892613 0.0794537554314091 0.0962135319677219 0.068901303538175 0.0273122284295469 0.104283054003724 0.0285536933581626
"derCor" 0.0825574177529485 0.0366232153941651 0.0248292985723153 0.0335195530726257 0.0384854127870888 0.0397268777157045 0.037243947858473 0 0.0459342023587834 0.0769708255741775 0.0391061452513966 0.106765983860956 0.0763500931098696 0.095592799503414 0.0695220360024829 0.037243947858473 0.101179391682185 0.0360024829298572
"derMaw" 0.0937306021104904 0.0558659217877095 0.0496585971446307 0.0484171322160149 0.0490378646803228 0.0552451893234016 0.053382991930478 0.0459342023587834 0 0.0893854748603352 0.0564866542520174 0.117939168218498 0.0968342644320298 0.109869646182495 0.0875232774674116 0.0484171322160149 0.114835505896958 0.0465549348230912
"emySub" 0.0980757293606456 0.0726256983240224 0.0751086281812539 0.0732464307883302 0.0763500931098696 0.0813159528243327 0.0794537554314091 0.0769708255741775 0.0893854748603352 0 0.0775915580384854 0.137181874612042 0.042830540037244 0.0726256983240224 0.0806952203600248 0.0738671632526381 0.0875232774674116 0.0701427684667908
"gopAga" 0.0782122905027933 0.0192427063935444 0.0415890751086282 0.0366232153941651 0.0353817504655493 0.0273122284295469 0.0260707635009311 0.0391061452513966 0.0564866542520174 0.0775915580384854 0 0.0986964618249535 0.0788330229671012 0.0974549968963377 0.0651769087523277 0.0322780881440099 0.104903786468032 0.0279329608938547
"malTer" 0.142147734326505 0.0974549968963377 0.109869646182495 0.0974549968963377 0.0844196151458721 0.101800124146493 0.0993171942892613 0.106765983860956 0.117939168218498 0.137181874612042 0.0986964618249535 0 0.145251396648045 0.156424581005587 0.134078212290503 0.0937306021104904 0.165114835505897 0.0844196151458721
"mesTub" 0.0993171942892613 0.0732464307883302 0.0782122905027933 0.0769708255741775 0.0825574177529485 0.080074487895717 0.0794537554314091 0.0763500931098696 0.0968342644320298 0.042830540037244 0.0788330229671012 0.145251396648045 0 0.0794537554314091 0.0856610800744879 0.0775915580384854 0.08504034761018 0.0751086281812539
"pelCas" 0.114835505896958 0.0949720670391061 0.0931098696461825 0.0900062073246431 0.0937306021104904 0.100558659217877 0.0962135319677219 0.095592799503414 0.109869646182495 0.0726256983240224 0.0974549968963377 0.156424581005587 0.0794537554314091 0 0.103662321539417 0.0943513345747983 0.0726256983240224 0.0912476722532588
"pelSin" 0.0763500931098696 0.0633147113594041 0.0738671632526381 0.0682805710738672 0.0695220360024829 0.0707635009310987 0.068901303538175 0.0695220360024829 0.0875232774674116 0.0806952203600248 0.0651769087523277 0.134078212290503 0.0856610800744879 0.103662321539417 0 0.0695220360024829 0.107386716325264 0.0626939788950962
"plaMeg" 0.0825574177529485 0.0310366232153942 0.037243947858473 0.037243947858473 0.0223463687150838 0.0297951582867784 0.0273122284295469 0.037243947858473 0.0484171322160149 0.0738671632526381 0.0322780881440099 0.0937306021104904 0.0775915580384854 0.0943513345747983 0.0695220360024829 0 0.103041589075109 0.0204841713221601
"podExp" 0.119180633147114 0.102420856610801 0.0986964618249535 0.100558659217877 0.103662321539417 0.10862818125388 0.104283054003724 0.101179391682185 0.114835505896958 0.0875232774674116 0.104903786468032 0.165114835505897 0.08504034761018 0.0726256983240224 0.107386716325264 0.103041589075109 0 0.101800124146493
"terMex" 0.0751086281812539 0.026691495965239 0.037243947858473 0.0304158907510863 0.0186219739292365 0.0297951582867784 0.0285536933581626 0.0360024829298572 0.0465549348230912 0.0701427684667908 0.0279329608938547 0.0844196151458721 0.0751086281812539 0.0912476722532588 0.0626939788950962 0.0204841713221601 0.101800124146493 0
