"carIns" "cheAbi" "cheMyd" "cheSer" "chrPic" "cuoAmb" "cuoMcc" "derCor" "derMaw" "emySub" "gopAga" "malTer" "mesTub" "pelCas" "pelSin" "plaMeg" "podExp" "terMex"
"carIns" 0 0.121170864533696 0.11572498298162 0.128658951667801 0.112321307011573 0.120490129339687 0.120490129339687 0.11640571817563 0.135466303607897 0.13070115724983 0.128658951667801 0.127297481279782 0.148400272294078 0.160653505786249 0.122532334921715 0.11640571817563 0.153846153846154 0.109598366235534
"cheAbi" 0.121170864533696 0 0.0694349897889721 0.0755616065350579 0.0490129339686862 0.0428863172226004 0.0415248468345813 0.0687542545949626 0.103471749489449 0.118447923757658 0.0306330837304289 0.0673927842069435 0.127978216473792 0.135466303607897 0.106875425459496 0.0517358747447243 0.128658951667801 0.0490129339686862
"cheMyd" 0.11572498298162 0.0694349897889721 0 0.0639891082368959 0.0503744043567052 0.0592239618788291 0.0585432266848196 0.0326752893124575 0.0871341048332199 0.113002042205582 0.0639891082368959 0.0639891082368959 0.128658951667801 0.13070115724983 0.10211027910143 0.0510551395507148 0.124574540503744 0.0476514635806671
"cheSer" 0.128658951667801 0.0755616065350579 0.0639891082368959 0 0.0537780803267529 0.0646698434309054 0.066712049012934 0.0687542545949626 0.0884955752212389 0.113002042205582 0.0701157249829816 0.0673927842069435 0.128658951667801 0.131381892443839 0.110959836623553 0.0537780803267529 0.133424098025868 0.0571817562968005
"chrPic" 0.112321307011573 0.0490129339686862 0.0503744043567052 0.0537780803267529 0 0.0381211708645337 0.0415248468345813 0.0537780803267529 0.0769230769230769 0.0987066031313819 0.0415248468345813 0.0258679373723622 0.113682777399592 0.122532334921715 0.0980258679373724 0.0258679373723622 0.125255275697754 0.0142954390742001
"cuoAmb" 0.120490129339687 0.0428863172226004 0.0592239618788291 0.0646698434309054 0.0381211708645337 0 0.011572498298162 0.0626276378488768 0.0864533696392104 0.104833219877468 0.0313138189244384 0.0585432266848196 0.121170864533696 0.125936010891763 0.104833219877468 0.0381211708645337 0.132062627637849 0.0367597004765146
"cuoMcc" 0.120490129339687 0.0415248468345813 0.0585432266848196 0.066712049012934 0.0415248468345813 0.011572498298162 0 0.0633083730428863 0.0884955752212389 0.107556160653506 0.0326752893124575 0.0605854322668482 0.121851599727706 0.127297481279782 0.103471749489449 0.0401633764465623 0.128658951667801 0.0401633764465623
"derCor" 0.11640571817563 0.0687542545949626 0.0326752893124575 0.0687542545949626 0.0537780803267529 0.0626276378488768 0.0633083730428863 0 0.0966643975493533 0.109598366235534 0.0673927842069435 0.0687542545949626 0.125936010891763 0.135466303607897 0.0987066031313819 0.0537780803267529 0.13002042205582 0.0490129339686862
"derMaw" 0.135466303607897 0.103471749489449 0.0871341048332199 0.0884955752212389 0.0769230769230769 0.0864533696392104 0.0884955752212389 0.0966643975493533 0 0.13002042205582 0.0918992511912866 0.0939414567733152 0.14567733151804 0.143635125936011 0.132062627637849 0.0776038121170865 0.149081007488087 0.0776038121170865
"emySub" 0.13070115724983 0.118447923757658 0.113002042205582 0.113002042205582 0.0987066031313819 0.104833219877468 0.107556160653506 0.109598366235534 0.13002042205582 0 0.11640571817563 0.113002042205582 0.0769230769230769 0.125936010891763 0.13070115724983 0.0959836623553438 0.127978216473792 0.0959836623553438
"gopAga" 0.128658951667801 0.0306330837304289 0.0639891082368959 0.0701157249829816 0.0415248468345813 0.0313138189244384 0.0326752893124575 0.0673927842069435 0.0918992511912866 0.11640571817563 0 0.0592239618788291 0.128658951667801 0.133424098025868 0.108236895847515 0.0422055820285909 0.132062627637849 0.0415248468345813
"malTer" 0.127297481279782 0.0673927842069435 0.0639891082368959 0.0673927842069435 0.0258679373723622 0.0585432266848196 0.0605854322668482 0.0687542545949626 0.0939414567733152 0.113002042205582 0.0592239618788291 0 0.132062627637849 0.138189244383935 0.110959836623553 0.0442477876106195 0.140912185159973 0.033356024506467
"mesTub" 0.148400272294078 0.127978216473792 0.128658951667801 0.128658951667801 0.113682777399592 0.121170864533696 0.121851599727706 0.125936010891763 0.14567733151804 0.0769230769230769 0.128658951667801 0.132062627637849 0 0.142954390742001 0.140231449965963 0.111640571817563 0.136827773995916 0.117086453369639
"pelCas" 0.160653505786249 0.135466303607897 0.13070115724983 0.131381892443839 0.122532334921715 0.125936010891763 0.127297481279782 0.135466303607897 0.143635125936011 0.125936010891763 0.133424098025868 0.138189244383935 0.142954390742001 0 0.160653505786249 0.124574540503744 0.123213070115725 0.121170864533696
"pelSin" 0.122532334921715 0.106875425459496 0.10211027910143 0.110959836623553 0.0980258679373724 0.104833219877468 0.103471749489449 0.0987066031313819 0.132062627637849 0.13070115724983 0.108236895847515 0.110959836623553 0.140231449965963 0.160653505786249 0 0.0925799863852961 0.14499659632403 0.0932607215793056
"plaMeg" 0.11640571817563 0.0517358747447243 0.0510551395507148 0.0537780803267529 0.0258679373723622 0.0381211708645337 0.0401633764465623 0.0537780803267529 0.0776038121170865 0.0959836623553438 0.0422055820285909 0.0442477876106195 0.111640571817563 0.124574540503744 0.0925799863852961 0 0.122532334921715 0.0245064669843431
"podExp" 0.153846153846154 0.128658951667801 0.124574540503744 0.133424098025868 0.125255275697754 0.132062627637849 0.128658951667801 0.13002042205582 0.149081007488087 0.127978216473792 0.132062627637849 0.140912185159973 0.136827773995916 0.123213070115725 0.14499659632403 0.122532334921715 0 0.124574540503744
"terMex" 0.109598366235534 0.0490129339686862 0.0476514635806671 0.0571817562968005 0.0142954390742001 0.0367597004765146 0.0401633764465623 0.0490129339686862 0.0776038121170865 0.0959836623553438 0.0415248468345813 0.033356024506467 0.117086453369639 0.121170864533696 0.0932607215793056 0.0245064669843431 0.124574540503744 0
