"carIns" "cheAbi" "cheMyd" "cheSer" "chrPic" "cuoAmb" "cuoMcc" "derCor" "derMaw" "emySub" "gopAga" "malTer" "mesTub" "pelCas" "pelSin" "plaMeg" "podExp" "terMex"
"carIns" 0 0.0862944162436548 0.0791878172588832 0.0857868020304569 0.0776649746192893 0.0786802030456853 0.0766497461928934 0.083248730964467 0.0857868020304569 0.101015228426396 0.0857868020304569 0.0776649746192893 0.103553299492386 0.101522842639594 0.0796954314720812 0.0746192893401015 0.113197969543147 0.0786802030456853
"cheAbi" 0.0862944162436548 0 0.0294416243654822 0.0370558375634518 0.0274111675126904 0.0253807106598985 0.0223350253807107 0.0355329949238579 0.0421319796954315 0.0715736040609137 0.0182741116751269 0.0269035532994924 0.0786802030456853 0.082741116751269 0.0786802030456853 0.0248730964467005 0.0918781725888325 0.0274111675126904
"cheMyd" 0.0791878172588832 0.0294416243654822 0 0.0279187817258883 0.0192893401015228 0.0223350253807107 0.0192893401015228 0.0101522842639594 0.0289340101522843 0.0654822335025381 0.0289340101522843 0.0187817258883249 0.0710659898477157 0.0771573604060914 0.0720812182741117 0.017258883248731 0.0873096446700508 0.0187817258883249
"cheSer" 0.0857868020304569 0.0370558375634518 0.0279187817258883 0 0.0289340101522843 0.0299492385786802 0.0269035532994924 0.0309644670050761 0.0345177664974619 0.0715736040609137 0.0355329949238579 0.0284263959390863 0.0776649746192893 0.0852791878172589 0.0791878172588832 0.0258883248730964 0.0954314720812183 0.0294416243654822
"chrPic" 0.0776649746192893 0.0274111675126904 0.0192893401015228 0.0289340101522843 0 0.0192893401015228 0.016243654822335 0.0233502538071066 0.0309644670050761 0.067005076142132 0.0258883248730964 0.00456852791878173 0.0725888324873096 0.0776649746192893 0.0730964467005076 0.0126903553299492 0.0857868020304569 0.0126903553299492
"cuoAmb" 0.0786802030456853 0.0253807106598985 0.0223350253807107 0.0299492385786802 0.0192893401015228 0 0.0050761421319797 0.0274111675126904 0.0345177664974619 0.0654822335025381 0.0233502538071066 0.0187817258883249 0.0720812182741117 0.0802030456852792 0.0746192893401015 0.016751269035533 0.0868020304568528 0.0197969543147208
"cuoMcc" 0.0766497461928934 0.0223350253807107 0.0192893401015228 0.0269035532994924 0.016243654822335 0.0050761421319797 0 0.0243654822335025 0.0314720812182741 0.0644670050761421 0.0203045685279188 0.0157360406091371 0.0710659898477157 0.0776649746192893 0.0715736040609137 0.0137055837563452 0.0852791878172589 0.016751269035533
"derCor" 0.083248730964467 0.0355329949238579 0.0101522842639594 0.0309644670050761 0.0233502538071066 0.0274111675126904 0.0243654822335025 0 0.0355329949238579 0.0695431472081218 0.0345177664974619 0.0228426395939086 0.0761421319796954 0.083248730964467 0.0766497461928934 0.0218274111675127 0.0934010152284264 0.0248730964467005
"derMaw" 0.0857868020304569 0.0421319796954315 0.0289340101522843 0.0345177664974619 0.0309644670050761 0.0345177664974619 0.0314720812182741 0.0355329949238579 0 0.0761421319796954 0.0385786802030457 0.0314720812182741 0.0802030456852792 0.0847715736040609 0.082741116751269 0.0299492385786802 0.0959390862944162 0.0304568527918782
"emySub" 0.101015228426396 0.0715736040609137 0.0654822335025381 0.0715736040609137 0.067005076142132 0.0654822335025381 0.0644670050761421 0.0695431472081218 0.0761421319796954 0 0.0705583756345178 0.066497461928934 0.032994923857868 0.066497461928934 0.0989847715736041 0.0639593908629442 0.0710659898477157 0.0649746192893401
"gopAga" 0.0857868020304569 0.0182741116751269 0.0289340101522843 0.0355329949238579 0.0258883248730964 0.0233502538071066 0.0203045685279188 0.0345177664974619 0.0385786802030457 0.0705583756345178 0 0.0253807106598985 0.0756345177664975 0.0822335025380711 0.0781725888324873 0.0243654822335025 0.0908629441624366 0.0248730964467005
"malTer" 0.0776649746192893 0.0269035532994924 0.0187817258883249 0.0284263959390863 0.00456852791878173 0.0187817258883249 0.0157360406091371 0.0228426395939086 0.0314720812182741 0.066497461928934 0.0253807106598985 0 0.0720812182741117 0.0771573604060914 0.0715736040609137 0.0121827411167513 0.0862944162436548 0.0121827411167513
"mesTub" 0.103553299492386 0.0786802030456853 0.0710659898477157 0.0776649746192893 0.0725888324873096 0.0720812182741117 0.0710659898477157 0.0761421319796954 0.0802030456852792 0.032994923857868 0.0756345177664975 0.0720812182741117 0 0.0700507614213198 0.102030456852792 0.0705583756345178 0.0802030456852792 0.0705583756345178
"pelCas" 0.101522842639594 0.082741116751269 0.0771573604060914 0.0852791878172589 0.0776649746192893 0.0802030456852792 0.0776649746192893 0.083248730964467 0.0847715736040609 0.066497461928934 0.0822335025380711 0.0771573604060914 0.0700507614213198 0 0.1 0.0746192893401015 0.0573604060913706 0.0761421319796954
"pelSin" 0.0796954314720812 0.0786802030456853 0.0720812182741117 0.0791878172588832 0.0730964467005076 0.0746192893401015 0.0715736040609137 0.0766497461928934 0.082741116751269 0.0989847715736041 0.0781725888324873 0.0715736040609137 0.102030456852792 0.1 0 0.0690355329949239 0.111167512690355 0.0705583756345178
"plaMeg" 0.0746192893401015 0.0248730964467005 0.017258883248731 0.0258883248730964 0.0126903553299492 0.016751269035533 0.0137055837563452 0.0218274111675127 0.0299492385786802 0.0639593908629442 0.0243654822335025 0.0121827411167513 0.0705583756345178 0.0746192893401015 0.0690355329949239 0 0.0847715736040609 0.0142131979695431
"podExp" 0.113197969543147 0.0918781725888325 0.0873096446700508 0.0954314720812183 0.0857868020304569 0.0868020304568528 0.0852791878172589 0.0934010152284264 0.0959390862944162 0.0710659898477157 0.0908629441624366 0.0862944162436548 0.0802030456852792 0.0573604060913706 0.111167512690355 0.0847715736040609 0 0.0847715736040609
"terMex" 0.0786802030456853 0.0274111675126904 0.0187817258883249 0.0294416243654822 0.0126903553299492 0.0197969543147208 0.016751269035533 0.0248730964467005 0.0304568527918782 0.0649746192893401 0.0248730964467005 0.0121827411167513 0.0705583756345178 0.0761421319796954 0.0705583756345178 0.0142131979695431 0.0847715736040609 0
