"carIns" "cheAbi" "cheMyd" "cheSer" "chrPic" "cuoAmb" "cuoMcc" "derMaw" "emySub" "gopAga" "malTer" "mesTub" "pelCas" "pelSin" "plaMeg" "podExp" "terMex"
"carIns" 0 0.0595130748422002 0.0577096483318305 0.0577096483318305 0.0595130748422002 0.0559062218214608 0.0613165013525699 0.066726780883679 0.0640216411181244 0.0586113615870153 0.0577096483318305 0.123534715960325 0.0622182146077547 0.0577096483318305 0.0649233543733093 0.0649233543733093 0.0595130748422002
"cheAbi" 0.0595130748422002 0 0.0216411181244364 0.0162308385933273 0.0162308385933273 0.0135256988277728 0.0144274120829576 0.0315599639314698 0.0495942290351668 0.00901713255184851 0.0144274120829576 0.106402164111812 0.0504959422903517 0.0532010820559062 0.0198376916140667 0.0577096483318305 0.0144274120829576
"cheMyd" 0.0577096483318305 0.0216411181244364 0 0.0135256988277728 0.0144274120829576 0.0198376916140667 0.0162308385933273 0.024346257889991 0.0432822362488729 0.0216411181244364 0.0126239855725879 0.0991884580703336 0.0441839495040577 0.0532010820559062 0.018034265103697 0.0568079350766456 0.0144274120829576
"cheSer" 0.0577096483318305 0.0162308385933273 0.0135256988277728 0 0.0135256988277728 0.0171325518485122 0.0135256988277728 0.0270513976555455 0.0468890892696123 0.0162308385933273 0.0117222723174031 0.101893597835888 0.0468890892696123 0.0495942290351668 0.0153291253381425 0.0550045085662759 0.00991884580703336
"chrPic" 0.0595130748422002 0.0162308385933273 0.0144274120829576 0.0135256988277728 0 0.0126239855725879 0.0108205590622182 0.0279531109107304 0.0441839495040577 0.0162308385933273 0.0018034265103697 0.100991884580703 0.0495942290351668 0.0513976555455365 0.0144274120829576 0.0595130748422002 0.00541027953110911
"cuoAmb" 0.0559062218214608 0.0135256988277728 0.0198376916140667 0.0171325518485122 0.0126239855725879 0 0.0108205590622182 0.0297565374211001 0.0459873760144274 0.0126239855725879 0.0108205590622182 0.104598737601443 0.0495942290351668 0.0513976555455365 0.018034265103697 0.0586113615870153 0.0108205590622182
"cuoMcc" 0.0613165013525699 0.0144274120829576 0.0162308385933273 0.0135256988277728 0.0108205590622182 0.0108205590622182 0 0.0297565374211001 0.0441839495040577 0.0144274120829576 0.00901713255184851 0.102795311091073 0.0504959422903517 0.0532010820559062 0.0126239855725879 0.060414788097385 0.00541027953110911
"derMaw" 0.066726780883679 0.0315599639314698 0.024346257889991 0.0270513976555455 0.0279531109107304 0.0297565374211001 0.0297565374211001 0 0.0550045085662759 0.0333633904418395 0.0261496844003607 0.106402164111812 0.0577096483318305 0.0613165013525699 0.0315599639314698 0.0694319206492336 0.0261496844003607
"emySub" 0.0640216411181244 0.0495942290351668 0.0432822362488729 0.0468890892696123 0.0441839495040577 0.0459873760144274 0.0441839495040577 0.0550045085662759 0 0.0495942290351668 0.042380522993688 0.0829576194770063 0.048692515779982 0.0640216411181244 0.0477908025247971 0.060414788097385 0.042380522993688
"gopAga" 0.0586113615870153 0.00901713255184851 0.0216411181244364 0.0162308385933273 0.0162308385933273 0.0126239855725879 0.0144274120829576 0.0333633904418395 0.0495942290351668 0 0.0144274120829576 0.106402164111812 0.0504959422903517 0.0495942290351668 0.018034265103697 0.0577096483318305 0.0144274120829576
"malTer" 0.0577096483318305 0.0144274120829576 0.0126239855725879 0.0117222723174031 0.0018034265103697 0.0108205590622182 0.00901713255184851 0.0261496844003607 0.042380522993688 0.0144274120829576 0 0.100991884580703 0.0477908025247971 0.0495942290351668 0.0126239855725879 0.0577096483318305 0.0036068530207394
"mesTub" 0.123534715960325 0.106402164111812 0.0991884580703336 0.101893597835888 0.100991884580703 0.104598737601443 0.102795311091073 0.106402164111812 0.0829576194770063 0.106402164111812 0.100991884580703 0 0.0991884580703336 0.117222723174031 0.104598737601443 0.110910730387737 0.100991884580703
"pelCas" 0.0622182146077547 0.0504959422903517 0.0441839495040577 0.0468890892696123 0.0495942290351668 0.0495942290351668 0.0504959422903517 0.0577096483318305 0.048692515779982 0.0504959422903517 0.0477908025247971 0.0991884580703336 0 0.0640216411181244 0.0522993688007214 0.0387736699729486 0.0495942290351668
"pelSin" 0.0577096483318305 0.0532010820559062 0.0532010820559062 0.0495942290351668 0.0513976555455365 0.0513976555455365 0.0532010820559062 0.0613165013525699 0.0640216411181244 0.0495942290351668 0.0495942290351668 0.117222723174031 0.0640216411181244 0 0.0568079350766456 0.0712353471596033 0.0495942290351668
"plaMeg" 0.0649233543733093 0.0198376916140667 0.018034265103697 0.0153291253381425 0.0144274120829576 0.018034265103697 0.0126239855725879 0.0315599639314698 0.0477908025247971 0.018034265103697 0.0126239855725879 0.104598737601443 0.0522993688007214 0.0568079350766456 0 0.0631199278629396 0.00901713255184851
"podExp" 0.0649233543733093 0.0577096483318305 0.0568079350766456 0.0550045085662759 0.0595130748422002 0.0586113615870153 0.060414788097385 0.0694319206492336 0.060414788097385 0.0577096483318305 0.0577096483318305 0.110910730387737 0.0387736699729486 0.0712353471596033 0.0631199278629396 0 0.0595130748422002
"terMex" 0.0595130748422002 0.0144274120829576 0.0144274120829576 0.00991884580703336 0.00541027953110911 0.0108205590622182 0.00541027953110911 0.0261496844003607 0.042380522993688 0.0144274120829576 0.0036068530207394 0.100991884580703 0.0495942290351668 0.0495942290351668 0.00901713255184851 0.0595130748422002 0
