"carIns" "cheAbi" "cheMyd" "cheSer" "chrPic" "cuoAmb" "cuoMcc" "derCor" "derMaw" "emySub" "gopAga" "malTer" "mesTub" "pelCas" "pelSin" "plaMeg" "podExp"
"carIns" 0 0.217625899280576 0.163669064748201 0.179856115107914 0.0638489208633094 0.10431654676259 0.0656474820143885 0.169964028776978 0.109712230215827 0.12589928057554 0.0710431654676259 0.22841726618705 0.130395683453237 0.126798561151079 0.127697841726619 0.0656474820143885 0.130395683453237
"cheAbi" 0.217625899280576 0 0.288669064748201 0.205935251798561 0.175359712230216 0.213129496402878 0.169964028776978 0.214928057553957 0.203237410071942 0.220323741007194 0.171762589928058 0.357913669064748 0.222122302158273 0.224820143884892 0.22841726618705 0.173561151079137 0.221223021582734
"cheMyd" 0.163669064748201 0.288669064748201 0 0.251798561151079 0.129496402877698 0.151079136690647 0.131294964028777 0.22841726618705 0.173561151079137 0.201438848920863 0.137589928057554 0.298561151079137 0.191546762589928 0.201438848920863 0.205935251798561 0.129496402877698 0.205935251798561
"cheSer" 0.179856115107914 0.205935251798561 0.251798561151079 0 0.141187050359712 0.186151079136691 0.142985611510791 0.160071942446043 0.160071942446043 0.174460431654676 0.147482014388489 0.324640287769784 0.186151079136691 0.182553956834532 0.190647482014388 0.142086330935252 0.196043165467626
"chrPic" 0.0638489208633094 0.175359712230216 0.129496402877698 0.141187050359712 0 0.0557553956834532 0.012589928057554 0.132194244604317 0.0665467625899281 0.091726618705036 0.0179856115107914 0.198741007194245 0.0953237410071942 0.0953237410071942 0.110611510791367 0.00899280575539568 0.100719424460432
"cuoAmb" 0.10431654676259 0.213129496402878 0.151079136690647 0.186151079136691 0.0557553956834532 0 0.0467625899280576 0.177158273381295 0.112410071942446 0.135791366906475 0.0539568345323741 0.214928057553957 0.138489208633094 0.137589928057554 0.133992805755396 0.0548561151079137 0.143884892086331
"cuoMcc" 0.0656474820143885 0.169964028776978 0.131294964028777 0.142985611510791 0.012589928057554 0.0467625899280576 0 0.133992805755396 0.0692446043165468 0.0926258992805755 0.0107913669064748 0.205035971223022 0.0962230215827338 0.0953237410071942 0.107913669064748 0.012589928057554 0.102517985611511
"derCor" 0.169964028776978 0.214928057553957 0.22841726618705 0.160071942446043 0.132194244604317 0.177158273381295 0.133992805755396 0 0.155575539568345 0.168165467625899 0.140287769784173 0.314748201438849 0.179856115107914 0.174460431654676 0.188848920863309 0.130395683453237 0.186151079136691
"derMaw" 0.109712230215827 0.203237410071942 0.173561151079137 0.160071942446043 0.0665467625899281 0.112410071942446 0.0692446043165468 0.155575539568345 0 0.116007194244604 0.0737410071942446 0.245503597122302 0.111510791366906 0.116007194244604 0.117805755395683 0.0701438848920863 0.12410071942446
"emySub" 0.12589928057554 0.220323741007194 0.201438848920863 0.174460431654676 0.091726618705036 0.135791366906475 0.0926258992805755 0.168165467625899 0.116007194244604 0 0.098021582733813 0.265287769784173 0.0944244604316547 0.111510791366906 0.137589928057554 0.0926258992805755 0.114208633093525
"gopAga" 0.0710431654676259 0.171762589928058 0.137589928057554 0.147482014388489 0.0179856115107914 0.0539568345323741 0.0107913669064748 0.140287769784173 0.0737410071942446 0.098021582733813 0 0.20863309352518 0.0989208633093525 0.0998201438848921 0.111510791366906 0.0179856115107914 0.107014388489209
"malTer" 0.22841726618705 0.357913669064748 0.298561151079137 0.324640287769784 0.198741007194245 0.214928057553957 0.205035971223022 0.314748201438849 0.245503597122302 0.265287769784173 0.20863309352518 0 0.267086330935252 0.258093525179856 0.27158273381295 0.203237410071942 0.268884892086331
"mesTub" 0.130395683453237 0.222122302158273 0.191546762589928 0.186151079136691 0.0953237410071942 0.138489208633094 0.0962230215827338 0.179856115107914 0.111510791366906 0.0944244604316547 0.0989208633093525 0.267086330935252 0 0.107913669064748 0.14478417266187 0.0944244604316547 0.111510791366906
"pelCas" 0.126798561151079 0.224820143884892 0.201438848920863 0.182553956834532 0.0953237410071942 0.137589928057554 0.0953237410071942 0.174460431654676 0.116007194244604 0.111510791366906 0.0998201438848921 0.258093525179856 0.107913669064748 0 0.140287769784173 0.0944244604316547 0.107913669064748
"pelSin" 0.127697841726619 0.22841726618705 0.205935251798561 0.190647482014388 0.110611510791367 0.133992805755396 0.107913669064748 0.188848920863309 0.117805755395683 0.137589928057554 0.111510791366906 0.27158273381295 0.14478417266187 0.140287769784173 0 0.110611510791367 0.14478417266187
"plaMeg" 0.0656474820143885 0.173561151079137 0.129496402877698 0.142086330935252 0.00899280575539568 0.0548561151079137 0.012589928057554 0.130395683453237 0.0701438848920863 0.0926258992805755 0.0179856115107914 0.203237410071942 0.0944244604316547 0.0944244604316547 0.110611510791367 0 0.0989208633093525
"podExp" 0.130395683453237 0.221223021582734 0.205935251798561 0.196043165467626 0.100719424460432 0.143884892086331 0.102517985611511 0.186151079136691 0.12410071942446 0.114208633093525 0.107014388489209 0.268884892086331 0.111510791366906 0.107913669064748 0.14478417266187 0.0989208633093525 0
