"carIns" "cheAbi" "cheMyd" "cheSer" "chrPic" "cuoAmb" "cuoMcc" "derCor" "derMaw" "emySub" "gopAga" "malTer" "mesTub" "pelCas" "pelSin" "plaMeg" "podExp" "terMex"
"carIns" 0 0.114207650273224 0.115300546448087 0.106010928961749 0.113114754098361 0.109289617486339 0.107650273224044 0.10983606557377 0.113114754098361 0.122404371584699 0.115846994535519 0.110928961748634 0.130601092896175 0.151366120218579 0.348087431693989 0.111475409836066 0.165573770491803 0.107103825136612
"cheAbi" 0.114207650273224 0 0.0524590163934426 0.0431693989071038 0.0377049180327869 0.026775956284153 0.0245901639344262 0.0437158469945355 0.0519125683060109 0.0808743169398907 0.0207650273224044 0.0371584699453552 0.092896174863388 0.119125683060109 0.342622950819672 0.0404371584699454 0.136065573770492 0.0311475409836066
"cheMyd" 0.115300546448087 0.0524590163934426 0 0.0420765027322404 0.0371584699453552 0.0519125683060109 0.0497267759562841 0.0289617486338798 0.0491803278688525 0.087431693989071 0.0497267759562841 0.0453551912568306 0.0934426229508197 0.120218579234973 0.350273224043716 0.0415300546448087 0.133879781420765 0.0420765027322404
"cheSer" 0.106010928961749 0.0431693989071038 0.0420765027322404 0 0.0448087431693989 0.0437158469945355 0.0415300546448087 0.033879781420765 0.0431693989071038 0.0808743169398907 0.0480874316939891 0.0442622950819672 0.0879781420765027 0.116393442622951 0.345355191256831 0.0404371584699454 0.132786885245902 0.0387978142076503
"chrPic" 0.113114754098361 0.0377049180327869 0.0371584699453552 0.0448087431693989 0 0.0387978142076503 0.0366120218579235 0.0420765027322404 0.0524590163934426 0.0819672131147541 0.0377049180327869 0.0153005464480874 0.0912568306010929 0.119672131147541 0.344262295081967 0.0360655737704918 0.132786885245902 0.0213114754098361
"cuoAmb" 0.109289617486339 0.026775956284153 0.0519125683060109 0.0437158469945355 0.0387978142076503 0 0.00327868852459016 0.0442622950819672 0.0502732240437158 0.0814207650273224 0.0306010928961749 0.0377049180327869 0.0907103825136612 0.118579234972678 0.345901639344262 0.0404371584699454 0.133879781420765 0.0322404371584699
"cuoMcc" 0.107650273224044 0.0245901639344262 0.0497267759562841 0.0415300546448087 0.0366120218579235 0.00327868852459016 0 0.0420765027322404 0.0480874316939891 0.0792349726775956 0.0284153005464481 0.0355191256830601 0.0885245901639344 0.116393442622951 0.343715846994536 0.0382513661202186 0.131693989071038 0.0300546448087432
"derCor" 0.10983606557377 0.0437158469945355 0.0289617486338798 0.033879781420765 0.0420765027322404 0.0442622950819672 0.0420765027322404 0 0.0404371584699454 0.0808743169398907 0.0486338797814208 0.0420765027322404 0.0846994535519126 0.115300546448087 0.345901639344262 0.0404371584699454 0.129508196721311 0.0382513661202186
"derMaw" 0.113114754098361 0.0519125683060109 0.0491803278688525 0.0431693989071038 0.0524590163934426 0.0502732240437158 0.0480874316939891 0.0404371584699454 0 0.0863387978142077 0.0551912568306011 0.0508196721311475 0.0945355191256831 0.120765027322404 0.348087431693989 0.0486338797814208 0.133879781420765 0.0475409836065574
"emySub" 0.122404371584699 0.0808743169398907 0.087431693989071 0.0808743169398907 0.0819672131147541 0.0814207650273224 0.0792349726775956 0.0808743169398907 0.0863387978142077 0 0.0836065573770492 0.080327868852459 0.039344262295082 0.092896174863388 0.349726775956284 0.0797814207650273 0.112568306010929 0.0765027322404372
"gopAga" 0.115846994535519 0.0207650273224044 0.0497267759562841 0.0480874316939891 0.0377049180327869 0.0306010928961749 0.0284153005464481 0.0486338797814208 0.0551912568306011 0.0836065573770492 0 0.0371584699453552 0.0956284153005464 0.122950819672131 0.345355191256831 0.0415300546448087 0.134972677595628 0.0327868852459016
"malTer" 0.110928961748634 0.0371584699453552 0.0453551912568306 0.0442622950819672 0.0153005464480874 0.0377049180327869 0.0355191256830601 0.0420765027322404 0.0508196721311475 0.080327868852459 0.0371584699453552 0 0.087431693989071 0.117486338797814 0.34207650273224 0.0344262295081967 0.13224043715847 0.0207650273224044
"mesTub" 0.130601092896175 0.092896174863388 0.0934426229508197 0.0879781420765027 0.0912568306010929 0.0907103825136612 0.0885245901639344 0.0846994535519126 0.0945355191256831 0.039344262295082 0.0956284153005464 0.087431693989071 0 0.0939890710382514 0.352459016393443 0.0890710382513661 0.115846994535519 0.0868852459016393
"pelCas" 0.151366120218579 0.119125683060109 0.120218579234973 0.116393442622951 0.119672131147541 0.118579234972678 0.116393442622951 0.115300546448087 0.120765027322404 0.092896174863388 0.122950819672131 0.117486338797814 0.0939890710382514 0 0.371584699453552 0.119125683060109 0.092896174863388 0.116393442622951
"pelSin" 0.348087431693989 0.342622950819672 0.350273224043716 0.345355191256831 0.344262295081967 0.345901639344262 0.343715846994536 0.345901639344262 0.348087431693989 0.349726775956284 0.345355191256831 0.34207650273224 0.352459016393443 0.371584699453552 0 0.344262295081967 0.381420765027322 0.34207650273224
"plaMeg" 0.111475409836066 0.0404371584699454 0.0415300546448087 0.0404371584699454 0.0360655737704918 0.0404371584699454 0.0382513661202186 0.0404371584699454 0.0486338797814208 0.0797814207650273 0.0415300546448087 0.0344262295081967 0.0890710382513661 0.119125683060109 0.344262295081967 0 0.129508196721311 0.0284153005464481
"podExp" 0.165573770491803 0.136065573770492 0.133879781420765 0.132786885245902 0.132786885245902 0.133879781420765 0.131693989071038 0.129508196721311 0.133879781420765 0.112568306010929 0.134972677595628 0.13224043715847 0.115846994535519 0.092896174863388 0.381420765027322 0.129508196721311 0 0.128415300546448
"terMex" 0.107103825136612 0.0311475409836066 0.0420765027322404 0.0387978142076503 0.0213114754098361 0.0322404371584699 0.0300546448087432 0.0382513661202186 0.0475409836065574 0.0765027322404372 0.0327868852459016 0.0207650273224044 0.0868852459016393 0.116393442622951 0.34207650273224 0.0284153005464481 0.128415300546448 0
