"carIns" "cheAbi" "cheMyd" "cheSer" "chrPic" "cuoAmb" "cuoMcc" "derCor" "derMaw" "emySub" "gopAga" "malTer" "mesTub" "pelCas" "pelSin" "plaMeg" "podExp" "terMex"
"carIns" 0 0.181451612903226 0.172379032258065 0.179435483870968 0.178427419354839 0.219758064516129 0.179435483870968 0.17741935483871 0.182459677419355 0.185483870967742 0.182459677419355 0.179435483870968 0.185483870967742 0.204637096774194 0.189516129032258 0.17741935483871 0.193548387096774 0.176411290322581
"cheAbi" 0.181451612903226 0 0.0241935483870968 0.0332661290322581 0.0241935483870968 0.0564516129032258 0.0131048387096774 0.0292338709677419 0.0362903225806452 0.0403225806451613 0.0161290322580645 0.0262096774193548 0.0362903225806452 0.063508064516129 0.0645161290322581 0.0131048387096774 0.0604838709677419 0.0221774193548387
"cheMyd" 0.172379032258065 0.0241935483870968 0 0.0272177419354839 0.0241935483870968 0.0645161290322581 0.0221774193548387 0.0110887096774194 0.0262096774193548 0.0362903225806452 0.0282258064516129 0.0262096774193548 0.03125 0.0594758064516129 0.0625 0.0191532258064516 0.0554435483870968 0.0201612903225806
"cheSer" 0.179435483870968 0.0332661290322581 0.0272177419354839 0 0.030241935483871 0.0705645161290323 0.0282258064516129 0.030241935483871 0.03125 0.0453629032258065 0.0342741935483871 0.03125 0.0403225806451613 0.0645161290322581 0.0685483870967742 0.0262096774193548 0.0645161290322581 0.0292338709677419
"chrPic" 0.178427419354839 0.0241935483870968 0.0241935483870968 0.030241935483871 0 0.061491935483871 0.0211693548387097 0.0272177419354839 0.032258064516129 0.0403225806451613 0.0262096774193548 0.0100806451612903 0.0352822580645161 0.061491935483871 0.0665322580645161 0.0171370967741935 0.0594758064516129 0.0110887096774194
"cuoAmb" 0.219758064516129 0.0564516129032258 0.0645161290322581 0.0705645161290323 0.061491935483871 0 0.0514112903225806 0.0665322580645161 0.0705645161290323 0.0796370967741935 0.0594758064516129 0.063508064516129 0.0756048387096774 0.0977822580645161 0.100806451612903 0.0534274193548387 0.094758064516129 0.0584677419354839
"cuoMcc" 0.179435483870968 0.0131048387096774 0.0221774193548387 0.0282258064516129 0.0211693548387097 0.0514112903225806 0 0.0252016129032258 0.032258064516129 0.0383064516129032 0.0191532258064516 0.0231854838709677 0.0342741935483871 0.0594758064516129 0.061491935483871 0.0120967741935484 0.0544354838709677 0.0191532258064516
"derCor" 0.17741935483871 0.0292338709677419 0.0110887096774194 0.030241935483871 0.0272177419354839 0.0665322580645161 0.0252016129032258 0 0.0292338709677419 0.0393145161290323 0.0292338709677419 0.0292338709677419 0.0342741935483871 0.0604838709677419 0.0645161290322581 0.0221774193548387 0.0564516129032258 0.0231854838709677
"derMaw" 0.182459677419355 0.0362903225806452 0.0262096774193548 0.03125 0.032258064516129 0.0705645161290323 0.032258064516129 0.0292338709677419 0 0.0423387096774194 0.0383064516129032 0.032258064516129 0.0372983870967742 0.0675403225806452 0.0695564516129032 0.0292338709677419 0.0584677419354839 0.0282258064516129
"emySub" 0.185483870967742 0.0403225806451613 0.0362903225806452 0.0453629032258065 0.0403225806451613 0.0796370967741935 0.0383064516129032 0.0393145161290323 0.0423387096774194 0 0.0433467741935484 0.0403225806451613 0.0141129032258065 0.0463709677419355 0.0665322580645161 0.032258064516129 0.0453629032258065 0.0362903225806452
"gopAga" 0.182459677419355 0.0161290322580645 0.0282258064516129 0.0342741935483871 0.0262096774193548 0.0594758064516129 0.0191532258064516 0.0292338709677419 0.0383064516129032 0.0433467741935484 0 0.0282258064516129 0.0383064516129032 0.0665322580645161 0.0705645161290323 0.0211693548387097 0.0625 0.0241935483870968
"malTer" 0.179435483870968 0.0262096774193548 0.0262096774193548 0.03125 0.0100806451612903 0.063508064516129 0.0231854838709677 0.0292338709677419 0.032258064516129 0.0403225806451613 0.0282258064516129 0 0.0372983870967742 0.063508064516129 0.0665322580645161 0.0191532258064516 0.061491935483871 0.0110887096774194
"mesTub" 0.185483870967742 0.0362903225806452 0.03125 0.0403225806451613 0.0352822580645161 0.0756048387096774 0.0342741935483871 0.0342741935483871 0.0372983870967742 0.0141129032258065 0.0383064516129032 0.0372983870967742 0 0.0463709677419355 0.0645161290322581 0.030241935483871 0.0403225806451613 0.03125
"pelCas" 0.204637096774194 0.063508064516129 0.0594758064516129 0.0645161290322581 0.061491935483871 0.0977822580645161 0.0594758064516129 0.0604838709677419 0.0675403225806452 0.0463709677419355 0.0665322580645161 0.063508064516129 0.0463709677419355 0 0.0806451612903226 0.0574596774193548 0.0514112903225806 0.0564516129032258
"pelSin" 0.189516129032258 0.0645161290322581 0.0625 0.0685483870967742 0.0665322580645161 0.100806451612903 0.061491935483871 0.0645161290322581 0.0695564516129032 0.0665322580645161 0.0705645161290323 0.0665322580645161 0.0645161290322581 0.0806451612903226 0 0.0574596774193548 0.0826612903225806 0.0625
"plaMeg" 0.17741935483871 0.0131048387096774 0.0191532258064516 0.0262096774193548 0.0171370967741935 0.0534274193548387 0.0120967741935484 0.0221774193548387 0.0292338709677419 0.032258064516129 0.0211693548387097 0.0191532258064516 0.030241935483871 0.0574596774193548 0.0574596774193548 0 0.0544354838709677 0.0151209677419355
"podExp" 0.193548387096774 0.0604838709677419 0.0554435483870968 0.0645161290322581 0.0594758064516129 0.094758064516129 0.0544354838709677 0.0564516129032258 0.0584677419354839 0.0453629032258065 0.0625 0.061491935483871 0.0403225806451613 0.0514112903225806 0.0826612903225806 0.0544354838709677 0 0.0544354838709677
"terMex" 0.176411290322581 0.0221774193548387 0.0201612903225806 0.0292338709677419 0.0110887096774194 0.0584677419354839 0.0191532258064516 0.0231854838709677 0.0282258064516129 0.0362903225806452 0.0241935483870968 0.0110887096774194 0.03125 0.0564516129032258 0.0625 0.0151209677419355 0.0544354838709677 0
