"carIns" "cheAbi" "cheMyd" "cheSer" "chrPic" "cuoAmb" "cuoMcc" "derCor" "derMaw" "emySub" "gopAga" "malTer" "pelCas" "pelSin" "plaMeg" "podExp" "terMex"
"carIns" 0 0.0568585643212509 0.0689410092395167 0.0646766169154229 0.0575692963752665 0.0561478322672352 0.0540156361051883 0.0589907604832978 0.0632551528073916 0.0717839374555792 0.0561478322672352 0.15636105188344 0.070362473347548 0.0675195451314854 0.0561478322672352 0.0732054015636105 0.0575692963752665
"cheAbi" 0.0568585643212509 0 0.0369580668088131 0.0284292821606254 0.0142146410803127 0.00852878464818763 0.00923951670220327 0.0270078180525942 0.0270078180525942 0.0476190476190476 0.00923951670220327 0.125088841506752 0.0533049040511727 0.0554371002132196 0.0127931769722814 0.0561478322672352 0.0127931769722814
"cheMyd" 0.0689410092395167 0.0369580668088131 0 0.0412224591329069 0.0369580668088131 0.0355366027007818 0.0362473347547974 0.0277185501066098 0.0426439232409382 0.0582800284292822 0.0376687988628287 0.14498933901919 0.0653873489694385 0.0604122245913291 0.0326936744847193 0.0682302771855011 0.0341151385927505
"cheSer" 0.0646766169154229 0.0284292821606254 0.0412224591329069 0 0.0270078180525942 0.0255863539445629 0.0262970859985785 0.0291400142146411 0.0298507462686567 0.0504619758351102 0.0291400142146411 0.137171286425018 0.0582800284292822 0.0618336886993603 0.0241648898365316 0.0604122245913291 0.0255863539445629
"chrPic" 0.0575692963752665 0.0142146410803127 0.0369580668088131 0.0270078180525942 0 0.0127931769722814 0.0135039090262971 0.0241648898365316 0.0255863539445629 0.0447761194029851 0.0163468372423596 0.11727078891258 0.0540156361051883 0.0540156361051883 0.0099502487562189 0.0554371002132196 0.00568585643212509
"cuoAmb" 0.0561478322672352 0.00852878464818763 0.0355366027007818 0.0255863539445629 0.0127931769722814 0 0.00497512437810945 0.0241648898365316 0.0262970859985785 0.0476190476190476 0.00923951670220327 0.124378109452736 0.0518834399431414 0.0525941719971571 0.0099502487562189 0.0554371002132196 0.0113717128642502
"cuoMcc" 0.0540156361051883 0.00923951670220327 0.0362473347547974 0.0262970859985785 0.0135039090262971 0.00497512437810945 0 0.0248756218905473 0.0262970859985785 0.0461975835110163 0.0099502487562189 0.124378109452736 0.0490405117270789 0.0497512437810945 0.00923951670220327 0.0554371002132196 0.0120824449182658
"derCor" 0.0589907604832978 0.0270078180525942 0.0277185501066098 0.0291400142146411 0.0241648898365316 0.0241648898365316 0.0248756218905473 0 0.0291400142146411 0.0447761194029851 0.0277185501066098 0.135039090262971 0.0575692963752665 0.0561478322672352 0.0199004975124378 0.0554371002132196 0.0213219616204691
"derMaw" 0.0632551528073916 0.0270078180525942 0.0426439232409382 0.0298507462686567 0.0255863539445629 0.0262970859985785 0.0262970859985785 0.0291400142146411 0 0.0511727078891258 0.0298507462686567 0.136460554371002 0.0575692963752665 0.0604122245913291 0.0241648898365316 0.0604122245913291 0.0241648898365316
"emySub" 0.0717839374555792 0.0476190476190476 0.0582800284292822 0.0504619758351102 0.0447761194029851 0.0476190476190476 0.0461975835110163 0.0447761194029851 0.0511727078891258 0 0.0483297796730633 0.149253731343284 0.0433546552949538 0.062544420753376 0.0440653873489694 0.0504619758351102 0.0433546552949538
"gopAga" 0.0561478322672352 0.00923951670220327 0.0376687988628287 0.0291400142146411 0.0163468372423596 0.00923951670220327 0.0099502487562189 0.0277185501066098 0.0298507462686567 0.0483297796730633 0 0.122956645344705 0.0540156361051883 0.0518834399431414 0.0135039090262971 0.0554371002132196 0.0149253731343284
"malTer" 0.15636105188344 0.125088841506752 0.14498933901919 0.137171286425018 0.11727078891258 0.124378109452736 0.124378109452736 0.135039090262971 0.136460554371002 0.149253731343284 0.122956645344705 0 0.158493248045487 0.15636105188344 0.121535181236674 0.159914712153518 0.11727078891258
"pelCas" 0.070362473347548 0.0533049040511727 0.0653873489694385 0.0582800284292822 0.0540156361051883 0.0518834399431414 0.0490405117270789 0.0575692963752665 0.0575692963752665 0.0433546552949538 0.0540156361051883 0.158493248045487 0 0.0753375977256574 0.0518834399431414 0.0483297796730633 0.0511727078891258
"pelSin" 0.0675195451314854 0.0554371002132196 0.0604122245913291 0.0618336886993603 0.0540156361051883 0.0525941719971571 0.0497512437810945 0.0561478322672352 0.0604122245913291 0.062544420753376 0.0518834399431414 0.15636105188344 0.0753375977256574 0 0.0511727078891258 0.0732054015636105 0.0525941719971571
"plaMeg" 0.0561478322672352 0.0127931769722814 0.0326936744847193 0.0241648898365316 0.0099502487562189 0.0099502487562189 0.00923951670220327 0.0199004975124378 0.0241648898365316 0.0440653873489694 0.0135039090262971 0.121535181236674 0.0518834399431414 0.0511727078891258 0 0.0540156361051883 0.00852878464818763
"podExp" 0.0732054015636105 0.0561478322672352 0.0682302771855011 0.0604122245913291 0.0554371002132196 0.0554371002132196 0.0554371002132196 0.0554371002132196 0.0604122245913291 0.0504619758351102 0.0554371002132196 0.159914712153518 0.0483297796730633 0.0732054015636105 0.0540156361051883 0 0.0525941719971571
"terMex" 0.0575692963752665 0.0127931769722814 0.0341151385927505 0.0255863539445629 0.00568585643212509 0.0113717128642502 0.0120824449182658 0.0213219616204691 0.0241648898365316 0.0433546552949538 0.0149253731343284 0.11727078891258 0.0511727078891258 0.0525941719971571 0.00852878464818763 0.0525941719971571 0
