"carIns" "cheAbi" "cheMyd" "cheSer" "chrPic" "cuoAmb" "cuoMcc" "derCor" "derMaw" "emySub" "gopAga" "malTer" "pelCas" "pelSin" "plaMeg" "podExp" "terMex"
"carIns" 0 0.0648854961832061 0.0578880407124682 0.061704834605598 0.0636132315521628 0.0585241730279898 0.0591603053435115 0.0597964376590331 0.071882951653944 0.0776081424936387 0.0903307888040712 0.0629770992366412 0.0935114503816794 0.0712468193384224 0.0553435114503817 0.0865139949109415 0.0610687022900763
"cheAbi" 0.0648854961832061 0 0.0241730279898219 0.0318066157760814 0.0229007633587786 0.0159033078880407 0.0159033078880407 0.02735368956743 0.0413486005089059 0.0534351145038168 0.0489821882951654 0.0241730279898219 0.066793893129771 0.0559796437659033 0.0178117048346056 0.0655216284987277 0.0216284987277354
"cheMyd" 0.0578880407124682 0.0241730279898219 0 0.0190839694656489 0.0216284987277354 0.0197201017811705 0.0184478371501272 0.0133587786259542 0.0311704834605598 0.0483460559796438 0.0572519083969466 0.0229007633587786 0.0636132315521628 0.0502544529262086 0.0165394402035623 0.0597964376590331 0.0203562340966921
"cheSer" 0.061704834605598 0.0318066157760814 0.0190839694656489 0 0.0279898218829517 0.0260814249363868 0.0248091603053435 0.022264631043257 0.032442748091603 0.0508905852417303 0.061704834605598 0.0292620865139949 0.0661577608142494 0.0534351145038168 0.0229007633587786 0.0636132315521628 0.0279898218829517
"chrPic" 0.0636132315521628 0.0229007633587786 0.0216284987277354 0.0279898218829517 0 0.0184478371501272 0.017175572519084 0.0254452926208651 0.039440203562341 0.0515267175572519 0.0566157760814249 0.00508905852417303 0.0642493638676845 0.0540712468193384 0.0152671755725191 0.0648854961832061 0.0127226463104326
"cuoAmb" 0.0585241730279898 0.0159033078880407 0.0197201017811705 0.0260814249363868 0.0184478371501272 0 0.00381679389312977 0.0229007633587786 0.0368956743002544 0.0477099236641221 0.0489821882951654 0.0197201017811705 0.0642493638676845 0.0521628498727735 0.0133587786259542 0.0604325699745547 0.017175572519084
"cuoMcc" 0.0591603053435115 0.0159033078880407 0.0184478371501272 0.0248091603053435 0.017175572519084 0.00381679389312977 0 0.0216284987277354 0.0356234096692112 0.0489821882951654 0.049618320610687 0.0184478371501272 0.0642493638676845 0.0521628498727735 0.0120865139949109 0.0591603053435115 0.0159033078880407
"derCor" 0.0597964376590331 0.02735368956743 0.0133587786259542 0.022264631043257 0.0254452926208651 0.0229007633587786 0.0216284987277354 0 0.0343511450381679 0.0515267175572519 0.0591603053435115 0.0254452926208651 0.0661577608142494 0.0540712468193384 0.0197201017811705 0.0629770992366412 0.0248091603053435
"derMaw" 0.071882951653944 0.0413486005089059 0.0311704834605598 0.032442748091603 0.039440203562341 0.0368956743002544 0.0356234096692112 0.0343511450381679 0 0.0610687022900763 0.071882951653944 0.039440203562341 0.0750636132315522 0.0636132315521628 0.0337150127226463 0.076972010178117 0.0388040712468193
"emySub" 0.0776081424936387 0.0534351145038168 0.0483460559796438 0.0508905852417303 0.0515267175572519 0.0477099236641221 0.0489821882951654 0.0515267175572519 0.0610687022900763 0 0.0795165394402036 0.0521628498727735 0.0540712468193384 0.0756997455470738 0.0470737913486005 0.0578880407124682 0.0489821882951654
"gopAga" 0.0903307888040712 0.0489821882951654 0.0572519083969466 0.061704834605598 0.0566157760814249 0.0489821882951654 0.049618320610687 0.0591603053435115 0.071882951653944 0.0795165394402036 0 0.0578880407124682 0.0960559796437659 0.0877862595419847 0.0502544529262086 0.0947837150127226 0.0534351145038168
"malTer" 0.0629770992366412 0.0241730279898219 0.0229007633587786 0.0292620865139949 0.00508905852417303 0.0197201017811705 0.0184478371501272 0.0254452926208651 0.039440203562341 0.0521628498727735 0.0578880407124682 0 0.0648854961832061 0.0559796437659033 0.0165394402035623 0.0655216284987277 0.0139949109414758
"pelCas" 0.0935114503816794 0.066793893129771 0.0636132315521628 0.0661577608142494 0.0642493638676845 0.0642493638676845 0.0642493638676845 0.0661577608142494 0.0750636132315522 0.0540712468193384 0.0960559796437659 0.0648854961832061 0 0.0820610687022901 0.0585241730279898 0.0610687022900763 0.061704834605598
"pelSin" 0.0712468193384224 0.0559796437659033 0.0502544529262086 0.0534351145038168 0.0540712468193384 0.0521628498727735 0.0521628498727735 0.0540712468193384 0.0636132315521628 0.0756997455470738 0.0877862595419847 0.0559796437659033 0.0820610687022901 0 0.0483460559796438 0.083969465648855 0.0527989821882952
"plaMeg" 0.0553435114503817 0.0178117048346056 0.0165394402035623 0.0229007633587786 0.0152671755725191 0.0133587786259542 0.0120865139949109 0.0197201017811705 0.0337150127226463 0.0470737913486005 0.0502544529262086 0.0165394402035623 0.0585241730279898 0.0483460559796438 0 0.0559796437659033 0.0139949109414758
"podExp" 0.0865139949109415 0.0655216284987277 0.0597964376590331 0.0636132315521628 0.0648854961832061 0.0604325699745547 0.0591603053435115 0.0629770992366412 0.076972010178117 0.0578880407124682 0.0947837150127226 0.0655216284987277 0.0610687022900763 0.083969465648855 0.0559796437659033 0 0.0597964376590331
"terMex" 0.0610687022900763 0.0216284987277354 0.0203562340966921 0.0279898218829517 0.0127226463104326 0.017175572519084 0.0159033078880407 0.0248091603053435 0.0388040712468193 0.0489821882951654 0.0534351145038168 0.0139949109414758 0.061704834605598 0.0527989821882952 0.0139949109414758 0.0597964376590331 0
