"carIns" "cheAbi" "cheMyd" "chrPic" "cuoAmb" "cuoMcc" "derCor" "derMaw" "emySub" "gopAga" "malTer" "mesTub" "pelCas" "pelSin" "plaMeg" "podExp"
"carIns" 0 0.0974124809741248 0.100456621004566 0.0981735159817352 0.0905631659056317 0.0943683409436834 0.0996955859969559 0.110350076103501 0.111111111111111 0.107305936073059 0.104261796042618 0.111872146118721 0.119482496194825 0.106544901065449 0.0943683409436834 0.125570776255708
"cheAbi" 0.0974124809741248 0 0.0372907153729072 0.0312024353120244 0.0243531202435312 0.0258751902587519 0.04337899543379 0.0494672754946728 0.073820395738204 0.0319634703196347 0.0365296803652968 0.0745814307458143 0.0898021308980213 0.0943683409436834 0.0258751902587519 0.0958904109589041
"cheMyd" 0.100456621004566 0.0372907153729072 0 0.030441400304414 0.032724505327245 0.0319634703196347 0.0190258751902588 0.045662100456621 0.0707762557077626 0.0426179604261796 0.0357686453576865 0.0700152207001522 0.0821917808219178 0.0928462709284627 0.0266362252663623 0.093607305936073
"chrPic" 0.0981735159817352 0.0312024353120244 0.030441400304414 0 0.0235920852359209 0.0235920852359209 0.0319634703196347 0.0426179604261796 0.0639269406392694 0.0350076103500761 0.00989345509893455 0.0662100456621005 0.0829528158295282 0.0928462709284627 0.015220700152207 0.0943683409436834
"cuoAmb" 0.0905631659056317 0.0243531202435312 0.032724505327245 0.0235920852359209 0 0.0076103500761035 0.0342465753424658 0.04337899543379 0.0669710806697108 0.0312024353120244 0.0289193302891933 0.0677321156773212 0.0852359208523592 0.0867579908675799 0.0182648401826484 0.0920852359208524
"cuoMcc" 0.0943683409436834 0.0258751902587519 0.0319634703196347 0.0235920852359209 0.0076103500761035 0 0.0334855403348554 0.0441400304414003 0.0662100456621005 0.0312024353120244 0.0273972602739726 0.0669710806697108 0.0837138508371385 0.0882800608828006 0.0182648401826484 0.0920852359208524
"derCor" 0.0996955859969559 0.04337899543379 0.0190258751902588 0.0319634703196347 0.0342465753424658 0.0334855403348554 0 0.0487062404870624 0.0722983257229833 0.0464231354642314 0.0372907153729072 0.0700152207001522 0.0875190258751903 0.089041095890411 0.0258751902587519 0.0981735159817352
"derMaw" 0.110350076103501 0.0494672754946728 0.045662100456621 0.0426179604261796 0.04337899543379 0.0441400304414003 0.0487062404870624 0 0.0799086757990868 0.0555555555555556 0.047945205479452 0.0806697108066971 0.0905631659056317 0.10806697108067 0.0380517503805175 0.101978691019787
"emySub" 0.111111111111111 0.073820395738204 0.0707762557077626 0.0639269406392694 0.0669710806697108 0.0662100456621005 0.0722983257229833 0.0799086757990868 0 0.0745814307458143 0.0722983257229833 0.0365296803652968 0.0844748858447489 0.105022831050228 0.060882800608828 0.0898021308980213
"gopAga" 0.107305936073059 0.0319634703196347 0.0426179604261796 0.0350076103500761 0.0312024353120244 0.0312024353120244 0.0464231354642314 0.0555555555555556 0.0745814307458143 0 0.0403348554033486 0.078386605783866 0.0966514459665145 0.0981735159817352 0.0296803652968037 0.0981735159817352
"malTer" 0.104261796042618 0.0365296803652968 0.0357686453576865 0.00989345509893455 0.0289193302891933 0.0273972602739726 0.0372907153729072 0.047945205479452 0.0722983257229833 0.0403348554033486 0 0.0722983257229833 0.0867579908675799 0.0974124809741248 0.0205479452054795 0.0981735159817352
"mesTub" 0.111872146118721 0.0745814307458143 0.0700152207001522 0.0662100456621005 0.0677321156773212 0.0669710806697108 0.0700152207001522 0.0806697108066971 0.0365296803652968 0.078386605783866 0.0722983257229833 0 0.0837138508371385 0.103500761035008 0.0616438356164384 0.0898021308980213
"pelCas" 0.119482496194825 0.0898021308980213 0.0821917808219178 0.0829528158295282 0.0852359208523592 0.0837138508371385 0.0875190258751903 0.0905631659056317 0.0844748858447489 0.0966514459665145 0.0867579908675799 0.0837138508371385 0 0.122526636225266 0.078386605783866 0.0707762557077626
"pelSin" 0.106544901065449 0.0943683409436834 0.0928462709284627 0.0928462709284627 0.0867579908675799 0.0882800608828006 0.089041095890411 0.10806697108067 0.105022831050228 0.0981735159817352 0.0974124809741248 0.103500761035008 0.122526636225266 0 0.0882800608828006 0.13013698630137
"plaMeg" 0.0943683409436834 0.0258751902587519 0.0266362252663623 0.015220700152207 0.0182648401826484 0.0182648401826484 0.0258751902587519 0.0380517503805175 0.060882800608828 0.0296803652968037 0.0205479452054795 0.0616438356164384 0.078386605783866 0.0882800608828006 0 0.0898021308980213
"podExp" 0.125570776255708 0.0958904109589041 0.093607305936073 0.0943683409436834 0.0920852359208524 0.0920852359208524 0.0981735159817352 0.101978691019787 0.0898021308980213 0.0981735159817352 0.0981735159817352 0.0898021308980213 0.0707762557077626 0.13013698630137 0.0898021308980213 0
