"carIns" "cheAbi" "cheMyd" "cheSer" "chrPic" "cuoAmb" "cuoMcc" "derCor" "derMaw" "emySub" "gopAga" "mesTub" "pelCas" "pelSin" "plaMeg" "podExp" "terMex"
"carIns" 0 0.103020914020139 0.0945003872966692 0.0821068938807126 0.100697134004648 0.100697134004648 0.0983733539891557 0.186676994577847 0.105344694035631 0.0836560805577072 0.102246320681642 0.0890782339271882 0.12006196746708 0.0875290472501936 0.0968241673121611 0.183578621223857 0.100697134004648
"cheAbi" 0.103020914020139 0 0.0232378001549187 0.0666150271107668 0.0232378001549187 0.0170410534469404 0.0170410534469404 0.120836560805577 0.0387296669248644 0.0743609604957397 0.0116189000774593 0.0797831138652208 0.080557707203718 0.0914020139426801 0.0224632068164214 0.186676994577847 0.0302091402013943
"cheMyd" 0.0945003872966692 0.0232378001549187 0 0.0526723470178156 0.0232378001549187 0.0224632068164214 0.0224632068164214 0.110766847405112 0.0302091402013943 0.0658404337722696 0.0224632068164214 0.069713400464756 0.0743609604957397 0.0836560805577072 0.0178156467854376 0.186676994577847 0.0286599535243997
"cheSer" 0.0821068938807126 0.0666150271107668 0.0526723470178156 0 0.064291247095275 0.0658404337722696 0.0650658404337723 0.15414407436096 0.0666150271107668 0.064291247095275 0.0658404337722696 0.069713400464756 0.104570100697134 0.0743609604957397 0.0596436870642912 0.175832687838885 0.0635166537567777
"chrPic" 0.100697134004648 0.0232378001549187 0.0232378001549187 0.064291247095275 0 0.0247869868319132 0.0255615801704105 0.122385747482572 0.0387296669248644 0.0728117738187452 0.0255615801704105 0.0774593338497289 0.0821068938807126 0.0890782339271882 0.0209140201394268 0.188226181254841 0.0255615801704105
"cuoAmb" 0.100697134004648 0.0170410534469404 0.0224632068164214 0.0658404337722696 0.0247869868319132 0 0.00619674670797831 0.121611154144074 0.0387296669248644 0.0735863671572424 0.0178156467854376 0.0774593338497289 0.0821068938807126 0.0906274206041828 0.0216886134779241 0.19132455460883 0.0309837335398916
"cuoMcc" 0.0983733539891557 0.0170410534469404 0.0224632068164214 0.0650658404337723 0.0255615801704105 0.00619674670797831 0 0.12006196746708 0.0387296669248644 0.0743609604957397 0.0178156467854376 0.0782339271882262 0.0836560805577072 0.0914020139426801 0.0216886134779241 0.190549961270333 0.0309837335398916
"derCor" 0.186676994577847 0.120836560805577 0.110766847405112 0.15414407436096 0.122385747482572 0.121611154144074 0.12006196746708 0 0.127807900852053 0.156467854376452 0.119287374128582 0.160340821068939 0.166537567776917 0.170410534469404 0.118512780790085 0.178156467854376 0.12858249419055
"derMaw" 0.105344694035631 0.0387296669248644 0.0302091402013943 0.0666150271107668 0.0387296669248644 0.0387296669248644 0.0387296669248644 0.127807900852053 0 0.0797831138652208 0.0387296669248644 0.0852052672347018 0.0883036405886909 0.0975987606506584 0.0356312935708753 0.193648334624322 0.0426026336173509
"emySub" 0.0836560805577072 0.0743609604957397 0.0658404337722696 0.064291247095275 0.0728117738187452 0.0735863671572424 0.0743609604957397 0.156467854376452 0.0797831138652208 0 0.0766847405112316 0.0193648334624322 0.0836560805577072 0.0766847405112316 0.0720371804802479 0.162664601084431 0.0735863671572424
"gopAga" 0.102246320681642 0.0116189000774593 0.0224632068164214 0.0658404337722696 0.0255615801704105 0.0178156467854376 0.0178156467854376 0.119287374128582 0.0387296669248644 0.0766847405112316 0 0.080557707203718 0.0836560805577072 0.0921766072811774 0.0216886134779241 0.190549961270333 0.0325329202168861
"mesTub" 0.0890782339271882 0.0797831138652208 0.069713400464756 0.069713400464756 0.0774593338497289 0.0774593338497289 0.0782339271882262 0.160340821068939 0.0852052672347018 0.0193648334624322 0.080557707203718 0 0.0836560805577072 0.0790085205267235 0.0766847405112316 0.166537567776917 0.0782339271882262
"pelCas" 0.12006196746708 0.080557707203718 0.0743609604957397 0.104570100697134 0.0821068938807126 0.0821068938807126 0.0836560805577072 0.166537567776917 0.0883036405886909 0.0836560805577072 0.0836560805577072 0.0836560805577072 0 0.115414407436096 0.080557707203718 0.183578621223857 0.075135553834237
"pelSin" 0.0875290472501936 0.0914020139426801 0.0836560805577072 0.0743609604957397 0.0890782339271882 0.0906274206041828 0.0914020139426801 0.170410534469404 0.0975987606506584 0.0766847405112316 0.0921766072811774 0.0790085205267235 0.115414407436096 0 0.0859798605731991 0.189775367931836 0.0906274206041828
"plaMeg" 0.0968241673121611 0.0224632068164214 0.0178156467854376 0.0596436870642912 0.0209140201394268 0.0216886134779241 0.0216886134779241 0.118512780790085 0.0356312935708753 0.0720371804802479 0.0216886134779241 0.0766847405112316 0.080557707203718 0.0859798605731991 0 0.192873741285825 0.0278853601859024
"podExp" 0.183578621223857 0.186676994577847 0.186676994577847 0.175832687838885 0.188226181254841 0.19132455460883 0.190549961270333 0.178156467854376 0.193648334624322 0.162664601084431 0.190549961270333 0.166537567776917 0.183578621223857 0.189775367931836 0.192873741285825 0 0.189000774593338
"terMex" 0.100697134004648 0.0302091402013943 0.0286599535243997 0.0635166537567777 0.0255615801704105 0.0309837335398916 0.0309837335398916 0.12858249419055 0.0426026336173509 0.0735863671572424 0.0325329202168861 0.0782339271882262 0.075135553834237 0.0906274206041828 0.0278853601859024 0.189000774593338 0
