"carIns" "cheAbi" "cheMyd" "cheSer" "chrPic" "cuoAmb" "cuoMcc" "derCor" "derMaw" "emySub" "gopAga" "malTer" "mesTub" "pelCas" "pelSin" "plaMeg" "podExp" "terMex"
"carIns" 0 0.067741935483871 0.0661290322580645 0.0653225806451613 0.0637096774193548 0.0653225806451613 0.0637096774193548 0.067741935483871 0.0685483870967742 0.0733870967741935 0.067741935483871 0.0612903225806452 0.0838709677419355 0.0782258064516129 0.0629032258064516 0.057258064516129 0.0895161290322581 0.0693548387096774
"cheAbi" 0.067741935483871 0 0.0298387096774194 0.0298387096774194 0.0193548387096774 0.0153225806451613 0.0137096774193548 0.0338709677419355 0.0379032258064516 0.0451612903225806 0.0137096774193548 0.0169354838709677 0.0596774193548387 0.057258064516129 0.0467741935483871 0.0153225806451613 0.0725806451612903 0.025
"cheMyd" 0.0661290322580645 0.0298387096774194 0 0.0258064516129032 0.0266129032258065 0.0290322580645161 0.0274193548387097 0.0185483870967742 0.0306451612903226 0.0467741935483871 0.032258064516129 0.0241935483870968 0.0524193548387097 0.0548387096774194 0.042741935483871 0.0225806451612903 0.0701612903225806 0.032258064516129
"cheSer" 0.0653225806451613 0.0298387096774194 0.0258064516129032 0 0.0241935483870968 0.0282258064516129 0.0266129032258065 0.0274193548387097 0.0266129032258065 0.0411290322580645 0.0298387096774194 0.0217741935483871 0.0516129032258065 0.0491935483870968 0.0387096774193548 0.0201612903225806 0.0661290322580645 0.0298387096774194
"chrPic" 0.0637096774193548 0.0193548387096774 0.0266129032258065 0.0241935483870968 0 0.0169354838709677 0.0153225806451613 0.0274193548387097 0.0314516129032258 0.0443548387096774 0.0201612903225806 0.00403225806451613 0.0588709677419355 0.0556451612903226 0.042741935483871 0.00887096774193548 0.0693548387096774 0.0137096774193548
"cuoAmb" 0.0653225806451613 0.0153225806451613 0.0290322580645161 0.0282258064516129 0.0169354838709677 0 0.0032258064516129 0.0314516129032258 0.0354838709677419 0.0443548387096774 0.0161290322580645 0.0145161290322581 0.0588709677419355 0.057258064516129 0.0451612903225806 0.0129032258064516 0.0733870967741935 0.0225806451612903
"cuoMcc" 0.0637096774193548 0.0137096774193548 0.0274193548387097 0.0266129032258065 0.0153225806451613 0.0032258064516129 0 0.0298387096774194 0.0338709677419355 0.042741935483871 0.0145161290322581 0.0129032258064516 0.057258064516129 0.0540322580645161 0.0435483870967742 0.0112903225806452 0.0701612903225806 0.0209677419354839
"derCor" 0.067741935483871 0.0338709677419355 0.0185483870967742 0.0274193548387097 0.0274193548387097 0.0314516129032258 0.0298387096774194 0 0.0314516129032258 0.05 0.0346774193548387 0.0266129032258065 0.0580645161290323 0.0548387096774194 0.0451612903225806 0.025 0.0733870967741935 0.0346774193548387
"derMaw" 0.0685483870967742 0.0379032258064516 0.0306451612903226 0.0266129032258065 0.0314516129032258 0.0354838709677419 0.0338709677419355 0.0314516129032258 0 0.05 0.0379032258064516 0.0290322580645161 0.0604838709677419 0.057258064516129 0.0459677419354839 0.0274193548387097 0.0701612903225806 0.0370967741935484
"emySub" 0.0733870967741935 0.0451612903225806 0.0467741935483871 0.0411290322580645 0.0443548387096774 0.0443548387096774 0.042741935483871 0.05 0.05 0 0.0491935483870968 0.0419354838709677 0.025 0.042741935483871 0.0548387096774194 0.0403225806451613 0.0604838709677419 0.05
"gopAga" 0.067741935483871 0.0137096774193548 0.032258064516129 0.0298387096774194 0.0201612903225806 0.0161290322580645 0.0145161290322581 0.0346774193548387 0.0379032258064516 0.0491935483870968 0 0.017741935483871 0.0629032258064516 0.0612903225806452 0.0483870967741935 0.0161290322580645 0.0766129032258065 0.0258064516129032
"malTer" 0.0612903225806452 0.0169354838709677 0.0241935483870968 0.0217741935483871 0.00403225806451613 0.0145161290322581 0.0129032258064516 0.0266129032258065 0.0290322580645161 0.0419354838709677 0.017741935483871 0 0.0564516129032258 0.0540322580645161 0.0403225806451613 0.00645161290322581 0.0669354838709677 0.0112903225806452
"mesTub" 0.0838709677419355 0.0596774193548387 0.0524193548387097 0.0516129032258065 0.0588709677419355 0.0588709677419355 0.057258064516129 0.0580645161290323 0.0604838709677419 0.025 0.0629032258064516 0.0564516129032258 0 0.0516129032258065 0.0637096774193548 0.0548387096774194 0.0701612903225806 0.0645161290322581
"pelCas" 0.0782258064516129 0.057258064516129 0.0548387096774194 0.0491935483870968 0.0556451612903226 0.057258064516129 0.0540322580645161 0.0548387096774194 0.057258064516129 0.042741935483871 0.0612903225806452 0.0540322580645161 0.0516129032258065 0 0.0580645161290323 0.0524193548387097 0.0483870967741935 0.0604838709677419
"pelSin" 0.0629032258064516 0.0467741935483871 0.042741935483871 0.0387096774193548 0.042741935483871 0.0451612903225806 0.0435483870967742 0.0451612903225806 0.0459677419354839 0.0548387096774194 0.0483870967741935 0.0403225806451613 0.0637096774193548 0.0580645161290323 0 0.0387096774193548 0.0725806451612903 0.0483870967741935
"plaMeg" 0.057258064516129 0.0153225806451613 0.0225806451612903 0.0201612903225806 0.00887096774193548 0.0129032258064516 0.0112903225806452 0.025 0.0274193548387097 0.0403225806451613 0.0161290322580645 0.00645161290322581 0.0548387096774194 0.0524193548387097 0.0387096774193548 0 0.0653225806451613 0.0145161290322581
"podExp" 0.0895161290322581 0.0725806451612903 0.0701612903225806 0.0661290322580645 0.0693548387096774 0.0733870967741935 0.0701612903225806 0.0733870967741935 0.0701612903225806 0.0604838709677419 0.0766129032258065 0.0669354838709677 0.0701612903225806 0.0483870967741935 0.0725806451612903 0.0653225806451613 0 0.075
"terMex" 0.0693548387096774 0.025 0.032258064516129 0.0298387096774194 0.0137096774193548 0.0225806451612903 0.0209677419354839 0.0346774193548387 0.0370967741935484 0.05 0.0258064516129032 0.0112903225806452 0.0645161290322581 0.0604838709677419 0.0483870967741935 0.0145161290322581 0.075 0
