"carIns" "cheAbi" "cheMyd" "cheSer" "chrPic" "cuoAmb" "cuoMcc" "derCor" "derMaw" "emySub" "gopAga" "malTer" "mesTub" "pelCas" "pelSin" "plaMeg" "podExp"
"carIns" 0 0.0885608856088561 0.121033210332103 0.166051660516605 0.0833948339483395 0.12029520295203 0.0892988929889299 0.102583025830258 0.121033210332103 0.101107011070111 0.0863468634686347 0.0841328413284133 0.105535055350554 0.103321033210332 0.115129151291513 0.0856088560885609 0.118819188191882
"cheAbi" 0.0885608856088561 0 0.0605166051660517 0.107011070110701 0.0243542435424354 0.0553505535055351 0.0243542435424354 0.0428044280442804 0.0634686346863469 0.0619926199261993 0.0206642066420664 0.0250922509225092 0.0656826568265683 0.0715867158671587 0.0907749077490775 0.0280442804428044 0.0789667896678967
"cheMyd" 0.121033210332103 0.0605166051660517 0 0.108487084870849 0.0568265682656827 0.0693726937269373 0.0501845018450185 0.0450184501845018 0.0907749077490775 0.0922509225092251 0.0597785977859779 0.0575645756457565 0.0892988929889299 0.0959409594095941 0.0981549815498155 0.0501845018450185 0.10479704797048
"cheSer" 0.166051660516605 0.107011070110701 0.108487084870849 0 0.107011070110701 0.112177121771218 0.106273062730627 0.104059040590406 0.112915129151292 0.137269372693727 0.107749077490775 0.106273062730627 0.138007380073801 0.139483394833948 0.140221402214022 0.105535055350554 0.144649446494465
"chrPic" 0.0833948339483395 0.0243542435424354 0.0568265682656827 0.107011070110701 0 0.0531365313653137 0.0191881918819188 0.03690036900369 0.0634686346863469 0.0583025830258303 0.0199261992619926 0.0022140221402214 0.0605166051660517 0.0642066420664207 0.0848708487084871 0.0177121771217712 0.0723247232472325
"cuoAmb" 0.12029520295203 0.0553505535055351 0.0693726937269373 0.112177121771218 0.0531365313653137 0 0.0376383763837638 0.0664206642066421 0.0915129151291513 0.0944649446494465 0.0531365313653137 0.0538745387453875 0.0966789667896679 0.100369003690037 0.104059040590406 0.0487084870848708 0.107011070110701
"cuoMcc" 0.0892988929889299 0.0243542435424354 0.0501845018450185 0.106273062730627 0.0191881918819188 0.0376383763837638 0 0.0302583025830258 0.0627306273062731 0.0619926199261993 0.0199261992619926 0.0199261992619926 0.0656826568265683 0.0686346863468635 0.0922509225092251 0.011070110701107 0.0789667896678967
"derCor" 0.102583025830258 0.0428044280442804 0.0450184501845018 0.104059040590406 0.03690036900369 0.0664206642066421 0.0302583025830258 0 0.0634686346863469 0.0708487084870849 0.040590405904059 0.0376383763837638 0.0715867158671587 0.0767527675276753 0.0966789667896679 0.029520295202952 0.0774907749077491
"derMaw" 0.121033210332103 0.0634686346863469 0.0907749077490775 0.112915129151292 0.0634686346863469 0.0915129151291513 0.0627306273062731 0.0634686346863469 0 0.0915129151291513 0.0649446494464945 0.0619926199261993 0.0922509225092251 0.0922509225092251 0.112915129151292 0.0627306273062731 0.101107011070111
"emySub" 0.101107011070111 0.0619926199261993 0.0922509225092251 0.137269372693727 0.0583025830258303 0.0944649446494465 0.0619926199261993 0.0708487084870849 0.0915129151291513 0 0.0597785977859779 0.0575645756457565 0.0302583025830258 0.0472324723247232 0.101107011070111 0.0575645756457565 0.0560885608856089
"gopAga" 0.0863468634686347 0.0206642066420664 0.0597785977859779 0.107749077490775 0.0199261992619926 0.0531365313653137 0.0199261992619926 0.040590405904059 0.0649446494464945 0.0597785977859779 0 0.0191881918819188 0.0619926199261993 0.0649446494464945 0.0878228782287823 0.0250922509225092 0.0752767527675277
"malTer" 0.0841328413284133 0.0250922509225092 0.0575645756457565 0.106273062730627 0.0022140221402214 0.0538745387453875 0.0199261992619926 0.0376383763837638 0.0619926199261993 0.0575645756457565 0.0191881918819188 0 0.0597785977859779 0.0634686346863469 0.0841328413284133 0.018450184501845 0.0715867158671587
"mesTub" 0.105535055350554 0.0656826568265683 0.0892988929889299 0.138007380073801 0.0605166051660517 0.0966789667896679 0.0656826568265683 0.0715867158671587 0.0922509225092251 0.0302583025830258 0.0619926199261993 0.0597785977859779 0 0.0435424354243542 0.0981549815498155 0.0619926199261993 0.0546125461254613
"pelCas" 0.103321033210332 0.0715867158671587 0.0959409594095941 0.139483394833948 0.0642066420664207 0.100369003690037 0.0686346863468635 0.0767527675276753 0.0922509225092251 0.0472324723247232 0.0649446494464945 0.0634686346863469 0.0435424354243542 0 0.102583025830258 0.0664206642066421 0.0509225092250922
"pelSin" 0.115129151291513 0.0907749077490775 0.0981549815498155 0.140221402214022 0.0848708487084871 0.104059040590406 0.0922509225092251 0.0966789667896679 0.112915129151292 0.101107011070111 0.0878228782287823 0.0841328413284133 0.0981549815498155 0.102583025830258 0 0.0885608856088561 0.112177121771218
"plaMeg" 0.0856088560885609 0.0280442804428044 0.0501845018450185 0.105535055350554 0.0177121771217712 0.0487084870848708 0.011070110701107 0.029520295202952 0.0627306273062731 0.0575645756457565 0.0250922509225092 0.018450184501845 0.0619926199261993 0.0664206642066421 0.0885608856088561 0 0.0738007380073801
"podExp" 0.118819188191882 0.0789667896678967 0.10479704797048 0.144649446494465 0.0723247232472325 0.107011070110701 0.0789667896678967 0.0774907749077491 0.101107011070111 0.0560885608856089 0.0752767527675277 0.0715867158671587 0.0546125461254613 0.0509225092250922 0.112177121771218 0.0738007380073801 0
