"carIns" "cheAbi" "cheMyd" "cheSer" "chrPic" "cuoAmb" "cuoMcc" "derCor" "derMaw" "emySub" "gopAga" "malTer" "mesTub" "pelCas" "pelSin" "plaMeg" "podExp" "terMex"
"carIns" 0 0.0994300189993667 0.0861304623179227 0.0873970867637745 0.0968967701076631 0.101329955668144 0.0886637112096264 0.144395186827106 0.0956301456618113 0.0949968334388854 0.0968967701076631 0.0956301456618113 0.101329955668144 0.107029765674478 0.09119696010133 0.10196326789107 0.124129195693477 0.101329955668144
"cheAbi" 0.0994300189993667 0 0.0310322989233692 0.0272324255858138 0.0297656744775174 0.025965801139962 0.0202659911336289 0.084230525649145 0.0354654844838505 0.0500316656111463 0.0202659911336289 0.0297656744775174 0.0550981633945535 0.0620645978467384 0.0569981000633312 0.0303989867004433 0.0747308423052565 0.0316656111462951
"cheMyd" 0.0861304623179227 0.0310322989233692 0 0.0177327422419253 0.0284990500316656 0.0316656111462951 0.0170994300189994 0.0728309056364788 0.0265991133628879 0.0379987333755542 0.0272324255858138 0.0272324255858138 0.045598480050665 0.0481317289423686 0.0468651044965168 0.0297656744775174 0.0702976567447752 0.0316656111462951
"cheSer" 0.0873970867637745 0.0272324255858138 0.0177327422419253 0 0.0246991766941102 0.0253324889170361 0.0120329322355921 0.0823305889803673 0.0221659278024066 0.0386320455984801 0.0246991766941102 0.0240658644711843 0.0436985433818873 0.051931602279924 0.0443318556048132 0.0272324255858138 0.0721975934135529 0.0278657378087397
"chrPic" 0.0968967701076631 0.0297656744775174 0.0284990500316656 0.0246991766941102 0 0.025965801139962 0.0227992400253325 0.0848638378720709 0.0335655478150728 0.0487650411652945 0.025965801139962 0.00189993666877771 0.051931602279924 0.0607979734008866 0.0569981000633312 0.0101329955668144 0.071564281190627 0.00949968334388854
"cuoAmb" 0.101329955668144 0.025965801139962 0.0316656111462951 0.0253324889170361 0.025965801139962 0 0.0151994933502217 0.0880303989867004 0.0354654844838505 0.0487650411652945 0.0278657378087397 0.0253324889170361 0.0544648511716276 0.0614312856238125 0.0607979734008866 0.0246991766941102 0.0740975300823306 0.0291323622545915
"cuoMcc" 0.0886637112096264 0.0202659911336289 0.0170994300189994 0.0120329322355921 0.0227992400253325 0.0151994933502217 0 0.0823305889803673 0.0227992400253325 0.0348321722609246 0.0189993666877771 0.0221659278024066 0.0411652944901837 0.0468651044965168 0.0468651044965168 0.0240658644711843 0.0690310322989234 0.025965801139962
"derCor" 0.144395186827106 0.084230525649145 0.0728309056364788 0.0823305889803673 0.0848638378720709 0.0880303989867004 0.0823305889803673 0 0.0892970234325522 0.0987967067764408 0.0823305889803673 0.0854971500949968 0.103229892336922 0.112729575680811 0.106396453451552 0.0861304623179227 0.122862571247625 0.0867637745408486
"derMaw" 0.0956301456618113 0.0354654844838505 0.0265991133628879 0.0221659278024066 0.0335655478150728 0.0354654844838505 0.0227992400253325 0.0892970234325522 0 0.0430652311589614 0.0335655478150728 0.0341988600379987 0.051931602279924 0.0588980367321089 0.0525649145028499 0.0360987967067764 0.0797973400886637 0.0379987333755542
"emySub" 0.0949968334388854 0.0500316656111463 0.0379987333755542 0.0386320455984801 0.0487650411652945 0.0487650411652945 0.0348321722609246 0.0987967067764408 0.0430652311589614 0 0.0474984167194427 0.0487650411652945 0.0221659278024066 0.0430652311589614 0.058264724509183 0.0525649145028499 0.0576314122862571 0.0525649145028499
"gopAga" 0.0968967701076631 0.0202659911336289 0.0272324255858138 0.0246991766941102 0.025965801139962 0.0278657378087397 0.0189993666877771 0.0823305889803673 0.0335655478150728 0.0474984167194427 0 0.0253324889170361 0.0531982267257758 0.0601646611779607 0.0563647878404053 0.0278657378087397 0.0696643445218493 0.0291323622545915
"malTer" 0.0956301456618113 0.0297656744775174 0.0272324255858138 0.0240658644711843 0.00189993666877771 0.0253324889170361 0.0221659278024066 0.0854971500949968 0.0341988600379987 0.0487650411652945 0.0253324889170361 0 0.051931602279924 0.0601646611779607 0.0557314756174794 0.0107663077897403 0.0721975934135529 0.0101329955668144
"mesTub" 0.101329955668144 0.0550981633945535 0.045598480050665 0.0436985433818873 0.051931602279924 0.0544648511716276 0.0411652944901837 0.103229892336922 0.051931602279924 0.0221659278024066 0.0531982267257758 0.051931602279924 0 0.0481317289423686 0.0664977834072198 0.0569981000633312 0.0658644711842939 0.0557314756174794
"pelCas" 0.107029765674478 0.0620645978467384 0.0481317289423686 0.051931602279924 0.0607979734008866 0.0614312856238125 0.0468651044965168 0.112729575680811 0.0588980367321089 0.0430652311589614 0.0601646611779607 0.0601646611779607 0.0481317289423686 0 0.071564281190627 0.0626979100696643 0.0557314756174794 0.0639645345155161
"pelSin" 0.09119696010133 0.0569981000633312 0.0468651044965168 0.0443318556048132 0.0569981000633312 0.0607979734008866 0.0468651044965168 0.106396453451552 0.0525649145028499 0.058264724509183 0.0563647878404053 0.0557314756174794 0.0664977834072198 0.071564281190627 0 0.0601646611779607 0.0880303989867004 0.0601646611779607
"plaMeg" 0.10196326789107 0.0303989867004433 0.0297656744775174 0.0272324255858138 0.0101329955668144 0.0246991766941102 0.0240658644711843 0.0861304623179227 0.0360987967067764 0.0525649145028499 0.0278657378087397 0.0107663077897403 0.0569981000633312 0.0626979100696643 0.0601646611779607 0 0.0759974667511083 0.0145661811272958
"podExp" 0.124129195693477 0.0747308423052565 0.0702976567447752 0.0721975934135529 0.071564281190627 0.0740975300823306 0.0690310322989234 0.122862571247625 0.0797973400886637 0.0576314122862571 0.0696643445218493 0.0721975934135529 0.0658644711842939 0.0557314756174794 0.0880303989867004 0.0759974667511083 0 0.0740975300823306
"terMex" 0.101329955668144 0.0316656111462951 0.0316656111462951 0.0278657378087397 0.00949968334388854 0.0291323622545915 0.025965801139962 0.0867637745408486 0.0379987333755542 0.0525649145028499 0.0291323622545915 0.0101329955668144 0.0557314756174794 0.0639645345155161 0.0601646611779607 0.0145661811272958 0.0740975300823306 0
