"carIns" "cheAbi" "cheMyd" "cheSer" "chrPic" "cuoAmb" "cuoMcc" "derCor" "derMaw" "emySub" "gopAga" "malTer" "mesTub" "pelCas" "pelSin" "plaMeg" "podExp" "terMex"
"carIns" 0 0.0763081395348837 0.0719476744186047 0.0632267441860465 0.0668604651162791 0.0668604651162791 0.063953488372093 0.0719476744186047 0.0661337209302326 0.0835755813953488 0.0755813953488372 0.0683139534883721 0.0704941860465116 0.0770348837209302 0.0901162790697674 0.065406976744186 0.0901162790697674 0.0661337209302326
"cheAbi" 0.0763081395348837 0 0.0385174418604651 0.0370639534883721 0.029796511627907 0.0203488372093023 0.0188953488372093 0.0370639534883721 0.0515988372093023 0.0806686046511628 0.0225290697674419 0.0290697674418605 0.0748546511627907 0.0697674418604651 0.111918604651163 0.0254360465116279 0.0843023255813953 0.0276162790697674
"cheMyd" 0.0719476744186047 0.0385174418604651 0 0.0290697674418605 0.0334302325581395 0.0319767441860465 0.0305232558139535 0.0167151162790698 0.0479651162790698 0.0741279069767442 0.0392441860465116 0.032703488372093 0.0704941860465116 0.065406976744186 0.0973837209302326 0.03125 0.0850290697674419 0.0319767441860465
"cheSer" 0.0632267441860465 0.0370639534883721 0.0290697674418605 0 0.0268895348837209 0.0305232558139535 0.0261627906976744 0.0305232558139535 0.0377906976744186 0.0690406976744186 0.0348837209302326 0.0247093023255814 0.0617732558139535 0.0646802325581395 0.0915697674418605 0.0225290697674419 0.0821220930232558 0.0247093023255814
"chrPic" 0.0668604651162791 0.029796511627907 0.0334302325581395 0.0268895348837209 0 0.0196220930232558 0.0181686046511628 0.034156976744186 0.0363372093023256 0.0712209302325581 0.028343023255814 0.00726744186046512 0.0625 0.0632267441860465 0.102470930232558 0.0130813953488372 0.0828488372093023 0.0152616279069767
"cuoAmb" 0.0668604651162791 0.0203488372093023 0.0319767441860465 0.0305232558139535 0.0196220930232558 0 0.00872093023255814 0.0305232558139535 0.0421511627906977 0.0734011627906977 0.0196220930232558 0.0188953488372093 0.0646802325581395 0.063953488372093 0.103924418604651 0.0152616279069767 0.0770348837209302 0.0159883720930233
"cuoMcc" 0.063953488372093 0.0188953488372093 0.0305232558139535 0.0261627906976744 0.0181686046511628 0.00872093023255814 0 0.0290697674418605 0.0421511627906977 0.0712209302325581 0.0181686046511628 0.0174418604651163 0.0661337209302326 0.0661337209302326 0.101017441860465 0.0138081395348837 0.0748546511627907 0.0145348837209302
"derCor" 0.0719476744186047 0.0370639534883721 0.0167151162790698 0.0305232558139535 0.034156976744186 0.0305232558139535 0.0290697674418605 0 0.0479651162790698 0.0755813953488372 0.0356104651162791 0.0334302325581395 0.0712209302325581 0.063953488372093 0.104651162790698 0.03125 0.0784883720930233 0.0305232558139535
"derMaw" 0.0661337209302326 0.0515988372093023 0.0479651162790698 0.0377906976744186 0.0363372093023256 0.0421511627906977 0.0421511627906977 0.0479651162790698 0 0.0726744186046512 0.0523255813953488 0.0363372093023256 0.0625 0.0690406976744186 0.0930232558139535 0.034156976744186 0.0806686046511628 0.0348837209302326
"emySub" 0.0835755813953488 0.0806686046511628 0.0741279069767442 0.0690406976744186 0.0712209302325581 0.0734011627906977 0.0712209302325581 0.0755813953488372 0.0726744186046512 0 0.0806686046511628 0.0704941860465116 0.0472383720930233 0.0683139534883721 0.0995639534883721 0.0697674418604651 0.0792151162790698 0.0704941860465116
"gopAga" 0.0755813953488372 0.0225290697674419 0.0392441860465116 0.0348837209302326 0.028343023255814 0.0196220930232558 0.0181686046511628 0.0356104651162791 0.0523255813953488 0.0806686046511628 0 0.0276162790697674 0.0734011627906977 0.0712209302325581 0.111191860465116 0.0247093023255814 0.0821220930232558 0.0268895348837209
"malTer" 0.0683139534883721 0.0290697674418605 0.032703488372093 0.0247093023255814 0.00726744186046512 0.0188953488372093 0.0174418604651163 0.0334302325581395 0.0363372093023256 0.0704941860465116 0.0276162790697674 0 0.0632267441860465 0.0646802325581395 0.101017441860465 0.0109011627906977 0.0821220930232558 0.0130813953488372
"mesTub" 0.0704941860465116 0.0748546511627907 0.0704941860465116 0.0617732558139535 0.0625 0.0646802325581395 0.0661337209302326 0.0712209302325581 0.0625 0.0472383720930233 0.0734011627906977 0.0632267441860465 0 0.0603197674418605 0.0915697674418605 0.0625 0.0719476744186047 0.0632267441860465
"pelCas" 0.0770348837209302 0.0697674418604651 0.065406976744186 0.0646802325581395 0.0632267441860465 0.063953488372093 0.0661337209302326 0.063953488372093 0.0690406976744186 0.0683139534883721 0.0712209302325581 0.0646802325581395 0.0603197674418605 0 0.111918604651163 0.0625 0.0588662790697674 0.0646802325581395
"pelSin" 0.0901162790697674 0.111918604651163 0.0973837209302326 0.0915697674418605 0.102470930232558 0.103924418604651 0.101017441860465 0.104651162790698 0.0930232558139535 0.0995639534883721 0.111191860465116 0.101017441860465 0.0915697674418605 0.111918604651163 0 0.0995639534883721 0.130087209302326 0.100290697674419
"plaMeg" 0.065406976744186 0.0254360465116279 0.03125 0.0225290697674419 0.0130813953488372 0.0152616279069767 0.0138081395348837 0.03125 0.034156976744186 0.0697674418604651 0.0247093023255814 0.0109011627906977 0.0625 0.0625 0.0995639534883721 0 0.0821220930232558 0.0109011627906977
"podExp" 0.0901162790697674 0.0843023255813953 0.0850290697674419 0.0821220930232558 0.0828488372093023 0.0770348837209302 0.0748546511627907 0.0784883720930233 0.0806686046511628 0.0792151162790698 0.0821220930232558 0.0821220930232558 0.0719476744186047 0.0588662790697674 0.130087209302326 0.0821220930232558 0 0.0777616279069767
"terMex" 0.0661337209302326 0.0276162790697674 0.0319767441860465 0.0247093023255814 0.0152616279069767 0.0159883720930233 0.0145348837209302 0.0305232558139535 0.0348837209302326 0.0704941860465116 0.0268895348837209 0.0130813953488372 0.0632267441860465 0.0646802325581395 0.100290697674419 0.0109011627906977 0.0777616279069767 0
