"carIns" "cheAbi" "cheMyd" "cheSer" "chrPic" "cuoAmb" "cuoMcc" "derCor" "derMaw" "emySub" "gopAga" "malTer" "mesTub" "pelCas" "pelSin" "plaMeg" "podExp" "terMex"
"carIns" 0 0.0955593029792018 0.0955593029792018 0.0921866216975829 0.0893760539629005 0.0949971894322653 0.0933108487914559 0.0978077571669477 0.0966835300730748 0.114109050028106 0.0938729623383924 0.09106239460371 0.111298482293423 0.13265879707701 0.0972456436200112 0.0944350758853288 0.135469364811692 0.0927487352445194
"cheAbi" 0.0955593029792018 0 0.0359752670039348 0.0359752670039348 0.0247329960652052 0.016301292861158 0.0146149522203485 0.0359752670039348 0.044406970207982 0.0826306913996627 0.0118043844856661 0.0275435637998876 0.0865654862282181 0.103991006183249 0.0978077571669477 0.0202360876897133 0.108487914558741 0.0241708825182687
"cheMyd" 0.0955593029792018 0.0359752670039348 0 0.0320404721753794 0.03035413153457 0.0354131534569983 0.0337268128161889 0.0219224283305228 0.0348510399100618 0.0803822372119168 0.0331646992692524 0.0320404721753794 0.0809443507588533 0.10061832490163 0.0978077571669477 0.0286677908937605 0.110736368746487 0.029229904440697
"cheSer" 0.0921866216975829 0.0359752670039348 0.0320404721753794 0 0.0331646992692524 0.0342889263631254 0.031478358628443 0.0331646992692524 0.0382237211916807 0.0820685778527263 0.0320404721753794 0.0359752670039348 0.0803822372119168 0.0994940978077572 0.0961214165261383 0.0297920179876335 0.110736368746487 0.031478358628443
"chrPic" 0.0893760539629005 0.0247329960652052 0.03035413153457 0.0331646992692524 0 0.0230466554243957 0.0213603147835863 0.0348510399100618 0.0387858347386172 0.0764474423833614 0.0219224283305228 0.00393479482855537 0.0803822372119168 0.10230466554244 0.0921866216975829 0.0157391793142215 0.105677346824058 0.0106801573917931
"cuoAmb" 0.0949971894322653 0.016301292861158 0.0354131534569983 0.0342889263631254 0.0230466554243957 0 0.00393479482855537 0.0376616076447442 0.0438448566610455 0.0798201236649803 0.0123664980326026 0.0258572231590781 0.0831928049465992 0.101742551995503 0.0994940978077572 0.0185497470489039 0.104553119730185 0.0196739741427768
"cuoMcc" 0.0933108487914559 0.0146149522203485 0.0337268128161889 0.031478358628443 0.0213603147835863 0.00393479482855537 0 0.0359752670039348 0.0421585160202361 0.0792580101180438 0.0106801573917931 0.0241708825182687 0.0809443507588533 0.0994940978077572 0.0983698707138842 0.0168634064080944 0.102866779089376 0.0179876335019674
"derCor" 0.0978077571669477 0.0359752670039348 0.0219224283305228 0.0331646992692524 0.0348510399100618 0.0376616076447442 0.0359752670039348 0 0.0354131534569983 0.0815064643057898 0.0342889263631254 0.0376616076447442 0.0820685778527263 0.101742551995503 0.0961214165261383 0.03035413153457 0.109612141652614 0.0326025857223159
"derMaw" 0.0966835300730748 0.044406970207982 0.0348510399100618 0.0382237211916807 0.0387858347386172 0.0438448566610455 0.0421585160202361 0.0354131534569983 0 0.0865654862282181 0.0427206295671726 0.0415964024732996 0.0865654862282181 0.107363687464868 0.103428892636313 0.0376616076447442 0.11186059584036 0.0365373805508713
"emySub" 0.114109050028106 0.0826306913996627 0.0803822372119168 0.0820685778527263 0.0764474423833614 0.0798201236649803 0.0792580101180438 0.0815064643057898 0.0865654862282181 0 0.0803822372119168 0.0792580101180438 0.0404721753794266 0.0719505340078696 0.11186059584036 0.0798201236649803 0.0775716694772344 0.0792580101180438
"gopAga" 0.0938729623383924 0.0118043844856661 0.0331646992692524 0.0320404721753794 0.0219224283305228 0.0123664980326026 0.0106801573917931 0.0342889263631254 0.0427206295671726 0.0803822372119168 0 0.0247329960652052 0.0831928049465992 0.101742551995503 0.0966835300730748 0.016301292861158 0.106239460370995 0.0202360876897133
"malTer" 0.09106239460371 0.0275435637998876 0.0320404721753794 0.0359752670039348 0.00393479482855537 0.0258572231590781 0.0241708825182687 0.0376616076447442 0.0415964024732996 0.0792580101180438 0.0247329960652052 0 0.0820685778527263 0.105115233277122 0.0944350758853288 0.0174255199550309 0.107363687464868 0.0134907251264755
"mesTub" 0.111298482293423 0.0865654862282181 0.0809443507588533 0.0803822372119168 0.0803822372119168 0.0831928049465992 0.0809443507588533 0.0820685778527263 0.0865654862282181 0.0404721753794266 0.0831928049465992 0.0820685778527263 0 0.0764474423833614 0.116357504215852 0.0803822372119168 0.0843170320404722 0.0815064643057898
"pelCas" 0.13265879707701 0.103991006183249 0.10061832490163 0.0994940978077572 0.10230466554244 0.101742551995503 0.0994940978077572 0.101742551995503 0.107363687464868 0.0719505340078696 0.101742551995503 0.105115233277122 0.0764474423833614 0 0.141090500281057 0.101742551995503 0.0781337830241709 0.10061832490163
"pelSin" 0.0972456436200112 0.0978077571669477 0.0978077571669477 0.0961214165261383 0.0921866216975829 0.0994940978077572 0.0983698707138842 0.0961214165261383 0.103428892636313 0.11186059584036 0.0966835300730748 0.0944350758853288 0.116357504215852 0.141090500281057 0 0.0955593029792018 0.14052838673412 0.0938729623383924
"plaMeg" 0.0944350758853288 0.0202360876897133 0.0286677908937605 0.0297920179876335 0.0157391793142215 0.0185497470489039 0.0168634064080944 0.03035413153457 0.0376616076447442 0.0798201236649803 0.016301292861158 0.0174255199550309 0.0803822372119168 0.101742551995503 0.0955593029792018 0 0.106801573917931 0.0129286115795391
"podExp" 0.135469364811692 0.108487914558741 0.110736368746487 0.110736368746487 0.105677346824058 0.104553119730185 0.102866779089376 0.109612141652614 0.11186059584036 0.0775716694772344 0.106239460370995 0.107363687464868 0.0843170320404722 0.0781337830241709 0.14052838673412 0.106801573917931 0 0.104553119730185
"terMex" 0.0927487352445194 0.0241708825182687 0.029229904440697 0.031478358628443 0.0106801573917931 0.0196739741427768 0.0179876335019674 0.0326025857223159 0.0365373805508713 0.0792580101180438 0.0202360876897133 0.0134907251264755 0.0815064643057898 0.10061832490163 0.0938729623383924 0.0129286115795391 0.104553119730185 0
