"carIns" "cheAbi" "cheMyd" "cheSer" "chrPic" "cuoAmb" "cuoMcc" "derCor" "derMaw" "emySub" "gopAga" "malTer" "mesTub" "pelCas" "pelSin" "plaMeg" "podExp" "terMex"
"carIns" 0 0.0792741165234002 0.0783190066857689 0.0372492836676218 0.0334288443170965 0.0372492836676218 0.0372492836676218 0.163323782234957 0.0420248328557784 0.052531041069723 0.103151862464183 0.0334288443170965 0.0477554918815664 0.102196752626552 0.0324737344794651 0.0372492836676218 0.055396370582617 0.0353390639923591
"cheAbi" 0.0792741165234002 0 0.106017191977077 0.0649474689589303 0.0573065902578797 0.0534861509073543 0.055396370582617 0.194842406876791 0.0668576886341929 0.0888252148997135 0.102196752626552 0.0601719197707736 0.0802292263610315 0.131805157593123 0.0754536771728749 0.0601719197707736 0.0916905444126074 0.061127029608405
"cheMyd" 0.0783190066857689 0.106017191977077 0 0.0659025787965616 0.058261700095511 0.061127029608405 0.061127029608405 0.186246418338109 0.0678127984718243 0.0897803247373448 0.124164278892073 0.058261700095511 0.0859598853868195 0.138490926456543 0.0735434574976122 0.0601719197707736 0.0955109837631328 0.0601719197707736
"cheSer" 0.0372492836676218 0.0649474689589303 0.0659025787965616 0 0.0152817574021012 0.0200573065902579 0.0200573065902579 0.156638013371538 0.0238777459407832 0.049665711556829 0.0850047755491882 0.0171919770773639 0.0439350525310411 0.0936007640878701 0.0315186246418338 0.0171919770773639 0.0601719197707736 0.0171919770773639
"chrPic" 0.0334288443170965 0.0573065902578797 0.058261700095511 0.0152817574021012 0 0.0124164278892073 0.0124164278892073 0.149952244508118 0.0200573065902579 0.0458452722063037 0.0783190066857689 0.00382043935052531 0.0401146131805158 0.0926456542502388 0.0286532951289398 0.00764087870105062 0.0534861509073543 0.00382043935052531
"cuoAmb" 0.0372492836676218 0.0534861509073543 0.061127029608405 0.0200573065902579 0.0124164278892073 0 0.00382043935052531 0.151862464183381 0.0210124164278892 0.0506208213944604 0.0754536771728749 0.0143266475644699 0.0429799426934097 0.100286532951289 0.0315186246418338 0.0124164278892073 0.0620821394460363 0.0143266475644699
"cuoMcc" 0.0372492836676218 0.055396370582617 0.061127029608405 0.0200573065902579 0.0124164278892073 0.00382043935052531 0 0.152817574021012 0.0210124164278892 0.0506208213944604 0.0754536771728749 0.0143266475644699 0.0410697230181471 0.0993314231136581 0.0315186246418338 0.0124164278892073 0.061127029608405 0.0143266475644699
"derCor" 0.163323782234957 0.194842406876791 0.186246418338109 0.156638013371538 0.149952244508118 0.151862464183381 0.152817574021012 0 0.156638013371538 0.177650429799427 0.217765042979943 0.149952244508118 0.17287488061127 0.156638013371538 0.164278892072588 0.153772683858644 0.176695319961796 0.151862464183381
"derMaw" 0.0420248328557784 0.0668576886341929 0.0678127984718243 0.0238777459407832 0.0200573065902579 0.0210124164278892 0.0210124164278892 0.156638013371538 0 0.0544412607449857 0.0869149952244508 0.0200573065902579 0.0487106017191977 0.0983763132760267 0.0372492836676218 0.0219675262655205 0.0649474689589303 0.0219675262655205
"emySub" 0.052531041069723 0.0888252148997135 0.0897803247373448 0.049665711556829 0.0458452722063037 0.0506208213944604 0.0506208213944604 0.177650429799427 0.0544412607449857 0 0.106972301814709 0.0477554918815664 0.0229226361031519 0.0878701050620821 0.0506208213944604 0.0458452722063037 0.0544412607449857 0.0477554918815664
"gopAga" 0.103151862464183 0.102196752626552 0.124164278892073 0.0850047755491882 0.0783190066857689 0.0754536771728749 0.0754536771728749 0.217765042979943 0.0869149952244508 0.106972301814709 0 0.0802292263610315 0.104106972301815 0.156638013371538 0.0945558739255014 0.0802292263610315 0.115568290353391 0.0802292263610315
"malTer" 0.0334288443170965 0.0601719197707736 0.058261700095511 0.0171919770773639 0.00382043935052531 0.0143266475644699 0.0143266475644699 0.149952244508118 0.0200573065902579 0.0477554918815664 0.0802292263610315 0 0.0410697230181471 0.0964660936007641 0.0305635148042025 0.0114613180515759 0.055396370582617 0.00573065902578797
"mesTub" 0.0477554918815664 0.0802292263610315 0.0859598853868195 0.0439350525310411 0.0401146131805158 0.0429799426934097 0.0410697230181471 0.17287488061127 0.0487106017191977 0.0229226361031519 0.104106972301815 0.0410697230181471 0 0.0888252148997135 0.0429799426934097 0.0401146131805158 0.055396370582617 0.0420248328557784
"pelCas" 0.102196752626552 0.131805157593123 0.138490926456543 0.0936007640878701 0.0926456542502388 0.100286532951289 0.0993314231136581 0.156638013371538 0.0983763132760267 0.0878701050620821 0.156638013371538 0.0964660936007641 0.0888252148997135 0 0.0964660936007641 0.0916905444126074 0.0850047755491882 0.0964660936007641
"pelSin" 0.0324737344794651 0.0754536771728749 0.0735434574976122 0.0315186246418338 0.0286532951289398 0.0315186246418338 0.0315186246418338 0.164278892072588 0.0372492836676218 0.0506208213944604 0.0945558739255014 0.0305635148042025 0.0429799426934097 0.0964660936007641 0 0.0296084049665712 0.0573065902578797 0.0286532951289398
"plaMeg" 0.0372492836676218 0.0601719197707736 0.0601719197707736 0.0171919770773639 0.00764087870105062 0.0124164278892073 0.0124164278892073 0.153772683858644 0.0219675262655205 0.0458452722063037 0.0802292263610315 0.0114613180515759 0.0401146131805158 0.0916905444126074 0.0296084049665712 0 0.055396370582617 0.0114613180515759
"podExp" 0.055396370582617 0.0916905444126074 0.0955109837631328 0.0601719197707736 0.0534861509073543 0.0620821394460363 0.061127029608405 0.176695319961796 0.0649474689589303 0.0544412607449857 0.115568290353391 0.055396370582617 0.055396370582617 0.0850047755491882 0.0573065902578797 0.055396370582617 0 0.0573065902578797
"terMex" 0.0353390639923591 0.061127029608405 0.0601719197707736 0.0171919770773639 0.00382043935052531 0.0143266475644699 0.0143266475644699 0.151862464183381 0.0219675262655205 0.0477554918815664 0.0802292263610315 0.00573065902578797 0.0420248328557784 0.0964660936007641 0.0286532951289398 0.0114613180515759 0.0573065902578797 0
