"carIns" "cheAbi" "cheMyd" "cheSer" "chrPic" "cuoAmb" "cuoMcc" "derCor" "derMaw" "emySub" "gopAga" "malTer" "mesTub" "pelCas" "pelSin" "plaMeg" "podExp" "terMex"
"carIns" 0 0.0537363560033585 0.052896725440806 0.0621326616288833 0.0629722921914358 0.052896725440806 0.0520570948782536 0.0587741393786734 0.0587741393786734 0.0587741393786734 0.054575986565911 0.152812762384551 0.0663308144416457 0.0965575146935348 0.116708648194794 0.052896725440806 0.106633081444165 0.0537363560033585
"cheAbi" 0.0537363560033585 0 0.0134340890008396 0.0277078085642317 0.0251889168765743 0.00839630562552477 0.00755667506297229 0.0235096557514694 0.0293870696893367 0.0428211586901763 0.0117548278757347 0.119227539882452 0.0520570948782536 0.0806045340050378 0.112510495382032 0.0125944584382872 0.0931989924433249 0.0134340890008396
"cheMyd" 0.052896725440806 0.0134340890008396 0 0.0209907640638119 0.0201511335012594 0.0100755667506297 0.00923593618807725 0.0134340890008396 0.0226700251889169 0.0394626364399664 0.0134340890008396 0.112510495382032 0.0495382031905961 0.0755667506297229 0.109991603694374 0.00923593618807725 0.0856423173803526 0.00839630562552477
"cheSer" 0.0621326616288833 0.0277078085642317 0.0209907640638119 0 0.0327455919395466 0.0243492863140218 0.0235096557514694 0.0277078085642317 0.0277078085642317 0.0461796809403862 0.0277078085642317 0.117548278757347 0.0570948782535684 0.0730478589420655 0.109991603694374 0.0235096557514694 0.0856423173803526 0.0226700251889169
"chrPic" 0.0629722921914358 0.0251889168765743 0.0201511335012594 0.0327455919395466 0 0.0235096557514694 0.0226700251889169 0.0302267002518892 0.0361041141897565 0.0486985726280437 0.0251889168765743 0.117548278757347 0.0579345088161209 0.0864819479429051 0.118387909319899 0.017632241813602 0.0948782535684299 0.0134340890008396
"cuoAmb" 0.052896725440806 0.00839630562552477 0.0100755667506297 0.0243492863140218 0.0235096557514694 0 0.000839630562552477 0.0201511335012594 0.0268681780016793 0.0411418975650714 0.0100755667506297 0.117548278757347 0.0503778337531486 0.0789252728799328 0.10831234256927 0.0109151973131822 0.089840470193115 0.0117548278757347
"cuoMcc" 0.0520570948782536 0.00755667506297229 0.00923593618807725 0.0235096557514694 0.0226700251889169 0.000839630562552477 0 0.019311502938707 0.0260285474391268 0.0403022670025189 0.00923593618807725 0.116708648194794 0.0495382031905961 0.0780856423173804 0.109151973131822 0.0100755667506297 0.0890008396305626 0.0109151973131822
"derCor" 0.0587741393786734 0.0235096557514694 0.0134340890008396 0.0277078085642317 0.0302267002518892 0.0201511335012594 0.019311502938707 0 0.0310663308144416 0.0470193115029387 0.0235096557514694 0.122586062132662 0.0579345088161209 0.0848026868178002 0.114189756507137 0.017632241813602 0.0906801007556675 0.0184718723761545
"derMaw" 0.0587741393786734 0.0293870696893367 0.0226700251889169 0.0277078085642317 0.0361041141897565 0.0268681780016793 0.0260285474391268 0.0310663308144416 0 0.0478589420654912 0.0302267002518892 0.127623845507976 0.056255247691016 0.0772460117548279 0.116708648194794 0.0260285474391268 0.0948782535684299 0.0260285474391268
"emySub" 0.0587741393786734 0.0428211586901763 0.0394626364399664 0.0461796809403862 0.0486985726280437 0.0411418975650714 0.0403022670025189 0.0470193115029387 0.0478589420654912 0 0.0428211586901763 0.141057934508816 0.0386230058774139 0.0705289672544081 0.114189756507137 0.0386230058774139 0.0856423173803526 0.0386230058774139
"gopAga" 0.054575986565911 0.0117548278757347 0.0134340890008396 0.0277078085642317 0.0251889168765743 0.0100755667506297 0.00923593618807725 0.0235096557514694 0.0302267002518892 0.0428211586901763 0 0.119227539882452 0.0520570948782536 0.0814441645675903 0.110831234256927 0.0125944584382872 0.0906801007556675 0.0134340890008396
"malTer" 0.152812762384551 0.119227539882452 0.112510495382032 0.117548278757347 0.117548278757347 0.117548278757347 0.116708648194794 0.122586062132662 0.127623845507976 0.141057934508816 0.119227539882452 0 0.151973131821998 0.167926112510495 0.163727959697733 0.113350125944584 0.164567590260285 0.10831234256927
"mesTub" 0.0663308144416457 0.0520570948782536 0.0495382031905961 0.0570948782535684 0.0579345088161209 0.0503778337531486 0.0495382031905961 0.0579345088161209 0.056255247691016 0.0386230058774139 0.0520570948782536 0.151973131821998 0 0.0814441645675903 0.125104953820319 0.0478589420654912 0.0940386230058774 0.0495382031905961
"pelCas" 0.0965575146935348 0.0806045340050378 0.0755667506297229 0.0730478589420655 0.0864819479429051 0.0789252728799328 0.0780856423173804 0.0848026868178002 0.0772460117548279 0.0705289672544081 0.0814441645675903 0.167926112510495 0.0814441645675903 0 0.136020151133501 0.0764063811922754 0.0705289672544081 0.0755667506297229
"pelSin" 0.116708648194794 0.112510495382032 0.109991603694374 0.109991603694374 0.118387909319899 0.10831234256927 0.109151973131822 0.114189756507137 0.116708648194794 0.114189756507137 0.110831234256927 0.163727959697733 0.125104953820319 0.136020151133501 0 0.109151973131822 0.138539042821159 0.109151973131822
"plaMeg" 0.052896725440806 0.0125944584382872 0.00923593618807725 0.0235096557514694 0.017632241813602 0.0109151973131822 0.0100755667506297 0.017632241813602 0.0260285474391268 0.0386230058774139 0.0125944584382872 0.113350125944584 0.0478589420654912 0.0764063811922754 0.109151973131822 0 0.0873215785054576 0.00587741393786734
"podExp" 0.106633081444165 0.0931989924433249 0.0856423173803526 0.0856423173803526 0.0948782535684299 0.089840470193115 0.0890008396305626 0.0906801007556675 0.0948782535684299 0.0856423173803526 0.0906801007556675 0.164567590260285 0.0940386230058774 0.0705289672544081 0.138539042821159 0.0873215785054576 0 0.0848026868178002
"terMex" 0.0537363560033585 0.0134340890008396 0.00839630562552477 0.0226700251889169 0.0134340890008396 0.0117548278757347 0.0109151973131822 0.0184718723761545 0.0260285474391268 0.0386230058774139 0.0134340890008396 0.10831234256927 0.0495382031905961 0.0755667506297229 0.109151973131822 0.00587741393786734 0.0848026868178002 0
