"carIns" "cheAbi" "cheMyd" "cheSer" "chrPic" "cuoAmb" "cuoMcc" "derCor" "derMaw" "emySub" "gopAga" "malTer" "mesTub" "pelCas" "pelSin" "plaMeg" "podExp" "terMex"
"carIns" 0 0.0705433746425167 0.0638703527168732 0.0753098188751192 0.0705433746425167 0.0686367969494757 0.0705433746425167 0.0667302192564347 0.0743565300285987 0.0714966634890372 0.0705433746425167 0.0829361296472831 0.0829361296472831 0.0791229742612011 0.0857959961868446 0.0829361296472831 0.0915157292659676 0.0772163965681602
"cheAbi" 0.0705433746425167 0 0.0276453765490944 0.0476644423260248 0.0266920877025739 0.0152526215443279 0.0152526215443279 0.0295519542421354 0.0438512869399428 0.0533841754051478 0.0133460438512869 0.0419447092469018 0.0667302192564347 0.0600571973307912 0.0667302192564347 0.0362249761677788 0.0695900857959962 0.0295519542421354
"cheMyd" 0.0638703527168732 0.0276453765490944 0 0.0362249761677788 0.0285986653956149 0.0219256434699714 0.0219256434699714 0.0152526215443279 0.0343183984747378 0.0457578646329838 0.0276453765490944 0.0457578646329838 0.0629170638703527 0.0543374642516683 0.0667302192564347 0.0409914204003813 0.0648236415633937 0.0343183984747378
"cheSer" 0.0753098188751192 0.0476644423260248 0.0362249761677788 0 0.0486177311725453 0.0438512869399428 0.0448045757864633 0.0438512869399428 0.0505243088655863 0.0619637750238322 0.0476644423260248 0.0571973307912297 0.0686367969494757 0.0629170638703527 0.0648236415633937 0.0495710200190658 0.0753098188751192 0.0448045757864633
"chrPic" 0.0705433746425167 0.0266920877025739 0.0285986653956149 0.0486177311725453 0 0.0228789323164919 0.0228789323164919 0.0362249761677788 0.0467111534795043 0.0552907530981888 0.0247855100095329 0.0257387988560534 0.0695900857959962 0.0619637750238322 0.0714966634890372 0.0400381315538608 0.0714966634890372 0.0285986653956149
"cuoAmb" 0.0686367969494757 0.0152526215443279 0.0219256434699714 0.0438512869399428 0.0228789323164919 0 0.00381315538608198 0.0295519542421354 0.0419447092469018 0.0486177311725453 0.0152526215443279 0.0362249761677788 0.0657769304099142 0.0571973307912297 0.0676835081029552 0.0333651096282174 0.0667302192564347 0.0266920877025739
"cuoMcc" 0.0705433746425167 0.0152526215443279 0.0219256434699714 0.0448045757864633 0.0228789323164919 0.00381315538608198 0 0.0295519542421354 0.0419447092469018 0.0505243088655863 0.0152526215443279 0.0381315538608198 0.0657769304099142 0.0552907530981888 0.0676835081029552 0.0343183984747378 0.0648236415633937 0.0266920877025739
"derCor" 0.0667302192564347 0.0295519542421354 0.0152526215443279 0.0438512869399428 0.0362249761677788 0.0295519542421354 0.0295519542421354 0 0.0390848427073403 0.0495710200190658 0.0314585319351764 0.0514775977121068 0.0667302192564347 0.0543374642516683 0.0667302192564347 0.0467111534795043 0.0657769304099142 0.0400381315538608
"derMaw" 0.0743565300285987 0.0438512869399428 0.0343183984747378 0.0505243088655863 0.0467111534795043 0.0419447092469018 0.0419447092469018 0.0390848427073403 0 0.0610104861773117 0.0409914204003813 0.0619637750238322 0.0743565300285987 0.0648236415633937 0.0743565300285987 0.0581506196377502 0.0734032411820782 0.0505243088655863
"emySub" 0.0714966634890372 0.0533841754051478 0.0457578646329838 0.0619637750238322 0.0552907530981888 0.0486177311725453 0.0505243088655863 0.0495710200190658 0.0610104861773117 0 0.0524308865586273 0.0686367969494757 0.0467111534795043 0.0448045757864633 0.0734032411820782 0.0657769304099142 0.0581506196377502 0.0610104861773117
"gopAga" 0.0705433746425167 0.0133460438512869 0.0276453765490944 0.0476644423260248 0.0247855100095329 0.0152526215443279 0.0152526215443279 0.0314585319351764 0.0409914204003813 0.0524308865586273 0 0.0381315538608198 0.0657769304099142 0.0591039084842707 0.0667302192564347 0.0381315538608198 0.0676835081029552 0.0285986653956149
"malTer" 0.0829361296472831 0.0419447092469018 0.0457578646329838 0.0571973307912297 0.0257387988560534 0.0362249761677788 0.0381315538608198 0.0514775977121068 0.0619637750238322 0.0686367969494757 0.0381315538608198 0 0.0734032411820782 0.0753098188751192 0.0676835081029552 0.0409914204003813 0.0848427073403241 0.0362249761677788
"mesTub" 0.0829361296472831 0.0667302192564347 0.0629170638703527 0.0686367969494757 0.0695900857959962 0.0657769304099142 0.0657769304099142 0.0667302192564347 0.0743565300285987 0.0467111534795043 0.0657769304099142 0.0734032411820782 0 0.0610104861773117 0.0676835081029552 0.0724499523355577 0.0714966634890372 0.0638703527168732
"pelCas" 0.0791229742612011 0.0600571973307912 0.0543374642516683 0.0629170638703527 0.0619637750238322 0.0571973307912297 0.0552907530981888 0.0543374642516683 0.0648236415633937 0.0448045757864633 0.0591039084842707 0.0753098188751192 0.0610104861773117 0 0.0734032411820782 0.0705433746425167 0.0400381315538608 0.0657769304099142
"pelSin" 0.0857959961868446 0.0667302192564347 0.0667302192564347 0.0648236415633937 0.0714966634890372 0.0676835081029552 0.0676835081029552 0.0667302192564347 0.0743565300285987 0.0734032411820782 0.0667302192564347 0.0676835081029552 0.0676835081029552 0.0734032411820782 0 0.0676835081029552 0.0829361296472831 0.0629170638703527
"plaMeg" 0.0829361296472831 0.0362249761677788 0.0409914204003813 0.0495710200190658 0.0400381315538608 0.0333651096282174 0.0343183984747378 0.0467111534795043 0.0581506196377502 0.0657769304099142 0.0381315538608198 0.0409914204003813 0.0724499523355577 0.0705433746425167 0.0676835081029552 0 0.0829361296472831 0.0343183984747378
"podExp" 0.0915157292659676 0.0695900857959962 0.0648236415633937 0.0753098188751192 0.0714966634890372 0.0667302192564347 0.0648236415633937 0.0657769304099142 0.0734032411820782 0.0581506196377502 0.0676835081029552 0.0848427073403241 0.0714966634890372 0.0400381315538608 0.0829361296472831 0.0829361296472831 0 0.0734032411820782
"terMex" 0.0772163965681602 0.0295519542421354 0.0343183984747378 0.0448045757864633 0.0285986653956149 0.0266920877025739 0.0266920877025739 0.0400381315538608 0.0505243088655863 0.0610104861773117 0.0285986653956149 0.0362249761677788 0.0638703527168732 0.0657769304099142 0.0629170638703527 0.0343183984747378 0.0734032411820782 0
