"carIns" "cheAbi" "cheMyd" "cheSer" "chrPic" "cuoAmb" "cuoMcc" "derCor" "derMaw" "emySub" "gopAga" "malTer" "mesTub" "pelCas" "pelSin" "plaMeg"
"carIns" 0 0.0542986425339367 0.0558069381598793 0.0512820512820513 0.052790346907994 0.0542986425339367 0.0520361990950226 0.0482654600301659 0.0935143288084465 0.0603318250377074 0.052790346907994 0.0542986425339367 0.0603318250377074 0.0656108597285068 0.057315233785822 0.052790346907994
"cheAbi" 0.0542986425339367 0 0.0301659125188537 0.0256410256410256 0.0211161387631976 0.0180995475113122 0.0173453996983409 0.030920060331825 0.0754147812971342 0.0482654600301659 0.0135746606334842 0.0256410256410256 0.0497737556561086 0.0542986425339367 0.0542986425339367 0.0180995475113122
"cheMyd" 0.0558069381598793 0.0301659125188537 0 0.0173453996983409 0.0256410256410256 0.026395173453997 0.026395173453997 0.0180995475113122 0.0761689291101056 0.0482654600301659 0.0301659125188537 0.028657616892911 0.0497737556561086 0.0565610859728507 0.0512820512820513 0.0196078431372549
"cheSer" 0.0512820512820513 0.0256410256410256 0.0173453996983409 0 0.0211161387631976 0.0218702865761689 0.0218702865761689 0.0256410256410256 0.0716440422322775 0.0437405731523379 0.0256410256410256 0.0233785822021116 0.0437405731523379 0.0535444947209653 0.0490196078431373 0.0135746606334842
"chrPic" 0.052790346907994 0.0211161387631976 0.0256410256410256 0.0211161387631976 0 0.0180995475113122 0.0173453996983409 0.0301659125188537 0.0761689291101056 0.0460030165912519 0.0211161387631976 0.00452488687782805 0.0490196078431373 0.0512820512820513 0.0520361990950226 0.0135746606334842
"cuoAmb" 0.0542986425339367 0.0180995475113122 0.026395173453997 0.0218702865761689 0.0180995475113122 0 0.00301659125188537 0.0279034690799397 0.0761689291101056 0.0467571644042232 0.0165912518853695 0.0226244343891403 0.0490196078431373 0.0542986425339367 0.055052790346908 0.0135746606334842
"cuoMcc" 0.0520361990950226 0.0173453996983409 0.026395173453997 0.0218702865761689 0.0173453996983409 0.00301659125188537 0 0.0279034690799397 0.0754147812971342 0.0475113122171946 0.0158371040723982 0.0218702865761689 0.0505279034690799 0.055052790346908 0.0542986425339367 0.0128205128205128
"derCor" 0.0482654600301659 0.030920060331825 0.0180995475113122 0.0256410256410256 0.0301659125188537 0.0279034690799397 0.0279034690799397 0 0.0776772247360483 0.0497737556561086 0.0294117647058824 0.0346907993966818 0.0497737556561086 0.0588235294117647 0.0512820512820513 0.0271493212669683
"derMaw" 0.0935143288084465 0.0754147812971342 0.0761689291101056 0.0716440422322775 0.0761689291101056 0.0761689291101056 0.0754147812971342 0.0776772247360483 0 0.0927601809954751 0.0746606334841629 0.0806938159879336 0.0950226244343891 0.0987933634992458 0.0980392156862745 0.0731523378582202
"emySub" 0.0603318250377074 0.0482654600301659 0.0482654600301659 0.0437405731523379 0.0460030165912519 0.0467571644042232 0.0475113122171946 0.0497737556561086 0.0927601809954751 0 0.0467571644042232 0.0505279034690799 0.0218702865761689 0.0399698340874811 0.059577677224736 0.0452488687782805
"gopAga" 0.052790346907994 0.0135746606334842 0.0301659125188537 0.0256410256410256 0.0211161387631976 0.0165912518853695 0.0158371040723982 0.0294117647058824 0.0746606334841629 0.0467571644042232 0 0.0256410256410256 0.0497737556561086 0.0542986425339367 0.0535444947209653 0.0180995475113122
"malTer" 0.0542986425339367 0.0256410256410256 0.028657616892911 0.0233785822021116 0.00452488687782805 0.0226244343891403 0.0218702865761689 0.0346907993966818 0.0806938159879336 0.0505279034690799 0.0256410256410256 0 0.0535444947209653 0.0558069381598793 0.0558069381598793 0.0158371040723982
"mesTub" 0.0603318250377074 0.0497737556561086 0.0497737556561086 0.0437405731523379 0.0490196078431373 0.0490196078431373 0.0505279034690799 0.0497737556561086 0.0950226244343891 0.0218702865761689 0.0497737556561086 0.0535444947209653 0 0.0407239819004525 0.0588235294117647 0.0482654600301659
"pelCas" 0.0656108597285068 0.0542986425339367 0.0565610859728507 0.0535444947209653 0.0512820512820513 0.0542986425339367 0.055052790346908 0.0588235294117647 0.0987933634992458 0.0399698340874811 0.0542986425339367 0.0558069381598793 0.0407239819004525 0 0.0641025641025641 0.052790346907994
"pelSin" 0.057315233785822 0.0542986425339367 0.0512820512820513 0.0490196078431373 0.0520361990950226 0.055052790346908 0.0542986425339367 0.0512820512820513 0.0980392156862745 0.059577677224736 0.0535444947209653 0.0558069381598793 0.0588235294117647 0.0641025641025641 0 0.0512820512820513
"plaMeg" 0.052790346907994 0.0180995475113122 0.0196078431372549 0.0135746606334842 0.0135746606334842 0.0135746606334842 0.0128205128205128 0.0271493212669683 0.0731523378582202 0.0452488687782805 0.0180995475113122 0.0158371040723982 0.0482654600301659 0.052790346907994 0.0512820512820513 0
