"carIns" "cheAbi" "cheMyd" "cheSer" "chrPic" "cuoAmb" "cuoMcc" "derCor" "derMaw" "emySub" "gopAga" "malTer" "mesTub" "pelCas" "pelSin" "plaMeg" "podExp"
"carIns" 0 0.0853413654618474 0.0582329317269076 0.0602409638554217 0.0632530120481928 0.0552208835341365 0.0572289156626506 0.0602409638554217 0.0652610441767068 0.0642570281124498 0.0622489959839357 0.0612449799196787 0.0652610441767068 0.176706827309237 0.070281124497992 0.0522088353413655 0.0953815261044177
"cheAbi" 0.0853413654618474 0 0.0522088353413655 0.0502008032128514 0.0522088353413655 0.0391566265060241 0.0391566265060241 0.0552208835341365 0.0612449799196787 0.0662650602409639 0.0401606425702811 0.0532128514056225 0.0632530120481928 0.167670682730924 0.0873493975903614 0.0481927710843374 0.0973895582329317
"cheMyd" 0.0582329317269076 0.0522088353413655 0 0.0240963855421687 0.0251004016064257 0.0210843373493976 0.0210843373493976 0.0160642570281124 0.034136546184739 0.0461847389558233 0.0240963855421687 0.0251004016064257 0.0421686746987952 0.16566265060241 0.0632530120481928 0.0190763052208835 0.0763052208835341
"cheSer" 0.0602409638554217 0.0502008032128514 0.0240963855421687 0 0.0261044176706827 0.0210843373493976 0.0210843373493976 0.0271084337349398 0.0331325301204819 0.0411646586345382 0.0240963855421687 0.0251004016064257 0.0411646586345382 0.166666666666667 0.0682730923694779 0.0230923694779116 0.0742971887550201
"chrPic" 0.0632530120481928 0.0522088353413655 0.0251004016064257 0.0261044176706827 0 0.0210843373493976 0.0210843373493976 0.0301204819277108 0.0381526104417671 0.0491967871485944 0.0261044176706827 0.00602409638554217 0.0451807228915663 0.169678714859438 0.070281124497992 0.0180722891566265 0.0753012048192771
"cuoAmb" 0.0552208835341365 0.0391566265060241 0.0210843373493976 0.0210843373493976 0.0210843373493976 0 0.00200803212851406 0.0230923694779116 0.0311244979919679 0.0411646586345382 0.0130522088353414 0.0240963855421687 0.0381526104417671 0.161646586345382 0.0662650602409639 0.0150602409638554 0.071285140562249
"cuoMcc" 0.0572289156626506 0.0391566265060241 0.0210843373493976 0.0210843373493976 0.0210843373493976 0.00200803212851406 0 0.0251004016064257 0.0311244979919679 0.0421686746987952 0.0130522088353414 0.0240963855421687 0.0381526104417671 0.162650602409639 0.0662650602409639 0.0170682730923695 0.072289156626506
"derCor" 0.0602409638554217 0.0552208835341365 0.0160642570281124 0.0271084337349398 0.0301204819277108 0.0230923694779116 0.0251004016064257 0 0.034136546184739 0.0441767068273092 0.0301204819277108 0.0261044176706827 0.0411646586345382 0.163654618473896 0.0692771084337349 0.0230923694779116 0.072289156626506
"derMaw" 0.0652610441767068 0.0612449799196787 0.034136546184739 0.0331325301204819 0.0381526104417671 0.0311244979919679 0.0311244979919679 0.034136546184739 0 0.0512048192771084 0.036144578313253 0.03714859437751 0.0491967871485944 0.16566265060241 0.0773092369477912 0.0321285140562249 0.0833333333333333
"emySub" 0.0642570281124498 0.0662650602409639 0.0461847389558233 0.0411646586345382 0.0491967871485944 0.0411646586345382 0.0421686746987952 0.0441767068273092 0.0512048192771084 0 0.0451807228915663 0.0461847389558233 0.0140562248995984 0.14859437751004 0.0692771084337349 0.0401606425702811 0.0562248995983936
"gopAga" 0.0622489959839357 0.0401606425702811 0.0240963855421687 0.0240963855421687 0.0261044176706827 0.0130522088353414 0.0130522088353414 0.0301204819277108 0.036144578313253 0.0451807228915663 0 0.0271084337349398 0.0411646586345382 0.16566265060241 0.0662650602409639 0.0220883534136546 0.0753012048192771
"malTer" 0.0612449799196787 0.0532128514056225 0.0251004016064257 0.0251004016064257 0.00602409638554217 0.0240963855421687 0.0240963855421687 0.0261044176706827 0.03714859437751 0.0461847389558233 0.0271084337349398 0 0.0431726907630522 0.168674698795181 0.0692771084337349 0.0200803212851406 0.073293172690763
"mesTub" 0.0652610441767068 0.0632530120481928 0.0421686746987952 0.0411646586345382 0.0451807228915663 0.0381526104417671 0.0381526104417671 0.0411646586345382 0.0491967871485944 0.0140562248995984 0.0411646586345382 0.0431726907630522 0 0.145582329317269 0.0672690763052209 0.0381526104417671 0.0512048192771084
"pelCas" 0.176706827309237 0.167670682730924 0.16566265060241 0.166666666666667 0.169678714859438 0.161646586345382 0.162650602409639 0.163654618473896 0.16566265060241 0.14859437751004 0.16566265060241 0.168674698795181 0.145582329317269 0 0.170682730923695 0.161646586345382 0.146586345381526
"pelSin" 0.070281124497992 0.0873493975903614 0.0632530120481928 0.0682730923694779 0.070281124497992 0.0662650602409639 0.0662650602409639 0.0692771084337349 0.0773092369477912 0.0692771084337349 0.0662650602409639 0.0692771084337349 0.0672690763052209 0.170682730923695 0 0.0642570281124498 0.0953815261044177
"plaMeg" 0.0522088353413655 0.0481927710843374 0.0190763052208835 0.0230923694779116 0.0180722891566265 0.0150602409638554 0.0170682730923695 0.0230923694779116 0.0321285140562249 0.0401606425702811 0.0220883534136546 0.0200803212851406 0.0381526104417671 0.161646586345382 0.0642570281124498 0 0.0692771084337349
"podExp" 0.0953815261044177 0.0973895582329317 0.0763052208835341 0.0742971887550201 0.0753012048192771 0.071285140562249 0.072289156626506 0.072289156626506 0.0833333333333333 0.0562248995983936 0.0753012048192771 0.073293172690763 0.0512048192771084 0.146586345381526 0.0953815261044177 0.0692771084337349 0
