"cheSer" "chrPic" "cuoAmb" "cuoMcc" "derCor" "malTer" "pelSin" "podExp" "terMex"
"cheSer" 0 0.0346153846153846 0.0376923076923077 0.0384615384615385 0.0415384615384615 0.0384615384615385 0.0753846153846154 0.0853846153846154 0.0338461538461538
"chrPic" 0.0346153846153846 0 0.0169230769230769 0.0192307692307692 0.0284615384615385 0.00538461538461538 0.0723076923076923 0.0807692307692308 0.01
"cuoAmb" 0.0376923076923077 0.0169230769230769 0 0.00923076923076923 0.0307692307692308 0.0223076923076923 0.0792307692307692 0.0838461538461538 0.0176923076923077
"cuoMcc" 0.0384615384615385 0.0192307692307692 0.00923076923076923 0 0.0353846153846154 0.0246153846153846 0.0784615384615385 0.0838461538461538 0.02
"derCor" 0.0415384615384615 0.0284615384615385 0.0307692307692308 0.0353846153846154 0 0.0323076923076923 0.0776923076923077 0.0792307692307692 0.0292307692307692
"malTer" 0.0384615384615385 0.00538461538461538 0.0223076923076923 0.0246153846153846 0.0323076923076923 0 0.0776923076923077 0.0815384615384615 0.0153846153846154
"pelSin" 0.0753846153846154 0.0723076923076923 0.0792307692307692 0.0784615384615385 0.0776923076923077 0.0776923076923077 0 0.109230769230769 0.0730769230769231
"podExp" 0.0853846153846154 0.0807692307692308 0.0838461538461538 0.0838461538461538 0.0792307692307692 0.0815384615384615 0.109230769230769 0 0.08
"terMex" 0.0338461538461538 0.01 0.0176923076923077 0.02 0.0292307692307692 0.0153846153846154 0.0730769230769231 0.08 0
