"carIns" "cheAbi" "cheSer" "chrPic" "cuoAmb" "cuoMcc" "derMaw" "emySub" "gopAga" "malTer" "mesTub" "pelCas" "pelSin" "plaMeg" "podExp" "terMex"
"carIns" 0 0.107905982905983 0.104700854700855 0.101495726495726 0.110042735042735 0.106837606837607 0.122863247863248 0.127136752136752 0.108974358974359 0.10042735042735 0.148504273504274 0.133547008547009 0.116452991452991 0.0972222222222222 0.142094017094017 0.125
"cheAbi" 0.107905982905983 0 0.0502136752136752 0.0427350427350427 0.0363247863247863 0.0363247863247863 0.0726495726495727 0.101495726495726 0.0299145299145299 0.0448717948717949 0.122863247863248 0.112179487179487 0.0897435897435897 0.0405982905982906 0.120726495726496 0.0651709401709402
"cheSer" 0.104700854700855 0.0502136752136752 0 0.0363247863247863 0.0395299145299145 0.0373931623931624 0.0555555555555556 0.0908119658119658 0.047008547008547 0.0352564102564103 0.118589743589744 0.103632478632479 0.0908119658119658 0.030982905982906 0.117521367521368 0.0598290598290598
"chrPic" 0.101495726495726 0.0427350427350427 0.0363247863247863 0 0.0331196581196581 0.030982905982906 0.061965811965812 0.0844017094017094 0.0405982905982906 0.00534188034188034 0.106837606837607 0.10042735042735 0.0833333333333333 0.0224358974358974 0.114316239316239 0.0405982905982906
"cuoAmb" 0.110042735042735 0.0363247863247863 0.0395299145299145 0.0331196581196581 0 0.00854700854700855 0.063034188034188 0.0950854700854701 0.030982905982906 0.0331196581196581 0.121794871794872 0.107905982905983 0.0908119658119658 0.0299145299145299 0.118589743589744 0.0544871794871795
"cuoMcc" 0.106837606837607 0.0363247863247863 0.0373931623931624 0.030982905982906 0.00854700854700855 0 0.0608974358974359 0.0897435897435897 0.030982905982906 0.030982905982906 0.11965811965812 0.107905982905983 0.0908119658119658 0.0277777777777778 0.116452991452991 0.0523504273504274
"derMaw" 0.122863247863248 0.0726495726495727 0.0555555555555556 0.061965811965812 0.063034188034188 0.0608974358974359 0 0.111111111111111 0.0673076923076923 0.063034188034188 0.138888888888889 0.126068376068376 0.108974358974359 0.0544871794871795 0.138888888888889 0.0811965811965812
"emySub" 0.127136752136752 0.101495726495726 0.0908119658119658 0.0844017094017094 0.0950854700854701 0.0897435897435897 0.111111111111111 0 0.0972222222222222 0.0865384615384615 0.0854700854700855 0.0865384615384615 0.123931623931624 0.0822649572649573 0.108974358974359 0.106837606837607
"gopAga" 0.108974358974359 0.0299145299145299 0.047008547008547 0.0405982905982906 0.030982905982906 0.030982905982906 0.0673076923076923 0.0972222222222222 0 0.0427350427350427 0.121794871794872 0.105769230769231 0.0886752136752137 0.0352564102564103 0.123931623931624 0.0608974358974359
"malTer" 0.10042735042735 0.0448717948717949 0.0352564102564103 0.00534188034188034 0.0331196581196581 0.030982905982906 0.063034188034188 0.0865384615384615 0.0427350427350427 0 0.110042735042735 0.103632478632479 0.0886752136752137 0.0235042735042735 0.118589743589744 0.0416666666666667
"mesTub" 0.148504273504274 0.122863247863248 0.118589743589744 0.106837606837607 0.121794871794872 0.11965811965812 0.138888888888889 0.0854700854700855 0.121794871794872 0.110042735042735 0 0.115384615384615 0.150641025641026 0.111111111111111 0.128205128205128 0.13034188034188
"pelCas" 0.133547008547009 0.112179487179487 0.103632478632479 0.10042735042735 0.107905982905983 0.107905982905983 0.126068376068376 0.0865384615384615 0.105769230769231 0.103632478632479 0.115384615384615 0 0.134615384615385 0.101495726495726 0.0801282051282051 0.122863247863248
"pelSin" 0.116452991452991 0.0897435897435897 0.0908119658119658 0.0833333333333333 0.0908119658119658 0.0908119658119658 0.108974358974359 0.123931623931624 0.0886752136752137 0.0886752136752137 0.150641025641026 0.134615384615385 0 0.0833333333333333 0.146367521367521 0.108974358974359
"plaMeg" 0.0972222222222222 0.0405982905982906 0.030982905982906 0.0224358974358974 0.0299145299145299 0.0277777777777778 0.0544871794871795 0.0822649572649573 0.0352564102564103 0.0235042735042735 0.111111111111111 0.101495726495726 0.0833333333333333 0 0.110042735042735 0.0405982905982906
"podExp" 0.142094017094017 0.120726495726496 0.117521367521368 0.114316239316239 0.118589743589744 0.116452991452991 0.138888888888889 0.108974358974359 0.123931623931624 0.118589743589744 0.128205128205128 0.0801282051282051 0.146367521367521 0.110042735042735 0 0.137820512820513
"terMex" 0.125 0.0651709401709402 0.0598290598290598 0.0405982905982906 0.0544871794871795 0.0523504273504274 0.0811965811965812 0.106837606837607 0.0608974358974359 0.0416666666666667 0.13034188034188 0.122863247863248 0.108974358974359 0.0405982905982906 0.137820512820513 0
