"carIns" "cheAbi" "cheSer" "chrPic" "cuoAmb" "cuoMcc" "derCor" "derMaw" "emySub" "gopAga" "malTer" "mesTub" "pelCas" "plaMeg" "podExp" "terMex"
"carIns" 0 0.0944081336238199 0.084241103848947 0.0813362381989833 0.0864197530864197 0.0849673202614379 0.0951343500363108 0.0944081336238199 0.0958605664488017 0.0864197530864197 0.084241103848947 0.0951343500363108 0.11837327523602 0.0791575889615105 0.131445170660857 0.0878721859114016
"cheAbi" 0.0944081336238199 0 0.0486564996368918 0.0406681190994916 0.0363108206245461 0.0355846042120552 0.0508351488743646 0.0791575889615105 0.0864197530864197 0.0290486564996369 0.0428467683369644 0.0769789397240378 0.0871459694989107 0.0428467683369644 0.103848946986202 0.0428467683369644
"cheSer" 0.084241103848947 0.0486564996368918 0 0.0341321713870733 0.0334059549745824 0.0355846042120552 0.0486564996368918 0.0595497458242556 0.0697167755991285 0.0406681190994916 0.0348583877995643 0.0624546114742193 0.0915032679738562 0.0326797385620915 0.101670297748729 0.0392156862745098
"chrPic" 0.0813362381989833 0.0406681190994916 0.0341321713870733 0 0.0232389251997095 0.0210602759622367 0.0515613652868555 0.0588235294117647 0.0689905591866376 0.0268700072621641 0.0065359477124183 0.0631808278867102 0.0900508351488744 0.0210602759622367 0.10239651416122 0.0152505446623094
"cuoAmb" 0.0864197530864197 0.0363108206245461 0.0334059549745824 0.0232389251997095 0 0.0065359477124183 0.0544662309368192 0.065359477124183 0.0769789397240378 0.0254175744371823 0.0239651416122004 0.0682643427741467 0.0944081336238199 0.028322440087146 0.104575163398693 0.028322440087146
"cuoMcc" 0.0849673202614379 0.0355846042120552 0.0355846042120552 0.0210602759622367 0.0065359477124183 0 0.0522875816993464 0.0617283950617284 0.0740740740740741 0.0225127087872186 0.0217864923747277 0.0682643427741467 0.0900508351488744 0.0261437908496732 0.105301379811184 0.0246913580246914
"derCor" 0.0951343500363108 0.0508351488743646 0.0486564996368918 0.0515613652868555 0.0544662309368192 0.0522875816993464 0 0.0755265068990559 0.0777051561365287 0.0551924473493101 0.0537400145243283 0.0726216412490922 0.0915032679738562 0.0479302832244009 0.104575163398693 0.0551924473493101
"derMaw" 0.0944081336238199 0.0791575889615105 0.0595497458242556 0.0588235294117647 0.065359477124183 0.0617283950617284 0.0755265068990559 0 0.0798838053740015 0.0660856935366739 0.0595497458242556 0.0740740740740741 0.11038489469862 0.0566448801742919 0.120551924473493 0.0646332607116921
"emySub" 0.0958605664488017 0.0864197530864197 0.0697167755991285 0.0689905591866376 0.0769789397240378 0.0740740740740741 0.0777051561365287 0.0798838053740015 0 0.0755265068990559 0.0711692084241104 0.0450254175744372 0.0835148874364561 0.0682643427741467 0.101670297748729 0.0733478576615832
"gopAga" 0.0864197530864197 0.0290486564996369 0.0406681190994916 0.0268700072621641 0.0254175744371823 0.0225127087872186 0.0551924473493101 0.0660856935366739 0.0755265068990559 0 0.0268700072621641 0.0697167755991285 0.092955700798838 0.0319535221496006 0.107480029048657 0.0319535221496006
"malTer" 0.084241103848947 0.0428467683369644 0.0348583877995643 0.0065359477124183 0.0239651416122004 0.0217864923747277 0.0537400145243283 0.0595497458242556 0.0711692084241104 0.0268700072621641 0 0.0668119099491648 0.0893246187363834 0.0232389251997095 0.0994916485112564 0.0159767610748003
"mesTub" 0.0951343500363108 0.0769789397240378 0.0624546114742193 0.0631808278867102 0.0682643427741467 0.0682643427741467 0.0726216412490922 0.0740740740740741 0.0450254175744372 0.0697167755991285 0.0668119099491648 0 0.0813362381989833 0.0617283950617284 0.0922294843863471 0.0711692084241104
"pelCas" 0.11837327523602 0.0871459694989107 0.0915032679738562 0.0900508351488744 0.0944081336238199 0.0900508351488744 0.0915032679738562 0.11038489469862 0.0835148874364561 0.092955700798838 0.0893246187363834 0.0813362381989833 0 0.0907770515613653 0.0777051561365287 0.092955700798838
"plaMeg" 0.0791575889615105 0.0428467683369644 0.0326797385620915 0.0210602759622367 0.028322440087146 0.0261437908496732 0.0479302832244009 0.0566448801742919 0.0682643427741467 0.0319535221496006 0.0232389251997095 0.0617283950617284 0.0907770515613653 0 0.103848946986202 0.0261437908496732
"podExp" 0.131445170660857 0.103848946986202 0.101670297748729 0.10239651416122 0.104575163398693 0.105301379811184 0.104575163398693 0.120551924473493 0.101670297748729 0.107480029048657 0.0994916485112564 0.0922294843863471 0.0777051561365287 0.103848946986202 0 0.106027596223675
"terMex" 0.0878721859114016 0.0428467683369644 0.0392156862745098 0.0152505446623094 0.028322440087146 0.0246913580246914 0.0551924473493101 0.0646332607116921 0.0733478576615832 0.0319535221496006 0.0159767610748003 0.0711692084241104 0.092955700798838 0.0261437908496732 0.106027596223675 0
