"carIns" "cheAbi" "cheMyd" "cheSer" "chrPic" "cuoAmb" "cuoMcc" "derCor" "derMaw" "emySub" "gopAga" "malTer" "mesTub" "pelCas" "pelSin" "plaMeg" "podExp"
"carIns" 0 0.0589541691903897 0.0607712497476277 0.057742782152231 0.0573389864728447 0.0591560670300828 0.0593579648697759 0.0605693519079346 0.0627902281445589 0.0637997173430244 0.0591560670300828 0.0692509590147385 0.0662224914193418 0.0902483343428225 0.0633959216636382 0.0551181102362205 0.0880274581061983
"cheAbi" 0.0589541691903897 0 0.0258429234807188 0.0236220472440945 0.0181708055723804 0.0149404401372905 0.0149404401372905 0.0282656975570361 0.0318998586715122 0.0393700787401575 0.0127195639006663 0.0304865737936604 0.0450232182515647 0.0660205935796487 0.0506763577629719 0.0145366444579043 0.0674338784575005
"cheMyd" 0.0607712497476277 0.0258429234807188 0 0.0205935796486978 0.0230163537250151 0.0252372299616394 0.0248334342822532 0.0169594185342217 0.0308903694730466 0.0405814657783162 0.026246719160105 0.0351302241066021 0.0470421966484959 0.0676357762971936 0.0488592772057339 0.0203916818090046 0.0658186957399556
"cheSer" 0.057742782152231 0.0236220472440945 0.0205935796486978 0 0.0207954774883909 0.022814455885322 0.022814455885322 0.0238239450837876 0.0260448213204119 0.0371492025035332 0.024429638602867 0.0329093478699778 0.043811831213406 0.0660205935796487 0.0474459923278821 0.0173632142136079 0.0654149000605694
"chrPic" 0.0573389864728447 0.0181708055723804 0.0230163537250151 0.0207954774883909 0 0.0173632142136079 0.0165556228548355 0.0248334342822532 0.0306884716333535 0.0373511003432263 0.0181708055723804 0.0153442358166768 0.0415909549767817 0.0650111043811831 0.0468402988088027 0.0102967898243489 0.0646073087017969
"cuoAmb" 0.0591560670300828 0.0149404401372905 0.0252372299616394 0.022814455885322 0.0173632142136079 0 0.00504744599232788 0.0270543105188774 0.0318998586715122 0.0375529981829194 0.0143347466182112 0.0292751867555017 0.0446194225721785 0.0652130022208762 0.0504744599232788 0.0141328487785181 0.066626287098728
"cuoMcc" 0.0593579648697759 0.0149404401372905 0.0248334342822532 0.022814455885322 0.0165556228548355 0.00504744599232788 0 0.0274581061982637 0.0318998586715122 0.0377548960226126 0.0141328487785181 0.0284675953967293 0.0444175247324854 0.0662224914193418 0.0502725620835857 0.0141328487785181 0.066626287098728
"derCor" 0.0605693519079346 0.0282656975570361 0.0169594185342217 0.0238239450837876 0.0248334342822532 0.0270543105188774 0.0274581061982637 0 0.0335150413890571 0.0413890571370886 0.0270543105188774 0.0369473046638401 0.0492630728851201 0.0690490611750454 0.0512820512820513 0.0232182515647083 0.0662224914193418
"derMaw" 0.0627902281445589 0.0318998586715122 0.0308903694730466 0.0260448213204119 0.0306884716333535 0.0318998586715122 0.0318998586715122 0.0335150413890571 0 0.0448213204118716 0.0325055521905916 0.0413890571370886 0.0512820512820513 0.0722794266101353 0.0526953361599031 0.0270543105188774 0.0728851201292146
"emySub" 0.0637997173430244 0.0393700787401575 0.0405814657783162 0.0371492025035332 0.0373511003432263 0.0375529981829194 0.0377548960226126 0.0413890571370886 0.0448213204118716 0 0.0391681809004644 0.049061175045427 0.0238239450837876 0.0573389864728447 0.0565313951140723 0.033313143549364 0.0547143145568342
"gopAga" 0.0591560670300828 0.0127195639006663 0.026246719160105 0.024429638602867 0.0181708055723804 0.0143347466182112 0.0141328487785181 0.0270543105188774 0.0325055521905916 0.0391681809004644 0 0.0300827781142742 0.0458308096103372 0.0658186957399556 0.0498687664041995 0.0149404401372905 0.06480920654149
"malTer" 0.0692509590147385 0.0304865737936604 0.0351302241066021 0.0329093478699778 0.0153442358166768 0.0292751867555017 0.0284675953967293 0.0369473046638401 0.0413890571370886 0.049061175045427 0.0300827781142742 0 0.0537048253583687 0.0761154855643045 0.0581465778316172 0.0222087623662427 0.0751059963658389
"mesTub" 0.0662224914193418 0.0450232182515647 0.0470421966484959 0.043811831213406 0.0415909549767817 0.0446194225721785 0.0444175247324854 0.0492630728851201 0.0512820512820513 0.0238239450837876 0.0458308096103372 0.0537048253583687 0 0.0627902281445589 0.0599636583888552 0.0399757722592368 0.0615788411064002
"pelCas" 0.0902483343428225 0.0660205935796487 0.0676357762971936 0.0660205935796487 0.0650111043811831 0.0652130022208762 0.0662224914193418 0.0690490611750454 0.0722794266101353 0.0573389864728447 0.0658186957399556 0.0761154855643045 0.0627902281445589 0 0.0817686250757117 0.0625883303048657 0.0642035130224107
"pelSin" 0.0633959216636382 0.0506763577629719 0.0488592772057339 0.0474459923278821 0.0468402988088027 0.0504744599232788 0.0502725620835857 0.0512820512820513 0.0526953361599031 0.0565313951140723 0.0498687664041995 0.0581465778316172 0.0599636583888552 0.0817686250757117 0 0.0446194225721785 0.0815667272360186
"plaMeg" 0.0551181102362205 0.0145366444579043 0.0203916818090046 0.0173632142136079 0.0102967898243489 0.0141328487785181 0.0141328487785181 0.0232182515647083 0.0270543105188774 0.033313143549364 0.0149404401372905 0.0222087623662427 0.0399757722592368 0.0625883303048657 0.0446194225721785 0 0.0625883303048657
"podExp" 0.0880274581061983 0.0674338784575005 0.0658186957399556 0.0654149000605694 0.0646073087017969 0.066626287098728 0.066626287098728 0.0662224914193418 0.0728851201292146 0.0547143145568342 0.06480920654149 0.0751059963658389 0.0615788411064002 0.0642035130224107 0.0815667272360186 0.0625883303048657 0
