"cheAbi" "cheMyd" "cheSer" "chrPic" "cuoAmb" "cuoMcc" "derCor" "derMaw" "emySub" "gopAga" "malTer" "mesTub" "pelCas" "pelSin" "plaMeg" "podExp"
"cheAbi" 0 0.0277777777777778 0.0399305555555556 0.0199652777777778 0.0130208333333333 0.0104166666666667 0.0277777777777778 0.0329861111111111 0.03125 0.00954861111111111 0.0225694444444444 0.03125 0.0390625 0.0407986111111111 0.0138888888888889 0.0434027777777778
"cheMyd" 0.0277777777777778 0 0.0416666666666667 0.0251736111111111 0.0286458333333333 0.0260416666666667 0.015625 0.0303819444444444 0.03125 0.0260416666666667 0.0277777777777778 0.0364583333333333 0.0416666666666667 0.0460069444444444 0.0208333333333333 0.0460069444444444
"cheSer" 0.0399305555555556 0.0416666666666667 0 0.0390625 0.0407986111111111 0.0399305555555556 0.0425347222222222 0.0486111111111111 0.0460069444444444 0.0407986111111111 0.0416666666666667 0.0512152777777778 0.0555555555555556 0.0598958333333333 0.0338541666666667 0.0633680555555556
"chrPic" 0.0199652777777778 0.0251736111111111 0.0390625 0 0.0208333333333333 0.0182291666666667 0.0269097222222222 0.0286458333333333 0.0269097222222222 0.0190972222222222 0.0078125 0.0321180555555556 0.0390625 0.0381944444444444 0.0130208333333333 0.046875
"cuoAmb" 0.0130208333333333 0.0286458333333333 0.0407986111111111 0.0208333333333333 0 0.00607638888888889 0.0277777777777778 0.0338541666666667 0.0286458333333333 0.0121527777777778 0.0234375 0.0321180555555556 0.0381944444444444 0.0416666666666667 0.0147569444444444 0.0416666666666667
"cuoMcc" 0.0104166666666667 0.0260416666666667 0.0399305555555556 0.0182291666666667 0.00607638888888889 0 0.0260416666666667 0.03125 0.0295138888888889 0.00954861111111111 0.0208333333333333 0.0329861111111111 0.0390625 0.0407986111111111 0.0121527777777778 0.0425347222222222
"derCor" 0.0277777777777778 0.015625 0.0425347222222222 0.0269097222222222 0.0277777777777778 0.0260416666666667 0 0.0329861111111111 0.0329861111111111 0.0269097222222222 0.0295138888888889 0.0373263888888889 0.0425347222222222 0.046875 0.0225694444444444 0.0477430555555556
"derMaw" 0.0329861111111111 0.0303819444444444 0.0486111111111111 0.0286458333333333 0.0338541666666667 0.03125 0.0329861111111111 0 0.0364583333333333 0.0321180555555556 0.03125 0.0425347222222222 0.046875 0.0477430555555556 0.0260416666666667 0.0538194444444444
"emySub" 0.03125 0.03125 0.0460069444444444 0.0269097222222222 0.0286458333333333 0.0295138888888889 0.0329861111111111 0.0364583333333333 0 0.0303819444444444 0.0295138888888889 0.0147569444444444 0.0277777777777778 0.0442708333333333 0.0243055555555556 0.0381944444444444
"gopAga" 0.00954861111111111 0.0260416666666667 0.0407986111111111 0.0190972222222222 0.0121527777777778 0.00954861111111111 0.0269097222222222 0.0321180555555556 0.0303819444444444 0 0.0217013888888889 0.0303819444444444 0.0399305555555556 0.0399305555555556 0.0130208333333333 0.0442708333333333
"malTer" 0.0225694444444444 0.0277777777777778 0.0416666666666667 0.0078125 0.0234375 0.0208333333333333 0.0295138888888889 0.03125 0.0295138888888889 0.0217013888888889 0 0.0347222222222222 0.0416666666666667 0.0390625 0.015625 0.0486111111111111
"mesTub" 0.03125 0.0364583333333333 0.0512152777777778 0.0321180555555556 0.0321180555555556 0.0329861111111111 0.0373263888888889 0.0425347222222222 0.0147569444444444 0.0303819444444444 0.0347222222222222 0 0.0338541666666667 0.0460069444444444 0.0295138888888889 0.0407986111111111
"pelCas" 0.0390625 0.0416666666666667 0.0555555555555556 0.0390625 0.0381944444444444 0.0390625 0.0425347222222222 0.046875 0.0277777777777778 0.0399305555555556 0.0416666666666667 0.0338541666666667 0 0.0512152777777778 0.0347222222222222 0.0416666666666667
"pelSin" 0.0407986111111111 0.0460069444444444 0.0598958333333333 0.0381944444444444 0.0416666666666667 0.0407986111111111 0.046875 0.0477430555555556 0.0442708333333333 0.0399305555555556 0.0390625 0.0460069444444444 0.0512152777777778 0 0.0355902777777778 0.0590277777777778
"plaMeg" 0.0138888888888889 0.0208333333333333 0.0338541666666667 0.0130208333333333 0.0147569444444444 0.0121527777777778 0.0225694444444444 0.0260416666666667 0.0243055555555556 0.0130208333333333 0.015625 0.0295138888888889 0.0347222222222222 0.0355902777777778 0 0.0416666666666667
"podExp" 0.0434027777777778 0.0460069444444444 0.0633680555555556 0.046875 0.0416666666666667 0.0425347222222222 0.0477430555555556 0.0538194444444444 0.0381944444444444 0.0442708333333333 0.0486111111111111 0.0407986111111111 0.0416666666666667 0.0590277777777778 0.0416666666666667 0
