"carIns" "cheAbi" "cheMyd" "cheSer" "chrPic" "cuoAmb" "cuoMcc" "derCor" "derMaw" "emySub" "gopAga" "malTer" "mesTub" "pelCas" "pelSin" "plaMeg" "podExp" "terMex"
"carIns" 0 0.107506950880445 0.114921223354958 0.0982391102873031 0.0973123262279889 0.100092678405931 0.10194624652456 0.103799814643188 0.110287303058387 0.121408711770158 0.105653382761817 0.0973123262279889 0.128822984244671 0.143651529193698 0.140871177015755 0.0954587581093605 0.165894346617238 0.0963855421686747
"cheAbi" 0.107506950880445 0 0.0639481000926784 0.0389249304911956 0.0287303058387396 0.0222428174235403 0.0250231696014829 0.0556070435588508 0.0602409638554217 0.0843373493975904 0.0250231696014829 0.0305838739573679 0.0954587581093605 0.125115848007414 0.126969416126043 0.025949953660797 0.145505097312326 0.025949953660797
"cheMyd" 0.114921223354958 0.0639481000926784 0 0.0509731232622799 0.0528266913809083 0.0546802594995366 0.0574606116774791 0.0491195551436515 0.0648748841519926 0.0973123262279889 0.0639481000926784 0.0537534754402224 0.106580166821131 0.134383688600556 0.13531047265987 0.0500463392029657 0.15291936978684 0.0491195551436515
"cheSer" 0.0982391102873031 0.0389249304911956 0.0509731232622799 0 0.0296570898980538 0.0296570898980538 0.0324374420759963 0.0389249304911956 0.0472659870250232 0.0778498609823911 0.0370713623725672 0.0305838739573679 0.0880444856348471 0.114921223354958 0.121408711770158 0.0268767377201112 0.139944392956441 0.025949953660797
"chrPic" 0.0973123262279889 0.0287303058387396 0.0528266913809083 0.0296570898980538 0 0.0213160333642261 0.0222428174235403 0.0426320667284523 0.0491195551436515 0.0750695088044486 0.0250231696014829 0.00556070435588508 0.0852641334569045 0.110287303058387 0.118628359592215 0.0120481927710843 0.13531047265987 0.00648748841519926
"cuoAmb" 0.100092678405931 0.0222428174235403 0.0546802594995366 0.0296570898980538 0.0213160333642261 0 0.00834105653382762 0.046339202965709 0.0491195551436515 0.0759962928637627 0.0213160333642261 0.0222428174235403 0.0898980537534754 0.119555143651529 0.117701575532901 0.0185356811862836 0.139944392956441 0.0176088971269694
"cuoMcc" 0.10194624652456 0.0250231696014829 0.0574606116774791 0.0324374420759963 0.0222428174235403 0.00834105653382762 0 0.0491195551436515 0.0537534754402224 0.0769230769230769 0.0231696014828545 0.0231696014828545 0.0908248378127896 0.120481927710843 0.116774791473587 0.0213160333642261 0.139017608897127 0.020389249304912
"derCor" 0.103799814643188 0.0556070435588508 0.0491195551436515 0.0389249304911956 0.0426320667284523 0.046339202965709 0.0491195551436515 0 0.056533827618165 0.0945319740500463 0.0537534754402224 0.0435588507877665 0.0991658943466172 0.126042632066728 0.128822984244671 0.0398517145505097 0.147358665430955 0.0389249304911956
"derMaw" 0.110287303058387 0.0602409638554217 0.0648748841519926 0.0472659870250232 0.0491195551436515 0.0491195551436515 0.0537534754402224 0.056533827618165 0 0.0954587581093605 0.0583873957367933 0.0500463392029657 0.109360518999073 0.134383688600556 0.136237256719184 0.046339202965709 0.149212233549583 0.0454124189063948
"emySub" 0.121408711770158 0.0843373493975904 0.0973123262279889 0.0778498609823911 0.0750695088044486 0.0759962928637627 0.0769230769230769 0.0945319740500463 0.0954587581093605 0 0.0852641334569045 0.0759962928637627 0.0426320667284523 0.0945319740500463 0.147358665430955 0.0741427247451344 0.117701575532901 0.0713623725671918
"gopAga" 0.105653382761817 0.0250231696014829 0.0639481000926784 0.0370713623725672 0.0250231696014829 0.0213160333642261 0.0231696014828545 0.0537534754402224 0.0583873957367933 0.0852641334569045 0 0.0268767377201112 0.0973123262279889 0.126042632066728 0.126042632066728 0.0231696014828545 0.145505097312326 0.0231696014828545
"malTer" 0.0973123262279889 0.0305838739573679 0.0537534754402224 0.0305838739573679 0.00556070435588508 0.0222428174235403 0.0231696014828545 0.0435588507877665 0.0500463392029657 0.0759962928637627 0.0268767377201112 0 0.0861909175162187 0.111214087117702 0.119555143651529 0.0139017608897127 0.132530120481928 0.00648748841519926
"mesTub" 0.128822984244671 0.0954587581093605 0.106580166821131 0.0880444856348471 0.0852641334569045 0.0898980537534754 0.0908248378127896 0.0991658943466172 0.109360518999073 0.0426320667284523 0.0973123262279889 0.0861909175162187 0 0.100092678405931 0.154772937905468 0.0861909175162187 0.1241890639481 0.0815569972196478
"pelCas" 0.143651529193698 0.125115848007414 0.134383688600556 0.114921223354958 0.110287303058387 0.119555143651529 0.120481927710843 0.126042632066728 0.134383688600556 0.0945319740500463 0.126042632066728 0.111214087117702 0.100092678405931 0 0.178869323447637 0.114921223354958 0.110287303058387 0.112140871177016
"pelSin" 0.140871177015755 0.126969416126043 0.13531047265987 0.121408711770158 0.118628359592215 0.117701575532901 0.116774791473587 0.128822984244671 0.136237256719184 0.147358665430955 0.126042632066728 0.119555143651529 0.154772937905468 0.178869323447637 0 0.117701575532901 0.195551436515292 0.116774791473587
"plaMeg" 0.0954587581093605 0.025949953660797 0.0500463392029657 0.0268767377201112 0.0120481927710843 0.0185356811862836 0.0213160333642261 0.0398517145505097 0.046339202965709 0.0741427247451344 0.0231696014828545 0.0139017608897127 0.0861909175162187 0.114921223354958 0.117701575532901 0 0.137164040778499 0.0092678405931418
"podExp" 0.165894346617238 0.145505097312326 0.15291936978684 0.139944392956441 0.13531047265987 0.139944392956441 0.139017608897127 0.147358665430955 0.149212233549583 0.117701575532901 0.145505097312326 0.132530120481928 0.1241890639481 0.110287303058387 0.195551436515292 0.137164040778499 0 0.133456904541242
"terMex" 0.0963855421686747 0.025949953660797 0.0491195551436515 0.025949953660797 0.00648748841519926 0.0176088971269694 0.020389249304912 0.0389249304911956 0.0454124189063948 0.0713623725671918 0.0231696014828545 0.00648748841519926 0.0815569972196478 0.112140871177016 0.116774791473587 0.0092678405931418 0.133456904541242 0
