"carIns" "cheAbi" "cheMyd" "cheSer" "chrPic" "cuoAmb" "cuoMcc" "derCor" "derMaw" "emySub" "gopAga" "malTer" "mesTub" "pelCas" "pelSin" "plaMeg" "podExp" "terMex"
"carIns" 0 0.112068965517241 0.125760649087221 0.107505070993915 0.105983772819473 0.126774847870183 0.101419878296146 0.111561866125761 0.115618661257606 0.118661257606491 0.129817444219067 0.105983772819473 0.124239350912779 0.140973630831643 0.129817444219067 0.10395537525355 0.232251521298174 0.0998985801217039
"cheAbi" 0.112068965517241 0 0.0618661257606491 0.0446247464503043 0.0334685598377282 0.050709939148073 0.0278904665314402 0.0532454361054767 0.0562880324543611 0.077079107505071 0.0496957403651116 0.0334685598377282 0.0917849898580122 0.106490872210953 0.101419878296146 0.0324543610547667 0.197768762677485 0.031947261663286
"cheMyd" 0.125760649087221 0.0618661257606491 0 0.0562880324543611 0.0532454361054767 0.0745436105476673 0.050709939148073 0.0461460446247465 0.0730223123732252 0.0882352941176471 0.0618661257606491 0.0532454361054767 0.101926977687627 0.114604462474645 0.108519269776876 0.0496957403651116 0.208924949290061 0.0491886409736308
"cheSer" 0.107505070993915 0.0446247464503043 0.0562880324543611 0 0.0339756592292089 0.0542596348884381 0.0309330628803245 0.0486815415821501 0.0466531440162272 0.0704868154158215 0.0608519269776876 0.0324543610547667 0.0867139959432049 0.0973630831643002 0.106490872210953 0.0299188640973631 0.19421906693712 0.0309330628803245
"chrPic" 0.105983772819473 0.0334685598377282 0.0532454361054767 0.0339756592292089 0 0.0466531440162272 0.0223123732251521 0.0446247464503043 0.0461460446247465 0.0664300202839757 0.0537525354969574 0.00811359026369168 0.0801217038539554 0.0933062880324544 0.0988843813387424 0.0172413793103448 0.188640973630832 0.0121703853955375
"cuoAmb" 0.126774847870183 0.050709939148073 0.0745436105476673 0.0542596348884381 0.0466531440162272 0 0.0344827586206897 0.0659229208924949 0.06947261663286 0.0912778904665314 0.06947261663286 0.0456389452332657 0.103448275862069 0.117647058823529 0.123732251521298 0.0441176470588235 0.213995943204868 0.0456389452332657
"cuoMcc" 0.101419878296146 0.0278904665314402 0.050709939148073 0.0309330628803245 0.0223123732251521 0.0344827586206897 0 0.0420892494929006 0.0476673427991886 0.0644016227180527 0.0441176470588235 0.0212981744421907 0.0791075050709939 0.0917849898580122 0.0978701825557809 0.0197768762677485 0.18762677484787 0.0212981744421907
"derCor" 0.111561866125761 0.0532454361054767 0.0461460446247465 0.0486815415821501 0.0446247464503043 0.0659229208924949 0.0420892494929006 0 0.0608519269776876 0.0750507099391481 0.0709939148073022 0.0466531440162272 0.0938133874239351 0.102941176470588 0.113590263691684 0.0410750507099392 0.200304259634888 0.0415821501014199
"derMaw" 0.115618661257606 0.0562880324543611 0.0730223123732252 0.0466531440162272 0.0461460446247465 0.06947261663286 0.0476673427991886 0.0608519269776876 0 0.0816430020283976 0.0750507099391481 0.0456389452332657 0.0978701825557809 0.112068965517241 0.112068965517241 0.0456389452332657 0.204361054766734 0.0446247464503043
"emySub" 0.118661257606491 0.077079107505071 0.0882352941176471 0.0704868154158215 0.0664300202839757 0.0912778904665314 0.0644016227180527 0.0750507099391481 0.0816430020283976 0 0.0933062880324544 0.0674442190669371 0.0547667342799189 0.0872210953346856 0.121196754563895 0.0628803245436105 0.18052738336714 0.0649087221095335
"gopAga" 0.129817444219067 0.0496957403651116 0.0618661257606491 0.0608519269776876 0.0537525354969574 0.06947261663286 0.0441176470588235 0.0709939148073022 0.0750507099391481 0.0933062880324544 0 0.0527383367139959 0.109026369168357 0.122210953346856 0.108519269776876 0.050709939148073 0.207910750507099 0.0512170385395538
"malTer" 0.105983772819473 0.0334685598377282 0.0532454361054767 0.0324543610547667 0.00811359026369168 0.0456389452332657 0.0212981744421907 0.0466531440162272 0.0456389452332657 0.0674442190669371 0.0527383367139959 0 0.082657200811359 0.0938133874239351 0.100405679513185 0.0172413793103448 0.191683569979716 0.0111561866125761
"mesTub" 0.124239350912779 0.0917849898580122 0.101926977687627 0.0867139959432049 0.0801217038539554 0.103448275862069 0.0791075050709939 0.0938133874239351 0.0978701825557809 0.0547667342799189 0.109026369168357 0.082657200811359 0 0.0917849898580122 0.125760649087221 0.0775862068965517 0.19421906693712 0.0806288032454361
"pelCas" 0.140973630831643 0.106490872210953 0.114604462474645 0.0973630831643002 0.0933062880324544 0.117647058823529 0.0917849898580122 0.102941176470588 0.112068965517241 0.0872210953346856 0.122210953346856 0.0938133874239351 0.0917849898580122 0 0.139959432048682 0.0907707910750507 0.182048681541582 0.0943204868154158
"pelSin" 0.129817444219067 0.101419878296146 0.108519269776876 0.106490872210953 0.0988843813387424 0.123732251521298 0.0978701825557809 0.113590263691684 0.112068965517241 0.121196754563895 0.108519269776876 0.100405679513185 0.125760649087221 0.139959432048682 0 0.0968559837728195 0.22920892494929 0.0978701825557809
"plaMeg" 0.10395537525355 0.0324543610547667 0.0496957403651116 0.0299188640973631 0.0172413793103448 0.0441176470588235 0.0197768762677485 0.0410750507099392 0.0456389452332657 0.0628803245436105 0.050709939148073 0.0172413793103448 0.0775862068965517 0.0907707910750507 0.0968559837728195 0 0.189148073022312 0.0162271805273834
"podExp" 0.232251521298174 0.197768762677485 0.208924949290061 0.19421906693712 0.188640973630832 0.213995943204868 0.18762677484787 0.200304259634888 0.204361054766734 0.18052738336714 0.207910750507099 0.191683569979716 0.19421906693712 0.182048681541582 0.22920892494929 0.189148073022312 0 0.190162271805274
"terMex" 0.0998985801217039 0.031947261663286 0.0491886409736308 0.0309330628803245 0.0121703853955375 0.0456389452332657 0.0212981744421907 0.0415821501014199 0.0446247464503043 0.0649087221095335 0.0512170385395538 0.0111561866125761 0.0806288032454361 0.0943204868154158 0.0978701825557809 0.0162271805273834 0.190162271805274 0
