"carIns" "cheAbi" "cheMyd" "cheSer" "chrPic" "cuoAmb" "cuoMcc" "derCor" "derMaw" "emySub" "gopAga" "malTer" "mesTub" "pelCas" "pelSin" "plaMeg" "podExp" "terMex"
"carIns" 0 0.11690496215307 0.323801513877208 0.262405382674516 0.117746005046257 0.101766190075694 0.0984020185029437 0.111017661900757 0.244743481917578 0.119428090832632 0.106812447434819 0.292682926829268 0.12363330529857 0.180824222035324 0.322119428090833 0.0984020185029437 0.182506307821699 0.118587047939445
"cheAbi" 0.11690496215307 0 0.306139613120269 0.241379310344828 0.0496215306980656 0.063919259882254 0.063919259882254 0.0857863751051304 0.246425567703953 0.0773759461732548 0.0656013456686291 0.27502102607233 0.0866274179983179 0.144659377628259 0.291000841042893 0.0504625735912532 0.148023549201009 0.0470984020185029
"cheMyd" 0.323801513877208 0.306139613120269 0 0.312026913372582 0.306980656013457 0.283431455004205 0.282590412111018 0.277544154751892 0.445752733389403 0.318755256518082 0.277544154751892 0.466778805719092 0.322119428090833 0.365012615643398 0.359125315391085 0.283431455004205 0.362489486963835 0.303616484440706
"cheSer" 0.262405382674516 0.241379310344828 0.312026913372582 0 0.236333052985702 0.220353238015139 0.217830109335576 0.224558452481077 0.378469301934399 0.263246425567704 0.223717409587889 0.39529015979815 0.264928511354079 0.31286795626577 0.36753574432296 0.216989066442389 0.306980656013457 0.236333052985702
"chrPic" 0.117746005046257 0.0496215306980656 0.306980656013457 0.236333052985702 0 0.071488645920942 0.071488645920942 0.0824222035323802 0.242220353238015 0.0597140454163162 0.0773759461732548 0.267451640033642 0.0689655172413793 0.138772077375946 0.277544154751892 0.048780487804878 0.146341463414634 0.0126156433978133
"cuoAmb" 0.101766190075694 0.063919259882254 0.283431455004205 0.220353238015139 0.071488645920942 0 0.00336417157275021 0.0378469301934399 0.224558452481077 0.100925147182506 0.0193439865433137 0.265769554247267 0.111858704793944 0.164003364171573 0.321278385197645 0.048780487804878 0.16484440706476 0.0689655172413793
"cuoMcc" 0.0984020185029437 0.063919259882254 0.282590412111018 0.217830109335576 0.071488645920942 0.00336417157275021 0 0.0361648444070648 0.224558452481077 0.0992430613961312 0.0193439865433137 0.265769554247267 0.110176619007569 0.162321278385198 0.31959629941127 0.048780487804878 0.162321278385198 0.0689655172413793
"derCor" 0.111017661900757 0.0857863751051304 0.277544154751892 0.224558452481077 0.0824222035323802 0.0378469301934399 0.0361648444070648 0 0.232127838519765 0.108494533221194 0.0445752733389403 0.273338940285955 0.11690496215307 0.167367535744323 0.32296047098402 0.0613961312026913 0.16484440706476 0.0815811606391926
"derMaw" 0.244743481917578 0.246425567703953 0.445752733389403 0.378469301934399 0.242220353238015 0.224558452481077 0.224558452481077 0.232127838519765 0 0.257359125315391 0.230445752733389 0.298570227081581 0.264928511354079 0.317914213624895 0.457527333894029 0.230445752733389 0.311185870479394 0.242220353238015
"emySub" 0.119428090832632 0.0773759461732548 0.318755256518082 0.263246425567704 0.0597140454163162 0.100925147182506 0.0992430613961312 0.108494533221194 0.257359125315391 0 0.103448275862069 0.300252312867956 0.0437342304457527 0.131202691337258 0.282590412111018 0.0782169890664424 0.136248948696384 0.0555088309503785
"gopAga" 0.106812447434819 0.0656013456686291 0.277544154751892 0.223717409587889 0.0773759461732548 0.0193439865433137 0.0193439865433137 0.0445752733389403 0.230445752733389 0.103448275862069 0 0.269974768713204 0.114381833473507 0.163162321278385 0.321278385197645 0.0546677880571909 0.164003364171573 0.0748528174936922
"malTer" 0.292682926829268 0.27502102607233 0.466778805719092 0.39529015979815 0.267451640033642 0.265769554247267 0.265769554247267 0.273338940285955 0.298570227081581 0.300252312867956 0.269974768713204 0 0.307821698906644 0.349873843566022 0.48107653490328 0.262405382674516 0.35744322960471 0.269133725820017
"mesTub" 0.12363330529857 0.0866274179983179 0.322119428090833 0.264928511354079 0.0689655172413793 0.111858704793944 0.110176619007569 0.11690496215307 0.264928511354079 0.0437342304457527 0.114381833473507 0.307821698906644 0 0.141295206055509 0.28511354079058 0.0866274179983179 0.145500420521447 0.0656013456686291
"pelCas" 0.180824222035324 0.144659377628259 0.365012615643398 0.31286795626577 0.138772077375946 0.164003364171573 0.162321278385198 0.167367535744323 0.317914213624895 0.131202691337258 0.163162321278385 0.349873843566022 0.141295206055509 0 0.336417157275021 0.140454163162321 0.134566862910008 0.137089991589571
"pelSin" 0.322119428090833 0.291000841042893 0.359125315391085 0.36753574432296 0.277544154751892 0.321278385197645 0.31959629941127 0.32296047098402 0.457527333894029 0.282590412111018 0.321278385197645 0.48107653490328 0.28511354079058 0.336417157275021 0 0.296888141295206 0.336417157275021 0.276703111858705
"plaMeg" 0.0984020185029437 0.0504625735912532 0.283431455004205 0.216989066442389 0.048780487804878 0.048780487804878 0.048780487804878 0.0613961312026913 0.230445752733389 0.0782169890664424 0.0546677880571909 0.262405382674516 0.0866274179983179 0.140454163162321 0.296888141295206 0 0.141295206055509 0.0470984020185029
"podExp" 0.182506307821699 0.148023549201009 0.362489486963835 0.306980656013457 0.146341463414634 0.16484440706476 0.162321278385198 0.16484440706476 0.311185870479394 0.136248948696384 0.164003364171573 0.35744322960471 0.145500420521447 0.134566862910008 0.336417157275021 0.141295206055509 0 0.147182506307822
"terMex" 0.118587047939445 0.0470984020185029 0.303616484440706 0.236333052985702 0.0126156433978133 0.0689655172413793 0.0689655172413793 0.0815811606391926 0.242220353238015 0.0555088309503785 0.0748528174936922 0.269133725820017 0.0656013456686291 0.137089991589571 0.276703111858705 0.0470984020185029 0.147182506307822 0
