"carIns" "cheAbi" "cheMyd" "cheSer" "chrPic" "cuoAmb" "cuoMcc" "derCor" "derMaw" "emySub" "gopAga" "malTer" "mesTub" "pelCas" "pelSin" "plaMeg" "podExp" "terMex"
"carIns" 0 0.164835164835165 0.165750915750916 0.162087912087912 0.16025641025641 0.163919413919414 0.161172161172161 0.171245421245421 0.167582417582418 0.163003663003663 0.16025641025641 0.173076923076923 0.17032967032967 0.17948717948718 0.154761904761905 0.152014652014652 0.184065934065934 0.156593406593407
"cheAbi" 0.164835164835165 0 0.0393772893772894 0.0265567765567766 0.0247252747252747 0.0210622710622711 0.0155677655677656 0.0421245421245421 0.0421245421245421 0.0833333333333333 0.00915750915750916 0.0595238095238095 0.0576923076923077 0.0705128205128205 0.0705128205128205 0.0210622710622711 0.0668498168498168 0.021978021978022
"cheMyd" 0.165750915750916 0.0393772893772894 0 0.032967032967033 0.0393772893772894 0.0402930402930403 0.0366300366300366 0.0201465201465201 0.054029304029304 0.0934065934065934 0.0357142857142857 0.076007326007326 0.0677655677655678 0.0805860805860806 0.076007326007326 0.0302197802197802 0.0796703296703297 0.0357142857142857
"cheSer" 0.162087912087912 0.0265567765567766 0.032967032967033 0 0.0238095238095238 0.0274725274725275 0.0238095238095238 0.0375457875457875 0.0402930402930403 0.0842490842490843 0.0247252747252747 0.0604395604395604 0.0604395604395604 0.0723443223443224 0.0677655677655678 0.0164835164835165 0.0695970695970696 0.0210622710622711
"chrPic" 0.16025641025641 0.0247252747252747 0.0393772893772894 0.0238095238095238 0 0.0256410256410256 0.021978021978022 0.0421245421245421 0.0421245421245421 0.0842490842490843 0.0228937728937729 0.0402930402930403 0.0604395604395604 0.0732600732600733 0.0695970695970696 0.0164835164835165 0.0705128205128205 0.0119047619047619
"cuoAmb" 0.163919413919414 0.0210622710622711 0.0402930402930403 0.0274725274725275 0.0256410256410256 0 0.00732600732600733 0.0421245421245421 0.0467032967032967 0.0851648351648352 0.0173992673992674 0.0604395604395604 0.0595238095238095 0.0741758241758242 0.0714285714285714 0.0201465201465201 0.0695970695970696 0.021978021978022
"cuoMcc" 0.161172161172161 0.0155677655677656 0.0366300366300366 0.0238095238095238 0.021978021978022 0.00732600732600733 0 0.0384615384615385 0.0448717948717949 0.0842490842490843 0.0119047619047619 0.0567765567765568 0.0567765567765568 0.0714285714285714 0.0677655677655678 0.0164835164835165 0.0668498168498168 0.0192307692307692
"derCor" 0.171245421245421 0.0421245421245421 0.0201465201465201 0.0375457875457875 0.0421245421245421 0.0421245421245421 0.0384615384615385 0 0.0576923076923077 0.0924908424908425 0.0384615384615385 0.0778388278388278 0.0686813186813187 0.0815018315018315 0.0769230769230769 0.0347985347985348 0.0805860805860806 0.0384615384615385
"derMaw" 0.167582417582418 0.0421245421245421 0.054029304029304 0.0402930402930403 0.0421245421245421 0.0467032967032967 0.0448717948717949 0.0576923076923077 0 0.0961538461538462 0.0421245421245421 0.0787545787545788 0.0732600732600733 0.0833333333333333 0.0851648351648352 0.0375457875457875 0.0897435897435897 0.0412087912087912
"emySub" 0.163003663003663 0.0833333333333333 0.0934065934065934 0.0842490842490843 0.0842490842490843 0.0851648351648352 0.0842490842490843 0.0924908424908425 0.0961538461538462 0 0.0851648351648352 0.117216117216117 0.0567765567765568 0.0833333333333333 0.100732600732601 0.0815018315018315 0.0879120879120879 0.0815018315018315
"gopAga" 0.16025641025641 0.00915750915750916 0.0357142857142857 0.0247252747252747 0.0228937728937729 0.0173992673992674 0.0119047619047619 0.0384615384615385 0.0421245421245421 0.0851648351648352 0 0.0586080586080586 0.0595238095238095 0.0686813186813187 0.0668498168498168 0.0155677655677656 0.0668498168498168 0.0183150183150183
"malTer" 0.173076923076923 0.0595238095238095 0.076007326007326 0.0604395604395604 0.0402930402930403 0.0604395604395604 0.0567765567765568 0.0778388278388278 0.0787545787545788 0.117216117216117 0.0586080586080586 0 0.0934065934065934 0.106227106227106 0.101648351648352 0.0521978021978022 0.103479853479853 0.0485347985347985
"mesTub" 0.17032967032967 0.0576923076923077 0.0677655677655678 0.0604395604395604 0.0604395604395604 0.0595238095238095 0.0567765567765568 0.0686813186813187 0.0732600732600733 0.0567765567765568 0.0595238095238095 0.0934065934065934 0 0.0622710622710623 0.0851648351648352 0.0567765567765568 0.0641025641025641 0.0576923076923077
"pelCas" 0.17948717948718 0.0705128205128205 0.0805860805860806 0.0723443223443224 0.0732600732600733 0.0741758241758242 0.0714285714285714 0.0815018315018315 0.0833333333333333 0.0833333333333333 0.0686813186813187 0.106227106227106 0.0622710622710623 0 0.086996336996337 0.0641025641025641 0.054029304029304 0.0705128205128205
"pelSin" 0.154761904761905 0.0705128205128205 0.076007326007326 0.0677655677655678 0.0695970695970696 0.0714285714285714 0.0677655677655678 0.0769230769230769 0.0851648351648352 0.100732600732601 0.0668498168498168 0.101648351648352 0.0851648351648352 0.086996336996337 0 0.0604395604395604 0.0924908424908425 0.0677655677655678
"plaMeg" 0.152014652014652 0.0210622710622711 0.0302197802197802 0.0164835164835165 0.0164835164835165 0.0201465201465201 0.0164835164835165 0.0347985347985348 0.0375457875457875 0.0815018315018315 0.0155677655677656 0.0521978021978022 0.0567765567765568 0.0641025641025641 0.0604395604395604 0 0.065018315018315 0.0137362637362637
"podExp" 0.184065934065934 0.0668498168498168 0.0796703296703297 0.0695970695970696 0.0705128205128205 0.0695970695970696 0.0668498168498168 0.0805860805860806 0.0897435897435897 0.0879120879120879 0.0668498168498168 0.103479853479853 0.0641025641025641 0.054029304029304 0.0924908424908425 0.065018315018315 0 0.065018315018315
"terMex" 0.156593406593407 0.021978021978022 0.0357142857142857 0.0210622710622711 0.0119047619047619 0.021978021978022 0.0192307692307692 0.0384615384615385 0.0412087912087912 0.0815018315018315 0.0183150183150183 0.0485347985347985 0.0576923076923077 0.0705128205128205 0.0677655677655678 0.0137362637362637 0.065018315018315 0
