"carIns" "cheAbi" "cheMyd" "cheSer" "chrPic" "cuoAmb" "cuoMcc" "derCor" "derMaw" "emySub" "malTer" "mesTub" "pelCas" "pelSin" "plaMeg" "podExp" "terMex"
"carIns" 0 0.101772151898734 0.0941772151898734 0.100759493670886 0.0941772151898734 0.139746835443038 0.099746835443038 0.100759493670886 0.105822784810127 0.122025316455696 0.131139240506329 0.114430379746835 0.123544303797468 0.0977215189873418 0.0916455696202532 0.204050632911392 0.0951898734177215
"cheAbi" 0.101772151898734 0 0.0430379746835443 0.0445569620253165 0.0288607594936709 0.0658227848101266 0.0248101265822785 0.0486075949367089 0.0475949367088608 0.0764556962025316 0.0713924050632911 0.0718987341772152 0.080506329113924 0.0835443037974684 0.0308860759493671 0.169620253164557 0.0283544303797468
"cheMyd" 0.0941772151898734 0.0430379746835443 0 0.039493670886076 0.0334177215189873 0.079493670886076 0.04 0.0207594936708861 0.0450632911392405 0.0718987341772152 0.0724050632911392 0.0668354430379747 0.0789873417721519 0.0810126582278481 0.0318987341772152 0.168607594936709 0.0334177215189873
"cheSer" 0.100759493670886 0.0445569620253165 0.039493670886076 0 0.0354430379746835 0.0840506329113924 0.0440506329113924 0.0440506329113924 0.0384810126582278 0.0774683544303797 0.0779746835443038 0.0718987341772152 0.0875949367088608 0.0850632911392405 0.0359493670886076 0.17620253164557 0.0354430379746835
"chrPic" 0.0941772151898734 0.0288607594936709 0.0334177215189873 0.0354430379746835 0 0.0688607594936709 0.0283544303797468 0.0389873417721519 0.039493670886076 0.0648101265822785 0.0440506329113924 0.0607594936708861 0.0724050632911392 0.0734177215189873 0.0172151898734177 0.16506329113924 0.00911392405063291
"cuoAmb" 0.139746835443038 0.0658227848101266 0.079493670886076 0.0840506329113924 0.0688607594936709 0 0.049620253164557 0.0845569620253165 0.0881012658227848 0.112405063291139 0.111898734177215 0.106329113924051 0.115949367088608 0.12253164556962 0.0688607594936709 0.211645569620253 0.0678481012658228
"cuoMcc" 0.099746835443038 0.0248101265822785 0.04 0.0440506329113924 0.0283544303797468 0.049620253164557 0 0.0460759493670886 0.0486075949367089 0.0724050632911392 0.0693670886075949 0.0648101265822785 0.0784810126582278 0.0840506329113924 0.0283544303797468 0.169620253164557 0.0273417721518987
"derCor" 0.100759493670886 0.0486075949367089 0.0207594936708861 0.0440506329113924 0.0389873417721519 0.0845569620253165 0.0460759493670886 0 0.050126582278481 0.080506329113924 0.0789873417721519 0.0729113924050633 0.0830379746835443 0.0855696202531646 0.0364556962025316 0.172658227848101 0.0389873417721519
"derMaw" 0.105822784810127 0.0475949367088608 0.0450632911392405 0.0384810126582278 0.039493670886076 0.0881012658227848 0.0486075949367089 0.050126582278481 0 0.08 0.0820253164556962 0.0749367088607595 0.0886075949367089 0.0881012658227848 0.0415189873417722 0.173164556962025 0.039493670886076
"emySub" 0.122025316455696 0.0764556962025316 0.0718987341772152 0.0774683544303797 0.0648101265822785 0.112405063291139 0.0724050632911392 0.080506329113924 0.08 0 0.101772151898734 0.0455696202531646 0.0749367088607595 0.101772151898734 0.0683544303797468 0.17620253164557 0.0673417721518987
"malTer" 0.131139240506329 0.0713924050632911 0.0724050632911392 0.0779746835443038 0.0440506329113924 0.111898734177215 0.0693670886075949 0.0789873417721519 0.0820253164556962 0.101772151898734 0 0.0982278481012658 0.110379746835443 0.113417721518987 0.059746835443038 0.203544303797468 0.0531645569620253
"mesTub" 0.114430379746835 0.0718987341772152 0.0668354430379747 0.0718987341772152 0.0607594936708861 0.106329113924051 0.0648101265822785 0.0729113924050633 0.0749367088607595 0.0455696202531646 0.0982278481012658 0 0.0744303797468354 0.0972151898734177 0.0632911392405063 0.170126582278481 0.0607594936708861
"pelCas" 0.123544303797468 0.080506329113924 0.0789873417721519 0.0875949367088608 0.0724050632911392 0.115949367088608 0.0784810126582278 0.0830379746835443 0.0886075949367089 0.0749367088607595 0.110379746835443 0.0744303797468354 0 0.103291139240506 0.0734177215189873 0.166075949367089 0.0718987341772152
"pelSin" 0.0977215189873418 0.0835443037974684 0.0810126582278481 0.0850632911392405 0.0734177215189873 0.12253164556962 0.0840506329113924 0.0855696202531646 0.0881012658227848 0.101772151898734 0.113417721518987 0.0972151898734177 0.103291139240506 0 0.0754430379746835 0.184303797468354 0.0744303797468354
"plaMeg" 0.0916455696202532 0.0308860759493671 0.0318987341772152 0.0359493670886076 0.0172151898734177 0.0688607594936709 0.0283544303797468 0.0364556962025316 0.0415189873417722 0.0683544303797468 0.059746835443038 0.0632911392405063 0.0734177215189873 0.0754430379746835 0 0.166582278481013 0.0192405063291139
"podExp" 0.204050632911392 0.169620253164557 0.168607594936709 0.17620253164557 0.16506329113924 0.211645569620253 0.169620253164557 0.172658227848101 0.173164556962025 0.17620253164557 0.203544303797468 0.170126582278481 0.166075949367089 0.184303797468354 0.166582278481013 0 0.167594936708861
"terMex" 0.0951898734177215 0.0283544303797468 0.0334177215189873 0.0354430379746835 0.00911392405063291 0.0678481012658228 0.0273417721518987 0.0389873417721519 0.039493670886076 0.0673417721518987 0.0531645569620253 0.0607594936708861 0.0718987341772152 0.0744303797468354 0.0192405063291139 0.167594936708861 0
