"carIns" "cheAbi" "cheMyd" "cheSer" "cuoAmb" "cuoMcc" "derCor" "derMaw" "emySub" "gopAga" "malTer" "mesTub" "pelCas" "pelSin" "plaMeg" "podExp" "terMex"
"carIns" 0 0.0671902268760907 0.0584642233856894 0.111692844677138 0.18673647469459 0.0619546247818499 0.0636998254799302 0.0698080279232112 0.068935427574171 0.0645724258289703 0.213787085514834 0.0724258289703316 0.0785340314136126 0.0593368237347295 0.0602094240837696 0.0759162303664921 0.0610820244328098
"cheAbi" 0.0671902268760907 0 0.0218150087260035 0.0698080279232112 0.162303664921466 0.012216404886562 0.0279232111692845 0.0401396160558464 0.043630017452007 0.0130890052356021 0.18586387434555 0.0619546247818499 0.0645724258289703 0.0549738219895288 0.0139616055846422 0.0698080279232112 0.0148342059336824
"cheMyd" 0.0584642233856894 0.0218150087260035 0 0.0706806282722513 0.161431064572426 0.0165794066317627 0.0139616055846422 0.0287958115183246 0.043630017452007 0.0209424083769634 0.182373472949389 0.0549738219895288 0.0602094240837696 0.0523560209424084 0.0148342059336824 0.0610820244328098 0.0157068062827225
"cheSer" 0.111692844677138 0.0698080279232112 0.0706806282722513 0 0.191972076788831 0.068935427574171 0.0767888307155323 0.0863874345549738 0.0924956369982548 0.0715532286212914 0.233856893542757 0.106457242582897 0.114310645724258 0.103839441535777 0.0671902268760907 0.116928446771379 0.0671902268760907
"cuoAmb" 0.18673647469459 0.162303664921466 0.161431064572426 0.191972076788831 0 0.153577661431065 0.160558464223386 0.166666666666667 0.183246073298429 0.159685863874346 0.288830715532286 0.180628272251309 0.197207678883072 0.184118673647469 0.157068062827225 0.18586387434555 0.160558464223386
"cuoMcc" 0.0619546247818499 0.012216404886562 0.0165794066317627 0.068935427574171 0.153577661431065 0 0.0226876090750436 0.0331588132635253 0.0418848167539267 0.0113438045375218 0.178883071553229 0.0593368237347295 0.06282722513089 0.049738219895288 0.0087260034904014 0.0654450261780105 0.00959860383944154
"derCor" 0.0636998254799302 0.0279232111692845 0.0139616055846422 0.0767888307155323 0.160558464223386 0.0226876090750436 0 0.0366492146596859 0.0514834205933682 0.025305410122164 0.18673647469459 0.0567190226876091 0.0680628272251309 0.0593368237347295 0.0226876090750436 0.068935427574171 0.0235602094240838
"derMaw" 0.0698080279232112 0.0401396160558464 0.0287958115183246 0.0863874345549738 0.166666666666667 0.0331588132635253 0.0366492146596859 0 0.0584642233856894 0.037521815008726 0.192844677137871 0.0619546247818499 0.0636998254799302 0.0610820244328098 0.0331588132635253 0.06282722513089 0.0340314136125654
"emySub" 0.068935427574171 0.043630017452007 0.043630017452007 0.0924956369982548 0.183246073298429 0.0418848167539267 0.0514834205933682 0.0584642233856894 0 0.0427574171029668 0.197207678883072 0.0401396160558464 0.0523560209424084 0.0610820244328098 0.0410122164048866 0.0584642233856894 0.0401396160558464
"gopAga" 0.0645724258289703 0.0130890052356021 0.0209424083769634 0.0715532286212914 0.159685863874346 0.0113438045375218 0.025305410122164 0.037521815008726 0.0427574171029668 0 0.182373472949389 0.0610820244328098 0.0636998254799302 0.0523560209424084 0.0130890052356021 0.068935427574171 0.0139616055846422
"malTer" 0.213787085514834 0.18586387434555 0.182373472949389 0.233856893542757 0.288830715532286 0.178883071553229 0.18673647469459 0.192844677137871 0.197207678883072 0.182373472949389 0 0.206806282722513 0.209424083769634 0.195462478184991 0.178883071553229 0.211169284467714 0.175392670157068
"mesTub" 0.0724258289703316 0.0619546247818499 0.0549738219895288 0.106457242582897 0.180628272251309 0.0593368237347295 0.0567190226876091 0.0619546247818499 0.0401396160558464 0.0610820244328098 0.206806282722513 0 0.0602094240837696 0.0663176265270506 0.0602094240837696 0.0549738219895288 0.0593368237347295
"pelCas" 0.0785340314136126 0.0645724258289703 0.0602094240837696 0.114310645724258 0.197207678883072 0.06282722513089 0.0680628272251309 0.0636998254799302 0.0523560209424084 0.0636998254799302 0.209424083769634 0.0602094240837696 0 0.0706806282722513 0.06282722513089 0.0514834205933682 0.0636998254799302
"pelSin" 0.0593368237347295 0.0549738219895288 0.0523560209424084 0.103839441535777 0.184118673647469 0.049738219895288 0.0593368237347295 0.0610820244328098 0.0610820244328098 0.0523560209424084 0.195462478184991 0.0663176265270506 0.0706806282722513 0 0.0514834205933682 0.075043630017452 0.0523560209424084
"plaMeg" 0.0602094240837696 0.0139616055846422 0.0148342059336824 0.0671902268760907 0.157068062827225 0.0087260034904014 0.0226876090750436 0.0331588132635253 0.0410122164048866 0.0130890052356021 0.178883071553229 0.0602094240837696 0.06282722513089 0.0514834205933682 0 0.0654450261780105 0.00959860383944154
"podExp" 0.0759162303664921 0.0698080279232112 0.0610820244328098 0.116928446771379 0.18586387434555 0.0654450261780105 0.068935427574171 0.06282722513089 0.0584642233856894 0.068935427574171 0.211169284467714 0.0549738219895288 0.0514834205933682 0.075043630017452 0.0654450261780105 0 0.0663176265270506
"terMex" 0.0610820244328098 0.0148342059336824 0.0157068062827225 0.0671902268760907 0.160558464223386 0.00959860383944154 0.0235602094240838 0.0340314136125654 0.0401396160558464 0.0139616055846422 0.175392670157068 0.0593368237347295 0.0636998254799302 0.0523560209424084 0.00959860383944154 0.0663176265270506 0
