"carIns" "cheAbi" "cheMyd" "cheSer" "chrPic" "cuoAmb" "derCor" "derMaw" "emySub" "gopAga" "malTer" "mesTub" "pelCas" "pelSin" "plaMeg" "podExp" "terMex"
"carIns" 0 0.0646359583952452 0.0817236255572065 0.062407132243685 0.0601783060921248 0.062407132243685 0.0668647845468053 0.0653789004457652 0.0713224368499257 0.0616641901931649 0.0579494799405646 0.0676077265973254 0.0713224368499257 0.0794947994056464 0.0594353640416048 0.0802377414561664 0.0594353640416048
"cheAbi" 0.0646359583952452 0 0.0490341753343239 0.0304606240713224 0.0222882615156018 0.0193164933135215 0.037147102526003 0.0356612184249629 0.0638930163447251 0.0133729569093611 0.0215453194650817 0.0601783060921248 0.0668647845468053 0.0884101040118871 0.0230312035661218 0.0742942050520059 0.0200594353640416
"cheMyd" 0.0817236255572065 0.0490341753343239 0 0.0423476968796434 0.037890044576523 0.0408618127786033 0.0282317979197623 0.0468053491827637 0.0690936106983655 0.0408618127786033 0.0356612184249629 0.0713224368499257 0.0772659732540862 0.0928677563150074 0.0386329866270431 0.0861812778603269 0.037890044576523
"cheSer" 0.062407132243685 0.0304606240713224 0.0423476968796434 0 0.0193164933135215 0.0215453194650817 0.0304606240713224 0.0274888558692422 0.0579494799405646 0.0230312035661218 0.0170876671619614 0.0557206537890045 0.0609212481426449 0.0861812778603269 0.0200594353640416 0.0705794947994056 0.0178306092124814
"chrPic" 0.0601783060921248 0.0222882615156018 0.037890044576523 0.0193164933135215 0 0.0148588410104012 0.0260029717682021 0.0260029717682021 0.0534918276374443 0.0148588410104012 0.00520059435364042 0.0512630014858841 0.0549777117384844 0.0824665676077266 0.012630014858841 0.0646359583952452 0.00742942050520059
"cuoAmb" 0.062407132243685 0.0193164933135215 0.0408618127786033 0.0215453194650817 0.0148588410104012 0 0.0289747399702823 0.0289747399702823 0.0549777117384844 0.0104011887072808 0.0111441307578009 0.0542347696879643 0.0594353640416048 0.0861812778603269 0.0141158989598811 0.0705794947994056 0.0133729569093611
"derCor" 0.0668647845468053 0.037147102526003 0.0282317979197623 0.0304606240713224 0.0260029717682021 0.0289747399702823 0 0.0341753343239227 0.0572065378900446 0.0289747399702823 0.0237741456166419 0.0579494799405646 0.0638930163447251 0.0898959881129272 0.0267459138187221 0.0728083209509658 0.0260029717682021
"derMaw" 0.0653789004457652 0.0356612184249629 0.0468053491827637 0.0274888558692422 0.0260029717682021 0.0289747399702823 0.0341753343239227 0 0.0586924219910847 0.0304606240713224 0.0222882615156018 0.0579494799405646 0.0616641901931649 0.0913818722139673 0.0267459138187221 0.0735512630014859 0.024517087667162
"emySub" 0.0713224368499257 0.0638930163447251 0.0690936106983655 0.0579494799405646 0.0534918276374443 0.0549777117384844 0.0572065378900446 0.0586924219910847 0 0.0564635958395245 0.050520059435364 0.0260029717682021 0.0460624071322437 0.0943536404160475 0.0527488855869242 0.0572065378900446 0.0527488855869242
"gopAga" 0.0616641901931649 0.0133729569093611 0.0408618127786033 0.0230312035661218 0.0148588410104012 0.0104011887072808 0.0289747399702823 0.0304606240713224 0.0564635958395245 0 0.012630014858841 0.0557206537890045 0.0609212481426449 0.0854383358098068 0.0141158989598811 0.0713224368499257 0.0133729569093611
"malTer" 0.0579494799405646 0.0215453194650817 0.0356612184249629 0.0170876671619614 0.00520059435364042 0.0111441307578009 0.0237741456166419 0.0222882615156018 0.050520059435364 0.012630014858841 0 0.049777117384844 0.0534918276374443 0.0817236255572065 0.00891530460624071 0.063150074294205 0.00520059435364042
"mesTub" 0.0676077265973254 0.0601783060921248 0.0713224368499257 0.0557206537890045 0.0512630014858841 0.0542347696879643 0.0579494799405646 0.0579494799405646 0.0260029717682021 0.0557206537890045 0.049777117384844 0 0.0445765230312036 0.087667161961367 0.0520059435364042 0.0579494799405646 0.050520059435364
"pelCas" 0.0713224368499257 0.0668647845468053 0.0772659732540862 0.0609212481426449 0.0549777117384844 0.0594353640416048 0.0638930163447251 0.0616641901931649 0.0460624071322437 0.0609212481426449 0.0534918276374443 0.0445765230312036 0 0.0958395245170877 0.0579494799405646 0.0401188707280832 0.0557206537890045
"pelSin" 0.0794947994056464 0.0884101040118871 0.0928677563150074 0.0861812778603269 0.0824665676077266 0.0861812778603269 0.0898959881129272 0.0913818722139673 0.0943536404160475 0.0854383358098068 0.0817236255572065 0.087667161961367 0.0958395245170877 0 0.0832095096582467 0.104754829123328 0.0824665676077266
"plaMeg" 0.0594353640416048 0.0230312035661218 0.0386329866270431 0.0200594353640416 0.012630014858841 0.0141158989598811 0.0267459138187221 0.0267459138187221 0.0527488855869242 0.0141158989598811 0.00891530460624071 0.0520059435364042 0.0579494799405646 0.0832095096582467 0 0.0676077265973254 0.00817236255572065
"podExp" 0.0802377414561664 0.0742942050520059 0.0861812778603269 0.0705794947994056 0.0646359583952452 0.0705794947994056 0.0728083209509658 0.0735512630014859 0.0572065378900446 0.0713224368499257 0.063150074294205 0.0579494799405646 0.0401188707280832 0.104754829123328 0.0676077265973254 0 0.0646359583952452
"terMex" 0.0594353640416048 0.0200594353640416 0.037890044576523 0.0178306092124814 0.00742942050520059 0.0133729569093611 0.0260029717682021 0.024517087667162 0.0527488855869242 0.0133729569093611 0.00520059435364042 0.050520059435364 0.0557206537890045 0.0824665676077266 0.00817236255572065 0.0646359583952452 0
