"carIns" "cheAbi" "cheMyd" "cheSer" "chrPic" "cuoMcc" "derCor" "derMaw" "emySub" "gopAga" "malTer" "mesTub" "pelCas" "pelSin" "plaMeg" "podExp" "terMex"
"carIns" 0 0.0724137931034483 0.0706896551724138 0.0741379310344828 0.0689655172413793 0.0681034482758621 0.0689655172413793 0.075 0.0758620689655172 0.0672413793103448 0.0896551724137931 0.0732758620689655 0.0827586206896552 0.0663793103448276 0.0672413793103448 0.0956896551724138 0.0827586206896552
"cheAbi" 0.0724137931034483 0 0.0396551724137931 0.0405172413793103 0.0232758620689655 0.0103448275862069 0.0353448275862069 0.0456896551724138 0.0603448275862069 0.0112068965517241 0.0431034482758621 0.0517241379310345 0.0681034482758621 0.0594827586206897 0.0163793103448276 0.0844827586206897 0.0370689655172414
"cheMyd" 0.0706896551724138 0.0396551724137931 0 0.0413793103448276 0.0362068965517241 0.0336206896551724 0.0146551724137931 0.0387931034482759 0.05 0.0379310344827586 0.0568965517241379 0.0482758620689655 0.0637931034482759 0.0586206896551724 0.0310344827586207 0.0810344827586207 0.0508620689655172
"cheSer" 0.0741379310344828 0.0405172413793103 0.0413793103448276 0 0.0370689655172414 0.0362068965517241 0.0387931034482759 0.0431034482758621 0.0594827586206897 0.0387931034482759 0.0560344827586207 0.0560344827586207 0.0681034482758621 0.0594827586206897 0.0362068965517241 0.0827586206896552 0.053448275862069
"chrPic" 0.0689655172413793 0.0232758620689655 0.0362068965517241 0.0370689655172414 0 0.0163793103448276 0.0336206896551724 0.0431034482758621 0.0551724137931034 0.021551724137931 0.0241379310344828 0.05 0.0646551724137931 0.0594827586206897 0.00862068965517241 0.0844827586206897 0.021551724137931
"cuoMcc" 0.0681034482758621 0.0103448275862069 0.0336206896551724 0.0362068965517241 0.0163793103448276 0 0.0293103448275862 0.0396551724137931 0.0560344827586207 0.0112068965517241 0.0370689655172414 0.0474137931034483 0.0637931034482759 0.0560344827586207 0.00948275862068966 0.0827586206896552 0.0310344827586207
"derCor" 0.0689655172413793 0.0353448275862069 0.0146551724137931 0.0387931034482759 0.0336206896551724 0.0293103448275862 0 0.0362068965517241 0.0508620689655172 0.0353448275862069 0.0543103448275862 0.0439655172413793 0.0646551724137931 0.0560344827586207 0.028448275862069 0.078448275862069 0.0482758620689655
"derMaw" 0.075 0.0456896551724138 0.0387931034482759 0.0431034482758621 0.0431034482758621 0.0396551724137931 0.0362068965517241 0 0.0560344827586207 0.0439655172413793 0.0620689655172414 0.0551724137931034 0.0672413793103448 0.0663793103448276 0.0387931034482759 0.0810344827586207 0.0577586206896552
"emySub" 0.0758620689655172 0.0603448275862069 0.05 0.0594827586206897 0.0551724137931034 0.0560344827586207 0.0508620689655172 0.0560344827586207 0 0.0560344827586207 0.0724137931034483 0.0318965517241379 0.0482758620689655 0.0603448275862069 0.0517241379310345 0.0663793103448276 0.0698275862068966
"gopAga" 0.0672413793103448 0.0112068965517241 0.0379310344827586 0.0387931034482759 0.021551724137931 0.0112068965517241 0.0353448275862069 0.0439655172413793 0.0560344827586207 0 0.0413793103448276 0.0491379310344828 0.0620689655172414 0.0568965517241379 0.0172413793103448 0.0793103448275862 0.0362068965517241
"malTer" 0.0896551724137931 0.0431034482758621 0.0568965517241379 0.0560344827586207 0.0241379310344828 0.0370689655172414 0.0543103448275862 0.0620689655172414 0.0724137931034483 0.0413793103448276 0 0.0681034482758621 0.0844827586206897 0.078448275862069 0.0275862068965517 0.102586206896552 0.0293103448275862
"mesTub" 0.0732758620689655 0.0517241379310345 0.0482758620689655 0.0560344827586207 0.05 0.0474137931034483 0.0439655172413793 0.0551724137931034 0.0318965517241379 0.0491379310344828 0.0681034482758621 0 0.0482758620689655 0.0568965517241379 0.0448275862068966 0.0629310344827586 0.0646551724137931
"pelCas" 0.0827586206896552 0.0681034482758621 0.0637931034482759 0.0681034482758621 0.0646551724137931 0.0637931034482759 0.0646551724137931 0.0672413793103448 0.0482758620689655 0.0620689655172414 0.0844827586206897 0.0482758620689655 0 0.0698275862068966 0.0594827586206897 0.0646551724137931 0.0793103448275862
"pelSin" 0.0663793103448276 0.0594827586206897 0.0586206896551724 0.0594827586206897 0.0594827586206897 0.0560344827586207 0.0560344827586207 0.0663793103448276 0.0603448275862069 0.0568965517241379 0.078448275862069 0.0568965517241379 0.0698275862068966 0 0.0543103448275862 0.0810344827586207 0.0732758620689655
"plaMeg" 0.0672413793103448 0.0163793103448276 0.0310344827586207 0.0362068965517241 0.00862068965517241 0.00948275862068966 0.028448275862069 0.0387931034482759 0.0517241379310345 0.0172413793103448 0.0275862068965517 0.0448275862068966 0.0594827586206897 0.0543103448275862 0 0.0818965517241379 0.0232758620689655
"podExp" 0.0956896551724138 0.0844827586206897 0.0810344827586207 0.0827586206896552 0.0844827586206897 0.0827586206896552 0.078448275862069 0.0810344827586207 0.0663793103448276 0.0793103448275862 0.102586206896552 0.0629310344827586 0.0646551724137931 0.0810344827586207 0.0818965517241379 0 0.0974137931034483
"terMex" 0.0827586206896552 0.0370689655172414 0.0508620689655172 0.053448275862069 0.021551724137931 0.0310344827586207 0.0482758620689655 0.0577586206896552 0.0698275862068966 0.0362068965517241 0.0293103448275862 0.0646551724137931 0.0793103448275862 0.0732758620689655 0.0232758620689655 0.0974137931034483 0
