"carIns" "cheAbi" "cheMyd" "cheSer" "chrPic" "cuoAmb" "cuoMcc" "derCor" "derMaw" "emySub" "gopAga" "malTer" "mesTub" "pelCas" "pelSin" "podExp" "terMex"
"carIns" 0 0.0967957276368491 0.100801068090788 0.088785046728972 0.0947930574098798 0.101468624833111 0.0987983978638184 0.095460614152203 0.10347129506008 0.106141522029372 0.0974632843791722 0.0947930574098798 0.108144192256342 0.125500667556742 0.0947930574098798 0.123497997329773 0.096128170894526
"cheAbi" 0.0967957276368491 0 0.0393858477970628 0.0260347129506008 0.0240320427236315 0.0220293724966622 0.0193591455273698 0.0300400534045394 0.0433911882510013 0.0554072096128171 0.0173564753004005 0.0240320427236315 0.0580774365821095 0.0767690253671562 0.0540720961281709 0.0727636849132176 0.0220293724966622
"cheMyd" 0.100801068090788 0.0393858477970628 0 0.0333778371161549 0.0360480640854473 0.0393858477970628 0.0387182910547397 0.0226969292389853 0.048064085447263 0.0654205607476635 0.041388518024032 0.0360480640854473 0.0634178905206943 0.0854472630173565 0.0634178905206943 0.0794392523364486 0.0360480640854473
"cheSer" 0.088785046728972 0.0260347129506008 0.0333778371161549 0 0.0220293724966622 0.0300400534045394 0.027369826435247 0.0253671562082777 0.0347129506008011 0.0540720961281709 0.0280373831775701 0.0220293724966622 0.0554072096128171 0.0707610146862483 0.0520694259012016 0.0700934579439252 0.0213618157543391
"chrPic" 0.0947930574098798 0.0240320427236315 0.0360480640854473 0.0220293724966622 0 0.0267022696929239 0.0240320427236315 0.0280373831775701 0.040720961281709 0.0574098798397864 0.0233644859813084 0.00267022696929239 0.0627503337783712 0.07543391188251 0.0534045393858478 0.07543391188251 0.0126835781041389
"cuoAmb" 0.101468624833111 0.0220293724966622 0.0393858477970628 0.0300400534045394 0.0267022696929239 0 0.00801068090787717 0.0353805073431242 0.0460614152202937 0.0620827770360481 0.0220293724966622 0.0267022696929239 0.0600801068090788 0.0814419225634179 0.0587449933244326 0.0767690253671562 0.0246995994659546
"cuoMcc" 0.0987983978638184 0.0193591455273698 0.0387182910547397 0.027369826435247 0.0240320427236315 0.00801068090787717 0 0.0327102803738318 0.0433911882510013 0.0594125500667557 0.0193591455273698 0.0240320427236315 0.0594125500667557 0.0787716955941255 0.0560747663551402 0.0740987983978638 0.0220293724966622
"derCor" 0.095460614152203 0.0300400534045394 0.0226969292389853 0.0253671562082777 0.0280373831775701 0.0353805073431242 0.0327102803738318 0 0.0433911882510013 0.0560747663551402 0.0347129506008011 0.0280373831775701 0.0620827770360481 0.0740987983978638 0.054739652870494 0.0740987983978638 0.0280373831775701
"derMaw" 0.10347129506008 0.0433911882510013 0.048064085447263 0.0347129506008011 0.040720961281709 0.0460614152202937 0.0433911882510013 0.0433911882510013 0 0.0680907877169559 0.0447263017356475 0.040720961281709 0.0707610146862483 0.0874499332443258 0.0667556742323097 0.0847797062750334 0.0387182910547397
"emySub" 0.106141522029372 0.0554072096128171 0.0654205607476635 0.0540720961281709 0.0574098798397864 0.0620827770360481 0.0594125500667557 0.0560747663551402 0.0680907877169559 0 0.0587449933244326 0.0574098798397864 0.0333778371161549 0.0654205607476635 0.0761014686248331 0.061415220293725 0.0567423230974633
"gopAga" 0.0974632843791722 0.0173564753004005 0.041388518024032 0.0280373831775701 0.0233644859813084 0.0220293724966622 0.0193591455273698 0.0347129506008011 0.0447263017356475 0.0587449933244326 0 0.0233644859813084 0.0634178905206943 0.0801068090787717 0.054739652870494 0.0734312416555407 0.0240320427236315
"malTer" 0.0947930574098798 0.0240320427236315 0.0360480640854473 0.0220293724966622 0.00267022696929239 0.0267022696929239 0.0240320427236315 0.0280373831775701 0.040720961281709 0.0574098798397864 0.0233644859813084 0 0.0627503337783712 0.07543391188251 0.054739652870494 0.07543391188251 0.0126835781041389
"mesTub" 0.108144192256342 0.0580774365821095 0.0634178905206943 0.0554072096128171 0.0627503337783712 0.0600801068090788 0.0594125500667557 0.0620827770360481 0.0707610146862483 0.0333778371161549 0.0634178905206943 0.0627503337783712 0 0.0707610146862483 0.0767690253671562 0.0667556742323097 0.0607476635514019
"pelCas" 0.125500667556742 0.0767690253671562 0.0854472630173565 0.0707610146862483 0.07543391188251 0.0814419225634179 0.0787716955941255 0.0740987983978638 0.0874499332443258 0.0654205607476635 0.0801068090787717 0.07543391188251 0.0707610146862483 0 0.0921228304405874 0.0660881174899867 0.0734312416555407
"pelSin" 0.0947930574098798 0.0540720961281709 0.0634178905206943 0.0520694259012016 0.0534045393858478 0.0587449933244326 0.0560747663551402 0.054739652870494 0.0667556742323097 0.0761014686248331 0.054739652870494 0.054739652870494 0.0767690253671562 0.0921228304405874 0 0.0921228304405874 0.0534045393858478
"podExp" 0.123497997329773 0.0727636849132176 0.0794392523364486 0.0700934579439252 0.07543391188251 0.0767690253671562 0.0740987983978638 0.0740987983978638 0.0847797062750334 0.061415220293725 0.0734312416555407 0.07543391188251 0.0667556742323097 0.0660881174899867 0.0921228304405874 0 0.0747663551401869
"terMex" 0.096128170894526 0.0220293724966622 0.0360480640854473 0.0213618157543391 0.0126835781041389 0.0246995994659546 0.0220293724966622 0.0280373831775701 0.0387182910547397 0.0567423230974633 0.0240320427236315 0.0126835781041389 0.0607476635514019 0.0734312416555407 0.0534045393858478 0.0747663551401869 0
