"carIns" "cheAbi" "cheMyd" "cheSer" "chrPic" "cuoMcc" "derMaw" "emySub" "gopAga" "malTer" "mesTub" "pelCas" "pelSin" "plaMeg" "podExp" "terMex"
"carIns" 0 0.0819434372733865 0.084844089920232 0.084844089920232 0.0775924583031182 0.0804931109499637 0.079042784626541 0.0920957215373459 0.0826686004350979 0.079042784626541 0.0870195794053662 0.0920957215373459 0.0920957215373459 0.079042784626541 0.097897026831037 0.079042784626541
"cheAbi" 0.0819434372733865 0 0.0348078317621465 0.0340826686004351 0.0224800580130529 0.0181290790427846 0.0319071791153009 0.0493110949963742 0.0152284263959391 0.0232052211747643 0.0493110949963742 0.0543872371283539 0.0638143582306019 0.0203045685279188 0.0616388687454677 0.0224800580130529
"cheMyd" 0.084844089920232 0.0348078317621465 0 0.0311820159535896 0.0268310369833212 0.0319071791153009 0.0319071791153009 0.050761421319797 0.037708484408992 0.0297316896301668 0.0514865844815083 0.0514865844815083 0.0652646845540246 0.0268310369833212 0.0616388687454677 0.0290065264684554
"cheSer" 0.084844089920232 0.0340826686004351 0.0311820159535896 0 0.0232052211747643 0.028281363306744 0.0268310369833212 0.0485859318346628 0.0369833212472806 0.0232052211747643 0.0478607686729514 0.0500362581580856 0.060188542422045 0.0246555474981871 0.0623640319071791 0.0253807106598985
"chrPic" 0.0775924583031182 0.0224800580130529 0.0268310369833212 0.0232052211747643 0 0.0166787527193619 0.0261058738216099 0.0442349528643945 0.0232052211747643 0.00797679477882524 0.0420594633792603 0.0478607686729514 0.0587382160986222 0.0108774474256708 0.056562726613488 0.009427121102248
"cuoMcc" 0.0804931109499637 0.0181290790427846 0.0319071791153009 0.028281363306744 0.0166787527193619 0 0.0261058738216099 0.0456852791878173 0.0203045685279188 0.0181290790427846 0.0464104423495286 0.050761421319797 0.0616388687454677 0.0152284263959391 0.060188542422045 0.0159535895576505
"derMaw" 0.079042784626541 0.0319071791153009 0.0319071791153009 0.0268310369833212 0.0261058738216099 0.0261058738216099 0 0.0478607686729514 0.0333575054387237 0.0239303843364757 0.0464104423495286 0.0514865844815083 0.0572878897751994 0.0239303843364757 0.0645395213923133 0.0268310369833212
"emySub" 0.0920957215373459 0.0493110949963742 0.050761421319797 0.0485859318346628 0.0442349528643945 0.0456852791878173 0.0478607686729514 0 0.0514865844815083 0.0427846265409717 0.0224800580130529 0.0391588107324148 0.0717911530094271 0.0427846265409717 0.0580130529369108 0.0449601160261059
"gopAga" 0.0826686004350979 0.0152284263959391 0.037708484408992 0.0369833212472806 0.0232052211747643 0.0203045685279188 0.0333575054387237 0.0514865844815083 0 0.0253807106598985 0.050761421319797 0.056562726613488 0.0667150108774474 0.0224800580130529 0.0638143582306019 0.0232052211747643
"malTer" 0.079042784626541 0.0232052211747643 0.0297316896301668 0.0232052211747643 0.00797679477882524 0.0181290790427846 0.0239303843364757 0.0427846265409717 0.0253807106598985 0 0.0427846265409717 0.0464104423495286 0.0587382160986222 0.0116026105873822 0.060188542422045 0.0123277737490935
"mesTub" 0.0870195794053662 0.0493110949963742 0.0514865844815083 0.0478607686729514 0.0420594633792603 0.0464104423495286 0.0464104423495286 0.0224800580130529 0.050761421319797 0.0427846265409717 0 0.0384336475707034 0.065989847715736 0.041334300217549 0.0543872371283539 0.0435097897026831
"pelCas" 0.0920957215373459 0.0543872371283539 0.0514865844815083 0.0500362581580856 0.0478607686729514 0.050761421319797 0.0514865844815083 0.0391588107324148 0.056562726613488 0.0464104423495286 0.0384336475707034 0 0.0732414793328499 0.0478607686729514 0.0485859318346628 0.0485859318346628
"pelSin" 0.0920957215373459 0.0638143582306019 0.0652646845540246 0.060188542422045 0.0587382160986222 0.0616388687454677 0.0572878897751994 0.0717911530094271 0.0667150108774474 0.0587382160986222 0.065989847715736 0.0732414793328499 0 0.0572878897751994 0.0768672951414068 0.0587382160986222
"plaMeg" 0.079042784626541 0.0203045685279188 0.0268310369833212 0.0246555474981871 0.0108774474256708 0.0152284263959391 0.0239303843364757 0.0427846265409717 0.0224800580130529 0.0116026105873822 0.041334300217549 0.0478607686729514 0.0572878897751994 0 0.060188542422045 0.0116026105873822
"podExp" 0.097897026831037 0.0616388687454677 0.0616388687454677 0.0623640319071791 0.056562726613488 0.060188542422045 0.0645395213923133 0.0580130529369108 0.0638143582306019 0.060188542422045 0.0543872371283539 0.0485859318346628 0.0768672951414068 0.060188542422045 0 0.0609137055837563
"terMex" 0.079042784626541 0.0224800580130529 0.0290065264684554 0.0253807106598985 0.009427121102248 0.0159535895576505 0.0268310369833212 0.0449601160261059 0.0232052211747643 0.0123277737490935 0.0435097897026831 0.0485859318346628 0.0587382160986222 0.0116026105873822 0.0609137055837563 0
