"cheAbi" "cheMyd" "cheSer" "chrPic" "cuoAmb" "cuoMcc" "derCor" "derMaw" "emySub" "gopAga" "malTer" "pelCas" "pelSin" "plaMeg" "podExp" "terMex"
"cheAbi" 0 0.0270562770562771 0.0487012987012987 0.091991341991342 0.0562770562770563 0.0627705627705628 0.0248917748917749 0.0616883116883117 0.0952380952380952 0.0162337662337662 0.0865800865800866 0.0898268398268398 0.0595238095238095 0.0270562770562771 0.0930735930735931 0.0411255411255411
"cheMyd" 0.0270562770562771 0 0.0432900432900433 0.0854978354978355 0.0606060606060606 0.066017316017316 0.0108225108225108 0.0573593073593074 0.0909090909090909 0.0281385281385281 0.0811688311688312 0.0822510822510823 0.0616883116883117 0.0238095238095238 0.091991341991342 0.04004329004329
"cheSer" 0.0487012987012987 0.0432900432900433 0 0.0974025974025974 0.0800865800865801 0.0822510822510823 0.0411255411255411 0.0616883116883117 0.109307359307359 0.051948051948052 0.0984848484848485 0.0984848484848485 0.0800865800865801 0.0357142857142857 0.111471861471861 0.0573593073593074
"chrPic" 0.091991341991342 0.0854978354978355 0.0974025974025974 0 0.126623376623377 0.0941558441558442 0.0854978354978355 0.106060606060606 0.140692640692641 0.0930735930735931 0.0974025974025974 0.136363636363636 0.12012987012987 0.0844155844155844 0.147186147186147 0.0779220779220779
"cuoAmb" 0.0562770562770563 0.0606060606060606 0.0800865800865801 0.126623376623377 0 0.0854978354978355 0.0616883116883117 0.0952380952380952 0.12987012987013 0.0595238095238095 0.0800865800865801 0.125541125541126 0.0963203463203463 0.0627705627705628 0.126623376623377 0.0768398268398268
"cuoMcc" 0.0627705627705628 0.066017316017316 0.0822510822510823 0.0941558441558442 0.0854978354978355 0 0.066017316017316 0.0974025974025974 0.128787878787879 0.066017316017316 0.119047619047619 0.12987012987013 0.104978354978355 0.066017316017316 0.130952380952381 0.0833333333333333
"derCor" 0.0248917748917749 0.0108225108225108 0.0411255411255411 0.0854978354978355 0.0616883116883117 0.066017316017316 0 0.0551948051948052 0.091991341991342 0.025974025974026 0.079004329004329 0.0779220779220779 0.0595238095238095 0.0216450216450216 0.0887445887445888 0.0357142857142857
"derMaw" 0.0616883116883117 0.0573593073593074 0.0616883116883117 0.106060606060606 0.0952380952380952 0.0974025974025974 0.0551948051948052 0 0.115800865800866 0.0638528138528139 0.11038961038961 0.112554112554113 0.0833333333333333 0.0476190476190476 0.121212121212121 0.0725108225108225
"emySub" 0.0952380952380952 0.0909090909090909 0.109307359307359 0.140692640692641 0.12987012987013 0.128787878787879 0.091991341991342 0.115800865800866 0 0.0941558441558442 0.138528138528139 0.0930735930735931 0.111471861471861 0.0909090909090909 0.102813852813853 0.100649350649351
"gopAga" 0.0162337662337662 0.0281385281385281 0.051948051948052 0.0930735930735931 0.0595238095238095 0.066017316017316 0.025974025974026 0.0638528138528139 0.0941558441558442 0 0.0876623376623377 0.0876623376623377 0.0606060606060606 0.0303030303030303 0.0941558441558442 0.0443722943722944
"malTer" 0.0865800865800866 0.0811688311688312 0.0984848484848485 0.0974025974025974 0.0800865800865801 0.119047619047619 0.079004329004329 0.11038961038961 0.138528138528139 0.0876623376623377 0 0.135281385281385 0.114718614718615 0.0800865800865801 0.141774891774892 0.0725108225108225
"pelCas" 0.0898268398268398 0.0822510822510823 0.0984848484848485 0.136363636363636 0.125541125541126 0.12987012987013 0.0779220779220779 0.112554112554113 0.0930735930735931 0.0876623376623377 0.135281385281385 0 0.106060606060606 0.0876623376623377 0.0616883116883117 0.0941558441558442
"pelSin" 0.0595238095238095 0.0616883116883117 0.0800865800865801 0.12012987012987 0.0963203463203463 0.104978354978355 0.0595238095238095 0.0833333333333333 0.111471861471861 0.0606060606060606 0.114718614718615 0.106060606060606 0 0.0616883116883117 0.11038961038961 0.0735930735930736
"plaMeg" 0.0270562770562771 0.0238095238095238 0.0357142857142857 0.0844155844155844 0.0627705627705628 0.066017316017316 0.0216450216450216 0.0476190476190476 0.0909090909090909 0.0303030303030303 0.0800865800865801 0.0876623376623377 0.0616883116883117 0 0.0952380952380952 0.0367965367965368
"podExp" 0.0930735930735931 0.091991341991342 0.111471861471861 0.147186147186147 0.126623376623377 0.130952380952381 0.0887445887445888 0.121212121212121 0.102813852813853 0.0941558441558442 0.141774891774892 0.0616883116883117 0.11038961038961 0.0952380952380952 0 0.104978354978355
"terMex" 0.0411255411255411 0.04004329004329 0.0573593073593074 0.0779220779220779 0.0768398268398268 0.0833333333333333 0.0357142857142857 0.0725108225108225 0.100649350649351 0.0443722943722944 0.0725108225108225 0.0941558441558442 0.0735930735930736 0.0367965367965368 0.104978354978355 0
