"carIns" "cheAbi" "cheMyd" "cheSer" "chrPic" "cuoAmb" "cuoMcc" "derCor" "derMaw" "emySub" "gopAga" "malTer" "mesTub" "pelCas" "pelSin" "plaMeg" "podExp" "terMex"
"carIns" 0 0.0727272727272727 0.0735177865612648 0.0695652173913043 0.0640316205533597 0.0758893280632411 0.0671936758893281 0.0758893280632411 0.0798418972332016 0.0679841897233202 0.0766798418972332 0.0632411067193676 0.0735177865612648 0.099604743083004 0.0901185770750988 0.0640316205533597 0.0972332015810277 0.066403162055336
"cheAbi" 0.0727272727272727 0 0.049802371541502 0.0387351778656126 0.0284584980237154 0.0324110671936759 0.0245059288537549 0.049802371541502 0.0450592885375494 0.0577075098814229 0.0189723320158103 0.0260869565217391 0.0600790513833992 0.0861660079051383 0.0774703557312253 0.0268774703557312 0.0782608695652174 0.0276679841897233
"cheMyd" 0.0735177865612648 0.049802371541502 0 0.0316205533596838 0.0371541501976285 0.049802371541502 0.0379446640316206 0.025296442687747 0.0458498023715415 0.0505928853754941 0.0482213438735178 0.0347826086956522 0.0553359683794466 0.0853754940711463 0.0727272727272727 0.0339920948616601 0.0790513833992095 0.0347826086956522
"cheSer" 0.0695652173913043 0.0387351778656126 0.0316205533596838 0 0.0260869565217391 0.0379446640316206 0.0260869565217391 0.0347826086956522 0.0324110671936759 0.0426877470355731 0.0347826086956522 0.0237154150197628 0.0474308300395257 0.0758893280632411 0.0671936758893281 0.0221343873517787 0.0766798418972332 0.0221343873517787
"chrPic" 0.0640316205533597 0.0284584980237154 0.0371541501976285 0.0260869565217391 0 0.0268774703557312 0.0173913043478261 0.0355731225296443 0.0355731225296443 0.041897233201581 0.025296442687747 0.00395256916996047 0.0466403162055336 0.0727272727272727 0.0648221343873518 0.00948616600790514 0.0703557312252964 0.0134387351778656
"cuoAmb" 0.0758893280632411 0.0324110671936759 0.049802371541502 0.0379446640316206 0.0268774703557312 0 0.0205533596837945 0.0505928853754941 0.0482213438735178 0.049802371541502 0.0308300395256917 0.0245059288537549 0.0569169960474308 0.0845849802371541 0.0798418972332016 0.0237154150197628 0.08300395256917 0.0292490118577075
"cuoMcc" 0.0671936758893281 0.0245059288537549 0.0379446640316206 0.0260869565217391 0.0173913043478261 0.0205533596837945 0 0.0387351778656126 0.0363636363636364 0.0411067193675889 0.0213438735177866 0.0150197628458498 0.0458498023715415 0.0735177865612648 0.0679841897233202 0.0142292490118577 0.0727272727272727 0.0181818181818182
"derCor" 0.0758893280632411 0.049802371541502 0.025296442687747 0.0347826086956522 0.0355731225296443 0.0505928853754941 0.0387351778656126 0 0.0458498023715415 0.0537549407114625 0.0466403162055336 0.033201581027668 0.058498023715415 0.0877470355731225 0.0790513833992095 0.0339920948616601 0.0782608695652174 0.033201581027668
"derMaw" 0.0798418972332016 0.0450592885375494 0.0458498023715415 0.0324110671936759 0.0355731225296443 0.0482213438735178 0.0363636363636364 0.0458498023715415 0 0.0529644268774704 0.0403162055335968 0.033201581027668 0.0569169960474308 0.0837944664031621 0.0695652173913043 0.0339920948616601 0.0814229249011858 0.0347826086956522
"emySub" 0.0679841897233202 0.0577075098814229 0.0505928853754941 0.0426877470355731 0.041897233201581 0.049802371541502 0.0411067193675889 0.0537549407114625 0.0529644268774704 0 0.0545454545454545 0.0395256916996047 0.0260869565217391 0.0735177865612648 0.0743083003952569 0.0395256916996047 0.0703557312252964 0.0442687747035573
"gopAga" 0.0766798418972332 0.0189723320158103 0.0482213438735178 0.0347826086956522 0.025296442687747 0.0308300395256917 0.0213438735177866 0.0466403162055336 0.0403162055335968 0.0545454545454545 0 0.0229249011857708 0.0569169960474308 0.0861660079051383 0.0743083003952569 0.0205533596837945 0.0806324110671937 0.0245059288537549
"malTer" 0.0632411067193676 0.0260869565217391 0.0347826086956522 0.0237154150197628 0.00395256916996047 0.0245059288537549 0.0150197628458498 0.033201581027668 0.033201581027668 0.0395256916996047 0.0229249011857708 0 0.0458498023715415 0.0719367588932806 0.0648221343873518 0.00711462450592885 0.0695652173913043 0.0110671936758893
"mesTub" 0.0735177865612648 0.0600790513833992 0.0553359683794466 0.0474308300395257 0.0466403162055336 0.0569169960474308 0.0458498023715415 0.058498023715415 0.0569169960474308 0.0260869565217391 0.0569169960474308 0.0458498023715415 0 0.0735177865612648 0.0727272727272727 0.0458498023715415 0.0727272727272727 0.0474308300395257
"pelCas" 0.099604743083004 0.0861660079051383 0.0853754940711463 0.0758893280632411 0.0727272727272727 0.0845849802371541 0.0735177865612648 0.0877470355731225 0.0837944664031621 0.0735177865612648 0.0861660079051383 0.0719367588932806 0.0735177865612648 0 0.0980237154150198 0.0719367588932806 0.0703557312252964 0.075098814229249
"pelSin" 0.0901185770750988 0.0774703557312253 0.0727272727272727 0.0671936758893281 0.0648221343873518 0.0798418972332016 0.0679841897233202 0.0790513833992095 0.0695652173913043 0.0743083003952569 0.0743083003952569 0.0648221343873518 0.0727272727272727 0.0980237154150198 0 0.0640316205533597 0.0980237154150198 0.0632411067193676
"plaMeg" 0.0640316205533597 0.0268774703557312 0.0339920948616601 0.0221343873517787 0.00948616600790514 0.0237154150197628 0.0142292490118577 0.0339920948616601 0.0339920948616601 0.0395256916996047 0.0205533596837945 0.00711462450592885 0.0458498023715415 0.0719367588932806 0.0640316205533597 0 0.0703557312252964 0.0118577075098814
"podExp" 0.0972332015810277 0.0782608695652174 0.0790513833992095 0.0766798418972332 0.0703557312252964 0.08300395256917 0.0727272727272727 0.0782608695652174 0.0814229249011858 0.0703557312252964 0.0806324110671937 0.0695652173913043 0.0727272727272727 0.0703557312252964 0.0980237154150198 0.0703557312252964 0 0.0743083003952569
"terMex" 0.066403162055336 0.0276679841897233 0.0347826086956522 0.0221343873517787 0.0134387351778656 0.0292490118577075 0.0181818181818182 0.033201581027668 0.0347826086956522 0.0442687747035573 0.0245059288537549 0.0110671936758893 0.0474308300395257 0.075098814229249 0.0632411067193676 0.0118577075098814 0.0743083003952569 0
