"carIns" "cheAbi" "cheMyd" "cheSer" "chrPic" "cuoAmb" "cuoMcc" "derCor" "derMaw" "emySub" "mesTub" "pelCas" "pelSin" "plaMeg" "podExp" "terMex"
"carIns" 0 0.0706686930091185 0.0851063829787234 0.0661094224924012 0.0668693009118541 0.0623100303951368 0.0661094224924012 0.0683890577507599 0.067629179331307 0.0790273556231003 0.0699088145896656 0.088145896656535 0.17629179331307 0.067629179331307 0.111702127659574 0.0661094224924012
"cheAbi" 0.0706686930091185 0 0.0562310030395137 0.0326747720364742 0.0250759878419453 0.0303951367781155 0.0303951367781155 0.033434650455927 0.0448328267477204 0.0592705167173252 0.0683890577507599 0.0805471124620061 0.166413373860182 0.0288753799392097 0.0995440729483283 0.0243161094224924
"cheMyd" 0.0851063829787234 0.0562310030395137 0 0.0531914893617021 0.0509118541033435 0.0585106382978723 0.0592705167173252 0.0326747720364742 0.0531914893617021 0.067629179331307 0.0797872340425532 0.0927051671732523 0.174772036474164 0.0501519756838906 0.112462006079027 0.0516717325227964
"cheSer" 0.0661094224924012 0.0326747720364742 0.0531914893617021 0 0.0288753799392097 0.0319148936170213 0.0296352583586626 0.0326747720364742 0.0379939209726444 0.0562310030395137 0.0638297872340425 0.0714285714285714 0.164893617021277 0.0288753799392097 0.094984802431611 0.027355623100304
"chrPic" 0.0668693009118541 0.0250759878419453 0.0509118541033435 0.0288753799392097 0 0.033434650455927 0.0326747720364742 0.0281155015197568 0.0387537993920973 0.0547112462006079 0.0600303951367781 0.0752279635258359 0.159574468085106 0.0182370820668693 0.0980243161094225 0.00987841945288754
"cuoAmb" 0.0623100303951368 0.0303951367781155 0.0585106382978723 0.0319148936170213 0.033434650455927 0 0.0174772036474164 0.0433130699088146 0.0455927051671733 0.0638297872340425 0.067629179331307 0.0843465045592705 0.174012158054711 0.0341945288753799 0.104103343465046 0.0326747720364742
"cuoMcc" 0.0661094224924012 0.0303951367781155 0.0592705167173252 0.0296352583586626 0.0326747720364742 0.0174772036474164 0 0.0448328267477204 0.0455927051671733 0.0653495440729483 0.0691489361702128 0.0858662613981763 0.1709726443769 0.0288753799392097 0.10258358662614 0.0311550151975684
"derCor" 0.0683890577507599 0.033434650455927 0.0326747720364742 0.0326747720364742 0.0281155015197568 0.0433130699088146 0.0448328267477204 0 0.0395136778115502 0.053951367781155 0.0592705167173252 0.0721884498480243 0.164893617021277 0.0296352583586626 0.0965045592705167 0.0288753799392097
"derMaw" 0.067629179331307 0.0448328267477204 0.0531914893617021 0.0379939209726444 0.0387537993920973 0.0455927051671733 0.0455927051671733 0.0395136778115502 0 0.0585106382978723 0.067629179331307 0.0775075987841945 0.172492401215805 0.0417933130699088 0.0972644376899696 0.0410334346504559
"emySub" 0.0790273556231003 0.0592705167173252 0.067629179331307 0.0562310030395137 0.0547112462006079 0.0638297872340425 0.0653495440729483 0.053951367781155 0.0585106382978723 0 0.0440729483282675 0.0623100303951368 0.174012158054711 0.0569908814589666 0.0851063829787234 0.0554711246200608
"mesTub" 0.0699088145896656 0.0683890577507599 0.0797872340425532 0.0638297872340425 0.0600303951367781 0.067629179331307 0.0691489361702128 0.0592705167173252 0.067629179331307 0.0440729483282675 0 0.0645896656534954 0.180851063829787 0.060790273556231 0.0919452887537994 0.0630699088145897
"pelCas" 0.088145896656535 0.0805471124620061 0.0927051671732523 0.0714285714285714 0.0752279635258359 0.0843465045592705 0.0858662613981763 0.0721884498480243 0.0775075987841945 0.0623100303951368 0.0645896656534954 0 0.198328267477204 0.0782674772036474 0.0668693009118541 0.0752279635258359
"pelSin" 0.17629179331307 0.166413373860182 0.174772036474164 0.164893617021277 0.159574468085106 0.174012158054711 0.1709726443769 0.164893617021277 0.172492401215805 0.174012158054711 0.180851063829787 0.198328267477204 0 0.163373860182371 0.215045592705167 0.158054711246201
"plaMeg" 0.067629179331307 0.0288753799392097 0.0501519756838906 0.0288753799392097 0.0182370820668693 0.0341945288753799 0.0288753799392097 0.0296352583586626 0.0417933130699088 0.0569908814589666 0.060790273556231 0.0782674772036474 0.163373860182371 0 0.100303951367781 0.0197568389057751
"podExp" 0.111702127659574 0.0995440729483283 0.112462006079027 0.094984802431611 0.0980243161094225 0.104103343465046 0.10258358662614 0.0965045592705167 0.0972644376899696 0.0851063829787234 0.0919452887537994 0.0668693009118541 0.215045592705167 0.100303951367781 0 0.100303951367781
"terMex" 0.0661094224924012 0.0243161094224924 0.0516717325227964 0.027355623100304 0.00987841945288754 0.0326747720364742 0.0311550151975684 0.0288753799392097 0.0410334346504559 0.0554711246200608 0.0630699088145897 0.0752279635258359 0.158054711246201 0.0197568389057751 0.100303951367781 0
