"carIns" "cheAbi" "cheMyd" "cheSer" "chrPic" "cuoAmb" "cuoMcc" "derCor" "derMaw" "emySub" "gopAga" "malTer" "mesTub" "pelCas" "pelSin" "plaMeg" "podExp" "terMex"
"carIns" 0 0.102710413694722 0.155492154065621 0.0955777460770328 0.163338088445078 0.113409415121255 0.0984308131241084 0.100570613409415 0.104850213980029 0.107703281027104 0.102710413694722 0.0934379457917261 0.105563480741797 0.125534950071327 0.125534950071327 0.101283880171184 0.131241084165478 0.0955777460770328
"cheAbi" 0.102710413694722 0 0.107703281027104 0.036376604850214 0.105563480741797 0.0420827389443652 0.0249643366619116 0.036376604850214 0.0470756062767475 0.0592011412268188 0.0328102710413695 0.0320970042796006 0.0599144079885877 0.079885877318117 0.111982881597718 0.0328102710413695 0.087018544935806 0.0285306704707561
"cheMyd" 0.155492154065621 0.107703281027104 0 0.0991440798858773 0.176176890156919 0.103423680456491 0.101997146932953 0.0934379457917261 0.11055634807418 0.124108416547789 0.109129814550642 0.101997146932953 0.122681883024251 0.139087018544936 0.144793152639087 0.10413694721826 0.143366619115549 0.0984308131241084
"cheSer" 0.0955777460770328 0.036376604850214 0.0991440798858773 0 0.102710413694722 0.0420827389443652 0.0242510699001427 0.0242510699001427 0.0320970042796006 0.0513552068473609 0.0306704707560628 0.0271041369472183 0.0520684736091298 0.0713266761768902 0.101997146932953 0.0278174037089872 0.0770328102710414 0.0206847360912981
"chrPic" 0.163338088445078 0.105563480741797 0.176176890156919 0.102710413694722 0 0.114835948644793 0.0962910128388017 0.101997146932953 0.111269614835949 0.118402282453638 0.101997146932953 0.0855920114122682 0.121968616262482 0.138373751783167 0.171184022824536 0.102710413694722 0.149786019971469 0.0898716119828816
"cuoAmb" 0.113409415121255 0.0420827389443652 0.103423680456491 0.0420827389443652 0.114835948644793 0 0.021398002853067 0.0427960057061341 0.0534950071326676 0.0677603423680457 0.0385164051355207 0.0385164051355207 0.0670470756062767 0.0848787446504993 0.11055634807418 0.0392296718972896 0.0977175463623395 0.0335235378031384
"cuoMcc" 0.0984308131241084 0.0249643366619116 0.101997146932953 0.0242510699001427 0.0962910128388017 0.021398002853067 0 0.0242510699001427 0.036376604850214 0.0485021398002853 0.022111269614836 0.0199714693295292 0.0477888730385164 0.0706134094151213 0.105563480741797 0.0206847360912981 0.0805991440798859 0.0149786019971469
"derCor" 0.100570613409415 0.036376604850214 0.0934379457917261 0.0242510699001427 0.101997146932953 0.0427960057061341 0.0242510699001427 0 0.0378031383737518 0.0542082738944365 0.0320970042796006 0.0271041369472183 0.0534950071326676 0.072753209700428 0.108416547788873 0.029243937232525 0.0784593437945792 0.0206847360912981
"derMaw" 0.104850213980029 0.0470756062767475 0.11055634807418 0.0320970042796006 0.111269614835949 0.0534950071326676 0.036376604850214 0.0378031383737518 0 0.0641940085592011 0.0442225392296719 0.0392296718972896 0.0634807417974322 0.0820256776034237 0.114835948644793 0.0392296718972896 0.0891583452211127 0.0349500713266762
"emySub" 0.107703281027104 0.0592011412268188 0.124108416547789 0.0513552068473609 0.118402282453638 0.0677603423680457 0.0485021398002853 0.0542082738944365 0.0641940085592011 0 0.0570613409415121 0.0513552068473609 0.0285306704707561 0.0627674750356633 0.120542082738944 0.0556348074179743 0.0734664764621969 0.0485021398002853
"gopAga" 0.102710413694722 0.0328102710413695 0.109129814550642 0.0306704707560628 0.101997146932953 0.0385164051355207 0.022111269614836 0.0320970042796006 0.0442225392296719 0.0570613409415121 0 0.0278174037089872 0.0592011412268188 0.0770328102710414 0.111982881597718 0.0299572039942939 0.0877318116975749 0.0242510699001427
"malTer" 0.0934379457917261 0.0320970042796006 0.101997146932953 0.0271041369472183 0.0855920114122682 0.0385164051355207 0.0199714693295292 0.0271041369472183 0.0392296718972896 0.0513552068473609 0.0278174037089872 0 0.0534950071326676 0.072753209700428 0.105563480741797 0.0263908701854494 0.079885877318117 0.0135520684736091
"mesTub" 0.105563480741797 0.0599144079885877 0.122681883024251 0.0520684736091298 0.121968616262482 0.0670470756062767 0.0477888730385164 0.0534950071326676 0.0634807417974322 0.0285306704707561 0.0592011412268188 0.0534950071326676 0 0.0627674750356633 0.119115549215407 0.0549215406562054 0.0691868758915835 0.0485021398002853
"pelCas" 0.125534950071327 0.079885877318117 0.139087018544936 0.0713266761768902 0.138373751783167 0.0848787446504993 0.0706134094151213 0.072753209700428 0.0820256776034237 0.0627674750356633 0.0770328102710414 0.072753209700428 0.0627674750356633 0 0.126248216833096 0.0741797432239658 0.06490727532097 0.0691868758915835
"pelSin" 0.125534950071327 0.111982881597718 0.144793152639087 0.101997146932953 0.171184022824536 0.11055634807418 0.105563480741797 0.108416547788873 0.114835948644793 0.120542082738944 0.111982881597718 0.105563480741797 0.119115549215407 0.126248216833096 0 0.107703281027104 0.135520684736091 0.101997146932953
"plaMeg" 0.101283880171184 0.0328102710413695 0.10413694721826 0.0278174037089872 0.102710413694722 0.0392296718972896 0.0206847360912981 0.029243937232525 0.0392296718972896 0.0556348074179743 0.0299572039942939 0.0263908701854494 0.0549215406562054 0.0741797432239658 0.107703281027104 0 0.0863052781740371 0.0199714693295292
"podExp" 0.131241084165478 0.087018544935806 0.143366619115549 0.0770328102710414 0.149786019971469 0.0977175463623395 0.0805991440798859 0.0784593437945792 0.0891583452211127 0.0734664764621969 0.0877318116975749 0.079885877318117 0.0691868758915835 0.06490727532097 0.135520684736091 0.0863052781740371 0 0.079885877318117
"terMex" 0.0955777460770328 0.0285306704707561 0.0984308131241084 0.0206847360912981 0.0898716119828816 0.0335235378031384 0.0149786019971469 0.0206847360912981 0.0349500713266762 0.0485021398002853 0.0242510699001427 0.0135520684736091 0.0485021398002853 0.0691868758915835 0.101997146932953 0.0199714693295292 0.079885877318117 0
