"carIns" "cheMyd" "cheSer" "chrPic" "cuoAmb" "cuoMcc" "derCor" "mesTub" "pelCas" "pelSin" "podExp"
"carIns" 0 0.0586690017513135 0.0621716287215412 0.140105078809107 0.053415061295972 0.0551663747810858 0.0577933450087566 0.0718038528896672 0.0796847635726795 0.0647985989492119 0.0866900175131348
"cheMyd" 0.0586690017513135 0 0.0288966725043783 0.113835376532399 0.0227670753064799 0.0245183887915937 0.0166374781085814 0.053415061295972 0.0604203152364273 0.053415061295972 0.0691768826619965
"cheSer" 0.0621716287215412 0.0288966725043783 0 0.119089316987741 0.0253940455341506 0.0271453590192644 0.0297723292469352 0.0507880910683012 0.0569176882661996 0.0542907180385289 0.0665499124343257
"chrPic" 0.140105078809107 0.113835376532399 0.119089316987741 0 0.108581436077058 0.110332749562172 0.117338003502627 0.134851138353765 0.140980735551664 0.136602451838879 0.146234676007005
"cuoAmb" 0.053415061295972 0.0227670753064799 0.0253940455341506 0.108581436077058 0 0.00350262697022767 0.0236427320490368 0.0455341506129597 0.0542907180385289 0.0464098073555166 0.0621716287215412
"cuoMcc" 0.0551663747810858 0.0245183887915937 0.0271453590192644 0.110332749562172 0.00350262697022767 0 0.0253940455341506 0.0455341506129597 0.0560420315236427 0.0464098073555166 0.063922942206655
"derCor" 0.0577933450087566 0.0166374781085814 0.0297723292469352 0.117338003502627 0.0236427320490368 0.0253940455341506 0 0.053415061295972 0.0612959719789842 0.0525394045534151 0.0683012259194396
"mesTub" 0.0718038528896672 0.053415061295972 0.0507880910683012 0.134851138353765 0.0455341506129597 0.0455341506129597 0.053415061295972 0 0.0455341506129597 0.0656742556917688 0.0560420315236427
"pelCas" 0.0796847635726795 0.0604203152364273 0.0569176882661996 0.140980735551664 0.0542907180385289 0.0560420315236427 0.0612959719789842 0.0455341506129597 0 0.0753064798598949 0.0507880910683012
"pelSin" 0.0647985989492119 0.053415061295972 0.0542907180385289 0.136602451838879 0.0464098073555166 0.0464098073555166 0.0525394045534151 0.0656742556917688 0.0753064798598949 0 0.0840630472854641
"podExp" 0.0866900175131348 0.0691768826619965 0.0665499124343257 0.146234676007005 0.0621716287215412 0.063922942206655 0.0683012259194396 0.0560420315236427 0.0507880910683012 0.0840630472854641 0
