"carIns" "cheAbi" "cheSer" "chrPic" "cuoAmb" "cuoMcc" "derMaw" "emySub" "gopAga" "malTer" "mesTub" "pelCas" "pelSin" "plaMeg" "podExp" "terMex"
"carIns" 0 0.138631827254582 0.127018689892941 0.127200145164217 0.157866086009799 0.130284884775903 0.134639811286518 0.139357648339684 0.138994737797133 0.138450371983306 0.15405552531301 0.161313736164036 0.148611867174741 0.124478316095083 0.162221012520414 0.134458356015242
"cheAbi" 0.138631827254582 0 0.0577027762656505 0.0424605334784975 0.0658682634730539 0.0310288513881328 0.0705861005262203 0.0907276356378153 0.0377426964253312 0.0549809471965161 0.105788423153693 0.120486300127019 0.124841226637634 0.0370168753402286 0.123933950281256 0.0489929232444202
"cheSer" 0.127018689892941 0.0577027762656505 0 0.0408274360370169 0.0745781164942842 0.0439121756487026 0.048630012701869 0.0776628561059699 0.0557067682816186 0.0528034839412085 0.093812375249501 0.10633278896752 0.11213935764834 0.0362910542551261 0.111413536563237 0.0469969152603883
"chrPic" 0.127200145164217 0.0424605334784975 0.0408274360370169 0 0.0587915078933043 0.0259481037924152 0.0531663944837598 0.0783886771910724 0.0397387044093631 0.0221375430956269 0.0932680094356741 0.105425512611141 0.112320812919615 0.0176011613137362 0.11213935764834 0.0263110143349664
"cuoAmb" 0.157866086009799 0.0658682634730539 0.0745781164942842 0.0587915078933043 0 0.043730720377427 0.086917074941027 0.109961894393032 0.063872255489022 0.0704046452549447 0.124296860823807 0.137543095626928 0.143712574850299 0.0546180366539648 0.144982761749229 0.0660497187443295
"cuoMcc" 0.130284884775903 0.0310288513881328 0.0439121756487026 0.0259481037924152 0.043730720377427 0 0.0557067682816186 0.078570132462348 0.0310288513881328 0.038287062239158 0.0936309199782254 0.106877154781346 0.115405552531301 0.0215931772818 0.113228089275993 0.0337506804572673
"derMaw" 0.134639811286518 0.0705861005262203 0.048630012701869 0.0531663944837598 0.086917074941027 0.0557067682816186 0 0.0876428960261296 0.0665940845581564 0.0655053529305026 0.105425512611141 0.114861186717474 0.123571039738704 0.0499001996007984 0.123208129196153 0.0607875158773362
"emySub" 0.139357648339684 0.0907276356378153 0.0776628561059699 0.0783886771910724 0.109961894393032 0.078570132462348 0.0876428960261296 0 0.0896389040101615 0.0905461803665396 0.0515332970422791 0.0861912538559245 0.124478316095083 0.0753039375793867 0.0941752857920523 0.0860097985846489
"gopAga" 0.138994737797133 0.0377426964253312 0.0557067682816186 0.0397387044093631 0.063872255489022 0.0310288513881328 0.0665940845581564 0.0896389040101615 0 0.0522591181273816 0.104699691526039 0.115587007802577 0.124115405552531 0.0355652331700236 0.121393576483397 0.0464525494465614
"malTer" 0.138450371983306 0.0549809471965161 0.0528034839412085 0.0221375430956269 0.0704046452549447 0.038287062239158 0.0655053529305026 0.0905461803665396 0.0522591181273816 0 0.104155325712212 0.11667573943023 0.122663763382326 0.029940119760479 0.121937942297224 0.038287062239158
"mesTub" 0.15405552531301 0.105788423153693 0.093812375249501 0.0932680094356741 0.124296860823807 0.0936309199782254 0.105425512611141 0.0515332970422791 0.104699691526039 0.104155325712212 0 0.103610959898385 0.139176193068409 0.0900018145527127 0.108691707494103 0.0996189439303212
"pelCas" 0.161313736164036 0.120486300127019 0.10633278896752 0.105425512611141 0.137543095626928 0.106877154781346 0.114861186717474 0.0861912538559245 0.115587007802577 0.11667573943023 0.103610959898385 0 0.14824895663219 0.103248049355834 0.0974414806750136 0.111232081291962
"pelSin" 0.148611867174741 0.124841226637634 0.11213935764834 0.112320812919615 0.143712574850299 0.115405552531301 0.123571039738704 0.124478316095083 0.124115405552531 0.122663763382326 0.139176193068409 0.14824895663219 0 0.111050626020686 0.152785338414081 0.12084921066957
"plaMeg" 0.124478316095083 0.0370168753402286 0.0362910542551261 0.0176011613137362 0.0546180366539648 0.0215931772818 0.0499001996007984 0.0753039375793867 0.0355652331700236 0.029940119760479 0.0900018145527127 0.103248049355834 0.111050626020686 0 0.109417528579205 0.0259481037924152
"podExp" 0.162221012520414 0.123933950281256 0.111413536563237 0.11213935764834 0.144982761749229 0.113228089275993 0.123208129196153 0.0941752857920523 0.121393576483397 0.121937942297224 0.108691707494103 0.0974414806750136 0.152785338414081 0.109417528579205 0 0.119216113228089
"terMex" 0.134458356015242 0.0489929232444202 0.0469969152603883 0.0263110143349664 0.0660497187443295 0.0337506804572673 0.0607875158773362 0.0860097985846489 0.0464525494465614 0.038287062239158 0.0996189439303212 0.111232081291962 0.12084921066957 0.0259481037924152 0.119216113228089 0
