"carIns" "cheAbi" "cheMyd" "cheSer" "chrPic" "cuoAmb" "cuoMcc" "derMaw" "emySub" "malTer" "mesTub" "pelCas" "pelSin" "plaMeg" "podExp" "terMex"
"carIns" 0 0.162240184757506 0.15040415704388 0.0502309468822171 0.062933025404157 0.0894919168591224 0.0741916859122402 0.15675519630485 0.0594688221709007 0.0545612009237875 0.0632217090069284 0.151558891454965 0.184757505773672 0.0502309468822171 0.0759237875288684 0.155889145496536
"cheAbi" 0.162240184757506 0 0.150692840646651 0.137413394919169 0.134237875288684 0.146651270207852 0.13135103926097 0.160219399538106 0.151270207852194 0.135103926096998 0.154157043879908 0.18215935334873 0.203233256351039 0.132217090069284 0.167725173210162 0.144919168591224
"cheMyd" 0.15040415704388 0.150692840646651 0 0.1270207852194 0.12933025404157 0.147517321016166 0.131639722863741 0.147517321016166 0.141454965357968 0.127309468822171 0.143764434180139 0.183025404157044 0.197748267898383 0.124133949191686 0.159930715935335 0.141166281755196
"cheSer" 0.0502309468822171 0.137413394919169 0.1270207852194 0 0.0329099307159353 0.0600461893764434 0.0444572748267898 0.129618937644342 0.0407043879907621 0.0239607390300231 0.0447459584295612 0.140011547344111 0.179272517321016 0.0176096997690531 0.062066974595843 0.12933025404157
"chrPic" 0.062933025404157 0.134237875288684 0.12933025404157 0.0329099307159353 0 0.0580254041570439 0.0435912240184758 0.134526558891455 0.0516743648960739 0.0228060046189376 0.0565819861431871 0.14405311778291 0.181004618937644 0.0248267898383372 0.0744803695150116 0.122401847575058
"cuoAmb" 0.0894919168591224 0.146651270207852 0.147517321016166 0.0600461893764434 0.0580254041570439 0 0.0343533487297921 0.153002309468822 0.078810623556582 0.0603348729792148 0.0828521939953811 0.162240184757506 0.197170900692841 0.055715935334873 0.100173210161663 0.14405311778291
"cuoMcc" 0.0741916859122402 0.13135103926097 0.131639722863741 0.0444572748267898 0.0435912240184758 0.0343533487297921 0 0.136258660508083 0.0640877598152425 0.0444572748267898 0.0678406466512702 0.147806004618938 0.183891454965358 0.039838337182448 0.0840069284064665 0.128464203233256
"derMaw" 0.15675519630485 0.160219399538106 0.147517321016166 0.129618937644342 0.134526558891455 0.153002309468822 0.136258660508083 0 0.147228637413395 0.136547344110855 0.150981524249423 0.1864896073903 0.202944572748268 0.13135103926097 0.165993071593533 0.145207852193995
"emySub" 0.0594688221709007 0.151270207852194 0.141454965357968 0.0407043879907621 0.0516743648960739 0.078810623556582 0.0640877598152425 0.147228637413395 0 0.0438799076212471 0.0256928406466513 0.131639722863741 0.187644341801386 0.038972286374134 0.0516743648960739 0.146651270207852
"malTer" 0.0545612009237875 0.135103926096998 0.127309468822171 0.0239607390300231 0.0228060046189376 0.0603348729792148 0.0444572748267898 0.136547344110855 0.0438799076212471 0 0.0487875288683603 0.143764434180139 0.185046189376443 0.0170323325635104 0.0669745958429561 0.123267898383372
"mesTub" 0.0632217090069284 0.154157043879908 0.143764434180139 0.0447459584295612 0.0565819861431871 0.0828521939953811 0.0678406466512702 0.150981524249423 0.0256928406466513 0.0487875288683603 0 0.132505773672055 0.187933025404157 0.0427251732101617 0.0545612009237875 0.152136258660508
"pelCas" 0.151558891454965 0.18215935334873 0.183025404157044 0.140011547344111 0.14405311778291 0.162240184757506 0.147806004618938 0.1864896073903 0.131639722863741 0.143764434180139 0.132505773672055 0 0.216801385681293 0.136836027713626 0.13135103926097 0.178983833718245
"pelSin" 0.184757505773672 0.203233256351039 0.197748267898383 0.179272517321016 0.181004618937644 0.197170900692841 0.183891454965358 0.202944572748268 0.187644341801386 0.185046189376443 0.187933025404157 0.216801385681293 0 0.179272517321016 0.200923787528868 0.197170900692841
"plaMeg" 0.0502309468822171 0.132217090069284 0.124133949191686 0.0176096997690531 0.0248267898383372 0.055715935334873 0.039838337182448 0.13135103926097 0.038972286374134 0.0170323325635104 0.0427251732101617 0.136836027713626 0.179272517321016 0 0.062066974595843 0.121824480369515
"podExp" 0.0759237875288684 0.167725173210162 0.159930715935335 0.062066974595843 0.0744803695150116 0.100173210161663 0.0840069284064665 0.165993071593533 0.0516743648960739 0.0669745958429561 0.0545612009237875 0.13135103926097 0.200923787528868 0.062066974595843 0 0.165415704387991
"terMex" 0.155889145496536 0.144919168591224 0.141166281755196 0.12933025404157 0.122401847575058 0.14405311778291 0.128464203233256 0.145207852193995 0.146651270207852 0.123267898383372 0.152136258660508 0.178983833718245 0.197170900692841 0.121824480369515 0.165415704387991 0
