"carIns" "cheAbi" "cheMyd" "cheSer" "chrPic" "cuoAmb" "cuoMcc" "derCor" "derMaw" "emySub" "gopAga" "malTer" "mesTub" "pelCas" "pelSin" "plaMeg" "podExp" "terMex"
"carIns" 0 0.0737410071942446 0.0782374100719424 0.0764388489208633 0.0908273381294964 0.0782374100719424 0.0764388489208633 0.079136690647482 0.091726618705036 0.0908273381294964 0.0809352517985611 0.0773381294964029 0.0971223021582734 0.102517985611511 0.0863309352517986 0.0755395683453237 0.108812949640288 0.0809352517985611
"cheAbi" 0.0737410071942446 0 0.0359712230215827 0.0341726618705036 0.0440647482014388 0.0206834532374101 0.0188848920863309 0.0323741007194245 0.0476618705035971 0.0629496402877698 0.0206834532374101 0.026978417266187 0.0710431654676259 0.0764388489208633 0.072841726618705 0.0188848920863309 0.085431654676259 0.0224820143884892
"cheMyd" 0.0782374100719424 0.0359712230215827 0 0.0323741007194245 0.0602517985611511 0.0404676258992806 0.0386690647482014 0.0233812949640288 0.0476618705035971 0.0656474820143885 0.0449640287769784 0.0404676258992806 0.0737410071942446 0.0809352517985611 0.0773381294964029 0.0386690647482014 0.0881294964028777 0.0404676258992806
"cheSer" 0.0764388489208633 0.0341726618705036 0.0323741007194245 0 0.0566546762589928 0.033273381294964 0.0314748201438849 0.0305755395683453 0.0449640287769784 0.0656474820143885 0.0368705035971223 0.0368705035971223 0.0719424460431655 0.0764388489208633 0.0737410071942446 0.0341726618705036 0.0881294964028777 0.0377697841726619
"chrPic" 0.0908273381294964 0.0440647482014388 0.0602517985611511 0.0566546762589928 0 0.0467625899280576 0.0449640287769784 0.0557553956834532 0.0701438848920863 0.0764388489208633 0.0530575539568345 0.0278776978417266 0.0845323741007194 0.0872302158273381 0.0926258992805755 0.0431654676258993 0.100719424460432 0.039568345323741
"cuoAmb" 0.0782374100719424 0.0206834532374101 0.0404676258992806 0.033273381294964 0.0467625899280576 0 0.00539568345323741 0.0368705035971223 0.0494604316546763 0.0656474820143885 0.0215827338129496 0.0278776978417266 0.0737410071942446 0.0782374100719424 0.072841726618705 0.0170863309352518 0.0872302158273381 0.0206834532374101
"cuoMcc" 0.0764388489208633 0.0188848920863309 0.0386690647482014 0.0314748201438849 0.0449640287769784 0.00539568345323741 0 0.0350719424460432 0.0476618705035971 0.0638489208633094 0.0197841726618705 0.0260791366906475 0.0719424460431655 0.0764388489208633 0.0719424460431655 0.0152877697841727 0.0845323741007194 0.0188848920863309
"derCor" 0.079136690647482 0.0323741007194245 0.0233812949640288 0.0305755395683453 0.0557553956834532 0.0368705035971223 0.0350719424460432 0 0.0440647482014388 0.0602517985611511 0.0377697841726619 0.0350719424460432 0.0683453237410072 0.0764388489208633 0.0755395683453237 0.0368705035971223 0.0872302158273381 0.0386690647482014
"derMaw" 0.091726618705036 0.0476618705035971 0.0476618705035971 0.0449640287769784 0.0701438848920863 0.0494604316546763 0.0476618705035971 0.0440647482014388 0 0.0737410071942446 0.052158273381295 0.0503597122302158 0.0818345323741007 0.0908273381294964 0.0899280575539568 0.0503597122302158 0.0971223021582734 0.0548561151079137
"emySub" 0.0908273381294964 0.0629496402877698 0.0656474820143885 0.0656474820143885 0.0764388489208633 0.0656474820143885 0.0638489208633094 0.0602517985611511 0.0737410071942446 0 0.0692446043165468 0.0611510791366906 0.0386690647482014 0.0620503597122302 0.0827338129496403 0.0647482014388489 0.0665467625899281 0.0665467625899281
"gopAga" 0.0809352517985611 0.0206834532374101 0.0449640287769784 0.0368705035971223 0.0530575539568345 0.0215827338129496 0.0197841726618705 0.0377697841726619 0.052158273381295 0.0692446043165468 0 0.0341726618705036 0.079136690647482 0.0818345323741007 0.0782374100719424 0.0242805755395683 0.091726618705036 0.0278776978417266
"malTer" 0.0773381294964029 0.026978417266187 0.0404676258992806 0.0368705035971223 0.0278776978417266 0.0278776978417266 0.0260791366906475 0.0350719424460432 0.0503597122302158 0.0611510791366906 0.0341726618705036 0 0.0692446043165468 0.0701438848920863 0.0755395683453237 0.0278776978417266 0.085431654676259 0.0242805755395683
"mesTub" 0.0971223021582734 0.0710431654676259 0.0737410071942446 0.0719424460431655 0.0845323741007194 0.0737410071942446 0.0719424460431655 0.0683453237410072 0.0818345323741007 0.0386690647482014 0.079136690647482 0.0692446043165468 0 0.0746402877697842 0.0845323741007194 0.072841726618705 0.0773381294964029 0.0746402877697842
"pelCas" 0.102517985611511 0.0764388489208633 0.0809352517985611 0.0764388489208633 0.0872302158273381 0.0782374100719424 0.0764388489208633 0.0764388489208633 0.0908273381294964 0.0620503597122302 0.0818345323741007 0.0701438848920863 0.0746402877697842 0 0.0953237410071942 0.0773381294964029 0.0602517985611511 0.079136690647482
"pelSin" 0.0863309352517986 0.072841726618705 0.0773381294964029 0.0737410071942446 0.0926258992805755 0.072841726618705 0.0719424460431655 0.0755395683453237 0.0899280575539568 0.0827338129496403 0.0782374100719424 0.0755395683453237 0.0845323741007194 0.0953237410071942 0 0.0719424460431655 0.100719424460432 0.0755395683453237
"plaMeg" 0.0755395683453237 0.0188848920863309 0.0386690647482014 0.0341726618705036 0.0431654676258993 0.0170863309352518 0.0152877697841727 0.0368705035971223 0.0503597122302158 0.0647482014388489 0.0242805755395683 0.0278776978417266 0.072841726618705 0.0773381294964029 0.0719424460431655 0 0.0881294964028777 0.0107913669064748
"podExp" 0.108812949640288 0.085431654676259 0.0881294964028777 0.0881294964028777 0.100719424460432 0.0872302158273381 0.0845323741007194 0.0872302158273381 0.0971223021582734 0.0665467625899281 0.091726618705036 0.085431654676259 0.0773381294964029 0.0602517985611511 0.100719424460432 0.0881294964028777 0 0.0899280575539568
"terMex" 0.0809352517985611 0.0224820143884892 0.0404676258992806 0.0377697841726619 0.039568345323741 0.0206834532374101 0.0188848920863309 0.0386690647482014 0.0548561151079137 0.0665467625899281 0.0278776978417266 0.0242805755395683 0.0746402877697842 0.079136690647482 0.0755395683453237 0.0107913669064748 0.0899280575539568 0
