"carIns" "cheAbi" "cheMyd" "cheSer" "chrPic" "cuoAmb" "cuoMcc" "derMaw" "emySub" "gopAga" "malTer" "mesTub" "pelCas" "pelSin" "plaMeg" "podExp" "terMex"
"carIns" 0 0.077175697865353 0.0755336617405583 0.0755336617405583 0.0623973727422003 0.0755336617405583 0.0747126436781609 0.0755336617405583 0.0845648604269294 0.0985221674876847 0.0632183908045977 0.0911330049261084 0.0977011494252874 0.090311986863711 0.0665024630541872 0.0977011494252874 0.0656814449917898
"cheAbi" 0.077175697865353 0 0.0320197044334975 0.0344827586206897 0.0221674876847291 0.0147783251231527 0.013136288998358 0.0451559934318555 0.0582922824302135 0.0369458128078818 0.0279146141215107 0.0656814449917898 0.0747126436781609 0.0788177339901478 0.0213464696223317 0.0763546798029557 0.0238095238095238
"cheMyd" 0.0755336617405583 0.0320197044334975 0 0.035303776683087 0.0197044334975369 0.0320197044334975 0.0303776683087028 0.0377668308702791 0.055008210180624 0.0558292282430213 0.0221674876847291 0.0591133004926108 0.0665024630541872 0.077175697865353 0.0221674876847291 0.0689655172413793 0.0221674876847291
"cheSer" 0.0755336617405583 0.0344827586206897 0.035303776683087 0 0.0254515599343186 0.0361247947454844 0.0336617405582923 0.0369458128078818 0.0558292282430213 0.0574712643678161 0.0311986863711002 0.0681444991789819 0.0738916256157636 0.0763546798029557 0.0246305418719212 0.0747126436781609 0.0254515599343186
"chrPic" 0.0623973727422003 0.0221674876847291 0.0197044334975369 0.0254515599343186 0 0.0221674876847291 0.0205254515599343 0.0295566502463054 0.0467980295566502 0.0476190476190476 0.00574712643678161 0.0525451559934319 0.0623973727422003 0.0665024630541872 0.0090311986863711 0.0640394088669951 0.00656814449917898
"cuoAmb" 0.0755336617405583 0.0147783251231527 0.0320197044334975 0.0361247947454844 0.0221674876847291 0 0.00738916256157635 0.0451559934318555 0.0591133004926108 0.041871921182266 0.0279146141215107 0.0656814449917898 0.0747126436781609 0.0755336617405583 0.0229885057471264 0.0763546798029557 0.0238095238095238
"cuoMcc" 0.0747126436781609 0.013136288998358 0.0303776683087028 0.0336617405582923 0.0205254515599343 0.00738916256157635 0 0.0426929392446634 0.0566502463054187 0.0402298850574713 0.0262725779967159 0.0640394088669951 0.0722495894909688 0.0755336617405583 0.0213464696223317 0.0738916256157636 0.0221674876847291
"derMaw" 0.0755336617405583 0.0451559934318555 0.0377668308702791 0.0369458128078818 0.0295566502463054 0.0451559934318555 0.0426929392446634 0 0.0632183908045977 0.070607553366174 0.0320197044334975 0.0665024630541872 0.0755336617405583 0.0788177339901478 0.0336617405582923 0.0722495894909688 0.0311986863711002
"emySub" 0.0845648604269294 0.0582922824302135 0.055008210180624 0.0558292282430213 0.0467980295566502 0.0591133004926108 0.0566502463054187 0.0632183908045977 0 0.0812807881773399 0.0500821018062397 0.0311986863711002 0.0492610837438424 0.0870279146141215 0.0443349753694581 0.0607553366174056 0.0467980295566502
"gopAga" 0.0985221674876847 0.0369458128078818 0.0558292282430213 0.0574712643678161 0.0476190476190476 0.041871921182266 0.0402298850574713 0.070607553366174 0.0812807881773399 0 0.0525451559934319 0.090311986863711 0.09688013136289 0.100164203612479 0.048440065681445 0.0993431855500821 0.0492610837438424
"malTer" 0.0632183908045977 0.0279146141215107 0.0221674876847291 0.0311986863711002 0.00574712643678161 0.0279146141215107 0.0262725779967159 0.0320197044334975 0.0500821018062397 0.0525451559934319 0 0.0541871921182266 0.0648604269293925 0.0673234811165846 0.0147783251231527 0.0656814449917898 0.0123152709359606
"mesTub" 0.0911330049261084 0.0656814449917898 0.0591133004926108 0.0681444991789819 0.0525451559934319 0.0656814449917898 0.0640394088669951 0.0665024630541872 0.0311986863711002 0.090311986863711 0.0541871921182266 0 0.0599343185550082 0.0911330049261084 0.0541871921182266 0.0632183908045977 0.0541871921182266
"pelCas" 0.0977011494252874 0.0747126436781609 0.0665024630541872 0.0738916256157636 0.0623973727422003 0.0747126436781609 0.0722495894909688 0.0755336617405583 0.0492610837438424 0.09688013136289 0.0648604269293925 0.0599343185550082 0 0.103448275862069 0.0632183908045977 0.0525451559934319 0.0648604269293925
"pelSin" 0.090311986863711 0.0788177339901478 0.077175697865353 0.0763546798029557 0.0665024630541872 0.0755336617405583 0.0755336617405583 0.0788177339901478 0.0870279146141215 0.100164203612479 0.0673234811165846 0.0911330049261084 0.103448275862069 0 0.0697865353037767 0.110837438423645 0.0673234811165846
"plaMeg" 0.0665024630541872 0.0213464696223317 0.0221674876847291 0.0246305418719212 0.0090311986863711 0.0229885057471264 0.0213464696223317 0.0336617405582923 0.0443349753694581 0.048440065681445 0.0147783251231527 0.0541871921182266 0.0632183908045977 0.0697865353037767 0 0.0648604269293925 0.0106732348111658
"podExp" 0.0977011494252874 0.0763546798029557 0.0689655172413793 0.0747126436781609 0.0640394088669951 0.0763546798029557 0.0738916256157636 0.0722495894909688 0.0607553366174056 0.0993431855500821 0.0656814449917898 0.0632183908045977 0.0525451559934319 0.110837438423645 0.0648604269293925 0 0.0656814449917898
"terMex" 0.0656814449917898 0.0238095238095238 0.0221674876847291 0.0254515599343186 0.00656814449917898 0.0238095238095238 0.0221674876847291 0.0311986863711002 0.0467980295566502 0.0492610837438424 0.0123152709359606 0.0541871921182266 0.0648604269293925 0.0673234811165846 0.0106732348111658 0.0656814449917898 0
