"carIns" "cheAbi" "cheMyd" "cheSer" "chrPic" "cuoAmb" "cuoMcc" "derMaw" "emySub" "gopAga" "malTer" "mesTub" "pelCas" "pelSin" "plaMeg" "podExp" "terMex"
"carIns" 0 0.05859375 0.05234375 0.053125 0.0484375 0.05234375 0.0515625 0.04921875 0.065625 0.05859375 0.234375 0.06796875 0.1546875 0.0453125 0.04921875 0.08203125 0.05
"cheAbi" 0.05859375 0 0.03515625 0.03671875 0.02265625 0.0140625 0.01328125 0.034375 0.05234375 0.01328125 0.21875 0.0515625 0.1515625 0.04765625 0.02265625 0.07734375 0.02421875
"cheMyd" 0.05234375 0.03515625 0 0.028125 0.025 0.028125 0.02734375 0.02578125 0.04609375 0.034375 0.2171875 0.04921875 0.15 0.04296875 0.02421875 0.0734375 0.0265625
"cheSer" 0.053125 0.03671875 0.028125 0 0.0203125 0.02734375 0.0265625 0.025 0.04375 0.03359375 0.21484375 0.0453125 0.14140625 0.040625 0.025 0.06953125 0.025
"chrPic" 0.0484375 0.02265625 0.025 0.0203125 0 0.01640625 0.015625 0.0234375 0.04296875 0.01953125 0.20390625 0.04453125 0.1421875 0.03984375 0.0125 0.06484375 0.00625
"cuoAmb" 0.05234375 0.0140625 0.028125 0.02734375 0.01640625 0 0.00234375 0.02890625 0.04609375 0.0125 0.21484375 0.0453125 0.146875 0.04296875 0.01484375 0.07109375 0.01796875
"cuoMcc" 0.0515625 0.01328125 0.02734375 0.0265625 0.015625 0.00234375 0 0.028125 0.0453125 0.01171875 0.2140625 0.04453125 0.14609375 0.0421875 0.0140625 0.0703125 0.0171875
"derMaw" 0.04921875 0.034375 0.02578125 0.025 0.0234375 0.02890625 0.028125 0 0.0453125 0.03359375 0.22109375 0.04609375 0.146875 0.0421875 0.025 0.0703125 0.0265625
"emySub" 0.065625 0.05234375 0.04609375 0.04375 0.04296875 0.04609375 0.0453125 0.0453125 0 0.05234375 0.2265625 0.02578125 0.1359375 0.05703125 0.0421875 0.0625 0.04453125
"gopAga" 0.05859375 0.01328125 0.034375 0.03359375 0.01953125 0.0125 0.01171875 0.03359375 0.05234375 0 0.215625 0.05078125 0.15 0.046875 0.02109375 0.0765625 0.02109375
"malTer" 0.234375 0.21875 0.2171875 0.21484375 0.20390625 0.21484375 0.2140625 0.22109375 0.2265625 0.215625 0 0.22890625 0.3109375 0.22734375 0.21171875 0.2328125 0.20625
"mesTub" 0.06796875 0.0515625 0.04921875 0.0453125 0.04453125 0.0453125 0.04453125 0.04609375 0.02578125 0.05078125 0.22890625 0 0.1421875 0.059375 0.04609375 0.06796875 0.04609375
"pelCas" 0.1546875 0.1515625 0.15 0.14140625 0.1421875 0.146875 0.14609375 0.146875 0.1359375 0.15 0.3109375 0.1421875 0 0.14609375 0.14140625 0.140625 0.14296875
"pelSin" 0.0453125 0.04765625 0.04296875 0.040625 0.03984375 0.04296875 0.0421875 0.0421875 0.05703125 0.046875 0.22734375 0.059375 0.14609375 0 0.0390625 0.07578125 0.03984375
"plaMeg" 0.04921875 0.02265625 0.02421875 0.025 0.0125 0.01484375 0.0140625 0.025 0.0421875 0.02109375 0.21171875 0.04609375 0.14140625 0.0390625 0 0.0671875 0.0140625
"podExp" 0.08203125 0.07734375 0.0734375 0.06953125 0.06484375 0.07109375 0.0703125 0.0703125 0.0625 0.0765625 0.2328125 0.06796875 0.140625 0.07578125 0.0671875 0 0.0671875
"terMex" 0.05 0.02421875 0.0265625 0.025 0.00625 0.01796875 0.0171875 0.0265625 0.04453125 0.02109375 0.20625 0.04609375 0.14296875 0.03984375 0.0140625 0.0671875 0
