"carIns" "cheAbi" "cheMyd" "chrPic" "cuoAmb" "cuoMcc" "derCor" "derMaw" "emySub" "gopAga" "malTer" "mesTub" "pelCas" "pelSin" "plaMeg" "podExp"
"carIns" 0 0.0997979797979798 0.103838383838384 0.098989898989899 0.110707070707071 0.0997979797979798 0.106262626262626 0.105454545454545 0.117979797979798 0.100606060606061 0.096969696969697 0.121616161616162 0.131313131313131 0.111111111111111 0.0937373737373737 0.141010101010101
"cheAbi" 0.0997979797979798 0 0.0444444444444444 0.0311111111111111 0.0391919191919192 0.0246464646464646 0.0484848484848485 0.0509090909090909 0.0812121212121212 0.021010101010101 0.0298989898989899 0.0824242424242424 0.0929292929292929 0.082020202020202 0.0298989898989899 0.109090909090909
"cheMyd" 0.103838383838384 0.0444444444444444 0 0.0391919191919192 0.0553535353535354 0.0408080808080808 0.0218181818181818 0.0448484848484848 0.0771717171717172 0.0436363636363636 0.0371717171717172 0.0787878787878788 0.0892929292929293 0.077979797979798 0.0367676767676768 0.0997979797979798
"chrPic" 0.098989898989899 0.0311111111111111 0.0391919191919192 0 0.0424242424242424 0.0278787878787879 0.0452525252525253 0.0432323232323232 0.0723232323232323 0.0298989898989899 0.00525252525252525 0.0751515151515151 0.084040404040404 0.0775757575757576 0.0222222222222222 0.101010101010101
"cuoAmb" 0.110707070707071 0.0391919191919192 0.0553535353535354 0.0424242424242424 0 0.0202020202020202 0.0602020202020202 0.058989898989899 0.0905050505050505 0.0412121212121212 0.0412121212121212 0.0917171717171717 0.103434343434343 0.0896969696969697 0.042020202020202 0.11959595959596
"cuoMcc" 0.0997979797979798 0.0246464646464646 0.0408080808080808 0.0278787878787879 0.0202020202020202 0 0.0456565656565657 0.0468686868686869 0.0783838383838384 0.0266666666666667 0.0266666666666667 0.0787878787878788 0.0892929292929293 0.0775757575757576 0.0270707070707071 0.106262626262626
"derCor" 0.106262626262626 0.0484848484848485 0.0218181818181818 0.0452525252525253 0.0602020202020202 0.0456565656565657 0 0.0488888888888889 0.0791919191919192 0.0492929292929293 0.0432323232323232 0.0808080808080808 0.0909090909090909 0.0832323232323232 0.0412121212121212 0.104242424242424
"derMaw" 0.105454545454545 0.0509090909090909 0.0448484848484848 0.0432323232323232 0.058989898989899 0.0468686868686869 0.0488888888888889 0 0.0763636363636364 0.0468686868686869 0.0436363636363636 0.0795959595959596 0.0888888888888889 0.082020202020202 0.0428282828282828 0.107070707070707
"emySub" 0.117979797979798 0.0812121212121212 0.0771717171717172 0.0723232323232323 0.0905050505050505 0.0783838383838384 0.0791919191919192 0.0763636363636364 0 0.0783838383838384 0.0727272727272727 0.0383838383838384 0.0662626262626263 0.0921212121212121 0.0707070707070707 0.08
"gopAga" 0.100606060606061 0.021010101010101 0.0436363636363636 0.0298989898989899 0.0412121212121212 0.0266666666666667 0.0492929292929293 0.0468686868686869 0.0783838383838384 0 0.0286868686868687 0.0804040404040404 0.0901010101010101 0.0812121212121212 0.0323232323232323 0.107878787878788
"malTer" 0.096969696969697 0.0298989898989899 0.0371717171717172 0.00525252525252525 0.0412121212121212 0.0266666666666667 0.0432323232323232 0.0436363636363636 0.0727272727272727 0.0286868686868687 0 0.0747474747474747 0.084040404040404 0.0763636363636364 0.021010101010101 0.10020202020202
"mesTub" 0.121616161616162 0.0824242424242424 0.0787878787878788 0.0751515151515151 0.0917171717171717 0.0787878787878788 0.0808080808080808 0.0795959595959596 0.0383838383838384 0.0804040404040404 0.0747474747474747 0 0.0731313131313131 0.0961616161616162 0.0735353535353535 0.0852525252525252
"pelCas" 0.131313131313131 0.0929292929292929 0.0892929292929293 0.084040404040404 0.103434343434343 0.0892929292929293 0.0909090909090909 0.0888888888888889 0.0662626262626263 0.0901010101010101 0.084040404040404 0.0731313131313131 0 0.107878787878788 0.0824242424242424 0.0694949494949495
"pelSin" 0.111111111111111 0.082020202020202 0.077979797979798 0.0775757575757576 0.0896969696969697 0.0775757575757576 0.0832323232323232 0.082020202020202 0.0921212121212121 0.0812121212121212 0.0763636363636364 0.0961616161616162 0.107878787878788 0 0.0751515151515151 0.119191919191919
"plaMeg" 0.0937373737373737 0.0298989898989899 0.0367676767676768 0.0222222222222222 0.042020202020202 0.0270707070707071 0.0412121212121212 0.0428282828282828 0.0707070707070707 0.0323232323232323 0.021010101010101 0.0735353535353535 0.0824242424242424 0.0751515151515151 0 0.101414141414141
"podExp" 0.141010101010101 0.109090909090909 0.0997979797979798 0.101010101010101 0.11959595959596 0.106262626262626 0.104242424242424 0.107070707070707 0.08 0.107878787878788 0.10020202020202 0.0852525252525252 0.0694949494949495 0.119191919191919 0.101414141414141 0
