"cheAbi" "cheMyd" "cheSer" "chrPic" "cuoAmb" "cuoMcc" "derCor" "derMaw" "emySub" "gopAga" "mesTub" "pelCas" "pelSin" "plaMeg" "podExp"
"cheAbi" 0 0.0362426035502959 0.029585798816568 0.0244082840236686 0.125739644970414 0.0510355029585799 0.0362426035502959 0.0443786982248521 0.0510355029585799 0.018491124260355 0.0850591715976331 0.0576923076923077 0.0621301775147929 0.0251479289940828 0.0665680473372781
"cheMyd" 0.0362426035502959 0 0.0244082840236686 0.0318047337278107 0.136094674556213 0.0628698224852071 0.0118343195266272 0.0392011834319527 0.0539940828402367 0.0325443786982249 0.0917159763313609 0.0636094674556213 0.0650887573964497 0.0273668639053254 0.0687869822485207
"cheSer" 0.029585798816568 0.0244082840236686 0 0.0251479289940828 0.133136094674556 0.0599112426035503 0.0244082840236686 0.0332840236686391 0.0473372781065089 0.0281065088757396 0.0857988165680473 0.0576923076923077 0.0576923076923077 0.0229289940828402 0.0665680473372781
"chrPic" 0.0244082840236686 0.0318047337278107 0.0251479289940828 0 0.126479289940828 0.0532544378698225 0.0318047337278107 0.0414201183431953 0.0480769230769231 0.0229289940828402 0.0850591715976331 0.0554733727810651 0.0606508875739645 0.0162721893491124 0.0636094674556213
"cuoAmb" 0.125739644970414 0.136094674556213 0.133136094674556 0.126479289940828 0 0.110207100591716 0.134615384615385 0.142751479289941 0.148668639053254 0.125739644970414 0.161242603550296 0.159023668639053 0.165680473372781 0.128698224852071 0.164940828402367
"cuoMcc" 0.0510355029585799 0.0628698224852071 0.0599112426035503 0.0532544378698225 0.110207100591716 0 0.0628698224852071 0.0724852071005917 0.0828402366863905 0.0488165680473373 0.08801775147929 0.0902366863905325 0.0924556213017751 0.0532544378698225 0.0976331360946746
"derCor" 0.0362426035502959 0.0118343195266272 0.0244082840236686 0.0318047337278107 0.134615384615385 0.0628698224852071 0 0.0384615384615385 0.0525147928994083 0.0325443786982249 0.0865384615384615 0.0621301775147929 0.0636094674556213 0.025887573964497 0.0687869822485207
"derMaw" 0.0443786982248521 0.0392011834319527 0.0332840236686391 0.0414201183431953 0.142751479289941 0.0724852071005917 0.0384615384615385 0 0.0584319526627219 0.0414201183431953 0.0961538461538462 0.0680473372781065 0.0680473372781065 0.0377218934911243 0.0754437869822485
"emySub" 0.0510355029585799 0.0539940828402367 0.0473372781065089 0.0480769230769231 0.148668639053254 0.0828402366863905 0.0525147928994083 0.0584319526627219 0 0.0488165680473373 0.0606508875739645 0.0465976331360947 0.0658284023668639 0.0451183431952663 0.0532544378698225
"gopAga" 0.018491124260355 0.0325443786982249 0.0281065088757396 0.0229289940828402 0.125739644970414 0.0488165680473373 0.0325443786982249 0.0414201183431953 0.0488165680473373 0 0.0843195266272189 0.0569526627218935 0.0584319526627219 0.0229289940828402 0.0658284023668639
"mesTub" 0.0850591715976331 0.0917159763313609 0.0857988165680473 0.0850591715976331 0.161242603550296 0.08801775147929 0.0865384615384615 0.0961538461538462 0.0606508875739645 0.0843195266272189 0 0.0843195266272189 0.0961538461538462 0.0843195266272189 0.0902366863905325
"pelCas" 0.0576923076923077 0.0636094674556213 0.0576923076923077 0.0554733727810651 0.159023668639053 0.0902366863905325 0.0621301775147929 0.0680473372781065 0.0465976331360947 0.0569526627218935 0.0843195266272189 0 0.0702662721893491 0.0547337278106509 0.0406804733727811
"pelSin" 0.0621301775147929 0.0650887573964497 0.0576923076923077 0.0606508875739645 0.165680473372781 0.0924556213017751 0.0636094674556213 0.0680473372781065 0.0658284023668639 0.0584319526627219 0.0961538461538462 0.0702662721893491 0 0.0576923076923077 0.0784023668639053
"plaMeg" 0.0251479289940828 0.0273668639053254 0.0229289940828402 0.0162721893491124 0.128698224852071 0.0532544378698225 0.025887573964497 0.0377218934911243 0.0451183431952663 0.0229289940828402 0.0843195266272189 0.0547337278106509 0.0576923076923077 0 0.0643491124260355
"podExp" 0.0665680473372781 0.0687869822485207 0.0665680473372781 0.0636094674556213 0.164940828402367 0.0976331360946746 0.0687869822485207 0.0754437869822485 0.0532544378698225 0.0658284023668639 0.0902366863905325 0.0406804733727811 0.0784023668639053 0.0643491124260355 0
