"carIns" "cheAbi" "cheMyd" "cheSer" "chrPic" "cuoMcc" "derCor" "derMaw" "emySub" "gopAga" "malTer" "mesTub" "pelCas" "pelSin" "plaMeg" "podExp" "terMex"
"carIns" 0 0.0550755939524838 0.0502159827213823 0.0826133909287257 0.0485961123110151 0.0518358531317495 0.163066954643628 0.0982721382289417 0.0880129589632829 0.0539956803455724 0.0475161987041037 0.0836933045356372 0.0934125269978402 0.0556155507559395 0.0491360691144708 0.0907127429805616 0.0485961123110151
"cheAbi" 0.0550755939524838 0 0.0259179265658747 0.0615550755939525 0.0167386609071274 0.0140388768898488 0.143628509719222 0.0826133909287257 0.0788336933045356 0.0129589632829374 0.0172786177105832 0.0674946004319654 0.0793736501079914 0.0491360691144708 0.0199784017278618 0.0788336933045356 0.0172786177105832
"cheMyd" 0.0502159827213823 0.0259179265658747 0 0.0561555075593952 0.015658747300216 0.0205183585313175 0.130669546436285 0.0782937365010799 0.0766738660907127 0.0237580993520518 0.0161987041036717 0.0642548596112311 0.0772138228941685 0.0437365010799136 0.0178185745140389 0.0755939524838013 0.0161987041036717
"cheSer" 0.0826133909287257 0.0615550755939525 0.0561555075593952 0 0.0523758099352052 0.0561555075593952 0.174406047516199 0.0831533477321814 0.0793736501079914 0.0620950323974082 0.0529157667386609 0.102051835853132 0.113390928725702 0.0745140388768898 0.0539956803455724 0.110691144708423 0.0534557235421166
"chrPic" 0.0485961123110151 0.0167386609071274 0.015658747300216 0.0523758099352052 0 0.0124190064794816 0.134449244060475 0.0745140388768898 0.0734341252699784 0.0167386609071274 0.00377969762419006 0.0620950323974082 0.072354211663067 0.041036717062635 0.00971922246220302 0.0739740820734341 0.00593952483801296
"cuoMcc" 0.0518358531317495 0.0140388768898488 0.0205183585313175 0.0561555075593952 0.0124190064794816 0 0.139308855291577 0.0782937365010799 0.0772138228941685 0.0118790496760259 0.0129589632829374 0.0669546436285097 0.0782937365010799 0.046976241900648 0.0124190064794816 0.076133909287257 0.0129589632829374
"derCor" 0.163066954643628 0.143628509719222 0.130669546436285 0.174406047516199 0.134449244060475 0.139308855291577 0 0.198164146868251 0.190064794816415 0.143628509719222 0.136069114470842 0.15280777537797 0.162526997840173 0.158747300215983 0.136609071274298 0.166306695464363 0.136609071274298
"derMaw" 0.0982721382289417 0.0826133909287257 0.0782937365010799 0.0831533477321814 0.0745140388768898 0.0782937365010799 0.198164146868251 0 0.0993520518358531 0.0831533477321814 0.0750539956803456 0.119870410367171 0.131749460043197 0.0950323974082073 0.0745140388768898 0.129589632829374 0.0745140388768898
"emySub" 0.0880129589632829 0.0788336933045356 0.0766738660907127 0.0793736501079914 0.0734341252699784 0.0772138228941685 0.190064794816415 0.0993520518358531 0 0.0793736501079914 0.072354211663067 0.0907127429805616 0.107451403887689 0.0869330453563715 0.0728941684665227 0.106911447084233 0.0739740820734341
"gopAga" 0.0539956803455724 0.0129589632829374 0.0237580993520518 0.0620950323974082 0.0167386609071274 0.0118790496760259 0.143628509719222 0.0831533477321814 0.0793736501079914 0 0.0172786177105832 0.0685745140388769 0.0799136069114471 0.0485961123110151 0.0188984881209503 0.0788336933045356 0.0172786177105832
"malTer" 0.0475161987041037 0.0172786177105832 0.0161987041036717 0.0529157667386609 0.00377969762419006 0.0129589632829374 0.136069114470842 0.0750539956803456 0.072354211663067 0.0172786177105832 0 0.0626349892008639 0.0734341252699784 0.0415766738660907 0.0102591792656587 0.0739740820734341 0.00647948164146868
"mesTub" 0.0836933045356372 0.0674946004319654 0.0642548596112311 0.102051835853132 0.0620950323974082 0.0669546436285097 0.15280777537797 0.119870410367171 0.0907127429805616 0.0685745140388769 0.0626349892008639 0 0.0642548596112311 0.0809935205183585 0.0631749460043197 0.0745140388768898 0.0631749460043197
"pelCas" 0.0934125269978402 0.0793736501079914 0.0772138228941685 0.113390928725702 0.072354211663067 0.0782937365010799 0.162526997840173 0.131749460043197 0.107451403887689 0.0799136069114471 0.0734341252699784 0.0642548596112311 0 0.0934125269978402 0.0755939524838013 0.0642548596112311 0.0745140388768898
"pelSin" 0.0556155507559395 0.0491360691144708 0.0437365010799136 0.0745140388768898 0.041036717062635 0.046976241900648 0.158747300215983 0.0950323974082073 0.0869330453563715 0.0485961123110151 0.0415766738660907 0.0809935205183585 0.0934125269978402 0 0.0442764578833693 0.0907127429805616 0.0415766738660907
"plaMeg" 0.0491360691144708 0.0199784017278618 0.0178185745140389 0.0539956803455724 0.00971922246220302 0.0124190064794816 0.136609071274298 0.0745140388768898 0.0728941684665227 0.0188984881209503 0.0102591792656587 0.0631749460043197 0.0755939524838013 0.0442764578833693 0 0.0766738660907127 0.0091792656587473
"podExp" 0.0907127429805616 0.0788336933045356 0.0755939524838013 0.110691144708423 0.0739740820734341 0.076133909287257 0.166306695464363 0.129589632829374 0.106911447084233 0.0788336933045356 0.0739740820734341 0.0745140388768898 0.0642548596112311 0.0907127429805616 0.0766738660907127 0 0.0750539956803456
"terMex" 0.0485961123110151 0.0172786177105832 0.0161987041036717 0.0534557235421166 0.00593952483801296 0.0129589632829374 0.136609071274298 0.0745140388768898 0.0739740820734341 0.0172786177105832 0.00647948164146868 0.0631749460043197 0.0745140388768898 0.0415766738660907 0.0091792656587473 0.0750539956803456 0
