"carIns" "cheAbi" "cheMyd" "cheSer" "chrPic" "derCor" "derMaw" "emySub" "gopAga" "malTer" "mesTub" "pelCas" "plaMeg" "podExp" "terMex"
"carIns" 0 0.0606435643564356 0.0581683168316832 0.0544554455445545 0.0532178217821782 0.0618811881188119 0.0668316831683168 0.0631188118811881 0.0606435643564356 0.0618811881188119 0.0680693069306931 0.0792079207920792 0.0569306930693069 0.0767326732673267 0.0556930693069307
"cheAbi" 0.0606435643564356 0 0.021039603960396 0.0136138613861386 0.0099009900990099 0.0247524752475248 0.0284653465346535 0.0297029702970297 0.0099009900990099 0.0185643564356436 0.0371287128712871 0.0556930693069307 0.0136138613861386 0.0482673267326733 0.0123762376237624
"cheMyd" 0.0581683168316832 0.021039603960396 0 0.0123762376237624 0.0136138613861386 0.0111386138613861 0.0272277227722772 0.0309405940594059 0.0185643564356436 0.0222772277227723 0.0383663366336634 0.0569306930693069 0.0148514851485149 0.0482673267326733 0.0136138613861386
"cheSer" 0.0544554455445545 0.0136138613861386 0.0123762376237624 0 0.00618811881188119 0.0160891089108911 0.0235148514851485 0.0235148514851485 0.0111386138613861 0.0148514851485149 0.0309405940594059 0.0495049504950495 0.00742574257425743 0.0408415841584158 0.00618811881188119
"chrPic" 0.0532178217821782 0.0099009900990099 0.0136138613861386 0.00618811881188119 0 0.0173267326732673 0.0235148514851485 0.0247524752475248 0.0099009900990099 0.00866336633663366 0.0321782178217822 0.0495049504950495 0.00618811881188119 0.0420792079207921 0.00495049504950495
"derCor" 0.0618811881188119 0.0247524752475248 0.0111386138613861 0.0160891089108911 0.0173267326732673 0 0.0334158415841584 0.0346534653465347 0.0222772277227723 0.025990099009901 0.0420792079207921 0.0581683168316832 0.0185643564356436 0.051980198019802 0.0173267326732673
"derMaw" 0.0668316831683168 0.0284653465346535 0.0272277227722772 0.0235148514851485 0.0235148514851485 0.0334158415841584 0 0.0383663366336634 0.025990099009901 0.0321782178217822 0.0457920792079208 0.0643564356435644 0.0272277227722772 0.0581683168316832 0.025990099009901
"emySub" 0.0631188118811881 0.0297029702970297 0.0309405940594059 0.0235148514851485 0.0247524752475248 0.0346534653465347 0.0383663366336634 0 0.0272277227722772 0.0309405940594059 0.0123762376237624 0.0383663366336634 0.025990099009901 0.0297029702970297 0.0247524752475248
"gopAga" 0.0606435643564356 0.0099009900990099 0.0185643564356436 0.0111386138613861 0.0099009900990099 0.0222772277227723 0.025990099009901 0.0272277227722772 0 0.0160891089108911 0.0346534653465347 0.0532178217821782 0.00866336633663366 0.0457920792079208 0.0099009900990099
"malTer" 0.0618811881188119 0.0185643564356436 0.0222772277227723 0.0148514851485149 0.00866336633663366 0.025990099009901 0.0321782178217822 0.0309405940594059 0.0160891089108911 0 0.0371287128712871 0.0482673267326733 0.0148514851485149 0.0482673267326733 0.0136138613861386
"mesTub" 0.0680693069306931 0.0371287128712871 0.0383663366336634 0.0309405940594059 0.0321782178217822 0.0420792079207921 0.0457920792079208 0.0123762376237624 0.0346534653465347 0.0371287128712871 0 0.0396039603960396 0.0334158415841584 0.0346534653465347 0.0321782178217822
"pelCas" 0.0792079207920792 0.0556930693069307 0.0569306930693069 0.0495049504950495 0.0495049504950495 0.0581683168316832 0.0643564356435644 0.0383663366336634 0.0532178217821782 0.0482673267326733 0.0396039603960396 0 0.051980198019802 0.0445544554455446 0.0507425742574257
"plaMeg" 0.0569306930693069 0.0136138613861386 0.0148514851485149 0.00742574257425743 0.00618811881188119 0.0185643564356436 0.0272277227722772 0.025990099009901 0.00866336633663366 0.0148514851485149 0.0334158415841584 0.051980198019802 0 0.0433168316831683 0.00618811881188119
"podExp" 0.0767326732673267 0.0482673267326733 0.0482673267326733 0.0408415841584158 0.0420792079207921 0.051980198019802 0.0581683168316832 0.0297029702970297 0.0457920792079208 0.0482673267326733 0.0346534653465347 0.0445544554455446 0.0433168316831683 0 0.0420792079207921
"terMex" 0.0556930693069307 0.0123762376237624 0.0136138613861386 0.00618811881188119 0.00495049504950495 0.0173267326732673 0.025990099009901 0.0247524752475248 0.0099009900990099 0.0136138613861386 0.0321782178217822 0.0507425742574257 0.00618811881188119 0.0420792079207921 0
