"carIns" "cheAbi" "cheMyd" "cheSer" "chrPic" "cuoAmb" "cuoMcc" "derCor" "derMaw" "emySub" "gopAga" "malTer" "pelCas" "pelSin" "plaMeg" "podExp" "terMex"
"carIns" 0 0.094017094017094 0.0923076923076923 0.0974358974358974 0.094017094017094 0.0914529914529914 0.094017094017094 0.094017094017094 0.109401709401709 0.116239316239316 0.094017094017094 0.0948717948717949 0.134188034188034 0.141025641025641 0.0897435897435897 0.121367521367521 0.0897435897435897
"cheAbi" 0.094017094017094 0 0.0495726495726496 0.0461538461538462 0.0341880341880342 0.0256410256410256 0.0230769230769231 0.0495726495726496 0.0683760683760684 0.0991452991452991 0.0196581196581197 0.035042735042735 0.117094017094017 0.135042735042735 0.0307692307692308 0.116239316239316 0.0290598290598291
"cheMyd" 0.0923076923076923 0.0495726495726496 0 0.041025641025641 0.0358974358974359 0.0461538461538462 0.0452991452991453 0.0247863247863248 0.0709401709401709 0.0965811965811966 0.0435897435897436 0.0384615384615385 0.112820512820513 0.130769230769231 0.0341880341880342 0.106837606837607 0.0341880341880342
"cheSer" 0.0974358974358974 0.0461538461538462 0.041025641025641 0 0.0358974358974359 0.0427350427350427 0.0367521367521368 0.0393162393162393 0.0675213675213675 0.0965811965811966 0.0418803418803419 0.0367521367521368 0.112820512820513 0.122222222222222 0.0358974358974359 0.108547008547009 0.0307692307692308
"chrPic" 0.094017094017094 0.0341880341880342 0.0358974358974359 0.0358974358974359 0 0.0273504273504274 0.0264957264957265 0.041025641025641 0.0683760683760684 0.0957264957264957 0.0299145299145299 0.00769230769230769 0.11025641025641 0.125641025641026 0.0188034188034188 0.113675213675214 0.011965811965812
"cuoAmb" 0.0914529914529914 0.0256410256410256 0.0461538461538462 0.0427350427350427 0.0273504273504274 0 0.00769230769230769 0.0495726495726496 0.0683760683760684 0.0982905982905983 0.0179487179487179 0.0282051282051282 0.111965811965812 0.127350427350427 0.0256410256410256 0.111965811965812 0.0239316239316239
"cuoMcc" 0.094017094017094 0.0230769230769231 0.0452991452991453 0.0367521367521368 0.0264957264957265 0.00769230769230769 0 0.0487179487179487 0.0692307692307692 0.0965811965811966 0.0170940170940171 0.0256410256410256 0.112820512820513 0.125641025641026 0.0247863247863248 0.115384615384615 0.0213675213675214
"derCor" 0.094017094017094 0.0495726495726496 0.0247863247863248 0.0393162393162393 0.041025641025641 0.0495726495726496 0.0487179487179487 0 0.0717948717948718 0.101709401709402 0.047008547008547 0.0435897435897436 0.115384615384615 0.131623931623932 0.0393162393162393 0.108547008547009 0.0358974358974359
"derMaw" 0.109401709401709 0.0683760683760684 0.0709401709401709 0.0675213675213675 0.0683760683760684 0.0683760683760684 0.0692307692307692 0.0717948717948718 0 0.0982905982905983 0.0692307692307692 0.0700854700854701 0.117948717948718 0.135042735042735 0.0658119658119658 0.117948717948718 0.0641025641025641
"emySub" 0.116239316239316 0.0991452991452991 0.0965811965811966 0.0965811965811966 0.0957264957264957 0.0982905982905983 0.0965811965811966 0.101709401709402 0.0982905982905983 0 0.0974358974358974 0.0948717948717949 0.0777777777777778 0.133333333333333 0.0965811965811966 0.0803418803418803 0.0948717948717949
"gopAga" 0.094017094017094 0.0196581196581197 0.0435897435897436 0.0418803418803419 0.0299145299145299 0.0179487179487179 0.0170940170940171 0.047008547008547 0.0692307692307692 0.0974358974358974 0 0.0290598290598291 0.115384615384615 0.130769230769231 0.0264957264957265 0.114529914529915 0.0230769230769231
"malTer" 0.0948717948717949 0.035042735042735 0.0384615384615385 0.0367521367521368 0.00769230769230769 0.0282051282051282 0.0256410256410256 0.0435897435897436 0.0700854700854701 0.0948717948717949 0.0290598290598291 0 0.107692307692308 0.124786324786325 0.0179487179487179 0.111965811965812 0.0111111111111111
"pelCas" 0.134188034188034 0.117094017094017 0.112820512820513 0.112820512820513 0.11025641025641 0.111965811965812 0.112820512820513 0.115384615384615 0.117948717948718 0.0777777777777778 0.115384615384615 0.107692307692308 0 0.155555555555556 0.106837606837607 0.0769230769230769 0.106837606837607
"pelSin" 0.141025641025641 0.135042735042735 0.130769230769231 0.122222222222222 0.125641025641026 0.127350427350427 0.125641025641026 0.131623931623932 0.135042735042735 0.133333333333333 0.130769230769231 0.124786324786325 0.155555555555556 0 0.121367521367521 0.164957264957265 0.118803418803419
"plaMeg" 0.0897435897435897 0.0307692307692308 0.0341880341880342 0.0358974358974359 0.0188034188034188 0.0256410256410256 0.0247863247863248 0.0393162393162393 0.0658119658119658 0.0965811965811966 0.0264957264957265 0.0179487179487179 0.106837606837607 0.121367521367521 0 0.112820512820513 0.0136752136752137
"podExp" 0.121367521367521 0.116239316239316 0.106837606837607 0.108547008547009 0.113675213675214 0.111965811965812 0.115384615384615 0.108547008547009 0.117948717948718 0.0803418803418803 0.114529914529915 0.111965811965812 0.0769230769230769 0.164957264957265 0.112820512820513 0 0.112820512820513
"terMex" 0.0897435897435897 0.0290598290598291 0.0341880341880342 0.0307692307692308 0.011965811965812 0.0239316239316239 0.0213675213675214 0.0358974358974359 0.0641025641025641 0.0948717948717949 0.0230769230769231 0.0111111111111111 0.106837606837607 0.118803418803419 0.0136752136752137 0.112820512820513 0
