"carIns" "cheAbi" "cheMyd" "cheSer" "chrPic" "cuoAmb" "cuoMcc" "derCor" "derMaw" "emySub" "gopAga" "malTer" "mesTub" "pelCas" "pelSin" "plaMeg" "podExp" "terMex"
"carIns" 0 0.106796116504854 0.100323624595469 0.116504854368932 0.0938511326860841 0.108414239482201 0.102750809061489 0.0970873786407767 0.102750809061489 0.11084142394822 0.104368932038835 0.127022653721683 0.113268608414239 0.128640776699029 0.093042071197411 0.0946601941747573 0.132686084142395 0.0922330097087379
"cheAbi" 0.106796116504854 0 0.0647249190938511 0.0776699029126214 0.0444983818770227 0.0388349514563107 0.0339805825242718 0.06957928802589 0.0671521035598705 0.0914239482200647 0.0258899676375405 0.0784789644012945 0.0938511326860841 0.109223300970874 0.0825242718446602 0.0420711974110032 0.11084142394822 0.0396440129449838
"cheMyd" 0.100323624595469 0.0647249190938511 0 0.0655339805825243 0.0501618122977346 0.0606796116504854 0.0533980582524272 0.023462783171521 0.0533980582524272 0.0736245954692557 0.0590614886731392 0.0841423948220065 0.0857605177993527 0.11084142394822 0.0711974110032362 0.0501618122977346 0.104368932038835 0.0469255663430421
"cheSer" 0.116504854368932 0.0776699029126214 0.0655339805825243 0 0.0606796116504854 0.0671521035598705 0.0606796116504854 0.0711974110032362 0.0655339805825243 0.0841423948220065 0.0703883495145631 0.0946601941747573 0.0938511326860841 0.117313915857605 0.0914239482200647 0.0598705501618123 0.112459546925566 0.0574433656957929
"chrPic" 0.0938511326860841 0.0444983818770227 0.0501618122977346 0.0606796116504854 0 0.0355987055016181 0.0299352750809061 0.0501618122977346 0.052588996763754 0.0736245954692557 0.0364077669902913 0.0428802588996764 0.0800970873786408 0.102750809061489 0.0711974110032362 0.0283171521035599 0.101132686084142 0.0129449838187702
"cuoAmb" 0.108414239482201 0.0388349514563107 0.0606796116504854 0.0671521035598705 0.0355987055016181 0 0.00970873786407767 0.0647249190938511 0.0606796116504854 0.0825242718446602 0.0331715210355987 0.0711974110032362 0.0865695792880259 0.110032362459547 0.0760517799352751 0.0364077669902913 0.11084142394822 0.0339805825242718
"cuoMcc" 0.102750809061489 0.0339805825242718 0.0533980582524272 0.0606796116504854 0.0299352750809061 0.00970873786407767 0 0.0574433656957929 0.0566343042071197 0.0776699029126214 0.0266990291262136 0.0655339805825243 0.0825242718446602 0.106796116504854 0.0720064724919094 0.0307443365695793 0.105177993527508 0.0283171521035599
"derCor" 0.0970873786407767 0.06957928802589 0.023462783171521 0.0711974110032362 0.0501618122977346 0.0647249190938511 0.0574433656957929 0 0.0614886731391586 0.0809061488673139 0.0622977346278317 0.0857605177993527 0.0922330097087379 0.115695792880259 0.0760517799352751 0.0542071197411003 0.105177993527508 0.0485436893203883
"derMaw" 0.102750809061489 0.0671521035598705 0.0533980582524272 0.0655339805825243 0.052588996763754 0.0606796116504854 0.0566343042071197 0.0614886731391586 0 0.0809061488673139 0.0647249190938511 0.0881877022653722 0.0906148867313916 0.103559870550162 0.0776699029126214 0.0550161812297735 0.11084142394822 0.0493527508090615
"emySub" 0.11084142394822 0.0914239482200647 0.0736245954692557 0.0841423948220065 0.0736245954692557 0.0825242718446602 0.0776699029126214 0.0809061488673139 0.0809061488673139 0 0.0865695792880259 0.105177993527508 0.040453074433657 0.0881877022653722 0.0833333333333333 0.0736245954692557 0.087378640776699 0.0720064724919094
"gopAga" 0.104368932038835 0.0258899676375405 0.0590614886731392 0.0703883495145631 0.0364077669902913 0.0331715210355987 0.0266990291262136 0.0622977346278317 0.0647249190938511 0.0865695792880259 0 0.0711974110032362 0.0898058252427184 0.112459546925566 0.0833333333333333 0.0364077669902913 0.113268608414239 0.0339805825242718
"malTer" 0.127022653721683 0.0784789644012945 0.0841423948220065 0.0946601941747573 0.0428802588996764 0.0711974110032362 0.0655339805825243 0.0857605177993527 0.0881877022653722 0.105177993527508 0.0711974110032362 0 0.11084142394822 0.138349514563107 0.105177993527508 0.0622977346278317 0.134304207119741 0.0485436893203883
"mesTub" 0.113268608414239 0.0938511326860841 0.0857605177993527 0.0938511326860841 0.0800970873786408 0.0865695792880259 0.0825242718446602 0.0922330097087379 0.0906148867313916 0.040453074433657 0.0898058252427184 0.11084142394822 0 0.0914239482200647 0.0857605177993527 0.0792880258899676 0.087378640776699 0.0792880258899676
"pelCas" 0.128640776699029 0.109223300970874 0.11084142394822 0.117313915857605 0.102750809061489 0.110032362459547 0.106796116504854 0.115695792880259 0.103559870550162 0.0881877022653722 0.112459546925566 0.138349514563107 0.0914239482200647 0 0.110032362459547 0.104368932038835 0.0792880258899676 0.100323624595469
"pelSin" 0.093042071197411 0.0825242718446602 0.0711974110032362 0.0914239482200647 0.0711974110032362 0.0760517799352751 0.0720064724919094 0.0760517799352751 0.0776699029126214 0.0833333333333333 0.0833333333333333 0.105177993527508 0.0857605177993527 0.110032362459547 0 0.0728155339805825 0.113268608414239 0.0711974110032362
"plaMeg" 0.0946601941747573 0.0420711974110032 0.0501618122977346 0.0598705501618123 0.0283171521035599 0.0364077669902913 0.0307443365695793 0.0542071197411003 0.0550161812297735 0.0736245954692557 0.0364077669902913 0.0622977346278317 0.0792880258899676 0.104368932038835 0.0728155339805825 0 0.098705501618123 0.0250809061488673
"podExp" 0.132686084142395 0.11084142394822 0.104368932038835 0.112459546925566 0.101132686084142 0.11084142394822 0.105177993527508 0.105177993527508 0.11084142394822 0.087378640776699 0.113268608414239 0.134304207119741 0.087378640776699 0.0792880258899676 0.113268608414239 0.098705501618123 0 0.100323624595469
"terMex" 0.0922330097087379 0.0396440129449838 0.0469255663430421 0.0574433656957929 0.0129449838187702 0.0339805825242718 0.0283171521035599 0.0485436893203883 0.0493527508090615 0.0720064724919094 0.0339805825242718 0.0485436893203883 0.0792880258899676 0.100323624595469 0.0711974110032362 0.0250809061488673 0.100323624595469 0
