"carIns" "cheAbi" "cheMyd" "cheSer" "chrPic" "cuoAmb" "cuoMcc" "derCor" "derMaw" "emySub" "gopAga" "malTer" "pelCas" "pelSin" "plaMeg" "podExp" "terMex"
"carIns" 0 0.101492537313433 0.108457711442786 0.102487562189055 0.103482587064677 0.165174129353234 0.100497512437811 0.115422885572139 0.121393034825871 0.124378109452736 0.134328358208955 0.130348258706468 0.153233830845771 0.272636815920398 0.0965174129353234 0.1681592039801 0.0995024875621891
"cheAbi" 0.101492537313433 0 0.0527363184079602 0.0407960199004975 0.0348258706467662 0.0985074626865672 0.0308457711442786 0.0497512437810945 0.0606965174129353 0.0875621890547264 0.0577114427860696 0.0646766169154229 0.112437810945274 0.258706467661692 0.0348258706467662 0.121393034825871 0.0358208955223881
"cheMyd" 0.108457711442786 0.0527363184079602 0 0.0378109452736318 0.0427860696517413 0.117412935323383 0.045771144278607 0.0308457711442786 0.0587064676616915 0.0865671641791045 0.0845771144278607 0.0686567164179104 0.107462686567164 0.259701492537313 0.0388059701492537 0.115422885572139 0.0398009950248756
"cheSer" 0.102487562189055 0.0407960199004975 0.0378109452736318 0 0.0288557213930348 0.107462686567164 0.0338308457711443 0.0328358208955224 0.0437810945273632 0.0865671641791045 0.0736318407960199 0.0557213930348259 0.104477611940299 0.25771144278607 0.0288557213930348 0.118407960199005 0.0318407960199005
"chrPic" 0.103482587064677 0.0348258706467662 0.0427860696517413 0.0288557213930348 0 0.103482587064677 0.0288557213930348 0.0398009950248756 0.0517412935323383 0.081592039800995 0.0646766169154229 0.0338308457711443 0.109452736318408 0.255721393034826 0.0199004975124378 0.116417910447761 0.0208955223880597
"cuoAmb" 0.165174129353234 0.0985074626865672 0.117412935323383 0.107462686567164 0.103482587064677 0 0.0835820895522388 0.120398009950249 0.128358208955224 0.153233830845771 0.133333333333333 0.128358208955224 0.176119402985075 0.308457711442786 0.101492537313433 0.188059701492537 0.101492537313433
"cuoMcc" 0.100497512437811 0.0308457711442786 0.045771144278607 0.0338308457711443 0.0288557213930348 0.0835820895522388 0 0.0447761194029851 0.0517412935323383 0.0865671641791045 0.0626865671641791 0.0567164179104478 0.109452736318408 0.254726368159204 0.026865671641791 0.121393034825871 0.0278606965174129
"derCor" 0.115422885572139 0.0497512437810945 0.0308457711442786 0.0328358208955224 0.0398009950248756 0.120398009950249 0.0447761194029851 0 0.0557213930348259 0.0885572139303483 0.081592039800995 0.0676616915422886 0.109452736318408 0.258706467661692 0.0398009950248756 0.115422885572139 0.0427860696517413
"derMaw" 0.121393034825871 0.0606965174129353 0.0587064676616915 0.0437810945273632 0.0517412935323383 0.128358208955224 0.0517412935323383 0.0557213930348259 0 0.0975124378109453 0.0935323383084577 0.0786069651741294 0.118407960199005 0.26865671641791 0.0497512437810945 0.130348258706468 0.0557213930348259
"emySub" 0.124378109452736 0.0875621890547264 0.0865671641791045 0.0865671641791045 0.081592039800995 0.153233830845771 0.0865671641791045 0.0885572139303483 0.0975124378109453 0 0.119402985074627 0.10547263681592 0.0925373134328358 0.267661691542289 0.081592039800995 0.0975124378109453 0.0845771144278607
"gopAga" 0.134328358208955 0.0577114427860696 0.0845771144278607 0.0736318407960199 0.0646766169154229 0.133333333333333 0.0626865671641791 0.081592039800995 0.0935323383084577 0.119402985074627 0 0.0945273631840796 0.144278606965174 0.267661691542289 0.0676616915422886 0.153233830845771 0.0646766169154229
"malTer" 0.130348258706468 0.0646766169154229 0.0686567164179104 0.0557213930348259 0.0338308457711443 0.128358208955224 0.0567164179104478 0.0676616915422886 0.0786069651741294 0.10547263681592 0.0945273631840796 0 0.129353233830846 0.282587064676617 0.0477611940298507 0.139303482587065 0.0467661691542289
"pelCas" 0.153233830845771 0.112437810945274 0.107462686567164 0.104477611940299 0.109452736318408 0.176119402985075 0.109452736318408 0.109452736318408 0.118407960199005 0.0925373134328358 0.144278606965174 0.129353233830846 0 0.29452736318408 0.103482587064677 0.0786069651741294 0.109452736318408
"pelSin" 0.272636815920398 0.258706467661692 0.259701492537313 0.25771144278607 0.255721393034826 0.308457711442786 0.254726368159204 0.258706467661692 0.26865671641791 0.267661691542289 0.267661691542289 0.282587064676617 0.29452736318408 0 0.254726368159204 0.298507462686567 0.254726368159204
"plaMeg" 0.0965174129353234 0.0348258706467662 0.0388059701492537 0.0288557213930348 0.0199004975124378 0.101492537313433 0.026865671641791 0.0398009950248756 0.0497512437810945 0.081592039800995 0.0676616915422886 0.0477611940298507 0.103482587064677 0.254726368159204 0 0.112437810945274 0.0228855721393035
"podExp" 0.1681592039801 0.121393034825871 0.115422885572139 0.118407960199005 0.116417910447761 0.188059701492537 0.121393034825871 0.115422885572139 0.130348258706468 0.0975124378109453 0.153233830845771 0.139303482587065 0.0786069651741294 0.298507462686567 0.112437810945274 0 0.121393034825871
"terMex" 0.0995024875621891 0.0358208955223881 0.0398009950248756 0.0318407960199005 0.0208955223880597 0.101492537313433 0.0278606965174129 0.0427860696517413 0.0557213930348259 0.0845771144278607 0.0646766169154229 0.0467661691542289 0.109452736318408 0.254726368159204 0.0228855721393035 0.121393034825871 0
