"carIns" "cheAbi" "cheMyd" "chrPic" "cuoAmb" "cuoMcc" "derCor" "derMaw" "emySub" "gopAga" "malTer" "mesTub" "pelCas" "pelSin" "plaMeg" "podExp"
"carIns" 0 0.0839598997493734 0.081453634085213 0.0852130325814536 0.0789473684210526 0.081453634085213 0.0864661654135338 0.0889724310776942 0.104010025062657 0.0902255639097744 0.105263157894737 0.105263157894737 0.114035087719298 0.0889724310776942 0.0827067669172932 0.106516290726817
"cheAbi" 0.0839598997493734 0 0.0350877192982456 0.0225563909774436 0.0225563909774436 0.0213032581453634 0.0350877192982456 0.0401002506265664 0.0726817042606516 0.018796992481203 0.0451127819548872 0.0764411027568922 0.0802005012531328 0.081453634085213 0.0225563909774436 0.0776942355889724
"cheMyd" 0.081453634085213 0.0350877192982456 0 0.0275689223057644 0.0263157894736842 0.0288220551378446 0.0162907268170426 0.037593984962406 0.06265664160401 0.0338345864661654 0.050125313283208 0.0651629072681704 0.0764411027568922 0.0726817042606516 0.0275689223057644 0.0739348370927318
"chrPic" 0.0852130325814536 0.0225563909774436 0.0275689223057644 0 0.0150375939849624 0.0162907268170426 0.0275689223057644 0.0325814536340852 0.06265664160401 0.0263157894736842 0.0225563909774436 0.068922305764411 0.075187969924812 0.075187969924812 0.0150375939849624 0.0726817042606516
"cuoAmb" 0.0789473684210526 0.0225563909774436 0.0263157894736842 0.0150375939849624 0 0.006265664160401 0.0263157894736842 0.0288220551378446 0.0639097744360902 0.0213032581453634 0.037593984962406 0.0651629072681704 0.0739348370927318 0.0726817042606516 0.0150375939849624 0.0714285714285714
"cuoMcc" 0.081453634085213 0.0213032581453634 0.0288220551378446 0.0162907268170426 0.006265664160401 0 0.0288220551378446 0.031328320802005 0.0664160401002506 0.025062656641604 0.0388471177944862 0.0676691729323308 0.0739348370927318 0.075187969924812 0.0162907268170426 0.0714285714285714
"derCor" 0.0864661654135338 0.0350877192982456 0.0162907268170426 0.0275689223057644 0.0263157894736842 0.0288220551378446 0 0.0350877192982456 0.06265664160401 0.0363408521303258 0.050125313283208 0.0664160401002506 0.0789473684210526 0.0776942355889724 0.0275689223057644 0.075187969924812
"derMaw" 0.0889724310776942 0.0401002506265664 0.037593984962406 0.0325814536340852 0.0288220551378446 0.031328320802005 0.0350877192982456 0 0.0664160401002506 0.0426065162907268 0.0551378446115288 0.0651629072681704 0.081453634085213 0.0764411027568922 0.0300751879699248 0.0802005012531328
"emySub" 0.104010025062657 0.0726817042606516 0.06265664160401 0.06265664160401 0.0639097744360902 0.0664160401002506 0.06265664160401 0.0664160401002506 0 0.0714285714285714 0.0852130325814536 0.0350877192982456 0.0776942355889724 0.104010025062657 0.0651629072681704 0.0714285714285714
"gopAga" 0.0902255639097744 0.018796992481203 0.0338345864661654 0.0263157894736842 0.0213032581453634 0.025062656641604 0.0363408521303258 0.0426065162907268 0.0714285714285714 0 0.0488721804511278 0.0764411027568922 0.0776942355889724 0.0852130325814536 0.0263157894736842 0.0776942355889724
"malTer" 0.105263157894737 0.0451127819548872 0.050125313283208 0.0225563909774436 0.037593984962406 0.0388471177944862 0.050125313283208 0.0551378446115288 0.0852130325814536 0.0488721804511278 0 0.0889724310776942 0.0952380952380952 0.0964912280701754 0.0363408521303258 0.0927318295739348
"mesTub" 0.105263157894737 0.0764411027568922 0.0651629072681704 0.068922305764411 0.0651629072681704 0.0676691729323308 0.0664160401002506 0.0651629072681704 0.0350877192982456 0.0764411027568922 0.0889724310776942 0 0.0802005012531328 0.105263157894737 0.068922305764411 0.0789473684210526
"pelCas" 0.114035087719298 0.0802005012531328 0.0764411027568922 0.075187969924812 0.0739348370927318 0.0739348370927318 0.0789473684210526 0.081453634085213 0.0776942355889724 0.0776942355889724 0.0952380952380952 0.0802005012531328 0 0.111528822055138 0.075187969924812 0.0601503759398496
"pelSin" 0.0889724310776942 0.081453634085213 0.0726817042606516 0.075187969924812 0.0726817042606516 0.075187969924812 0.0776942355889724 0.0764411027568922 0.104010025062657 0.0852130325814536 0.0964912280701754 0.105263157894737 0.111528822055138 0 0.0714285714285714 0.105263157894737
"plaMeg" 0.0827067669172932 0.0225563909774436 0.0275689223057644 0.0150375939849624 0.0150375939849624 0.0162907268170426 0.0275689223057644 0.0300751879699248 0.0651629072681704 0.0263157894736842 0.0363408521303258 0.068922305764411 0.075187969924812 0.0714285714285714 0 0.0701754385964912
"podExp" 0.106516290726817 0.0776942355889724 0.0739348370927318 0.0726817042606516 0.0714285714285714 0.0714285714285714 0.075187969924812 0.0802005012531328 0.0714285714285714 0.0776942355889724 0.0927318295739348 0.0789473684210526 0.0601503759398496 0.105263157894737 0.0701754385964912 0
