"carIns" "cheAbi" "cheMyd" "cheSer" "chrPic" "cuoMcc" "derCor" "derMaw" "emySub" "gopAga" "malTer" "mesTub" "pelCas" "plaMeg" "podExp" "terMex"
"carIns" 0 0.0821484992101106 0.276461295418641 0.0695102685624013 0.181674565560821 0.0758293838862559 0.0900473933649289 0.0805687203791469 0.0900473933649289 0.0742496050552923 0.0742496050552923 0.0900473933649289 0.0868878357030016 0.123222748815166 0.0995260663507109 0.191153238546603
"cheAbi" 0.0821484992101106 0 0.260663507109005 0.0600315955766193 0.157977883096367 0.042654028436019 0.0726698262243286 0.0679304897314376 0.0821484992101106 0.0315955766192733 0.042654028436019 0.0821484992101106 0.0947867298578199 0.102685624012638 0.105845181674566 0.167456556082148
"cheMyd" 0.276461295418641 0.260663507109005 0 0.25434439178515 0.375987361769352 0.251184834123223 0.246445497630332 0.255924170616114 0.274881516587678 0.259083728278041 0.252764612954186 0.278041074249605 0.285939968404423 0.309636650868878 0.274881516587678 0.375987361769352
"cheSer" 0.0695102685624013 0.0600315955766193 0.25434439178515 0 0.154818325434439 0.042654028436019 0.0584518167456556 0.033175355450237 0.0616113744075829 0.0458135860979463 0.0347551342812006 0.0600315955766193 0.0663507109004739 0.0932069510268562 0.0837282780410742 0.157977883096367
"chrPic" 0.181674565560821 0.157977883096367 0.375987361769352 0.154818325434439 0 0.140600315955766 0.17219589257504 0.165876777251185 0.165876777251185 0.150078988941548 0.127962085308057 0.164296998420221 0.170616113744076 0.203791469194313 0.183254344391785 0.25434439178515
"cuoMcc" 0.0758293838862559 0.042654028436019 0.251184834123223 0.042654028436019 0.140600315955766 0 0.0679304897314376 0.0537124802527646 0.0647709320695103 0.0315955766192733 0.0221169036334913 0.0647709320695103 0.0789889415481833 0.0932069510268562 0.0884676145339652 0.143759873617694
"derCor" 0.0900473933649289 0.0726698262243286 0.246445497630332 0.0584518167456556 0.17219589257504 0.0679304897314376 0 0.0631911532385466 0.0900473933649289 0.0710900473933649 0.0584518167456556 0.0884676145339652 0.0979462875197472 0.11216429699842 0.110584518167457 0.180094786729858
"derMaw" 0.0805687203791469 0.0679304897314376 0.255924170616114 0.033175355450237 0.165876777251185 0.0537124802527646 0.0631911532385466 0 0.0710900473933649 0.0568720379146919 0.0458135860979463 0.0695102685624013 0.0853080568720379 0.0995260663507109 0.0995260663507109 0.170616113744076
"emySub" 0.0900473933649289 0.0821484992101106 0.274881516587678 0.0616113744075829 0.165876777251185 0.0647709320695103 0.0900473933649289 0.0710900473933649 0 0.0679304897314376 0.0616113744075829 0.0300157977883096 0.0679304897314376 0.120063191153239 0.0916271721958926 0.17693522906793
"gopAga" 0.0742496050552923 0.0315955766192733 0.259083728278041 0.0458135860979463 0.150078988941548 0.0315955766192733 0.0710900473933649 0.0568720379146919 0.0679304897314376 0 0.0315955766192733 0.0726698262243286 0.0821484992101106 0.0947867298578199 0.0900473933649289 0.156398104265403
"malTer" 0.0742496050552923 0.042654028436019 0.252764612954186 0.0347551342812006 0.127962085308057 0.0221169036334913 0.0584518167456556 0.0458135860979463 0.0616113744075829 0.0315955766192733 0 0.0616113744075829 0.0679304897314376 0.0837282780410742 0.0821484992101106 0.134281200631912
"mesTub" 0.0900473933649289 0.0821484992101106 0.278041074249605 0.0600315955766193 0.164296998420221 0.0647709320695103 0.0884676145339652 0.0695102685624013 0.0300157977883096 0.0726698262243286 0.0616113744075829 0 0.0631911532385466 0.12480252764613 0.0884676145339652 0.175355450236967
"pelCas" 0.0868878357030016 0.0947867298578199 0.285939968404423 0.0663507109004739 0.170616113744076 0.0789889415481833 0.0979462875197472 0.0853080568720379 0.0679304897314376 0.0821484992101106 0.0679304897314376 0.0631911532385466 0 0.129541864139021 0.0742496050552923 0.181674565560821
"plaMeg" 0.123222748815166 0.102685624012638 0.309636650868878 0.0932069510268562 0.203791469194313 0.0932069510268562 0.11216429699842 0.0995260663507109 0.120063191153239 0.0947867298578199 0.0837282780410742 0.12480252764613 0.129541864139021 0 0.150078988941548 0.208530805687204
"podExp" 0.0995260663507109 0.105845181674566 0.274881516587678 0.0837282780410742 0.183254344391785 0.0884676145339652 0.110584518167457 0.0995260663507109 0.0916271721958926 0.0900473933649289 0.0821484992101106 0.0884676145339652 0.0742496050552923 0.150078988941548 0 0.195892575039494
"terMex" 0.191153238546603 0.167456556082148 0.375987361769352 0.157977883096367 0.25434439178515 0.143759873617694 0.180094786729858 0.170616113744076 0.17693522906793 0.156398104265403 0.134281200631912 0.175355450236967 0.181674565560821 0.208530805687204 0.195892575039494 0
