"carIns" "cheAbi" "cheMyd" "cheSer" "chrPic" "cuoAmb" "cuoMcc" "derCor" "derMaw" "emySub" "gopAga" "malTer" "mesTub" "pelSin" "plaMeg" "podExp" "terMex"
"carIns" 0 0.0596153846153846 0.0538461538461538 0.0548076923076923 0.0519230769230769 0.379807692307692 0.0855769230769231 0.0596153846153846 0.0576923076923077 0.0644230769230769 0.0596153846153846 0.0528846153846154 0.0605769230769231 0.0557692307692308 0.377884615384615 0.0903846153846154 0.0509615384615385
"cheAbi" 0.0596153846153846 0 0.0288461538461538 0.0278846153846154 0.0211538461538462 0.376923076923077 0.0490384615384615 0.0403846153846154 0.0375 0.0442307692307692 0.0105769230769231 0.0230769230769231 0.0442307692307692 0.0528846153846154 0.376923076923077 0.0711538461538462 0.0201923076923077
"cheMyd" 0.0538461538461538 0.0288461538461538 0 0.0163461538461538 0.0192307692307692 0.377884615384615 0.0557692307692308 0.0173076923076923 0.0298076923076923 0.0403846153846154 0.0278846153846154 0.0211538461538462 0.0384615384615385 0.0528846153846154 0.376923076923077 0.0653846153846154 0.0182692307692308
"cheSer" 0.0548076923076923 0.0278846153846154 0.0163461538461538 0 0.0182692307692308 0.374038461538462 0.0528846153846154 0.0278846153846154 0.025 0.0403846153846154 0.0269230769230769 0.0201923076923077 0.0384615384615385 0.0519230769230769 0.375 0.0644230769230769 0.0173076923076923
"chrPic" 0.0519230769230769 0.0211538461538462 0.0192307692307692 0.0182692307692308 0 0.376923076923077 0.0490384615384615 0.0307692307692308 0.0298076923076923 0.0394230769230769 0.0201923076923077 0.00384615384615385 0.0394230769230769 0.0490384615384615 0.377884615384615 0.0663461538461538 0.00480769230769231
"cuoAmb" 0.379807692307692 0.376923076923077 0.377884615384615 0.374038461538462 0.376923076923077 0 0.382692307692308 0.382692307692308 0.370192307692308 0.375 0.376923076923077 0.375961538461538 0.374038461538462 0.383653846153846 0.0163461538461538 0.372115384615385 0.375
"cuoMcc" 0.0855769230769231 0.0490384615384615 0.0557692307692308 0.0528846153846154 0.0490384615384615 0.382692307692308 0 0.0653846153846154 0.0644230769230769 0.0730769230769231 0.0480769230769231 0.05 0.0721153846153846 0.0826923076923077 0.383653846153846 0.0971153846153846 0.0480769230769231
"derCor" 0.0596153846153846 0.0403846153846154 0.0173076923076923 0.0278846153846154 0.0307692307692308 0.382692307692308 0.0653846153846154 0 0.0413461538461538 0.0471153846153846 0.0394230769230769 0.0326923076923077 0.0442307692307692 0.0625 0.381730769230769 0.0730769230769231 0.0298076923076923
"derMaw" 0.0576923076923077 0.0375 0.0298076923076923 0.025 0.0298076923076923 0.370192307692308 0.0644230769230769 0.0413461538461538 0 0.0471153846153846 0.0355769230769231 0.0317307692307692 0.0451923076923077 0.0605769230769231 0.372115384615385 0.0721153846153846 0.0288461538461538
"emySub" 0.0644230769230769 0.0442307692307692 0.0403846153846154 0.0403846153846154 0.0394230769230769 0.375 0.0730769230769231 0.0471153846153846 0.0471153846153846 0 0.0423076923076923 0.0394230769230769 0.0173076923076923 0.0615384615384615 0.375961538461538 0.0509615384615385 0.0384615384615385
"gopAga" 0.0596153846153846 0.0105769230769231 0.0278846153846154 0.0269230769230769 0.0201923076923077 0.376923076923077 0.0480769230769231 0.0394230769230769 0.0355769230769231 0.0423076923076923 0 0.0221153846153846 0.0423076923076923 0.0528846153846154 0.377884615384615 0.0692307692307692 0.0192307692307692
"malTer" 0.0528846153846154 0.0230769230769231 0.0211538461538462 0.0201923076923077 0.00384615384615385 0.375961538461538 0.05 0.0326923076923077 0.0317307692307692 0.0394230769230769 0.0221153846153846 0 0.0413461538461538 0.0490384615384615 0.376923076923077 0.0663461538461538 0.00673076923076923
"mesTub" 0.0605769230769231 0.0442307692307692 0.0384615384615385 0.0384615384615385 0.0394230769230769 0.374038461538462 0.0721153846153846 0.0442307692307692 0.0451923076923077 0.0173076923076923 0.0423076923076923 0.0413461538461538 0 0.0615384615384615 0.375 0.0557692307692308 0.0384615384615385
"pelSin" 0.0557692307692308 0.0528846153846154 0.0528846153846154 0.0519230769230769 0.0490384615384615 0.383653846153846 0.0826923076923077 0.0625 0.0605769230769231 0.0615384615384615 0.0528846153846154 0.0490384615384615 0.0615384615384615 0 0.380769230769231 0.0817307692307692 0.0480769230769231
"plaMeg" 0.377884615384615 0.376923076923077 0.376923076923077 0.375 0.377884615384615 0.0163461538461538 0.383653846153846 0.381730769230769 0.372115384615385 0.375961538461538 0.377884615384615 0.376923076923077 0.375 0.380769230769231 0 0.371153846153846 0.377884615384615
"podExp" 0.0903846153846154 0.0711538461538462 0.0653846153846154 0.0644230769230769 0.0663461538461538 0.372115384615385 0.0971153846153846 0.0730769230769231 0.0721153846153846 0.0509615384615385 0.0692307692307692 0.0663461538461538 0.0557692307692308 0.0817307692307692 0.371153846153846 0 0.0653846153846154
"terMex" 0.0509615384615385 0.0201923076923077 0.0182692307692308 0.0173076923076923 0.00480769230769231 0.375 0.0480769230769231 0.0298076923076923 0.0288461538461538 0.0384615384615385 0.0192307692307692 0.00673076923076923 0.0384615384615385 0.0480769230769231 0.377884615384615 0.0653846153846154 0
