"carIns" "cheMyd" "chrPic" "cuoAmb" "cuoMcc" "derCor" "emySub" "gopAga" "malTer" "mesTub" "pelCas" "pelSin" "plaMeg" "podExp" "terMex"
"carIns" 0 0.0884502923976608 0.087719298245614 0.0950292397660819 0.0957602339181287 0.091374269005848 0.105263157894737 0.0957602339181287 0.0869883040935673 0.108187134502924 0.116228070175439 0.0899122807017544 0.0869883040935673 0.134502923976608 0.0906432748538012
"cheMyd" 0.0884502923976608 0 0.0343567251461988 0.0402046783625731 0.0394736842105263 0.0233918128654971 0.0774853801169591 0.0423976608187134 0.0321637426900585 0.0789473684210526 0.0899122807017544 0.0752923976608187 0.0307017543859649 0.103070175438596 0.0343567251461988
"chrPic" 0.087719298245614 0.0343567251461988 0 0.027046783625731 0.0292397660818713 0.0387426900584795 0.0760233918128655 0.0292397660818713 0.00511695906432749 0.0774853801169591 0.091374269005848 0.0745614035087719 0.0146198830409357 0.10453216374269 0.0087719298245614
"cuoAmb" 0.0950292397660819 0.0402046783625731 0.027046783625731 0 0.00950292397660819 0.043859649122807 0.0840643274853801 0.0190058479532164 0.0248538011695906 0.0826023391812866 0.0986842105263158 0.0796783625730994 0.0241228070175439 0.113304093567251 0.027046783625731
"cuoMcc" 0.0957602339181287 0.0394736842105263 0.0292397660818713 0.00950292397660819 0 0.0431286549707602 0.0840643274853801 0.0211988304093567 0.027046783625731 0.0826023391812866 0.0957602339181287 0.0826023391812866 0.0263157894736842 0.111111111111111 0.0292397660818713
"derCor" 0.091374269005848 0.0233918128654971 0.0387426900584795 0.043859649122807 0.0431286549707602 0 0.0847953216374269 0.0460526315789474 0.0365497076023392 0.0855263157894737 0.0986842105263158 0.0789473684210526 0.0350877192982456 0.111842105263158 0.0387426900584795
"emySub" 0.105263157894737 0.0774853801169591 0.0760233918128655 0.0840643274853801 0.0840643274853801 0.0847953216374269 0 0.0804093567251462 0.0782163742690059 0.0526315789473684 0.0804093567251462 0.10233918128655 0.0782163742690059 0.0972222222222222 0.0789473684210526
"gopAga" 0.0957602339181287 0.0423976608187134 0.0292397660818713 0.0190058479532164 0.0211988304093567 0.0460526315789474 0.0804093567251462 0 0.0285087719298246 0.0826023391812866 0.0994152046783626 0.081140350877193 0.0277777777777778 0.113304093567251 0.0307017543859649
"malTer" 0.0869883040935673 0.0321637426900585 0.00511695906432749 0.0248538011695906 0.027046783625731 0.0365497076023392 0.0782163742690059 0.0285087719298246 0 0.0782163742690059 0.0921052631578947 0.0752923976608187 0.0124269005847953 0.105263157894737 0.00657894736842105
"mesTub" 0.108187134502924 0.0789473684210526 0.0774853801169591 0.0826023391812866 0.0826023391812866 0.0855263157894737 0.0526315789473684 0.0826023391812866 0.0782163742690059 0 0.0818713450292398 0.103070175438596 0.0774853801169591 0.0994152046783626 0.0789473684210526
"pelCas" 0.116228070175439 0.0899122807017544 0.091374269005848 0.0986842105263158 0.0957602339181287 0.0986842105263158 0.0804093567251462 0.0994152046783626 0.0921052631578947 0.0818713450292398 0 0.112573099415205 0.0906432748538012 0.0804093567251462 0.0921052631578947
"pelSin" 0.0899122807017544 0.0752923976608187 0.0745614035087719 0.0796783625730994 0.0826023391812866 0.0789473684210526 0.10233918128655 0.081140350877193 0.0752923976608187 0.103070175438596 0.112573099415205 0 0.0723684210526316 0.129385964912281 0.0774853801169591
"plaMeg" 0.0869883040935673 0.0307017543859649 0.0146198830409357 0.0241228070175439 0.0263157894736842 0.0350877192982456 0.0782163742690059 0.0277777777777778 0.0124269005847953 0.0774853801169591 0.0906432748538012 0.0723684210526316 0 0.103801169590643 0.0146198830409357
"podExp" 0.134502923976608 0.103070175438596 0.10453216374269 0.113304093567251 0.111111111111111 0.111842105263158 0.0972222222222222 0.113304093567251 0.105263157894737 0.0994152046783626 0.0804093567251462 0.129385964912281 0.103801169590643 0 0.105263157894737
"terMex" 0.0906432748538012 0.0343567251461988 0.0087719298245614 0.027046783625731 0.0292397660818713 0.0387426900584795 0.0789473684210526 0.0307017543859649 0.00657894736842105 0.0789473684210526 0.0921052631578947 0.0774853801169591 0.0146198830409357 0.105263157894737 0
