"carIns" "cheAbi" "cheMyd" "cheSer" "chrPic" "cuoAmb" "cuoMcc" "derCor" "derMaw" "emySub" "gopAga" "malTer" "mesTub" "pelCas" "pelSin" "plaMeg" "podExp" "terMex"
"carIns" 0 0.0592178770949721 0.0625698324022346 0.0681564245810056 0.0603351955307263 0.0569832402234637 0.0569832402234637 0.0625698324022346 0.064804469273743 0.070391061452514 0.0625698324022346 0.0603351955307263 0.0927374301675978 0.0659217877094972 0.0525139664804469 0.0536312849162011 0.0759776536312849 0.0614525139664804
"cheAbi" 0.0592178770949721 0 0.0256983240223464 0.0290502793296089 0.0167597765363128 0.017877094972067 0.0156424581005587 0.0268156424581006 0.0379888268156425 0.0491620111731844 0.0134078212290503 0.0189944134078212 0.070391061452514 0.0525139664804469 0.0391061452513966 0.0134078212290503 0.0659217877094972 0.0189944134078212
"cheMyd" 0.0625698324022346 0.0256983240223464 0 0.0290502793296089 0.023463687150838 0.0256983240223464 0.0256983240223464 0.023463687150838 0.0391061452513966 0.0513966480446927 0.0301675977653631 0.0223463687150838 0.0759776536312849 0.0547486033519553 0.041340782122905 0.0212290502793296 0.0625698324022346 0.0223463687150838
"cheSer" 0.0681564245810056 0.0290502793296089 0.0290502793296089 0 0.0256983240223464 0.0290502793296089 0.0268156424581006 0.0335195530726257 0.0346368715083799 0.0513966480446927 0.0335195530726257 0.023463687150838 0.0793296089385475 0.0547486033519553 0.0424581005586592 0.0223463687150838 0.0681564245810056 0.0245810055865922
"chrPic" 0.0603351955307263 0.0167597765363128 0.023463687150838 0.0256983240223464 0 0.0167597765363128 0.0145251396648045 0.0290502793296089 0.0379888268156425 0.0480446927374302 0.023463687150838 0.00335195530726257 0.0759776536312849 0.0513966480446927 0.0368715083798883 0.0122905027932961 0.064804469273743 0.0100558659217877
"cuoAmb" 0.0569832402234637 0.017877094972067 0.0256983240223464 0.0290502793296089 0.0167597765363128 0 0.00446927374301676 0.0290502793296089 0.0357541899441341 0.0536312849162011 0.0223463687150838 0.0189944134078212 0.0793296089385475 0.0536312849162011 0.0368715083798883 0.0134078212290503 0.0681564245810056 0.0189944134078212
"cuoMcc" 0.0569832402234637 0.0156424581005587 0.0256983240223464 0.0268156424581006 0.0145251396648045 0.00446927374301676 0 0.0290502793296089 0.0335195530726257 0.0513966480446927 0.0223463687150838 0.0167597765363128 0.0770949720670391 0.0513966480446927 0.0346368715083799 0.0111731843575419 0.0659217877094972 0.0167597765363128
"derCor" 0.0625698324022346 0.0268156424581006 0.023463687150838 0.0335195530726257 0.0290502793296089 0.0290502793296089 0.0290502793296089 0 0.0391061452513966 0.0513966480446927 0.0312849162011173 0.0279329608938547 0.0748603351955307 0.0581005586592179 0.046927374301676 0.0268156424581006 0.070391061452514 0.0301675977653631
"derMaw" 0.064804469273743 0.0379888268156425 0.0391061452513966 0.0346368715083799 0.0379888268156425 0.0357541899441341 0.0335195530726257 0.0391061452513966 0 0.0592178770949721 0.0446927374301676 0.0357541899441341 0.0849162011173184 0.0659217877094972 0.0547486033519553 0.0335195530726257 0.0759776536312849 0.0346368715083799
"emySub" 0.070391061452514 0.0491620111731844 0.0513966480446927 0.0513966480446927 0.0480446927374302 0.0536312849162011 0.0513966480446927 0.0513966480446927 0.0592178770949721 0 0.0569832402234637 0.0491620111731844 0.0513966480446927 0.041340782122905 0.0547486033519553 0.0458100558659218 0.0547486033519553 0.0446927374301676
"gopAga" 0.0625698324022346 0.0134078212290503 0.0301675977653631 0.0335195530726257 0.023463687150838 0.0223463687150838 0.0223463687150838 0.0312849162011173 0.0446927374301676 0.0569832402234637 0 0.0256983240223464 0.0782122905027933 0.0569832402234637 0.0446927374301676 0.0201117318435754 0.0726256983240224 0.0256983240223464
"malTer" 0.0603351955307263 0.0189944134078212 0.0223463687150838 0.023463687150838 0.00335195530726257 0.0189944134078212 0.0167597765363128 0.0279329608938547 0.0357541899441341 0.0491620111731844 0.0256983240223464 0 0.0770949720670391 0.0525139664804469 0.0357541899441341 0.0122905027932961 0.0659217877094972 0.00670391061452514
"mesTub" 0.0927374301675978 0.070391061452514 0.0759776536312849 0.0793296089385475 0.0759776536312849 0.0793296089385475 0.0770949720670391 0.0748603351955307 0.0849162011173184 0.0513966480446927 0.0782122905027933 0.0770949720670391 0 0.0659217877094972 0.0804469273743017 0.0737430167597765 0.0770949720670391 0.0726256983240224
"pelCas" 0.0659217877094972 0.0525139664804469 0.0547486033519553 0.0547486033519553 0.0513966480446927 0.0536312849162011 0.0513966480446927 0.0581005586592179 0.0659217877094972 0.041340782122905 0.0569832402234637 0.0525139664804469 0.0659217877094972 0 0.0525139664804469 0.0491620111731844 0.046927374301676 0.0525139664804469
"pelSin" 0.0525139664804469 0.0391061452513966 0.041340782122905 0.0424581005586592 0.0368715083798883 0.0368715083798883 0.0346368715083799 0.046927374301676 0.0547486033519553 0.0547486033519553 0.0446927374301676 0.0357541899441341 0.0804469273743017 0.0525139664804469 0 0.0312849162011173 0.0692737430167598 0.0357541899441341
"plaMeg" 0.0536312849162011 0.0134078212290503 0.0212290502793296 0.0223463687150838 0.0122905027932961 0.0134078212290503 0.0111731843575419 0.0268156424581006 0.0335195530726257 0.0458100558659218 0.0201117318435754 0.0122905027932961 0.0737430167597765 0.0491620111731844 0.0312849162011173 0 0.0625698324022346 0.0122905027932961
"podExp" 0.0759776536312849 0.0659217877094972 0.0625698324022346 0.0681564245810056 0.064804469273743 0.0681564245810056 0.0659217877094972 0.070391061452514 0.0759776536312849 0.0547486033519553 0.0726256983240224 0.0659217877094972 0.0770949720670391 0.046927374301676 0.0692737430167598 0.0625698324022346 0 0.0681564245810056
"terMex" 0.0614525139664804 0.0189944134078212 0.0223463687150838 0.0245810055865922 0.0100558659217877 0.0189944134078212 0.0167597765363128 0.0301675977653631 0.0346368715083799 0.0446927374301676 0.0256983240223464 0.00670391061452514 0.0726256983240224 0.0525139664804469 0.0357541899441341 0.0122905027932961 0.0681564245810056 0
