"carIns" "cheAbi" "cheMyd" "chrPic" "cuoMcc" "derCor" "emySub" "gopAga" "malTer" "mesTub" "pelCas" "pelSin" "plaMeg" "podExp" "terMex"
"carIns" 0 0.0482315112540193 0.0498392282958199 0.0546623794212219 0.045016077170418 0.0546623794212219 0.0530546623794212 0.0514469453376206 0.0627009646302251 0.0562700964630225 0.0691318327974277 0.0819935691318328 0.0385852090032154 0.0836012861736334 0.0434083601286174
"cheAbi" 0.0482315112540193 0 0.0257234726688103 0.0305466237942122 0.0128617363344051 0.0321543408360129 0.0418006430868167 0.0128617363344051 0.0385852090032154 0.0482315112540193 0.0594855305466238 0.0884244372990354 0.0176848874598071 0.0723472668810289 0.0192926045016077
"cheMyd" 0.0498392282958199 0.0257234726688103 0 0.0305466237942122 0.0160771704180064 0.022508038585209 0.0418006430868167 0.0289389067524116 0.0353697749196141 0.045016077170418 0.0562700964630225 0.0836012861736334 0.0144694533762058 0.0691318327974277 0.0192926045016077
"chrPic" 0.0546623794212219 0.0305466237942122 0.0305466237942122 0 0.0209003215434084 0.0337620578778135 0.0466237942122186 0.0369774919614148 0.0273311897106109 0.0498392282958199 0.0578778135048231 0.0852090032154341 0.0192926045016077 0.0739549839228296 0.0176848874598071
"cuoMcc" 0.045016077170418 0.0128617363344051 0.0160771704180064 0.0209003215434084 0 0.0257234726688103 0.0289389067524116 0.022508038585209 0.0289389067524116 0.0353697749196141 0.0498392282958199 0.0819935691318328 0.00803858520900321 0.0659163987138264 0.0128617363344051
"derCor" 0.0546623794212219 0.0321543408360129 0.022508038585209 0.0337620578778135 0.0257234726688103 0 0.0546623794212219 0.0353697749196141 0.045016077170418 0.0578778135048231 0.0691318327974277 0.0884244372990354 0.0241157556270096 0.0819935691318328 0.0257234726688103
"emySub" 0.0530546623794212 0.0418006430868167 0.0418006430868167 0.0466237942122186 0.0289389067524116 0.0546623794212219 0 0.0482315112540193 0.0546623794212219 0.0209003215434084 0.0434083601286174 0.0916398713826367 0.0305466237942122 0.0546623794212219 0.0353697749196141
"gopAga" 0.0514469453376206 0.0128617363344051 0.0289389067524116 0.0369774919614148 0.022508038585209 0.0353697749196141 0.0482315112540193 0 0.045016077170418 0.0546623794212219 0.0659163987138264 0.0916398713826367 0.0241157556270096 0.0755627009646302 0.022508038585209
"malTer" 0.0627009646302251 0.0385852090032154 0.0353697749196141 0.0273311897106109 0.0289389067524116 0.045016077170418 0.0546623794212219 0.045016077170418 0 0.0578778135048231 0.067524115755627 0.0836012861736334 0.0273311897106109 0.0836012861736334 0.0257234726688103
"mesTub" 0.0562700964630225 0.0482315112540193 0.045016077170418 0.0498392282958199 0.0353697749196141 0.0578778135048231 0.0209003215434084 0.0546623794212219 0.0578778135048231 0 0.0434083601286174 0.0916398713826367 0.0337620578778135 0.0562700964630225 0.0385852090032154
"pelCas" 0.0691318327974277 0.0594855305466238 0.0562700964630225 0.0578778135048231 0.0498392282958199 0.0691318327974277 0.0434083601286174 0.0659163987138264 0.067524115755627 0.0434083601286174 0 0.0996784565916399 0.0482315112540193 0.0546623794212219 0.0514469453376206
"pelSin" 0.0819935691318328 0.0884244372990354 0.0836012861736334 0.0852090032154341 0.0819935691318328 0.0884244372990354 0.0916398713826367 0.0916398713826367 0.0836012861736334 0.0916398713826367 0.0996784565916399 0 0.0803858520900322 0.106109324758842 0.0819935691318328
"plaMeg" 0.0385852090032154 0.0176848874598071 0.0144694533762058 0.0192926045016077 0.00803858520900321 0.0241157556270096 0.0305466237942122 0.0241157556270096 0.0273311897106109 0.0337620578778135 0.0482315112540193 0.0803858520900322 0 0.0610932475884244 0.00803858520900321
"podExp" 0.0836012861736334 0.0723472668810289 0.0691318327974277 0.0739549839228296 0.0659163987138264 0.0819935691318328 0.0546623794212219 0.0755627009646302 0.0836012861736334 0.0562700964630225 0.0546623794212219 0.106109324758842 0.0610932475884244 0 0.0659163987138264
"terMex" 0.0434083601286174 0.0192926045016077 0.0192926045016077 0.0176848874598071 0.0128617363344051 0.0257234726688103 0.0353697749196141 0.022508038585209 0.0257234726688103 0.0385852090032154 0.0514469453376206 0.0819935691318328 0.00803858520900321 0.0659163987138264 0
