"cheMyd" "cheSer" "chrPic" "cuoMcc" "derCor" "derMaw" "emySub" "gopAga" "pelSin"
"cheMyd" 0 0.0299051787016776 0.0299051787016776 0.0430342815463166 0.037199124726477 0.0437636761487965 0.0722100656455142 0.0364697301239971 0.0765864332603939
"cheSer" 0.0299051787016776 0 0.0262582056892779 0.0393873085339169 0.050328227571116 0.0364697301239971 0.0692924872355945 0.0299051787016776 0.0692924872355945
"chrPic" 0.0299051787016776 0.0262582056892779 0 0.0342815463165573 0.0525164113785558 0.0423048869438366 0.0714806710430343 0.0262582056892779 0.0714806710430343
"cuoMcc" 0.0430342815463166 0.0393873085339169 0.0342815463165573 0 0.0547045951859956 0.0517870167760759 0.0795040116703136 0.0299051787016776 0.0867979576951131
"derCor" 0.037199124726477 0.050328227571116 0.0525164113785558 0.0547045951859956 0 0.0671043034281546 0.0911743253099927 0.0576221735959154 0.0991976659372721
"derMaw" 0.0437636761487965 0.0364697301239971 0.0423048869438366 0.0517870167760759 0.0671043034281546 0 0.0831509846827133 0.0466812545587163 0.0824215900802334
"emySub" 0.0722100656455142 0.0692924872355945 0.0714806710430343 0.0795040116703136 0.0911743253099927 0.0831509846827133 0 0.075127644055434 0.102115244347192
"gopAga" 0.0364697301239971 0.0299051787016776 0.0262582056892779 0.0299051787016776 0.0576221735959154 0.0466812545587163 0.075127644055434 0 0.0787746170678337
"pelSin" 0.0765864332603939 0.0692924872355945 0.0714806710430343 0.0867979576951131 0.0991976659372721 0.0824215900802334 0.102115244347192 0.0787746170678337 0
