"cheAbi" "cheMyd" "cheSer" "chrPic" "cuoAmb" "cuoMcc" "derMaw" "emySub" "gopAga" "mesTub" "pelCas" "pelSin" "plaMeg" "podExp" "terMex"
"cheAbi" 0 0.0544642857142857 0.0928571428571429 0.025 0.0857142857142857 0.0946428571428571 0.0401785714285714 0.0669642857142857 0.0839285714285714 0.0767857142857143 0.170535714285714 0.120535714285714 0.0232142857142857 0.0776785714285714 0.0267857142857143
"cheMyd" 0.0544642857142857 0 0.108928571428571 0.0482142857142857 0.116071428571429 0.11875 0.0508928571428571 0.0696428571428571 0.120535714285714 0.0669642857142857 0.190178571428571 0.124107142857143 0.0464285714285714 0.0857142857142857 0.0482142857142857
"cheSer" 0.0928571428571429 0.108928571428571 0 0.0910714285714286 0.161607142857143 0.0866071428571429 0.0946428571428571 0.11875 0.161607142857143 0.129464285714286 0.230357142857143 0.175892857142857 0.0848214285714286 0.132142857142857 0.0866071428571429
"chrPic" 0.025 0.0482142857142857 0.0910714285714286 0 0.0919642857142857 0.0964285714285714 0.0401785714285714 0.0651785714285714 0.0892857142857143 0.0758928571428571 0.173214285714286 0.115178571428571 0.0178571428571429 0.0776785714285714 0.00892857142857143
"cuoAmb" 0.0857142857142857 0.116071428571429 0.161607142857143 0.0919642857142857 0 0.151785714285714 0.105357142857143 0.133035714285714 0.15625 0.141964285714286 0.1875 0.114285714285714 0.0910714285714286 0.142857142857143 0.09375
"cuoMcc" 0.0946428571428571 0.11875 0.0866071428571429 0.0964285714285714 0.151785714285714 0 0.110714285714286 0.132142857142857 0.163392857142857 0.147321428571429 0.240178571428571 0.190178571428571 0.0910714285714286 0.141071428571429 0.0955357142857143
"derMaw" 0.0401785714285714 0.0508928571428571 0.0946428571428571 0.0401785714285714 0.105357142857143 0.110714285714286 0 0.0723214285714286 0.111607142857143 0.08125 0.175892857142857 0.120535714285714 0.0366071428571429 0.0767857142857143 0.0375
"emySub" 0.0669642857142857 0.0696428571428571 0.11875 0.0651785714285714 0.133035714285714 0.132142857142857 0.0723214285714286 0 0.133928571428571 0.05 0.169642857142857 0.141964285714286 0.0607142857142857 0.0714285714285714 0.0642857142857143
"gopAga" 0.0839285714285714 0.120535714285714 0.161607142857143 0.0892857142857143 0.15625 0.163392857142857 0.111607142857143 0.133928571428571 0 0.144642857142857 0.242857142857143 0.183928571428571 0.0892857142857143 0.14375 0.0928571428571429
"mesTub" 0.0767857142857143 0.0669642857142857 0.129464285714286 0.0758928571428571 0.141964285714286 0.147321428571429 0.08125 0.05 0.144642857142857 0 0.171428571428571 0.150892857142857 0.0723214285714286 0.0758928571428571 0.0758928571428571
"pelCas" 0.170535714285714 0.190178571428571 0.230357142857143 0.173214285714286 0.1875 0.240178571428571 0.175892857142857 0.169642857142857 0.242857142857143 0.171428571428571 0 0.201785714285714 0.169642857142857 0.165178571428571 0.174107142857143
"pelSin" 0.120535714285714 0.124107142857143 0.175892857142857 0.115178571428571 0.114285714285714 0.190178571428571 0.120535714285714 0.141964285714286 0.183928571428571 0.150892857142857 0.201785714285714 0 0.114285714285714 0.148214285714286 0.116071428571429
"plaMeg" 0.0232142857142857 0.0464285714285714 0.0848214285714286 0.0178571428571429 0.0910714285714286 0.0910714285714286 0.0366071428571429 0.0607142857142857 0.0892857142857143 0.0723214285714286 0.169642857142857 0.114285714285714 0 0.0714285714285714 0.0178571428571429
"podExp" 0.0776785714285714 0.0857142857142857 0.132142857142857 0.0776785714285714 0.142857142857143 0.141071428571429 0.0767857142857143 0.0714285714285714 0.14375 0.0758928571428571 0.165178571428571 0.148214285714286 0.0714285714285714 0 0.075
"terMex" 0.0267857142857143 0.0482142857142857 0.0866071428571429 0.00892857142857143 0.09375 0.0955357142857143 0.0375 0.0642857142857143 0.0928571428571429 0.0758928571428571 0.174107142857143 0.116071428571429 0.0178571428571429 0.075 0
