"carIns" "cheAbi" "cheMyd" "derMaw" "emySub" "malTer" "mesTub" "pelCas" "plaMeg" "podExp"
"carIns" 0 0.0894687791239515 0.0941286113699907 0.0950605778191985 0.109972041006524 0.142590866728798 0.119291705498602 0.109040074557316 0.0876048462255359 0.117427772600186
"cheAbi" 0.0894687791239515 0 0.0531220876048462 0.0540540540540541 0.0913327120223672 0.0876048462255359 0.104380242311277 0.0913327120223672 0.0354147250698975 0.0987884436160298
"cheMyd" 0.0941286113699907 0.0531220876048462 0 0.0549860205032619 0.0876048462255359 0.0987884436160298 0.0987884436160298 0.0931966449207828 0.0465983224603914 0.101584342963653
"derMaw" 0.0950605778191985 0.0540540540540541 0.0549860205032619 0 0.0885368126747437 0.1071761416589 0.104380242311277 0.092264678471575 0.0512581547064306 0.0997204100652377
"emySub" 0.109972041006524 0.0913327120223672 0.0876048462255359 0.0885368126747437 0 0.137931034482759 0.0531220876048462 0.070829450139795 0.0913327120223672 0.0792171481826654
"malTer" 0.142590866728798 0.0876048462255359 0.0987884436160298 0.1071761416589 0.137931034482759 0 0.153774464119292 0.140726933830382 0.0745573159366263 0.148182665424045
"mesTub" 0.119291705498602 0.104380242311277 0.0987884436160298 0.104380242311277 0.0531220876048462 0.153774464119292 0 0.0876048462255359 0.103448275862069 0.0904007455731594
"pelCas" 0.109040074557316 0.0913327120223672 0.0931966449207828 0.092264678471575 0.070829450139795 0.140726933830382 0.0876048462255359 0 0.0931966449207828 0.0605778191985089
"plaMeg" 0.0876048462255359 0.0354147250698975 0.0465983224603914 0.0512581547064306 0.0913327120223672 0.0745573159366263 0.103448275862069 0.0931966449207828 0 0.102516309412861
"podExp" 0.117427772600186 0.0987884436160298 0.101584342963653 0.0997204100652377 0.0792171481826654 0.148182665424045 0.0904007455731594 0.0605778191985089 0.102516309412861 0
