"carIns" "cheAbi" "cheMyd" "cheSer" "chrPic" "cuoAmb" "cuoMcc" "derCor" "derMaw" "emySub" "gopAga" "malTer" "mesTub" "pelCas" "pelSin" "plaMeg" "podExp"
"carIns" 0 0.0896739130434783 0.0878623188405797 0.0824275362318841 0.0842391304347826 0.0878623188405797 0.186594202898551 0.0878623188405797 0.0960144927536232 0.0896739130434783 0.0914855072463768 0.088768115942029 0.0951086956521739 0.098731884057971 0.0806159420289855 0.0860507246376812 0.101449275362319
"cheAbi" 0.0896739130434783 0 0.0280797101449275 0.0253623188405797 0.0217391304347826 0.0153985507246377 0.123188405797101 0.0271739130434783 0.0353260869565217 0.0516304347826087 0.0144927536231884 0.0244565217391304 0.0561594202898551 0.0588768115942029 0.0661231884057971 0.0199275362318841 0.0697463768115942
"cheMyd" 0.0878623188405797 0.0280797101449275 0 0.0226449275362319 0.0208333333333333 0.026268115942029 0.135869565217391 0.0208333333333333 0.0326086956521739 0.0480072463768116 0.0289855072463768 0.0244565217391304 0.052536231884058 0.0588768115942029 0.0625 0.0190217391304348 0.0670289855072464
"cheSer" 0.0824275362318841 0.0253623188405797 0.0226449275362319 0 0.0190217391304348 0.0217391304347826 0.131340579710145 0.0253623188405797 0.0298913043478261 0.0452898550724638 0.026268115942029 0.0199275362318841 0.0498188405797101 0.0579710144927536 0.0561594202898551 0.0181159420289855 0.0688405797101449
"chrPic" 0.0842391304347826 0.0217391304347826 0.0208333333333333 0.0190217391304348 0 0.0190217391304348 0.129528985507246 0.0235507246376812 0.0289855072463768 0.0452898550724638 0.0208333333333333 0.00543478260869565 0.052536231884058 0.0570652173913043 0.0615942028985507 0.0117753623188406 0.0643115942028985
"cuoAmb" 0.0878623188405797 0.0153985507246377 0.026268115942029 0.0217391304347826 0.0190217391304348 0 0.119565217391304 0.026268115942029 0.0335144927536232 0.0516304347826087 0.016304347826087 0.0217391304347826 0.0543478260869565 0.0579710144927536 0.0615942028985507 0.0181159420289855 0.0697463768115942
"cuoMcc" 0.186594202898551 0.123188405797101 0.135869565217391 0.131340579710145 0.129528985507246 0.119565217391304 0 0.13768115942029 0.140398550724638 0.153985507246377 0.125905797101449 0.132246376811594 0.153985507246377 0.160326086956522 0.16213768115942 0.127717391304348 0.173007246376812
"derCor" 0.0878623188405797 0.0271739130434783 0.0208333333333333 0.0253623188405797 0.0235507246376812 0.026268115942029 0.13768115942029 0 0.0344202898550725 0.0507246376811594 0.0298913043478261 0.0271739130434783 0.0570652173913043 0.0606884057971014 0.0652173913043478 0.0217391304347826 0.0688405797101449
"derMaw" 0.0960144927536232 0.0353260869565217 0.0326086956521739 0.0298913043478261 0.0289855072463768 0.0335144927536232 0.140398550724638 0.0344202898550725 0 0.0534420289855072 0.0380434782608696 0.0298913043478261 0.0615942028985507 0.0652173913043478 0.0670289855072464 0.026268115942029 0.0760869565217391
"emySub" 0.0896739130434783 0.0516304347826087 0.0480072463768116 0.0452898550724638 0.0452898550724638 0.0516304347826087 0.153985507246377 0.0507246376811594 0.0534420289855072 0 0.052536231884058 0.0489130434782609 0.0307971014492754 0.0471014492753623 0.0697463768115942 0.0434782608695652 0.0552536231884058
"gopAga" 0.0914855072463768 0.0144927536231884 0.0289855072463768 0.026268115942029 0.0208333333333333 0.016304347826087 0.125905797101449 0.0298913043478261 0.0380434782608696 0.052536231884058 0 0.0235507246376812 0.0570652173913043 0.0588768115942029 0.0661231884057971 0.0208333333333333 0.0697463768115942
"malTer" 0.088768115942029 0.0244565217391304 0.0244565217391304 0.0199275362318841 0.00543478260869565 0.0217391304347826 0.132246376811594 0.0271739130434783 0.0298913043478261 0.0489130434782609 0.0235507246376812 0 0.0552536231884058 0.0597826086956522 0.0634057971014493 0.0144927536231884 0.0679347826086956
"mesTub" 0.0951086956521739 0.0561594202898551 0.052536231884058 0.0498188405797101 0.052536231884058 0.0543478260869565 0.153985507246377 0.0570652173913043 0.0615942028985507 0.0307971014492754 0.0570652173913043 0.0552536231884058 0 0.0471014492753623 0.0733695652173913 0.0489130434782609 0.0543478260869565
"pelCas" 0.098731884057971 0.0588768115942029 0.0588768115942029 0.0579710144927536 0.0570652173913043 0.0579710144927536 0.160326086956522 0.0606884057971014 0.0652173913043478 0.0471014492753623 0.0588768115942029 0.0597826086956522 0.0471014492753623 0 0.0778985507246377 0.0543478260869565 0.0471014492753623
"pelSin" 0.0806159420289855 0.0661231884057971 0.0625 0.0561594202898551 0.0615942028985507 0.0615942028985507 0.16213768115942 0.0652173913043478 0.0670289855072464 0.0697463768115942 0.0661231884057971 0.0634057971014493 0.0733695652173913 0.0778985507246377 0 0.0615942028985507 0.0833333333333333
"plaMeg" 0.0860507246376812 0.0199275362318841 0.0190217391304348 0.0181159420289855 0.0117753623188406 0.0181159420289855 0.127717391304348 0.0217391304347826 0.026268115942029 0.0434782608695652 0.0208333333333333 0.0144927536231884 0.0489130434782609 0.0543478260869565 0.0615942028985507 0 0.0652173913043478
"podExp" 0.101449275362319 0.0697463768115942 0.0670289855072464 0.0688405797101449 0.0643115942028985 0.0697463768115942 0.173007246376812 0.0688405797101449 0.0760869565217391 0.0552536231884058 0.0697463768115942 0.0679347826086956 0.0543478260869565 0.0471014492753623 0.0833333333333333 0.0652173913043478 0
