"carIns" "cheAbi" "cheMyd" "cheSer" "chrPic" "cuoAmb" "cuoMcc" "derCor" "derMaw" "emySub" "gopAga" "malTer" "mesTub" "pelCas" "pelSin" "plaMeg" "podExp" "terMex"
"carIns" 0 0.139370078740157 0.0826771653543307 0.0803149606299213 0.0818897637795276 0.0834645669291339 0.0858267716535433 0.0826771653543307 0.0905511811023622 0.0905511811023622 0.0960629921259843 0.0826771653543307 0.100787401574803 0.105511811023622 0.101574803149606 0.0811023622047244 0.118110236220472 0.0826771653543307
"cheAbi" 0.139370078740157 0 0.0913385826771654 0.0905511811023622 0.0858267716535433 0.0755905511811024 0.0803149606299213 0.0937007874015748 0.0992125984251968 0.113385826771654 0.0716535433070866 0.084251968503937 0.121259842519685 0.120472440944882 0.133858267716535 0.0811023622047244 0.132283464566929 0.0811023622047244
"cheMyd" 0.0826771653543307 0.0913385826771654 0 0.0220472440944882 0.0291338582677165 0.0291338582677165 0.0338582677165354 0.0133858267716535 0.0322834645669291 0.0574803149606299 0.0385826771653543 0.0291338582677165 0.0661417322834646 0.068503937007874 0.0779527559055118 0.0291338582677165 0.0826771653543307 0.0267716535433071
"cheSer" 0.0803149606299213 0.0905511811023622 0.0220472440944882 0 0.0267716535433071 0.0244094488188976 0.0259842519685039 0.0259842519685039 0.0291338582677165 0.0543307086614173 0.0377952755905512 0.0267716535433071 0.0645669291338583 0.0669291338582677 0.0732283464566929 0.0259842519685039 0.0795275590551181 0.0251968503937008
"chrPic" 0.0818897637795276 0.0858267716535433 0.0291338582677165 0.0267716535433071 0 0.0236220472440945 0.0267716535433071 0.031496062992126 0.0385826771653543 0.0614173228346457 0.0330708661417323 0.0047244094488189 0.0700787401574803 0.0716535433070866 0.0740157480314961 0.0204724409448819 0.0818897637795276 0.0141732283464567
"cuoAmb" 0.0834645669291339 0.0755905511811024 0.0291338582677165 0.0244094488188976 0.0236220472440945 0 0.0094488188976378 0.0330708661417323 0.0377952755905512 0.0590551181102362 0.0244094488188976 0.0220472440944882 0.0708661417322835 0.0716535433070866 0.0771653543307087 0.0165354330708661 0.084251968503937 0.0188976377952756
"cuoMcc" 0.0858267716535433 0.0803149606299213 0.0338582677165354 0.0259842519685039 0.0267716535433071 0.0094488188976378 0 0.0377952755905512 0.0409448818897638 0.0598425196850394 0.0291338582677165 0.0251968503937008 0.0716535433070866 0.0732283464566929 0.0755905511811024 0.021259842519685 0.084251968503937 0.0220472440944882
"derCor" 0.0826771653543307 0.0937007874015748 0.0133858267716535 0.0259842519685039 0.031496062992126 0.0330708661417323 0.0377952755905512 0 0.0346456692913386 0.0598425196850394 0.0409448818897638 0.0330708661417323 0.0653543307086614 0.0692913385826772 0.0755905511811024 0.031496062992126 0.0803149606299213 0.0299212598425197
"derMaw" 0.0905511811023622 0.0992125984251968 0.0322834645669291 0.0291338582677165 0.0385826771653543 0.0377952755905512 0.0409448818897638 0.0346456692913386 0 0.0669291338582677 0.0480314960629921 0.0401574803149606 0.0771653543307087 0.0771653543307087 0.0826771653543307 0.0377952755905512 0.0874015748031496 0.037007874015748
"emySub" 0.0905511811023622 0.113385826771654 0.0574803149606299 0.0543307086614173 0.0614173228346457 0.0590551181102362 0.0598425196850394 0.0598425196850394 0.0669291338582677 0 0.068503937007874 0.0614173228346457 0.0307086614173228 0.0598425196850394 0.0881889763779528 0.0582677165354331 0.0732283464566929 0.0574803149606299
"gopAga" 0.0960629921259843 0.0716535433070866 0.0385826771653543 0.0377952755905512 0.0330708661417323 0.0244094488188976 0.0291338582677165 0.0409448818897638 0.0480314960629921 0.068503937007874 0 0.0346456692913386 0.0795275590551181 0.0748031496062992 0.0874015748031496 0.031496062992126 0.0850393700787402 0.0322834645669291
"malTer" 0.0826771653543307 0.084251968503937 0.0291338582677165 0.0267716535433071 0.0047244094488189 0.0220472440944882 0.0251968503937008 0.0330708661417323 0.0401574803149606 0.0614173228346457 0.0346456692913386 0 0.0700787401574803 0.0716535433070866 0.0740157480314961 0.0188976377952756 0.0803149606299213 0.0125984251968504
"mesTub" 0.100787401574803 0.121259842519685 0.0661417322834646 0.0645669291338583 0.0700787401574803 0.0708661417322835 0.0716535433070866 0.0653543307086614 0.0771653543307087 0.0307086614173228 0.0795275590551181 0.0700787401574803 0 0.068503937007874 0.0952755905511811 0.0700787401574803 0.0826771653543307 0.068503937007874
"pelCas" 0.105511811023622 0.120472440944882 0.068503937007874 0.0669291338582677 0.0716535433070866 0.0716535433070866 0.0732283464566929 0.0692913385826772 0.0771653543307087 0.0598425196850394 0.0748031496062992 0.0716535433070866 0.068503937007874 0 0.1 0.0700787401574803 0.0606299212598425 0.0669291338582677
"pelSin" 0.101574803149606 0.133858267716535 0.0779527559055118 0.0732283464566929 0.0740157480314961 0.0771653543307087 0.0755905511811024 0.0755905511811024 0.0826771653543307 0.0881889763779528 0.0874015748031496 0.0740157480314961 0.0952755905511811 0.1 0 0.0763779527559055 0.108661417322835 0.0740157480314961
"plaMeg" 0.0811023622047244 0.0811023622047244 0.0291338582677165 0.0259842519685039 0.0204724409448819 0.0165354330708661 0.021259842519685 0.031496062992126 0.0377952755905512 0.0582677165354331 0.031496062992126 0.0188976377952756 0.0700787401574803 0.0700787401574803 0.0763779527559055 0 0.0818897637795276 0.015748031496063
"podExp" 0.118110236220472 0.132283464566929 0.0826771653543307 0.0795275590551181 0.0818897637795276 0.084251968503937 0.084251968503937 0.0803149606299213 0.0874015748031496 0.0732283464566929 0.0850393700787402 0.0803149606299213 0.0826771653543307 0.0606299212598425 0.108661417322835 0.0818897637795276 0 0.0811023622047244
"terMex" 0.0826771653543307 0.0811023622047244 0.0267716535433071 0.0251968503937008 0.0141732283464567 0.0188976377952756 0.0220472440944882 0.0299212598425197 0.037007874015748 0.0574803149606299 0.0322834645669291 0.0125984251968504 0.068503937007874 0.0669291338582677 0.0740157480314961 0.015748031496063 0.0811023622047244 0
