"carIns" "cheAbi" "cheMyd" "cheSer" "chrPic" "cuoAmb" "cuoMcc" "derCor" "derMaw" "emySub" "malTer" "mesTub" "pelCas" "plaMeg" "podExp" "terMex"
"carIns" 0 0.0980024968789014 0.0861423220973783 0.0867665418227216 0.085518102372035 0.0861423220973783 0.0867665418227216 0.0886392009987516 0.0936329588014981 0.115480649188514 0.0830212234706617 0.296504369538077 0.133583021223471 0.085518102372035 0.136704119850187 0.0830212234706617
"cheAbi" 0.0980024968789014 0 0.0436953807740325 0.0480649188514357 0.0355805243445693 0.0243445692883895 0.0237203495630462 0.0493133583021223 0.0574282147315855 0.0986267166042447 0.0324594257178527 0.271535580524345 0.117353308364544 0.0299625468164794 0.117977528089888 0.0343320848938826
"cheMyd" 0.0861423220973783 0.0436953807740325 0 0.0280898876404494 0.0262172284644195 0.0287141073657928 0.0280898876404494 0.0193508114856429 0.0399500624219725 0.0842696629213483 0.0237203495630462 0.270287141073658 0.105493133583021 0.0224719101123595 0.104868913857678 0.0268414481897628
"cheSer" 0.0867665418227216 0.0480649188514357 0.0280898876404494 0 0.0293383270911361 0.0318352059925094 0.0324594257178527 0.0362047440699126 0.0399500624219725 0.0848938826466916 0.0262172284644195 0.274032459425718 0.107990012484395 0.0274656679151061 0.111111111111111 0.0305867665418227
"chrPic" 0.085518102372035 0.0355805243445693 0.0262172284644195 0.0293383270911361 0 0.0181023720349563 0.0187265917602996 0.0337078651685393 0.0430711610486891 0.0842696629213483 0.00436953807740325 0.268414481897628 0.105493133583021 0.0124843945068664 0.106117353308365 0.0112359550561798
"cuoAmb" 0.0861423220973783 0.0243445692883895 0.0287141073657928 0.0318352059925094 0.0181023720349563 0 0.0031210986267166 0.034956304619226 0.0424469413233458 0.0861423220973783 0.0149812734082397 0.264044943820225 0.106117353308365 0.0143570536828964 0.106117353308365 0.0181023720349563
"cuoMcc" 0.0867665418227216 0.0237203495630462 0.0280898876404494 0.0324594257178527 0.0187265917602996 0.0031210986267166 0 0.0362047440699126 0.0455680399500624 0.0867665418227216 0.015605493133583 0.265293383270911 0.106741573033708 0.0143570536828964 0.106117353308365 0.0187265917602996
"derCor" 0.0886392009987516 0.0493133583021223 0.0193508114856429 0.0362047440699126 0.0337078651685393 0.034956304619226 0.0362047440699126 0 0.0436953807740325 0.0880149812734082 0.031210986267166 0.273408239700375 0.109862671660424 0.0293383270911361 0.109862671660424 0.033083645443196
"derMaw" 0.0936329588014981 0.0574282147315855 0.0399500624219725 0.0399500624219725 0.0430711610486891 0.0424469413233458 0.0455680399500624 0.0436953807740325 0 0.0917602996254682 0.0399500624219725 0.279650436953808 0.121722846441948 0.0399500624219725 0.121098626716604 0.0418227215980025
"emySub" 0.115480649188514 0.0986267166042447 0.0842696629213483 0.0848938826466916 0.0842696629213483 0.0861423220973783 0.0867665418227216 0.0880149812734082 0.0917602996254682 0 0.0811485642946317 0.248439450686642 0.0880149812734082 0.0823970037453183 0.0942571785268414 0.085518102372035
"malTer" 0.0830212234706617 0.0324594257178527 0.0237203495630462 0.0262172284644195 0.00436953807740325 0.0149812734082397 0.015605493133583 0.031210986267166 0.0399500624219725 0.0811485642946317 0 0.266541822721598 0.102372034956305 0.00936329588014981 0.104244694132335 0.00811485642946317
"mesTub" 0.296504369538077 0.271535580524345 0.270287141073658 0.274032459425718 0.268414481897628 0.264044943820225 0.265293383270911 0.273408239700375 0.279650436953808 0.248439450686642 0.266541822721598 0 0.271535580524345 0.267166042446941 0.270287141073658 0.269662921348315
"pelCas" 0.133583021223471 0.117353308364544 0.105493133583021 0.107990012484395 0.105493133583021 0.106117353308365 0.106741573033708 0.109862671660424 0.121722846441948 0.0880149812734082 0.102372034956305 0.271535580524345 0 0.104244694132335 0.0955056179775281 0.105493133583021
"plaMeg" 0.085518102372035 0.0299625468164794 0.0224719101123595 0.0274656679151061 0.0124843945068664 0.0143570536828964 0.0143570536828964 0.0293383270911361 0.0399500624219725 0.0823970037453183 0.00936329588014981 0.267166042446941 0.104244694132335 0 0.106117353308365 0.0137328339575531
"podExp" 0.136704119850187 0.117977528089888 0.104868913857678 0.111111111111111 0.106117353308365 0.106117353308365 0.106117353308365 0.109862671660424 0.121098626716604 0.0942571785268414 0.104244694132335 0.270287141073658 0.0955056179775281 0.106117353308365 0 0.104868913857678
"terMex" 0.0830212234706617 0.0343320848938826 0.0268414481897628 0.0305867665418227 0.0112359550561798 0.0181023720349563 0.0187265917602996 0.033083645443196 0.0418227215980025 0.085518102372035 0.00811485642946317 0.269662921348315 0.105493133583021 0.0137328339575531 0.104868913857678 0
