"carIns" "cheAbi" "cheMyd" "cheSer" "chrPic" "cuoAmb" "cuoMcc" "derMaw" "emySub" "gopAga" "malTer" "mesTub" "pelCas" "pelSin" "plaMeg" "podExp" "terMex"
"carIns" 0 0.0911917098445596 0.0839378238341969 0.0880829015544041 0.0911917098445596 0.0901554404145078 0.0901554404145078 0.0932642487046632 0.115025906735751 0.0880829015544041 0.0829015544041451 0.0994818652849741 0.116062176165803 0.187564766839378 0.0839378238341969 0.105699481865285 0.0839378238341969
"cheAbi" 0.0911917098445596 0 0.0238341968911917 0.0269430051813472 0.0559585492227979 0.0207253886010363 0.0186528497409326 0.0352331606217617 0.0849740932642487 0.0196891191709845 0.0186528497409326 0.049740932642487 0.0860103626943005 0.174093264248705 0.0176165803108808 0.061139896373057 0.0196891191709845
"cheMyd" 0.0839378238341969 0.0238341968911917 0 0.0176165803108808 0.0487046632124352 0.0238341968911917 0.0217616580310881 0.0269430051813472 0.0715025906735751 0.0310880829015544 0.0134715025906736 0.0404145077720207 0.077720207253886 0.168911917098446 0.0124352331606218 0.0528497409326425 0.0145077720207254
"cheSer" 0.0880829015544041 0.0269430051813472 0.0176165803108808 0 0.0518134715025907 0.0248704663212435 0.0248704663212435 0.0259067357512953 0.0735751295336788 0.0321243523316062 0.016580310880829 0.0424870466321244 0.0756476683937824 0.169948186528497 0.0155440414507772 0.0528497409326425 0.0176165803108808
"chrPic" 0.0911917098445596 0.0559585492227979 0.0487046632124352 0.0518134715025907 0 0.0559585492227979 0.0538860103626943 0.061139896373057 0.077720207253886 0.0507772020725389 0.0393782383419689 0.0725388601036269 0.0901554404145078 0.168911917098446 0.044559585492228 0.0839378238341969 0.0424870466321244
"cuoAmb" 0.0901554404145078 0.0207253886010363 0.0238341968911917 0.0248704663212435 0.0559585492227979 0 0.00621761658031088 0.0321243523316062 0.0849740932642487 0.027979274611399 0.0186528497409326 0.0507772020725389 0.0860103626943005 0.17720207253886 0.0176165803108808 0.0559585492227979 0.0196891191709845
"cuoMcc" 0.0901554404145078 0.0186528497409326 0.0217616580310881 0.0248704663212435 0.0538860103626943 0.00621761658031088 0 0.0300518134715026 0.0808290155440415 0.0259067357512953 0.016580310880829 0.0466321243523316 0.0818652849740933 0.175129533678756 0.0155440414507772 0.0538860103626943 0.0176165803108808
"derMaw" 0.0932642487046632 0.0352331606217617 0.0269430051813472 0.0259067357512953 0.061139896373057 0.0321243523316062 0.0300518134715026 0 0.0818652849740933 0.0414507772020725 0.0259067357512953 0.0538860103626943 0.0870466321243523 0.174093264248705 0.0248704663212435 0.0642487046632124 0.0269430051813472
"emySub" 0.115025906735751 0.0849740932642487 0.0715025906735751 0.0735751295336788 0.077720207253886 0.0849740932642487 0.0808290155440415 0.0818652849740933 0 0.0797927461139896 0.0715025906735751 0.0549222797927461 0.0829015544041451 0.180310880829016 0.0735751295336788 0.0787564766839378 0.0735751295336788
"gopAga" 0.0880829015544041 0.0196891191709845 0.0310880829015544 0.0321243523316062 0.0507772020725389 0.027979274611399 0.0259067357512953 0.0414507772020725 0.0797927461139896 0 0.0259067357512953 0.0559585492227979 0.0880829015544041 0.166839378238342 0.0248704663212435 0.0663212435233161 0.0269430051813472
"malTer" 0.0829015544041451 0.0186528497409326 0.0134715025906736 0.016580310880829 0.0393782383419689 0.0186528497409326 0.016580310880829 0.0259067357512953 0.0715025906735751 0.0259067357512953 0 0.0362694300518135 0.0756476683937824 0.168911917098446 0.0072538860103627 0.0518134715025907 0.00518134715025907
"mesTub" 0.0994818652849741 0.049740932642487 0.0404145077720207 0.0424870466321244 0.0725388601036269 0.0507772020725389 0.0466321243523316 0.0538860103626943 0.0549222797927461 0.0559585492227979 0.0362694300518135 0 0.0725388601036269 0.179274611398964 0.0393782383419689 0.0518134715025907 0.0393782383419689
"pelCas" 0.116062176165803 0.0860103626943005 0.077720207253886 0.0756476683937824 0.0901554404145078 0.0860103626943005 0.0818652849740933 0.0870466321243523 0.0829015544041451 0.0880829015544041 0.0756476683937824 0.0725388601036269 0 0.183419689119171 0.0746113989637306 0.0746113989637306 0.0746113989637306
"pelSin" 0.187564766839378 0.174093264248705 0.168911917098446 0.169948186528497 0.168911917098446 0.17720207253886 0.175129533678756 0.174093264248705 0.180310880829016 0.166839378238342 0.168911917098446 0.179274611398964 0.183419689119171 0 0.169948186528497 0.185492227979275 0.172020725388601
"plaMeg" 0.0839378238341969 0.0176165803108808 0.0124352331606218 0.0155440414507772 0.044559585492228 0.0176165803108808 0.0155440414507772 0.0248704663212435 0.0735751295336788 0.0248704663212435 0.0072538860103627 0.0393782383419689 0.0746113989637306 0.169948186528497 0 0.0518134715025907 0.00829015544041451
"podExp" 0.105699481865285 0.061139896373057 0.0528497409326425 0.0528497409326425 0.0839378238341969 0.0559585492227979 0.0538860103626943 0.0642487046632124 0.0787564766839378 0.0663212435233161 0.0518134715025907 0.0518134715025907 0.0746113989637306 0.185492227979275 0.0518134715025907 0 0.0518134715025907
"terMex" 0.0839378238341969 0.0196891191709845 0.0145077720207254 0.0176165803108808 0.0424870466321244 0.0196891191709845 0.0176165803108808 0.0269430051813472 0.0735751295336788 0.0269430051813472 0.00518134715025907 0.0393782383419689 0.0746113989637306 0.172020725388601 0.00829015544041451 0.0518134715025907 0
