"carIns" "cheAbi" "cheMyd" "cheSer" "chrPic" "cuoAmb" "cuoMcc" "derCor" "derMaw" "emySub" "gopAga" "malTer" "mesTub" "pelCas" "pelSin" "plaMeg" "podExp" "terMex"
"carIns" 0 0.0736522399392559 0.0668185269552012 0.0683371298405467 0.0683371298405467 0.234624145785877 0.0728929384965831 0.0721336370539104 0.0736522399392559 0.0827638572513288 0.0744115413819286 0.067577828397874 0.082004555808656 0.0933940774487472 0.0690964312832194 0.0660592255125285 0.0918754745634017 0.0683371298405467
"cheAbi" 0.0736522399392559 0 0.0364464692482916 0.0356871678056188 0.0258162490508732 0.200455580865604 0.0129081245254366 0.0417615793470008 0.0447987851176917 0.0630220197418375 0.0159453302961276 0.0265755504935459 0.0637813211845103 0.0721336370539104 0.0690964312832194 0.0242976461655277 0.0736522399392559 0.0265755504935459
"cheMyd" 0.0668185269552012 0.0364464692482916 0 0.0265755504935459 0.0288534548215642 0.211085801063022 0.0341685649202733 0.0212604403948367 0.0341685649202733 0.0592255125284738 0.0417615793470008 0.0265755504935459 0.0584662110858011 0.0690964312832194 0.0630220197418375 0.0242976461655277 0.0706150341685649 0.0265755504935459
"cheSer" 0.0683371298405467 0.0356871678056188 0.0265755504935459 0 0.0280941533788914 0.208807896735004 0.0334092634776006 0.0318906605922551 0.0318906605922551 0.0569476082004556 0.041002277904328 0.0288534548215642 0.0584662110858011 0.0660592255125285 0.0652999240698557 0.0250569476082005 0.0713743356112377 0.0273348519362187
"chrPic" 0.0683371298405467 0.0258162490508732 0.0288534548215642 0.0280941533788914 0 0.200455580865604 0.0220197418375095 0.0326499620349279 0.0387243735763098 0.0561883067577828 0.0311313591495824 0.00227790432801822 0.0531511009870919 0.0622627182991648 0.0630220197418375 0.0136674259681093 0.0690964312832194 0.00683371298405467
"cuoAmb" 0.234624145785877 0.200455580865604 0.211085801063022 0.208807896735004 0.200455580865604 0 0.19665907365224 0.217160212604404 0.216400911161731 0.224753227031131 0.205770690964313 0.200455580865604 0.222475322703113 0.236142748671222 0.230068337129841 0.199696279422931 0.234624145785877 0.201214882308276
"cuoMcc" 0.0728929384965831 0.0129081245254366 0.0341685649202733 0.0334092634776006 0.0220197418375095 0.19665907365224 0 0.0394836750189825 0.0425208807896735 0.061503416856492 0.0182232346241458 0.0227790432801822 0.0622627182991648 0.0698557327258922 0.0683371298405467 0.020501138952164 0.0713743356112377 0.0227790432801822
"derCor" 0.0721336370539104 0.0417615793470008 0.0212604403948367 0.0318906605922551 0.0326499620349279 0.217160212604404 0.0394836750189825 0 0.0379650721336371 0.064540622627183 0.0470766894457099 0.0334092634776006 0.064540622627183 0.0713743356112377 0.0706150341685649 0.0265755504935459 0.0774487471526196 0.0303720577069096
"derMaw" 0.0736522399392559 0.0447987851176917 0.0341685649202733 0.0318906605922551 0.0387243735763098 0.216400911161731 0.0425208807896735 0.0379650721336371 0 0.0622627182991648 0.0516324981017464 0.0394836750189825 0.0622627182991648 0.0698557327258922 0.0630220197418375 0.0341685649202733 0.0721336370539104 0.0364464692482916
"emySub" 0.0827638572513288 0.0630220197418375 0.0592255125284738 0.0569476082004556 0.0561883067577828 0.224753227031131 0.061503416856492 0.064540622627183 0.0622627182991648 0 0.067577828397874 0.0569476082004556 0.0326499620349279 0.0561883067577828 0.0789673500379651 0.0561883067577828 0.0592255125284738 0.0584662110858011
"gopAga" 0.0744115413819286 0.0159453302961276 0.0417615793470008 0.041002277904328 0.0311313591495824 0.205770690964313 0.0182232346241458 0.0470766894457099 0.0516324981017464 0.067577828397874 0 0.0303720577069096 0.0683371298405467 0.0789673500379651 0.0744115413819286 0.0296127562642369 0.0782080485952923 0.0318906605922551
"malTer" 0.067577828397874 0.0265755504935459 0.0265755504935459 0.0288534548215642 0.00227790432801822 0.200455580865604 0.0227790432801822 0.0334092634776006 0.0394836750189825 0.0569476082004556 0.0303720577069096 0 0.0539104024297646 0.064540622627183 0.0622627182991648 0.0144267274107821 0.0698557327258922 0.00759301442672741
"mesTub" 0.082004555808656 0.0637813211845103 0.0584662110858011 0.0584662110858011 0.0531511009870919 0.222475322703113 0.0622627182991648 0.064540622627183 0.0622627182991648 0.0326499620349279 0.0683371298405467 0.0539104024297646 0 0.0561883067577828 0.0706150341685649 0.0546697038724374 0.0577069096431283 0.0569476082004556
"pelCas" 0.0933940774487472 0.0721336370539104 0.0690964312832194 0.0660592255125285 0.0622627182991648 0.236142748671222 0.0698557327258922 0.0713743356112377 0.0698557327258922 0.0561883067577828 0.0789673500379651 0.064540622627183 0.0561883067577828 0 0.0835231586940015 0.0622627182991648 0.0523917995444191 0.0652999240698557
"pelSin" 0.0690964312832194 0.0690964312832194 0.0630220197418375 0.0652999240698557 0.0630220197418375 0.230068337129841 0.0683371298405467 0.0706150341685649 0.0630220197418375 0.0789673500379651 0.0744115413819286 0.0622627182991648 0.0706150341685649 0.0835231586940015 0 0.061503416856492 0.082004555808656 0.0637813211845103
"plaMeg" 0.0660592255125285 0.0242976461655277 0.0242976461655277 0.0250569476082005 0.0136674259681093 0.199696279422931 0.020501138952164 0.0265755504935459 0.0341685649202733 0.0561883067577828 0.0296127562642369 0.0144267274107821 0.0546697038724374 0.0622627182991648 0.061503416856492 0 0.0690964312832194 0.0113895216400911
"podExp" 0.0918754745634017 0.0736522399392559 0.0706150341685649 0.0713743356112377 0.0690964312832194 0.234624145785877 0.0713743356112377 0.0774487471526196 0.0721336370539104 0.0592255125284738 0.0782080485952923 0.0698557327258922 0.0577069096431283 0.0523917995444191 0.082004555808656 0.0690964312832194 0 0.0713743356112377
"terMex" 0.0683371298405467 0.0265755504935459 0.0265755504935459 0.0273348519362187 0.00683371298405467 0.201214882308276 0.0227790432801822 0.0303720577069096 0.0364464692482916 0.0584662110858011 0.0318906605922551 0.00759301442672741 0.0569476082004556 0.0652999240698557 0.0637813211845103 0.0113895216400911 0.0713743356112377 0
