"carIns" "cheAbi" "cheMyd" "cheSer" "chrPic" "derCor" "derMaw" "emySub" "gopAga" "malTer" "mesTub" "pelCas" "pelSin" "plaMeg" "podExp" "terMex"
"carIns" 0 0.0811380400421496 0.0885142255005269 0.0874604847207587 0.0748155953635406 0.089567966280295 0.0948366701791359 0.10958904109589 0.0821917808219178 0.12118018967334 0.106427818756586 0.119072708113804 0.107481559536354 0.0769230769230769 0.131717597471022 0.071654373024236
"cheAbi" 0.0811380400421496 0 0.0505795574288725 0.0463645943097998 0.0305584826132771 0.0558482613277134 0.065331928345627 0.083245521601686 0.0221285563751317 0.083245521601686 0.0821917808219178 0.106427818756586 0.0958904109589041 0.0316122233930453 0.114857744994731 0.0263435194942044
"cheMyd" 0.0885142255005269 0.0505795574288725 0 0.0379346680716544 0.0400421496311907 0.0273972602739726 0.0600632244467861 0.0853530031612223 0.047418335089568 0.0927291886195996 0.0864067439409905 0.100105374077977 0.107481559536354 0.0432033719704953 0.107481559536354 0.035827186512118
"cheSer" 0.0874604847207587 0.0463645943097998 0.0379346680716544 0 0.035827186512118 0.0463645943097998 0.0558482613277134 0.0800842992623814 0.0410958904109589 0.0864067439409905 0.0811380400421496 0.101159114857745 0.103266596417281 0.0337197049525817 0.119072708113804 0.0316122233930453
"chrPic" 0.0748155953635406 0.0305584826132771 0.0400421496311907 0.035827186512118 0 0.0453108535300316 0.0526870389884089 0.0748155953635406 0.0273972602739726 0.0526870389884089 0.071654373024236 0.0948366701791359 0.0906217070600632 0.0200210748155954 0.10432033719705 0.00421496311907271
"derCor" 0.089567966280295 0.0558482613277134 0.0273972602739726 0.0463645943097998 0.0453108535300316 0 0.0632244467860906 0.0885142255005269 0.0547945205479452 0.0948366701791359 0.089567966280295 0.107481559536354 0.112750263435195 0.0484720758693361 0.110642781875659 0.0410958904109589
"derMaw" 0.0948366701791359 0.065331928345627 0.0600632244467861 0.0558482613277134 0.0526870389884089 0.0632244467860906 0 0.0948366701791359 0.0621707060063224 0.100105374077977 0.0990516332982086 0.113804004214963 0.105374077976818 0.0547945205479452 0.129610115911486 0.0484720758693361
"emySub" 0.10958904109589 0.083245521601686 0.0853530031612223 0.0800842992623814 0.0748155953635406 0.0885142255005269 0.0948366701791359 0 0.0821917808219178 0.124341412012645 0.0442571127502634 0.0874604847207587 0.129610115911486 0.0758693361433087 0.100105374077977 0.0706006322444679
"gopAga" 0.0821917808219178 0.0221285563751317 0.047418335089568 0.0410958904109589 0.0273972602739726 0.0547945205479452 0.0621707060063224 0.0821917808219178 0 0.0800842992623814 0.0811380400421496 0.10432033719705 0.0948366701791359 0.0284510010537408 0.111696522655427 0.0231822971548999
"malTer" 0.12118018967334 0.083245521601686 0.0927291886195996 0.0864067439409905 0.0526870389884089 0.0948366701791359 0.100105374077977 0.124341412012645 0.0800842992623814 0 0.12118018967334 0.140147523709168 0.135932560590095 0.0727081138040042 0.149631190727081 0.0569020021074816
"mesTub" 0.106427818756586 0.0821917808219178 0.0864067439409905 0.0811380400421496 0.071654373024236 0.089567966280295 0.0990516332982086 0.0442571127502634 0.0811380400421496 0.12118018967334 0 0.0916754478398314 0.127502634351949 0.0748155953635406 0.0937829293993678 0.0695468914646997
"pelCas" 0.119072708113804 0.106427818756586 0.100105374077977 0.101159114857745 0.0948366701791359 0.107481559536354 0.113804004214963 0.0874604847207587 0.10432033719705 0.140147523709168 0.0916754478398314 0 0.139093782929399 0.0979978925184405 0.0916754478398314 0.0906217070600632
"pelSin" 0.107481559536354 0.0958904109589041 0.107481559536354 0.103266596417281 0.0906217070600632 0.112750263435195 0.105374077976818 0.129610115911486 0.0948366701791359 0.135932560590095 0.127502634351949 0.139093782929399 0 0.0948366701791359 0.149631190727081 0.0874604847207587
"plaMeg" 0.0769230769230769 0.0316122233930453 0.0432033719704953 0.0337197049525817 0.0200210748155954 0.0484720758693361 0.0547945205479452 0.0758693361433087 0.0284510010537408 0.0727081138040042 0.0748155953635406 0.0979978925184405 0.0948366701791359 0 0.107481559536354 0.0158061116965227
"podExp" 0.131717597471022 0.114857744994731 0.107481559536354 0.119072708113804 0.10432033719705 0.110642781875659 0.129610115911486 0.100105374077977 0.111696522655427 0.149631190727081 0.0937829293993678 0.0916754478398314 0.149631190727081 0.107481559536354 0 0.100105374077977
"terMex" 0.071654373024236 0.0263435194942044 0.035827186512118 0.0316122233930453 0.00421496311907271 0.0410958904109589 0.0484720758693361 0.0706006322444679 0.0231822971548999 0.0569020021074816 0.0695468914646997 0.0906217070600632 0.0874604847207587 0.0158061116965227 0.100105374077977 0
