"carIns" "cheAbi" "cheMyd" "cheSer" "chrPic" "cuoAmb" "cuoMcc" "derMaw" "emySub" "mesTub" "pelCas" "pelSin" "plaMeg" "podExp" "terMex"
"carIns" 0 0.142728904847397 0.0727109515260323 0.0673249551166966 0.0619389587073609 0.131956912028725 0.135547576301616 0.0754039497307002 0.0646319569120287 0.0870736086175943 0.0763016157989228 0.0601436265709156 0.13016157989228 0.0754039497307002 0.0601436265709156
"cheAbi" 0.142728904847397 0 0.112208258527828 0.118491921005386 0.10951526032316 0.09245960502693 0.0933572710951526 0.12657091561939 0.122980251346499 0.149012567324955 0.140933572710952 0.133752244165171 0.102333931777379 0.138240574506284 0.106822262118492
"cheMyd" 0.0727109515260323 0.112208258527828 0 0.0287253141831239 0.0215439856373429 0.104129263913824 0.105026929982047 0.0323159784560144 0.052064631956912 0.0745062836624776 0.0646319569120287 0.0601436265709156 0.102333931777379 0.0691202872531418 0.018850987432675
"cheSer" 0.0673249551166966 0.118491921005386 0.0287253141831239 0 0.0215439856373429 0.105924596050269 0.10951526032316 0.0314183123877917 0.0511669658886894 0.0709156193895871 0.0619389587073609 0.0565529622980251 0.103231597845601 0.0682226211849192 0.018850987432675
"chrPic" 0.0619389587073609 0.10951526032316 0.0215439856373429 0.0215439856373429 0 0.0969479353680431 0.100538599640934 0.0233393177737881 0.0448833034111311 0.0673249551166966 0.059245960502693 0.0502692998204668 0.09245960502693 0.0619389587073609 0.00269299820466786
"cuoAmb" 0.131956912028725 0.09245960502693 0.104129263913824 0.105924596050269 0.0969479353680431 0 0.0870736086175943 0.114901256732496 0.111310592459605 0.139138240574506 0.129263913824057 0.125673249551167 0.0906642728904847 0.12657091561939 0.0942549371633752
"cuoMcc" 0.135547576301616 0.0933572710951526 0.105026929982047 0.10951526032316 0.100538599640934 0.0870736086175943 0 0.117594254937163 0.114901256732496 0.144524236983842 0.135547576301616 0.12657091561939 0.0969479353680431 0.131956912028725 0.0978456014362657
"derMaw" 0.0754039497307002 0.12657091561939 0.0323159784560144 0.0314183123877917 0.0233393177737881 0.114901256732496 0.117594254937163 0 0.0565529622980251 0.0771992818671454 0.0691202872531418 0.0610412926391382 0.110412926391382 0.0763016157989228 0.0224416517055655
"emySub" 0.0646319569120287 0.122980251346499 0.052064631956912 0.0511669658886894 0.0448833034111311 0.111310592459605 0.114901256732496 0.0565529622980251 0 0.0394973070017953 0.0439856373429084 0.0547576301615799 0.110412926391382 0.0475763016157989 0.0421903052064632
"mesTub" 0.0870736086175943 0.149012567324955 0.0745062836624776 0.0709156193895871 0.0673249551166966 0.139138240574506 0.144524236983842 0.0771992818671454 0.0394973070017953 0 0.0583482944344704 0.0816876122082585 0.140035906642729 0.0700179533213645 0.0646319569120287
"pelCas" 0.0763016157989228 0.140933572710952 0.0646319569120287 0.0619389587073609 0.059245960502693 0.129263913824057 0.135547576301616 0.0691202872531418 0.0439856373429084 0.0583482944344704 0 0.0736086175942549 0.129263913824057 0.0475763016157989 0.0565529622980251
"pelSin" 0.0601436265709156 0.133752244165171 0.0601436265709156 0.0565529622980251 0.0502692998204668 0.125673249551167 0.12657091561939 0.0610412926391382 0.0547576301615799 0.0816876122082585 0.0736086175942549 0 0.117594254937163 0.0700179533213645 0.0484739676840215
"plaMeg" 0.13016157989228 0.102333931777379 0.102333931777379 0.103231597845601 0.09245960502693 0.0906642728904847 0.0969479353680431 0.110412926391382 0.110412926391382 0.140035906642729 0.129263913824057 0.117594254937163 0 0.127468581687612 0.0897666068222621
"podExp" 0.0754039497307002 0.138240574506284 0.0691202872531418 0.0682226211849192 0.0619389587073609 0.12657091561939 0.131956912028725 0.0763016157989228 0.0475763016157989 0.0700179533213645 0.0475763016157989 0.0700179533213645 0.127468581687612 0 0.059245960502693
"terMex" 0.0601436265709156 0.106822262118492 0.018850987432675 0.018850987432675 0.00269299820466786 0.0942549371633752 0.0978456014362657 0.0224416517055655 0.0421903052064632 0.0646319569120287 0.0565529622980251 0.0484739676840215 0.0897666068222621 0.059245960502693 0
