"carIns" "cheAbi" "cheMyd" "cheSer" "chrPic" "cuoAmb" "cuoMcc" "derCor" "derMaw" "emySub" "gopAga" "malTer" "mesTub" "pelCas" "pelSin" "plaMeg" "podExp" "terMex"
"carIns" 0 0.0710534445474204 0.0716713005869632 0.0729070126660488 0.0707445165276491 0.0704355885078777 0.183194315724436 0.0710534445474204 0.0747605807846772 0.0787766450417053 0.0685820203892493 0.0871177015755329 0.0877355576150757 0.0917516218721038 0.0812480691998764 0.100710534445474 0.0960766141489033 0.0701266604881063
"cheAbi" 0.0710534445474204 0 0.0336731541550819 0.0373802903923386 0.025949953660797 0.0206981773246833 0.139944392956441 0.034599938214396 0.0420142106889095 0.0562248995983936 0.0163731850478838 0.0407784986098239 0.066728452270621 0.0775409329626197 0.0710534445474204 0.0546802594995366 0.0787766450417053 0.0240963855421687
"cheMyd" 0.0716713005869632 0.0336731541550819 0 0.0330552981155391 0.0293481618782824 0.0278035217794254 0.147976521470497 0.0151374729687983 0.0367624343527958 0.054989187519308 0.0349088662341674 0.0435588507877665 0.0648748841519926 0.0775409329626197 0.0704355885078777 0.0577695396972505 0.0797034291010195 0.0268767377201112
"cheSer" 0.0729070126660488 0.0373802903923386 0.0330552981155391 0 0.0321285140562249 0.0312017299969107 0.148903305529812 0.0342910101946247 0.0364535063330244 0.0583873957367933 0.0383070744516528 0.046339202965709 0.0698177324683349 0.0787766450417053 0.0695088044485635 0.0608588198949645 0.0846462774173617 0.029039233858511
"chrPic" 0.0707445165276491 0.025949953660797 0.0293481618782824 0.0321285140562249 0 0.0210071053444547 0.141489033055298 0.0315106580166821 0.0370713623725672 0.053444547420451 0.0268767377201112 0.0225517454433117 0.0630213160333642 0.0766141489033055 0.0679641643497065 0.0503552672227371 0.0772320049428483 0.0129749768303985
"cuoAmb" 0.0704355885078777 0.0206981773246833 0.0278035217794254 0.0312017299969107 0.0210071053444547 0 0.130367624343528 0.0299660179178251 0.0379981464318814 0.0525177633611369 0.0219338894037689 0.0342910101946247 0.0633302440531356 0.0775409329626197 0.0679641643497065 0.0515909793018227 0.0803212851405622 0.0194624652455978
"cuoMcc" 0.183194315724436 0.139944392956441 0.147976521470497 0.148903305529812 0.141489033055298 0.130367624343528 0 0.149521161569354 0.154772937905468 0.168983626814952 0.142106889094841 0.149212233549583 0.176706827309237 0.18844609206055 0.177942539388323 0.145814025332098 0.190299660179178 0.140562248995984
"derCor" 0.0710534445474204 0.034599938214396 0.0151374729687983 0.0342910101946247 0.0315106580166821 0.0299660179178251 0.149521161569354 0 0.0379981464318814 0.056533827618165 0.0352177942539388 0.0457213469261662 0.0658016682113068 0.0806302131603336 0.0704355885078777 0.0593141797961075 0.0837194933580476 0.0296570898980538
"derMaw" 0.0747605807846772 0.0420142106889095 0.0367624343527958 0.0364535063330244 0.0370713623725672 0.0379981464318814 0.154772937905468 0.0379981464318814 0 0.0602409638554217 0.0435588507877665 0.0515909793018227 0.0716713005869632 0.0846462774173617 0.0735248687055916 0.0673463083101637 0.0846462774173617 0.0349088662341674
"emySub" 0.0787766450417053 0.0562248995983936 0.054989187519308 0.0583873957367933 0.053444547420451 0.0525177633611369 0.168983626814952 0.056533827618165 0.0602409638554217 0 0.0568427556379364 0.0688909484090207 0.0358356502934816 0.0605498918751931 0.0803212851405622 0.082483781278962 0.0682730923694779 0.0537534754402224
"gopAga" 0.0685820203892493 0.0163731850478838 0.0349088662341674 0.0383070744516528 0.0268767377201112 0.0219338894037689 0.142106889094841 0.0352177942539388 0.0435588507877665 0.0568427556379364 0 0.0423231387086809 0.0661105962310782 0.0797034291010195 0.0707445165276491 0.0556070435588508 0.0800123571207909 0.0256410256410256
"malTer" 0.0871177015755329 0.0407784986098239 0.0435588507877665 0.046339202965709 0.0225517454433117 0.0342910101946247 0.149212233549583 0.0457213469261662 0.0515909793018227 0.0688909484090207 0.0423231387086809 0 0.0772320049428483 0.0932962619709608 0.0827927092987334 0.0648748841519926 0.0923694779116466 0.027494593759654
"mesTub" 0.0877355576150757 0.066728452270621 0.0648748841519926 0.0698177324683349 0.0630213160333642 0.0633302440531356 0.176706827309237 0.0658016682113068 0.0716713005869632 0.0358356502934816 0.0661105962310782 0.0772320049428483 0 0.0707445165276491 0.0886623416743899 0.0920605498918752 0.0756873648439914 0.0648748841519926
"pelCas" 0.0917516218721038 0.0775409329626197 0.0775409329626197 0.0787766450417053 0.0766141489033055 0.0775409329626197 0.18844609206055 0.0806302131603336 0.0846462774173617 0.0605498918751931 0.0797034291010195 0.0932962619709608 0.0707445165276491 0 0.100401606425703 0.107815878900216 0.0633302440531356 0.0778498609823911
"pelSin" 0.0812480691998764 0.0710534445474204 0.0704355885078777 0.0695088044485635 0.0679641643497065 0.0679641643497065 0.177942539388323 0.0704355885078777 0.0735248687055916 0.0803212851405622 0.0707445165276491 0.0827927092987334 0.0886623416743899 0.100401606425703 0 0.0960766141489033 0.0966944701884461 0.0673463083101637
"plaMeg" 0.100710534445474 0.0546802594995366 0.0577695396972505 0.0608588198949645 0.0503552672227371 0.0515909793018227 0.145814025332098 0.0593141797961075 0.0673463083101637 0.082483781278962 0.0556070435588508 0.0648748841519926 0.0920605498918752 0.107815878900216 0.0960766141489033 0 0.108433734939759 0.0485016991041087
"podExp" 0.0960766141489033 0.0787766450417053 0.0797034291010195 0.0846462774173617 0.0772320049428483 0.0803212851405622 0.190299660179178 0.0837194933580476 0.0846462774173617 0.0682730923694779 0.0800123571207909 0.0923694779116466 0.0756873648439914 0.0633302440531356 0.0966944701884461 0.108433734939759 0 0.0784677170219339
"terMex" 0.0701266604881063 0.0240963855421687 0.0268767377201112 0.029039233858511 0.0129749768303985 0.0194624652455978 0.140562248995984 0.0296570898980538 0.0349088662341674 0.0537534754402224 0.0256410256410256 0.027494593759654 0.0648748841519926 0.0778498609823911 0.0673463083101637 0.0485016991041087 0.0784677170219339 0
