"carIns" "cheMyd" "cheSer" "chrPic" "cuoAmb" "cuoMcc" "derCor" "derMaw" "emySub" "gopAga" "malTer" "mesTub" "pelCas" "pelSin" "plaMeg" "podExp" "terMex"
"carIns" 0 0.0960232783705141 0.10184287099903 0.105722599418041 0.103782735208535 0.0999030067895247 0.0960232783705141 0.104752667313288 0.112512124151309 0.105722599418041 0.161008729388943 0.136760426770126 0.125121241513094 0.132880698351115 0.0921435499515034 0.132880698351115 0.0989330746847721
"cheMyd" 0.0960232783705141 0 0.0339476236663434 0.04364694471387 0.04364694471387 0.0397672162948594 0.020368574199806 0.046556741028128 0.0678952473326867 0.046556741028128 0.109602327837051 0.0853540252182347 0.0872938894277401 0.109602327837051 0.0310378273520854 0.107662463627546 0.0358874878758487
"cheSer" 0.10184287099903 0.0339476236663434 0 0.0426770126091174 0.0387972841901067 0.0368574199806014 0.0397672162948594 0.0417070805043647 0.0649854510184287 0.0446168768186227 0.105722599418041 0.0902036857419981 0.0863239573229874 0.110572259941804 0.0300678952473327 0.111542192046557 0.0368574199806014
"chrPic" 0.105722599418041 0.04364694471387 0.0426770126091174 0 0.0358874878758487 0.032007759456838 0.0484966052376334 0.0562560620756547 0.0659553831231814 0.0368574199806014 0.0746847720659554 0.0960232783705141 0.0931134820562561 0.119301648884578 0.0223084384093113 0.112512124151309 0.0155189136760427
"cuoAmb" 0.103782735208535 0.04364694471387 0.0387972841901067 0.0358874878758487 0 0.005819592628516 0.0484966052376334 0.0504364694471387 0.0688651794374394 0.0223084384093113 0.102812803103783 0.0950533462657614 0.0902036857419981 0.118331716779825 0.023278370514064 0.112512124151309 0.0300678952473327
"cuoMcc" 0.0999030067895247 0.0397672162948594 0.0368574199806014 0.032007759456838 0.005819592628516 0 0.0446168768186227 0.0484966052376334 0.066925315227934 0.0184287099903007 0.0989330746847721 0.0940834141610087 0.0882638215324927 0.114451988360815 0.0193986420950533 0.110572259941804 0.026188166828322
"derCor" 0.0960232783705141 0.020368574199806 0.0397672162948594 0.0484966052376334 0.0484966052376334 0.0446168768186227 0 0.0475266731328807 0.07274490785645 0.0514064015518914 0.114451988360815 0.0931134820562561 0.0882638215324927 0.112512124151309 0.0339476236663434 0.108632395732299 0.040737148399612
"derMaw" 0.104752667313288 0.046556741028128 0.0417070805043647 0.0562560620756547 0.0504364694471387 0.0484966052376334 0.0475266731328807 0 0.0708050436469447 0.055286129970902 0.122211445198836 0.0940834141610087 0.0892337536372454 0.119301648884578 0.0397672162948594 0.117361784675073 0.0484966052376334
"emySub" 0.112512124151309 0.0678952473326867 0.0649854510184287 0.0659553831231814 0.0688651794374394 0.066925315227934 0.07274490785645 0.0708050436469447 0 0.075654704170708 0.129970902036857 0.0533462657613967 0.0824442289039767 0.127061105722599 0.05819592628516 0.0989330746847721 0.0620756547041707
"gopAga" 0.105722599418041 0.046556741028128 0.0446168768186227 0.0368574199806014 0.0223084384093113 0.0184287099903007 0.0514064015518914 0.055286129970902 0.075654704170708 0 0.10184287099903 0.0999030067895247 0.0969932104752667 0.122211445198836 0.0281280310378274 0.11639185257032 0.0329776915615907
"malTer" 0.161008729388943 0.109602327837051 0.105722599418041 0.0746847720659554 0.102812803103783 0.0989330746847721 0.114451988360815 0.122211445198836 0.129970902036857 0.10184287099903 0 0.153249272550921 0.152279340446169 0.172647914645975 0.0892337536372454 0.167798254122211 0.0834141610087294
"mesTub" 0.136760426770126 0.0853540252182347 0.0902036857419981 0.0960232783705141 0.0950533462657614 0.0940834141610087 0.0931134820562561 0.0940834141610087 0.0533462657613967 0.0999030067895247 0.153249272550921 0 0.0999030067895247 0.137730358874879 0.0853540252182347 0.117361784675073 0.0882638215324927
"pelCas" 0.125121241513094 0.0872938894277401 0.0863239573229874 0.0931134820562561 0.0902036857419981 0.0882638215324927 0.0882638215324927 0.0892337536372454 0.0824442289039767 0.0969932104752667 0.152279340446169 0.0999030067895247 0 0.134820562560621 0.0824442289039767 0.0931134820562561 0.0872938894277401
"pelSin" 0.132880698351115 0.109602327837051 0.110572259941804 0.119301648884578 0.118331716779825 0.114451988360815 0.112512124151309 0.119301648884578 0.127061105722599 0.122211445198836 0.172647914645975 0.137730358874879 0.134820562560621 0 0.104752667313288 0.146459747817653 0.114451988360815
"plaMeg" 0.0921435499515034 0.0310378273520854 0.0300678952473327 0.0223084384093113 0.023278370514064 0.0193986420950533 0.0339476236663434 0.0397672162948594 0.05819592628516 0.0281280310378274 0.0892337536372454 0.0853540252182347 0.0824442289039767 0.104752667313288 0 0.10184287099903 0.01454898157129
"podExp" 0.132880698351115 0.107662463627546 0.111542192046557 0.112512124151309 0.112512124151309 0.110572259941804 0.108632395732299 0.117361784675073 0.0989330746847721 0.11639185257032 0.167798254122211 0.117361784675073 0.0931134820562561 0.146459747817653 0.10184287099903 0 0.105722599418041
"terMex" 0.0989330746847721 0.0358874878758487 0.0368574199806014 0.0155189136760427 0.0300678952473327 0.026188166828322 0.040737148399612 0.0484966052376334 0.0620756547041707 0.0329776915615907 0.0834141610087294 0.0882638215324927 0.0872938894277401 0.114451988360815 0.01454898157129 0.105722599418041 0
