"carIns" "cheAbi" "cheMyd" "cheSer" "chrPic" "cuoMcc" "derCor" "derMaw" "emySub" "gopAga" "malTer" "mesTub" "pelCas" "pelSin" "plaMeg" "podExp" "terMex"
"carIns" 0 0.041388518024032 0.0400534045393858 0.0587449933244326 0.041388518024032 0.061415220293725 0.0520694259012016 0.0787716955941255 0.048064085447263 0.0387182910547397 0.0400534045393858 0.0453938584779706 0.0627503337783712 0.0600801068090788 0.0387182910547397 0.0574098798397864 0.0427236315086782
"cheAbi" 0.041388518024032 0 0.0160213618157543 0.0360480640854473 0.0106809078771696 0.0307076101468625 0.0240320427236315 0.0627503337783712 0.0360480640854473 0.00534045393858478 0.00934579439252336 0.0280373831775701 0.048064085447263 0.048064085447263 0.00934579439252336 0.0400534045393858 0.0120160213618158
"cheMyd" 0.0400534045393858 0.0160213618157543 0 0.0360480640854473 0.0160213618157543 0.0360480640854473 0.0186915887850467 0.0587449933244326 0.0307076101468625 0.013351134846462 0.0146862483311081 0.0240320427236315 0.0507343124165554 0.0453938584779706 0.0120160213618158 0.0427236315086782 0.0146862483311081
"cheSer" 0.0587449933244326 0.0360480640854473 0.0360480640854473 0 0.0333778371161549 0.0120160213618158 0.0360480640854473 0.0627503337783712 0.0534045393858478 0.0307076101468625 0.0320427236315087 0.048064085447263 0.0680907877169559 0.0694259012016021 0.0320427236315087 0.0600801068090788 0.0347129506008011
"chrPic" 0.041388518024032 0.0106809078771696 0.0160213618157543 0.0333778371161549 0 0.0307076101468625 0.0213618157543391 0.0600801068090788 0.0333778371161549 0.00801068090787717 0.00133511348464619 0.0280373831775701 0.0440587449933244 0.0427236315086782 0.00667556742323097 0.0373831775700935 0.00667556742323097
"cuoMcc" 0.061415220293725 0.0307076101468625 0.0360480640854473 0.0120160213618158 0.0307076101468625 0 0.0360480640854473 0.0600801068090788 0.0560747663551402 0.0280373831775701 0.0293724966622163 0.048064085447263 0.0654205607476635 0.0680907877169559 0.0293724966622163 0.0574098798397864 0.0320427236315087
"derCor" 0.0520694259012016 0.0240320427236315 0.0186915887850467 0.0360480640854473 0.0213618157543391 0.0360480640854473 0 0.054739652870494 0.041388518024032 0.0186915887850467 0.0200267022696929 0.0373831775700935 0.0587449933244326 0.0534045393858478 0.0200267022696929 0.048064085447263 0.0200267022696929
"derMaw" 0.0787716955941255 0.0627503337783712 0.0587449933244326 0.0627503337783712 0.0600801068090788 0.0600801068090788 0.054739652870494 0 0.0720961281708945 0.0574098798397864 0.0587449933244326 0.0694259012016021 0.0854472630173565 0.0787716955941255 0.0587449933244326 0.0801068090787717 0.061415220293725
"emySub" 0.048064085447263 0.0360480640854473 0.0307076101468625 0.0534045393858478 0.0333778371161549 0.0560747663551402 0.041388518024032 0.0720961281708945 0 0.0307076101468625 0.0320427236315087 0.0253671562082777 0.048064085447263 0.0574098798397864 0.0293724966622163 0.0440587449933244 0.0320427236315087
"gopAga" 0.0387182910547397 0.00534045393858478 0.013351134846462 0.0307076101468625 0.00801068090787717 0.0280373831775701 0.0186915887850467 0.0574098798397864 0.0307076101468625 0 0.00667556742323097 0.0253671562082777 0.0453938584779706 0.0453938584779706 0.00667556742323097 0.0373831775700935 0.00934579439252336
"malTer" 0.0400534045393858 0.00934579439252336 0.0146862483311081 0.0320427236315087 0.00133511348464619 0.0293724966622163 0.0200267022696929 0.0587449933244326 0.0320427236315087 0.00667556742323097 0 0.0267022696929239 0.0427236315086782 0.041388518024032 0.00534045393858478 0.0360480640854473 0.00534045393858478
"mesTub" 0.0453938584779706 0.0280373831775701 0.0240320427236315 0.048064085447263 0.0280373831775701 0.048064085447263 0.0373831775700935 0.0694259012016021 0.0253671562082777 0.0253671562082777 0.0267022696929239 0 0.0427236315086782 0.0493991989319092 0.0240320427236315 0.0360480640854473 0.0267022696929239
"pelCas" 0.0627503337783712 0.048064085447263 0.0507343124165554 0.0680907877169559 0.0440587449933244 0.0654205607476635 0.0587449933244326 0.0854472630173565 0.048064085447263 0.0453938584779706 0.0427236315086782 0.0427236315086782 0 0.0694259012016021 0.0387182910547397 0.0360480640854473 0.0427236315086782
"pelSin" 0.0600801068090788 0.048064085447263 0.0453938584779706 0.0694259012016021 0.0427236315086782 0.0680907877169559 0.0534045393858478 0.0787716955941255 0.0574098798397864 0.0453938584779706 0.041388518024032 0.0493991989319092 0.0694259012016021 0 0.041388518024032 0.0574098798397864 0.0440587449933244
"plaMeg" 0.0387182910547397 0.00934579439252336 0.0120160213618158 0.0320427236315087 0.00667556742323097 0.0293724966622163 0.0200267022696929 0.0587449933244326 0.0293724966622163 0.00667556742323097 0.00534045393858478 0.0240320427236315 0.0387182910547397 0.041388518024032 0 0.0333778371161549 0.00801068090787717
"podExp" 0.0574098798397864 0.0400534045393858 0.0427236315086782 0.0600801068090788 0.0373831775700935 0.0574098798397864 0.048064085447263 0.0801068090787717 0.0440587449933244 0.0373831775700935 0.0360480640854473 0.0360480640854473 0.0360480640854473 0.0574098798397864 0.0333778371161549 0 0.0360480640854473
"terMex" 0.0427236315086782 0.0120160213618158 0.0146862483311081 0.0347129506008011 0.00667556742323097 0.0320427236315087 0.0200267022696929 0.061415220293725 0.0320427236315087 0.00934579439252336 0.00534045393858478 0.0267022696929239 0.0427236315086782 0.0440587449933244 0.00801068090787717 0.0360480640854473 0
