"carIns" "chrPic" "cuoAmb" "cuoMcc" "derCor" "derMaw" "emySub" "gopAga" "malTer" "mesTub" "pelCas" "pelSin" "plaMeg" "podExp" "terMex"
"carIns" 0 0.0759678597516435 0.0759678597516435 0.0749939128317507 0.0781592403214025 0.0881421962503044 0.0900900900900901 0.0766983199415632 0.0808375943511079 0.0937423910396883 0.100560019478938 0.0849768687606525 0.0740199659118578 0.105916727538349 0.0861943024105186
"chrPic" 0.0759678597516435 0 0.0206963720477234 0.0187484782079377 0.0301923545166788 0.0392013635256879 0.0545410275140005 0.0228877526174823 0.0131482834185537 0.059654248843438 0.0684197711224738 0.0676893109325542 0.0158266374482591 0.0769418066715364 0.023618212807402
"cuoAmb" 0.0759678597516435 0.0206963720477234 0 0.00535670805941076 0.0316532748965181 0.0404187971755539 0.0550280009739469 0.0155831507182859 0.0280009739469199 0.059654248843438 0.0703676649622596 0.0696372047723399 0.0182615047479912 0.0781592403214025 0.0328707085463842
"cuoMcc" 0.0749939128317507 0.0187484782079377 0.00535670805941076 0 0.0297053810567324 0.0389578767957146 0.0542975407840273 0.0126613099586073 0.0260530801071342 0.0594107621134648 0.068663257852447 0.0691502313123935 0.0165570976381787 0.0774287801314828 0.0306793279766253
"derCor" 0.0781592403214025 0.0301923545166788 0.0316532748965181 0.0297053810567324 0 0.0433406379352325 0.0603847090333577 0.0338446554662771 0.0367664962259557 0.0640370099829559 0.0747504261017775 0.0737764791818846 0.0277574872169467 0.0835159483808132 0.04163623082542
"derMaw" 0.0881421962503044 0.0392013635256879 0.0404187971755539 0.0389578767957146 0.0433406379352325 0 0.067445824202581 0.0428536644752861 0.0460189919649379 0.0715850986121256 0.0840029218407597 0.0805941076211346 0.0377404431458486 0.0893596299001704 0.0513757000243487
"emySub" 0.0900900900900901 0.0545410275140005 0.0550280009739469 0.0542975407840273 0.0603847090333577 0.067445824202581 0 0.0577063550036523 0.0616021426832238 0.0248356464572681 0.0579498417336255 0.0818115412710007 0.0542975407840273 0.0654979303627952 0.0669588507426345
"gopAga" 0.0766983199415632 0.0228877526174823 0.0155831507182859 0.0126613099586073 0.0338446554662771 0.0428536644752861 0.0577063550036523 0 0.0301923545166788 0.0637935232529827 0.0715850986121256 0.0706111516922328 0.0211833455076698 0.082055028000974 0.0353055758461164
"malTer" 0.0808375943511079 0.0131482834185537 0.0280009739469199 0.0260530801071342 0.0367664962259557 0.0460189919649379 0.0616021426832238 0.0301923545166788 0 0.0659849038227417 0.0749939128317507 0.0745069393718042 0.0231312393474556 0.0840029218407597 0.0306793279766253
"mesTub" 0.0937423910396883 0.059654248843438 0.059654248843438 0.0594107621134648 0.0640370099829559 0.0715850986121256 0.0248356464572681 0.0637935232529827 0.0659849038227417 0 0.059654248843438 0.0878987095203311 0.0594107621134648 0.0679327976625274 0.0706111516922328
"pelCas" 0.100560019478938 0.0684197711224738 0.0703676649622596 0.068663257852447 0.0747504261017775 0.0840029218407597 0.0579498417336255 0.0715850986121256 0.0749939128317507 0.059654248843438 0 0.0947163379595812 0.068663257852447 0.0538105673240808 0.0805941076211346
"pelSin" 0.0849768687606525 0.0676893109325542 0.0696372047723399 0.0691502313123935 0.0737764791818846 0.0805941076211346 0.0818115412710007 0.0706111516922328 0.0745069393718042 0.0878987095203311 0.0947163379595812 0 0.0664718772826881 0.100560019478938 0.0788897005113221
"plaMeg" 0.0740199659118578 0.0158266374482591 0.0182615047479912 0.0165570976381787 0.0277574872169467 0.0377404431458486 0.0542975407840273 0.0211833455076698 0.0231312393474556 0.0594107621134648 0.068663257852447 0.0664718772826881 0 0.0762113464816167 0.0284879474068663
"podExp" 0.105916727538349 0.0769418066715364 0.0781592403214025 0.0774287801314828 0.0835159483808132 0.0893596299001704 0.0654979303627952 0.082055028000974 0.0840029218407597 0.0679327976625274 0.0538105673240808 0.100560019478938 0.0762113464816167 0 0.088872656440224
"terMex" 0.0861943024105186 0.023618212807402 0.0328707085463842 0.0306793279766253 0.04163623082542 0.0513757000243487 0.0669588507426345 0.0353055758461164 0.0306793279766253 0.0706111516922328 0.0805941076211346 0.0788897005113221 0.0284879474068663 0.088872656440224 0
