"carIns" "cheAbi" "cheMyd" "cheSer" "chrPic" "cuoAmb" "cuoMcc" "derCor" "derMaw" "emySub" "gopAga" "malTer" "mesTub" "pelCas" "pelSin" "plaMeg" "podExp" "terMex"
"carIns" 0 0.112946190729888 0.108684070324987 0.117741076185402 0.104954714970698 0.114011720831113 0.110282365476825 0.110282365476825 0.150772509323388 0.133724027703783 0.113478955780501 0.111880660628663 0.124134256792754 0.145977623867874 0.118806606286628 0.100692594565796 0.153436334576452 0.114544485881726
"cheAbi" 0.112946190729888 0 0.0543420351624933 0.0612679808204582 0.0346297282898242 0.0277037826318593 0.0245071923281833 0.0586041555673948 0.0974960042621204 0.106553010122536 0.0255727224294086 0.0484816196057539 0.0942994139584443 0.12519978689398 0.102823654768247 0.0335641981885988 0.129994672349494 0.0538092701118807
"cheMyd" 0.108684070324987 0.0543420351624933 0 0.053276505061268 0.0394246137453383 0.0554075652637187 0.0511454448588173 0.0271710175812467 0.0916355887053809 0.104421949920085 0.0570058604155567 0.0522109749600426 0.0905700586041556 0.11720831113479 0.0990942994139584 0.0383590836441129 0.126265316995205 0.0559403303143314
"cheSer" 0.117741076185402 0.0612679808204582 0.053276505061268 0 0.0458177943526905 0.0612679808204582 0.0580713905167821 0.0564730953649441 0.0927011188066063 0.106020245071923 0.0655301012253596 0.0474160895045285 0.0980287693127331 0.120937666489078 0.107618540223761 0.0442194992008524 0.129994672349494 0.0495471497069792
"chrPic" 0.104954714970698 0.0346297282898242 0.0394246137453383 0.0458177943526905 0 0.0362280234416622 0.0330314331379861 0.0431539690996271 0.0879062333510922 0.0996270644645711 0.0383590836441129 0.0223761321257326 0.0879062333510922 0.109216835375599 0.0868407032498668 0.0207778369738945 0.121470431539691 0.0351624933404369
"cuoAmb" 0.114011720831113 0.0277037826318593 0.0554075652637187 0.0612679808204582 0.0362280234416622 0 0.0127863612147043 0.0596696856686201 0.0996270644645711 0.110815130527437 0.0271710175812467 0.0500799147575919 0.0996270644645711 0.123601491742142 0.0996270644645711 0.0340969632392115 0.130527437400107 0.0543420351624933
"cuoMcc" 0.110282365476825 0.0245071923281833 0.0511454448588173 0.0580713905167821 0.0330314331379861 0.0127863612147043 0 0.0559403303143314 0.0953649440596697 0.108151305274374 0.0245071923281833 0.0452850293020778 0.0974960042621204 0.122535961640916 0.0958977091102824 0.0309003729355354 0.126265316995205 0.0500799147575919
"derCor" 0.110282365476825 0.0586041555673948 0.0271710175812467 0.0564730953649441 0.0431539690996271 0.0596696856686201 0.0559403303143314 0 0.0942994139584443 0.110282365476825 0.0618007458710709 0.0527437400106553 0.0953649440596697 0.126798082045818 0.102290889717635 0.0431539690996271 0.134789557805008 0.0618007458710709
"derMaw" 0.150772509323388 0.0974960042621204 0.0916355887053809 0.0927011188066063 0.0879062333510922 0.0996270644645711 0.0953649440596697 0.0942994139584443 0 0.148641449120938 0.101758124667022 0.101758124667022 0.135322322855621 0.160895045285029 0.142781033564198 0.0852424080980288 0.17687799680341 0.106020245071923
"emySub" 0.133724027703783 0.106553010122536 0.104421949920085 0.106020245071923 0.0996270644645711 0.110815130527437 0.108151305274374 0.110282365476825 0.148641449120938 0 0.110815130527437 0.0985615343633458 0.0612679808204582 0.0953649440596697 0.136387852956846 0.0942994139584443 0.114011720831113 0.100692594565796
"gopAga" 0.113478955780501 0.0255727224294086 0.0570058604155567 0.0655301012253596 0.0383590836441129 0.0271710175812467 0.0245071923281833 0.0618007458710709 0.101758124667022 0.110815130527437 0 0.0522109749600426 0.0990942994139584 0.129461907298881 0.102823654768247 0.0372935535428876 0.133724027703783 0.0564730953649441
"malTer" 0.111880660628663 0.0484816196057539 0.0522109749600426 0.0474160895045285 0.0223761321257326 0.0500799147575919 0.0452850293020778 0.0527437400106553 0.101758124667022 0.0985615343633458 0.0522109749600426 0 0.0958977091102824 0.11134789557805 0.0990942994139584 0.0335641981885988 0.12519978689398 0.0298348428343101
"mesTub" 0.124134256792754 0.0942994139584443 0.0905700586041556 0.0980287693127331 0.0879062333510922 0.0996270644645711 0.0974960042621204 0.0953649440596697 0.135322322855621 0.0612679808204582 0.0990942994139584 0.0958977091102824 0 0.102823654768247 0.126265316995205 0.0825785828449654 0.112413425679275 0.100692594565796
"pelCas" 0.145977623867874 0.12519978689398 0.11720831113479 0.120937666489078 0.109216835375599 0.123601491742142 0.122535961640916 0.126798082045818 0.160895045285029 0.0953649440596697 0.129461907298881 0.11134789557805 0.102823654768247 0 0.144912093766649 0.110815130527437 0.104954714970698 0.109749600426212
"pelSin" 0.118806606286628 0.102823654768247 0.0990942994139584 0.107618540223761 0.0868407032498668 0.0996270644645711 0.0958977091102824 0.102290889717635 0.142781033564198 0.136387852956846 0.102823654768247 0.0990942994139584 0.126265316995205 0.144912093766649 0 0.0879062333510922 0.152903569525839 0.100692594565796
"plaMeg" 0.100692594565796 0.0335641981885988 0.0383590836441129 0.0442194992008524 0.0207778369738945 0.0340969632392115 0.0309003729355354 0.0431539690996271 0.0852424080980288 0.0942994139584443 0.0372935535428876 0.0335641981885988 0.0825785828449654 0.110815130527437 0.0879062333510922 0 0.118806606286628 0.0367607884922749
"podExp" 0.153436334576452 0.129994672349494 0.126265316995205 0.129994672349494 0.121470431539691 0.130527437400107 0.126265316995205 0.134789557805008 0.17687799680341 0.114011720831113 0.133724027703783 0.12519978689398 0.112413425679275 0.104954714970698 0.152903569525839 0.118806606286628 0 0.12519978689398
"terMex" 0.114544485881726 0.0538092701118807 0.0559403303143314 0.0495471497069792 0.0351624933404369 0.0543420351624933 0.0500799147575919 0.0618007458710709 0.106020245071923 0.100692594565796 0.0564730953649441 0.0298348428343101 0.100692594565796 0.109749600426212 0.100692594565796 0.0367607884922749 0.12519978689398 0
