"carIns" "cheAbi" "cheMyd" "cheSer" "chrPic" "cuoAmb" "cuoMcc" "derCor" "derMaw" "emySub" "gopAga" "malTer" "mesTub" "pelCas" "pelSin" "plaMeg" "podExp" "terMex"
"carIns" 0 0.0827338129496403 0.108812949640288 0.0809352517985611 0.0845323741007194 0.223021582733813 0.0890287769784173 0.0782374100719424 0.091726618705036 0.0872302158273381 0.0773381294964029 0.0899280575539568 0.0863309352517986 0.102517985611511 0.20863309352518 0.0773381294964029 0.16636690647482 0.0809352517985611
"cheAbi" 0.0827338129496403 0 0.0701438848920863 0.0377697841726619 0.0278776978417266 0.177158273381295 0.033273381294964 0.0368705035971223 0.0593525179856115 0.0656474820143885 0.0152877697841727 0.0341726618705036 0.0602517985611511 0.0845323741007194 0.205035971223022 0.0242805755395683 0.150179856115108 0.0287769784172662
"cheMyd" 0.108812949640288 0.0701438848920863 0 0.0620503597122302 0.0674460431654676 0.193345323741007 0.0746402877697842 0.039568345323741 0.085431654676259 0.0908273381294964 0.0638489208633094 0.0719424460431655 0.0818345323741007 0.107913669064748 0.212230215827338 0.0584532374100719 0.171762589928058 0.0611510791366906
"cheSer" 0.0809352517985611 0.0377697841726619 0.0620503597122302 0 0.0341726618705036 0.186151079136691 0.0440647482014388 0.0296762589928058 0.0530575539568345 0.0665467625899281 0.0323741007194245 0.0386690647482014 0.0611510791366906 0.0809352517985611 0.203237410071942 0.0287769784172662 0.14658273381295 0.0314748201438849
"chrPic" 0.0845323741007194 0.0278776978417266 0.0674460431654676 0.0341726618705036 0 0.180755395683453 0.0386690647482014 0.0341726618705036 0.0566546762589928 0.0674460431654676 0.0251798561151079 0.00989208633093525 0.0620503597122302 0.085431654676259 0.209532374100719 0.0170863309352518 0.152877697841727 0.0161870503597122
"cuoAmb" 0.223021582733813 0.177158273381295 0.193345323741007 0.186151079136691 0.180755395683453 0 0.16636690647482 0.18705035971223 0.201438848920863 0.213129496402878 0.175359712230216 0.188848920863309 0.209532374100719 0.220323741007194 0.237410071942446 0.178956834532374 0.278776978417266 0.178057553956835
"cuoMcc" 0.0890287769784173 0.033273381294964 0.0746402877697842 0.0440647482014388 0.0386690647482014 0.16636690647482 0 0.0404676258992806 0.0620503597122302 0.0764388489208633 0.0278776978417266 0.0449640287769784 0.072841726618705 0.091726618705036 0.210431654676259 0.033273381294964 0.155575539568345 0.0368705035971223
"derCor" 0.0782374100719424 0.0368705035971223 0.039568345323741 0.0296762589928058 0.0341726618705036 0.18705035971223 0.0404676258992806 0 0.0539568345323741 0.0584532374100719 0.0323741007194245 0.0404676258992806 0.0512589928057554 0.0773381294964029 0.198741007194245 0.026978417266187 0.142086330935252 0.0323741007194245
"derMaw" 0.091726618705036 0.0593525179856115 0.085431654676259 0.0530575539568345 0.0566546762589928 0.201438848920863 0.0620503597122302 0.0539568345323741 0 0.0809352517985611 0.0557553956834532 0.0620503597122302 0.0764388489208633 0.0962230215827338 0.218525179856115 0.0476618705035971 0.164568345323741 0.052158273381295
"emySub" 0.0872302158273381 0.0656474820143885 0.0908273381294964 0.0665467625899281 0.0674460431654676 0.213129496402878 0.0764388489208633 0.0584532374100719 0.0809352517985611 0 0.0638489208633094 0.0719424460431655 0.0278776978417266 0.0629496402877698 0.209532374100719 0.0602517985611511 0.134892086330935 0.0629496402877698
"gopAga" 0.0773381294964029 0.0152877697841727 0.0638489208633094 0.0323741007194245 0.0251798561151079 0.175359712230216 0.0278776978417266 0.0323741007194245 0.0557553956834532 0.0638489208633094 0 0.0314748201438849 0.0584532374100719 0.0818345323741007 0.201438848920863 0.0197841726618705 0.147482014388489 0.0224820143884892
"malTer" 0.0899280575539568 0.0341726618705036 0.0719424460431655 0.0386690647482014 0.00989208633093525 0.188848920863309 0.0449640287769784 0.0404676258992806 0.0620503597122302 0.0719424460431655 0.0314748201438849 0 0.0692446043165468 0.0899280575539568 0.217625899280576 0.0233812949640288 0.149280575539568 0.0206834532374101
"mesTub" 0.0863309352517986 0.0602517985611511 0.0818345323741007 0.0611510791366906 0.0620503597122302 0.209532374100719 0.072841726618705 0.0512589928057554 0.0764388489208633 0.0278776978417266 0.0584532374100719 0.0692446043165468 0 0.0557553956834532 0.206834532374101 0.0548561151079137 0.131294964028777 0.0593525179856115
"pelCas" 0.102517985611511 0.0845323741007194 0.107913669064748 0.0809352517985611 0.085431654676259 0.220323741007194 0.091726618705036 0.0773381294964029 0.0962230215827338 0.0629496402877698 0.0818345323741007 0.0899280575539568 0.0557553956834532 0 0.222122302158273 0.0782374100719424 0.133992805755396 0.0818345323741007
"pelSin" 0.20863309352518 0.205035971223022 0.212230215827338 0.203237410071942 0.209532374100719 0.237410071942446 0.210431654676259 0.198741007194245 0.218525179856115 0.209532374100719 0.201438848920863 0.217625899280576 0.206834532374101 0.222122302158273 0 0.204136690647482 0.279676258992806 0.206834532374101
"plaMeg" 0.0773381294964029 0.0242805755395683 0.0584532374100719 0.0287769784172662 0.0170863309352518 0.178956834532374 0.033273381294964 0.026978417266187 0.0476618705035971 0.0602517985611511 0.0197841726618705 0.0233812949640288 0.0548561151079137 0.0782374100719424 0.204136690647482 0 0.147482014388489 0.0161870503597122
"podExp" 0.16636690647482 0.150179856115108 0.171762589928058 0.14658273381295 0.152877697841727 0.278776978417266 0.155575539568345 0.142086330935252 0.164568345323741 0.134892086330935 0.147482014388489 0.149280575539568 0.131294964028777 0.133992805755396 0.279676258992806 0.147482014388489 0 0.150179856115108
"terMex" 0.0809352517985611 0.0287769784172662 0.0611510791366906 0.0314748201438849 0.0161870503597122 0.178057553956835 0.0368705035971223 0.0323741007194245 0.052158273381295 0.0629496402877698 0.0224820143884892 0.0206834532374101 0.0593525179856115 0.0818345323741007 0.206834532374101 0.0161870503597122 0.150179856115108 0
