"carIns" "cheAbi" "cheMyd" "cheSer" "chrPic" "cuoAmb" "cuoMcc" "derCor" "derMaw" "gopAga" "malTer" "mesTub" "pelCas" "pelSin" "plaMeg" "podExp" "terMex"
"carIns" 0 0.0687203791469194 0.0924170616113744 0.0616113744075829 0.0639810426540284 0.0639810426540284 0.0639810426540284 0.0679304897314376 0.0687203791469194 0.0797788309636651 0.0655608214849921 0.0624012638230648 0.0774091627172196 0.0963665086887836 0.0647709320695103 0.0805687203791469 0.0639810426540284
"cheAbi" 0.0687203791469194 0 0.0655608214849921 0.0292259083728278 0.0181674565560821 0.0157977883096366 0.0157977883096366 0.037914691943128 0.0363349131121643 0.028436018957346 0.0213270142180095 0.042654028436019 0.0608214849921011 0.0947867298578199 0.0181674565560821 0.0639810426540284 0.0150078988941548
"cheMyd" 0.0924170616113744 0.0655608214849921 0 0.0545023696682464 0.0616113744075829 0.0576619273301738 0.0584518167456556 0.0521327014218009 0.0655608214849921 0.0742496050552923 0.0616113744075829 0.0742496050552923 0.0860979462875198 0.0963665086887836 0.0600315955766193 0.0916271721958926 0.0568720379146919
"cheSer" 0.0616113744075829 0.0292259083728278 0.0545023696682464 0 0.023696682464455 0.0213270142180095 0.0213270142180095 0.0268562401263823 0.0252764612954186 0.037914691943128 0.0252764612954186 0.037914691943128 0.0513428120063191 0.0868878357030016 0.0213270142180095 0.0560821484992101 0.018957345971564
"chrPic" 0.0639810426540284 0.0181674565560821 0.0616113744075829 0.023696682464455 0 0.0134281200631912 0.0134281200631912 0.0300157977883096 0.0315955766192733 0.0300157977883096 0.004739336492891 0.0410742496050553 0.0568720379146919 0.0884676145339652 0.0110584518167457 0.0600315955766193 0.00789889415481832
"cuoAmb" 0.0639810426540284 0.0157977883096366 0.0576619273301738 0.0213270142180095 0.0134281200631912 0 0.00315955766192733 0.0323854660347551 0.0315955766192733 0.0268562401263823 0.0150078988941548 0.0394944707740916 0.0545023696682464 0.0876777251184834 0.0118483412322275 0.0600315955766193 0.00868878357030016
"cuoMcc" 0.0639810426540284 0.0157977883096366 0.0584518167456556 0.0213270142180095 0.0134281200631912 0.00315955766192733 0 0.0323854660347551 0.0315955766192733 0.0252764612954186 0.0150078988941548 0.0387045813586098 0.0560821484992101 0.0860979462875198 0.0102685624012638 0.0600315955766193 0.00710900473933649
"derCor" 0.0679304897314376 0.037914691943128 0.0521327014218009 0.0268562401263823 0.0300157977883096 0.0323854660347551 0.0323854660347551 0 0.0347551342812006 0.0450236966824645 0.0300157977883096 0.04739336492891 0.0624012638230648 0.0932069510268562 0.0300157977883096 0.0679304897314376 0.028436018957346
"derMaw" 0.0687203791469194 0.0363349131121643 0.0655608214849921 0.0252764612954186 0.0315955766192733 0.0315955766192733 0.0315955766192733 0.0347551342812006 0 0.0450236966824645 0.033175355450237 0.0450236966824645 0.0576619273301738 0.0900473933649289 0.0308056872037915 0.0592417061611374 0.0268562401263823
"gopAga" 0.0797788309636651 0.028436018957346 0.0742496050552923 0.037914691943128 0.0300157977883096 0.0268562401263823 0.0252764612954186 0.0450236966824645 0.0450236966824645 0 0.0315955766192733 0.0529225908372828 0.0695102685624013 0.102685624012638 0.0268562401263823 0.0734597156398104 0.023696682464455
"malTer" 0.0655608214849921 0.0213270142180095 0.0616113744075829 0.0252764612954186 0.004739336492891 0.0150078988941548 0.0150078988941548 0.0300157977883096 0.033175355450237 0.0315955766192733 0 0.042654028436019 0.0584518167456556 0.0900473933649289 0.0126382306477093 0.0631911532385466 0.00947867298578199
"mesTub" 0.0624012638230648 0.042654028436019 0.0742496050552923 0.037914691943128 0.0410742496050553 0.0394944707740916 0.0387045813586098 0.04739336492891 0.0450236966824645 0.0529225908372828 0.042654028436019 0 0.0513428120063191 0.0853080568720379 0.0387045813586098 0.04739336492891 0.0371248025276461
"pelCas" 0.0774091627172196 0.0608214849921011 0.0860979462875198 0.0513428120063191 0.0568720379146919 0.0545023696682464 0.0560821484992101 0.0624012638230648 0.0576619273301738 0.0695102685624013 0.0584518167456556 0.0513428120063191 0 0.100315955766193 0.0552922590837283 0.0608214849921011 0.0537124802527646
"pelSin" 0.0963665086887836 0.0947867298578199 0.0963665086887836 0.0868878357030016 0.0884676145339652 0.0876777251184834 0.0860979462875198 0.0932069510268562 0.0900473933649289 0.102685624012638 0.0900473933649289 0.0853080568720379 0.100315955766193 0 0.0860979462875198 0.101105845181675 0.0860979462875198
"plaMeg" 0.0647709320695103 0.0181674565560821 0.0600315955766193 0.0213270142180095 0.0110584518167457 0.0118483412322275 0.0102685624012638 0.0300157977883096 0.0308056872037915 0.0268562401263823 0.0126382306477093 0.0387045813586098 0.0552922590837283 0.0860979462875198 0 0.0592417061611374 0.00631911532385466
"podExp" 0.0805687203791469 0.0639810426540284 0.0916271721958926 0.0560821484992101 0.0600315955766193 0.0600315955766193 0.0600315955766193 0.0679304897314376 0.0592417061611374 0.0734597156398104 0.0631911532385466 0.04739336492891 0.0608214849921011 0.101105845181675 0.0592417061611374 0 0.0584518167456556
"terMex" 0.0639810426540284 0.0150078988941548 0.0568720379146919 0.018957345971564 0.00789889415481832 0.00868878357030016 0.00710900473933649 0.028436018957346 0.0268562401263823 0.023696682464455 0.00947867298578199 0.0371248025276461 0.0537124802527646 0.0860979462875198 0.00631911532385466 0.0584518167456556 0
