"carIns" "cheAbi" "cheMyd" "cheSer" "chrPic" "cuoAmb" "cuoMcc" "derCor" "derMaw" "emySub" "gopAga" "malTer" "mesTub" "pelCas" "pelSin" "plaMeg" "podExp"
"carIns" 0 0.0887728459530026 0.130548302872063 0.0848563968668407 0.0861618798955614 0.0848563968668407 0.0900783289817232 0.0835509138381201 0.0809399477806789 0.0900783289817232 0.109660574412533 0.0887728459530026 0.0992167101827676 0.105744125326371 0.107049608355091 0.135770234986945 0.114882506527415
"cheAbi" 0.0887728459530026 0 0.0939947780678851 0.0496083550913838 0.0287206266318538 0.02088772845953 0.0274151436031332 0.04177545691906 0.0469973890339426 0.0613577023498695 0.0509138381201044 0.0300261096605744 0.0757180156657963 0.0822454308093995 0.116187989556136 0.0926892950391645 0.0835509138381201
"cheMyd" 0.130548302872063 0.0939947780678851 0 0.0926892950391645 0.0900783289817232 0.0848563968668407 0.0900783289817232 0.0809399477806789 0.0900783289817232 0.118798955613577 0.122715404699739 0.0900783289817232 0.126631853785901 0.130548302872063 0.156657963446475 0.147519582245431 0.137075718015666
"cheSer" 0.0848563968668407 0.0496083550913838 0.0926892950391645 0 0.0404699738903394 0.04177545691906 0.0443864229765013 0.0391644908616188 0.0339425587467363 0.0652741514360313 0.0691906005221932 0.0404699738903394 0.0704960835509138 0.0783289817232376 0.109660574412533 0.0926892950391645 0.0900783289817232
"chrPic" 0.0861618798955614 0.0287206266318538 0.0900783289817232 0.0404699738903394 0 0.0234986945169713 0.0274151436031332 0.0326370757180157 0.0391644908616188 0.0626631853785901 0.056135770234987 0.00522193211488251 0.0757180156657963 0.077023498694517 0.107049608355091 0.0835509138381201 0.0861618798955614
"cuoAmb" 0.0848563968668407 0.02088772845953 0.0848563968668407 0.04177545691906 0.0234986945169713 0 0.010443864229765 0.031331592689295 0.0404699738903394 0.0613577023498695 0.0496083550913838 0.0261096605744125 0.0731070496083551 0.0822454308093995 0.107049608355091 0.0848563968668407 0.0809399477806789
"cuoMcc" 0.0900783289817232 0.0274151436031332 0.0900783289817232 0.0443864229765013 0.0274151436031332 0.010443864229765 0 0.0365535248041775 0.0430809399477807 0.0626631853785901 0.0522193211488251 0.0274151436031332 0.0744125326370757 0.0835509138381201 0.110966057441253 0.087467362924282 0.0835509138381201
"derCor" 0.0835509138381201 0.04177545691906 0.0809399477806789 0.0391644908616188 0.0326370757180157 0.031331592689295 0.0365535248041775 0 0.0378590078328982 0.0652741514360313 0.0639686684073107 0.0326370757180157 0.077023498694517 0.0796344647519582 0.101827676240209 0.0861618798955614 0.0809399477806789
"derMaw" 0.0809399477806789 0.0469973890339426 0.0900783289817232 0.0339425587467363 0.0391644908616188 0.0404699738903394 0.0430809399477807 0.0378590078328982 0 0.066579634464752 0.0731070496083551 0.0391644908616188 0.0652741514360313 0.0809399477806789 0.108355091383812 0.0887728459530026 0.0861618798955614
"emySub" 0.0900783289817232 0.0613577023498695 0.118798955613577 0.0652741514360313 0.0626631853785901 0.0613577023498695 0.0626631853785901 0.0652741514360313 0.066579634464752 0 0.0900783289817232 0.0639686684073107 0.0378590078328982 0.0678851174934726 0.117493472584856 0.109660574412533 0.0639686684073107
"gopAga" 0.109660574412533 0.0509138381201044 0.122715404699739 0.0691906005221932 0.056135770234987 0.0496083550913838 0.0522193211488251 0.0639686684073107 0.0731070496083551 0.0900783289817232 0 0.056135770234987 0.0992167101827676 0.105744125326371 0.117493472584856 0.116187989556136 0.100522193211488
"malTer" 0.0887728459530026 0.0300261096605744 0.0900783289817232 0.0404699738903394 0.00522193211488251 0.0261096605744125 0.0274151436031332 0.0326370757180157 0.0391644908616188 0.0639686684073107 0.056135770234987 0 0.0744125326370757 0.0783289817232376 0.109660574412533 0.0848563968668407 0.0861618798955614
"mesTub" 0.0992167101827676 0.0757180156657963 0.126631853785901 0.0704960835509138 0.0757180156657963 0.0731070496083551 0.0744125326370757 0.077023498694517 0.0652741514360313 0.0378590078328982 0.0992167101827676 0.0744125326370757 0 0.0783289817232376 0.127937336814621 0.121409921671018 0.0796344647519582
"pelCas" 0.105744125326371 0.0822454308093995 0.130548302872063 0.0783289817232376 0.077023498694517 0.0822454308093995 0.0835509138381201 0.0796344647519582 0.0809399477806789 0.0678851174934726 0.105744125326371 0.0783289817232376 0.0783289817232376 0 0.127937336814621 0.130548302872063 0.0600522193211488
"pelSin" 0.107049608355091 0.116187989556136 0.156657963446475 0.109660574412533 0.107049608355091 0.107049608355091 0.110966057441253 0.101827676240209 0.108355091383812 0.117493472584856 0.117493472584856 0.109660574412533 0.127937336814621 0.127937336814621 0 0.161879895561358 0.127937336814621
"plaMeg" 0.135770234986945 0.0926892950391645 0.147519582245431 0.0926892950391645 0.0835509138381201 0.0848563968668407 0.087467362924282 0.0861618798955614 0.0887728459530026 0.109660574412533 0.116187989556136 0.0848563968668407 0.121409921671018 0.130548302872063 0.161879895561358 0 0.133159268929504
"podExp" 0.114882506527415 0.0835509138381201 0.137075718015666 0.0900783289817232 0.0861618798955614 0.0809399477806789 0.0835509138381201 0.0809399477806789 0.0861618798955614 0.0639686684073107 0.100522193211488 0.0861618798955614 0.0796344647519582 0.0600522193211488 0.127937336814621 0.133159268929504 0
