"carIns" "cheAbi" "cheMyd" "cheSer" "chrPic" "cuoMcc" "derMaw" "emySub" "gopAga" "malTer" "mesTub" "pelCas" "plaMeg" "podExp" "terMex"
"carIns" 0 0.112321877619447 0.152556580050293 0.104777870913663 0.113160100586756 0.146689019279128 0.113998323554065 0.140821458507963 0.155071248952221 0.111483654652137 0.140821458507963 0.159262363788768 0.103101424979044 0.167644593461861 0.101424979044426
"cheAbi" 0.112321877619447 0 0.113998323554065 0.0536462699077955 0.046940486169321 0.0905280804694049 0.066219614417435 0.107292539815591 0.0838222967309304 0.0502933780385583 0.10896898575021 0.126571668063705 0.0402347024308466 0.142497904442582 0.0402347024308466
"cheMyd" 0.152556580050293 0.113998323554065 0 0.09639564124057 0.0955574182732607 0.057837384744342 0.111483654652137 0.136630343671417 0.0603520536462699 0.100586756077117 0.1441743503772 0.165968147527242 0.0989103101424979 0.185247275775356 0.0930427493713328
"cheSer" 0.104777870913663 0.0536462699077955 0.09639564124057 0 0.0444258172673931 0.0947191953059514 0.0502933780385583 0.0871751886001676 0.0938809723386421 0.0461022632020117 0.0972338642078793 0.119027661357921 0.038558256496228 0.136630343671417 0.0360435875943001
"chrPic" 0.113160100586756 0.046940486169321 0.0955574182732607 0.0444258172673931 0 0.0930427493713328 0.0553227158424141 0.0938809723386421 0.0888516345347863 0.0100586756077117 0.100586756077117 0.12070410729254 0.0326906957250629 0.138306789606035 0.0150880134115675
"cuoMcc" 0.146689019279128 0.0905280804694049 0.057837384744342 0.0947191953059514 0.0930427493713328 0 0.113998323554065 0.14501257334451 0.0377200335289187 0.0980720871751886 0.152556580050293 0.167644593461861 0.0922045264040235 0.181894383906119 0.088013411567477
"derMaw" 0.113998323554065 0.066219614417435 0.111483654652137 0.0502933780385583 0.0553227158424141 0.113998323554065 0 0.101424979044426 0.113998323554065 0.0569991617770327 0.10896898575021 0.129086336965633 0.0528080469404862 0.150041911148365 0.0486169321039397
"emySub" 0.140821458507963 0.107292539815591 0.136630343671417 0.0871751886001676 0.0938809723386421 0.14501257334451 0.101424979044426 0 0.148365465213747 0.0955574182732607 0.0519698239731769 0.114836546521375 0.0888516345347863 0.12070410729254 0.0871751886001676
"gopAga" 0.155071248952221 0.0838222967309304 0.0603520536462699 0.0938809723386421 0.0888516345347863 0.0377200335289187 0.113998323554065 0.148365465213747 0 0.0938809723386421 0.153394803017603 0.162615255658005 0.0922045264040235 0.176026823134954 0.0863369656328583
"malTer" 0.111483654652137 0.0502933780385583 0.100586756077117 0.0461022632020117 0.0100586756077117 0.0980720871751886 0.0569991617770327 0.0955574182732607 0.0938809723386421 0 0.103939647946354 0.124056999161777 0.0360435875943001 0.142497904442582 0.0167644593461861
"mesTub" 0.140821458507963 0.10896898575021 0.1441743503772 0.0972338642078793 0.100586756077117 0.152556580050293 0.10896898575021 0.0519698239731769 0.153394803017603 0.103939647946354 0 0.1081307627829 0.0938809723386421 0.124895222129086 0.0922045264040235
"pelCas" 0.159262363788768 0.126571668063705 0.165968147527242 0.119027661357921 0.12070410729254 0.167644593461861 0.129086336965633 0.114836546521375 0.162615255658005 0.124056999161777 0.1081307627829 0 0.118189438390612 0.0989103101424979 0.114836546521375
"plaMeg" 0.103101424979044 0.0402347024308466 0.0989103101424979 0.038558256496228 0.0326906957250629 0.0922045264040235 0.0528080469404862 0.0888516345347863 0.0922045264040235 0.0360435875943001 0.0938809723386421 0.118189438390612 0 0.139983235540654 0.0226320201173512
"podExp" 0.167644593461861 0.142497904442582 0.185247275775356 0.136630343671417 0.138306789606035 0.181894383906119 0.150041911148365 0.12070410729254 0.176026823134954 0.142497904442582 0.124895222129086 0.0989103101424979 0.139983235540654 0 0.134115674769489
"terMex" 0.101424979044426 0.0402347024308466 0.0930427493713328 0.0360435875943001 0.0150880134115675 0.088013411567477 0.0486169321039397 0.0871751886001676 0.0863369656328583 0.0167644593461861 0.0922045264040235 0.114836546521375 0.0226320201173512 0.134115674769489 0
