"carIns" "cheAbi" "cheMyd" "chrPic" "cuoAmb" "cuoMcc" "derMaw" "emySub" "gopAga" "malTer" "mesTub" "pelCas" "pelSin" "plaMeg" "podExp" "terMex"
"carIns" 0 0.0693352394567548 0.119370979270908 0.0714796283059328 0.0693352394567548 0.0679056468906362 0.0743388134381701 0.0829163688348821 0.0693352394567548 0.130092923516798 0.0829163688348821 0.0964974982130093 0.107219442458899 0.0721944245889921 0.102215868477484 0.0707648320228735
"cheAbi" 0.0693352394567548 0 0.0750536097212294 0.0164403145103645 0.00929235167977126 0.00786275911365261 0.0243030736240172 0.0493209435310936 0.00857755539671194 0.0771979985704074 0.0486061472480343 0.0657612580414582 0.0864903502501787 0.0171551107934239 0.0750536097212294 0.0164403145103645
"cheMyd" 0.119370979270908 0.0750536097212294 0 0.0786275911365261 0.0771979985704074 0.0764832022873481 0.0786275911365261 0.100786275911365 0.0779127948534668 0.139385275196569 0.100071479628306 0.112937812723374 0.130092923516798 0.0793423874195854 0.121515368120086 0.0800571837026448
"chrPic" 0.0714796283059328 0.0164403145103645 0.0786275911365261 0 0.0164403145103645 0.0157255182273052 0.0293066476054325 0.0528949249463903 0.0185847033595425 0.0679056468906362 0.0507505360972123 0.0686204431736955 0.0879199428162974 0.0185847033595425 0.0786275911365261 0.0100071479628306
"cuoAmb" 0.0693352394567548 0.00929235167977126 0.0771979985704074 0.0164403145103645 0 0.0050035739814153 0.0278770550393138 0.052180128663331 0.0114367405289492 0.0779127948534668 0.050035739814153 0.0693352394567548 0.087205146533238 0.0157255182273052 0.0800571837026448 0.0164403145103645
"cuoMcc" 0.0679056468906362 0.00786275911365261 0.0764832022873481 0.0157255182273052 0.0050035739814153 0 0.0257326661901358 0.0514653323802716 0.00786275911365261 0.0771979985704074 0.0493209435310936 0.0671908506075768 0.0836311651179414 0.0128663330950679 0.0779127948534668 0.0157255182273052
"derMaw" 0.0743388134381701 0.0243030736240172 0.0786275911365261 0.0293066476054325 0.0278770550393138 0.0257326661901358 0 0.0536097212294496 0.0271622587562545 0.0886347390993567 0.052180128663331 0.0693352394567548 0.0864903502501787 0.0300214438884918 0.0793423874195854 0.0300214438884918
"emySub" 0.0829163688348821 0.0493209435310936 0.100786275911365 0.0528949249463903 0.052180128663331 0.0514653323802716 0.0536097212294496 0 0.0528949249463903 0.113652609006433 0.0221586847748392 0.0629020729092209 0.093638313080772 0.0557541100786276 0.0729092208720515 0.0543245175125089
"gopAga" 0.0693352394567548 0.00857755539671194 0.0779127948534668 0.0185847033595425 0.0114367405289492 0.00786275911365261 0.0271622587562545 0.0528949249463903 0 0.0793423874195854 0.052180128663331 0.0686204431736955 0.0879199428162974 0.0171551107934239 0.0793423874195854 0.0185847033595425
"malTer" 0.130092923516798 0.0771979985704074 0.139385275196569 0.0679056468906362 0.0779127948534668 0.0771979985704074 0.0886347390993567 0.113652609006433 0.0793423874195854 0 0.110078627591137 0.12723373838456 0.147962830593281 0.0793423874195854 0.134381701215154 0.0736240171551108
"mesTub" 0.0829163688348821 0.0486061472480343 0.100071479628306 0.0507505360972123 0.050035739814153 0.0493209435310936 0.052180128663331 0.0221586847748392 0.052180128663331 0.110078627591137 0 0.0643316654753395 0.0922087205146533 0.0536097212294496 0.0736240171551108 0.0507505360972123
"pelCas" 0.0964974982130093 0.0657612580414582 0.112937812723374 0.0686204431736955 0.0693352394567548 0.0671908506075768 0.0693352394567548 0.0629020729092209 0.0686204431736955 0.12723373838456 0.0643316654753395 0 0.111508220157255 0.0686204431736955 0.0650464617583989 0.0679056468906362
"pelSin" 0.107219442458899 0.0864903502501787 0.130092923516798 0.0879199428162974 0.087205146533238 0.0836311651179414 0.0864903502501787 0.093638313080772 0.0879199428162974 0.147962830593281 0.0922087205146533 0.111508220157255 0 0.089349535382416 0.113652609006433 0.0900643316654753
"plaMeg" 0.0721944245889921 0.0171551107934239 0.0793423874195854 0.0185847033595425 0.0157255182273052 0.0128663330950679 0.0300214438884918 0.0557541100786276 0.0171551107934239 0.0793423874195854 0.0536097212294496 0.0686204431736955 0.089349535382416 0 0.0800571837026448 0.0185847033595425
"podExp" 0.102215868477484 0.0750536097212294 0.121515368120086 0.0786275911365261 0.0800571837026448 0.0779127948534668 0.0793423874195854 0.0729092208720515 0.0793423874195854 0.134381701215154 0.0736240171551108 0.0650464617583989 0.113652609006433 0.0800571837026448 0 0.0793423874195854
"terMex" 0.0707648320228735 0.0164403145103645 0.0800571837026448 0.0100071479628306 0.0164403145103645 0.0157255182273052 0.0300214438884918 0.0543245175125089 0.0185847033595425 0.0736240171551108 0.0507505360972123 0.0679056468906362 0.0900643316654753 0.0185847033595425 0.0793423874195854 0
