"carIns" "cheAbi" "cheMyd" "cheSer" "chrPic" "cuoAmb" "cuoMcc" "derMaw" "emySub" "gopAga" "malTer" "mesTub" "pelCas" "pelSin" "plaMeg" "podExp" "terMex"
"carIns" 0 0.0910064239828694 0.082441113490364 0.0845824411134904 0.0877944325481799 0.176659528907923 0.0835117773019272 0.112419700214133 0.101713062098501 0.0899357601713062 0.176659528907923 0.105995717344754 0.133832976445396 0.0942184154175589 0.0813704496788009 0.127408993576017 0.0856531049250535
"cheAbi" 0.0910064239828694 0 0.0374732334047109 0.0449678800856531 0.0406852248394004 0.124197002141328 0.0203426124197002 0.0674518201284797 0.0792291220556745 0.019271948608137 0.145610278372591 0.082441113490364 0.110278372591006 0.0877944325481799 0.0321199143468951 0.115631691648822 0.0342612419700214
"cheMyd" 0.082441113490364 0.0374732334047109 0 0.0235546038543897 0.0246252676659529 0.126338329764454 0.0256959314775161 0.0556745182012848 0.0674518201284797 0.0406852248394004 0.13169164882227 0.069593147751606 0.0942184154175589 0.0802997858672377 0.0160599571734475 0.0985010706638116 0.0224839400428266
"cheSer" 0.0845824411134904 0.0449678800856531 0.0235546038543897 0 0.0278372591006424 0.130620985010707 0.0310492505353319 0.0546038543897216 0.0663811563169165 0.0460385438972163 0.137044967880086 0.0717344753747323 0.0974304068522484 0.0813704496788009 0.019271948608137 0.0963597430406852 0.0256959314775161
"chrPic" 0.0877944325481799 0.0406852248394004 0.0246252676659529 0.0278372591006424 0 0.127408993576017 0.0246252676659529 0.056745182012848 0.0706638115631692 0.0417558886509636 0.116702355460385 0.069593147751606 0.095289079229122 0.0856531049250535 0.0149892933618844 0.100642398286938 0.0107066381156317
"cuoAmb" 0.176659528907923 0.124197002141328 0.126338329764454 0.130620985010707 0.127408993576017 0 0.107066381156317 0.153104925053533 0.158458244111349 0.12847965738758 0.230192719486081 0.164882226980728 0.184154175588865 0.173447537473233 0.118843683083512 0.198072805139186 0.125267665952891
"cuoMcc" 0.0835117773019272 0.0203426124197002 0.0256959314775161 0.0310492505353319 0.0246252676659529 0.107066381156317 0 0.0610278372591006 0.069593147751606 0.0246252676659529 0.13169164882227 0.069593147751606 0.0995717344753747 0.082441113490364 0.0160599571734475 0.105995717344754 0.0224839400428266
"derMaw" 0.112419700214133 0.0674518201284797 0.0556745182012848 0.0546038543897216 0.056745182012848 0.153104925053533 0.0610278372591006 0 0.0963597430406852 0.0717344753747323 0.158458244111349 0.101713062098501 0.122055674518201 0.10813704496788 0.0513918629550321 0.123126338329764 0.0535331905781585
"emySub" 0.101713062098501 0.0792291220556745 0.0674518201284797 0.0663811563169165 0.0706638115631692 0.158458244111349 0.069593147751606 0.0963597430406852 0 0.0802997858672377 0.167023554603854 0.0331905781584582 0.0802997858672377 0.104925053533191 0.063169164882227 0.076017130620985 0.0685224839400428
"gopAga" 0.0899357601713062 0.019271948608137 0.0406852248394004 0.0460385438972163 0.0417558886509636 0.12847965738758 0.0246252676659529 0.0717344753747323 0.0802997858672377 0 0.142398286937901 0.082441113490364 0.110278372591006 0.088865096359743 0.0353319057815846 0.116702355460385 0.0374732334047109
"malTer" 0.176659528907923 0.145610278372591 0.13169164882227 0.137044967880086 0.116702355460385 0.230192719486081 0.13169164882227 0.158458244111349 0.167023554603854 0.142398286937901 0 0.165952890792291 0.19271948608137 0.185224839400428 0.122055674518201 0.194860813704497 0.120985010706638
"mesTub" 0.105995717344754 0.082441113490364 0.069593147751606 0.0717344753747323 0.069593147751606 0.164882226980728 0.069593147751606 0.101713062098501 0.0331905781584582 0.082441113490364 0.165952890792291 0 0.0813704496788009 0.110278372591006 0.0642398286937901 0.0845824411134904 0.069593147751606
"pelCas" 0.133832976445396 0.110278372591006 0.0942184154175589 0.0974304068522484 0.095289079229122 0.184154175588865 0.0995717344753747 0.122055674518201 0.0802997858672377 0.110278372591006 0.19271948608137 0.0813704496788009 0 0.130620985010707 0.0899357601713062 0.0856531049250535 0.095289079229122
"pelSin" 0.0942184154175589 0.0877944325481799 0.0802997858672377 0.0813704496788009 0.0856531049250535 0.173447537473233 0.082441113490364 0.10813704496788 0.104925053533191 0.088865096359743 0.185224839400428 0.110278372591006 0.130620985010707 0 0.0792291220556745 0.133832976445396 0.0835117773019272
"plaMeg" 0.0813704496788009 0.0321199143468951 0.0160599571734475 0.019271948608137 0.0149892933618844 0.118843683083512 0.0160599571734475 0.0513918629550321 0.063169164882227 0.0353319057815846 0.122055674518201 0.0642398286937901 0.0899357601713062 0.0792291220556745 0 0.0942184154175589 0.012847965738758
"podExp" 0.127408993576017 0.115631691648822 0.0985010706638116 0.0963597430406852 0.100642398286938 0.198072805139186 0.105995717344754 0.123126338329764 0.076017130620985 0.116702355460385 0.194860813704497 0.0845824411134904 0.0856531049250535 0.133832976445396 0.0942184154175589 0 0.0995717344753747
"terMex" 0.0856531049250535 0.0342612419700214 0.0224839400428266 0.0256959314775161 0.0107066381156317 0.125267665952891 0.0224839400428266 0.0535331905781585 0.0685224839400428 0.0374732334047109 0.120985010706638 0.069593147751606 0.095289079229122 0.0835117773019272 0.012847965738758 0.0995717344753747 0
