"cheAbi" "cheMyd" "cheSer" "chrPic" "derCor" "emySub" "gopAga" "malTer" "mesTub" "pelCas" "pelSin" "plaMeg" "podExp"
"cheAbi" 0 0.0524079320113314 0.0339943342776204 0.028328611898017 0.0410764872521246 0.0594900849858357 0.0127478753541076 0.291784702549575 0.0920679886685552 0.327195467422096 0.0637393767705382 0.536827195467422 0.0694050991501416
"cheMyd" 0.0524079320113314 0 0.0410764872521246 0.046742209631728 0.0311614730878187 0.0651558073654391 0.0538243626062323 0.305949008498584 0.0963172804532578 0.324362606232295 0.0708215297450425 0.526912181303116 0.0835694050991501
"cheSer" 0.0339943342776204 0.0410764872521246 0 0.0254957507082153 0.0269121813031161 0.0424929178470255 0.038243626062323 0.294617563739377 0.0793201133144476 0.31728045325779 0.0509915014164306 0.531161473087819 0.0609065155807365
"chrPic" 0.028328611898017 0.046742209631728 0.0254957507082153 0 0.0325779036827195 0.0509915014164306 0.0354107648725212 0.276203966005666 0.084985835694051 0.320113314447592 0.0552407932011331 0.531161473087819 0.0580736543909348
"derCor" 0.0410764872521246 0.0311614730878187 0.0269121813031161 0.0325779036827195 0 0.0580736543909348 0.0453257790368272 0.290368271954674 0.0906515580736544 0.330028328611898 0.0594900849858357 0.524079320113314 0.0736543909348442
"emySub" 0.0594900849858357 0.0651558073654391 0.0424929178470255 0.0509915014164306 0.0580736543909348 0 0.0665722379603399 0.308781869688385 0.0538243626062323 0.31586402266289 0.075070821529745 0.522662889518414 0.0453257790368272
"gopAga" 0.0127478753541076 0.0538243626062323 0.038243626062323 0.0354107648725212 0.0453257790368272 0.0665722379603399 0 0.297450424929178 0.101983002832861 0.330028328611898 0.0694050991501416 0.536827195467422 0.0764872521246459
"malTer" 0.291784702549575 0.305949008498584 0.294617563739377 0.276203966005666 0.290368271954674 0.308781869688385 0.297450424929178 0 0.31586402266289 0.579320113314448 0.301699716713881 0.567988668555241 0.321529745042493
"mesTub" 0.0920679886685552 0.0963172804532578 0.0793201133144476 0.084985835694051 0.0906515580736544 0.0538243626062323 0.101983002832861 0.31586402266289 0 0.344192634560907 0.110481586402266 0.545325779036827 0.0835694050991501
"pelCas" 0.327195467422096 0.324362606232295 0.31728045325779 0.320113314447592 0.330028328611898 0.31586402266289 0.330028328611898 0.579320113314448 0.344192634560907 0 0.325779036827195 0.624645892351275 0.313031161473088
"pelSin" 0.0637393767705382 0.0708215297450425 0.0509915014164306 0.0552407932011331 0.0594900849858357 0.075070821529745 0.0694050991501416 0.301699716713881 0.110481586402266 0.325779036827195 0 0.525495750708215 0.0835694050991501
"plaMeg" 0.536827195467422 0.526912181303116 0.531161473087819 0.531161473087819 0.524079320113314 0.522662889518414 0.536827195467422 0.567988668555241 0.545325779036827 0.624645892351275 0.525495750708215 0 0.53257790368272
"podExp" 0.0694050991501416 0.0835694050991501 0.0609065155807365 0.0580736543909348 0.0736543909348442 0.0453257790368272 0.0764872521246459 0.321529745042493 0.0835694050991501 0.313031161473088 0.0835694050991501 0.53257790368272 0
