"carIns" "cheAbi" "cheMyd" "cheSer" "chrPic" "cuoAmb" "cuoMcc" "derCor" "derMaw" "emySub" "gopAga" "malTer" "mesTub" "pelCas" "pelSin" "plaMeg" "podExp"
"carIns" 0 0.0765199161425577 0.281970649895178 0.0670859538784067 0.0681341719077568 0.0723270440251572 0.070230607966457 0.0628930817610063 0.0670859538784067 0.0765199161425577 0.0733752620545073 0.0628930817610063 0.0733752620545073 0.0870020964360587 0.0911949685534591 0.0618448637316562 0.112159329140461
"cheAbi" 0.0765199161425577 0 0.265199161425577 0.0419287211740042 0.0387840670859539 0.030398322851153 0.0283018867924528 0.0408805031446541 0.0429769392033543 0.0576519916142558 0.0157232704402516 0.0366876310272537 0.0534591194968553 0.0691823899371069 0.0828092243186583 0.0293501048218029 0.0974842767295598
"cheMyd" 0.281970649895178 0.265199161425577 0 0.252620545073375 0.267295597484277 0.268343815513627 0.264150943396226 0.261006289308176 0.262054507337526 0.272536687631027 0.261006289308176 0.261006289308176 0.266247379454927 0.273584905660377 0.274633123689727 0.255765199161426 0.274633123689727
"cheSer" 0.0670859538784067 0.0419287211740042 0.252620545073375 0 0.0324947589098532 0.0345911949685535 0.030398322851153 0.0283018867924528 0.0293501048218029 0.0492662473794549 0.0345911949685535 0.0283018867924528 0.0471698113207547 0.0576519916142558 0.0733752620545073 0.0209643605870021 0.090146750524109
"chrPic" 0.0681341719077568 0.0387840670859539 0.267295597484277 0.0324947589098532 0 0.0293501048218029 0.0293501048218029 0.0314465408805031 0.0335429769392034 0.0524109014675052 0.0356394129979036 0.0125786163522013 0.050314465408805 0.0618448637316562 0.0786163522012579 0.0220125786163522 0.0870020964360587
"cuoAmb" 0.0723270440251572 0.030398322851153 0.268343815513627 0.0345911949685535 0.0293501048218029 0 0.00733752620545073 0.0356394129979036 0.0377358490566038 0.0492662473794549 0.0251572327044025 0.0293501048218029 0.0524109014675052 0.0670859538784067 0.0828092243186583 0.0241090146750524 0.0922431865828092
"cuoMcc" 0.070230607966457 0.0283018867924528 0.264150943396226 0.030398322851153 0.0293501048218029 0.00733752620545073 0 0.0335429769392034 0.0335429769392034 0.050314465408805 0.0209643605870021 0.0251572327044025 0.050314465408805 0.0660377358490566 0.0786163522012579 0.019916142557652 0.090146750524109
"derCor" 0.0628930817610063 0.0408805031446541 0.261006289308176 0.0283018867924528 0.0314465408805031 0.0356394129979036 0.0335429769392034 0 0.0262054507337526 0.0461215932914046 0.0377358490566038 0.0293501048218029 0.0429769392033543 0.0566037735849057 0.0754716981132075 0.0220125786163522 0.0828092243186583
"derMaw" 0.0670859538784067 0.0429769392033543 0.262054507337526 0.0293501048218029 0.0335429769392034 0.0377358490566038 0.0335429769392034 0.0262054507337526 0 0.0450733752620545 0.0377358490566038 0.0283018867924528 0.0377358490566038 0.0576519916142558 0.0807127882599581 0.0251572327044025 0.0849056603773585
"emySub" 0.0765199161425577 0.0576519916142558 0.272536687631027 0.0492662473794549 0.0524109014675052 0.0492662473794549 0.050314465408805 0.0461215932914046 0.0450733752620545 0 0.0545073375262055 0.0492662473794549 0.0293501048218029 0.0513626834381551 0.0817610062893082 0.0429769392033543 0.0817610062893082
"gopAga" 0.0733752620545073 0.0157232704402516 0.261006289308176 0.0345911949685535 0.0356394129979036 0.0251572327044025 0.0209643605870021 0.0377358490566038 0.0377358490566038 0.0545073375262055 0 0.0314465408805031 0.0524109014675052 0.0712788259958071 0.0807127882599581 0.0241090146750524 0.0964360587002096
"malTer" 0.0628930817610063 0.0366876310272537 0.261006289308176 0.0283018867924528 0.0125786163522013 0.0293501048218029 0.0251572327044025 0.0293501048218029 0.0283018867924528 0.0492662473794549 0.0314465408805031 0 0.0461215932914046 0.059748427672956 0.0765199161425577 0.0178197064989518 0.0828092243186583
"mesTub" 0.0733752620545073 0.0534591194968553 0.266247379454927 0.0471698113207547 0.050314465408805 0.0524109014675052 0.050314465408805 0.0429769392033543 0.0377358490566038 0.0293501048218029 0.0524109014675052 0.0461215932914046 0 0.0524109014675052 0.0786163522012579 0.0408805031446541 0.0744234800838574
"pelCas" 0.0870020964360587 0.0691823899371069 0.273584905660377 0.0576519916142558 0.0618448637316562 0.0670859538784067 0.0660377358490566 0.0566037735849057 0.0576519916142558 0.0513626834381551 0.0712788259958071 0.059748427672956 0.0524109014675052 0 0.0943396226415094 0.0576519916142558 0.0639412997903564
"pelSin" 0.0911949685534591 0.0828092243186583 0.274633123689727 0.0733752620545073 0.0786163522012579 0.0828092243186583 0.0786163522012579 0.0754716981132075 0.0807127882599581 0.0817610062893082 0.0807127882599581 0.0765199161425577 0.0786163522012579 0.0943396226415094 0 0.0712788259958071 0.118448637316562
"plaMeg" 0.0618448637316562 0.0293501048218029 0.255765199161426 0.0209643605870021 0.0220125786163522 0.0241090146750524 0.019916142557652 0.0220125786163522 0.0251572327044025 0.0429769392033543 0.0241090146750524 0.0178197064989518 0.0408805031446541 0.0576519916142558 0.0712788259958071 0 0.0828092243186583
"podExp" 0.112159329140461 0.0974842767295598 0.274633123689727 0.090146750524109 0.0870020964360587 0.0922431865828092 0.090146750524109 0.0828092243186583 0.0849056603773585 0.0817610062893082 0.0964360587002096 0.0828092243186583 0.0744234800838574 0.0639412997903564 0.118448637316562 0.0828092243186583 0
