"carIns" "cheAbi" "cheMyd" "cheSer" "chrPic" "cuoAmb" "cuoMcc" "derMaw" "emySub" "gopAga" "malTer" "mesTub" "pelCas" "pelSin" "plaMeg" "podExp" "terMex"
"carIns" 0 0.0684708183893055 0.0635800456472123 0.061623736550375 0.058689272905119 0.0632539941310727 0.0619497880665145 0.0668405608086078 0.0789044669057711 0.155526573198565 0.0736876426475383 0.0837952396478644 0.0981415063580046 0.0720573850668406 0.0603195304858168 0.102380176067819 0.058689272905119
"cheAbi" 0.0684708183893055 0 0.0322791000978155 0.0322791000978155 0.0211933485490708 0.0156504727746984 0.0140202151940007 0.0365177698076296 0.0554287577437235 0.121291164003913 0.0374959243560483 0.0603195304858168 0.0762960547766547 0.0609716335180959 0.0215194000652103 0.0824910335833062 0.0211933485490708
"cheMyd" 0.0635800456472123 0.0322791000978155 0 0.0244538637104663 0.0238017606781872 0.0283664819041409 0.0273883273557222 0.0306488425171177 0.0495598304532116 0.133681121617216 0.0394522334528856 0.0547766547114444 0.0714052820345615 0.0560808607760026 0.0241278121943267 0.0772742093250734 0.0244538637104663
"cheSer" 0.061623736550375 0.0322791000978155 0.0244538637104663 0 0.0234757091620476 0.0303227910009782 0.0283664819041409 0.0273883273557222 0.048581675904793 0.132050864036518 0.039126181936746 0.0518421910661885 0.071731333550701 0.0528203456146071 0.0238017606781872 0.0762960547766547 0.0234757091620476
"chrPic" 0.058689272905119 0.0211933485490708 0.0238017606781872 0.0234757091620476 0 0.0179328333876753 0.0156504727746984 0.0283664819041409 0.0472774698402348 0.121943267036192 0.0182588849038148 0.052168242582328 0.068144766873166 0.0508640365177698 0.0114118030648843 0.0769481578089338 0.0052168242582328
"cuoAmb" 0.0632539941310727 0.0156504727746984 0.0283664819041409 0.0303227910009782 0.0179328333876753 0 0.00684708183893055 0.032605151613955 0.052168242582328 0.120639060971634 0.0348875122269319 0.0567329638082817 0.0723834365829801 0.058689272905119 0.0182588849038148 0.0792305184219107 0.0179328333876753
"cuoMcc" 0.0619497880665145 0.0140202151940007 0.0273883273557222 0.0283664819041409 0.0156504727746984 0.00684708183893055 0 0.0303227910009782 0.0515161395500489 0.118682751874796 0.0319530485816759 0.0560808607760026 0.0704271274861428 0.0567329638082817 0.015976524290838 0.0779263123573525 0.0156504727746984
"derMaw" 0.0668405608086078 0.0365177698076296 0.0306488425171177 0.0273883273557222 0.0283664819041409 0.032605151613955 0.0303227910009782 0 0.0531463971307467 0.132376915552657 0.0440169546788393 0.0554287577437235 0.0749918487120965 0.0573850668405608 0.0286925334202804 0.0818389305510271 0.0283664819041409
"emySub" 0.0789044669057711 0.0554287577437235 0.0495598304532116 0.048581675904793 0.0472774698402348 0.052168242582328 0.0515161395500489 0.0531463971307467 0 0.149657645908053 0.0622758395826541 0.0270622758395827 0.058689272905119 0.0671666123247473 0.0472774698402348 0.0658624062601891 0.0476035213563743
"gopAga" 0.155526573198565 0.121291164003913 0.133681121617216 0.132050864036518 0.121943267036192 0.120639060971634 0.118682751874796 0.132376915552657 0.149657645908053 0 0.138571894359309 0.15226605803717 0.1591131398761 0.150961851972612 0.12324747310075 0.170850994457124 0.122269318552331
"malTer" 0.0736876426475383 0.0374959243560483 0.0394522334528856 0.039126181936746 0.0182588849038148 0.0348875122269319 0.0319530485816759 0.0440169546788393 0.0622758395826541 0.138571894359309 0 0.0655363547440496 0.0831431366155853 0.0668405608086078 0.0283664819041409 0.0909683730029345 0.0221715030974894
"mesTub" 0.0837952396478644 0.0603195304858168 0.0547766547114444 0.0518421910661885 0.052168242582328 0.0567329638082817 0.0560808607760026 0.0554287577437235 0.0270622758395827 0.15226605803717 0.0655363547440496 0 0.0658624062601891 0.0691229214215846 0.0518421910661885 0.068144766873166 0.0531463971307467
"pelCas" 0.0981415063580046 0.0762960547766547 0.0714052820345615 0.071731333550701 0.068144766873166 0.0723834365829801 0.0704271274861428 0.0749918487120965 0.058689272905119 0.1591131398761 0.0831431366155853 0.0658624062601891 0 0.087707857841539 0.0694489729377242 0.0648842517117705 0.0684708183893055
"pelSin" 0.0720573850668406 0.0609716335180959 0.0560808607760026 0.0528203456146071 0.0508640365177698 0.058689272905119 0.0567329638082817 0.0573850668405608 0.0671666123247473 0.150961851972612 0.0668405608086078 0.0691229214215846 0.087707857841539 0 0.0511900880339094 0.0955330942288882 0.0524942940984676
"plaMeg" 0.0603195304858168 0.0215194000652103 0.0241278121943267 0.0238017606781872 0.0114118030648843 0.0182588849038148 0.015976524290838 0.0286925334202804 0.0472774698402348 0.12324747310075 0.0283664819041409 0.0518421910661885 0.0694489729377242 0.0511900880339094 0 0.0756439517443756 0.0114118030648843
"podExp" 0.102380176067819 0.0824910335833062 0.0772742093250734 0.0762960547766547 0.0769481578089338 0.0792305184219107 0.0779263123573525 0.0818389305510271 0.0658624062601891 0.170850994457124 0.0909683730029345 0.068144766873166 0.0648842517117705 0.0955330942288882 0.0756439517443756 0 0.0762960547766547
"terMex" 0.058689272905119 0.0211933485490708 0.0244538637104663 0.0234757091620476 0.0052168242582328 0.0179328333876753 0.0156504727746984 0.0283664819041409 0.0476035213563743 0.122269318552331 0.0221715030974894 0.0531463971307467 0.0684708183893055 0.0524942940984676 0.0114118030648843 0.0762960547766547 0
