"carIns" "cheAbi" "cheMyd" "chrPic" "cuoAmb" "cuoMcc" "derCor" "derMaw" "emySub" "gopAga" "malTer" "mesTub" "pelCas" "pelSin" "plaMeg" "podExp"
"carIns" 0 0.0925 0.08 0.0875 0.0825 0.0941666666666667 0.196666666666667 0.0891666666666667 0.0925 0.0841666666666667 0.085 0.105833333333333 0.101666666666667 0.0875 0.0766666666666667 0.119166666666667
"cheAbi" 0.0925 0 0.0408333333333333 0.0366666666666667 0.025 0.0391666666666667 0.169166666666667 0.0516666666666667 0.065 0.0266666666666667 0.0341666666666667 0.0841666666666667 0.0891666666666667 0.0866666666666667 0.0233333333333333 0.105
"cheMyd" 0.08 0.0408333333333333 0 0.0383333333333333 0.0291666666666667 0.045 0.1625 0.0358333333333333 0.06 0.0366666666666667 0.0341666666666667 0.075 0.08 0.0775 0.025 0.0975
"chrPic" 0.0875 0.0366666666666667 0.0383333333333333 0 0.025 0.04 0.171666666666667 0.0508333333333333 0.0633333333333333 0.0308333333333333 0.00583333333333333 0.0783333333333333 0.0866666666666667 0.0816666666666667 0.0216666666666667 0.104166666666667
"cuoAmb" 0.0825 0.025 0.0291666666666667 0.025 0 0.0191666666666667 0.165833333333333 0.0425 0.0583333333333333 0.0175 0.0208333333333333 0.0725 0.08 0.0775 0.0116666666666667 0.0975
"cuoMcc" 0.0941666666666667 0.0391666666666667 0.045 0.04 0.0191666666666667 0 0.170833333333333 0.0583333333333333 0.0716666666666667 0.0308333333333333 0.0358333333333333 0.0858333333333333 0.0941666666666667 0.0925 0.0275 0.111666666666667
"derCor" 0.196666666666667 0.169166666666667 0.1625 0.171666666666667 0.165833333333333 0.170833333333333 0 0.1725 0.184166666666667 0.168333333333333 0.17 0.198333333333333 0.201666666666667 0.2025 0.161666666666667 0.224166666666667
"derMaw" 0.0891666666666667 0.0516666666666667 0.0358333333333333 0.0508333333333333 0.0425 0.0583333333333333 0.1725 0 0.0725 0.0491666666666667 0.0466666666666667 0.0883333333333333 0.0858333333333333 0.0858333333333333 0.0375 0.100833333333333
"emySub" 0.0925 0.065 0.06 0.0633333333333333 0.0583333333333333 0.0716666666666667 0.184166666666667 0.0725 0 0.0608333333333333 0.0608333333333333 0.0358333333333333 0.0675 0.0858333333333333 0.0525 0.0825
"gopAga" 0.0841666666666667 0.0266666666666667 0.0366666666666667 0.0308333333333333 0.0175 0.0308333333333333 0.168333333333333 0.0491666666666667 0.0608333333333333 0 0.0266666666666667 0.0775 0.0841666666666667 0.0833333333333333 0.0175 0.104166666666667
"malTer" 0.085 0.0341666666666667 0.0341666666666667 0.00583333333333333 0.0208333333333333 0.0358333333333333 0.17 0.0466666666666667 0.0608333333333333 0.0266666666666667 0 0.0766666666666667 0.0825 0.0791666666666667 0.0175 0.101666666666667
"mesTub" 0.105833333333333 0.0841666666666667 0.075 0.0783333333333333 0.0725 0.0858333333333333 0.198333333333333 0.0883333333333333 0.0358333333333333 0.0775 0.0766666666666667 0 0.0816666666666667 0.101666666666667 0.0675 0.0958333333333333
"pelCas" 0.101666666666667 0.0891666666666667 0.08 0.0866666666666667 0.08 0.0941666666666667 0.201666666666667 0.0858333333333333 0.0675 0.0841666666666667 0.0825 0.0816666666666667 0 0.104166666666667 0.0741666666666667 0.0691666666666667
"pelSin" 0.0875 0.0866666666666667 0.0775 0.0816666666666667 0.0775 0.0925 0.2025 0.0858333333333333 0.0858333333333333 0.0833333333333333 0.0791666666666667 0.101666666666667 0.104166666666667 0 0.0733333333333333 0.1175
"plaMeg" 0.0766666666666667 0.0233333333333333 0.025 0.0216666666666667 0.0116666666666667 0.0275 0.161666666666667 0.0375 0.0525 0.0175 0.0175 0.0675 0.0741666666666667 0.0733333333333333 0 0.0908333333333333
"podExp" 0.119166666666667 0.105 0.0975 0.104166666666667 0.0975 0.111666666666667 0.224166666666667 0.100833333333333 0.0825 0.104166666666667 0.101666666666667 0.0958333333333333 0.0691666666666667 0.1175 0.0908333333333333 0
