"carIns" "cheAbi" "cheMyd" "cheSer" "chrPic" "cuoAmb" "cuoMcc" "derMaw" "emySub" "gopAga" "malTer" "mesTub" "pelCas" "pelSin" "plaMeg" "podExp" "terMex"
"carIns" 0 0.0827638572513288 0.0744115413819286 0.0728929384965831 0.0728929384965831 0.0766894457099468 0.0751708428246014 0.085041761579347 0.088078967350038 0.0835231586940015 0.0721336370539104 0.0873196659073652 0.100987091875475 0.0728929384965831 0.0706150341685649 0.100987091875475 0.0690964312832194
"cheAbi" 0.0827638572513288 0 0.0296127562642369 0.0288534548215642 0.0296127562642369 0.0242976461655277 0.0227790432801822 0.044039483675019 0.0607441154138193 0.0197418375094913 0.0288534548215642 0.064540622627183 0.0690964312832194 0.0713743356112377 0.0250569476082005 0.0744115413819286 0.0258162490508732
"cheMyd" 0.0744115413819286 0.0296127562642369 0 0.017463933181473 0.0212604403948367 0.023538344722855 0.0220197418375095 0.0372057706909643 0.0531511009870919 0.0288534548215642 0.020501138952164 0.0561883067577828 0.0599848139711465 0.0592255125284738 0.0167046317388003 0.0660592255125285 0.0189825360668185
"cheSer" 0.0728929384965831 0.0288534548215642 0.017463933181473 0 0.0189825360668185 0.0212604403948367 0.0197418375094913 0.0326499620349279 0.0508731966590737 0.0296127562642369 0.0182232346241458 0.0539104024297646 0.0607441154138193 0.0607441154138193 0.0144267274107821 0.0660592255125285 0.0167046317388003
"chrPic" 0.0728929384965831 0.0296127562642369 0.0212604403948367 0.0189825360668185 0 0.020501138952164 0.0189825360668185 0.0394836750189825 0.0546697038724374 0.0288534548215642 0.00607441154138193 0.0584662110858011 0.0607441154138193 0.0637813211845103 0.00987091875474563 0.0637813211845103 0.00911161731207289
"cuoAmb" 0.0766894457099468 0.0242976461655277 0.023538344722855 0.0212604403948367 0.020501138952164 0 0.00151860288534548 0.0417615793470008 0.0569476082004556 0.0242976461655277 0.0197418375094913 0.0607441154138193 0.064540622627183 0.064540622627183 0.0159453302961276 0.0660592255125285 0.017463933181473
"cuoMcc" 0.0751708428246014 0.0227790432801822 0.0220197418375095 0.0197418375094913 0.0189825360668185 0.00151860288534548 0 0.0402429764616553 0.0554290053151101 0.0227790432801822 0.0182232346241458 0.0592255125284738 0.0630220197418375 0.0630220197418375 0.0144267274107821 0.064540622627183 0.0159453302961276
"derMaw" 0.085041761579347 0.044039483675019 0.0372057706909643 0.0326499620349279 0.0394836750189825 0.0417615793470008 0.0402429764616553 0 0.0668185269552012 0.0455580865603645 0.0387243735763098 0.0683371298405467 0.0721336370539104 0.0759301442672741 0.0349278663629461 0.0782080485952923 0.0372057706909643
"emySub" 0.088078967350038 0.0607441154138193 0.0531511009870919 0.0508731966590737 0.0546697038724374 0.0569476082004556 0.0554290053151101 0.0668185269552012 0 0.0637813211845103 0.0539104024297646 0.0288534548215642 0.0508731966590737 0.0804859529233106 0.0493545937737282 0.0561883067577828 0.0516324981017464
"gopAga" 0.0835231586940015 0.0197418375094913 0.0288534548215642 0.0296127562642369 0.0288534548215642 0.0242976461655277 0.0227790432801822 0.0455580865603645 0.0637813211845103 0 0.0280941533788914 0.067577828397874 0.0706150341685649 0.0690964312832194 0.0212604403948367 0.0706150341685649 0.0250569476082005
"malTer" 0.0721336370539104 0.0288534548215642 0.020501138952164 0.0182232346241458 0.00607441154138193 0.0197418375094913 0.0182232346241458 0.0387243735763098 0.0539104024297646 0.0280941533788914 0 0.0577069096431283 0.0599848139711465 0.0630220197418375 0.00835231586940015 0.064540622627183 0.00759301442672741
"mesTub" 0.0873196659073652 0.064540622627183 0.0561883067577828 0.0539104024297646 0.0584662110858011 0.0607441154138193 0.0592255125284738 0.0683371298405467 0.0288534548215642 0.067577828397874 0.0577069096431283 0 0.0485952923310554 0.0804859529233106 0.0539104024297646 0.0561883067577828 0.0561883067577828
"pelCas" 0.100987091875475 0.0690964312832194 0.0599848139711465 0.0607441154138193 0.0607441154138193 0.064540622627183 0.0630220197418375 0.0721336370539104 0.0508731966590737 0.0706150341685649 0.0599848139711465 0.0485952923310554 0 0.0903568716780562 0.0546697038724374 0.044039483675019 0.0569476082004556
"pelSin" 0.0728929384965831 0.0713743356112377 0.0592255125284738 0.0607441154138193 0.0637813211845103 0.064540622627183 0.0630220197418375 0.0759301442672741 0.0804859529233106 0.0690964312832194 0.0630220197418375 0.0804859529233106 0.0903568716780562 0 0.0592255125284738 0.0865603644646925 0.0599848139711465
"plaMeg" 0.0706150341685649 0.0250569476082005 0.0167046317388003 0.0144267274107821 0.00987091875474563 0.0159453302961276 0.0144267274107821 0.0349278663629461 0.0493545937737282 0.0212604403948367 0.00835231586940015 0.0539104024297646 0.0546697038724374 0.0592255125284738 0 0.0592255125284738 0.00683371298405467
"podExp" 0.100987091875475 0.0744115413819286 0.0660592255125285 0.0660592255125285 0.0637813211845103 0.0660592255125285 0.064540622627183 0.0782080485952923 0.0561883067577828 0.0706150341685649 0.064540622627183 0.0561883067577828 0.044039483675019 0.0865603644646925 0.0592255125284738 0 0.0630220197418375
"terMex" 0.0690964312832194 0.0258162490508732 0.0189825360668185 0.0167046317388003 0.00911161731207289 0.017463933181473 0.0159453302961276 0.0372057706909643 0.0516324981017464 0.0250569476082005 0.00759301442672741 0.0561883067577828 0.0569476082004556 0.0599848139711465 0.00683371298405467 0.0630220197418375 0
