"carIns" "cheAbi" "cheMyd" "cheSer" "chrPic" "cuoAmb" "cuoMcc" "derCor" "derMaw" "emySub" "gopAga" "malTer" "mesTub" "pelCas" "pelSin" "plaMeg" "podExp" "terMex"
"carIns" 0 0.0896130346232179 0.0885947046843177 0.174134419551935 0.0824847250509165 0.0875763747454175 0.133401221995927 0.0896130346232179 0.0967413441955193 0.10081466395112 0.0916496945010183 0.0814663951120163 0.107942973523422 0.128309572301426 0.137474541751527 0.0875763747454175 0.132382892057026 0.0773930753564155
"cheAbi" 0.0896130346232179 0 0.0386965376782077 0.130346232179226 0.0336048879837067 0.0244399185336049 0.0824847250509165 0.044806517311609 0.0529531568228106 0.0723014256619145 0.0285132382892057 0.0336048879837067 0.0794297352342159 0.104887983706721 0.125254582484725 0.0356415478615071 0.109979633401222 0.0315682281059063
"cheMyd" 0.0885947046843177 0.0386965376782077 0 0.127291242362525 0.0336048879837067 0.0386965376782077 0.0875763747454175 0.0264765784114053 0.044806517311609 0.0702647657841141 0.044806517311609 0.0356415478615071 0.0723014256619145 0.0987780040733198 0.114052953156823 0.0336048879837067 0.112016293279022 0.0376782077393075
"cheSer" 0.174134419551935 0.130346232179226 0.127291242362525 0 0.122199592668024 0.124236252545825 0.180244399185336 0.134419551934827 0.128309572301426 0.152749490835031 0.135437881873727 0.124236252545825 0.160896130346232 0.179226069246436 0.183299389002037 0.121181262729124 0.193482688391039 0.118126272912424
"chrPic" 0.0824847250509165 0.0336048879837067 0.0336048879837067 0.122199592668024 0 0.0274949083503055 0.0855397148676171 0.0458248472505092 0.0437881873727088 0.0610997963340122 0.0356415478615071 0.00610997963340122 0.0661914460285132 0.0906313645621181 0.120162932790224 0.0305498981670061 0.10183299389002 0.0122199592668024
"cuoAmb" 0.0875763747454175 0.0244399185336049 0.0386965376782077 0.124236252545825 0.0274949083503055 0 0.0692464358452139 0.0427698574338086 0.0468431771894094 0.0661914460285132 0.0264765784114053 0.0274949083503055 0.0753564154786151 0.0967413441955193 0.116089613034623 0.0254582484725051 0.110997963340122 0.0254582484725051
"cuoMcc" 0.133401221995927 0.0824847250509165 0.0875763747454175 0.180244399185336 0.0855397148676171 0.0692464358452139 0 0.0987780040733198 0.102851323828921 0.117107942973523 0.0845213849287169 0.0855397148676171 0.127291242362525 0.152749490835031 0.164969450101833 0.0804480651731161 0.161914460285132 0.0835030549898167
"derCor" 0.0896130346232179 0.044806517311609 0.0264765784114053 0.134419551934827 0.0458248472505092 0.0427698574338086 0.0987780040733198 0 0.0570264765784114 0.0784114052953157 0.0509164969450102 0.0478615071283096 0.0814663951120163 0.105906313645621 0.125254582484725 0.0397148676171079 0.115071283095723 0.0458248472505092
"derMaw" 0.0967413441955193 0.0529531568228106 0.044806517311609 0.128309572301426 0.0437881873727088 0.0468431771894094 0.102851323828921 0.0570264765784114 0 0.0753564154786151 0.0529531568228106 0.0437881873727088 0.0794297352342159 0.10081466395112 0.122199592668024 0.0417515274949083 0.115071283095723 0.0407331975560081
"emySub" 0.10081466395112 0.0723014256619145 0.0702647657841141 0.152749490835031 0.0610997963340122 0.0661914460285132 0.117107942973523 0.0784114052953157 0.0753564154786151 0 0.0692464358452139 0.0631364562118126 0.0437881873727088 0.0794297352342159 0.131364562118126 0.065173116089613 0.0977596741344195 0.0621181262729124
"gopAga" 0.0916496945010183 0.0285132382892057 0.044806517311609 0.135437881873727 0.0356415478615071 0.0264765784114053 0.0845213849287169 0.0509164969450102 0.0529531568228106 0.0692464358452139 0 0.0356415478615071 0.0814663951120163 0.103869653767821 0.122199592668024 0.0366598778004073 0.110997963340122 0.0356415478615071
"malTer" 0.0814663951120163 0.0336048879837067 0.0356415478615071 0.124236252545825 0.00610997963340122 0.0274949083503055 0.0855397148676171 0.0478615071283096 0.0437881873727088 0.0631364562118126 0.0356415478615071 0 0.0682281059063136 0.0926680244399185 0.121181262729124 0.0305498981670061 0.103869653767821 0.0122199592668024
"mesTub" 0.107942973523422 0.0794297352342159 0.0723014256619145 0.160896130346232 0.0661914460285132 0.0753564154786151 0.127291242362525 0.0814663951120163 0.0794297352342159 0.0437881873727088 0.0814663951120163 0.0682281059063136 0 0.0835030549898167 0.137474541751527 0.0692464358452139 0.0977596741344195 0.0692464358452139
"pelCas" 0.128309572301426 0.104887983706721 0.0987780040733198 0.179226069246436 0.0906313645621181 0.0967413441955193 0.152749490835031 0.105906313645621 0.10081466395112 0.0794297352342159 0.103869653767821 0.0926680244399185 0.0835030549898167 0 0.159877800407332 0.0977596741344195 0.0896130346232179 0.0906313645621181
"pelSin" 0.137474541751527 0.125254582484725 0.114052953156823 0.183299389002037 0.120162932790224 0.116089613034623 0.164969450101833 0.125254582484725 0.122199592668024 0.131364562118126 0.122199592668024 0.121181262729124 0.137474541751527 0.159877800407332 0 0.112016293279022 0.165987780040733 0.118126272912424
"plaMeg" 0.0875763747454175 0.0356415478615071 0.0336048879837067 0.121181262729124 0.0305498981670061 0.0254582484725051 0.0804480651731161 0.0397148676171079 0.0417515274949083 0.065173116089613 0.0366598778004073 0.0305498981670061 0.0692464358452139 0.0977596741344195 0.112016293279022 0 0.108961303462322 0.0285132382892057
"podExp" 0.132382892057026 0.109979633401222 0.112016293279022 0.193482688391039 0.10183299389002 0.110997963340122 0.161914460285132 0.115071283095723 0.115071283095723 0.0977596741344195 0.110997963340122 0.103869653767821 0.0977596741344195 0.0896130346232179 0.165987780040733 0.108961303462322 0 0.105906313645621
"terMex" 0.0773930753564155 0.0315682281059063 0.0376782077393075 0.118126272912424 0.0122199592668024 0.0254582484725051 0.0835030549898167 0.0458248472505092 0.0407331975560081 0.0621181262729124 0.0356415478615071 0.0122199592668024 0.0692464358452139 0.0906313645621181 0.118126272912424 0.0285132382892057 0.105906313645621 0
