"carIns" "cheAbi" "cheMyd" "cheSer" "chrPic" "cuoAmb" "cuoMcc" "derCor" "derMaw" "gopAga" "malTer" "mesTub" "pelCas" "pelSin" "plaMeg" "podExp" "terMex"
"carIns" 0 0.0922144940542966 0.0863809737491586 0.151222795602423 0.0807718196096029 0.0841373120933363 0.0823423827686785 0.0892977339017276 0.0926632263854611 0.0872784384114876 0.0917657617231322 0.103881534664573 0.120260264752075 0.0953556203724478 0.0809961857751851 0.121157729414404 0.0816692842719318
"cheAbi" 0.0922144940542966 0 0.0430783037917882 0.113529279784608 0.0336549248373345 0.0264752075387032 0.025353376710792 0.0498092887592551 0.0525016827462419 0.0300650661880188 0.0450975992820283 0.0778550594570339 0.09356069104779 0.0823423827686785 0.0323087278438412 0.0987211128561813 0.0336549248373345
"cheMyd" 0.0863809737491586 0.0430783037917882 0 0.106573928651559 0.0284945030289432 0.0302894323536011 0.028270136863361 0.0240071797172986 0.0442001346196993 0.0397128113080547 0.0394884451424725 0.0684316805025802 0.0854835090868297 0.0733677361453893 0.028270136863361 0.0899708323984743 0.0289432353601077
"cheSer" 0.151222795602423 0.113529279784608 0.106573928651559 0 0.0996185775185102 0.10365716849899 0.102086605339915 0.111958716625533 0.111285618128786 0.111509984294368 0.111958716625533 0.137760825667489 0.154588288086157 0.142921247475881 0.101189140677586 0.158178146735472 0.100740408346421
"chrPic" 0.0807718196096029 0.0336549248373345 0.0284945030289432 0.0996185775185102 0 0.0219878842270586 0.0204173210679829 0.0347767556652457 0.0374691496522324 0.0305137985191833 0.0150325330940094 0.0657392865155935 0.0787525241193628 0.0693291451649091 0.0188467579089073 0.0845860444245008 0.0105452097823648
"cuoAmb" 0.0841373120933363 0.0264752075387032 0.0302894323536011 0.10365716849899 0.0219878842270586 0 0.00605788647072022 0.0379178819833969 0.039937177473637 0.0235584473861342 0.0327574601750056 0.0693291451649091 0.0834642135965896 0.0738164684765537 0.0204173210679829 0.0897464662328921 0.0210904195647296
"cuoMcc" 0.0823423827686785 0.025353376710792 0.028270136863361 0.102086605339915 0.0204173210679829 0.00605788647072022 0 0.0358985864931568 0.0381422481489791 0.0222122503926408 0.03118689701593 0.0675342158402513 0.0816692842719318 0.073143369979807 0.0188467579089073 0.0879515369082342 0.019519856405654
"derCor" 0.0892977339017276 0.0498092887592551 0.0240071797172986 0.111958716625533 0.0347767556652457 0.0379178819833969 0.0358985864931568 0 0.0520529504150774 0.0450975992820283 0.0446488669508638 0.0742652008077182 0.0917657617231322 0.0785281579537806 0.0350011218308279 0.0944581557101189 0.0356742203275746
"derMaw" 0.0926632263854611 0.0525016827462419 0.0442001346196993 0.111285618128786 0.0374691496522324 0.039937177473637 0.0381422481489791 0.0520529504150774 0 0.048687457931344 0.048687457931344 0.0814449181063496 0.0942337895445367 0.0834642135965896 0.0383666143145614 0.100516042180839 0.0374691496522324
"gopAga" 0.0872784384114876 0.0300650661880188 0.0397128113080547 0.111509984294368 0.0305137985191833 0.0235584473861342 0.0222122503926408 0.0450975992820283 0.048687457931344 0 0.0410590083015481 0.0753870316356293 0.0910926632263855 0.0796499887816917 0.0302894323536011 0.0971505496971057 0.0305137985191833
"malTer" 0.0917657617231322 0.0450975992820283 0.0394884451424725 0.111958716625533 0.0150325330940094 0.0327574601750056 0.03118689701593 0.0446488669508638 0.048687457931344 0.0410590083015481 0 0.076957594794705 0.0913170293919677 0.0812205519407673 0.0293919676912722 0.0949068880412834 0.0215391518958941
"mesTub" 0.103881534664573 0.0778550594570339 0.0684316805025802 0.137760825667489 0.0657392865155935 0.0693291451649091 0.0675342158402513 0.0742652008077182 0.0814449181063496 0.0753870316356293 0.076957594794705 0 0.0753870316356293 0.0944581557101189 0.065290554184429 0.0783037917881983 0.0659636526811757
"pelCas" 0.120260264752075 0.09356069104779 0.0854835090868297 0.154588288086157 0.0787525241193628 0.0834642135965896 0.0816692842719318 0.0917657617231322 0.0942337895445367 0.0910926632263855 0.0913170293919677 0.0753870316356293 0 0.11263181512228 0.0816692842719318 0.0708997083239847 0.0809961857751851
"pelSin" 0.0953556203724478 0.0823423827686785 0.0733677361453893 0.142921247475881 0.0693291451649091 0.0738164684765537 0.073143369979807 0.0785281579537806 0.0834642135965896 0.0796499887816917 0.0812205519407673 0.0944581557101189 0.11263181512228 0 0.0724702714830604 0.113080547453444 0.071124074489567
"plaMeg" 0.0809961857751851 0.0323087278438412 0.028270136863361 0.101189140677586 0.0188467579089073 0.0204173210679829 0.0188467579089073 0.0350011218308279 0.0383666143145614 0.0302894323536011 0.0293919676912722 0.065290554184429 0.0816692842719318 0.0724702714830604 0 0.0866053399147409 0.0172761947498317
"podExp" 0.121157729414404 0.0987211128561813 0.0899708323984743 0.158178146735472 0.0845860444245008 0.0897464662328921 0.0879515369082342 0.0944581557101189 0.100516042180839 0.0971505496971057 0.0949068880412834 0.0783037917881983 0.0708997083239847 0.113080547453444 0.0866053399147409 0 0.0863809737491586
"terMex" 0.0816692842719318 0.0336549248373345 0.0289432353601077 0.100740408346421 0.0105452097823648 0.0210904195647296 0.019519856405654 0.0356742203275746 0.0374691496522324 0.0305137985191833 0.0215391518958941 0.0659636526811757 0.0809961857751851 0.071124074489567 0.0172761947498317 0.0863809737491586 0
