"cheAbi" "cheMyd" "cheSer" "chrPic" "cuoAmb" "cuoMcc" "derMaw" "emySub" "gopAga" "malTer" "mesTub" "pelCas" "pelSin" "plaMeg" "podExp" "terMex"
"cheAbi" 0 0.0660261148066026 0.169992609016999 0.0505050505050505 0.0431140675043114 0.0438531658043853 0.0601133284060113 0.0780980537078098 0.0399113082039911 0.0891845282089185 0.0808080808080808 0.0968218773096822 0.087459965508746 0.0455777285045578 0.0953436807095344 0.0490268539049027
"cheMyd" 0.0660261148066026 0 0.166543483616654 0.0539541759053954 0.056910569105691 0.057649667405765 0.0593742301059374 0.0748952944074895 0.060359694506036 0.0899236265089924 0.0771125893077113 0.095590046809559 0.0832717418083272 0.0482877556048288 0.0931263858093126 0.0534614437053461
"cheSer" 0.169992609016999 0.166543483616654 0 0.140921409214092 0.142153239714215 0.14239960581424 0.142153239714215 0.159891598915989 0.146587829514659 0.182310914018231 0.160877063316088 0.174919931017492 0.163833456516383 0.136979551613698 0.176151761517615 0.143385070214338
"chrPic" 0.0505050505050505 0.0539541759053954 0.140921409214092 0 0.0209411185020941 0.0214338507021434 0.0327666913032767 0.0490268539049027 0.0251293422025129 0.0497659522049766 0.0524759793052476 0.0714461690071446 0.0591278640059128 0.0130574033013057 0.0709534368070953 0.0128110372012811
"cuoAmb" 0.0431140675043114 0.056910569105691 0.142153239714215 0.0209411185020941 0 0.00369549150036955 0.0332594235033259 0.0512441488051244 0.0152746982015275 0.0633160877063316 0.0546932742054693 0.0707070707070707 0.060359694506036 0.0157674304015767 0.0702143385070214 0.021680216802168
"cuoMcc" 0.0438531658043853 0.057649667405765 0.14239960581424 0.0214338507021434 0.00369549150036955 0 0.0332594235033259 0.0517368810051737 0.0165065287016507 0.0645479182064548 0.0551860064055186 0.0704607046070461 0.0608524267060852 0.0160137965016014 0.0697216063069722 0.021680216802168
"derMaw" 0.0601133284060113 0.0593742301059374 0.142153239714215 0.0327666913032767 0.0332594235033259 0.0332594235033259 0 0.052229613205223 0.0359694506035969 0.0736634639073663 0.0542005420054201 0.0719389012071939 0.060359694506036 0.0278393693027839 0.0726779995072678 0.032520325203252
"emySub" 0.0780980537078098 0.0748952944074895 0.159891598915989 0.0490268539049027 0.0512441488051244 0.0517368810051737 0.052229613205223 0 0.0537078098053708 0.0904163587090416 0.0236511456023651 0.0559251047055925 0.0675043114067504 0.0453313624045331 0.0623306233062331 0.0497659522049766
"gopAga" 0.0399113082039911 0.060359694506036 0.146587829514659 0.0251293422025129 0.0152746982015275 0.0165065287016507 0.0359694506035969 0.0537078098053708 0 0.0665188470066519 0.0583887657058389 0.0729243656072924 0.0623306233062331 0.0199556541019956 0.0724316334072432 0.0253757083025376
"malTer" 0.0891845282089185 0.0899236265089924 0.182310914018231 0.0497659522049766 0.0633160877063316 0.0645479182064548 0.0736634639073663 0.0904163587090416 0.0665188470066519 0 0.0911554570091156 0.109386548410939 0.0997782705099778 0.0564178369056418 0.108154717910815 0.0556787386055679
"mesTub" 0.0808080808080808 0.0771125893077113 0.160877063316088 0.0524759793052476 0.0546932742054693 0.0551860064055186 0.0542005420054201 0.0236511456023651 0.0583887657058389 0.0911554570091156 0 0.0564178369056418 0.0694752402069475 0.0477950234047795 0.063069721606307 0.0524759793052476
"pelCas" 0.0968218773096822 0.095590046809559 0.174919931017492 0.0714461690071446 0.0707070707070707 0.0704607046070461 0.0719389012071939 0.0559251047055925 0.0729243656072924 0.109386548410939 0.0564178369056418 0 0.0859817689085982 0.0643015521064302 0.0588814979058881 0.07119980290712
"pelSin" 0.087459965508746 0.0832717418083272 0.163833456516383 0.0591278640059128 0.060359694506036 0.0608524267060852 0.060359694506036 0.0675043114067504 0.0623306233062331 0.0997782705099778 0.0694752402069475 0.0859817689085982 0 0.0546932742054693 0.0859817689085982 0.0593742301059374
"plaMeg" 0.0455777285045578 0.0482877556048288 0.136979551613698 0.0130574033013057 0.0157674304015767 0.0160137965016014 0.0278393693027839 0.0453313624045331 0.0199556541019956 0.0564178369056418 0.0477950234047795 0.0643015521064302 0.0546932742054693 0 0.0652870165065287 0.0145355999014536
"podExp" 0.0953436807095344 0.0931263858093126 0.176151761517615 0.0709534368070953 0.0702143385070214 0.0697216063069722 0.0726779995072678 0.0623306233062331 0.0724316334072432 0.108154717910815 0.063069721606307 0.0588814979058881 0.0859817689085982 0.0652870165065287 0 0.0704607046070461
"terMex" 0.0490268539049027 0.0534614437053461 0.143385070214338 0.0128110372012811 0.021680216802168 0.021680216802168 0.032520325203252 0.0497659522049766 0.0253757083025376 0.0556787386055679 0.0524759793052476 0.07119980290712 0.0593742301059374 0.0145355999014536 0.0704607046070461 0
