"cheAbi" "cheMyd" "chrPic" "cuoAmb" "cuoMcc" "derCor" "derMaw" "emySub" "gopAga" "malTer" "mesTub" "pelCas" "pelSin" "plaMeg" "podExp" "terMex"
"cheAbi" 0 0.041471048513302 0.0367762128325509 0.0305164319248826 0.0312989045383412 0.0453834115805947 0.05320813771518 0.0633802816901408 0.0234741784037559 0.0391236306729265 0.0657276995305164 0.0860719874804382 0.0899843505477308 0.0328638497652582 0.0774647887323944 0.0367762128325509
"cheMyd" 0.041471048513302 0 0.0273865414710485 0.0320813771517997 0.0359937402190923 0.0242566510172144 0.0446009389671361 0.0641627543035994 0.041471048513302 0.0273865414710485 0.0696400625978091 0.0829420970266041 0.0821596244131455 0.0234741784037559 0.0751173708920188 0.0273865414710485
"chrPic" 0.0367762128325509 0.0273865414710485 0 0.0305164319248826 0.0344287949921753 0.0344287949921753 0.0461658841940532 0.0641627543035994 0.0359937402190923 0.0054773082942097 0.0672926447574335 0.0821596244131455 0.0790297339593114 0.0187793427230047 0.0743348982785603 0.0101721439749609
"cuoAmb" 0.0305164319248826 0.0320813771517997 0.0305164319248826 0 0.0101721439749609 0.0375586854460094 0.0500782472613459 0.0649452269170579 0.0297339593114241 0.0320813771517997 0.0696400625978091 0.0845070422535211 0.0821596244131455 0.0234741784037559 0.0758998435054773 0.0305164319248826
"cuoMcc" 0.0312989045383412 0.0359937402190923 0.0344287949921753 0.0101721439749609 0 0.039906103286385 0.05320813771518 0.0657276995305164 0.0305164319248826 0.0359937402190923 0.0688575899843505 0.0860719874804382 0.0868544600938967 0.0273865414710485 0.0774647887323944 0.0328638497652582
"derCor" 0.0453834115805947 0.0242566510172144 0.0344287949921753 0.0375586854460094 0.039906103286385 0 0.0477308294209703 0.0704225352112676 0.0438184663536776 0.0359937402190923 0.0743348982785603 0.0892018779342723 0.0845070422535211 0.0289514866979656 0.0774647887323944 0.0328638497652582
"derMaw" 0.05320813771518 0.0446009389671361 0.0461658841940532 0.0500782472613459 0.05320813771518 0.0477308294209703 0 0.081377151799687 0.05320813771518 0.0469483568075117 0.0852895148669797 0.100156494522692 0.0954616588419405 0.0406885758998435 0.0884194053208138 0.0430359937402191
"emySub" 0.0633802816901408 0.0641627543035994 0.0641627543035994 0.0649452269170579 0.0657276995305164 0.0704225352112676 0.081377151799687 0 0.0696400625978091 0.066510172143975 0.0352112676056338 0.0633802816901408 0.0985915492957746 0.0586854460093897 0.0641627543035994 0.0618153364632238
"gopAga" 0.0234741784037559 0.041471048513302 0.0359937402190923 0.0297339593114241 0.0305164319248826 0.0438184663536776 0.05320813771518 0.0696400625978091 0 0.0367762128325509 0.0719874804381847 0.0915492957746479 0.0907668231611894 0.0312989045383412 0.0805946791862285 0.0352112676056338
"malTer" 0.0391236306729265 0.0273865414710485 0.0054773082942097 0.0320813771517997 0.0359937402190923 0.0359937402190923 0.0469483568075117 0.066510172143975 0.0367762128325509 0 0.0704225352112676 0.0860719874804382 0.0790297339593114 0.0179968701095462 0.0782472613458529 0.0109546165884194
"mesTub" 0.0657276995305164 0.0696400625978091 0.0672926447574335 0.0696400625978091 0.0688575899843505 0.0743348982785603 0.0852895148669797 0.0352112676056338 0.0719874804381847 0.0704225352112676 0 0.0657276995305164 0.102503912363067 0.0633802816901408 0.0672926447574335 0.0672926447574335
"pelCas" 0.0860719874804382 0.0829420970266041 0.0821596244131455 0.0845070422535211 0.0860719874804382 0.0892018779342723 0.100156494522692 0.0633802816901408 0.0915492957746479 0.0860719874804382 0.0657276995305164 0 0.117370892018779 0.0805946791862285 0.0508607198748044 0.0821596244131455
"pelSin" 0.0899843505477308 0.0821596244131455 0.0790297339593114 0.0821596244131455 0.0868544600938967 0.0845070422535211 0.0954616588419405 0.0985915492957746 0.0907668231611894 0.0790297339593114 0.102503912363067 0.117370892018779 0 0.0751173708920188 0.109546165884194 0.0805946791862285
"plaMeg" 0.0328638497652582 0.0234741784037559 0.0187793427230047 0.0234741784037559 0.0273865414710485 0.0289514866979656 0.0406885758998435 0.0586854460093897 0.0312989045383412 0.0179968701095462 0.0633802816901408 0.0805946791862285 0.0751173708920188 0 0.0712050078247261 0.0179968701095462
"podExp" 0.0774647887323944 0.0751173708920188 0.0743348982785603 0.0758998435054773 0.0774647887323944 0.0774647887323944 0.0884194053208138 0.0641627543035994 0.0805946791862285 0.0782472613458529 0.0672926447574335 0.0508607198748044 0.109546165884194 0.0712050078247261 0 0.0751173708920188
"terMex" 0.0367762128325509 0.0273865414710485 0.0101721439749609 0.0305164319248826 0.0328638497652582 0.0328638497652582 0.0430359937402191 0.0618153364632238 0.0352112676056338 0.0109546165884194 0.0672926447574335 0.0821596244131455 0.0805946791862285 0.0179968701095462 0.0751173708920188 0
