"carIns" "cheAbi" "cheMyd" "chrPic" "cuoAmb" "cuoMcc" "derCor" "derMaw" "emySub" "gopAga" "mesTub" "pelCas" "pelSin" "plaMeg" "podExp"
"carIns" 0 0.0897707979626486 0.160653650254669 0.0851018675721562 0.0899830220713073 0.0889219015280136 0.0950764006791171 0.0976230899830221 0.102928692699491 0.0948641765704584 0.110993208828523 0.119694397283531 0.20776740237691 0.08276740237691 0.126485568760611
"cheAbi" 0.0897707979626486 0 0.122453310696095 0.0278013582342954 0.0220713073005093 0.0214346349745331 0.0462648556876061 0.0524193548387097 0.0689728353140917 0.0229202037351443 0.073641765704584 0.0933786078098472 0.192275042444822 0.0235568760611205 0.099320882852292
"cheMyd" 0.160653650254669 0.122453310696095 0 0.117359932088285 0.121179966044143 0.120755517826825 0.106112054329372 0.128183361629881 0.144312393887946 0.125424448217317 0.147283531409168 0.161926994906621 0.230050933786078 0.11311544991511 0.172113752122241
"chrPic" 0.0851018675721562 0.0278013582342954 0.117359932088285 0 0.0269524617996604 0.0258913412563667 0.0415959252971137 0.0473259762308998 0.0619694397283531 0.032258064516129 0.0683361629881155 0.0878607809847199 0.189091680814941 0.0167657045840407 0.0948641765704584
"cuoAmb" 0.0899830220713073 0.0220713073005093 0.121179966044143 0.0269524617996604 0 0.00594227504244482 0.0456281833616299 0.0526315789473684 0.066213921901528 0.026528013582343 0.0717317487266553 0.0916808149405773 0.191213921901528 0.0216468590831919 0.0982597623089983
"cuoMcc" 0.0889219015280136 0.0214346349745331 0.120755517826825 0.0258913412563667 0.00594227504244482 0 0.0449915110356537 0.0517826825127334 0.0649405772495756 0.0258913412563667 0.0708828522920204 0.0912563667232598 0.191213921901528 0.0205857385398981 0.0971986417657046
"derCor" 0.0950764006791171 0.0462648556876061 0.106112054329372 0.0415959252971137 0.0456281833616299 0.0449915110356537 0 0.0547538200339559 0.0730050933786078 0.049660441426146 0.0785229202037351 0.0959252971137521 0.19758064516129 0.0362903225806452 0.103140916808149
"derMaw" 0.0976230899830221 0.0524193548387097 0.128183361629881 0.0473259762308998 0.0526315789473684 0.0517826825127334 0.0547538200339559 0 0.0776740237691002 0.0564516129032258 0.08276740237691 0.098471986417657 0.199066213921902 0.0426570458404075 0.106960950764007
"emySub" 0.102928692699491 0.0689728353140917 0.144312393887946 0.0619694397283531 0.066213921901528 0.0649405772495756 0.0730050933786078 0.0776740237691002 0 0.0730050933786078 0.0384125636672326 0.0738539898132428 0.203735144312394 0.0583616298811545 0.0795840407470289
"gopAga" 0.0948641765704584 0.0229202037351443 0.125424448217317 0.032258064516129 0.026528013582343 0.0258913412563667 0.049660441426146 0.0564516129032258 0.0730050933786078 0 0.0780984719864177 0.0967741935483871 0.195458404074703 0.0278013582342954 0.103565365025467
"mesTub" 0.110993208828523 0.073641765704584 0.147283531409168 0.0683361629881155 0.0717317487266553 0.0708828522920204 0.0785229202037351 0.08276740237691 0.0384125636672326 0.0780984719864177 0 0.0795840407470289 0.209677419354839 0.0636672325976231 0.0848896434634974
"pelCas" 0.119694397283531 0.0933786078098472 0.161926994906621 0.0878607809847199 0.0916808149405773 0.0912563667232598 0.0959252971137521 0.098471986417657 0.0738539898132428 0.0967741935483871 0.0795840407470289 0 0.221774193548387 0.0842529711375212 0.0774617996604414
"pelSin" 0.20776740237691 0.192275042444822 0.230050933786078 0.189091680814941 0.191213921901528 0.191213921901528 0.19758064516129 0.199066213921902 0.203735144312394 0.195458404074703 0.209677419354839 0.221774193548387 0 0.184847198641766 0.22134974533107
"plaMeg" 0.08276740237691 0.0235568760611205 0.11311544991511 0.0167657045840407 0.0216468590831919 0.0205857385398981 0.0362903225806452 0.0426570458404075 0.0583616298811545 0.0278013582342954 0.0636672325976231 0.0842529711375212 0.184847198641766 0 0.0908319185059423
"podExp" 0.126485568760611 0.099320882852292 0.172113752122241 0.0948641765704584 0.0982597623089983 0.0971986417657046 0.103140916808149 0.106960950764007 0.0795840407470289 0.103565365025467 0.0848896434634974 0.0774617996604414 0.22134974533107 0.0908319185059423 0
