"carIns" "cheAbi" "cheMyd" "cheSer" "chrPic" "cuoMcc" "derCor" "derMaw" "emySub" "gopAga" "malTer" "mesTub" "pelCas" "pelSin" "plaMeg" "podExp" "terMex"
"carIns" 0 0.0756207674943567 0.0756207674943567 0.151241534988713 0.0711060948081264 0.0733634311512415 0.0756207674943567 0.0880361173814898 0.0925507900677201 0.0812641083521445 0.107223476297968 0.0936794582392776 0.0981941309255079 0.0835214446952596 0.0699774266365688 0.109480812641084 0.072234762979684
"cheAbi" 0.0756207674943567 0 0.0327313769751693 0.118510158013544 0.0237020316027088 0.0158013544018059 0.0304740406320542 0.0406320541760722 0.0598194130925508 0.0248306997742664 0.0609480812641084 0.0598194130925508 0.0778781038374718 0.0711060948081264 0.0237020316027088 0.0756207674943567 0.0259593679458239
"cheMyd" 0.0756207674943567 0.0327313769751693 0 0.112866817155756 0.0237020316027088 0.0316027088036117 0.0203160270880361 0.0349887133182844 0.0564334085778781 0.0406320541760722 0.0609480812641084 0.0609480812641084 0.0767494356659142 0.0711060948081264 0.0237020316027088 0.0790067720090293 0.0259593679458239
"cheSer" 0.151241534988713 0.118510158013544 0.112866817155756 0 0.111738148984199 0.115124153498871 0.109480812641084 0.117381489841986 0.139954853273138 0.124153498871332 0.119638826185102 0.137697516930023 0.152370203160271 0.152370203160271 0.108352144469526 0.159142212189616 0.111738148984199
"chrPic" 0.0711060948081264 0.0237020316027088 0.0237020316027088 0.111738148984199 0 0.0225733634311512 0.0203160270880361 0.0304740406320542 0.0507900677200903 0.0293453724604966 0.0417607223476298 0.0507900677200903 0.0677200902934537 0.0632054176072235 0.0101580135440181 0.0711060948081264 0.00564334085778781
"cuoMcc" 0.0733634311512415 0.0158013544018059 0.0316027088036117 0.115124153498871 0.0225733634311512 0 0.0293453724604966 0.0395033860045147 0.0598194130925508 0.0237020316027088 0.0586907449209932 0.0598194130925508 0.0756207674943567 0.0699774266365688 0.0214446952595937 0.0744920993227991 0.0237020316027088
"derCor" 0.0756207674943567 0.0304740406320542 0.0203160270880361 0.109480812641084 0.0203160270880361 0.0293453724604966 0 0.0316027088036117 0.0553047404063205 0.0372460496613995 0.0564334085778781 0.0564334085778781 0.0688487584650113 0.0677200902934537 0.0191873589164786 0.0756207674943567 0.0214446952595937
"derMaw" 0.0880361173814898 0.0406320541760722 0.0349887133182844 0.117381489841986 0.0304740406320542 0.0395033860045147 0.0316027088036117 0 0.0654627539503386 0.0451467268623025 0.0677200902934537 0.0620767494356659 0.0801354401805869 0.0744920993227991 0.0293453724604966 0.0812641083521445 0.0316027088036117
"emySub" 0.0925507900677201 0.0598194130925508 0.0564334085778781 0.139954853273138 0.0507900677200903 0.0598194130925508 0.0553047404063205 0.0654627539503386 0 0.0699774266365688 0.090293453724605 0.0316027088036117 0.0586907449209932 0.072234762979684 0.0530474040632054 0.064334085778781 0.0553047404063205
"gopAga" 0.0812641083521445 0.0248306997742664 0.0406320541760722 0.124153498871332 0.0293453724604966 0.0237020316027088 0.0372460496613995 0.0451467268623025 0.0699774266365688 0 0.0654627539503386 0.0677200902934537 0.0835214446952596 0.0778781038374718 0.0270880361173815 0.082392776523702 0.0316027088036117
"malTer" 0.107223476297968 0.0609480812641084 0.0609480812641084 0.119638826185102 0.0417607223476298 0.0586907449209932 0.0564334085778781 0.0677200902934537 0.090293453724605 0.0654627539503386 0 0.0880361173814898 0.102708803611738 0.101580135440181 0.0474040632054176 0.110609480812641 0.0428893905191874
"mesTub" 0.0936794582392776 0.0598194130925508 0.0609480812641084 0.137697516930023 0.0507900677200903 0.0598194130925508 0.0564334085778781 0.0620767494356659 0.0316027088036117 0.0677200902934537 0.0880361173814898 0 0.0564334085778781 0.0812641083521445 0.0530474040632054 0.0632054176072235 0.0553047404063205
"pelCas" 0.0981941309255079 0.0778781038374718 0.0767494356659142 0.152370203160271 0.0677200902934537 0.0756207674943567 0.0688487584650113 0.0801354401805869 0.0586907449209932 0.0835214446952596 0.102708803611738 0.0564334085778781 0 0.0891647855530474 0.0688487584650113 0.0598194130925508 0.0711060948081264
"pelSin" 0.0835214446952596 0.0711060948081264 0.0711060948081264 0.152370203160271 0.0632054176072235 0.0699774266365688 0.0677200902934537 0.0744920993227991 0.072234762979684 0.0778781038374718 0.101580135440181 0.0812641083521445 0.0891647855530474 0 0.064334085778781 0.0936794582392776 0.0654627539503386
"plaMeg" 0.0699774266365688 0.0237020316027088 0.0237020316027088 0.108352144469526 0.0101580135440181 0.0214446952595937 0.0191873589164786 0.0293453724604966 0.0530474040632054 0.0270880361173815 0.0474040632054176 0.0530474040632054 0.0688487584650113 0.064334085778781 0 0.0733634311512415 0.0112866817155756
"podExp" 0.109480812641084 0.0756207674943567 0.0790067720090293 0.159142212189616 0.0711060948081264 0.0744920993227991 0.0756207674943567 0.0812641083521445 0.064334085778781 0.082392776523702 0.110609480812641 0.0632054176072235 0.0598194130925508 0.0936794582392776 0.0733634311512415 0 0.0744920993227991
"terMex" 0.072234762979684 0.0259593679458239 0.0259593679458239 0.111738148984199 0.00564334085778781 0.0237020316027088 0.0214446952595937 0.0316027088036117 0.0553047404063205 0.0316027088036117 0.0428893905191874 0.0553047404063205 0.0711060948081264 0.0654627539503386 0.0112866817155756 0.0744920993227991 0
