"carIns" "cheAbi" "cheMyd" "chrPic" "cuoAmb" "cuoMcc" "derCor" "derMaw" "emySub" "malTer" "mesTub" "pelCas" "pelSin" "plaMeg" "podExp" "terMex"
"carIns" 0 0.1 0.21566265060241 0.0867469879518072 0.1 0.0963855421686747 0.101204819277108 0.110843373493976 0.108433734939759 0.0879518072289157 0.109638554216867 0.116867469879518 0.367469879518072 0.48433734939759 0.11566265060241 0.091566265060241
"cheAbi" 0.1 0 0.17710843373494 0.0216867469879518 0.0253012048192771 0.0168674698795181 0.0493975903614458 0.0481927710843374 0.0686746987951807 0.0216867469879518 0.0783132530120482 0.0843373493975904 0.340963855421687 0.498795180722892 0.1 0.0228915662650602
"cheMyd" 0.21566265060241 0.17710843373494 0 0.168674698795181 0.179518072289157 0.173493975903614 0.165060240963855 0.187951807228916 0.203614457831325 0.167469879518072 0.204819277108434 0.203614457831325 0.398795180722892 0.548192771084337 0.218072289156627 0.169879518072289
"chrPic" 0.0867469879518072 0.0216867469879518 0.168674698795181 0 0.0216867469879518 0.0132530120481928 0.0349397590361446 0.036144578313253 0.0590361445783133 0.00481927710843374 0.0674698795180723 0.0734939759036145 0.333734939759036 0.498795180722892 0.0891566265060241 0.00843373493975904
"cuoAmb" 0.1 0.0253012048192771 0.179518072289157 0.0216867469879518 0 0.0108433734939759 0.044578313253012 0.0457831325301205 0.0686746987951807 0.0216867469879518 0.0771084337349398 0.0795180722891566 0.346987951807229 0.497590361445783 0.101204819277108 0.0204819277108434
"cuoMcc" 0.0963855421686747 0.0168674698795181 0.173493975903614 0.0132530120481928 0.0108433734939759 0 0.0409638554216867 0.0373493975903614 0.0626506024096386 0.0132530120481928 0.0686746987951807 0.0783132530120482 0.340963855421687 0.496385542168675 0.1 0.0120481927710843
"derCor" 0.101204819277108 0.0493975903614458 0.165060240963855 0.0349397590361446 0.044578313253012 0.0409638554216867 0 0.0614457831325301 0.080722891566265 0.0349397590361446 0.0867469879518072 0.0891566265060241 0.348192771084337 0.509638554216867 0.0975903614457831 0.036144578313253
"derMaw" 0.110843373493976 0.0481927710843374 0.187951807228916 0.036144578313253 0.0457831325301205 0.0373493975903614 0.0614457831325301 0 0.0819277108433735 0.0349397590361446 0.0855421686746988 0.1 0.340963855421687 0.5 0.114457831325301 0.0325301204819277
"emySub" 0.108433734939759 0.0686746987951807 0.203614457831325 0.0590361445783133 0.0686746987951807 0.0626506024096386 0.080722891566265 0.0819277108433735 0 0.0578313253012048 0.044578313253012 0.0674698795180723 0.33855421686747 0.5 0.0867469879518072 0.0602409638554217
"malTer" 0.0879518072289157 0.0216867469879518 0.167469879518072 0.00481927710843374 0.0216867469879518 0.0132530120481928 0.0349397590361446 0.0349397590361446 0.0578313253012048 0 0.0650602409638554 0.0734939759036145 0.33855421686747 0.5 0.0891566265060241 0.00843373493975904
"mesTub" 0.109638554216867 0.0783132530120482 0.204819277108434 0.0674698795180723 0.0771084337349398 0.0686746987951807 0.0867469879518072 0.0855421686746988 0.044578313253012 0.0650602409638554 0 0.0698795180722892 0.35421686746988 0.497590361445783 0.0879518072289157 0.0662650602409639
"pelCas" 0.116867469879518 0.0843373493975904 0.203614457831325 0.0734939759036145 0.0795180722891566 0.0783132530120482 0.0891566265060241 0.1 0.0674698795180723 0.0734939759036145 0.0698795180722892 0 0.35421686746988 0.508433734939759 0.0771084337349398 0.0746987951807229
"pelSin" 0.367469879518072 0.340963855421687 0.398795180722892 0.333734939759036 0.346987951807229 0.340963855421687 0.348192771084337 0.340963855421687 0.33855421686747 0.33855421686747 0.35421686746988 0.35421686746988 0 0.579518072289157 0.357831325301205 0.336144578313253
"plaMeg" 0.48433734939759 0.498795180722892 0.548192771084337 0.498795180722892 0.497590361445783 0.496385542168675 0.509638554216867 0.5 0.5 0.5 0.497590361445783 0.508433734939759 0.579518072289157 0 0.514457831325301 0.497590361445783
"podExp" 0.11566265060241 0.1 0.218072289156627 0.0891566265060241 0.101204819277108 0.1 0.0975903614457831 0.114457831325301 0.0867469879518072 0.0891566265060241 0.0879518072289157 0.0771084337349398 0.357831325301205 0.514457831325301 0 0.0951807228915663
"terMex" 0.091566265060241 0.0228915662650602 0.169879518072289 0.00843373493975904 0.0204819277108434 0.0120481927710843 0.036144578313253 0.0325301204819277 0.0602409638554217 0.00843373493975904 0.0662650602409639 0.0746987951807229 0.336144578313253 0.497590361445783 0.0951807228915663 0
