"carIns" "cheAbi" "cheMyd" "cheSer" "chrPic" "cuoAmb" "cuoMcc" "derCor" "derMaw" "emySub" "gopAga" "malTer" "mesTub" "pelCas" "pelSin" "plaMeg" "podExp" "terMex"
"carIns" 0 0.0962025316455696 0.113080168776371 0.0818565400843882 0.0843881856540084 0.108860759493671 0.0919831223628692 0.0886075949367089 0.10464135021097 0.10126582278481 0.0919831223628692 0.0869198312236287 0.10464135021097 0.122362869198312 0.108860759493671 0.0751054852320675 0.128270042194093 0.0852320675105485
"cheAbi" 0.0962025316455696 0 0.0649789029535865 0.0481012658227848 0.039662447257384 0.0430379746835443 0.0219409282700422 0.0472573839662447 0.0531645569620253 0.070042194092827 0.0151898734177215 0.0354430379746835 0.0683544303797468 0.0843881856540084 0.0945147679324894 0.0371308016877637 0.10210970464135 0.0345991561181435
"cheMyd" 0.113080168776371 0.0649789029535865 0 0.0582278481012658 0.059915611814346 0.0641350210970464 0.0565400843881857 0.0556962025316456 0.070042194092827 0.0886075949367089 0.0632911392405063 0.0540084388185654 0.0936708860759494 0.106329113924051 0.105485232067511 0.0556962025316456 0.122362869198312 0.0565400843881857
"cheSer" 0.0818565400843882 0.0481012658227848 0.0582278481012658 0 0.0320675105485232 0.0607594936708861 0.039662447257384 0.0354430379746835 0.0481012658227848 0.0666666666666667 0.0447257383966245 0.0345991561181435 0.0742616033755274 0.0869198312236287 0.0928270042194093 0.0244725738396624 0.0978902953586498 0.0362869198312236
"chrPic" 0.0843881856540084 0.039662447257384 0.059915611814346 0.0320675105485232 0 0.0523206751054852 0.0362869198312236 0.0354430379746835 0.0481012658227848 0.0691983122362869 0.0379746835443038 0.0109704641350211 0.0691983122362869 0.0852320675105485 0.0886075949367089 0.020253164556962 0.0987341772151899 0.0143459915611814
"cuoAmb" 0.108860759493671 0.0430379746835443 0.0641350210970464 0.0607594936708861 0.0523206751054852 0 0.0270042194092827 0.059915611814346 0.0683544303797468 0.0877637130801688 0.0413502109704641 0.0481012658227848 0.0877637130801688 0.10210970464135 0.09957805907173 0.0514767932489451 0.115611814345992 0.0489451476793249
"cuoMcc" 0.0919831223628692 0.0219409282700422 0.0565400843881857 0.039662447257384 0.0362869198312236 0.0270042194092827 0 0.0421940928270042 0.0514767932489451 0.0675105485232067 0.0219409282700422 0.0320675105485232 0.0691983122362869 0.0852320675105485 0.0894514767932489 0.0337552742616034 0.0987341772151899 0.0329113924050633
"derCor" 0.0886075949367089 0.0472573839662447 0.0556962025316456 0.0354430379746835 0.0354430379746835 0.059915611814346 0.0421940928270042 0 0.0506329113924051 0.0717299578059072 0.0472573839662447 0.0371308016877637 0.0751054852320675 0.0945147679324894 0.0928270042194093 0.0329113924050633 0.10379746835443 0.0379746835443038
"derMaw" 0.10464135021097 0.0531645569620253 0.070042194092827 0.0481012658227848 0.0481012658227848 0.0683544303797468 0.0514767932489451 0.0506329113924051 0 0.0793248945147679 0.0548523206751055 0.0447257383966245 0.080168776371308 0.0953586497890295 0.10126582278481 0.0447257383966245 0.108016877637131 0.0455696202531646
"emySub" 0.10126582278481 0.070042194092827 0.0886075949367089 0.0666666666666667 0.0691983122362869 0.0877637130801688 0.0675105485232067 0.0717299578059072 0.0793248945147679 0 0.0708860759493671 0.0607594936708861 0.030379746835443 0.0590717299578059 0.106329113924051 0.0666666666666667 0.0810126582278481 0.0658227848101266
"gopAga" 0.0919831223628692 0.0151898734177215 0.0632911392405063 0.0447257383966245 0.0379746835443038 0.0413502109704641 0.0219409282700422 0.0472573839662447 0.0548523206751055 0.0708860759493671 0 0.0320675105485232 0.0708860759493671 0.0843881856540084 0.0962025316455696 0.0371308016877637 0.10464135021097 0.0345991561181435
"malTer" 0.0869198312236287 0.0354430379746835 0.0540084388185654 0.0345991561181435 0.0109704641350211 0.0481012658227848 0.0320675105485232 0.0371308016877637 0.0447257383966245 0.0607594936708861 0.0320675105485232 0 0.0624472573839662 0.080168776371308 0.0911392405063291 0.0219409282700422 0.0970464135021097 0.0126582278481013
"mesTub" 0.10464135021097 0.0683544303797468 0.0936708860759494 0.0742616033755274 0.0691983122362869 0.0877637130801688 0.0691983122362869 0.0751054852320675 0.080168776371308 0.030379746835443 0.0708860759493671 0.0624472573839662 0 0.0624472573839662 0.111392405063291 0.0675105485232067 0.0784810126582278 0.0649789029535865
"pelCas" 0.122362869198312 0.0843881856540084 0.106329113924051 0.0869198312236287 0.0852320675105485 0.10210970464135 0.0852320675105485 0.0945147679324894 0.0953586497890295 0.0590717299578059 0.0843881856540084 0.080168776371308 0.0624472573839662 0 0.124050632911392 0.0843881856540084 0.0675105485232067 0.0818565400843882
"pelSin" 0.108860759493671 0.0945147679324894 0.105485232067511 0.0928270042194093 0.0886075949367089 0.09957805907173 0.0894514767932489 0.0928270042194093 0.10126582278481 0.106329113924051 0.0962025316455696 0.0911392405063291 0.111392405063291 0.124050632911392 0 0.0852320675105485 0.138396624472574 0.0869198312236287
"plaMeg" 0.0751054852320675 0.0371308016877637 0.0556962025316456 0.0244725738396624 0.020253164556962 0.0514767932489451 0.0337552742616034 0.0329113924050633 0.0447257383966245 0.0666666666666667 0.0371308016877637 0.0219409282700422 0.0675105485232067 0.0843881856540084 0.0852320675105485 0 0.0936708860759494 0.020253164556962
"podExp" 0.128270042194093 0.10210970464135 0.122362869198312 0.0978902953586498 0.0987341772151899 0.115611814345992 0.0987341772151899 0.10379746835443 0.108016877637131 0.0810126582278481 0.10464135021097 0.0970464135021097 0.0784810126582278 0.0675105485232067 0.138396624472574 0.0936708860759494 0 0.0987341772151899
"terMex" 0.0852320675105485 0.0345991561181435 0.0565400843881857 0.0362869198312236 0.0143459915611814 0.0489451476793249 0.0329113924050633 0.0379746835443038 0.0455696202531646 0.0658227848101266 0.0345991561181435 0.0126582278481013 0.0649789029535865 0.0818565400843882 0.0869198312236287 0.020253164556962 0.0987341772151899 0
