"carIns" "cheAbi" "cheMyd" "cheSer" "chrPic" "cuoAmb" "cuoMcc" "derCor" "emySub" "gopAga" "malTer" "mesTub" "pelCas" "pelSin" "plaMeg" "podExp" "terMex"
"carIns" 0 0.167208848405986 0.0962914769030579 0.108002602472349 0.0904359141184125 0.10149642160052 0.100845803513338 0.0975927130774236 0.111906310995446 0.108653220559532 0.0936890045543266 0.11971372804164 0.122966818477554 0.17501626545218 0.0975927130774236 0.133376707872479 0.0917371502927781
"cheAbi" 0.167208848405986 0 0.102147039687703 0.111906310995446 0.0943396226415094 0.0943396226415094 0.0917371502927781 0.103448275862069 0.137931034482759 0.0852309694209499 0.0949902407286923 0.142485361093038 0.150292778139232 0.167208848405986 0.0982433311646064 0.155497722836695 0.0962914769030579
"cheMyd" 0.0962914769030579 0.102147039687703 0 0.0344827586206897 0.0227716330513988 0.0351333767078725 0.0338321405335068 0.0130123617436565 0.0689655172413793 0.0409889394925179 0.0253741054001301 0.0806766428106701 0.0819778789850358 0.15679895901106 0.0299284320104099 0.0917371502927781 0.0247234873129473
"cheSer" 0.108002602472349 0.111906310995446 0.0344827586206897 0 0.0338321405335068 0.0455432661027977 0.0429407937540664 0.0383864671437866 0.081327260897853 0.0494469746258946 0.0338321405335068 0.0891346779440469 0.0975927130774236 0.167208848405986 0.0396877033181522 0.102147039687703 0.0357839947950553
"chrPic" 0.0904359141184125 0.0943396226415094 0.0227716330513988 0.0338321405335068 0 0.0253741054001301 0.0227716330513988 0.0227716330513988 0.0605074821080026 0.0305790500975927 0.00520494469746259 0.0696161353285621 0.0780741704619388 0.152244632400781 0.0175666883539362 0.0819778789850358 0.00845803513337671
"cuoAmb" 0.10149642160052 0.0943396226415094 0.0351333767078725 0.0455432661027977 0.0253741054001301 0 0.00845803513337671 0.0364346128822381 0.0800260247234873 0.0286271958360442 0.0266753415744958 0.0865322055953155 0.0910865322055953 0.16590761223162 0.0305790500975927 0.0956408588158751 0.0273259596616786
"cuoMcc" 0.100845803513338 0.0917371502927781 0.0338321405335068 0.0429407937540664 0.0227716330513988 0.00845803513337671 0 0.0351333767078725 0.0780741704619388 0.0260247234873129 0.0240728692257645 0.0845803513337671 0.088484059856864 0.162003903708523 0.0299284320104099 0.0930383864671438 0.0247234873129473
"derCor" 0.0975927130774236 0.103448275862069 0.0130123617436565 0.0383864671437866 0.0227716330513988 0.0364346128822381 0.0351333767078725 0 0.0689655172413793 0.0416395575797007 0.0253741054001301 0.0800260247234873 0.0858815875081327 0.160052049446975 0.0292778139232271 0.0910865322055953 0.0273259596616786
"emySub" 0.111906310995446 0.137931034482759 0.0689655172413793 0.081327260897853 0.0605074821080026 0.0800260247234873 0.0780741704619388 0.0689655172413793 0 0.0826284970722186 0.0631099544567339 0.037085230969421 0.070266753415745 0.176968119713728 0.0683148991541965 0.0767729342875732 0.066363044892648
"gopAga" 0.108653220559532 0.0852309694209499 0.0409889394925179 0.0494469746258946 0.0305790500975927 0.0286271958360442 0.0260247234873129 0.0416395575797007 0.0826284970722186 0 0.0318802862719584 0.092387768379961 0.0943396226415094 0.168510084580351 0.0357839947950553 0.099544567338972 0.0312296681847755
"malTer" 0.0936890045543266 0.0949902407286923 0.0253741054001301 0.0338321405335068 0.00520494469746259 0.0266753415744958 0.0240728692257645 0.0253741054001301 0.0631099544567339 0.0318802862719584 0 0.0715679895901106 0.0793754066363045 0.152895250487964 0.0188679245283019 0.0819778789850358 0.00975927130774236
"mesTub" 0.11971372804164 0.142485361093038 0.0806766428106701 0.0891346779440469 0.0696161353285621 0.0865322055953155 0.0845803513337671 0.0800260247234873 0.037085230969421 0.092387768379961 0.0715679895901106 0 0.0741704619388419 0.178269355888094 0.077423552374756 0.0767729342875732 0.0748210800260247
"pelCas" 0.122966818477554 0.150292778139232 0.0819778789850358 0.0975927130774236 0.0780741704619388 0.0910865322055953 0.088484059856864 0.0858815875081327 0.070266753415745 0.0943396226415094 0.0793754066363045 0.0741704619388419 0 0.182823682498373 0.0852309694209499 0.0644111906310995 0.0806766428106701
"pelSin" 0.17501626545218 0.167208848405986 0.15679895901106 0.167208848405986 0.152244632400781 0.16590761223162 0.162003903708523 0.160052049446975 0.176968119713728 0.168510084580351 0.152895250487964 0.178269355888094 0.182823682498373 0 0.160052049446975 0.193233571893299 0.155497722836695
"plaMeg" 0.0975927130774236 0.0982433311646064 0.0299284320104099 0.0396877033181522 0.0175666883539362 0.0305790500975927 0.0299284320104099 0.0292778139232271 0.0683148991541965 0.0357839947950553 0.0188679245283019 0.077423552374756 0.0852309694209499 0.160052049446975 0 0.0891346779440469 0.0182173064411191
"podExp" 0.133376707872479 0.155497722836695 0.0917371502927781 0.102147039687703 0.0819778789850358 0.0956408588158751 0.0930383864671438 0.0910865322055953 0.0767729342875732 0.099544567338972 0.0819778789850358 0.0767729342875732 0.0644111906310995 0.193233571893299 0.0891346779440469 0 0.0852309694209499
"terMex" 0.0917371502927781 0.0962914769030579 0.0247234873129473 0.0357839947950553 0.00845803513337671 0.0273259596616786 0.0247234873129473 0.0273259596616786 0.066363044892648 0.0312296681847755 0.00975927130774236 0.0748210800260247 0.0806766428106701 0.155497722836695 0.0182173064411191 0.0852309694209499 0
