"cheAbi" "cheMyd" "cheSer" "chrPic" "cuoMcc" "derCor" "derMaw" "emySub" "gopAga" "malTer" "mesTub" "pelCas" "pelSin" "plaMeg" "podExp"
"cheAbi" 0 0.0567901234567901 0.054320987654321 0.0353909465020576 0.20082304526749 0.0551440329218107 0.0584362139917695 0.091358024691358 0.0222222222222222 0.0329218106995885 0.08559670781893 0.100411522633745 0.116872427983539 0.0362139917695473 0.123456790123457
"cheMyd" 0.0567901234567901 0 0.0444444444444444 0.0444444444444444 0.218106995884774 0.0263374485596708 0.0534979423868313 0.0864197530864197 0.0534979423868313 0.0436213991769547 0.08559670781893 0.101234567901235 0.111111111111111 0.0477366255144033 0.120987654320988
"cheSer" 0.054320987654321 0.0444444444444444 0 0.0411522633744856 0.216460905349794 0.0460905349794239 0.0502057613168724 0.0823045267489712 0.0518518518518519 0.0395061728395062 0.0814814814814815 0.0995884773662551 0.109465020576132 0.042798353909465 0.11440329218107
"chrPic" 0.0353909465020576 0.0444444444444444 0.0411522633744856 0 0.201646090534979 0.0436213991769547 0.0518518518518519 0.0798353909465021 0.0320987654320988 0.00576131687242798 0.0740740740740741 0.0880658436213992 0.107818930041152 0.0222222222222222 0.112757201646091
"cuoMcc" 0.20082304526749 0.218106995884774 0.216460905349794 0.201646090534979 0 0.213168724279835 0.218106995884774 0.243621399176955 0.201646090534979 0.19917695473251 0.238683127572016 0.254320987654321 0.251851851851852 0.197530864197531 0.268312757201646
"derCor" 0.0551440329218107 0.0263374485596708 0.0460905349794239 0.0436213991769547 0.213168724279835 0 0.0518518518518519 0.0765432098765432 0.0518518518518519 0.0419753086419753 0.0798353909465021 0.102057613168724 0.11440329218107 0.0436213991769547 0.116872427983539
"derMaw" 0.0584362139917695 0.0534979423868313 0.0502057613168724 0.0518518518518519 0.218106995884774 0.0518518518518519 0 0.08559670781893 0.0526748971193416 0.0502057613168724 0.0814814814814815 0.106172839506173 0.105349794238683 0.0534979423868313 0.122633744855967
"emySub" 0.091358024691358 0.0864197530864197 0.0823045267489712 0.0798353909465021 0.243621399176955 0.0765432098765432 0.08559670781893 0 0.0864197530864197 0.0790123456790123 0.0666666666666667 0.102057613168724 0.120164609053498 0.0823045267489712 0.111934156378601
"gopAga" 0.0222222222222222 0.0534979423868313 0.0518518518518519 0.0320987654320988 0.201646090534979 0.0518518518518519 0.0526748971193416 0.0864197530864197 0 0.0296296296296296 0.0806584362139918 0.0987654320987654 0.111934156378601 0.0337448559670782 0.118518518518519
"malTer" 0.0329218106995885 0.0436213991769547 0.0395061728395062 0.00576131687242798 0.19917695473251 0.0419753086419753 0.0502057613168724 0.0790123456790123 0.0296296296296296 0 0.0716049382716049 0.0880658436213992 0.106995884773663 0.0189300411522634 0.111934156378601
"mesTub" 0.08559670781893 0.08559670781893 0.0814814814814815 0.0740740740740741 0.238683127572016 0.0798353909465021 0.0814814814814815 0.0666666666666667 0.0806584362139918 0.0716049382716049 0 0.0962962962962963 0.11440329218107 0.0781893004115226 0.11440329218107
"pelCas" 0.100411522633745 0.101234567901235 0.0995884773662551 0.0880658436213992 0.254320987654321 0.102057613168724 0.106172839506173 0.102057613168724 0.0987654320987654 0.0880658436213992 0.0962962962962963 0 0.133333333333333 0.0930041152263374 0.091358024691358
"pelSin" 0.116872427983539 0.111111111111111 0.109465020576132 0.107818930041152 0.251851851851852 0.11440329218107 0.105349794238683 0.120164609053498 0.111934156378601 0.106995884773663 0.11440329218107 0.133333333333333 0 0.112757201646091 0.157201646090535
"plaMeg" 0.0362139917695473 0.0477366255144033 0.042798353909465 0.0222222222222222 0.197530864197531 0.0436213991769547 0.0534979423868313 0.0823045267489712 0.0337448559670782 0.0189300411522634 0.0781893004115226 0.0930041152263374 0.112757201646091 0 0.111111111111111
"podExp" 0.123456790123457 0.120987654320988 0.11440329218107 0.112757201646091 0.268312757201646 0.116872427983539 0.122633744855967 0.111934156378601 0.118518518518519 0.111934156378601 0.11440329218107 0.091358024691358 0.157201646090535 0.111111111111111 0
