"carIns" "cheAbi" "cheMyd" "cheSer" "chrPic" "cuoMcc" "derCor" "derMaw" "emySub" "malTer" "mesTub" "pelCas" "pelSin" "plaMeg" "podExp" "terMex"
"carIns" 0 0.0921595598349381 0.09353507565337 0.09353507565337 0.0825309491059147 0.0811554332874828 0.0949105914718019 0.0907840440165062 0.101788170563961 0.0825309491059147 0.103163686382393 0.115543328748281 0.108665749656121 0.171939477303989 0.123796423658872 0.0852819807427785
"cheAbi" 0.0921595598349381 0 0.0330123796423659 0.031636863823934 0.0192572214580468 0.0206327372764787 0.0343878954607978 0.031636863823934 0.0440165061898212 0.0165061898211829 0.0563961485557084 0.0660247592847318 0.061898211829436 0.121045392022008 0.0742778541953232 0.0178817056396149
"cheMyd" 0.09353507565337 0.0330123796423659 0 0.031636863823934 0.0247592847317744 0.0261348005502063 0.0165061898211829 0.0357634112792297 0.0508940852819807 0.0220082530949106 0.0563961485557084 0.0715268225584594 0.0674002751031637 0.125171939477304 0.0825309491059147 0.0261348005502063
"cheSer" 0.09353507565337 0.031636863823934 0.031636863823934 0 0.0261348005502063 0.0275103163686382 0.0385144429160935 0.0302613480055021 0.0508940852819807 0.0233837689133425 0.0577716643741403 0.0701513067400275 0.0605226960110041 0.123796423658872 0.0811554332874828 0.0275103163686382
"chrPic" 0.0825309491059147 0.0192572214580468 0.0247592847317744 0.0261348005502063 0 0.00962861072902338 0.0302613480055021 0.0275103163686382 0.0398899587345254 0.00275103163686382 0.0481430536451169 0.0563961485557084 0.0563961485557084 0.110041265474553 0.0687757909215956 0.00962861072902338
"cuoMcc" 0.0811554332874828 0.0206327372764787 0.0261348005502063 0.0275103163686382 0.00962861072902338 0 0.031636863823934 0.0288858321870702 0.0412654745529574 0.00687757909215956 0.046767537826685 0.0605226960110041 0.0522696011004127 0.116918844566713 0.0729023383768913 0.0137551581843191
"derCor" 0.0949105914718019 0.0343878954607978 0.0165061898211829 0.0385144429160935 0.0302613480055021 0.031636863823934 0 0.0412654745529574 0.0495185694635488 0.0275103163686382 0.061898211829436 0.0742778541953232 0.0729023383768913 0.126547455295736 0.0866574965612105 0.0261348005502063
"derMaw" 0.0907840440165062 0.031636863823934 0.0357634112792297 0.0302613480055021 0.0275103163686382 0.0288858321870702 0.0412654745529574 0 0.0508940852819807 0.0247592847317744 0.0646492434662999 0.0729023383768913 0.0660247592847318 0.126547455295736 0.0770288858321871 0.0275103163686382
"emySub" 0.101788170563961 0.0440165061898212 0.0508940852819807 0.0508940852819807 0.0398899587345254 0.0412654745529574 0.0495185694635488 0.0508940852819807 0 0.0371389270976616 0.031636863823934 0.061898211829436 0.0742778541953232 0.132049518569464 0.0715268225584594 0.0343878954607978
"malTer" 0.0825309491059147 0.0165061898211829 0.0220082530949106 0.0233837689133425 0.00275103163686382 0.00687757909215956 0.0275103163686382 0.0247592847317744 0.0371389270976616 0 0.0453920220082531 0.0536451169188446 0.0536451169188446 0.110041265474553 0.0687757909215956 0.00687757909215956
"mesTub" 0.103163686382393 0.0563961485557084 0.0563961485557084 0.0577716643741403 0.0481430536451169 0.046767537826685 0.061898211829436 0.0646492434662999 0.031636863823934 0.0453920220082531 0 0.0715268225584594 0.0839064649243466 0.137551581843191 0.0852819807427785 0.046767537826685
"pelCas" 0.115543328748281 0.0660247592847318 0.0715268225584594 0.0701513067400275 0.0563961485557084 0.0605226960110041 0.0742778541953232 0.0729023383768913 0.061898211829436 0.0536451169188446 0.0715268225584594 0 0.0921595598349381 0.152682255845942 0.0715268225584594 0.0605226960110041
"pelSin" 0.108665749656121 0.061898211829436 0.0674002751031637 0.0605226960110041 0.0563961485557084 0.0522696011004127 0.0729023383768913 0.0660247592847318 0.0742778541953232 0.0536451169188446 0.0839064649243466 0.0921595598349381 0 0.149931224209078 0.10041265474553 0.0577716643741403
"plaMeg" 0.171939477303989 0.121045392022008 0.125171939477304 0.123796423658872 0.110041265474553 0.116918844566713 0.126547455295736 0.126547455295736 0.132049518569464 0.110041265474553 0.137551581843191 0.152682255845942 0.149931224209078 0 0.163686382393398 0.108665749656121
"podExp" 0.123796423658872 0.0742778541953232 0.0825309491059147 0.0811554332874828 0.0687757909215956 0.0729023383768913 0.0866574965612105 0.0770288858321871 0.0715268225584594 0.0687757909215956 0.0852819807427785 0.0715268225584594 0.10041265474553 0.163686382393398 0 0.0742778541953232
"terMex" 0.0852819807427785 0.0178817056396149 0.0261348005502063 0.0275103163686382 0.00962861072902338 0.0137551581843191 0.0261348005502063 0.0275103163686382 0.0343878954607978 0.00687757909215956 0.046767537826685 0.0605226960110041 0.0577716643741403 0.108665749656121 0.0742778541953232 0
