"carIns" "cheAbi" "cheMyd" "cheSer" "chrPic" "cuoAmb" "cuoMcc" "derCor" "derMaw" "emySub" "gopAga" "malTer" "mesTub" "pelCas" "pelSin" "plaMeg" "podExp" "terMex"
"carIns" 0 0.107868020304569 0.0989847715736041 0.119289340101523 0.114213197969543 0.540609137055838 0.112944162436548 0.105329949238579 0.123096446700508 0.128172588832487 0.106598984771574 0.112944162436548 0.125634517766497 0.137055837563452 0.135786802030457 0.107868020304569 0.142131979695431 0.110406091370558
"cheAbi" 0.107868020304569 0 0.049492385786802 0.049492385786802 0.0444162436548223 0.536802030456853 0.0304568527918782 0.049492385786802 0.065989847715736 0.105329949238579 0.0203045685279188 0.0444162436548223 0.100253807106599 0.112944162436548 0.109137055837563 0.0418781725888325 0.114213197969543 0.0418781725888325
"cheMyd" 0.0989847715736041 0.049492385786802 0 0.0545685279187817 0.0558375634517767 0.532994923857868 0.0482233502538071 0.0215736040609137 0.0634517766497462 0.0989847715736041 0.0431472081218274 0.0558375634517767 0.0964467005076142 0.106598984771574 0.107868020304569 0.0520304568527919 0.111675126903553 0.0520304568527919
"cheSer" 0.119289340101523 0.049492385786802 0.0545685279187817 0 0.0532994923857868 0.540609137055838 0.050761421319797 0.049492385786802 0.065989847715736 0.102791878172589 0.049492385786802 0.0532994923857868 0.100253807106599 0.118020304568528 0.114213197969543 0.0469543147208122 0.105329949238579 0.0532994923857868
"chrPic" 0.114213197969543 0.0444162436548223 0.0558375634517767 0.0532994923857868 0 0.527918781725888 0.0456852791878173 0.0545685279187817 0.0710659898477157 0.102791878172589 0.0418781725888325 0.0101522842639594 0.0977157360406091 0.114213197969543 0.111675126903553 0.0406091370558376 0.111675126903553 0.0266497461928934
"cuoAmb" 0.540609137055838 0.536802030456853 0.532994923857868 0.540609137055838 0.527918781725888 0 0.531725888324873 0.526649746192893 0.532994923857868 0.541878172588833 0.529187817258883 0.526649746192893 0.538071065989848 0.549492385786802 0.543147208121827 0.531725888324873 0.544416243654822 0.530456852791878
"cuoMcc" 0.112944162436548 0.0304568527918782 0.0482233502538071 0.050761421319797 0.0456852791878173 0.531725888324873 0 0.0469543147208122 0.065989847715736 0.0977157360406091 0.0228426395939086 0.0431472081218274 0.0926395939086294 0.109137055837563 0.111675126903553 0.0393401015228426 0.112944162436548 0.0406091370558376
"derCor" 0.105329949238579 0.049492385786802 0.0215736040609137 0.049492385786802 0.0545685279187817 0.526649746192893 0.0469543147208122 0 0.0609137055837563 0.0989847715736041 0.0406091370558376 0.0545685279187817 0.0964467005076142 0.106598984771574 0.106598984771574 0.050761421319797 0.106598984771574 0.050761421319797
"derMaw" 0.123096446700508 0.065989847715736 0.0634517766497462 0.065989847715736 0.0710659898477157 0.532994923857868 0.065989847715736 0.0609137055837563 0 0.116751269035533 0.0596446700507614 0.0710659898477157 0.106598984771574 0.128172588832487 0.116751269035533 0.067258883248731 0.124365482233503 0.067258883248731
"emySub" 0.128172588832487 0.105329949238579 0.0989847715736041 0.102791878172589 0.102791878172589 0.541878172588833 0.0977157360406091 0.0989847715736041 0.116751269035533 0 0.0977157360406091 0.104060913705584 0.0532994923857868 0.0989847715736041 0.139593908629442 0.102791878172589 0.106598984771574 0.101522842639594
"gopAga" 0.106598984771574 0.0203045685279188 0.0431472081218274 0.049492385786802 0.0418781725888325 0.529187817258883 0.0228426395939086 0.0406091370558376 0.0596446700507614 0.0977157360406091 0 0.0393401015228426 0.0939086294416244 0.105329949238579 0.104060913705584 0.032994923857868 0.110406091370558 0.0368020304568528
"malTer" 0.112944162436548 0.0444162436548223 0.0558375634517767 0.0532994923857868 0.0101522842639594 0.526649746192893 0.0431472081218274 0.0545685279187817 0.0710659898477157 0.104060913705584 0.0393401015228426 0 0.0989847715736041 0.112944162436548 0.116751269035533 0.0380710659898477 0.110406091370558 0.0215736040609137
"mesTub" 0.125634517766497 0.100253807106599 0.0964467005076142 0.100253807106599 0.0977157360406091 0.538071065989848 0.0926395939086294 0.0964467005076142 0.106598984771574 0.0532994923857868 0.0939086294416244 0.0989847715736041 0 0.100253807106599 0.133248730964467 0.101522842639594 0.107868020304569 0.0977157360406091
"pelCas" 0.137055837563452 0.112944162436548 0.106598984771574 0.118020304568528 0.114213197969543 0.549492385786802 0.109137055837563 0.106598984771574 0.128172588832487 0.0989847715736041 0.105329949238579 0.112944162436548 0.100253807106599 0 0.149746192893401 0.105329949238579 0.0939086294416244 0.111675126903553
"pelSin" 0.135786802030457 0.109137055837563 0.107868020304569 0.114213197969543 0.111675126903553 0.543147208121827 0.111675126903553 0.106598984771574 0.116751269035533 0.139593908629442 0.104060913705584 0.116751269035533 0.133248730964467 0.149746192893401 0 0.112944162436548 0.156091370558376 0.111675126903553
"plaMeg" 0.107868020304569 0.0418781725888325 0.0520304568527919 0.0469543147208122 0.0406091370558376 0.531725888324873 0.0393401015228426 0.050761421319797 0.067258883248731 0.102791878172589 0.032994923857868 0.0380710659898477 0.101522842639594 0.105329949238579 0.112944162436548 0 0.110406091370558 0.0380710659898477
"podExp" 0.142131979695431 0.114213197969543 0.111675126903553 0.105329949238579 0.111675126903553 0.544416243654822 0.112944162436548 0.106598984771574 0.124365482233503 0.106598984771574 0.110406091370558 0.110406091370558 0.107868020304569 0.0939086294416244 0.156091370558376 0.110406091370558 0 0.109137055837563
"terMex" 0.110406091370558 0.0418781725888325 0.0520304568527919 0.0532994923857868 0.0266497461928934 0.530456852791878 0.0406091370558376 0.050761421319797 0.067258883248731 0.101522842639594 0.0368020304568528 0.0215736040609137 0.0977157360406091 0.111675126903553 0.111675126903553 0.0380710659898477 0.109137055837563 0
