"carIns" "cheAbi" "cheMyd" "cheSer" "chrPic" "cuoMcc" "derCor" "emySub" "gopAga" "mesTub" "pelCas" "pelSin" "plaMeg" "podExp" "terMex"
"carIns" 0 0.0748930099857347 0.13623395149786 0.0684736091298146 0.0691868758915835 0.0741797432239658 0.0699001426533524 0.115549215406562 0.0770328102710414 0.106276747503566 0.140513552068474 0.130527817403709 0.065620542082739 0.14265335235378 0.0691868758915835
"cheAbi" 0.0748930099857347 0 0.10413694721826 0.0263908701854494 0.0185449358059914 0.0185449358059914 0.0335235378031384 0.0841654778887304 0.0171184022824536 0.0748930099857347 0.1169757489301 0.108416547788873 0.0135520684736091 0.117689015691869 0.0185449358059914
"cheMyd" 0.13623395149786 0.10413694721826 0 0.0962910128388017 0.0977175463623395 0.101997146932953 0.0934379457917261 0.0970042796005706 0.106276747503566 0.0884450784593438 0.125534950071327 0.0970042796005706 0.0955777460770328 0.128388017118402 0.0977175463623395
"cheSer" 0.0684736091298146 0.0263908701854494 0.0962910128388017 0 0.0178316690442225 0.0235378031383738 0.0242510699001427 0.0748930099857347 0.0278174037089872 0.0677603423680457 0.106990014265335 0.101997146932953 0.0156918687589158 0.111982881597718 0.0178316690442225
"chrPic" 0.0691868758915835 0.0185449358059914 0.0977175463623395 0.0178316690442225 0 0.0156918687589158 0.0249643366619116 0.0777460770328103 0.021398002853067 0.0691868758915835 0.111269614835949 0.101997146932953 0.00784593437945792 0.11055634807418 0.00570613409415121
"cuoMcc" 0.0741797432239658 0.0185449358059914 0.101997146932953 0.0235378031383738 0.0156918687589158 0 0.029243937232525 0.0848787446504993 0.021398002853067 0.0734664764621969 0.113409415121255 0.107703281027104 0.0121255349500713 0.1169757489301 0.0156918687589158
"derCor" 0.0699001426533524 0.0335235378031384 0.0934379457917261 0.0242510699001427 0.0249643366619116 0.029243937232525 0 0.0848787446504993 0.036376604850214 0.0770328102710414 0.114835948644793 0.106276747503566 0.0228245363766049 0.117689015691869 0.0249643366619116
"emySub" 0.115549215406562 0.0841654778887304 0.0970042796005706 0.0748930099857347 0.0777460770328103 0.0848787446504993 0.0848787446504993 0 0.0877318116975749 0.0335235378031384 0.0763195435092725 0.0912981455064194 0.0770328102710414 0.0820256776034237 0.0791726105563481
"gopAga" 0.0770328102710414 0.0171184022824536 0.106276747503566 0.0278174037089872 0.021398002853067 0.021398002853067 0.036376604850214 0.0877318116975749 0 0.0777460770328103 0.121255349500713 0.108416547788873 0.0164051355206847 0.120542082738944 0.021398002853067
"mesTub" 0.106276747503566 0.0748930099857347 0.0884450784593438 0.0677603423680457 0.0691868758915835 0.0734664764621969 0.0770328102710414 0.0335235378031384 0.0777460770328103 0 0.0734664764621969 0.0863052781740371 0.0670470756062767 0.0770328102710414 0.0706134094151213
"pelCas" 0.140513552068474 0.1169757489301 0.125534950071327 0.106990014265335 0.111269614835949 0.113409415121255 0.114835948644793 0.0763195435092725 0.121255349500713 0.0734664764621969 0 0.120542082738944 0.109129814550642 0.0606276747503566 0.111269614835949
"pelSin" 0.130527817403709 0.108416547788873 0.0970042796005706 0.101997146932953 0.101997146932953 0.107703281027104 0.106276747503566 0.0912981455064194 0.108416547788873 0.0863052781740371 0.120542082738944 0 0.101283880171184 0.120542082738944 0.101997146932953
"plaMeg" 0.065620542082739 0.0135520684736091 0.0955777460770328 0.0156918687589158 0.00784593437945792 0.0121255349500713 0.0228245363766049 0.0770328102710414 0.0164051355206847 0.0670470756062767 0.109129814550642 0.101283880171184 0 0.109843081312411 0.00784593437945792
"podExp" 0.14265335235378 0.117689015691869 0.128388017118402 0.111982881597718 0.11055634807418 0.1169757489301 0.117689015691869 0.0820256776034237 0.120542082738944 0.0770328102710414 0.0606276747503566 0.120542082738944 0.109843081312411 0 0.111982881597718
"terMex" 0.0691868758915835 0.0185449358059914 0.0977175463623395 0.0178316690442225 0.00570613409415121 0.0156918687589158 0.0249643366619116 0.0791726105563481 0.021398002853067 0.0706134094151213 0.111269614835949 0.101997146932953 0.00784593437945792 0.111982881597718 0
