"carIns" "cheAbi" "cheMyd" "cheSer" "chrPic" "cuoMcc" "derCor" "derMaw" "emySub" "malTer" "mesTub" "pelCas" "pelSin" "plaMeg" "podExp" "terMex"
"carIns" 0 0.235457063711911 0.249307479224377 0.225761772853186 0.234072022160665 0.232686980609418 0.243767313019391 0.228531855955679 0.271468144044321 0.229916897506925 0.268698060941828 0.285318559556787 0.253462603878116 0.224376731301939 0.289473684210526 0.228531855955679
"cheAbi" 0.235457063711911 0 0.0872576177285319 0.0664819944598338 0.0415512465373961 0.0318559556786704 0.0817174515235457 0.0803324099722992 0.142659279778393 0.0429362880886427 0.14819944598338 0.14404432132964 0.150969529085873 0.0346260387811634 0.146814404432133 0.0346260387811634
"cheMyd" 0.249307479224377 0.0872576177285319 0 0.074792243767313 0.0761772853185596 0.0789473684210526 0.0554016620498615 0.0844875346260388 0.159279778393352 0.074792243767313 0.163434903047091 0.177285318559557 0.153739612188366 0.0692520775623269 0.163434903047091 0.0692520775623269
"cheSer" 0.225761772853186 0.0664819944598338 0.074792243767313 0 0.0595567867036011 0.0581717451523546 0.0623268698060942 0.0637119113573407 0.1398891966759 0.0581717451523546 0.14819944598338 0.14819944598338 0.153739612188366 0.0526315789473684 0.141274238227147 0.0526315789473684
"chrPic" 0.234072022160665 0.0415512465373961 0.0761772853185596 0.0595567867036011 0 0.0290858725761773 0.0678670360110803 0.07202216066482 0.137119113573407 0.0152354570637119 0.142659279778393 0.149584487534626 0.145429362880886 0.0207756232686981 0.141274238227147 0.0207756232686981
"cuoMcc" 0.232686980609418 0.0318559556786704 0.0789473684210526 0.0581717451523546 0.0290858725761773 0 0.07202216066482 0.0734072022160665 0.1398891966759 0.0304709141274238 0.145429362880886 0.150969529085873 0.141274238227147 0.0249307479224377 0.145429362880886 0.0221606648199446
"derCor" 0.243767313019391 0.0817174515235457 0.0554016620498615 0.0623268698060942 0.0678670360110803 0.07202216066482 0 0.0775623268698061 0.156509695290859 0.0664819944598338 0.160664819944598 0.167590027700831 0.155124653739612 0.0637119113573407 0.156509695290859 0.0637119113573407
"derMaw" 0.228531855955679 0.0803324099722992 0.0844875346260388 0.0637119113573407 0.07202216066482 0.0734072022160665 0.0775623268698061 0 0.149584487534626 0.07202216066482 0.159279778393352 0.164819944598338 0.156509695290859 0.0595567867036011 0.155124653739612 0.0623268698060942
"emySub" 0.271468144044321 0.142659279778393 0.159279778393352 0.1398891966759 0.137119113573407 0.1398891966759 0.156509695290859 0.149584487534626 0 0.134349030470914 0.110803324099723 0.138504155124654 0.191135734072022 0.135734072022161 0.128808864265928 0.135734072022161
"malTer" 0.229916897506925 0.0429362880886427 0.074792243767313 0.0581717451523546 0.0152354570637119 0.0304709141274238 0.0664819944598338 0.07202216066482 0.134349030470914 0 0.146814404432133 0.149584487534626 0.146814404432133 0.0221606648199446 0.142659279778393 0.0221606648199446
"mesTub" 0.268698060941828 0.14819944598338 0.163434903047091 0.14819944598338 0.142659279778393 0.145429362880886 0.160664819944598 0.159279778393352 0.110803324099723 0.146814404432133 0 0.153739612188366 0.193905817174515 0.14404432132964 0.145429362880886 0.138504155124654
"pelCas" 0.285318559556787 0.14404432132964 0.177285318559557 0.14819944598338 0.149584487534626 0.150969529085873 0.167590027700831 0.164819944598338 0.138504155124654 0.149584487534626 0.153739612188366 0 0.206371191135734 0.149584487534626 0.120498614958449 0.14404432132964
"pelSin" 0.253462603878116 0.150969529085873 0.153739612188366 0.153739612188366 0.145429362880886 0.141274238227147 0.155124653739612 0.156509695290859 0.191135734072022 0.146814404432133 0.193905817174515 0.206371191135734 0 0.137119113573407 0.193905817174515 0.1398891966759
"plaMeg" 0.224376731301939 0.0346260387811634 0.0692520775623269 0.0526315789473684 0.0207756232686981 0.0249307479224377 0.0637119113573407 0.0595567867036011 0.135734072022161 0.0221606648199446 0.14404432132964 0.149584487534626 0.137119113573407 0 0.142659279778393 0.0138504155124654
"podExp" 0.289473684210526 0.146814404432133 0.163434903047091 0.141274238227147 0.141274238227147 0.145429362880886 0.156509695290859 0.155124653739612 0.128808864265928 0.142659279778393 0.145429362880886 0.120498614958449 0.193905817174515 0.142659279778393 0 0.137119113573407
"terMex" 0.228531855955679 0.0346260387811634 0.0692520775623269 0.0526315789473684 0.0207756232686981 0.0221606648199446 0.0637119113573407 0.0623268698060942 0.135734072022161 0.0221606648199446 0.138504155124654 0.14404432132964 0.1398891966759 0.0138504155124654 0.137119113573407 0
