"carIns" "cheAbi" "cheMyd" "cheSer" "chrPic" "cuoAmb" "cuoMcc" "derCor" "derMaw" "emySub" "malTer" "mesTub" "pelCas" "plaMeg" "podExp" "terMex"
"carIns" 0 0.10704483074108 0.102470265324794 0.0924062214089661 0.15096065873742 0.12900274473925 0.105215004574565 0.111619396157365 0.0942360475754803 0.108874656907594 0.104300091491308 0.130832570905764 0.124428179322964 0.0887465690759378 0.15096065873742 0.0951509606587374
"cheAbi" 0.10704483074108 0 0.0494053064958829 0.0420860018298262 0.0951509606587374 0.060384263494968 0.0311070448307411 0.060384263494968 0.0457456541628545 0.0914913083257091 0.0466605672461116 0.125343092406221 0.103385178408051 0.030192131747484 0.132662397072278 0.0320219579139982
"cheMyd" 0.102470265324794 0.0494053064958829 0 0.040256175663312 0.10064043915828 0.0677035681610247 0.0494053064958829 0.0292772186642269 0.0475754803293687 0.0869167429094236 0.0393412625800549 0.115279048490393 0.10064043915828 0.0365965233302836 0.127172918572736 0.0338517840805123
"cheSer" 0.0924062214089661 0.0420860018298262 0.040256175663312 0 0.0896614821591949 0.0677035681610247 0.040256175663312 0.0484903934126258 0.0384263494967978 0.0759377859103385 0.0375114364135407 0.111619396157365 0.0942360475754803 0.0228728270814273 0.120768526989936 0.0247026532479414
"chrPic" 0.15096065873742 0.0951509606587374 0.10064043915828 0.0896614821591949 0 0.120768526989936 0.0942360475754803 0.10704483074108 0.0951509606587374 0.131747483989021 0.0914913083257091 0.160109789569991 0.146386093321135 0.0786825251601098 0.180237877401647 0.0741079597438243
"cuoAmb" 0.12900274473925 0.060384263494968 0.0677035681610247 0.0677035681610247 0.120768526989936 0 0.0356816102470265 0.0741079597438243 0.0759377859103385 0.108874656907594 0.0622140896614822 0.136322049405306 0.124428179322964 0.0558096980786825 0.151875571820677 0.0576395242451967
"cuoMcc" 0.105215004574565 0.0311070448307411 0.0494053064958829 0.040256175663312 0.0942360475754803 0.0356816102470265 0 0.0585544373284538 0.0466605672461116 0.0869167429094236 0.0448307410795974 0.121683440073193 0.0988106129917658 0.0274473924977127 0.131747483989021 0.030192131747484
"derCor" 0.111619396157365 0.060384263494968 0.0292772186642269 0.0484903934126258 0.10704483074108 0.0741079597438243 0.0585544373284538 0 0.0612991765782251 0.0951509606587374 0.05032021957914 0.114364135407136 0.109789569990851 0.0439158279963403 0.135407136322049 0.0375114364135407
"derMaw" 0.0942360475754803 0.0457456541628545 0.0475754803293687 0.0384263494967978 0.0951509606587374 0.0759377859103385 0.0466605672461116 0.0612991765782251 0 0.0850869167429094 0.0484903934126258 0.115279048490393 0.0969807868252516 0.0329368709972553 0.123513266239707 0.0320219579139982
"emySub" 0.108874656907594 0.0914913083257091 0.0869167429094236 0.0759377859103385 0.131747483989021 0.108874656907594 0.0869167429094236 0.0951509606587374 0.0850869167429094 0 0.0869167429094236 0.0594693504117109 0.0722781335773102 0.0731930466605673 0.0997255260750229 0.0741079597438243
"malTer" 0.104300091491308 0.0466605672461116 0.0393412625800549 0.0375114364135407 0.0914913083257091 0.0622140896614822 0.0448307410795974 0.05032021957914 0.0484903934126258 0.0869167429094236 0 0.110704483074108 0.101555352241537 0.0283623055809698 0.134492223238792 0.0237877401646844
"mesTub" 0.130832570905764 0.125343092406221 0.115279048490393 0.111619396157365 0.160109789569991 0.136322049405306 0.121683440073193 0.114364135407136 0.115279048490393 0.0594693504117109 0.110704483074108 0 0.0978956999085087 0.105215004574565 0.125343092406221 0.106129917657823
"pelCas" 0.124428179322964 0.103385178408051 0.10064043915828 0.0942360475754803 0.146386093321135 0.124428179322964 0.0988106129917658 0.109789569990851 0.0969807868252516 0.0722781335773102 0.101555352241537 0.0978956999085087 0 0.0878316559926807 0.0823421774931382 0.0914913083257091
"plaMeg" 0.0887465690759378 0.030192131747484 0.0365965233302836 0.0228728270814273 0.0786825251601098 0.0558096980786825 0.0274473924977127 0.0439158279963403 0.0329368709972553 0.0731930466605673 0.0283623055809698 0.105215004574565 0.0878316559926807 0 0.121683440073193 0.0137236962488564
"podExp" 0.15096065873742 0.132662397072278 0.127172918572736 0.120768526989936 0.180237877401647 0.151875571820677 0.131747483989021 0.135407136322049 0.123513266239707 0.0997255260750229 0.134492223238792 0.125343092406221 0.0823421774931382 0.121683440073193 0 0.12259835315645
"terMex" 0.0951509606587374 0.0320219579139982 0.0338517840805123 0.0247026532479414 0.0741079597438243 0.0576395242451967 0.030192131747484 0.0375114364135407 0.0320219579139982 0.0741079597438243 0.0237877401646844 0.106129917657823 0.0914913083257091 0.0137236962488564 0.12259835315645 0
