"carIns" "cheAbi" "cheMyd" "chrPic" "cuoAmb" "cuoMcc" "derCor" "derMaw" "emySub" "gopAga" "malTer" "mesTub" "pelCas" "pelSin" "plaMeg" "podExp" "terMex"
"carIns" 0 0.10580204778157 0.111774744027304 0.102389078498294 0.104948805460751 0.100682593856655 0.113481228668942 0.110068259385666 0.126279863481229 0.103242320819113 0.101535836177474 0.119453924914676 0.168941979522184 0.106655290102389 0.0998293515358362 0.140784982935154 0.0998293515358362
"cheAbi" 0.10580204778157 0 0.0537542662116041 0.0290102389078498 0.0170648464163823 0.0162116040955631 0.0571672354948805 0.0588737201365188 0.0895904436860068 0.0196245733788396 0.0290102389078498 0.0793515358361775 0.139078498293515 0.0947098976109215 0.0255972696245734 0.103242320819113 0.0247440273037543
"cheMyd" 0.111774744027304 0.0537542662116041 0 0.0486348122866894 0.0477815699658703 0.0460750853242321 0.0349829351535836 0.0648464163822526 0.0853242320819113 0.052901023890785 0.0486348122866894 0.0844709897610921 0.148464163822526 0.101535836177474 0.045221843003413 0.111774744027304 0.045221843003413
"chrPic" 0.102389078498294 0.0290102389078498 0.0486348122866894 0 0.0213310580204778 0.0196245733788396 0.0520477815699659 0.0486348122866894 0.0810580204778157 0.0255972696245734 0.0068259385665529 0.068259385665529 0.129692832764505 0.0870307167235495 0.0170648464163823 0.0947098976109215 0.0110921501706485
"cuoAmb" 0.104948805460751 0.0170648464163823 0.0477815699658703 0.0213310580204778 0 0.00511945392491468 0.052901023890785 0.0511945392491468 0.0819112627986348 0.0162116040955631 0.0213310580204778 0.0733788395904437 0.136518771331058 0.0904436860068259 0.0196245733788396 0.100682593856655 0.0170648464163823
"cuoMcc" 0.100682593856655 0.0162116040955631 0.0460750853242321 0.0196245733788396 0.00511945392491468 0 0.0511945392491468 0.0494880546075085 0.0819112627986348 0.0145051194539249 0.0196245733788396 0.0733788395904437 0.136518771331058 0.0887372013651877 0.0179180887372014 0.100682593856655 0.015358361774744
"derCor" 0.113481228668942 0.0571672354948805 0.0349829351535836 0.0520477815699659 0.052901023890785 0.0511945392491468 0 0.0665529010238908 0.0930034129692833 0.0563139931740614 0.0520477815699659 0.0878839590443686 0.151023890784983 0.103242320819113 0.0486348122866894 0.116894197952218 0.0486348122866894
"derMaw" 0.110068259385666 0.0588737201365188 0.0648464163822526 0.0486348122866894 0.0511945392491468 0.0494880546075085 0.0665529010238908 0 0.0861774744027304 0.0546075085324232 0.0494880546075085 0.0819112627986348 0.140784982935154 0.0955631399317406 0.0486348122866894 0.108361774744027 0.0469283276450512
"emySub" 0.126279863481229 0.0895904436860068 0.0853242320819113 0.0810580204778157 0.0819112627986348 0.0819112627986348 0.0930034129692833 0.0861774744027304 0 0.0878839590443686 0.0810580204778157 0.0315699658703072 0.120307167235495 0.106655290102389 0.0802047781569966 0.083617747440273 0.0776450511945393
"gopAga" 0.103242320819113 0.0196245733788396 0.052901023890785 0.0255972696245734 0.0162116040955631 0.0145051194539249 0.0563139931740614 0.0546075085324232 0.0878839590443686 0 0.0255972696245734 0.0784982935153584 0.139931740614334 0.0947098976109215 0.0255972696245734 0.104948805460751 0.0213310580204778
"malTer" 0.101535836177474 0.0290102389078498 0.0486348122866894 0.0068259385665529 0.0213310580204778 0.0196245733788396 0.0520477815699659 0.0494880546075085 0.0810580204778157 0.0255972696245734 0 0.068259385665529 0.132252559726962 0.0853242320819113 0.0170648464163823 0.0964163822525597 0.0110921501706485
"mesTub" 0.119453924914676 0.0793515358361775 0.0844709897610921 0.068259385665529 0.0733788395904437 0.0733788395904437 0.0878839590443686 0.0819112627986348 0.0315699658703072 0.0784982935153584 0.068259385665529 0 0.106655290102389 0.098122866894198 0.0708191126279863 0.0725255972696246 0.0665529010238908
"pelCas" 0.168941979522184 0.139078498293515 0.148464163822526 0.129692832764505 0.136518771331058 0.136518771331058 0.151023890784983 0.140784982935154 0.120307167235495 0.139931740614334 0.132252559726962 0.106655290102389 0 0.152730375426621 0.133959044368601 0.0964163822525597 0.131399317406143
"pelSin" 0.106655290102389 0.0947098976109215 0.101535836177474 0.0870307167235495 0.0904436860068259 0.0887372013651877 0.103242320819113 0.0955631399317406 0.106655290102389 0.0947098976109215 0.0853242320819113 0.098122866894198 0.152730375426621 0 0.0878839590443686 0.122866894197952 0.0861774744027304
"plaMeg" 0.0998293515358362 0.0255972696245734 0.045221843003413 0.0170648464163823 0.0196245733788396 0.0179180887372014 0.0486348122866894 0.0486348122866894 0.0802047781569966 0.0255972696245734 0.0170648464163823 0.0708191126279863 0.133959044368601 0.0878839590443686 0 0.0947098976109215 0.0127986348122867
"podExp" 0.140784982935154 0.103242320819113 0.111774744027304 0.0947098976109215 0.100682593856655 0.100682593856655 0.116894197952218 0.108361774744027 0.083617747440273 0.104948805460751 0.0964163822525597 0.0725255972696246 0.0964163822525597 0.122866894197952 0.0947098976109215 0 0.0938566552901024
"terMex" 0.0998293515358362 0.0247440273037543 0.045221843003413 0.0110921501706485 0.0170648464163823 0.015358361774744 0.0486348122866894 0.0469283276450512 0.0776450511945393 0.0213310580204778 0.0110921501706485 0.0665529010238908 0.131399317406143 0.0861774744027304 0.0127986348122867 0.0938566552901024 0
