"carIns" "cheAbi" "cheMyd" "cheSer" "chrPic" "cuoAmb" "cuoMcc" "derCor" "derMaw" "emySub" "gopAga" "pelCas" "plaMeg" "podExp" "terMex"
"carIns" 0 0.223577235772358 0.273170731707317 0.216260162601626 0.229268292682927 0.221951219512195 0.22520325203252 0.217886178861789 0.219512195121951 0.229268292682927 0.229268292682927 0.266666666666667 0.220325203252033 0.269918699186992 0.230081300813008
"cheAbi" 0.223577235772358 0 0.136585365853659 0.0723577235772358 0.0609756097560976 0.0398373983739837 0.0398373983739837 0.0731707317073171 0.091869918699187 0.154471544715447 0.0341463414634146 0.177235772357724 0.0471544715447154 0.18130081300813 0.056910569105691
"cheMyd" 0.273170731707317 0.136585365853659 0 0.130894308943089 0.13739837398374 0.136585365853659 0.138211382113821 0.117886178861789 0.149593495934959 0.194308943089431 0.142276422764228 0.228455284552846 0.124390243902439 0.227642276422764 0.131707317073171
"cheSer" 0.216260162601626 0.0723577235772358 0.130894308943089 0 0.0658536585365854 0.0658536585365854 0.067479674796748 0.0544715447154472 0.0658536585365854 0.133333333333333 0.0715447154471545 0.176422764227642 0.0528455284552846 0.186178861788618 0.0560975609756098
"chrPic" 0.229268292682927 0.0609756097560976 0.13739837398374 0.0658536585365854 0 0.0536585365853659 0.056910569105691 0.0747967479674797 0.0869918699186992 0.144715447154472 0.0634146341463415 0.178048780487805 0.0447154471544715 0.182113821138211 0.0349593495934959
"cuoAmb" 0.221951219512195 0.0398373983739837 0.136585365853659 0.0658536585365854 0.0536585365853659 0 0.0146341463414634 0.0715447154471545 0.0878048780487805 0.149593495934959 0.0430894308943089 0.173983739837398 0.0479674796747967 0.178861788617886 0.0528455284552846
"cuoMcc" 0.22520325203252 0.0398373983739837 0.138211382113821 0.067479674796748 0.056910569105691 0.0146341463414634 0 0.0731707317073171 0.0869918699186992 0.146341463414634 0.0398373983739837 0.177235772357724 0.0479674796747967 0.177235772357724 0.0528455284552846
"derCor" 0.217886178861789 0.0731707317073171 0.117886178861789 0.0544715447154472 0.0747967479674797 0.0715447154471545 0.0731707317073171 0 0.0747967479674797 0.131707317073171 0.0739837398373984 0.169105691056911 0.0577235772357724 0.186991869918699 0.0601626016260163
"derMaw" 0.219512195121951 0.091869918699187 0.149593495934959 0.0658536585365854 0.0869918699186992 0.0878048780487805 0.0869918699186992 0.0747967479674797 0 0.14390243902439 0.0894308943089431 0.184552845528455 0.0747967479674797 0.186991869918699 0.0788617886178862
"emySub" 0.229268292682927 0.154471544715447 0.194308943089431 0.133333333333333 0.144715447154472 0.149593495934959 0.146341463414634 0.131707317073171 0.14390243902439 0 0.152032520325203 0.140650406504065 0.135772357723577 0.161788617886179 0.141463414634146
"gopAga" 0.229268292682927 0.0341463414634146 0.142276422764228 0.0715447154471545 0.0634146341463415 0.0430894308943089 0.0398373983739837 0.0739837398373984 0.0894308943089431 0.152032520325203 0 0.176422764227642 0.0520325203252033 0.179674796747967 0.0528455284552846
"pelCas" 0.266666666666667 0.177235772357724 0.228455284552846 0.176422764227642 0.178048780487805 0.173983739837398 0.177235772357724 0.169105691056911 0.184552845528455 0.140650406504065 0.176422764227642 0 0.170731707317073 0.111382113821138 0.182113821138211
"plaMeg" 0.220325203252033 0.0471544715447154 0.124390243902439 0.0528455284552846 0.0447154471544715 0.0479674796747967 0.0479674796747967 0.0577235772357724 0.0747967479674797 0.135772357723577 0.0520325203252033 0.170731707317073 0 0.182113821138211 0.0357723577235772
"podExp" 0.269918699186992 0.18130081300813 0.227642276422764 0.186178861788618 0.182113821138211 0.178861788617886 0.177235772357724 0.186991869918699 0.186991869918699 0.161788617886179 0.179674796747967 0.111382113821138 0.182113821138211 0 0.190243902439024
"terMex" 0.230081300813008 0.056910569105691 0.131707317073171 0.0560975609756098 0.0349593495934959 0.0528455284552846 0.0528455284552846 0.0601626016260163 0.0788617886178862 0.141463414634146 0.0528455284552846 0.182113821138211 0.0357723577235772 0.190243902439024 0
