"carIns" "cheAbi" "cheMyd" "cheSer" "chrPic" "cuoAmb" "cuoMcc" "derCor" "derMaw" "emySub" "malTer" "mesTub" "pelCas" "pelSin" "plaMeg" "podExp" "terMex"
"carIns" 0 0.0367309458218549 0.039485766758494 0.032139577594123 0.0385674931129477 0.0367309458218549 0.0367309458218549 0.0367309458218549 0.039485766758494 0.0449954086317723 0.0596877869605142 0.0459136822773186 0.0514233241505969 0.0348943985307622 0.0376492194674013 0.0550964187327824 0.0385674931129477
"cheAbi" 0.0367309458218549 0 0.0183654729109275 0.0128558310376492 0.0119375573921028 0.00459136822773186 0.00275482093663912 0.0156106519742883 0.0220385674931129 0.0330578512396694 0.0348943985307622 0.032139577594123 0.0376492194674013 0.0293847566574839 0.0128558310376492 0.0431588613406795 0.014692378328742
"cheMyd" 0.039485766758494 0.0183654729109275 0 0.0110192837465565 0.0174471992653811 0.0174471992653811 0.0174471992653811 0.0137741046831956 0.0238751147842057 0.0339761248852158 0.0404040404040404 0.0330578512396694 0.039485766758494 0.0293847566574839 0.0165289256198347 0.0431588613406795 0.0202020202020202
"cheSer" 0.032139577594123 0.0128558310376492 0.0110192837465565 0 0.0119375573921028 0.0119375573921028 0.0119375573921028 0.0101010101010101 0.014692378328742 0.0275482093663912 0.0348943985307622 0.0266299357208448 0.032139577594123 0.0238751147842057 0.0128558310376492 0.0376492194674013 0.014692378328742
"chrPic" 0.0385674931129477 0.0119375573921028 0.0174471992653811 0.0119375573921028 0 0.0128558310376492 0.0110192837465565 0.014692378328742 0.0229568411386593 0.032139577594123 0.0229568411386593 0.0312213039485767 0.0385674931129477 0.0284664830119376 0.0101010101010101 0.0431588613406795 0.00826446280991736
"cuoAmb" 0.0367309458218549 0.00459136822773186 0.0174471992653811 0.0119375573921028 0.0128558310376492 0 0.00367309458218549 0.0165289256198347 0.0229568411386593 0.0303030303030303 0.0358126721763085 0.0293847566574839 0.0348943985307622 0.0284664830119376 0.0137741046831956 0.0404040404040404 0.0156106519742883
"cuoMcc" 0.0367309458218549 0.00275482093663912 0.0174471992653811 0.0119375573921028 0.0110192837465565 0.00367309458218549 0 0.014692378328742 0.0211202938475666 0.032139577594123 0.0339761248852158 0.0312213039485767 0.0367309458218549 0.0284664830119376 0.0119375573921028 0.0422405876951331 0.0137741046831956
"derCor" 0.0367309458218549 0.0156106519742883 0.0137741046831956 0.0101010101010101 0.014692378328742 0.0165289256198347 0.014692378328742 0 0.0211202938475666 0.0330578512396694 0.0358126721763085 0.0303030303030303 0.0367309458218549 0.0303030303030303 0.0156106519742883 0.0404040404040404 0.0174471992653811
"derMaw" 0.039485766758494 0.0220385674931129 0.0238751147842057 0.014692378328742 0.0229568411386593 0.0229568411386593 0.0211202938475666 0.0211202938475666 0 0.0358126721763085 0.0459136822773186 0.0339761248852158 0.0385674931129477 0.0303030303030303 0.0238751147842057 0.0440771349862259 0.0257116620752984
"emySub" 0.0449954086317723 0.0330578512396694 0.0339761248852158 0.0275482093663912 0.032139577594123 0.0303030303030303 0.032139577594123 0.0330578512396694 0.0358126721763085 0 0.0550964187327824 0.0174471992653811 0.0284664830119376 0.0404040404040404 0.0312213039485767 0.0339761248852158 0.0330578512396694
"malTer" 0.0596877869605142 0.0348943985307622 0.0404040404040404 0.0348943985307622 0.0229568411386593 0.0358126721763085 0.0339761248852158 0.0358126721763085 0.0459136822773186 0.0550964187327824 0 0.0523415977961433 0.0596877869605142 0.0514233241505969 0.0330578512396694 0.0624426078971533 0.0312213039485767
"mesTub" 0.0459136822773186 0.032139577594123 0.0330578512396694 0.0266299357208448 0.0312213039485767 0.0293847566574839 0.0312213039485767 0.0303030303030303 0.0339761248852158 0.0174471992653811 0.0523415977961433 0 0.0229568411386593 0.0385674931129477 0.032139577594123 0.0312213039485767 0.032139577594123
"pelCas" 0.0514233241505969 0.0376492194674013 0.039485766758494 0.032139577594123 0.0385674931129477 0.0348943985307622 0.0367309458218549 0.0367309458218549 0.0385674931129477 0.0284664830119376 0.0596877869605142 0.0229568411386593 0 0.0413223140495868 0.0358126721763085 0.0348943985307622 0.039485766758494
"pelSin" 0.0348943985307622 0.0293847566574839 0.0293847566574839 0.0238751147842057 0.0284664830119376 0.0284664830119376 0.0284664830119376 0.0303030303030303 0.0303030303030303 0.0404040404040404 0.0514233241505969 0.0385674931129477 0.0413223140495868 0 0.0293847566574839 0.0477502295684114 0.0293847566574839
"plaMeg" 0.0376492194674013 0.0128558310376492 0.0165289256198347 0.0128558310376492 0.0101010101010101 0.0137741046831956 0.0119375573921028 0.0156106519742883 0.0238751147842057 0.0312213039485767 0.0330578512396694 0.032139577594123 0.0358126721763085 0.0293847566574839 0 0.0431588613406795 0.0110192837465565
"podExp" 0.0550964187327824 0.0431588613406795 0.0431588613406795 0.0376492194674013 0.0431588613406795 0.0404040404040404 0.0422405876951331 0.0404040404040404 0.0440771349862259 0.0339761248852158 0.0624426078971533 0.0312213039485767 0.0348943985307622 0.0477502295684114 0.0431588613406795 0 0.0440771349862259
"terMex" 0.0385674931129477 0.014692378328742 0.0202020202020202 0.014692378328742 0.00826446280991736 0.0156106519742883 0.0137741046831956 0.0174471992653811 0.0257116620752984 0.0330578512396694 0.0312213039485767 0.032139577594123 0.039485766758494 0.0293847566574839 0.0110192837465565 0.0440771349862259 0
