"carIns" "cheAbi" "cheMyd" "cheSer" "chrPic" "cuoAmb" "cuoMcc" "derCor" "derMaw" "emySub" "gopAga" "malTer" "mesTub" "pelCas" "pelSin" "plaMeg" "podExp" "terMex"
"carIns" 0 0.10339123242349 0.0992555831265509 0.0909842845326716 0.0918114143920596 0.114143920595533 0.104218362282878 0.0959470636889992 0.105872622001654 0.0992555831265509 0.113316790736146 0.0942928039702233 0.100909842845327 0.129032258064516 0.112489660876758 0.100082712985939 0.136476426799007 0.0942928039702233
"cheAbi" 0.10339123242349 0 0.0454921422663358 0.0488006617038875 0.032258064516129 0.0363937138130687 0.0306038047973532 0.0496277915632754 0.0612076095947064 0.0835401157981803 0.0281224152191894 0.0363937138130687 0.0860215053763441 0.105872622001654 0.109181141439206 0.0347394540942928 0.110008271298594 0.032258064516129
"cheMyd" 0.0992555831265509 0.0454921422663358 0 0.033085194375517 0.0314309346567411 0.0512820512820513 0.0421836228287841 0.0239867659222498 0.0521091811414392 0.0678246484698098 0.0562448304383788 0.0347394540942928 0.0669975186104218 0.0926385442514475 0.0934656741108354 0.0339123242349049 0.0942928039702233 0.033085194375517
"cheSer" 0.0909842845326716 0.0488006617038875 0.033085194375517 0 0.0297766749379653 0.0521091811414392 0.04383788254756 0.0256410256410256 0.0463192721257237 0.0645161290322581 0.0578990901571547 0.033085194375517 0.0645161290322581 0.0901571546732837 0.0942928039702233 0.0306038047973532 0.0967741935483871 0.0314309346567411
"chrPic" 0.0918114143920596 0.032258064516129 0.0314309346567411 0.0297766749379653 0 0.0355665839536807 0.0289495450785773 0.0306038047973532 0.0421836228287841 0.0636889991728701 0.0421836228287841 0.00909842845326716 0.0661703887510339 0.0885028949545079 0.0909842845326716 0.0173697270471464 0.0934656741108354 0.00992555831265509
"cuoAmb" 0.114143920595533 0.0363937138130687 0.0512820512820513 0.0521091811414392 0.0355665839536807 0 0.0165425971877585 0.0512820512820513 0.0628618693134822 0.0851943755169562 0.043010752688172 0.0397022332506203 0.0876757650951199 0.109181141439206 0.108354011579818 0.0372208436724566 0.114971050454921 0.0355665839536807
"cuoMcc" 0.104218362282878 0.0306038047973532 0.0421836228287841 0.04383788254756 0.0289495450785773 0.0165425971877585 0 0.043010752688172 0.054590570719603 0.0752688172043011 0.0413564929693962 0.033085194375517 0.0777502067824648 0.0984284532671629 0.100909842845327 0.0297766749379653 0.102564102564103 0.0289495450785773
"derCor" 0.0959470636889992 0.0496277915632754 0.0239867659222498 0.0256410256410256 0.0306038047973532 0.0512820512820513 0.043010752688172 0 0.0496277915632754 0.0669975186104218 0.0587262200165426 0.0339123242349049 0.0678246484698098 0.0926385442514475 0.0934656741108354 0.033085194375517 0.100082712985939 0.032258064516129
"derMaw" 0.105872622001654 0.0612076095947064 0.0521091811414392 0.0463192721257237 0.0421836228287841 0.0628618693134822 0.054590570719603 0.0496277915632754 0 0.0769230769230769 0.0678246484698098 0.0463192721257237 0.0794044665012407 0.105872622001654 0.106699751861042 0.0479735318444996 0.10752688172043 0.04383788254756
"emySub" 0.0992555831265509 0.0835401157981803 0.0678246484698098 0.0645161290322581 0.0636889991728701 0.0851943755169562 0.0752688172043011 0.0669975186104218 0.0769230769230769 0 0.0909842845326716 0.0661703887510339 0.0314309346567411 0.0736145574855252 0.102564102564103 0.0686517783291977 0.0744416873449131 0.0661703887510339
"gopAga" 0.113316790736146 0.0281224152191894 0.0562448304383788 0.0578990901571547 0.0421836228287841 0.043010752688172 0.0413564929693962 0.0587262200165426 0.0678246484698098 0.0909842845326716 0 0.0446650124069479 0.0934656741108354 0.114971050454921 0.112489660876758 0.0463192721257237 0.116625310173697 0.0421836228287841
"malTer" 0.0942928039702233 0.0363937138130687 0.0347394540942928 0.033085194375517 0.00909842845326716 0.0397022332506203 0.033085194375517 0.0339123242349049 0.0463192721257237 0.0661703887510339 0.0446650124069479 0 0.0694789081885856 0.0901571546732837 0.0942928039702233 0.021505376344086 0.0967741935483871 0.0140612076095947
"mesTub" 0.100909842845327 0.0860215053763441 0.0669975186104218 0.0645161290322581 0.0661703887510339 0.0876757650951199 0.0777502067824648 0.0678246484698098 0.0794044665012407 0.0314309346567411 0.0934656741108354 0.0694789081885856 0 0.0736145574855252 0.105045492142266 0.0694789081885856 0.0727874276261373 0.0678246484698098
"pelCas" 0.129032258064516 0.105872622001654 0.0926385442514475 0.0901571546732837 0.0885028949545079 0.109181141439206 0.0984284532671629 0.0926385442514475 0.105872622001654 0.0736145574855252 0.114971050454921 0.0901571546732837 0.0736145574855252 0 0.128205128205128 0.0934656741108354 0.0835401157981803 0.0893300248138958
"pelSin" 0.112489660876758 0.109181141439206 0.0934656741108354 0.0942928039702233 0.0909842845326716 0.108354011579818 0.100909842845327 0.0934656741108354 0.106699751861042 0.102564102564103 0.112489660876758 0.0942928039702233 0.105045492142266 0.128205128205128 0 0.0926385442514475 0.13564929693962 0.0909842845326716
"plaMeg" 0.100082712985939 0.0347394540942928 0.0339123242349049 0.0306038047973532 0.0173697270471464 0.0372208436724566 0.0297766749379653 0.033085194375517 0.0479735318444996 0.0686517783291977 0.0463192721257237 0.021505376344086 0.0694789081885856 0.0934656741108354 0.0926385442514475 0 0.0992555831265509 0.0190239867659222
"podExp" 0.136476426799007 0.110008271298594 0.0942928039702233 0.0967741935483871 0.0934656741108354 0.114971050454921 0.102564102564103 0.100082712985939 0.10752688172043 0.0744416873449131 0.116625310173697 0.0967741935483871 0.0727874276261373 0.0835401157981803 0.13564929693962 0.0992555831265509 0 0.0934656741108354
"terMex" 0.0942928039702233 0.032258064516129 0.033085194375517 0.0314309346567411 0.00992555831265509 0.0355665839536807 0.0289495450785773 0.032258064516129 0.04383788254756 0.0661703887510339 0.0421836228287841 0.0140612076095947 0.0678246484698098 0.0893300248138958 0.0909842845326716 0.0190239867659222 0.0934656741108354 0
