"carIns" "cheAbi" "cheMyd" "chrPic" "cuoAmb" "cuoMcc" "derCor" "derMaw" "emySub" "gopAga" "malTer" "mesTub" "pelCas" "pelSin" "plaMeg" "podExp" "terMex"
"carIns" 0 0.058027079303675 0.0522243713733075 0.0502901353965184 0.062862669245648 0.0522243713733075 0.058027079303675 0.0551257253384913 0.0638297872340425 0.0589941972920696 0.0570599613152805 0.0686653771760155 0.0725338491295938 0.0599613152804642 0.0560928433268859 0.0754352030947776 0.0493230174081238
"cheAbi" 0.058027079303675 0 0.0241779497098646 0.0203094777562863 0.0290135396518375 0.0154738878143133 0.0299806576402321 0.0290135396518375 0.0435203094777563 0.0145067698259188 0.0270793036750484 0.0493230174081238 0.0541586073500967 0.051257253384913 0.0251450676982592 0.0609284332688588 0.0174081237911025
"cheMyd" 0.0522243713733075 0.0241779497098646 0 0.0174081237911025 0.0270793036750484 0.0154738878143133 0.0135396518375242 0.0222437137330754 0.0367504835589942 0.0270793036750484 0.0251450676982592 0.0435203094777563 0.0454545454545455 0.0444874274661509 0.0212765957446809 0.0541586073500967 0.0145067698259188
"chrPic" 0.0502901353965184 0.0203094777562863 0.0174081237911025 0 0.0212765957446809 0.0125725338491296 0.02321083172147 0.0222437137330754 0.0338491295938104 0.02321083172147 0.011605415860735 0.0406189555125725 0.0483558994197292 0.0444874274661509 0.0154738878143133 0.0531914893617021 0.00676982591876209
"cuoAmb" 0.062862669245648 0.0290135396518375 0.0270793036750484 0.0212765957446809 0 0.0154738878143133 0.0309477756286267 0.0319148936170213 0.04642166344294 0.0299806576402321 0.0251450676982592 0.0522243713733075 0.0589941972920696 0.0522243713733075 0.0222437137330754 0.0589941972920696 0.0203094777562863
"cuoMcc" 0.0522243713733075 0.0154738878143133 0.0154738878143133 0.0125725338491296 0.0154738878143133 0 0.0193423597678917 0.0212765957446809 0.0357833655705996 0.0164410058027079 0.0193423597678917 0.0425531914893617 0.0483558994197292 0.04642166344294 0.0135396518375242 0.051257253384913 0.00967117988394584
"derCor" 0.058027079303675 0.0299806576402321 0.0135396518375242 0.02321083172147 0.0309477756286267 0.0193423597678917 0 0.0280464216634429 0.0425531914893617 0.0290135396518375 0.0309477756286267 0.0493230174081238 0.0551257253384913 0.0483558994197292 0.0251450676982592 0.058027079303675 0.0203094777562863
"derMaw" 0.0551257253384913 0.0290135396518375 0.0222437137330754 0.0222437137330754 0.0319148936170213 0.0212765957446809 0.0280464216634429 0 0.0386847195357834 0.0319148936170213 0.0299806576402321 0.0454545454545455 0.0493230174081238 0.0502901353965184 0.0251450676982592 0.0560928433268859 0.0193423597678917
"emySub" 0.0638297872340425 0.0435203094777563 0.0367504835589942 0.0338491295938104 0.04642166344294 0.0357833655705996 0.0425531914893617 0.0386847195357834 0 0.0435203094777563 0.0415860735009671 0.0164410058027079 0.0396518375241779 0.0570599613152805 0.0386847195357834 0.0454545454545455 0.0338491295938104
"gopAga" 0.0589941972920696 0.0145067698259188 0.0270793036750484 0.02321083172147 0.0299806576402321 0.0164410058027079 0.0290135396518375 0.0319148936170213 0.0435203094777563 0 0.0299806576402321 0.0502901353965184 0.0541586073500967 0.0560928433268859 0.0261121856866538 0.0599613152804642 0.0203094777562863
"malTer" 0.0570599613152805 0.0270793036750484 0.0251450676982592 0.011605415860735 0.0251450676982592 0.0193423597678917 0.0309477756286267 0.0299806576402321 0.0415860735009671 0.0299806576402321 0 0.0483558994197292 0.0541586073500967 0.0454545454545455 0.0212765957446809 0.0570599613152805 0.0145067698259188
"mesTub" 0.0686653771760155 0.0493230174081238 0.0435203094777563 0.0406189555125725 0.0522243713733075 0.0425531914893617 0.0493230174081238 0.0454545454545455 0.0164410058027079 0.0502901353965184 0.0483558994197292 0 0.0454545454545455 0.0618955512572534 0.0444874274661509 0.0473887814313346 0.0406189555125725
"pelCas" 0.0725338491295938 0.0541586073500967 0.0454545454545455 0.0483558994197292 0.0589941972920696 0.0483558994197292 0.0551257253384913 0.0493230174081238 0.0396518375241779 0.0541586073500967 0.0541586073500967 0.0454545454545455 0 0.0657640232108317 0.0502901353965184 0.0502901353965184 0.04642166344294
"pelSin" 0.0599613152804642 0.051257253384913 0.0444874274661509 0.0444874274661509 0.0522243713733075 0.04642166344294 0.0483558994197292 0.0502901353965184 0.0570599613152805 0.0560928433268859 0.0454545454545455 0.0618955512572534 0.0657640232108317 0 0.0454545454545455 0.0676982591876209 0.0435203094777563
"plaMeg" 0.0560928433268859 0.0251450676982592 0.0212765957446809 0.0154738878143133 0.0222437137330754 0.0135396518375242 0.0251450676982592 0.0251450676982592 0.0386847195357834 0.0261121856866538 0.0212765957446809 0.0444874274661509 0.0502901353965184 0.0454545454545455 0 0.0560928433268859 0.0154738878143133
"podExp" 0.0754352030947776 0.0609284332688588 0.0541586073500967 0.0531914893617021 0.0589941972920696 0.051257253384913 0.058027079303675 0.0560928433268859 0.0454545454545455 0.0599613152804642 0.0570599613152805 0.0473887814313346 0.0502901353965184 0.0676982591876209 0.0560928433268859 0 0.051257253384913
"terMex" 0.0493230174081238 0.0174081237911025 0.0145067698259188 0.00676982591876209 0.0203094777562863 0.00967117988394584 0.0203094777562863 0.0193423597678917 0.0338491295938104 0.0203094777562863 0.0145067698259188 0.0406189555125725 0.04642166344294 0.0435203094777563 0.0154738878143133 0.051257253384913 0
