"carIns" "cheAbi" "cheMyd" "cheSer" "chrPic" "cuoMcc" "derCor" "derMaw" "emySub" "gopAga" "malTer" "mesTub" "pelCas" "plaMeg" "podExp" "terMex"
"carIns" 0 0.0944099378881988 0.0829813664596273 0.0834782608695652 0.0891925465838509 0.0941614906832298 0.084472049689441 0.0949068322981367 0.104844720496894 0.0961490683229814 0.0864596273291925 0.106086956521739 0.119751552795031 0.084223602484472 0.124223602484472 0.0852173913043478
"cheAbi" 0.0944099378881988 0 0.04 0.0407453416149068 0.0308074534161491 0.0260869565217391 0.0392546583850932 0.0521739130434783 0.0722981366459627 0.0228571428571429 0.0285714285714286 0.0750310559006211 0.0939130434782609 0.0245962732919255 0.0939130434782609 0.0275776397515528
"cheMyd" 0.0829813664596273 0.04 0 0.0263354037267081 0.031304347826087 0.0377639751552795 0.0161490683229814 0.0395031055900621 0.0633540372670807 0.0429813664596273 0.0293167701863354 0.0653416149068323 0.0837267080745342 0.026832298136646 0.084223602484472 0.0288198757763975
"cheSer" 0.0834782608695652 0.0407453416149068 0.0263354037267081 0 0.0337888198757764 0.04 0.026583850931677 0.0414906832298137 0.0636024844720497 0.044472049689441 0.0318012422360248 0.0663354037267081 0.084223602484472 0.0273291925465838 0.0862111801242236 0.0298136645962733
"chrPic" 0.0891925465838509 0.0308074534161491 0.031304347826087 0.0337888198757764 0 0.0315527950310559 0.0320496894409938 0.0447204968944099 0.066583850931677 0.035527950310559 0.00670807453416149 0.0680745341614907 0.0862111801242236 0.0166459627329193 0.0881987577639751 0.0141614906832298
"cuoMcc" 0.0941614906832298 0.0260869565217391 0.0377639751552795 0.04 0.0315527950310559 0 0.0395031055900621 0.0529192546583851 0.0725465838509317 0.0193788819875776 0.0293167701863354 0.0752795031055901 0.0941614906832298 0.0253416149068323 0.0944099378881988 0.0278260869565217
"derCor" 0.084472049689441 0.0392546583850932 0.0161490683229814 0.026583850931677 0.0320496894409938 0.0395031055900621 0 0.0402484472049689 0.0618633540372671 0.044472049689441 0.0300621118012422 0.0636024844720497 0.0837267080745342 0.026583850931677 0.0847204968944099 0.0285714285714286
"derMaw" 0.0949068322981367 0.0521739130434783 0.0395031055900621 0.0414906832298137 0.0447204968944099 0.0529192546583851 0.0402484472049689 0 0.0752795031055901 0.0571428571428571 0.0432298136645963 0.075527950310559 0.0939130434782609 0.0402484472049689 0.0951552795031056 0.0417391304347826
"emySub" 0.104844720496894 0.0722981366459627 0.0633540372670807 0.0636024844720497 0.066583850931677 0.0725465838509317 0.0618633540372671 0.0752795031055901 0 0.0782608695652174 0.0650931677018634 0.0318012422360248 0.0698136645962733 0.0616149068322981 0.0725465838509317 0.062360248447205
"gopAga" 0.0961490683229814 0.0228571428571429 0.0429813664596273 0.044472049689441 0.035527950310559 0.0193788819875776 0.044472049689441 0.0571428571428571 0.0782608695652174 0 0.0332919254658385 0.0804968944099379 0.0988819875776397 0.0300621118012422 0.0988819875776397 0.0320496894409938
"malTer" 0.0864596273291925 0.0285714285714286 0.0293167701863354 0.0318012422360248 0.00670807453416149 0.0293167701863354 0.0300621118012422 0.0432298136645963 0.0650931677018634 0.0332919254658385 0 0.0675776397515528 0.0864596273291925 0.0149068322981366 0.0874534161490683 0.0119254658385093
"mesTub" 0.106086956521739 0.0750310559006211 0.0653416149068323 0.0663354037267081 0.0680745341614907 0.0752795031055901 0.0636024844720497 0.075527950310559 0.0318012422360248 0.0804968944099379 0.0675776397515528 0 0.0705590062111801 0.0636024844720497 0.0740372670807453 0.0658385093167702
"pelCas" 0.119751552795031 0.0939130434782609 0.0837267080745342 0.084223602484472 0.0862111801242236 0.0941614906832298 0.0837267080745342 0.0939130434782609 0.0698136645962733 0.0988819875776397 0.0864596273291925 0.0705590062111801 0 0.0822360248447205 0.0737888198757764 0.0827329192546584
"plaMeg" 0.084223602484472 0.0245962732919255 0.026832298136646 0.0273291925465838 0.0166459627329193 0.0253416149068323 0.026583850931677 0.0402484472049689 0.0616149068322981 0.0300621118012422 0.0149068322981366 0.0636024844720497 0.0822360248447205 0 0.0839751552795031 0.0129192546583851
"podExp" 0.124223602484472 0.0939130434782609 0.084223602484472 0.0862111801242236 0.0881987577639751 0.0944099378881988 0.0847204968944099 0.0951552795031056 0.0725465838509317 0.0988819875776397 0.0874534161490683 0.0740372670807453 0.0737888198757764 0.0839751552795031 0 0.0864596273291925
"terMex" 0.0852173913043478 0.0275776397515528 0.0288198757763975 0.0298136645962733 0.0141614906832298 0.0278260869565217 0.0285714285714286 0.0417391304347826 0.062360248447205 0.0320496894409938 0.0119254658385093 0.0658385093167702 0.0827329192546584 0.0129192546583851 0.0864596273291925 0
