"cheMyd" "cheSer" "cuoAmb" "cuoMcc" "emySub" "malTer" "mesTub" "pelCas" "plaMeg" "podExp" "terMex"
"cheMyd" 0 0.0385401459854015 0.0426277372262774 0.0397080291970803 0.0776642335766423 0.0461313868613139 0.0621897810218978 0.0846715328467153 0.0367883211678832 0.087007299270073 0.0636496350364963
"cheSer" 0.0385401459854015 0 0.0356204379562044 0.0289051094890511 0.0697810218978102 0.0268613138686131 0.0578102189781022 0.0808759124087591 0.0318248175182482 0.0747445255474453 0.0411678832116788
"cuoAmb" 0.0426277372262774 0.0356204379562044 0 0.0169343065693431 0.0703649635036496 0.0362043795620438 0.0630656934306569 0.0817518248175182 0.0297810218978102 0.0840875912408759 0.0513868613138686
"cuoMcc" 0.0397080291970803 0.0289051094890511 0.0169343065693431 0 0.0697810218978102 0.0294890510948905 0.0592700729927007 0.0829197080291971 0.0277372262773723 0.0773722627737226 0.0446715328467153
"emySub" 0.0776642335766423 0.0697810218978102 0.0703649635036496 0.0697810218978102 0 0.0759124087591241 0.0481751824817518 0.0700729927007299 0.072992700729927 0.0776642335766423 0.0913868613138686
"malTer" 0.0461313868613139 0.0268613138686131 0.0362043795620438 0.0294890510948905 0.0759124087591241 0 0.0648175182481752 0.084963503649635 0.0312408759124088 0.0814598540145985 0.0318248175182482
"mesTub" 0.0621897810218978 0.0578102189781022 0.0630656934306569 0.0592700729927007 0.0481751824817518 0.0648175182481752 0 0.0694890510948905 0.0583941605839416 0.0747445255474453 0.0802919708029197
"pelCas" 0.0846715328467153 0.0808759124087591 0.0817518248175182 0.0829197080291971 0.0700729927007299 0.084963503649635 0.0694890510948905 0 0.0794160583941606 0.0782481751824818 0.101897810218978
"plaMeg" 0.0367883211678832 0.0318248175182482 0.0297810218978102 0.0277372262773723 0.072992700729927 0.0312408759124088 0.0583941605839416 0.0794160583941606 0 0.0823357664233577 0.0478832116788321
"podExp" 0.087007299270073 0.0747445255474453 0.0840875912408759 0.0773722627737226 0.0776642335766423 0.0814598540145985 0.0747445255474453 0.0782481751824818 0.0823357664233577 0 0.0983941605839416
"terMex" 0.0636496350364963 0.0411678832116788 0.0513868613138686 0.0446715328467153 0.0913868613138686 0.0318248175182482 0.0802919708029197 0.101897810218978 0.0478832116788321 0.0983941605839416 0
