"carIns" "cheAbi" "cheMyd" "cheSer" "chrPic" "cuoAmb" "cuoMcc" "derCor" "derMaw" "emySub" "gopAga" "malTer" "mesTub" "pelCas" "pelSin" "plaMeg" "podExp" "terMex"
"carIns" 0 0.0557029177718833 0.0539345711759505 0.0610079575596817 0.0565870910698497 0.0574712643678161 0.0565870910698497 0.0565870910698497 0.0671971706454465 0.0680813439434129 0.0601237842617153 0.0539345711759505 0.0663129973474801 0.0813439434129089 0.0707338638373121 0.0548187444739169 0.120247568523431 0.0539345711759505
"cheAbi" 0.0557029177718833 0 0.0247568523430592 0.0194518125552608 0.0159151193633952 0.0106100795755968 0.00972590627763042 0.0238726790450928 0.030946065428824 0.0415561450044209 0.0150309460654288 0.013262599469496 0.0362511052166225 0.0521662245800177 0.0521662245800177 0.013262599469496 0.099027409372237 0.0150309460654288
"cheMyd" 0.0539345711759505 0.0247568523430592 0 0.026525198938992 0.0247568523430592 0.0247568523430592 0.0238726790450928 0.0114942528735632 0.0318302387267905 0.0450928381962865 0.0318302387267905 0.02210433244916 0.0415561450044209 0.0565870910698497 0.0548187444739169 0.02210433244916 0.103448275862069 0.0238726790450928
"cheSer" 0.0610079575596817 0.0194518125552608 0.026525198938992 0 0.0194518125552608 0.0194518125552608 0.0185676392572944 0.0274093722369584 0.026525198938992 0.0424403183023873 0.0247568523430592 0.0185676392572944 0.0353669319186561 0.0539345711759505 0.0521662245800177 0.0185676392572944 0.102564102564103 0.0185676392572944
"chrPic" 0.0565870910698497 0.0159151193633952 0.0247568523430592 0.0194518125552608 0 0.0141467727674624 0.013262599469496 0.0256410256410256 0.0282935455349248 0.0450928381962865 0.0212201591511936 0.00442086648983201 0.0362511052166225 0.0530503978779841 0.0530503978779841 0.0123784261715296 0.102564102564103 0.00618921308576481
"cuoAmb" 0.0574712643678161 0.0106100795755968 0.0247568523430592 0.0194518125552608 0.0141467727674624 0 0.0026525198938992 0.0256410256410256 0.0291777188328912 0.0450928381962865 0.0150309460654288 0.013262599469496 0.0380194518125553 0.0530503978779841 0.0539345711759505 0.0114942528735632 0.102564102564103 0.013262599469496
"cuoMcc" 0.0565870910698497 0.00972590627763042 0.0238726790450928 0.0185676392572944 0.013262599469496 0.0026525198938992 0 0.0247568523430592 0.0282935455349248 0.0442086648983201 0.0141467727674624 0.0123784261715296 0.0371352785145889 0.0521662245800177 0.0530503978779841 0.00884173297966401 0.101679929266136 0.0123784261715296
"derCor" 0.0565870910698497 0.0238726790450928 0.0114942528735632 0.0274093722369584 0.0256410256410256 0.0256410256410256 0.0247568523430592 0 0.0327144120247569 0.0459770114942529 0.0318302387267905 0.0229885057471264 0.0415561450044209 0.0574712643678161 0.0539345711759505 0.0229885057471264 0.102564102564103 0.0247568523430592
"derMaw" 0.0671971706454465 0.030946065428824 0.0318302387267905 0.026525198938992 0.0282935455349248 0.0291777188328912 0.0282935455349248 0.0327144120247569 0 0.0486295313881521 0.0335985853227233 0.0274093722369584 0.0442086648983201 0.0601237842617153 0.0574712643678161 0.0274093722369584 0.10079575596817 0.0282935455349248
"emySub" 0.0680813439434129 0.0415561450044209 0.0450928381962865 0.0424403183023873 0.0450928381962865 0.0450928381962865 0.0442086648983201 0.0459770114942529 0.0486295313881521 0 0.0495137046861185 0.0424403183023873 0.0212201591511936 0.0530503978779841 0.0654288240495137 0.0424403183023873 0.0954907161803713 0.0442086648983201
"gopAga" 0.0601237842617153 0.0150309460654288 0.0318302387267905 0.0247568523430592 0.0212201591511936 0.0150309460654288 0.0141467727674624 0.0318302387267905 0.0335985853227233 0.0495137046861185 0 0.0203359858532272 0.0406719717064545 0.0574712643678161 0.0557029177718833 0.0194518125552608 0.106100795755968 0.0203359858532272
"malTer" 0.0539345711759505 0.013262599469496 0.02210433244916 0.0185676392572944 0.00442086648983201 0.013262599469496 0.0123784261715296 0.0229885057471264 0.0274093722369584 0.0424403183023873 0.0203359858532272 0 0.0371352785145889 0.0539345711759505 0.0503978779840849 0.0114942528735632 0.102564102564103 0.00707338638373121
"mesTub" 0.0663129973474801 0.0362511052166225 0.0415561450044209 0.0353669319186561 0.0362511052166225 0.0380194518125553 0.0371352785145889 0.0415561450044209 0.0442086648983201 0.0212201591511936 0.0406719717064545 0.0371352785145889 0 0.0424403183023873 0.0636604774535809 0.0353669319186561 0.0893015030946065 0.0371352785145889
"pelCas" 0.0813439434129089 0.0521662245800177 0.0565870910698497 0.0539345711759505 0.0530503978779841 0.0530503978779841 0.0521662245800177 0.0574712643678161 0.0601237842617153 0.0530503978779841 0.0574712643678161 0.0539345711759505 0.0424403183023873 0 0.0769230769230769 0.0503978779840849 0.0857648099027409 0.0521662245800177
"pelSin" 0.0707338638373121 0.0521662245800177 0.0548187444739169 0.0521662245800177 0.0530503978779841 0.0539345711759505 0.0530503978779841 0.0539345711759505 0.0574712643678161 0.0654288240495137 0.0557029177718833 0.0503978779840849 0.0636604774535809 0.0769230769230769 0 0.0512820512820513 0.114942528735632 0.0503978779840849
"plaMeg" 0.0548187444739169 0.013262599469496 0.02210433244916 0.0185676392572944 0.0123784261715296 0.0114942528735632 0.00884173297966401 0.0229885057471264 0.0274093722369584 0.0424403183023873 0.0194518125552608 0.0114942528735632 0.0353669319186561 0.0503978779840849 0.0512820512820513 0 0.099027409372237 0.0123784261715296
"podExp" 0.120247568523431 0.099027409372237 0.103448275862069 0.102564102564103 0.102564102564103 0.102564102564103 0.101679929266136 0.102564102564103 0.10079575596817 0.0954907161803713 0.106100795755968 0.102564102564103 0.0893015030946065 0.0857648099027409 0.114942528735632 0.099027409372237 0 0.102564102564103
"terMex" 0.0539345711759505 0.0150309460654288 0.0238726790450928 0.0185676392572944 0.00618921308576481 0.013262599469496 0.0123784261715296 0.0247568523430592 0.0282935455349248 0.0442086648983201 0.0203359858532272 0.00707338638373121 0.0371352785145889 0.0521662245800177 0.0503978779840849 0.0123784261715296 0.102564102564103 0
