"carIns" "cheAbi" "cheMyd" "chrPic" "cuoAmb" "cuoMcc" "derCor" "derMaw" "gopAga" "malTer" "mesTub" "pelSin" "podExp" "terMex"
"carIns" 0 0.0621301775147929 0.0611439842209073 0.0621301775147929 0.0611439842209073 0.0611439842209073 0.0601577909270217 0.0877712031558185 0.0660749506903353 0.0611439842209073 0.0690335305719921 0.0611439842209073 0.0690335305719921 0.0581854043392505
"cheAbi" 0.0621301775147929 0 0.0256410256410256 0.0187376725838264 0.0138067061143984 0.0138067061143984 0.02465483234714 0.0641025641025641 0.0157790927021696 0.0207100591715976 0.0384615384615385 0.0404339250493097 0.0453648915187377 0.0118343195266272
"cheMyd" 0.0611439842209073 0.0256410256410256 0 0.0236686390532544 0.019723865877712 0.019723865877712 0.0157790927021696 0.0641025641025641 0.02465483234714 0.0236686390532544 0.0345167652859961 0.0335305719921105 0.0404339250493097 0.0187376725838264
"chrPic" 0.0621301775147929 0.0187376725838264 0.0236686390532544 0 0.0108481262327416 0.0108481262327416 0.0236686390532544 0.0621301775147929 0.0157790927021696 0.00591715976331361 0.0394477317554241 0.0404339250493097 0.0433925049309665 0.00690335305719921
"cuoAmb" 0.0611439842209073 0.0138067061143984 0.019723865877712 0.0108481262327416 0 0.0019723865877712 0.019723865877712 0.0601577909270217 0.0108481262327416 0.0128205128205128 0.0364891518737673 0.0374753451676529 0.0394477317554241 0.00788954635108481
"cuoMcc" 0.0611439842209073 0.0138067061143984 0.019723865877712 0.0108481262327416 0.0019723865877712 0 0.019723865877712 0.0591715976331361 0.0108481262327416 0.0128205128205128 0.0364891518737673 0.0355029585798817 0.0394477317554241 0.00788954635108481
"derCor" 0.0601577909270217 0.02465483234714 0.0157790927021696 0.0236686390532544 0.019723865877712 0.019723865877712 0 0.0611439842209073 0.02465483234714 0.0236686390532544 0.0345167652859961 0.0325443786982249 0.0384615384615385 0.0187376725838264
"derMaw" 0.0877712031558185 0.0641025641025641 0.0641025641025641 0.0621301775147929 0.0601577909270217 0.0591715976331361 0.0611439842209073 0 0.0650887573964497 0.0641025641025641 0.0808678500986193 0.0779092702169625 0.0788954635108481 0.0611439842209073
"gopAga" 0.0660749506903353 0.0157790927021696 0.02465483234714 0.0157790927021696 0.0108481262327416 0.0108481262327416 0.02465483234714 0.0650887573964497 0 0.0177514792899408 0.0394477317554241 0.0414201183431953 0.0453648915187377 0.0128205128205128
"malTer" 0.0611439842209073 0.0207100591715976 0.0236686390532544 0.00591715976331361 0.0128205128205128 0.0128205128205128 0.0236686390532544 0.0641025641025641 0.0177514792899408 0 0.0374753451676529 0.0394477317554241 0.0414201183431953 0.00887573964497041
"mesTub" 0.0690335305719921 0.0384615384615385 0.0345167652859961 0.0394477317554241 0.0364891518737673 0.0364891518737673 0.0345167652859961 0.0808678500986193 0.0394477317554241 0.0374753451676529 0 0.0483234714003945 0.0384615384615385 0.0364891518737673
"pelSin" 0.0611439842209073 0.0404339250493097 0.0335305719921105 0.0404339250493097 0.0374753451676529 0.0355029585798817 0.0325443786982249 0.0779092702169625 0.0414201183431953 0.0394477317554241 0.0483234714003945 0 0.0493096646942801 0.0364891518737673
"podExp" 0.0690335305719921 0.0453648915187377 0.0404339250493097 0.0433925049309665 0.0394477317554241 0.0394477317554241 0.0384615384615385 0.0788954635108481 0.0453648915187377 0.0414201183431953 0.0384615384615385 0.0493096646942801 0 0.0424063116370809
"terMex" 0.0581854043392505 0.0118343195266272 0.0187376725838264 0.00690335305719921 0.00788954635108481 0.00788954635108481 0.0187376725838264 0.0611439842209073 0.0128205128205128 0.00887573964497041 0.0364891518737673 0.0364891518737673 0.0424063116370809 0
