"carIns" "cheAbi" "cheMyd" "chrPic" "cuoAmb" "cuoMcc" "derCor" "derMaw" "emySub" "gopAga" "malTer" "mesTub" "pelCas" "pelSin" "plaMeg" "podExp"
"carIns" 0 0.137254901960784 0.131287297527707 0.119352088661552 0.123614663256607 0.124467178175618 0.12617220801364 0.128729752770674 0.140664961636829 0.128729752770674 0.119352088661552 0.144075021312873 0.150895140664962 0.0988917306052856 0.121909633418585 0.150895140664962
"cheAbi" 0.137254901960784 0 0.081841432225064 0.0630861040068201 0.0383631713554987 0.0375106564364876 0.082693947144075 0.104859335038363 0.108269394714407 0.0332480818414322 0.0647911338448423 0.112531969309463 0.13384484228474 0.10997442455243 0.062233589087809 0.149190110826939
"cheMyd" 0.131287297527707 0.081841432225064 0 0.0588235294117647 0.072463768115942 0.0699062233589088 0.0323955669224211 0.0878090366581415 0.092924126172208 0.0750213128729753 0.0588235294117647 0.101449275362319 0.11849957374254 0.103154305200341 0.0554134697357204 0.127877237851662
"chrPic" 0.119352088661552 0.0630861040068201 0.0588235294117647 0 0.0528559249786871 0.052003410059676 0.0554134697357204 0.0809889173060529 0.0963341858482523 0.0596760443307758 0.00170502983802217 0.0946291560102302 0.111679454390452 0.105711849957374 0.0383631713554987 0.127024722932651
"cuoAmb" 0.123614663256607 0.0383631713554987 0.072463768115942 0.0528559249786871 0 0.0127877237851662 0.0716112531969309 0.0954816709292413 0.104859335038363 0.030690537084399 0.0528559249786871 0.104859335038363 0.128729752770674 0.108269394714407 0.0554134697357204 0.139812446717818
"cuoMcc" 0.124467178175618 0.0375106564364876 0.0699062233589088 0.052003410059676 0.0127877237851662 0 0.0690537084398977 0.0912190963341858 0.10230179028133 0.0272804774083546 0.052003410059676 0.104859335038363 0.131287297527707 0.10997442455243 0.0528559249786871 0.142369991474851
"derCor" 0.12617220801364 0.082693947144075 0.0323955669224211 0.0554134697357204 0.0716112531969309 0.0690537084398977 0 0.0886615515771526 0.0946291560102302 0.0758738277919864 0.0554134697357204 0.0997442455242967 0.121909633418585 0.0980392156862745 0.0494458653026428 0.128729752770674
"derMaw" 0.128729752770674 0.104859335038363 0.0878090366581415 0.0809889173060529 0.0954816709292413 0.0912190963341858 0.0886615515771526 0 0.117647058823529 0.0971867007672634 0.0792838874680307 0.119352088661552 0.129582267689685 0.115942028985507 0.0801364023870418 0.148337595907928
"emySub" 0.140664961636829 0.108269394714407 0.092924126172208 0.0963341858482523 0.104859335038363 0.10230179028133 0.0946291560102302 0.117647058823529 0 0.105711849957374 0.0963341858482523 0.052003410059676 0.10230179028133 0.112531969309463 0.0903665814151748 0.111679454390452
"gopAga" 0.128729752770674 0.0332480818414322 0.0750213128729753 0.0596760443307758 0.030690537084399 0.0272804774083546 0.0758738277919864 0.0971867007672634 0.105711849957374 0 0.0596760443307758 0.10997442455243 0.13384484228474 0.106564364876385 0.0571184995737425 0.150042625745951
"malTer" 0.119352088661552 0.0647911338448423 0.0588235294117647 0.00170502983802217 0.0528559249786871 0.052003410059676 0.0554134697357204 0.0792838874680307 0.0963341858482523 0.0596760443307758 0 0.0946291560102302 0.10997442455243 0.105711849957374 0.0383631713554987 0.127024722932651
"mesTub" 0.144075021312873 0.112531969309463 0.101449275362319 0.0946291560102302 0.104859335038363 0.104859335038363 0.0997442455242967 0.119352088661552 0.052003410059676 0.10997442455243 0.0946291560102302 0 0.10230179028133 0.119352088661552 0.0946291560102302 0.119352088661552
"pelCas" 0.150895140664962 0.13384484228474 0.11849957374254 0.111679454390452 0.128729752770674 0.131287297527707 0.121909633418585 0.129582267689685 0.10230179028133 0.13384484228474 0.10997442455243 0.10230179028133 0 0.139812446717818 0.115089514066496 0.0861040068201194
"pelSin" 0.0988917306052856 0.10997442455243 0.103154305200341 0.105711849957374 0.108269394714407 0.10997442455243 0.0980392156862745 0.115942028985507 0.112531969309463 0.106564364876385 0.105711849957374 0.119352088661552 0.139812446717818 0 0.0980392156862745 0.138107416879795
"plaMeg" 0.121909633418585 0.062233589087809 0.0554134697357204 0.0383631713554987 0.0554134697357204 0.0528559249786871 0.0494458653026428 0.0801364023870418 0.0903665814151748 0.0571184995737425 0.0383631713554987 0.0946291560102302 0.115089514066496 0.0980392156862745 0 0.127877237851662
"podExp" 0.150895140664962 0.149190110826939 0.127877237851662 0.127024722932651 0.139812446717818 0.142369991474851 0.128729752770674 0.148337595907928 0.111679454390452 0.150042625745951 0.127024722932651 0.119352088661552 0.0861040068201194 0.138107416879795 0.127877237851662 0
