"carIns" "cheAbi" "cheMyd" "chrPic" "cuoMcc" "derCor" "derMaw" "emySub" "malTer" "pelCas" "pelSin" "plaMeg" "podExp"
"carIns" 0 0.0925747348119576 0.085824493731919 0.085824493731919 0.0829315332690453 0.0848601735776278 0.0867888138862102 0.101253616200579 0.0838958534233366 0.101253616200579 0.0964320154291225 0.0838958534233366 0.120540019286403
"cheAbi" 0.0925747348119576 0 0.0540019286403086 0.0414657666345227 0.0366441658630665 0.0530376084860174 0.0617164898746384 0.0906460945033751 0.0395371263259402 0.108968177434908 0.0906460945033751 0.0376084860173578 0.121504339440694
"cheMyd" 0.085824493731919 0.0540019286403086 0 0.0308582449373192 0.0405014464802314 0.0270009643201543 0.0356798457087753 0.0732883317261331 0.0289296046287367 0.085824493731919 0.0694310511089682 0.0279652844744455 0.103182256509161
"chrPic" 0.085824493731919 0.0414657666345227 0.0308582449373192 0 0.029893924783028 0.0327868852459016 0.0414657666345227 0.0732883317261331 0.0077145612343298 0.0877531340405014 0.0742526518804243 0.017357762777242 0.104146576663452
"cuoMcc" 0.0829315332690453 0.0366441658630665 0.0405014464802314 0.029893924783028 0 0.0356798457087753 0.0453230472516876 0.0790742526518804 0.0279652844744455 0.0983606557377049 0.077145612343298 0.0260366441658631 0.1099324975892
"derCor" 0.0848601735776278 0.0530376084860174 0.0270009643201543 0.0327868852459016 0.0356798457087753 0 0.0424300867888139 0.0761812921890068 0.0308582449373192 0.0906460945033751 0.0742526518804243 0.0279652844744455 0.105110896817743
"derMaw" 0.0867888138862102 0.0617164898746384 0.0356798457087753 0.0414657666345227 0.0453230472516876 0.0424300867888139 0 0.077145612343298 0.0395371263259402 0.09450337512054 0.0665380906460945 0.0395371263259402 0.108968177434908
"emySub" 0.101253616200579 0.0906460945033751 0.0732883317261331 0.0732883317261331 0.0790742526518804 0.0761812921890068 0.077145612343298 0 0.0713596914175506 0.0781099324975892 0.0867888138862102 0.0723240115718418 0.0916104146576663
"malTer" 0.0838958534233366 0.0395371263259402 0.0289296046287367 0.0077145612343298 0.0279652844744455 0.0308582449373192 0.0395371263259402 0.0713596914175506 0 0.085824493731919 0.0723240115718418 0.017357762777242 0.104146576663452
"pelCas" 0.101253616200579 0.108968177434908 0.085824493731919 0.0877531340405014 0.0983606557377049 0.0906460945033751 0.09450337512054 0.0781099324975892 0.085824493731919 0 0.110896817743491 0.0848601735776278 0.085824493731919
"pelSin" 0.0964320154291225 0.0906460945033751 0.0694310511089682 0.0742526518804243 0.077145612343298 0.0742526518804243 0.0665380906460945 0.0867888138862102 0.0723240115718418 0.110896817743491 0 0.0732883317261331 0.124397299903568
"plaMeg" 0.0838958534233366 0.0376084860173578 0.0279652844744455 0.017357762777242 0.0260366441658631 0.0279652844744455 0.0395371263259402 0.0723240115718418 0.017357762777242 0.0848601735776278 0.0732883317261331 0 0.106075216972035
"podExp" 0.120540019286403 0.121504339440694 0.103182256509161 0.104146576663452 0.1099324975892 0.105110896817743 0.108968177434908 0.0916104146576663 0.104146576663452 0.085824493731919 0.124397299903568 0.106075216972035 0
