"carIns" "cheAbi" "cheMyd" "cheSer" "chrPic" "cuoAmb" "cuoMcc" "derCor" "derMaw" "emySub" "gopAga" "malTer" "mesTub" "pelCas" "pelSin" "plaMeg" "podExp"
"carIns" 0 0.0574074074074074 0.0537037037037037 0.0481481481481481 0.0537037037037037 0.0527777777777778 0.0527777777777778 0.0592592592592593 0.062962962962963 0.0657407407407407 0.0611111111111111 0.0564814814814815 0.0787037037037037 0.0712962962962963 0.0666666666666667 0.0537037037037037 0.0731481481481481
"cheAbi" 0.0574074074074074 0 0.0305555555555556 0.0277777777777778 0.0259259259259259 0.0212962962962963 0.0203703703703704 0.0351851851851852 0.0425925925925926 0.0537037037037037 0.0148148148148148 0.0268518518518519 0.0657407407407407 0.0648148148148148 0.062962962962963 0.0222222222222222 0.062962962962963
"cheMyd" 0.0537037037037037 0.0305555555555556 0 0.0268518518518519 0.0277777777777778 0.0277777777777778 0.0268518518518519 0.0203703703703704 0.037037037037037 0.0509259259259259 0.0333333333333333 0.0305555555555556 0.0611111111111111 0.0601851851851852 0.062037037037037 0.0268518518518519 0.0583333333333333
"cheSer" 0.0481481481481481 0.0277777777777778 0.0268518518518519 0 0.0259259259259259 0.0194444444444444 0.0203703703703704 0.0259259259259259 0.0324074074074074 0.0490740740740741 0.0277777777777778 0.0268518518518519 0.0574074074074074 0.0546296296296296 0.0564814814814815 0.0222222222222222 0.0555555555555556
"chrPic" 0.0537037037037037 0.0259259259259259 0.0277777777777778 0.0259259259259259 0 0.0194444444444444 0.0185185185185185 0.0287037037037037 0.0388888888888889 0.0555555555555556 0.0259259259259259 0.00462962962962963 0.0657407407407407 0.062037037037037 0.0666666666666667 0.012037037037037 0.0601851851851852
"cuoAmb" 0.0527777777777778 0.0212962962962963 0.0277777777777778 0.0194444444444444 0.0194444444444444 0 0.00462962962962963 0.0287037037037037 0.0314814814814815 0.0481481481481481 0.0175925925925926 0.0185185185185185 0.0583333333333333 0.0574074074074074 0.0611111111111111 0.0157407407407407 0.0537037037037037
"cuoMcc" 0.0527777777777778 0.0203703703703704 0.0268518518518519 0.0203703703703704 0.0185185185185185 0.00462962962962963 0 0.0277777777777778 0.0324074074074074 0.0462962962962963 0.0166666666666667 0.0175925925925926 0.0564814814814815 0.0555555555555556 0.062037037037037 0.0148148148148148 0.0537037037037037
"derCor" 0.0592592592592593 0.0351851851851852 0.0203703703703704 0.0259259259259259 0.0287037037037037 0.0287037037037037 0.0277777777777778 0 0.0407407407407407 0.0574074074074074 0.0333333333333333 0.0296296296296296 0.062037037037037 0.0648148148148148 0.062962962962963 0.0277777777777778 0.0666666666666667
"derMaw" 0.062962962962963 0.0425925925925926 0.037037037037037 0.0324074074074074 0.0388888888888889 0.0314814814814815 0.0324074074074074 0.0407407407407407 0 0.0555555555555556 0.0416666666666667 0.0398148148148148 0.0666666666666667 0.062962962962963 0.0685185185185185 0.0342592592592593 0.0657407407407407
"emySub" 0.0657407407407407 0.0537037037037037 0.0509259259259259 0.0490740740740741 0.0555555555555556 0.0481481481481481 0.0462962962962963 0.0574074074074074 0.0555555555555556 0 0.0546296296296296 0.0527777777777778 0.0277777777777778 0.0583333333333333 0.0759259259259259 0.0527777777777778 0.0564814814814815
"gopAga" 0.0611111111111111 0.0148148148148148 0.0333333333333333 0.0277777777777778 0.0259259259259259 0.0175925925925926 0.0166666666666667 0.0333333333333333 0.0416666666666667 0.0546296296296296 0 0.025 0.0666666666666667 0.0657407407407407 0.0675925925925926 0.0203703703703704 0.0648148148148148
"malTer" 0.0564814814814815 0.0268518518518519 0.0305555555555556 0.0268518518518519 0.00462962962962963 0.0185185185185185 0.0175925925925926 0.0296296296296296 0.0398148148148148 0.0527777777777778 0.025 0 0.0611111111111111 0.0574074074074074 0.0657407407407407 0.012962962962963 0.0574074074074074
"mesTub" 0.0787037037037037 0.0657407407407407 0.0611111111111111 0.0574074074074074 0.0657407407407407 0.0583333333333333 0.0564814814814815 0.062037037037037 0.0666666666666667 0.0277777777777778 0.0666666666666667 0.0611111111111111 0 0.0648148148148148 0.0814814814814815 0.062962962962963 0.0694444444444444
"pelCas" 0.0712962962962963 0.0648148148148148 0.0601851851851852 0.0546296296296296 0.062037037037037 0.0574074074074074 0.0555555555555556 0.0648148148148148 0.062962962962963 0.0583333333333333 0.0657407407407407 0.0574074074074074 0.0648148148148148 0 0.0740740740740741 0.0601851851851852 0.0537037037037037
"pelSin" 0.0666666666666667 0.062962962962963 0.062037037037037 0.0564814814814815 0.0666666666666667 0.0611111111111111 0.062037037037037 0.062962962962963 0.0685185185185185 0.0759259259259259 0.0675925925925926 0.0657407407407407 0.0814814814814815 0.0740740740740741 0 0.062037037037037 0.0759259259259259
"plaMeg" 0.0537037037037037 0.0222222222222222 0.0268518518518519 0.0222222222222222 0.012037037037037 0.0157407407407407 0.0148148148148148 0.0277777777777778 0.0342592592592593 0.0527777777777778 0.0203703703703704 0.012962962962963 0.062962962962963 0.0601851851851852 0.062037037037037 0 0.0592592592592593
"podExp" 0.0731481481481481 0.062962962962963 0.0583333333333333 0.0555555555555556 0.0601851851851852 0.0537037037037037 0.0537037037037037 0.0666666666666667 0.0657407407407407 0.0564814814814815 0.0648148148148148 0.0574074074074074 0.0694444444444444 0.0537037037037037 0.0759259259259259 0.0592592592592593 0
