"carIns" "cheAbi" "cheMyd" "cheSer" "chrPic" "cuoAmb" "cuoMcc" "derCor" "derMaw" "emySub" "gopAga" "malTer" "mesTub" "pelCas" "pelSin" "plaMeg" "podExp" "terMex"
"carIns" 0 0.0729783037475345 0.0719921104536489 0.0621301775147929 0.0759368836291913 0.0729783037475345 0.0719921104536489 0.0670611439842209 0.0808678500986193 0.0857988165680473 0.0729783037475345 0.0769230769230769 0.0936883629191322 0.0877712031558185 0.0828402366863905 0.0719921104536489 0.0907297830374754 0.135108481262327
"cheAbi" 0.0729783037475345 0 0.0374753451676529 0.0285996055226824 0.0207100591715976 0.00788954635108481 0.00887573964497041 0.0335305719921105 0.0424063116370809 0.0680473372781065 0.00493096646942801 0.0207100591715976 0.0670611439842209 0.0680473372781065 0.0650887573964497 0.0157790927021696 0.0739644970414201 0.0877712031558185
"cheMyd" 0.0719921104536489 0.0374753451676529 0 0.0345167652859961 0.0433925049309665 0.0355029585798817 0.0364891518737673 0.0187376725838264 0.0463510848126233 0.0710059171597633 0.0394477317554241 0.0424063116370809 0.0700197238658777 0.0571992110453649 0.0581854043392505 0.0364891518737673 0.0690335305719921 0.112426035502959
"cheSer" 0.0621301775147929 0.0285996055226824 0.0345167652859961 0 0.0325443786982249 0.0266272189349112 0.0266272189349112 0.0285996055226824 0.0355029585798817 0.0571992110453649 0.0276134122287968 0.0335305719921105 0.0581854043392505 0.0631163708086785 0.0601577909270217 0.0285996055226824 0.0621301775147929 0.100591715976331
"chrPic" 0.0759368836291913 0.0207100591715976 0.0433925049309665 0.0325443786982249 0 0.0187376725838264 0.019723865877712 0.0374753451676529 0.0463510848126233 0.0700197238658777 0.0216962524654832 0.00788954635108481 0.0729783037475345 0.0690335305719921 0.0710059171597633 0.0167652859960552 0.0729783037475345 0.0828402366863905
"cuoAmb" 0.0729783037475345 0.00788954635108481 0.0355029585798817 0.0266272189349112 0.0187376725838264 0 0.0029585798816568 0.0335305719921105 0.0443786982248521 0.0660749506903353 0.0108481262327416 0.0187376725838264 0.0650887573964497 0.0641025641025641 0.0631163708086785 0.0138067061143984 0.0700197238658777 0.0848126232741617
"cuoMcc" 0.0719921104536489 0.00887573964497041 0.0364891518737673 0.0266272189349112 0.019723865877712 0.0029585798816568 0 0.0325443786982249 0.0453648915187377 0.0650887573964497 0.0108481262327416 0.0187376725838264 0.0641025641025641 0.0650887573964497 0.0660749506903353 0.0138067061143984 0.0719921104536489 0.0857988165680473
"derCor" 0.0670611439842209 0.0335305719921105 0.0187376725838264 0.0285996055226824 0.0374753451676529 0.0335305719921105 0.0325443786982249 0 0.0404339250493097 0.0710059171597633 0.0355029585798817 0.0364891518737673 0.0700197238658777 0.0641025641025641 0.0641025641025641 0.0335305719921105 0.0710059171597633 0.106508875739645
"derMaw" 0.0808678500986193 0.0424063116370809 0.0463510848126233 0.0355029585798817 0.0463510848126233 0.0443786982248521 0.0453648915187377 0.0404339250493097 0 0.0798816568047337 0.0473372781065089 0.0473372781065089 0.0788954635108481 0.0739644970414201 0.0729783037475345 0.0424063116370809 0.0808678500986193 0.112426035502959
"emySub" 0.0857988165680473 0.0680473372781065 0.0710059171597633 0.0571992110453649 0.0700197238658777 0.0660749506903353 0.0650887573964497 0.0710059171597633 0.0798816568047337 0 0.0670611439842209 0.0690335305719921 0.029585798816568 0.0601577909270217 0.0867850098619329 0.0660749506903353 0.0562130177514793 0.134122287968442
"gopAga" 0.0729783037475345 0.00493096646942801 0.0394477317554241 0.0276134122287968 0.0216962524654832 0.0108481262327416 0.0108481262327416 0.0355029585798817 0.0473372781065089 0.0670611439842209 0 0.0216962524654832 0.0660749506903353 0.0680473372781065 0.0660749506903353 0.0167652859960552 0.0729783037475345 0.0907297830374754
"malTer" 0.0769230769230769 0.0207100591715976 0.0424063116370809 0.0335305719921105 0.00788954635108481 0.0187376725838264 0.0187376725838264 0.0364891518737673 0.0473372781065089 0.0690335305719921 0.0216962524654832 0 0.0729783037475345 0.0700197238658777 0.0729783037475345 0.014792899408284 0.0729783037475345 0.0828402366863905
"mesTub" 0.0936883629191322 0.0670611439842209 0.0700197238658777 0.0581854043392505 0.0729783037475345 0.0650887573964497 0.0641025641025641 0.0700197238658777 0.0788954635108481 0.029585798816568 0.0660749506903353 0.0729783037475345 0 0.0591715976331361 0.0887573964497041 0.0700197238658777 0.0571992110453649 0.130177514792899
"pelCas" 0.0877712031558185 0.0680473372781065 0.0571992110453649 0.0631163708086785 0.0690335305719921 0.0641025641025641 0.0650887573964497 0.0641025641025641 0.0739644970414201 0.0601577909270217 0.0680473372781065 0.0700197238658777 0.0591715976331361 0 0.0729783037475345 0.0670611439842209 0.0483234714003945 0.135108481262327
"pelSin" 0.0828402366863905 0.0650887573964497 0.0581854043392505 0.0601577909270217 0.0710059171597633 0.0631163708086785 0.0660749506903353 0.0641025641025641 0.0729783037475345 0.0867850098619329 0.0660749506903353 0.0729783037475345 0.0887573964497041 0.0729783037475345 0 0.0660749506903353 0.0848126232741617 0.133136094674556
"plaMeg" 0.0719921104536489 0.0157790927021696 0.0364891518737673 0.0285996055226824 0.0167652859960552 0.0138067061143984 0.0138067061143984 0.0335305719921105 0.0424063116370809 0.0660749506903353 0.0167652859960552 0.014792899408284 0.0700197238658777 0.0670611439842209 0.0660749506903353 0 0.0719921104536489 0.0867850098619329
"podExp" 0.0907297830374754 0.0739644970414201 0.0690335305719921 0.0621301775147929 0.0729783037475345 0.0700197238658777 0.0719921104536489 0.0710059171597633 0.0808678500986193 0.0562130177514793 0.0729783037475345 0.0729783037475345 0.0571992110453649 0.0483234714003945 0.0848126232741617 0.0719921104536489 0 0.134122287968442
"terMex" 0.135108481262327 0.0877712031558185 0.112426035502959 0.100591715976331 0.0828402366863905 0.0848126232741617 0.0857988165680473 0.106508875739645 0.112426035502959 0.134122287968442 0.0907297830374754 0.0828402366863905 0.130177514792899 0.135108481262327 0.133136094674556 0.0867850098619329 0.134122287968442 0
