"carIns" "cheAbi" "cheMyd" "cheSer" "chrPic" "cuoAmb" "cuoMcc" "derCor" "derMaw" "emySub" "gopAga" "malTer" "mesTub" "pelCas" "pelSin" "plaMeg" "podExp" "terMex"
"carIns" 0 0.0687285223367698 0.0687285223367698 0.0687285223367698 0.0670103092783505 0.0713058419243986 0.0695876288659794 0.0678694158075601 0.0756013745704467 0.0884879725085911 0.0713058419243986 0.141752577319588 0.0884879725085911 0.0987972508591065 0.0936426116838488 0.0687285223367698 0.100515463917526 0.0661512027491409
"cheAbi" 0.0687285223367698 0 0.0283505154639175 0.0283505154639175 0.0223367697594502 0.0214776632302405 0.0189003436426117 0.0266323024054983 0.0395189003436426 0.0627147766323024 0.0146048109965636 0.102233676975945 0.0618556701030928 0.0730240549828179 0.0721649484536082 0.0231958762886598 0.0884879725085911 0.0223367697594502
"cheMyd" 0.0687285223367698 0.0283505154639175 0 0.0206185567010309 0.0197594501718213 0.0266323024054983 0.0240549828178694 0.0120274914089347 0.031786941580756 0.0644329896907216 0.0292096219931271 0.101374570446735 0.0618556701030928 0.0730240549828179 0.0678694158075601 0.0214776632302405 0.0867697594501718 0.0206185567010309
"cheSer" 0.0687285223367698 0.0283505154639175 0.0206185567010309 0 0.0240549828178694 0.0283505154639175 0.0257731958762887 0.0189003436426117 0.0300687285223368 0.0627147766323024 0.0257731958762887 0.106529209621993 0.0627147766323024 0.0713058419243986 0.0670103092783505 0.0231958762886598 0.0884879725085911 0.0223367697594502
"chrPic" 0.0670103092783505 0.0223367697594502 0.0197594501718213 0.0240549828178694 0 0.0214776632302405 0.0171821305841924 0.0171821305841924 0.0352233676975945 0.0592783505154639 0.0231958762886598 0.084192439862543 0.056701030927835 0.0687285223367698 0.0644329896907216 0.0146048109965636 0.0850515463917526 0.00859106529209622
"cuoAmb" 0.0713058419243986 0.0214776632302405 0.0266323024054983 0.0283505154639175 0.0214776632302405 0 0.0077319587628866 0.024914089347079 0.0412371134020619 0.063573883161512 0.0206185567010309 0.102233676975945 0.063573883161512 0.0713058419243986 0.0721649484536082 0.0189003436426117 0.0876288659793814 0.0197594501718213
"cuoMcc" 0.0695876288659794 0.0189003436426117 0.0240549828178694 0.0257731958762887 0.0171821305841924 0.0077319587628866 0 0.0206185567010309 0.038659793814433 0.0609965635738832 0.0180412371134021 0.0996563573883162 0.0592783505154639 0.0687285223367698 0.0678694158075601 0.0180412371134021 0.0824742268041237 0.0171821305841924
"derCor" 0.0678694158075601 0.0266323024054983 0.0120274914089347 0.0189003436426117 0.0171821305841924 0.024914089347079 0.0206185567010309 0 0.0300687285223368 0.0592783505154639 0.0274914089347079 0.0987972508591065 0.056701030927835 0.0730240549828179 0.0661512027491409 0.0197594501718213 0.0859106529209622 0.0171821305841924
"derMaw" 0.0756013745704467 0.0395189003436426 0.031786941580756 0.0300687285223368 0.0352233676975945 0.0412371134020619 0.038659793814433 0.0300687285223368 0 0.0730240549828179 0.0403780068728522 0.116838487972509 0.0678694158075601 0.0824742268041237 0.0756013745704467 0.0360824742268041 0.095360824742268 0.0343642611683849
"emySub" 0.0884879725085911 0.0627147766323024 0.0644329896907216 0.0627147766323024 0.0592783505154639 0.063573883161512 0.0609965635738832 0.0592783505154639 0.0730240549828179 0 0.063573883161512 0.134020618556701 0.031786941580756 0.0532646048109966 0.0996563573883162 0.0618556701030928 0.0678694158075601 0.0575601374570447
"gopAga" 0.0713058419243986 0.0146048109965636 0.0292096219931271 0.0257731958762887 0.0231958762886598 0.0206185567010309 0.0180412371134021 0.0274914089347079 0.0403780068728522 0.063573883161512 0 0.105670103092784 0.0627147766323024 0.0713058419243986 0.0713058419243986 0.0223367697594502 0.0867697594501718 0.0231958762886598
"malTer" 0.141752577319588 0.102233676975945 0.101374570446735 0.106529209621993 0.084192439862543 0.102233676975945 0.0996563573883162 0.0987972508591065 0.116838487972509 0.134020618556701 0.105670103092784 0 0.130584192439863 0.141752577319588 0.140893470790378 0.0945017182130584 0.152920962199313 0.0910652920962199
"mesTub" 0.0884879725085911 0.0618556701030928 0.0618556701030928 0.0627147766323024 0.056701030927835 0.063573883161512 0.0592783505154639 0.056701030927835 0.0678694158075601 0.031786941580756 0.0627147766323024 0.130584192439863 0 0.0549828178694158 0.0936426116838488 0.0618556701030928 0.0721649484536082 0.0575601374570447
"pelCas" 0.0987972508591065 0.0730240549828179 0.0730240549828179 0.0713058419243986 0.0687285223367698 0.0713058419243986 0.0687285223367698 0.0730240549828179 0.0824742268041237 0.0532646048109966 0.0713058419243986 0.141752577319588 0.0549828178694158 0 0.0996563573883162 0.0678694158075601 0.0609965635738832 0.0713058419243986
"pelSin" 0.0936426116838488 0.0721649484536082 0.0678694158075601 0.0670103092783505 0.0644329896907216 0.0721649484536082 0.0678694158075601 0.0661512027491409 0.0756013745704467 0.0996563573883162 0.0713058419243986 0.140893470790378 0.0936426116838488 0.0996563573883162 0 0.0661512027491409 0.109965635738832 0.0661512027491409
"plaMeg" 0.0687285223367698 0.0231958762886598 0.0214776632302405 0.0231958762886598 0.0146048109965636 0.0189003436426117 0.0180412371134021 0.0197594501718213 0.0360824742268041 0.0618556701030928 0.0223367697594502 0.0945017182130584 0.0618556701030928 0.0678694158075601 0.0661512027491409 0 0.0859106529209622 0.0128865979381443
"podExp" 0.100515463917526 0.0884879725085911 0.0867697594501718 0.0884879725085911 0.0850515463917526 0.0876288659793814 0.0824742268041237 0.0859106529209622 0.095360824742268 0.0678694158075601 0.0867697594501718 0.152920962199313 0.0721649484536082 0.0609965635738832 0.109965635738832 0.0859106529209622 0 0.0876288659793814
"terMex" 0.0661512027491409 0.0223367697594502 0.0206185567010309 0.0223367697594502 0.00859106529209622 0.0197594501718213 0.0171821305841924 0.0171821305841924 0.0343642611683849 0.0575601374570447 0.0231958762886598 0.0910652920962199 0.0575601374570447 0.0713058419243986 0.0661512027491409 0.0128865979381443 0.0876288659793814 0
