"carIns" "cheAbi" "cheMyd" "cheSer" "chrPic" "cuoAmb" "cuoMcc" "derCor" "derMaw" "emySub" "gopAga" "malTer" "mesTub" "pelCas" "pelSin" "plaMeg" "podExp" "terMex"
"carIns" 0 0.0707070707070707 0.0707070707070707 0.0707070707070707 0.063973063973064 0.0723905723905724 0.0681818181818182 0.0698653198653199 0.0791245791245791 0.085016835016835 0.0749158249158249 0.0656565656565657 0.0951178451178451 0.108585858585859 0.085016835016835 0.0664983164983165 0.116161616161616 0.0614478114478114
"cheAbi" 0.0707070707070707 0 0.0404040404040404 0.0404040404040404 0.0260942760942761 0.0252525252525253 0.021043771043771 0.0429292929292929 0.047979797979798 0.0656565656565657 0.0202020202020202 0.0277777777777778 0.0715488215488215 0.101010101010101 0.0698653198653199 0.0294612794612795 0.095959595959596 0.0260942760942761
"cheMyd" 0.0707070707070707 0.0404040404040404 0 0.0269360269360269 0.0269360269360269 0.0387205387205387 0.0345117845117845 0.0185185185185185 0.0361952861952862 0.0589225589225589 0.0420875420875421 0.0286195286195286 0.0656565656565657 0.0909090909090909 0.0715488215488215 0.0311447811447811 0.0925925925925926 0.0252525252525253
"cheSer" 0.0707070707070707 0.0404040404040404 0.0269360269360269 0 0.0235690235690236 0.0353535353535354 0.0311447811447811 0.0277777777777778 0.0378787878787879 0.0555555555555556 0.0420875420875421 0.0235690235690236 0.0656565656565657 0.0934343434343434 0.0631313131313131 0.0277777777777778 0.0934343434343434 0.0235690235690236
"chrPic" 0.063973063973064 0.0260942760942761 0.0269360269360269 0.0235690235690236 0 0.0252525252525253 0.021043771043771 0.0277777777777778 0.0345117845117845 0.0538720538720539 0.0269360269360269 0.00505050505050505 0.0597643097643098 0.0917508417508417 0.0631313131313131 0.0126262626262626 0.0917508417508417 0.00925925925925926
"cuoAmb" 0.0723905723905724 0.0252525252525253 0.0387205387205387 0.0353535353535354 0.0252525252525253 0 0.00589225589225589 0.0395622895622896 0.0462962962962963 0.0673400673400673 0.0252525252525253 0.0269360269360269 0.0715488215488215 0.103535353535354 0.0723905723905724 0.0294612794612795 0.0984848484848485 0.0244107744107744
"cuoMcc" 0.0681818181818182 0.021043771043771 0.0345117845117845 0.0311447811447811 0.021043771043771 0.00589225589225589 0 0.0353535353535354 0.0437710437710438 0.0631313131313131 0.021043771043771 0.0227272727272727 0.0673400673400673 0.0993265993265993 0.0681818181818182 0.0252525252525253 0.0942760942760943 0.0202020202020202
"derCor" 0.0698653198653199 0.0429292929292929 0.0185185185185185 0.0277777777777778 0.0277777777777778 0.0395622895622896 0.0353535353535354 0 0.037037037037037 0.0597643097643098 0.0446127946127946 0.0294612794612795 0.0648148148148148 0.0951178451178451 0.0715488215488215 0.031986531986532 0.0942760942760943 0.0269360269360269
"derMaw" 0.0791245791245791 0.047979797979798 0.0361952861952862 0.0378787878787879 0.0345117845117845 0.0462962962962963 0.0437710437710438 0.037037037037037 0 0.0622895622895623 0.0462962962962963 0.0361952861952862 0.0673400673400673 0.0993265993265993 0.0782828282828283 0.0404040404040404 0.0993265993265993 0.0353535353535354
"emySub" 0.085016835016835 0.0656565656565657 0.0589225589225589 0.0555555555555556 0.0538720538720539 0.0673400673400673 0.0631313131313131 0.0597643097643098 0.0622895622895623 0 0.0664983164983165 0.0555555555555556 0.0345117845117845 0.0808080808080808 0.0816498316498317 0.0547138047138047 0.0808080808080808 0.0547138047138047
"gopAga" 0.0749158249158249 0.0202020202020202 0.0420875420875421 0.0420875420875421 0.0269360269360269 0.0252525252525253 0.021043771043771 0.0446127946127946 0.0462962962962963 0.0664983164983165 0 0.0286195286195286 0.0723905723905724 0.103535353535354 0.0740740740740741 0.0328282828282828 0.0976430976430976 0.0277777777777778
"malTer" 0.0656565656565657 0.0277777777777778 0.0286195286195286 0.0235690235690236 0.00505050505050505 0.0269360269360269 0.0227272727272727 0.0294612794612795 0.0361952861952862 0.0555555555555556 0.0286195286195286 0 0.0631313131313131 0.0934343434343434 0.0631313131313131 0.0143097643097643 0.0934343434343434 0.0109427609427609
"mesTub" 0.0951178451178451 0.0715488215488215 0.0656565656565657 0.0656565656565657 0.0597643097643098 0.0715488215488215 0.0673400673400673 0.0648148148148148 0.0673400673400673 0.0345117845117845 0.0723905723905724 0.0631313131313131 0 0.0875420875420875 0.0942760942760943 0.0606060606060606 0.0883838383838384 0.0622895622895623
"pelCas" 0.108585858585859 0.101010101010101 0.0909090909090909 0.0934343434343434 0.0917508417508417 0.103535353535354 0.0993265993265993 0.0951178451178451 0.0993265993265993 0.0808080808080808 0.103535353535354 0.0934343434343434 0.0875420875420875 0 0.122053872053872 0.0909090909090909 0.0824915824915825 0.0900673400673401
"pelSin" 0.085016835016835 0.0698653198653199 0.0715488215488215 0.0631313131313131 0.0631313131313131 0.0723905723905724 0.0681818181818182 0.0715488215488215 0.0782828282828283 0.0816498316498317 0.0740740740740741 0.0631313131313131 0.0942760942760943 0.122053872053872 0 0.0673400673400673 0.122895622895623 0.0614478114478114
"plaMeg" 0.0664983164983165 0.0294612794612795 0.0311447811447811 0.0277777777777778 0.0126262626262626 0.0294612794612795 0.0252525252525253 0.031986531986532 0.0404040404040404 0.0547138047138047 0.0328282828282828 0.0143097643097643 0.0606060606060606 0.0909090909090909 0.0673400673400673 0 0.0892255892255892 0.0134680134680135
"podExp" 0.116161616161616 0.095959595959596 0.0925925925925926 0.0934343434343434 0.0917508417508417 0.0984848484848485 0.0942760942760943 0.0942760942760943 0.0993265993265993 0.0808080808080808 0.0976430976430976 0.0934343434343434 0.0883838383838384 0.0824915824915825 0.122895622895623 0.0892255892255892 0 0.0925925925925926
"terMex" 0.0614478114478114 0.0260942760942761 0.0252525252525253 0.0235690235690236 0.00925925925925926 0.0244107744107744 0.0202020202020202 0.0269360269360269 0.0353535353535354 0.0547138047138047 0.0277777777777778 0.0109427609427609 0.0622895622895623 0.0900673400673401 0.0614478114478114 0.0134680134680135 0.0925925925925926 0
