"carIns" "cheMyd" "cheSer" "chrPic" "cuoMcc" "derCor" "derMaw" "emySub" "gopAga" "mesTub" "pelCas" "pelSin" "plaMeg" "terMex"
"carIns" 0 0.0612244897959184 0.065597667638484 0.199708454810496 0.0670553935860058 0.065597667638484 0.0743440233236152 0.0860058309037901 0.0670553935860058 0.0860058309037901 0.087463556851312 0.075801749271137 0.0728862973760933 0.0714285714285714
"cheMyd" 0.0612244897959184 0 0.0174927113702624 0.154518950437318 0.0160349854227405 0.0087463556851312 0.0262390670553936 0.043731778425656 0.0174927113702624 0.0466472303206997 0.0510204081632653 0.043731778425656 0.0189504373177843 0.0204081632653061
"cheSer" 0.065597667638484 0.0174927113702624 0 0.15597667638484 0.021865889212828 0.0204081632653061 0.0349854227405248 0.0451895043731778 0.021865889212828 0.0510204081632653 0.0553935860058309 0.0481049562682216 0.0189504373177843 0.0233236151603499
"chrPic" 0.199708454810496 0.154518950437318 0.15597667638484 0 0.150145772594752 0.154518950437318 0.167638483965015 0.183673469387755 0.145772594752187 0.188046647230321 0.185131195335277 0.186588921282799 0.151603498542274 0.142857142857143
"cuoMcc" 0.0670553935860058 0.0160349854227405 0.021865889212828 0.150145772594752 0 0.0160349854227405 0.032069970845481 0.0510204081632653 0.0102040816326531 0.053935860058309 0.0524781341107872 0.0510204081632653 0.0174927113702624 0.0189504373177843
"derCor" 0.065597667638484 0.0087463556851312 0.0204081632653061 0.154518950437318 0.0160349854227405 0 0.0291545189504373 0.0451895043731778 0.0174927113702624 0.0495626822157434 0.053935860058309 0.043731778425656 0.0189504373177843 0.0204081632653061
"derMaw" 0.0743440233236152 0.0262390670553936 0.0349854227405248 0.167638483965015 0.032069970845481 0.0291545189504373 0 0.0583090379008746 0.0335276967930029 0.0612244897959184 0.0641399416909621 0.0568513119533528 0.0349854227405248 0.0364431486880466
"emySub" 0.0860058309037901 0.043731778425656 0.0451895043731778 0.183673469387755 0.0510204081632653 0.0451895043731778 0.0583090379008746 0 0.0510204081632653 0.0233236151603499 0.0481049562682216 0.0626822157434402 0.043731778425656 0.0510204081632653
"gopAga" 0.0670553935860058 0.0174927113702624 0.021865889212828 0.145772594752187 0.0102040816326531 0.0174927113702624 0.0335276967930029 0.0510204081632653 0 0.053935860058309 0.0524781341107872 0.0481049562682216 0.0189504373177843 0.0204081632653061
"mesTub" 0.0860058309037901 0.0466472303206997 0.0510204081632653 0.188046647230321 0.053935860058309 0.0495626822157434 0.0612244897959184 0.0233236151603499 0.053935860058309 0 0.0495626822157434 0.065597667638484 0.0524781341107872 0.0568513119533528
"pelCas" 0.087463556851312 0.0510204081632653 0.0553935860058309 0.185131195335277 0.0524781341107872 0.053935860058309 0.0641399416909621 0.0481049562682216 0.0524781341107872 0.0495626822157434 0 0.0641399416909621 0.053935860058309 0.0583090379008746
"pelSin" 0.075801749271137 0.043731778425656 0.0481049562682216 0.186588921282799 0.0510204081632653 0.043731778425656 0.0568513119533528 0.0626822157434402 0.0481049562682216 0.065597667638484 0.0641399416909621 0 0.0510204081632653 0.053935860058309
"plaMeg" 0.0728862973760933 0.0189504373177843 0.0189504373177843 0.151603498542274 0.0174927113702624 0.0189504373177843 0.0349854227405248 0.043731778425656 0.0189504373177843 0.0524781341107872 0.053935860058309 0.0510204081632653 0 0.0189504373177843
"terMex" 0.0714285714285714 0.0204081632653061 0.0233236151603499 0.142857142857143 0.0189504373177843 0.0204081632653061 0.0364431486880466 0.0510204081632653 0.0204081632653061 0.0568513119533528 0.0583090379008746 0.053935860058309 0.0189504373177843 0
