"carIns" "cheAbi" "cheMyd" "cheSer" "chrPic" "cuoMcc" "derCor" "derMaw" "emySub" "gopAga" "malTer" "mesTub" "pelCas" "pelSin" "plaMeg" "podExp" "terMex"
"carIns" 0 0.134020618556701 0.103092783505155 0.0811855670103093 0.0876288659793814 0.0824742268041237 0.0824742268041237 0.0850515463917526 0.0876288659793814 0.0876288659793814 0.0876288659793814 0.104381443298969 0.095360824742268 0.0876288659793814 0.086340206185567 0.105670103092784 0.086340206185567
"cheAbi" 0.134020618556701 0 0.0850515463917526 0.0760309278350515 0.0734536082474227 0.0682989690721649 0.0760309278350515 0.0747422680412371 0.0876288659793814 0.0592783505154639 0.0721649484536082 0.103092783505155 0.0966494845360825 0.0927835051546392 0.0708762886597938 0.100515463917526 0.0682989690721649
"cheMyd" 0.103092783505155 0.0850515463917526 0 0.0463917525773196 0.0489690721649485 0.0502577319587629 0.0347938144329897 0.0463917525773196 0.0592783505154639 0.0502577319587629 0.047680412371134 0.0682989690721649 0.0682989690721649 0.0644329896907216 0.0489690721649485 0.0618556701030928 0.0451030927835052
"cheSer" 0.0811855670103093 0.0760309278350515 0.0463917525773196 0 0.0180412371134021 0.0180412371134021 0.0219072164948454 0.0206185567010309 0.0335051546391753 0.0219072164948454 0.0167525773195876 0.0451030927835052 0.0438144329896907 0.038659793814433 0.0219072164948454 0.056701030927835 0.0206185567010309
"chrPic" 0.0876288659793814 0.0734536082474227 0.0489690721649485 0.0180412371134021 0 0.0141752577319588 0.0206185567010309 0.0231958762886598 0.0360824742268041 0.0180412371134021 0.00257731958762887 0.0528350515463918 0.0489690721649485 0.0463917525773196 0.0154639175257732 0.0618556701030928 0.00902061855670103
"cuoMcc" 0.0824742268041237 0.0682989690721649 0.0502577319587629 0.0180412371134021 0.0141752577319588 0 0.0219072164948454 0.0231958762886598 0.0347938144329897 0.0154639175257732 0.0141752577319588 0.0515463917525773 0.047680412371134 0.0451030927835052 0.0128865979381443 0.0579896907216495 0.0167525773195876
"derCor" 0.0824742268041237 0.0760309278350515 0.0347938144329897 0.0219072164948454 0.0206185567010309 0.0219072164948454 0 0.0219072164948454 0.0322164948453608 0.0206185567010309 0.0206185567010309 0.0463917525773196 0.0463917525773196 0.0425257731958763 0.0206185567010309 0.0541237113402062 0.0193298969072165
"derMaw" 0.0850515463917526 0.0747422680412371 0.0463917525773196 0.0206185567010309 0.0231958762886598 0.0231958762886598 0.0219072164948454 0 0.0335051546391753 0.0219072164948454 0.0219072164948454 0.0489690721649485 0.0438144329896907 0.0425257731958763 0.0231958762886598 0.0528350515463918 0.0231958762886598
"emySub" 0.0876288659793814 0.0876288659793814 0.0592783505154639 0.0335051546391753 0.0360824742268041 0.0347938144329897 0.0322164948453608 0.0335051546391753 0 0.0335051546391753 0.0347938144329897 0.029639175257732 0.0322164948453608 0.0425257731958763 0.0322164948453608 0.0515463917525773 0.0335051546391753
"gopAga" 0.0876288659793814 0.0592783505154639 0.0502577319587629 0.0219072164948454 0.0180412371134021 0.0154639175257732 0.0206185567010309 0.0219072164948454 0.0335051546391753 0 0.0154639175257732 0.0502577319587629 0.047680412371134 0.0438144329896907 0.0180412371134021 0.056701030927835 0.0141752577319588
"malTer" 0.0876288659793814 0.0721649484536082 0.047680412371134 0.0167525773195876 0.00257731958762887 0.0141752577319588 0.0206185567010309 0.0219072164948454 0.0347938144329897 0.0154639175257732 0 0.0515463917525773 0.047680412371134 0.0451030927835052 0.0154639175257732 0.0605670103092784 0.00644329896907216
"mesTub" 0.104381443298969 0.103092783505155 0.0682989690721649 0.0451030927835052 0.0528350515463918 0.0515463917525773 0.0463917525773196 0.0489690721649485 0.029639175257732 0.0502577319587629 0.0515463917525773 0 0.0489690721649485 0.0541237113402062 0.0502577319587629 0.0541237113402062 0.0502577319587629
"pelCas" 0.095360824742268 0.0966494845360825 0.0682989690721649 0.0438144329896907 0.0489690721649485 0.047680412371134 0.0463917525773196 0.0438144329896907 0.0322164948453608 0.047680412371134 0.047680412371134 0.0489690721649485 0 0.0515463917525773 0.047680412371134 0.0451030927835052 0.047680412371134
"pelSin" 0.0876288659793814 0.0927835051546392 0.0644329896907216 0.038659793814433 0.0463917525773196 0.0451030927835052 0.0425257731958763 0.0425257731958763 0.0425257731958763 0.0438144329896907 0.0451030927835052 0.0541237113402062 0.0515463917525773 0 0.0412371134020619 0.0618556701030928 0.0438144329896907
"plaMeg" 0.086340206185567 0.0708762886597938 0.0489690721649485 0.0219072164948454 0.0154639175257732 0.0128865979381443 0.0206185567010309 0.0231958762886598 0.0322164948453608 0.0180412371134021 0.0154639175257732 0.0502577319587629 0.047680412371134 0.0412371134020619 0 0.0592783505154639 0.0141752577319588
"podExp" 0.105670103092784 0.100515463917526 0.0618556701030928 0.056701030927835 0.0618556701030928 0.0579896907216495 0.0541237113402062 0.0528350515463918 0.0515463917525773 0.056701030927835 0.0605670103092784 0.0541237113402062 0.0451030927835052 0.0618556701030928 0.0592783505154639 0 0.0592783505154639
"terMex" 0.086340206185567 0.0682989690721649 0.0451030927835052 0.0206185567010309 0.00902061855670103 0.0167525773195876 0.0193298969072165 0.0231958762886598 0.0335051546391753 0.0141752577319588 0.00644329896907216 0.0502577319587629 0.047680412371134 0.0438144329896907 0.0141752577319588 0.0592783505154639 0
