"carIns" "cheAbi" "cheMyd" "cheSer" "chrPic" "cuoAmb" "cuoMcc" "derCor" "derMaw" "emySub" "gopAga" "malTer" "mesTub" "pelCas" "pelSin" "plaMeg" "podExp" "terMex"
"carIns" 0 0.0681044267877412 0.114642451759364 0.0930760499432463 0.197502837684449 0.0658342792281498 0.0601589103291714 0.190692395005675 0.0794551645856981 0.0908059023836549 0.0658342792281498 0.0646992054483541 0.0874006810442679 0.0896708286038592 0.209988649262202 0.0794551645856981 0.11577752553916 0.0669693530079455
"cheAbi" 0.0681044267877412 0 0.072644721906924 0.0522133938706016 0.169125993189557 0.0136208853575482 0.0102156640181612 0.167990919409762 0.0385925085130533 0.0590238365493757 0.0170261066969353 0.018161180476731 0.0567536889897843 0.0703745743473326 0.194097616345062 0.0329171396140749 0.0874006810442679 0.0170261066969353
"cheMyd" 0.114642451759364 0.072644721906924 0 0.097616345062429 0.203178206583428 0.0703745743473326 0.0658342792281498 0.180476730987514 0.0828603859250851 0.0998864926220204 0.0749148694665153 0.0658342792281498 0.0998864926220204 0.114642451759364 0.229284903518729 0.072644721906924 0.124858115777526 0.0658342792281498
"cheSer" 0.0930760499432463 0.0522133938706016 0.097616345062429 0 0.199772985244041 0.0465380249716232 0.0442678774120318 0.18955732122588 0.0635641316685585 0.0805902383654938 0.0533484676503973 0.0465380249716232 0.0805902383654938 0.0874006810442679 0.216799091940976 0.0624290578887628 0.111237230419977 0.0465380249716232
"chrPic" 0.197502837684449 0.169125993189557 0.203178206583428 0.199772985244041 0 0.166855845629966 0.166855845629966 0.307604994324631 0.178206583427923 0.198637911464245 0.169125993189557 0.156640181611805 0.195232690124858 0.206583427922815 0.211123723041998 0.162315550510783 0.212258796821793 0.162315550510783
"cuoAmb" 0.0658342792281498 0.0136208853575482 0.0703745743473326 0.0465380249716232 0.166855845629966 0 0.00794551645856981 0.166855845629966 0.036322360953462 0.0567536889897843 0.0147559591373439 0.0158910329171396 0.054483541430193 0.0669693530079455 0.191827468785471 0.0306469920544835 0.0851305334846765 0.0136208853575482
"cuoMcc" 0.0601589103291714 0.0102156640181612 0.0658342792281498 0.0442678774120318 0.166855845629966 0.00794551645856981 0 0.158910329171396 0.0317820658342792 0.0522133938706016 0.0113507377979569 0.0102156640181612 0.0522133938706016 0.0658342792281498 0.188422247446084 0.0261066969353008 0.0805902383654938 0.0113507377979569
"derCor" 0.190692395005675 0.167990919409762 0.180476730987514 0.18955732122588 0.307604994324631 0.166855845629966 0.158910329171396 0 0.166855845629966 0.192962542565267 0.16572077185017 0.1577752553916 0.195232690124858 0.200908059023837 0.321225879682179 0.179341657207718 0.205448354143019 0.164585698070375
"derMaw" 0.0794551645856981 0.0385925085130533 0.0828603859250851 0.0635641316685585 0.178206583427923 0.036322360953462 0.0317820658342792 0.166855845629966 0 0.0692395005675369 0.0385925085130533 0.0329171396140749 0.0658342792281498 0.0805902383654938 0.197502837684449 0.0476730987514188 0.0930760499432463 0.0329171396140749
"emySub" 0.0908059023836549 0.0590238365493757 0.0998864926220204 0.0805902383654938 0.198637911464245 0.0567536889897843 0.0522133938706016 0.192962542565267 0.0692395005675369 0 0.0590238365493757 0.0567536889897843 0.0351872871736663 0.0646992054483541 0.208853575482406 0.0658342792281498 0.0805902383654938 0.0567536889897843
"gopAga" 0.0658342792281498 0.0170261066969353 0.0749148694665153 0.0533484676503973 0.169125993189557 0.0147559591373439 0.0113507377979569 0.16572077185017 0.0385925085130533 0.0590238365493757 0 0.0192962542565267 0.0590238365493757 0.0681044267877412 0.194097616345062 0.0329171396140749 0.0874006810442679 0.0204313280363224
"malTer" 0.0646992054483541 0.018161180476731 0.0658342792281498 0.0465380249716232 0.156640181611805 0.0158910329171396 0.0102156640181612 0.1577752553916 0.0329171396140749 0.0567536889897843 0.0192962542565267 0 0.0556186152099886 0.0692395005675369 0.182746878547106 0.0306469920544835 0.0749148694665153 0.00794551645856981
"mesTub" 0.0874006810442679 0.0567536889897843 0.0998864926220204 0.0805902383654938 0.195232690124858 0.054483541430193 0.0522133938706016 0.195232690124858 0.0658342792281498 0.0351872871736663 0.0590238365493757 0.0556186152099886 0 0.0635641316685585 0.208853575482406 0.0692395005675369 0.0828603859250851 0.0567536889897843
"pelCas" 0.0896708286038592 0.0703745743473326 0.114642451759364 0.0874006810442679 0.206583427922815 0.0669693530079455 0.0658342792281498 0.200908059023837 0.0805902383654938 0.0646992054483541 0.0681044267877412 0.0692395005675369 0.0635641316685585 0 0.221339387060159 0.0805902383654938 0.0828603859250851 0.0692395005675369
"pelSin" 0.209988649262202 0.194097616345062 0.229284903518729 0.216799091940976 0.211123723041998 0.191827468785471 0.188422247446084 0.321225879682179 0.197502837684449 0.208853575482406 0.194097616345062 0.182746878547106 0.208853575482406 0.221339387060159 0 0.196367763904654 0.234960272417707 0.186152099886493
"plaMeg" 0.0794551645856981 0.0329171396140749 0.072644721906924 0.0624290578887628 0.162315550510783 0.0306469920544835 0.0261066969353008 0.179341657207718 0.0476730987514188 0.0658342792281498 0.0329171396140749 0.0306469920544835 0.0692395005675369 0.0805902383654938 0.196367763904654 0 0.0919409761634506 0.0306469920544835
"podExp" 0.11577752553916 0.0874006810442679 0.124858115777526 0.111237230419977 0.212258796821793 0.0851305334846765 0.0805902383654938 0.205448354143019 0.0930760499432463 0.0805902383654938 0.0874006810442679 0.0749148694665153 0.0828603859250851 0.0828603859250851 0.234960272417707 0.0919409761634506 0 0.0783200908059024
"terMex" 0.0669693530079455 0.0170261066969353 0.0658342792281498 0.0465380249716232 0.162315550510783 0.0136208853575482 0.0113507377979569 0.164585698070375 0.0329171396140749 0.0567536889897843 0.0204313280363224 0.00794551645856981 0.0567536889897843 0.0692395005675369 0.186152099886493 0.0306469920544835 0.0783200908059024 0
