"carIns" "cheAbi" "cheMyd" "cheSer" "chrPic" "cuoAmb" "cuoMcc" "derCor" "derMaw" "gopAga" "malTer" "mesTub" "pelCas" "pelSin" "plaMeg" "podExp" "terMex"
"carIns" 0 0.0485133020344288 0.0516431924882629 0.170579029733959 0.0469483568075117 0.181533646322379 0.170579029733959 0.0500782472613459 0.0594679186228482 0.0563380281690141 0.0485133020344288 0.0594679186228482 0.0704225352112676 0.0406885758998435 0.165884194053208 0.081377151799687 0.0500782472613459
"cheAbi" 0.0485133020344288 0 0.02660406885759 0.147104851330203 0.0109546165884194 0.151799687010955 0.139280125195618 0.0234741784037559 0.0328638497652582 0.0140845070422535 0.0125195618153365 0.0563380281690141 0.0641627543035994 0.0438184663536776 0.140845070422535 0.07981220657277 0.0140845070422535
"cheMyd" 0.0516431924882629 0.02660406885759 0 0.147104851330203 0.0219092331768388 0.161189358372457 0.14866979655712 0.0187793427230047 0.028169014084507 0.0312989045383412 0.0234741784037559 0.0579029733959311 0.0657276995305164 0.0485133020344288 0.145539906103286 0.0782472613458529 0.0250391236306729
"cheSer" 0.170579029733959 0.147104851330203 0.147104851330203 0 0.142410015649452 0.0391236306729265 0.0328638497652582 0.147104851330203 0.147104851330203 0.150234741784038 0.143974960876369 0.170579029733959 0.17527386541471 0.164319248826291 0.183098591549296 0.189358372456964 0.143974960876369
"chrPic" 0.0469483568075117 0.0109546165884194 0.0219092331768388 0.142410015649452 0 0.153364632237872 0.140845070422535 0.0187793427230047 0.028169014084507 0.0156494522691706 0.00156494522691706 0.0516431924882629 0.0594679186228482 0.0375586854460094 0.136150234741784 0.0751173708920188 0.00625978090766823
"cuoAmb" 0.181533646322379 0.151799687010955 0.161189358372457 0.0391236306729265 0.153364632237872 0 0.0125195618153365 0.161189358372457 0.164319248826291 0.156494522691706 0.154929577464789 0.184663536776213 0.187793427230047 0.181533646322379 0.184663536776213 0.203442879499218 0.151799687010955
"cuoMcc" 0.170579029733959 0.139280125195618 0.14866979655712 0.0328638497652582 0.140845070422535 0.0125195618153365 0 0.14866979655712 0.151799687010955 0.145539906103286 0.142410015649452 0.172143974960876 0.17527386541471 0.169014084507042 0.17527386541471 0.190923317683881 0.139280125195618
"derCor" 0.0500782472613459 0.0234741784037559 0.0187793427230047 0.147104851330203 0.0187793427230047 0.161189358372457 0.14866979655712 0 0.028169014084507 0.028169014084507 0.0203442879499218 0.0516431924882629 0.0594679186228482 0.0453834115805947 0.147104851330203 0.0735524256651017 0.0219092331768388
"derMaw" 0.0594679186228482 0.0328638497652582 0.028169014084507 0.147104851330203 0.028169014084507 0.164319248826291 0.151799687010955 0.028169014084507 0 0.0375586854460094 0.02660406885759 0.0641627543035994 0.0672926447574335 0.054773082942097 0.154929577464789 0.0876369327073552 0.0312989045383412
"gopAga" 0.0563380281690141 0.0140845070422535 0.0312989045383412 0.150234741784038 0.0156494522691706 0.156494522691706 0.145539906103286 0.028169014084507 0.0375586854460094 0 0.0172143974960876 0.0579029733959311 0.0688575899843505 0.0485133020344288 0.142410015649452 0.0845070422535211 0.0187793427230047
"malTer" 0.0485133020344288 0.0125195618153365 0.0234741784037559 0.143974960876369 0.00156494522691706 0.154929577464789 0.142410015649452 0.0203442879499218 0.02660406885759 0.0172143974960876 0 0.05320813771518 0.0610328638497653 0.0391236306729265 0.137715179968701 0.0766823161189358 0.00782472613458529
"mesTub" 0.0594679186228482 0.0563380281690141 0.0579029733959311 0.170579029733959 0.0516431924882629 0.184663536776213 0.172143974960876 0.0516431924882629 0.0641627543035994 0.0579029733959311 0.05320813771518 0 0.0500782472613459 0.0610328638497653 0.17527386541471 0.0594679186228482 0.0516431924882629
"pelCas" 0.0704225352112676 0.0641627543035994 0.0657276995305164 0.17527386541471 0.0594679186228482 0.187793427230047 0.17527386541471 0.0594679186228482 0.0672926447574335 0.0688575899843505 0.0610328638497653 0.0500782472613459 0 0.0657276995305164 0.178403755868545 0.0563380281690141 0.0594679186228482
"pelSin" 0.0406885758998435 0.0438184663536776 0.0485133020344288 0.164319248826291 0.0375586854460094 0.181533646322379 0.169014084507042 0.0453834115805947 0.054773082942097 0.0485133020344288 0.0391236306729265 0.0610328638497653 0.0657276995305164 0 0.162754303599374 0.0766823161189358 0.0406885758998435
"plaMeg" 0.165884194053208 0.140845070422535 0.145539906103286 0.183098591549296 0.136150234741784 0.184663536776213 0.17527386541471 0.147104851330203 0.154929577464789 0.142410015649452 0.137715179968701 0.17527386541471 0.178403755868545 0.162754303599374 0 0.192488262910798 0.139280125195618
"podExp" 0.081377151799687 0.07981220657277 0.0782472613458529 0.189358372456964 0.0751173708920188 0.203442879499218 0.190923317683881 0.0735524256651017 0.0876369327073552 0.0845070422535211 0.0766823161189358 0.0594679186228482 0.0563380281690141 0.0766823161189358 0.192488262910798 0 0.0751173708920188
"terMex" 0.0500782472613459 0.0140845070422535 0.0250391236306729 0.143974960876369 0.00625978090766823 0.151799687010955 0.139280125195618 0.0219092331768388 0.0312989045383412 0.0187793427230047 0.00782472613458529 0.0516431924882629 0.0594679186228482 0.0406885758998435 0.139280125195618 0.0751173708920188 0
