"carIns" "cheAbi" "cheMyd" "cheSer" "chrPic" "cuoMcc" "derCor" "derMaw" "emySub" "gopAga" "malTer" "mesTub" "pelCas" "pelSin" "plaMeg" "podExp" "terMex"
"carIns" 0 0.0678466076696165 0.0663716814159292 0.0648967551622419 0.0575221238938053 0.056047197640118 0.0589970501474926 0.0634218289085546 0.0737463126843658 0.0589970501474926 0.14306784660767 0.0634218289085546 0.0752212389380531 0.0634218289085546 0.0575221238938053 0.0958702064896755 0.0530973451327434
"cheAbi" 0.0678466076696165 0 0.0324483775811209 0.0427728613569322 0.0339233038348083 0.0353982300884956 0.0324483775811209 0.0501474926253687 0.0648967551622419 0.0294985250737463 0.122418879056047 0.0722713864306785 0.0678466076696165 0.0604719764011799 0.0398230088495575 0.103244837758112 0.0324483775811209
"cheMyd" 0.0663716814159292 0.0324483775811209 0 0.0309734513274336 0.0309734513274336 0.0353982300884956 0.0294985250737463 0.0442477876106195 0.0663716814159292 0.0353982300884956 0.122418879056047 0.0678466076696165 0.0634218289085546 0.0604719764011799 0.028023598820059 0.101769911504425 0.0324483775811209
"cheSer" 0.0648967551622419 0.0427728613569322 0.0309734513274336 0 0.0162241887905605 0.0250737463126844 0.028023598820059 0.0294985250737463 0.0575221238938053 0.0250737463126844 0.122418879056047 0.0648967551622419 0.0604719764011799 0.0442477876106195 0.023598820058997 0.100294985250737 0.0221238938053097
"chrPic" 0.0575221238938053 0.0339233038348083 0.0309734513274336 0.0162241887905605 0 0.0191740412979351 0.0221238938053097 0.0265486725663717 0.0530973451327434 0.0162241887905605 0.113569321533923 0.0575221238938053 0.056047197640118 0.0442477876106195 0.0176991150442478 0.0929203539823009 0.0103244837758112
"cuoMcc" 0.056047197640118 0.0353982300884956 0.0353982300884956 0.0250737463126844 0.0191740412979351 0 0.023598820058997 0.0353982300884956 0.056047197640118 0.0176991150442478 0.12094395280236 0.0604719764011799 0.0501474926253687 0.0412979351032448 0.0221238938053097 0.0958702064896755 0.0206489675516224
"derCor" 0.0589970501474926 0.0324483775811209 0.0294985250737463 0.028023598820059 0.0221238938053097 0.023598820058997 0 0.0353982300884956 0.0589970501474926 0.023598820058997 0.12094395280236 0.0634218289085546 0.0589970501474926 0.0545722713864307 0.028023598820059 0.0899705014749263 0.0206489675516224
"derMaw" 0.0634218289085546 0.0501474926253687 0.0442477876106195 0.0294985250737463 0.0265486725663717 0.0353982300884956 0.0353982300884956 0 0.0648967551622419 0.0324483775811209 0.129793510324484 0.0604719764011799 0.0589970501474926 0.0575221238938053 0.0353982300884956 0.0958702064896755 0.0294985250737463
"emySub" 0.0737463126843658 0.0648967551622419 0.0663716814159292 0.0575221238938053 0.0530973451327434 0.056047197640118 0.0589970501474926 0.0648967551622419 0 0.056047197640118 0.135693215339233 0.0383480825958702 0.0575221238938053 0.0663716814159292 0.0589970501474926 0.0855457227138643 0.056047197640118
"gopAga" 0.0589970501474926 0.0294985250737463 0.0353982300884956 0.0250737463126844 0.0162241887905605 0.0176991150442478 0.023598820058997 0.0324483775811209 0.056047197640118 0 0.117994100294985 0.0604719764011799 0.056047197640118 0.0457227138643068 0.0221238938053097 0.0929203539823009 0.0176991150442478
"malTer" 0.14306784660767 0.122418879056047 0.122418879056047 0.122418879056047 0.113569321533923 0.12094395280236 0.12094395280236 0.129793510324484 0.135693215339233 0.117994100294985 0 0.141592920353982 0.151917404129794 0.126843657817109 0.122418879056047 0.179941002949853 0.115044247787611
"mesTub" 0.0634218289085546 0.0722713864306785 0.0678466076696165 0.0648967551622419 0.0575221238938053 0.0604719764011799 0.0634218289085546 0.0604719764011799 0.0383480825958702 0.0604719764011799 0.141592920353982 0 0.0604719764011799 0.0737463126843658 0.0619469026548673 0.0855457227138643 0.0575221238938053
"pelCas" 0.0752212389380531 0.0678466076696165 0.0634218289085546 0.0604719764011799 0.056047197640118 0.0501474926253687 0.0589970501474926 0.0589970501474926 0.0575221238938053 0.056047197640118 0.151917404129794 0.0604719764011799 0 0.0693215339233038 0.0545722713864307 0.084070796460177 0.0545722713864307
"pelSin" 0.0634218289085546 0.0604719764011799 0.0604719764011799 0.0442477876106195 0.0442477876106195 0.0412979351032448 0.0545722713864307 0.0575221238938053 0.0663716814159292 0.0457227138643068 0.126843657817109 0.0737463126843658 0.0693215339233038 0 0.0471976401179941 0.107669616519174 0.0427728613569322
"plaMeg" 0.0575221238938053 0.0398230088495575 0.028023598820059 0.023598820058997 0.0176991150442478 0.0221238938053097 0.028023598820059 0.0353982300884956 0.0589970501474926 0.0221238938053097 0.122418879056047 0.0619469026548673 0.0545722713864307 0.0471976401179941 0 0.0943952802359882 0.0191740412979351
"podExp" 0.0958702064896755 0.103244837758112 0.101769911504425 0.100294985250737 0.0929203539823009 0.0958702064896755 0.0899705014749263 0.0958702064896755 0.0855457227138643 0.0929203539823009 0.179941002949853 0.0855457227138643 0.084070796460177 0.107669616519174 0.0943952802359882 0 0.0855457227138643
"terMex" 0.0530973451327434 0.0324483775811209 0.0324483775811209 0.0221238938053097 0.0103244837758112 0.0206489675516224 0.0206489675516224 0.0294985250737463 0.056047197640118 0.0176991150442478 0.115044247787611 0.0575221238938053 0.0545722713864307 0.0427728613569322 0.0191740412979351 0.0855457227138643 0
