"carIns" "cheAbi" "cheMyd" "cheSer" "chrPic" "cuoMcc" "derCor" "derMaw" "emySub" "gopAga" "malTer" "pelCas" "pelSin" "plaMeg" "podExp" "terMex"
"carIns" 0 0.111870196413322 0.112724167378309 0.10333048676345 0.246797608881298 0.252775405636208 0.161400512382579 0.117847993168232 0.133219470538002 0.113578138343296 0.110162254483348 0.137489325362938 0.171648163962425 0.10333048676345 0.13663535439795 0.105038428693424
"cheAbi" 0.111870196413322 0 0.040136635354398 0.0333048676345004 0.203245089666951 0.199829205807003 0.0990606319385141 0.0503842869342442 0.0768573868488471 0.0145175064047822 0.0290350128095645 0.0990606319385141 0.157130657557643 0.0187873612297182 0.100768573868488 0.022203245089667
"cheMyd" 0.112724167378309 0.040136635354398 0 0.0341588385994876 0.2066609735269 0.210076857386849 0.0768573868488471 0.0529461998292058 0.0836891545687447 0.0435525192143467 0.0384286934244236 0.102476515798463 0.156276686592656 0.0333048676345004 0.0999146029035013 0.0341588385994876
"cheSer" 0.10333048676345 0.0333048676345004 0.0341588385994876 0 0.204953031596926 0.2066609735269 0.0905209222886422 0.040136635354398 0.067463706233988 0.0367207514944492 0.031596925704526 0.0888129803586678 0.144321093082835 0.0264730999146029 0.0956447480785653 0.0256191289496157
"chrPic" 0.246797608881298 0.203245089666951 0.2066609735269 0.204953031596926 0 0.219470538001708 0.26131511528608 0.210930828351836 0.237403928266439 0.205807002561913 0.191289496157131 0.251067463706234 0.258753202391119 0.191289496157131 0.246797608881298 0.187873612297182
"cuoMcc" 0.252775405636208 0.199829205807003 0.210076857386849 0.2066609735269 0.219470538001708 0 0.266438941076003 0.211784799316823 0.236549957301452 0.204099060631939 0.209222886421862 0.253629376601196 0.267292912040991 0.198975234842015 0.257045260461144 0.202391118701964
"derCor" 0.161400512382579 0.0990606319385141 0.0768573868488471 0.0905209222886422 0.26131511528608 0.266438941076003 0 0.112724167378309 0.129803586678053 0.102476515798463 0.0956447480785653 0.153714773697694 0.201537147736977 0.0905209222886422 0.155422715627669 0.0913748932536294
"derMaw" 0.117847993168232 0.0503842869342442 0.0529461998292058 0.040136635354398 0.210930828351836 0.211784799316823 0.112724167378309 0 0.085397096498719 0.053800170794193 0.049530315969257 0.105892399658412 0.162254483347566 0.0452604611443211 0.108454312553373 0.0444064901793339
"emySub" 0.133219470538002 0.0768573868488471 0.0836891545687447 0.067463706233988 0.237403928266439 0.236549957301452 0.129803586678053 0.085397096498719 0 0.0785653287788215 0.0777113578138343 0.0794192997438087 0.15798462852263 0.0700256191289496 0.0947907771135781 0.0725875320239112
"gopAga" 0.113578138343296 0.0145175064047822 0.0435525192143467 0.0367207514944492 0.205807002561913 0.204099060631939 0.102476515798463 0.053800170794193 0.0785653287788215 0 0.0307429547395389 0.102476515798463 0.158838599487617 0.0204953031596926 0.102476515798463 0.0256191289496157
"malTer" 0.110162254483348 0.0290350128095645 0.0384286934244236 0.031596925704526 0.191289496157131 0.209222886421862 0.0956447480785653 0.049530315969257 0.0777113578138343 0.0307429547395389 0 0.0973526900085397 0.156276686592656 0.0204953031596926 0.104184457728437 0.0102476515798463
"pelCas" 0.137489325362938 0.0990606319385141 0.102476515798463 0.0888129803586678 0.251067463706234 0.253629376601196 0.153714773697694 0.105892399658412 0.0794192997438087 0.102476515798463 0.0973526900085397 0 0.170794192997438 0.0939368061485909 0.0811272416737831 0.0922288642186166
"pelSin" 0.171648163962425 0.157130657557643 0.156276686592656 0.144321093082835 0.258753202391119 0.267292912040991 0.201537147736977 0.162254483347566 0.15798462852263 0.158838599487617 0.156276686592656 0.170794192997438 0 0.150298889837746 0.186165670367208 0.149444918872758
"plaMeg" 0.10333048676345 0.0187873612297182 0.0333048676345004 0.0264730999146029 0.191289496157131 0.198975234842015 0.0905209222886422 0.0452604611443211 0.0700256191289496 0.0204953031596926 0.0204953031596926 0.0939368061485909 0.150298889837746 0 0.0956447480785653 0.0119555935098207
"podExp" 0.13663535439795 0.100768573868488 0.0999146029035013 0.0956447480785653 0.246797608881298 0.257045260461144 0.155422715627669 0.108454312553373 0.0947907771135781 0.102476515798463 0.104184457728437 0.0811272416737831 0.186165670367208 0.0956447480785653 0 0.0973526900085397
"terMex" 0.105038428693424 0.022203245089667 0.0341588385994876 0.0256191289496157 0.187873612297182 0.202391118701964 0.0913748932536294 0.0444064901793339 0.0725875320239112 0.0256191289496157 0.0102476515798463 0.0922288642186166 0.149444918872758 0.0119555935098207 0.0973526900085397 0
