"carIns" "cheAbi" "cheMyd" "cheSer" "chrPic" "cuoAmb" "cuoMcc" "derMaw" "emySub" "gopAga" "malTer" "mesTub" "pelCas" "pelSin" "plaMeg" "podExp" "terMex"
"carIns" 0 0.152567975830816 0.16012084592145 0.113293051359517 0.13595166163142 0.122356495468278 0.110271903323263 0.101208459214502 0.125377643504532 0.31570996978852 0.131419939577039 0.138972809667674 0.131419939577039 0.122356495468278 0.107250755287009 0.143504531722054 0.110271903323263
"cheAbi" 0.152567975830816 0 0.1797583081571 0.123867069486405 0.145015105740181 0.11178247734139 0.102719033232628 0.122356495468278 0.158610271903323 0.282477341389728 0.148036253776435 0.178247734138973 0.175226586102719 0.163141993957704 0.114803625377644 0.182779456193353 0.114803625377644
"cheMyd" 0.16012084592145 0.1797583081571 0 0.113293051359517 0.132930513595166 0.131419939577039 0.122356495468278 0.113293051359517 0.126888217522659 0.333836858006042 0.123867069486405 0.138972809667674 0.151057401812689 0.176737160120846 0.114803625377644 0.164652567975831 0.11178247734139
"cheSer" 0.113293051359517 0.123867069486405 0.113293051359517 0 0.0906344410876133 0.0709969788519638 0.0619335347432024 0.0634441087613293 0.105740181268882 0.279456193353474 0.0845921450151057 0.117824773413897 0.125377643504532 0.117824773413897 0.0528700906344411 0.138972809667674 0.054380664652568
"chrPic" 0.13595166163142 0.145015105740181 0.132930513595166 0.0906344410876133 0 0.0921450151057402 0.0906344410876133 0.102719033232628 0.110271903323263 0.311178247734139 0.0332326283987915 0.125377643504532 0.122356495468278 0.141993957703928 0.0830815709969789 0.134441087613293 0.06797583081571
"cuoAmb" 0.122356495468278 0.11178247734139 0.131419939577039 0.0709969788519638 0.0921450151057402 0 0.0347432024169184 0.0845921450151057 0.120845921450151 0.285498489425982 0.0936555891238671 0.134441087613293 0.137462235649547 0.137462235649547 0.0589123867069486 0.146525679758308 0.0604229607250755
"cuoMcc" 0.110271903323263 0.102719033232628 0.122356495468278 0.0619335347432024 0.0906344410876133 0.0347432024169184 0 0.0740181268882175 0.11178247734139 0.280966767371601 0.0845921450151057 0.120845921450151 0.128398791540786 0.126888217522659 0.0513595166163142 0.143504531722054 0.0468277945619335
"derMaw" 0.101208459214502 0.122356495468278 0.113293051359517 0.0634441087613293 0.102719033232628 0.0845921450151057 0.0740181268882175 0 0.101208459214502 0.277945619335347 0.0966767371601208 0.122356495468278 0.114803625377644 0.119335347432024 0.0694864048338369 0.126888217522659 0.0694864048338369
"emySub" 0.125377643504532 0.158610271903323 0.126888217522659 0.105740181268882 0.110271903323263 0.120845921450151 0.11178247734139 0.101208459214502 0 0.318731117824773 0.11178247734139 0.0800604229607251 0.108761329305136 0.138972809667674 0.0996978851963746 0.114803625377644 0.101208459214502
"gopAga" 0.31570996978852 0.282477341389728 0.333836858006042 0.279456193353474 0.311178247734139 0.285498489425982 0.280966767371601 0.277945619335347 0.318731117824773 0 0.309667673716012 0.336858006042296 0.330815709969789 0.323262839879154 0.282477341389728 0.327794561933535 0.276435045317221
"malTer" 0.131419939577039 0.148036253776435 0.123867069486405 0.0845921450151057 0.0332326283987915 0.0936555891238671 0.0845921450151057 0.0966767371601208 0.11178247734139 0.309667673716012 0 0.122356495468278 0.123867069486405 0.140483383685801 0.0770392749244713 0.129909365558912 0.0649546827794562
"mesTub" 0.138972809667674 0.178247734138973 0.138972809667674 0.117824773413897 0.125377643504532 0.134441087613293 0.120845921450151 0.122356495468278 0.0800604229607251 0.336858006042296 0.122356495468278 0 0.105740181268882 0.157099697885196 0.107250755287009 0.128398791540786 0.113293051359517
"pelCas" 0.131419939577039 0.175226586102719 0.151057401812689 0.125377643504532 0.122356495468278 0.137462235649547 0.128398791540786 0.114803625377644 0.108761329305136 0.330815709969789 0.123867069486405 0.105740181268882 0 0.158610271903323 0.11631419939577 0.0996978851963746 0.11631419939577
"pelSin" 0.122356495468278 0.163141993957704 0.176737160120846 0.117824773413897 0.141993957703928 0.137462235649547 0.126888217522659 0.119335347432024 0.138972809667674 0.323262839879154 0.140483383685801 0.157099697885196 0.158610271903323 0 0.117824773413897 0.166163141993958 0.11631419939577
"plaMeg" 0.107250755287009 0.114803625377644 0.114803625377644 0.0528700906344411 0.0830815709969789 0.0589123867069486 0.0513595166163142 0.0694864048338369 0.0996978851963746 0.282477341389728 0.0770392749244713 0.107250755287009 0.11631419939577 0.117824773413897 0 0.128398791540786 0.0468277945619335
"podExp" 0.143504531722054 0.182779456193353 0.164652567975831 0.138972809667674 0.134441087613293 0.146525679758308 0.143504531722054 0.126888217522659 0.114803625377644 0.327794561933535 0.129909365558912 0.128398791540786 0.0996978851963746 0.166163141993958 0.128398791540786 0 0.125377643504532
"terMex" 0.110271903323263 0.114803625377644 0.11178247734139 0.054380664652568 0.06797583081571 0.0604229607250755 0.0468277945619335 0.0694864048338369 0.101208459214502 0.276435045317221 0.0649546827794562 0.113293051359517 0.11631419939577 0.11631419939577 0.0468277945619335 0.125377643504532 0
