"carIns" "cheAbi" "cheMyd" "cheSer" "chrPic" "cuoAmb" "cuoMcc" "derCor" "derMaw" "emySub" "gopAga" "malTer" "mesTub" "pelCas" "pelSin" "plaMeg" "podExp" "terMex"
"carIns" 0 0.0830449826989619 0.0865051903114187 0.0795847750865052 0.077277970011534 0.077277970011534 0.077277970011534 0.0830449826989619 0.0761245674740484 0.0922722029988466 0.0853517877739331 0.207612456747405 0.0876585928489043 0.0968858131487889 0.0715109573241061 0.0784313725490196 0.107266435986159 0.0726643598615917
"cheAbi" 0.0830449826989619 0 0.041522491349481 0.0334486735870819 0.0242214532871972 0.0149942329873126 0.0149942329873126 0.0299884659746251 0.041522491349481 0.0565167243367935 0.0173010380622837 0.179930795847751 0.0599769319492503 0.0611303344867359 0.0611303344867359 0.0230680507497117 0.0680507497116494 0.0196078431372549
"cheMyd" 0.0865051903114187 0.041522491349481 0 0.0322952710495963 0.0322952710495963 0.0288350634371396 0.0288350634371396 0.0253748558246828 0.0403690888119954 0.055363321799308 0.0426758938869665 0.190311418685121 0.0542099192618224 0.0622837370242214 0.0668973471741638 0.0346020761245675 0.0749711649365629 0.0288350634371396
"cheSer" 0.0795847750865052 0.0334486735870819 0.0322952710495963 0 0.0253748558246828 0.0253748558246828 0.0253748558246828 0.0288350634371396 0.0322952710495963 0.0519031141868512 0.0369088811995386 0.17762399077278 0.0507497116493656 0.0565167243367935 0.0565167243367935 0.0265282583621684 0.0657439446366782 0.0207612456747405
"chrPic" 0.077277970011534 0.0242214532871972 0.0322952710495963 0.0253748558246828 0 0.013840830449827 0.013840830449827 0.0253748558246828 0.0346020761245675 0.0472895040369089 0.0253748558246828 0.173010380622837 0.04959630911188 0.0530565167243368 0.0565167243367935 0.0126874279123414 0.0657439446366782 0.0069204152249135
"cuoAmb" 0.077277970011534 0.0149942329873126 0.0288350634371396 0.0253748558246828 0.013840830449827 0 0 0.0253748558246828 0.0346020761245675 0.0472895040369089 0.0184544405997693 0.176470588235294 0.04959630911188 0.0519031141868512 0.0565167243367935 0.0173010380622837 0.0599769319492503 0.0115340253748558
"cuoMcc" 0.077277970011534 0.0149942329873126 0.0288350634371396 0.0253748558246828 0.013840830449827 0 0 0.0253748558246828 0.0346020761245675 0.0472895040369089 0.0184544405997693 0.176470588235294 0.04959630911188 0.0519031141868512 0.0565167243367935 0.0173010380622837 0.0599769319492503 0.0115340253748558
"derCor" 0.0830449826989619 0.0299884659746251 0.0253748558246828 0.0288350634371396 0.0253748558246828 0.0253748558246828 0.0253748558246828 0 0.0357554786620531 0.04959630911188 0.0334486735870819 0.186851211072664 0.0507497116493656 0.055363321799308 0.0576701268742791 0.027681660899654 0.0657439446366782 0.0219146482122261
"derMaw" 0.0761245674740484 0.041522491349481 0.0403690888119954 0.0322952710495963 0.0346020761245675 0.0346020761245675 0.0346020761245675 0.0357554786620531 0 0.0588235294117647 0.0438292964244521 0.186851211072664 0.0599769319492503 0.0645905420991926 0.0599769319492503 0.0357554786620531 0.0795847750865052 0.0299884659746251
"emySub" 0.0922722029988466 0.0565167243367935 0.055363321799308 0.0519031141868512 0.0472895040369089 0.0472895040369089 0.0472895040369089 0.04959630911188 0.0588235294117647 0 0.055363321799308 0.197231833910035 0.0288350634371396 0.055363321799308 0.0645905420991926 0.0519031141868512 0.069204152249135 0.0461361014994233
"gopAga" 0.0853517877739331 0.0173010380622837 0.0426758938869665 0.0369088811995386 0.0253748558246828 0.0184544405997693 0.0184544405997693 0.0334486735870819 0.0438292964244521 0.055363321799308 0 0.183391003460208 0.0599769319492503 0.0576701268742791 0.0611303344867359 0.0288350634371396 0.069204152249135 0.0230680507497117
"malTer" 0.207612456747405 0.179930795847751 0.190311418685121 0.17762399077278 0.173010380622837 0.176470588235294 0.176470588235294 0.186851211072664 0.186851211072664 0.197231833910035 0.183391003460208 0 0.196078431372549 0.199538638985006 0.191464821222607 0.171856978085352 0.215686274509804 0.170703575547866
"mesTub" 0.0876585928489043 0.0599769319492503 0.0542099192618224 0.0507497116493656 0.04959630911188 0.04959630911188 0.04959630911188 0.0507497116493656 0.0599769319492503 0.0288350634371396 0.0599769319492503 0.196078431372549 0 0.0611303344867359 0.063437139561707 0.0530565167243368 0.0715109573241061 0.0472895040369089
"pelCas" 0.0968858131487889 0.0611303344867359 0.0622837370242214 0.0565167243367935 0.0530565167243368 0.0519031141868512 0.0519031141868512 0.055363321799308 0.0645905420991926 0.055363321799308 0.0576701268742791 0.199538638985006 0.0611303344867359 0 0.0703575547866205 0.0565167243367935 0.0519031141868512 0.0519031141868512
"pelSin" 0.0715109573241061 0.0611303344867359 0.0668973471741638 0.0565167243367935 0.0565167243367935 0.0565167243367935 0.0565167243367935 0.0576701268742791 0.0599769319492503 0.0645905420991926 0.0611303344867359 0.191464821222607 0.063437139561707 0.0703575547866205 0 0.0576701268742791 0.0830449826989619 0.0519031141868512
"plaMeg" 0.0784313725490196 0.0230680507497117 0.0346020761245675 0.0265282583621684 0.0126874279123414 0.0173010380622837 0.0173010380622837 0.027681660899654 0.0357554786620531 0.0519031141868512 0.0288350634371396 0.171856978085352 0.0530565167243368 0.0565167243367935 0.0576701268742791 0 0.069204152249135 0.00807381776239908
"podExp" 0.107266435986159 0.0680507497116494 0.0749711649365629 0.0657439446366782 0.0657439446366782 0.0599769319492503 0.0599769319492503 0.0657439446366782 0.0795847750865052 0.069204152249135 0.069204152249135 0.215686274509804 0.0715109573241061 0.0519031141868512 0.0830449826989619 0.069204152249135 0 0.0645905420991926
"terMex" 0.0726643598615917 0.0196078431372549 0.0288350634371396 0.0207612456747405 0.0069204152249135 0.0115340253748558 0.0115340253748558 0.0219146482122261 0.0299884659746251 0.0461361014994233 0.0230680507497117 0.170703575547866 0.0472895040369089 0.0519031141868512 0.0519031141868512 0.00807381776239908 0.0645905420991926 0
