"carIns" "cheAbi" "cheMyd" "cheSer" "chrPic" "cuoAmb" "cuoMcc" "derCor" "derMaw" "emySub" "gopAga" "malTer" "mesTub" "pelCas" "plaMeg" "podExp"
"carIns" 0 0.284632034632035 0.272727272727273 0.26948051948052 0.286796536796537 0.270562770562771 0.26948051948052 0.274891774891775 0.268398268398268 0.272727272727273 0.283549783549784 0.258658008658009 0.273809523809524 0.272727272727273 0.256493506493506 0.295454545454545
"cheAbi" 0.284632034632035 0 0.0984848484848485 0.0822510822510823 0.0930735930735931 0.0432900432900433 0.0465367965367965 0.104978354978355 0.102813852813853 0.117965367965368 0.04004329004329 0.0584415584415584 0.117965367965368 0.12012987012987 0.0638528138528139 0.155844155844156
"cheMyd" 0.272727272727273 0.0984848484848485 0 0.0833333333333333 0.103896103896104 0.0811688311688312 0.0822510822510823 0.0562770562770563 0.0995670995670996 0.121212121212121 0.0974025974025974 0.0681818181818182 0.116883116883117 0.119047619047619 0.0703463203463204 0.156926406926407
"cheSer" 0.26948051948052 0.0822510822510823 0.0833333333333333 0 0.0984848484848485 0.0692640692640693 0.0703463203463204 0.0887445887445888 0.0725108225108225 0.103896103896104 0.0779220779220779 0.0606060606060606 0.101731601731602 0.11038961038961 0.0551948051948052 0.151515151515152
"chrPic" 0.286796536796537 0.0930735930735931 0.103896103896104 0.0984848484848485 0 0.0757575757575758 0.079004329004329 0.103896103896104 0.106060606060606 0.128787878787879 0.091991341991342 0.0443722943722944 0.128787878787879 0.137445887445887 0.0714285714285714 0.177489177489178
"cuoAmb" 0.270562770562771 0.0432900432900433 0.0811688311688312 0.0692640692640693 0.0757575757575758 0 0.00974025974025974 0.0909090909090909 0.0887445887445888 0.108225108225108 0.0443722943722944 0.0422077922077922 0.104978354978355 0.107142857142857 0.0476190476190476 0.147186147186147
"cuoMcc" 0.26948051948052 0.0465367965367965 0.0822510822510823 0.0703463203463204 0.079004329004329 0.00974025974025974 0 0.0898268398268398 0.0898268398268398 0.107142857142857 0.0432900432900433 0.0411255411255411 0.11038961038961 0.104978354978355 0.0487012987012987 0.143939393939394
"derCor" 0.274891774891775 0.104978354978355 0.0562770562770563 0.0887445887445888 0.103896103896104 0.0909090909090909 0.0898268398268398 0 0.101731601731602 0.121212121212121 0.104978354978355 0.0681818181818182 0.121212121212121 0.122294372294372 0.0833333333333333 0.151515151515152
"derMaw" 0.268398268398268 0.102813852813853 0.0995670995670996 0.0725108225108225 0.106060606060606 0.0887445887445888 0.0898268398268398 0.101731601731602 0 0.121212121212121 0.0995670995670996 0.0800865800865801 0.117965367965368 0.122294372294372 0.0768398268398268 0.154761904761905
"emySub" 0.272727272727273 0.117965367965368 0.121212121212121 0.103896103896104 0.128787878787879 0.108225108225108 0.107142857142857 0.121212121212121 0.121212121212121 0 0.116883116883117 0.0909090909090909 0.0638528138528139 0.0898268398268398 0.100649350649351 0.138528138528139
"gopAga" 0.283549783549784 0.04004329004329 0.0974025974025974 0.0779220779220779 0.091991341991342 0.0443722943722944 0.0432900432900433 0.104978354978355 0.0995670995670996 0.116883116883117 0 0.0551948051948052 0.123376623376623 0.112554112554113 0.0616883116883117 0.146103896103896
"malTer" 0.258658008658009 0.0584415584415584 0.0681818181818182 0.0606060606060606 0.0443722943722944 0.0422077922077922 0.0411255411255411 0.0681818181818182 0.0800865800865801 0.0909090909090909 0.0551948051948052 0 0.0963203463203463 0.0963203463203463 0.0378787878787879 0.135281385281385
"mesTub" 0.273809523809524 0.117965367965368 0.116883116883117 0.101731601731602 0.128787878787879 0.104978354978355 0.11038961038961 0.121212121212121 0.117965367965368 0.0638528138528139 0.123376623376623 0.0963203463203463 0 0.0984848484848485 0.0984848484848485 0.143939393939394
"pelCas" 0.272727272727273 0.12012987012987 0.119047619047619 0.11038961038961 0.137445887445887 0.107142857142857 0.104978354978355 0.122294372294372 0.122294372294372 0.0898268398268398 0.112554112554113 0.0963203463203463 0.0984848484848485 0 0.107142857142857 0.101731601731602
"plaMeg" 0.256493506493506 0.0638528138528139 0.0703463203463204 0.0551948051948052 0.0714285714285714 0.0476190476190476 0.0487012987012987 0.0833333333333333 0.0768398268398268 0.100649350649351 0.0616883116883117 0.0378787878787879 0.0984848484848485 0.107142857142857 0 0.147186147186147
"podExp" 0.295454545454545 0.155844155844156 0.156926406926407 0.151515151515152 0.177489177489178 0.147186147186147 0.143939393939394 0.151515151515152 0.154761904761905 0.138528138528139 0.146103896103896 0.135281385281385 0.143939393939394 0.101731601731602 0.147186147186147 0
