"carIns" "cheAbi" "cheMyd" "cheSer" "chrPic" "cuoAmb" "cuoMcc" "derCor" "derMaw" "emySub" "gopAga" "malTer" "mesTub" "pelCas" "pelSin" "plaMeg" "podExp" "terMex"
"carIns" 0 0.0944162436548223 0.0954314720812183 0.100507614213198 0.0873096446700508 0.0944162436548223 0.0984771573604061 0.10253807106599 0.105583756345178 0.104568527918782 0.0974619289340102 0.0893401015228426 0.10761421319797 0.120812182741117 0.0954314720812183 0.0944162436548223 0.111675126903553 0.0893401015228426
"cheAbi" 0.0944162436548223 0 0.0375634517766497 0.0385786802030457 0.0213197969543147 0.016243654822335 0.017258883248731 0.0446700507614213 0.0456852791878173 0.0730964467005076 0.0131979695431472 0.016243654822335 0.0741116751269036 0.0984771573604061 0.0771573604060914 0.0192893401015228 0.083248730964467 0.0192893401015228
"cheMyd" 0.0954314720812183 0.0375634517766497 0 0.0345177664974619 0.03248730964467 0.033502538071066 0.033502538071066 0.0192893401015228 0.0426395939086294 0.0710659898477157 0.0375634517766497 0.0284263959390863 0.0700507614213198 0.0984771573604061 0.0761421319796954 0.033502538071066 0.0812182741116751 0.0304568527918782
"cheSer" 0.100507614213198 0.0385786802030457 0.0345177664974619 0 0.0345177664974619 0.0395939086294416 0.0406091370558376 0.0385786802030457 0.0395939086294416 0.0751269035532995 0.0385786802030457 0.0314720812182741 0.0761421319796954 0.099492385786802 0.0791878172588832 0.033502538071066 0.0852791878172589 0.0304568527918782
"chrPic" 0.0873096446700508 0.0213197969543147 0.03248730964467 0.0345177664974619 0 0.0213197969543147 0.0223350253807107 0.0385786802030457 0.0426395939086294 0.067005076142132 0.0223350253807107 0.00710659898477157 0.065989847715736 0.0944162436548223 0.0710659898477157 0.017258883248731 0.0771573604060914 0.0131979695431472
"cuoAmb" 0.0944162436548223 0.016243654822335 0.033502538071066 0.0395939086294416 0.0213197969543147 0 0.0111675126903553 0.0446700507614213 0.0446700507614213 0.0690355329949239 0.017258883248731 0.016243654822335 0.0700507614213198 0.0984771573604061 0.0751269035532995 0.0203045685279188 0.0791878172588832 0.017258883248731
"cuoMcc" 0.0984771573604061 0.017258883248731 0.033502538071066 0.0406091370558376 0.0223350253807107 0.0111675126903553 0 0.0446700507614213 0.0467005076142132 0.0730964467005076 0.0203045685279188 0.0192893401015228 0.0710659898477157 0.099492385786802 0.0781725888324873 0.0233502538071066 0.083248730964467 0.0223350253807107
"derCor" 0.10253807106599 0.0446700507614213 0.0192893401015228 0.0385786802030457 0.0385786802030457 0.0446700507614213 0.0446700507614213 0 0.0487309644670051 0.0791878172588832 0.0426395939086294 0.0355329949238579 0.0791878172588832 0.103553299492386 0.0812182741116751 0.0406091370558376 0.0903553299492386 0.0375634517766497
"derMaw" 0.105583756345178 0.0456852791878173 0.0426395939086294 0.0395939086294416 0.0426395939086294 0.0446700507614213 0.0467005076142132 0.0487309644670051 0 0.0791878172588832 0.0426395939086294 0.0395939086294416 0.0822335025380711 0.099492385786802 0.0842639593908629 0.0456852791878173 0.0842639593908629 0.0426395939086294
"emySub" 0.104568527918782 0.0730964467005076 0.0710659898477157 0.0751269035532995 0.067005076142132 0.0690355329949239 0.0730964467005076 0.0791878172588832 0.0791878172588832 0 0.0720812182741117 0.065989847715736 0.0467005076142132 0.0852791878172589 0.0954314720812183 0.0700507614213198 0.067005076142132 0.067005076142132
"gopAga" 0.0974619289340102 0.0131979695431472 0.0375634517766497 0.0385786802030457 0.0223350253807107 0.017258883248731 0.0203045685279188 0.0426395939086294 0.0426395939086294 0.0720812182741117 0 0.017258883248731 0.0751269035532995 0.099492385786802 0.0802030456852792 0.0213197969543147 0.083248730964467 0.0203045685279188
"malTer" 0.0893401015228426 0.016243654822335 0.0284263959390863 0.0314720812182741 0.00710659898477157 0.016243654822335 0.0192893401015228 0.0355329949238579 0.0395939086294416 0.065989847715736 0.017258883248731 0 0.0649746192893401 0.0934010152284264 0.0690355329949239 0.0121827411167513 0.0761421319796954 0.00812182741116751
"mesTub" 0.10761421319797 0.0741116751269036 0.0700507614213198 0.0761421319796954 0.065989847715736 0.0700507614213198 0.0710659898477157 0.0791878172588832 0.0822335025380711 0.0467005076142132 0.0751269035532995 0.0649746192893401 0 0.0903553299492386 0.0984771573604061 0.0700507614213198 0.0761421319796954 0.067005076142132
"pelCas" 0.120812182741117 0.0984771573604061 0.0984771573604061 0.099492385786802 0.0944162436548223 0.0984771573604061 0.099492385786802 0.103553299492386 0.099492385786802 0.0852791878172589 0.099492385786802 0.0934010152284264 0.0903553299492386 0 0.115736040609137 0.0964467005076142 0.0771573604060914 0.0913705583756345
"pelSin" 0.0954314720812183 0.0771573604060914 0.0761421319796954 0.0791878172588832 0.0710659898477157 0.0751269035532995 0.0781725888324873 0.0812182741116751 0.0842639593908629 0.0954314720812183 0.0802030456852792 0.0690355329949239 0.0984771573604061 0.115736040609137 0 0.0771573604060914 0.099492385786802 0.0720812182741117
"plaMeg" 0.0944162436548223 0.0192893401015228 0.033502538071066 0.033502538071066 0.017258883248731 0.0203045685279188 0.0233502538071066 0.0406091370558376 0.0456852791878173 0.0700507614213198 0.0213197969543147 0.0121827411167513 0.0700507614213198 0.0964467005076142 0.0771573604060914 0 0.0822335025380711 0.0111675126903553
"podExp" 0.111675126903553 0.083248730964467 0.0812182741116751 0.0852791878172589 0.0771573604060914 0.0791878172588832 0.083248730964467 0.0903553299492386 0.0842639593908629 0.067005076142132 0.083248730964467 0.0761421319796954 0.0761421319796954 0.0771573604060914 0.099492385786802 0.0822335025380711 0 0.0791878172588832
"terMex" 0.0893401015228426 0.0192893401015228 0.0304568527918782 0.0304568527918782 0.0131979695431472 0.017258883248731 0.0223350253807107 0.0375634517766497 0.0426395939086294 0.067005076142132 0.0203045685279188 0.00812182741116751 0.067005076142132 0.0913705583756345 0.0720812182741117 0.0111675126903553 0.0791878172588832 0
