"carIns" "cheAbi" "cheMyd" "cheSer" "chrPic" "cuoAmb" "cuoMcc" "derCor" "derMaw" "emySub" "gopAga" "mesTub" "pelCas" "plaMeg" "terMex"
"carIns" 0 0.066951566951567 0.0683760683760684 0.056980056980057 0.0584045584045584 0.0626780626780627 0.0626780626780627 0.0655270655270655 0.0683760683760684 0.0698005698005698 0.0655270655270655 0.0754985754985755 0.0754985754985755 0.0698005698005698 0.0598290598290598
"cheAbi" 0.066951566951567 0 0.0498575498575499 0.0299145299145299 0.0256410256410256 0.0156695156695157 0.0170940170940171 0.0455840455840456 0.0441595441595442 0.0527065527065527 0.0199430199430199 0.0612535612535613 0.066951566951567 0.0284900284900285 0.0270655270655271
"cheMyd" 0.0683760683760684 0.0498575498575499 0 0.0313390313390313 0.0384615384615385 0.0413105413105413 0.0441595441595442 0.0284900284900285 0.0512820512820513 0.0584045584045584 0.047008547008547 0.066951566951567 0.0712250712250712 0.0441595441595442 0.0341880341880342
"cheSer" 0.056980056980057 0.0299145299145299 0.0313390313390313 0 0.0213675213675214 0.0242165242165242 0.0270655270655271 0.0313390313390313 0.0284900284900285 0.0398860398860399 0.0299145299145299 0.0498575498575499 0.0612535612535613 0.0313390313390313 0.0199430199430199
"chrPic" 0.0584045584045584 0.0256410256410256 0.0384615384615385 0.0213675213675214 0 0.0142450142450142 0.0170940170940171 0.0356125356125356 0.0356125356125356 0.0441595441595442 0.0270655270655271 0.056980056980057 0.0598290598290598 0.0270655270655271 0.00712250712250712
"cuoAmb" 0.0626780626780627 0.0156695156695157 0.0413105413105413 0.0242165242165242 0.0142450142450142 0 0.0056980056980057 0.0384615384615385 0.0384615384615385 0.047008547008547 0.0185185185185185 0.0598290598290598 0.0555555555555556 0.0242165242165242 0.0156695156695157
"cuoMcc" 0.0626780626780627 0.0170940170940171 0.0441595441595442 0.0270655270655271 0.0170940170940171 0.0056980056980057 0 0.0384615384615385 0.0413105413105413 0.0498575498575499 0.0199430199430199 0.0626780626780627 0.0584045584045584 0.0299145299145299 0.0185185185185185
"derCor" 0.0655270655270655 0.0455840455840456 0.0284900284900285 0.0313390313390313 0.0356125356125356 0.0384615384615385 0.0384615384615385 0 0.0484330484330484 0.056980056980057 0.0441595441595442 0.0612535612535613 0.0584045584045584 0.0384615384615385 0.0313390313390313
"derMaw" 0.0683760683760684 0.0441595441595442 0.0512820512820513 0.0284900284900285 0.0356125356125356 0.0384615384615385 0.0413105413105413 0.0484330484330484 0 0.0484330484330484 0.0455840455840456 0.0626780626780627 0.066951566951567 0.0498575498575499 0.0341880341880342
"emySub" 0.0698005698005698 0.0527065527065527 0.0584045584045584 0.0398860398860399 0.0441595441595442 0.047008547008547 0.0498575498575499 0.056980056980057 0.0484330484330484 0 0.0555555555555556 0.037037037037037 0.0541310541310541 0.056980056980057 0.0398860398860399
"gopAga" 0.0655270655270655 0.0199430199430199 0.047008547008547 0.0299145299145299 0.0270655270655271 0.0185185185185185 0.0199430199430199 0.0441595441595442 0.0455840455840456 0.0555555555555556 0 0.066951566951567 0.066951566951567 0.0356125356125356 0.0256410256410256
"mesTub" 0.0754985754985755 0.0612535612535613 0.066951566951567 0.0498575498575499 0.056980056980057 0.0598290598290598 0.0626780626780627 0.0612535612535613 0.0626780626780627 0.037037037037037 0.066951566951567 0 0.0584045584045584 0.0612535612535613 0.0555555555555556
"pelCas" 0.0754985754985755 0.066951566951567 0.0712250712250712 0.0612535612535613 0.0598290598290598 0.0555555555555556 0.0584045584045584 0.0584045584045584 0.066951566951567 0.0541310541310541 0.066951566951567 0.0584045584045584 0 0.0641025641025641 0.0584045584045584
"plaMeg" 0.0698005698005698 0.0284900284900285 0.0441595441595442 0.0313390313390313 0.0270655270655271 0.0242165242165242 0.0299145299145299 0.0384615384615385 0.0498575498575499 0.056980056980057 0.0356125356125356 0.0612535612535613 0.0641025641025641 0 0.0284900284900285
"terMex" 0.0598290598290598 0.0270655270655271 0.0341880341880342 0.0199430199430199 0.00712250712250712 0.0156695156695157 0.0185185185185185 0.0313390313390313 0.0341880341880342 0.0398860398860399 0.0256410256410256 0.0555555555555556 0.0584045584045584 0.0284900284900285 0
