"carIns" "cheAbi" "cheMyd" "cheSer" "chrPic" "cuoAmb" "cuoMcc" "derMaw" "emySub" "gopAga" "malTer" "mesTub" "pelCas" "pelSin" "plaMeg" "podExp" "terMex"
"carIns" 0 0.12847965738758 0.133832976445396 0.135974304068522 0.129550321199143 0.127408993576017 0.123126338329764 0.137044967880086 0.130620985010707 0.114561027837259 0.135974304068522 0.134903640256959 0.140256959314775 0.115631691648822 0.12847965738758 0.15203426124197 0.337259100642398
"cheAbi" 0.12847965738758 0 0.0835117773019272 0.0428265524625268 0.0310492505353319 0.0674518201284797 0.0235546038543897 0.0471092077087794 0.0492505353319058 0.0620985010706638 0.0364025695931477 0.0513918629550321 0.0728051391862955 0.114561027837259 0.0331905781584582 0.0770877944325482 0.291220556745182
"cheMyd" 0.133832976445396 0.0835117773019272 0 0.0867237687366167 0.0749464668094218 0.0802997858672377 0.0770877944325482 0.0910064239828694 0.0910064239828694 0.0931477516059957 0.0802997858672377 0.0985010706638116 0.113490364025696 0.11134903640257 0.076017130620985 0.119914346895075 0.289079229122056
"cheSer" 0.135974304068522 0.0428265524625268 0.0867237687366167 0 0.0331905781584582 0.082441113490364 0.0396145610278373 0.0449678800856531 0.0471092077087794 0.0899357601713062 0.0364025695931477 0.0513918629550321 0.0717344753747323 0.119914346895075 0.0385438972162741 0.0770877944325482 0.294432548179872
"chrPic" 0.129550321199143 0.0310492505353319 0.0749464668094218 0.0331905781584582 0 0.0674518201284797 0.0235546038543897 0.0385438972162741 0.0406852248394004 0.0770877944325482 0.00963597430406852 0.0449678800856531 0.0685224839400428 0.10813704496788 0.0160599571734475 0.0706638115631692 0.277301927194861
"cuoAmb" 0.127408993576017 0.0674518201284797 0.0802997858672377 0.082441113490364 0.0674518201284797 0 0.056745182012848 0.0856531049250535 0.0877944325481799 0.0802997858672377 0.0728051391862955 0.0920770877944325 0.109207708779443 0.103854389721627 0.0685224839400428 0.114561027837259 0.292291220556745
"cuoMcc" 0.123126338329764 0.0235546038543897 0.0770877944325482 0.0396145610278373 0.0235546038543897 0.056745182012848 0 0.0417558886509636 0.0438972162740899 0.0685224839400428 0.0289079229122056 0.0471092077087794 0.0674518201284797 0.101713062098501 0.0246252676659529 0.0738758029978587 0.288008565310493
"derMaw" 0.137044967880086 0.0471092077087794 0.0910064239828694 0.0449678800856531 0.0385438972162741 0.0856531049250535 0.0417558886509636 0 0.050321199143469 0.0920770877944325 0.0449678800856531 0.0546038543897216 0.076017130620985 0.122055674518201 0.0417558886509636 0.0813704496788009 0.288008565310493
"emySub" 0.130620985010707 0.0492505353319058 0.0910064239828694 0.0471092077087794 0.0406852248394004 0.0877944325481799 0.0438972162740899 0.050321199143469 0 0.0899357601713062 0.0481798715203426 0.0278372591006424 0.0535331905781585 0.115631691648822 0.0449678800856531 0.0610278372591006 0.291220556745182
"gopAga" 0.114561027837259 0.0620985010706638 0.0931477516059957 0.0899357601713062 0.0770877944325482 0.0802997858672377 0.0685224839400428 0.0920770877944325 0.0899357601713062 0 0.082441113490364 0.0920770877944325 0.11134903640257 0.0974304068522484 0.0802997858672377 0.11134903640257 0.298715203426124
"malTer" 0.135974304068522 0.0364025695931477 0.0802997858672377 0.0364025695931477 0.00963597430406852 0.0728051391862955 0.0289079229122056 0.0449678800856531 0.0481798715203426 0.082441113490364 0 0.0524625267665953 0.0738758029978587 0.112419700214133 0.0214132762312634 0.076017130620985 0.279443254817987
"mesTub" 0.134903640256959 0.0513918629550321 0.0985010706638116 0.0513918629550321 0.0449678800856531 0.0920770877944325 0.0471092077087794 0.0546038543897216 0.0278372591006424 0.0920770877944325 0.0524625267665953 0 0.0610278372591006 0.122055674518201 0.0471092077087794 0.0674518201284797 0.299785867237687
"pelCas" 0.140256959314775 0.0728051391862955 0.113490364025696 0.0717344753747323 0.0685224839400428 0.109207708779443 0.0674518201284797 0.076017130620985 0.0535331905781585 0.11134903640257 0.0738758029978587 0.0610278372591006 0 0.13169164882227 0.0663811563169165 0.063169164882227 0.309421841541756
"pelSin" 0.115631691648822 0.114561027837259 0.11134903640257 0.119914346895075 0.10813704496788 0.103854389721627 0.101713062098501 0.122055674518201 0.115631691648822 0.0974304068522484 0.112419700214133 0.122055674518201 0.13169164882227 0 0.103854389721627 0.130620985010707 0.32441113490364
"plaMeg" 0.12847965738758 0.0331905781584582 0.076017130620985 0.0385438972162741 0.0160599571734475 0.0685224839400428 0.0246252676659529 0.0417558886509636 0.0449678800856531 0.0802997858672377 0.0214132762312634 0.0471092077087794 0.0663811563169165 0.103854389721627 0 0.0728051391862955 0.284796573875803
"podExp" 0.15203426124197 0.0770877944325482 0.119914346895075 0.0770877944325482 0.0706638115631692 0.114561027837259 0.0738758029978587 0.0813704496788009 0.0610278372591006 0.11134903640257 0.076017130620985 0.0674518201284797 0.063169164882227 0.130620985010707 0.0728051391862955 0 0.319057815845824
"terMex" 0.337259100642398 0.291220556745182 0.289079229122056 0.294432548179872 0.277301927194861 0.292291220556745 0.288008565310493 0.288008565310493 0.291220556745182 0.298715203426124 0.279443254817987 0.299785867237687 0.309421841541756 0.32441113490364 0.284796573875803 0.319057815845824 0
