"carIns" "cheAbi" "cheMyd" "cheSer" "chrPic" "cuoAmb" "cuoMcc" "derCor" "derMaw" "emySub" "gopAga" "malTer" "mesTub" "pelCas" "pelSin" "plaMeg" "podExp" "terMex"
"carIns" 0 0.0770142180094787 0.0781990521327014 0.0876777251184834 0.0876777251184834 0.0864928909952607 0.389810426540284 0.100710900473934 0.0959715639810427 0.0722748815165877 0.0770142180094787 0.0758293838862559 0.0734597156398104 0.0912322274881517 0.0734597156398104 0.0805687203791469 0.0947867298578199 0.0947867298578199
"cheAbi" 0.0770142180094787 0 0.018957345971564 0.0521327014218009 0.0604265402843602 0.04739336492891 0.377962085308057 0.0604265402843602 0.0663507109004739 0.0272511848341232 0.00829383886255924 0.0165876777251185 0.0272511848341232 0.0390995260663507 0.0390995260663507 0.0533175355450237 0.04739336492891 0.0497630331753555
"cheMyd" 0.0781990521327014 0.018957345971564 0 0.0509478672985782 0.0592417061611374 0.0556872037914692 0.382701421800948 0.04739336492891 0.0627962085308057 0.0248815165876777 0.0201421800947867 0.0154028436018957 0.0260663507109005 0.0390995260663507 0.0355450236966825 0.0533175355450237 0.0497630331753555 0.0509478672985782
"cheSer" 0.0876777251184834 0.0521327014218009 0.0509478672985782 0 0.0687203791469194 0.0639810426540284 0.39218009478673 0.0687203791469194 0.0651658767772512 0.0604265402843602 0.0545023696682464 0.0533175355450237 0.0604265402843602 0.0758293838862559 0.0663507109004739 0.0616113744075829 0.0841232227488152 0.0651658767772512
"chrPic" 0.0876777251184834 0.0604265402843602 0.0592417061611374 0.0687203791469194 0 0.0675355450236967 0.399289099526066 0.0722748815165877 0.0781990521327014 0.0699052132701422 0.0616113744075829 0.0462085308056872 0.0675355450236967 0.0829383886255924 0.0758293838862559 0.0651658767772512 0.0936018957345972 0.0533175355450237
"cuoAmb" 0.0864928909952607 0.04739336492891 0.0556872037914692 0.0639810426540284 0.0675355450236967 0 0.395734597156398 0.0675355450236967 0.0627962085308057 0.0651658767772512 0.0485781990521327 0.0533175355450237 0.0651658767772512 0.0793838862559242 0.0722748815165877 0.0580568720379147 0.0853080568720379 0.0509478672985782
"cuoMcc" 0.389810426540284 0.377962085308057 0.382701421800948 0.39218009478673 0.399289099526066 0.395734597156398 0 0.400473933649289 0.398104265402844 0.380331753554502 0.382701421800948 0.385071090047393 0.383886255924171 0.388625592417062 0.382701421800948 0.388625592417062 0.385071090047393 0.393364928909953
"derCor" 0.100710900473934 0.0604265402843602 0.04739336492891 0.0687203791469194 0.0722748815165877 0.0675355450236967 0.400473933649289 0 0.0687203791469194 0.0639810426540284 0.0627962085308057 0.0604265402843602 0.0675355450236967 0.0793838862559242 0.0770142180094787 0.0722748815165877 0.0876777251184834 0.0722748815165877
"derMaw" 0.0959715639810427 0.0663507109004739 0.0627962085308057 0.0651658767772512 0.0781990521327014 0.0627962085308057 0.398104265402844 0.0687203791469194 0 0.0722748815165877 0.0663507109004739 0.0675355450236967 0.0722748815165877 0.0888625592417062 0.0746445497630332 0.0663507109004739 0.0936018957345972 0.0699052132701422
"emySub" 0.0722748815165877 0.0272511848341232 0.0248815165876777 0.0604265402843602 0.0699052132701422 0.0651658767772512 0.380331753554502 0.0639810426540284 0.0722748815165877 0 0.0260663507109005 0.028436018957346 0.0154028436018957 0.037914691943128 0.0390995260663507 0.0651658767772512 0.0414691943127962 0.0604265402843602
"gopAga" 0.0770142180094787 0.00829383886255924 0.0201421800947867 0.0545023696682464 0.0616113744075829 0.0485781990521327 0.382701421800948 0.0627962085308057 0.0663507109004739 0.0260663507109005 0 0.0177725118483412 0.023696682464455 0.037914691943128 0.0355450236966825 0.0521327014218009 0.0462085308056872 0.0509478672985782
"malTer" 0.0758293838862559 0.0165876777251185 0.0154028436018957 0.0533175355450237 0.0462085308056872 0.0533175355450237 0.385071090047393 0.0604265402843602 0.0675355450236967 0.028436018957346 0.0177725118483412 0 0.0272511848341232 0.0390995260663507 0.037914691943128 0.0509478672985782 0.0497630331753555 0.0402843601895735
"mesTub" 0.0734597156398104 0.0272511848341232 0.0260663507109005 0.0604265402843602 0.0675355450236967 0.0651658767772512 0.383886255924171 0.0675355450236967 0.0722748815165877 0.0154028436018957 0.023696682464455 0.0272511848341232 0 0.037914691943128 0.0367298578199052 0.0627962085308057 0.0414691943127962 0.0592417061611374
"pelCas" 0.0912322274881517 0.0390995260663507 0.0390995260663507 0.0758293838862559 0.0829383886255924 0.0793838862559242 0.388625592417062 0.0793838862559242 0.0888625592417062 0.037914691943128 0.037914691943128 0.0390995260663507 0.037914691943128 0 0.0568720379146919 0.0781990521327014 0.0414691943127962 0.0746445497630332
"pelSin" 0.0734597156398104 0.0390995260663507 0.0355450236966825 0.0663507109004739 0.0758293838862559 0.0722748815165877 0.382701421800948 0.0770142180094787 0.0746445497630332 0.0390995260663507 0.0355450236966825 0.037914691943128 0.0367298578199052 0.0568720379146919 0 0.0699052132701422 0.0592417061611374 0.0675355450236967
"plaMeg" 0.0805687203791469 0.0533175355450237 0.0533175355450237 0.0616113744075829 0.0651658767772512 0.0580568720379147 0.388625592417062 0.0722748815165877 0.0663507109004739 0.0651658767772512 0.0521327014218009 0.0509478672985782 0.0627962085308057 0.0781990521327014 0.0699052132701422 0 0.0864928909952607 0.0592417061611374
"podExp" 0.0947867298578199 0.04739336492891 0.0497630331753555 0.0841232227488152 0.0936018957345972 0.0853080568720379 0.385071090047393 0.0876777251184834 0.0936018957345972 0.0414691943127962 0.0462085308056872 0.0497630331753555 0.0414691943127962 0.0414691943127962 0.0592417061611374 0.0864928909952607 0 0.0829383886255924
"terMex" 0.0947867298578199 0.0497630331753555 0.0509478672985782 0.0651658767772512 0.0533175355450237 0.0509478672985782 0.393364928909953 0.0722748815165877 0.0699052132701422 0.0604265402843602 0.0509478672985782 0.0402843601895735 0.0592417061611374 0.0746445497630332 0.0675355450236967 0.0592417061611374 0.0829383886255924 0
