"carIns" "cheAbi" "cheMyd" "cheSer" "chrPic" "cuoMcc" "derCor" "derMaw" "emySub" "gopAga" "malTer" "mesTub" "pelCas" "pelSin" "plaMeg" "podExp" "terMex"
"carIns" 0 0.051983584131327 0.0492476060191518 0.0451436388508892 0.0642954856361149 0.0451436388508892 0.0533515731874145 0.051983584131327 0.054719562243502 0.13953488372093 0.221614227086183 0.0465116279069767 0.0533515731874145 0.054719562243502 0.0451436388508892 0.150478796169631 0.0437756497948016
"cheAbi" 0.051983584131327 0 0.0246238030095759 0.0232558139534884 0.0424076607387141 0.0205198358413133 0.027359781121751 0.0328317373461012 0.0424076607387141 0.120383036935705 0.207934336525308 0.0410396716826265 0.0492476060191518 0.0615595075239398 0.0177838577291382 0.142270861833105 0.0191518467852257
"cheMyd" 0.0492476060191518 0.0246238030095759 0 0.0191518467852257 0.0410396716826265 0.0177838577291382 0.012311901504788 0.027359781121751 0.0410396716826265 0.127222982216142 0.202462380300958 0.039671682626539 0.0451436388508892 0.0574555403556772 0.0164158686730506 0.13953488372093 0.0164158686730506
"cheSer" 0.0451436388508892 0.0232558139534884 0.0191518467852257 0 0.039671682626539 0.0150478796169631 0.0205198358413133 0.0246238030095759 0.0383036935704514 0.125854993160055 0.203830369357045 0.0369357045143639 0.0492476060191518 0.054719562243502 0.0150478796169631 0.140902872777018 0.0164158686730506
"chrPic" 0.0642954856361149 0.0424076607387141 0.0410396716826265 0.039671682626539 0 0.0369357045143639 0.0451436388508892 0.0492476060191518 0.0601915184678523 0.132694938440492 0.216142270861833 0.0601915184678523 0.0711354309165527 0.0766073871409029 0.0369357045143639 0.162790697674419 0.0328317373461012
"cuoMcc" 0.0451436388508892 0.0205198358413133 0.0177838577291382 0.0150478796169631 0.0369357045143639 0 0.0246238030095759 0.0232558139534884 0.0410396716826265 0.12311901504788 0.203830369357045 0.0355677154582763 0.0465116279069767 0.0601915184678523 0.012311901504788 0.140902872777018 0.0109439124487004
"derCor" 0.0533515731874145 0.027359781121751 0.012311901504788 0.0205198358413133 0.0451436388508892 0.0246238030095759 0 0.0341997264021888 0.0478796169630643 0.131326949384405 0.205198358413133 0.0451436388508892 0.0465116279069767 0.0656634746922025 0.0191518467852257 0.13953488372093 0.0218878248974008
"derMaw" 0.051983584131327 0.0328317373461012 0.027359781121751 0.0246238030095759 0.0492476060191518 0.0232558139534884 0.0341997264021888 0 0.0424076607387141 0.135430916552668 0.209302325581395 0.0424076607387141 0.0588235294117647 0.06703146374829 0.0246238030095759 0.150478796169631 0.0259917920656635
"emySub" 0.054719562243502 0.0424076607387141 0.0410396716826265 0.0383036935704514 0.0601915184678523 0.0410396716826265 0.0478796169630643 0.0424076607387141 0 0.143638850889193 0.221614227086183 0.0355677154582763 0.0560875512995896 0.06703146374829 0.039671682626539 0.146374829001368 0.0383036935704514
"gopAga" 0.13953488372093 0.120383036935705 0.127222982216142 0.125854993160055 0.132694938440492 0.12311901504788 0.131326949384405 0.135430916552668 0.143638850889193 0 0.266757865937073 0.138166894664843 0.153214774281806 0.157318741450068 0.119015047879617 0.20656634746922 0.120383036935705
"malTer" 0.221614227086183 0.207934336525308 0.202462380300958 0.203830369357045 0.216142270861833 0.203830369357045 0.205198358413133 0.209302325581395 0.221614227086183 0.266757865937073 0 0.221614227086183 0.227086183310534 0.233926128590971 0.199726402188782 0.261285909712722 0.196990424076607
"mesTub" 0.0465116279069767 0.0410396716826265 0.039671682626539 0.0369357045143639 0.0601915184678523 0.0355677154582763 0.0451436388508892 0.0424076607387141 0.0355677154582763 0.138166894664843 0.221614227086183 0 0.0506155950752394 0.0601915184678523 0.0341997264021888 0.143638850889193 0.0328317373461012
"pelCas" 0.0533515731874145 0.0492476060191518 0.0451436388508892 0.0492476060191518 0.0711354309165527 0.0465116279069767 0.0465116279069767 0.0588235294117647 0.0560875512995896 0.153214774281806 0.227086183310534 0.0506155950752394 0 0.0656634746922025 0.0492476060191518 0.127222982216142 0.0492476060191518
"pelSin" 0.054719562243502 0.0615595075239398 0.0574555403556772 0.054719562243502 0.0766073871409029 0.0601915184678523 0.0656634746922025 0.06703146374829 0.06703146374829 0.157318741450068 0.233926128590971 0.0601915184678523 0.0656634746922025 0 0.0574555403556772 0.161422708618331 0.0588235294117647
"plaMeg" 0.0451436388508892 0.0177838577291382 0.0164158686730506 0.0150478796169631 0.0369357045143639 0.012311901504788 0.0191518467852257 0.0246238030095759 0.039671682626539 0.119015047879617 0.199726402188782 0.0341997264021888 0.0492476060191518 0.0574555403556772 0 0.13953488372093 0.00957592339261286
"podExp" 0.150478796169631 0.142270861833105 0.13953488372093 0.140902872777018 0.162790697674419 0.140902872777018 0.13953488372093 0.150478796169631 0.146374829001368 0.20656634746922 0.261285909712722 0.143638850889193 0.127222982216142 0.161422708618331 0.13953488372093 0 0.142270861833105
"terMex" 0.0437756497948016 0.0191518467852257 0.0164158686730506 0.0164158686730506 0.0328317373461012 0.0109439124487004 0.0218878248974008 0.0259917920656635 0.0383036935704514 0.120383036935705 0.196990424076607 0.0328317373461012 0.0492476060191518 0.0588235294117647 0.00957592339261286 0.142270861833105 0
