"carIns" "cheAbi" "cheMyd" "cheSer" "chrPic" "cuoAmb" "cuoMcc" "derCor" "derMaw" "emySub" "gopAga" "malTer" "mesTub" "pelCas" "pelSin" "plaMeg" "podExp" "terMex"
"carIns" 0 0.075812274368231 0.101083032490975 0.422382671480144 0.0685920577617329 0.0740072202166065 0.072202166064982 0.0794223826714801 0.0812274368231047 0.0848375451263538 0.0740072202166065 0.101083032490975 0.0794223826714801 0.108303249097473 0.108303249097473 0.072202166064982 0.102888086642599 0.0902527075812274
"cheAbi" 0.075812274368231 0 0.0830324909747292 0.42057761732852 0.0288808664259928 0.0288808664259928 0.0270758122743682 0.0487364620938628 0.055956678700361 0.055956678700361 0.0216606498194946 0.0595667870036101 0.0541516245487365 0.0866425992779783 0.092057761732852 0.0288808664259928 0.0794223826714801 0.0469314079422383
"cheMyd" 0.101083032490975 0.0830324909747292 0 0.42057761732852 0.0685920577617329 0.0740072202166065 0.072202166064982 0.0649819494584837 0.0794223826714801 0.072202166064982 0.0812274368231047 0.0956678700361011 0.075812274368231 0.0974729241877256 0.108303249097473 0.0685920577617329 0.0884476534296029 0.0884476534296029
"cheSer" 0.422382671480144 0.42057761732852 0.42057761732852 0 0.416967509025271 0.413357400722022 0.413357400722022 0.404332129963899 0.406137184115523 0.411552346570397 0.411552346570397 0.444043321299639 0.418772563176895 0.42057761732852 0.431407942238267 0.415162454873646 0.416967509025271 0.438628158844765
"chrPic" 0.0685920577617329 0.0288808664259928 0.0685920577617329 0.416967509025271 0 0.0252707581227437 0.0234657039711191 0.0397111913357401 0.0469314079422383 0.0451263537906137 0.0252707581227437 0.0379061371841155 0.0469314079422383 0.072202166064982 0.0848375451263538 0.0180505415162455 0.072202166064982 0.0306859205776173
"cuoAmb" 0.0740072202166065 0.0288808664259928 0.0740072202166065 0.413357400722022 0.0252707581227437 0 0.00902527075812274 0.0415162454873646 0.0469314079422383 0.0469314079422383 0.0216606498194946 0.0505415162454874 0.0487364620938628 0.0740072202166065 0.0866425992779783 0.0216606498194946 0.0776173285198556 0.0415162454873646
"cuoMcc" 0.072202166064982 0.0270758122743682 0.072202166064982 0.413357400722022 0.0234657039711191 0.00902527075812274 0 0.0397111913357401 0.0487364620938628 0.0487364620938628 0.01985559566787 0.0505415162454874 0.0505415162454874 0.0794223826714801 0.0848375451263538 0.01985559566787 0.0794223826714801 0.0397111913357401
"derCor" 0.0794223826714801 0.0487364620938628 0.0649819494584837 0.404332129963899 0.0397111913357401 0.0415162454873646 0.0397111913357401 0 0.0487364620938628 0.0505415162454874 0.0451263537906137 0.0703971119133574 0.055956678700361 0.0830324909747292 0.0848375451263538 0.036101083032491 0.075812274368231 0.055956678700361
"derMaw" 0.0812274368231047 0.055956678700361 0.0794223826714801 0.406137184115523 0.0469314079422383 0.0469314079422383 0.0487364620938628 0.0487364620938628 0 0.0595667870036101 0.055956678700361 0.0703971119133574 0.055956678700361 0.0902527075812274 0.104693140794224 0.0451263537906137 0.0830324909747292 0.0649819494584837
"emySub" 0.0848375451263538 0.055956678700361 0.072202166064982 0.411552346570397 0.0451263537906137 0.0469314079422383 0.0487364620938628 0.0505415162454874 0.0595667870036101 0 0.0487364620938628 0.0776173285198556 0.01985559566787 0.0577617328519856 0.0848375451263538 0.0487364620938628 0.0523465703971119 0.0649819494584837
"gopAga" 0.0740072202166065 0.0216606498194946 0.0812274368231047 0.411552346570397 0.0252707581227437 0.0216606498194946 0.01985559566787 0.0451263537906137 0.055956678700361 0.0487364620938628 0 0.0595667870036101 0.0505415162454874 0.0812274368231047 0.0830324909747292 0.0288808664259928 0.0776173285198556 0.0433212996389892
"malTer" 0.101083032490975 0.0595667870036101 0.0956678700361011 0.444043321299639 0.0379061371841155 0.0505415162454874 0.0505415162454874 0.0703971119133574 0.0703971119133574 0.0776173285198556 0.0595667870036101 0 0.075812274368231 0.102888086642599 0.11913357400722 0.0433212996389892 0.104693140794224 0.0415162454873646
"mesTub" 0.0794223826714801 0.0541516245487365 0.075812274368231 0.418772563176895 0.0469314079422383 0.0487364620938628 0.0505415162454874 0.055956678700361 0.055956678700361 0.01985559566787 0.0505415162454874 0.075812274368231 0 0.055956678700361 0.092057761732852 0.0469314079422383 0.0541516245487365 0.0649819494584837
"pelCas" 0.108303249097473 0.0866425992779783 0.0974729241877256 0.42057761732852 0.072202166064982 0.0740072202166065 0.0794223826714801 0.0830324909747292 0.0902527075812274 0.0577617328519856 0.0812274368231047 0.102888086642599 0.055956678700361 0 0.111913357400722 0.0794223826714801 0.0577617328519856 0.092057761732852
"pelSin" 0.108303249097473 0.092057761732852 0.108303249097473 0.431407942238267 0.0848375451263538 0.0866425992779783 0.0848375451263538 0.0848375451263538 0.104693140794224 0.0848375451263538 0.0830324909747292 0.11913357400722 0.092057761732852 0.111913357400722 0 0.0848375451263538 0.110108303249097 0.104693140794224
"plaMeg" 0.072202166064982 0.0288808664259928 0.0685920577617329 0.415162454873646 0.0180505415162455 0.0216606498194946 0.01985559566787 0.036101083032491 0.0451263537906137 0.0487364620938628 0.0288808664259928 0.0433212996389892 0.0469314079422383 0.0794223826714801 0.0848375451263538 0 0.075812274368231 0.0342960288808664
"podExp" 0.102888086642599 0.0794223826714801 0.0884476534296029 0.416967509025271 0.072202166064982 0.0776173285198556 0.0794223826714801 0.075812274368231 0.0830324909747292 0.0523465703971119 0.0776173285198556 0.104693140794224 0.0541516245487365 0.0577617328519856 0.110108303249097 0.075812274368231 0 0.0884476534296029
"terMex" 0.0902527075812274 0.0469314079422383 0.0884476534296029 0.438628158844765 0.0306859205776173 0.0415162454873646 0.0397111913357401 0.055956678700361 0.0649819494584837 0.0649819494584837 0.0433212996389892 0.0415162454873646 0.0649819494584837 0.092057761732852 0.104693140794224 0.0342960288808664 0.0884476534296029 0
