"carIns" "cheAbi" "cheMyd" "cheSer" "chrPic" "cuoAmb" "cuoMcc" "derCor" "derMaw" "emySub" "gopAga" "malTer" "pelCas" "pelSin" "plaMeg" "podExp" "terMex"
"carIns" 0 0.0924548352816153 0.0882040382571732 0.0924548352816153 0.0839532412327311 0.0935175345377258 0.0903294367693943 0.099893730074389 0.0903294367693943 0.100956429330499 0.0945802337938363 0.0807651434643996 0.106269925611052 0.0956429330499469 0.0818278427205101 0.114771519659936 0.0765143464399575
"cheAbi" 0.0924548352816153 0 0.048884165781084 0.0573857598299681 0.0308182784272051 0.0255047821466525 0.026567481402763 0.0648246546227418 0.0648246546227418 0.075451647183847 0.0170031880977683 0.0371944739638682 0.0913921360255048 0.0860786397449522 0.0318809776833156 0.099893730074389 0.0308182784272051
"cheMyd" 0.0882040382571732 0.048884165781084 0 0.0456960680127524 0.0350690754516472 0.0425079702444208 0.0425079702444208 0.0382571732199787 0.051009564293305 0.0743889479277365 0.048884165781084 0.0382571732199787 0.0850159404888417 0.0807651434643996 0.0361317747077577 0.0903294367693943 0.0350690754516472
"cheSer" 0.0924548352816153 0.0573857598299681 0.0456960680127524 0 0.0414452709883103 0.048884165781084 0.0467587672688629 0.0626992561105207 0.0584484590860786 0.0765143464399575 0.0552603613177471 0.0435706695005314 0.0839532412327311 0.0871413390010627 0.0403825717321998 0.0956429330499469 0.0393198724760893
"chrPic" 0.0839532412327311 0.0308182784272051 0.0350690754516472 0.0414452709883103 0 0.026567481402763 0.026567481402763 0.0541976620616366 0.0520722635494155 0.0669500531349628 0.0329436769394261 0.0138150903294368 0.0839532412327311 0.079702444208289 0.0180658873538789 0.0913921360255048 0.0127523910733262
"cuoAmb" 0.0935175345377258 0.0255047821466525 0.0425079702444208 0.048884165781084 0.026567481402763 0 0.0127523910733262 0.0605738575982997 0.0616365568544102 0.0786397449521785 0.0255047821466525 0.0286928799149841 0.0913921360255048 0.0924548352816153 0.024442082890542 0.100956429330499 0.024442082890542
"cuoMcc" 0.0903294367693943 0.026567481402763 0.0425079702444208 0.0467587672688629 0.026567481402763 0.0127523910733262 0 0.0605738575982997 0.0616365568544102 0.075451647183847 0.024442082890542 0.0286928799149841 0.0903294367693943 0.0935175345377258 0.0255047821466525 0.0977683315621679 0.0223166843783209
"derCor" 0.099893730074389 0.0648246546227418 0.0382571732199787 0.0626992561105207 0.0541976620616366 0.0605738575982997 0.0605738575982997 0 0.0690754516471838 0.0860786397449522 0.0658873538788523 0.0584484590860786 0.099893730074389 0.10201912858661 0.053134962805526 0.105207226354942 0.0541976620616366
"derMaw" 0.0903294367693943 0.0648246546227418 0.051009564293305 0.0584484590860786 0.0520722635494155 0.0616365568544102 0.0616365568544102 0.0690754516471838 0 0.0860786397449522 0.0637619553666312 0.051009564293305 0.0924548352816153 0.0860786397449522 0.0520722635494155 0.0967056323060574 0.0499468650371945
"emySub" 0.100956429330499 0.075451647183847 0.0743889479277365 0.0765143464399575 0.0669500531349628 0.0786397449521785 0.075451647183847 0.0860786397449522 0.0860786397449522 0 0.0765143464399575 0.0712008501594049 0.0658873538788523 0.0913921360255048 0.0712008501594049 0.0765143464399575 0.0669500531349628
"gopAga" 0.0945802337938363 0.0170031880977683 0.048884165781084 0.0552603613177471 0.0329436769394261 0.0255047821466525 0.024442082890542 0.0658873538788523 0.0637619553666312 0.0765143464399575 0 0.0350690754516472 0.0913921360255048 0.0903294367693943 0.0318809776833156 0.0988310308182784 0.0286928799149841
"malTer" 0.0807651434643996 0.0371944739638682 0.0382571732199787 0.0435706695005314 0.0138150903294368 0.0286928799149841 0.0286928799149841 0.0584484590860786 0.051009564293305 0.0712008501594049 0.0350690754516472 0 0.0818278427205101 0.0860786397449522 0.0201912858660999 0.0935175345377258 0.0127523910733262
"pelCas" 0.106269925611052 0.0913921360255048 0.0850159404888417 0.0839532412327311 0.0839532412327311 0.0913921360255048 0.0903294367693943 0.099893730074389 0.0924548352816153 0.0658873538788523 0.0913921360255048 0.0818278427205101 0 0.0977683315621679 0.0807651434643996 0.075451647183847 0.079702444208289
"pelSin" 0.0956429330499469 0.0860786397449522 0.0807651434643996 0.0871413390010627 0.079702444208289 0.0924548352816153 0.0935175345377258 0.10201912858661 0.0860786397449522 0.0913921360255048 0.0903294367693943 0.0860786397449522 0.0977683315621679 0 0.0839532412327311 0.111583421891605 0.0807651434643996
"plaMeg" 0.0818278427205101 0.0318809776833156 0.0361317747077577 0.0403825717321998 0.0180658873538789 0.024442082890542 0.0255047821466525 0.053134962805526 0.0520722635494155 0.0712008501594049 0.0318809776833156 0.0201912858660999 0.0807651434643996 0.0839532412327311 0 0.0956429330499469 0.0159404888416578
"podExp" 0.114771519659936 0.099893730074389 0.0903294367693943 0.0956429330499469 0.0913921360255048 0.100956429330499 0.0977683315621679 0.105207226354942 0.0967056323060574 0.0765143464399575 0.0988310308182784 0.0935175345377258 0.075451647183847 0.111583421891605 0.0956429330499469 0 0.0903294367693943
"terMex" 0.0765143464399575 0.0308182784272051 0.0350690754516472 0.0393198724760893 0.0127523910733262 0.024442082890542 0.0223166843783209 0.0541976620616366 0.0499468650371945 0.0669500531349628 0.0286928799149841 0.0127523910733262 0.079702444208289 0.0807651434643996 0.0159404888416578 0.0903294367693943 0
