"cheAbi" "cheMyd" "chrPic" "cuoAmb" "cuoMcc" "derCor" "derMaw" "emySub" "gopAga" "malTer" "mesTub" "pelCas" "pelSin" "plaMeg" "podExp" "terMex"
"cheAbi" 0 0.0710306406685237 0.0445682451253482 0.0487465181058496 0.0403899721448468 0.0710306406685237 0.0626740947075209 0.0710306406685237 0.0348189415041783 0.0501392757660167 0.0877437325905292 0.0835654596100279 0.108635097493036 0.0473537604456825 0.0988857938718663 0.0431754874651811
"cheMyd" 0.0710306406685237 0 0.0473537604456825 0.0682451253481894 0.0668523676880223 0.0515320334261838 0.0571030640668524 0.0654596100278552 0.0612813370473538 0.052924791086351 0.0891364902506964 0.0779944289693593 0.0821727019498607 0.0571030640668524 0.0863509749303621 0.0487465181058496
"chrPic" 0.0445682451253482 0.0473537604456825 0 0.052924791086351 0.0250696378830084 0.0557103064066852 0.0306406685236769 0.0362116991643454 0.0194986072423398 0.00557103064066852 0.0766016713091922 0.0487465181058496 0.0863509749303621 0.0181058495821727 0.064066852367688 0.00696378830083565
"cuoAmb" 0.0487465181058496 0.0682451253481894 0.052924791086351 0 0.032033426183844 0.0668523676880223 0.064066852367688 0.0752089136490251 0.0459610027855153 0.0571030640668524 0.0821727019498607 0.084958217270195 0.107242339832869 0.0543175487465181 0.0974930362116992 0.0515320334261838
"cuoMcc" 0.0403899721448468 0.0668523676880223 0.0250696378830084 0.032033426183844 0 0.0682451253481894 0.0389972144846797 0.0501392757660167 0.0167130919220056 0.0292479108635097 0.0807799442896936 0.0612813370473538 0.100278551532033 0.0264623955431755 0.0724233983286908 0.0236768802228412
"derCor" 0.0710306406685237 0.0515320334261838 0.0557103064066852 0.0668523676880223 0.0682451253481894 0 0.0626740947075209 0.0710306406685237 0.0682451253481894 0.0612813370473538 0.0779944289693593 0.0863509749303621 0.0919220055710306 0.0626740947075209 0.0933147632311978 0.0571030640668524
"derMaw" 0.0626740947075209 0.0571030640668524 0.0306406685236769 0.064066852367688 0.0389972144846797 0.0626740947075209 0 0.0445682451253482 0.0389972144846797 0.0348189415041783 0.0821727019498607 0.0584958217270195 0.0905292479108635 0.0348189415041783 0.0696378830083565 0.032033426183844
"emySub" 0.0710306406685237 0.0654596100278552 0.0362116991643454 0.0752089136490251 0.0501392757660167 0.0710306406685237 0.0445682451253482 0 0.0501392757660167 0.0417827298050139 0.0515320334261838 0.0362116991643454 0.084958217270195 0.0403899721448468 0.0515320334261838 0.0376044568245125
"gopAga" 0.0348189415041783 0.0612813370473538 0.0194986072423398 0.0459610027855153 0.0167130919220056 0.0682451253481894 0.0389972144846797 0.0501392757660167 0 0.0250696378830084 0.0835654596100279 0.0612813370473538 0.096100278551532 0.0250696378830084 0.0766016713091922 0.020891364902507
"malTer" 0.0501392757660167 0.052924791086351 0.00557103064066852 0.0571030640668524 0.0292479108635097 0.0612813370473538 0.0348189415041783 0.0417827298050139 0.0250696378830084 0 0.0821727019498607 0.0543175487465181 0.0919220055710306 0.0222841225626741 0.0696378830083565 0.00974930362116992
"mesTub" 0.0877437325905292 0.0891364902506964 0.0766016713091922 0.0821727019498607 0.0807799442896936 0.0779944289693593 0.0821727019498607 0.0515320334261838 0.0835654596100279 0.0821727019498607 0 0.0766016713091922 0.0933147632311978 0.0793871866295265 0.084958217270195 0.0752089136490251
"pelCas" 0.0835654596100279 0.0779944289693593 0.0487465181058496 0.084958217270195 0.0612813370473538 0.0863509749303621 0.0584958217270195 0.0362116991643454 0.0612813370473538 0.0543175487465181 0.0766016713091922 0 0.101671309192201 0.052924791086351 0.052924791086351 0.0473537604456825
"pelSin" 0.108635097493036 0.0821727019498607 0.0863509749303621 0.107242339832869 0.100278551532033 0.0919220055710306 0.0905292479108635 0.084958217270195 0.096100278551532 0.0919220055710306 0.0933147632311978 0.101671309192201 0 0.0905292479108635 0.105849582172702 0.0891364902506964
"plaMeg" 0.0473537604456825 0.0571030640668524 0.0181058495821727 0.0543175487465181 0.0264623955431755 0.0626740947075209 0.0348189415041783 0.0403899721448468 0.0250696378830084 0.0222841225626741 0.0793871866295265 0.052924791086351 0.0905292479108635 0 0.0668523676880223 0.0167130919220056
"podExp" 0.0988857938718663 0.0863509749303621 0.064066852367688 0.0974930362116992 0.0724233983286908 0.0933147632311978 0.0696378830083565 0.0515320334261838 0.0766016713091922 0.0696378830083565 0.084958217270195 0.052924791086351 0.105849582172702 0.0668523676880223 0 0.0654596100278552
"terMex" 0.0431754874651811 0.0487465181058496 0.00696378830083565 0.0515320334261838 0.0236768802228412 0.0571030640668524 0.032033426183844 0.0376044568245125 0.020891364902507 0.00974930362116992 0.0752089136490251 0.0473537604456825 0.0891364902506964 0.0167130919220056 0.0654596100278552 0
