"carIns" "cheAbi" "cheMyd" "cheSer" "chrPic" "cuoAmb" "cuoMcc" "derCor" "derMaw" "emySub" "gopAga" "malTer" "mesTub" "pelCas" "pelSin" "plaMeg" "terMex"
"carIns" 0 0.120614035087719 0.0910087719298246 0.0910087719298246 0.0888157894736842 0.0888157894736842 0.0899122807017544 0.087719298245614 0.0964912280701754 0.101973684210526 0.0964912280701754 0.109649122807018 0.183114035087719 0.118421052631579 0.109649122807018 0.0833333333333333 0.0899122807017544
"cheAbi" 0.120614035087719 0 0.0668859649122807 0.0690789473684211 0.0614035087719298 0.0515350877192982 0.0548245614035088 0.0679824561403509 0.0778508771929825 0.0921052631578947 0.0504385964912281 0.081140350877193 0.168859649122807 0.110745614035088 0.0953947368421053 0.055921052631579 0.0592105263157895
"cheMyd" 0.0910087719298246 0.0668859649122807 0 0.0328947368421053 0.0328947368421053 0.0263157894736842 0.025219298245614 0.0197368421052632 0.0383771929824561 0.0548245614035088 0.0339912280701754 0.0548245614035088 0.157894736842105 0.0800438596491228 0.0844298245614035 0.0241228070175439 0.0405701754385965
"cheSer" 0.0910087719298246 0.0690789473684211 0.0328947368421053 0 0.0350877192982456 0.0285087719298246 0.0296052631578947 0.037280701754386 0.037280701754386 0.0570175438596491 0.0361842105263158 0.0570175438596491 0.161184210526316 0.0756578947368421 0.0953947368421053 0.0263157894736842 0.0427631578947368
"chrPic" 0.0888157894736842 0.0614035087719298 0.0328947368421053 0.0350877192982456 0 0.0197368421052632 0.0208333333333333 0.0350877192982456 0.0394736842105263 0.0614035087719298 0.0274122807017544 0.0263157894736842 0.165570175438596 0.0800438596491228 0.0899122807017544 0.0153508771929825 0.0241228070175439
"cuoAmb" 0.0888157894736842 0.0515350877192982 0.0263157894736842 0.0285087719298246 0.0197368421052632 0 0.00548245614035088 0.0307017543859649 0.0350877192982456 0.0504385964912281 0.0164473684210526 0.0416666666666667 0.153508771929825 0.0745614035087719 0.0866228070175439 0.0131578947368421 0.0274122807017544
"cuoMcc" 0.0899122807017544 0.0548245614035088 0.025219298245614 0.0296052631578947 0.0208333333333333 0.00548245614035088 0 0.0296052631578947 0.0361842105263158 0.0515350877192982 0.0197368421052632 0.0427631578947368 0.153508771929825 0.0767543859649123 0.0855263157894737 0.0142543859649123 0.0285087719298246
"derCor" 0.087719298245614 0.0679824561403509 0.0197368421052632 0.037280701754386 0.0350877192982456 0.0307017543859649 0.0296052631578947 0 0.0405701754385965 0.0592105263157895 0.0383771929824561 0.0570175438596491 0.152412280701754 0.0822368421052632 0.0844298245614035 0.0285087719298246 0.0361842105263158
"derMaw" 0.0964912280701754 0.0778508771929825 0.0383771929824561 0.037280701754386 0.0394736842105263 0.0350877192982456 0.0361842105263158 0.0405701754385965 0 0.0646929824561404 0.0427631578947368 0.0592105263157895 0.172149122807018 0.0899122807017544 0.0921052631578947 0.0350877192982456 0.0482456140350877
"emySub" 0.101973684210526 0.0921052631578947 0.0548245614035088 0.0570175438596491 0.0614035087719298 0.0504385964912281 0.0515350877192982 0.0592105263157895 0.0646929824561404 0 0.0603070175438596 0.0833333333333333 0.137061403508772 0.0625 0.105263157894737 0.0526315789473684 0.0690789473684211
"gopAga" 0.0964912280701754 0.0504385964912281 0.0339912280701754 0.0361842105263158 0.0274122807017544 0.0164473684210526 0.0197368421052632 0.0383771929824561 0.0427631578947368 0.0603070175438596 0 0.0493421052631579 0.160087719298246 0.0822368421052632 0.0910087719298246 0.0208333333333333 0.0350877192982456
"malTer" 0.109649122807018 0.081140350877193 0.0548245614035088 0.0570175438596491 0.0263157894736842 0.0416666666666667 0.0427631578947368 0.0570175438596491 0.0592105263157895 0.0833333333333333 0.0493421052631579 0 0.1875 0.100877192982456 0.109649122807018 0.037280701754386 0.0460526315789474
"mesTub" 0.183114035087719 0.168859649122807 0.157894736842105 0.161184210526316 0.165570175438596 0.153508771929825 0.153508771929825 0.152412280701754 0.172149122807018 0.137061403508772 0.160087719298246 0.1875 0 0.164473684210526 0.18969298245614 0.161184210526316 0.160087719298246
"pelCas" 0.118421052631579 0.110745614035088 0.0800438596491228 0.0756578947368421 0.0800438596491228 0.0745614035087719 0.0767543859649123 0.0822368421052632 0.0899122807017544 0.0625 0.0822368421052632 0.100877192982456 0.164473684210526 0 0.12719298245614 0.0734649122807018 0.0822368421052632
"pelSin" 0.109649122807018 0.0953947368421053 0.0844298245614035 0.0953947368421053 0.0899122807017544 0.0866228070175439 0.0855263157894737 0.0844298245614035 0.0921052631578947 0.105263157894737 0.0910087719298246 0.109649122807018 0.18969298245614 0.12719298245614 0 0.0833333333333333 0.0910087719298246
"plaMeg" 0.0833333333333333 0.055921052631579 0.0241228070175439 0.0263157894736842 0.0153508771929825 0.0131578947368421 0.0142543859649123 0.0285087719298246 0.0350877192982456 0.0526315789473684 0.0208333333333333 0.037280701754386 0.161184210526316 0.0734649122807018 0.0833333333333333 0 0.0230263157894737
"terMex" 0.0899122807017544 0.0592105263157895 0.0405701754385965 0.0427631578947368 0.0241228070175439 0.0274122807017544 0.0285087719298246 0.0361842105263158 0.0482456140350877 0.0690789473684211 0.0350877192982456 0.0460526315789474 0.160087719298246 0.0822368421052632 0.0910087719298246 0.0230263157894737 0
