"carIns" "cheAbi" "cheMyd" "cheSer" "chrPic" "cuoAmb" "cuoMcc" "derCor" "derMaw" "emySub" "gopAga" "malTer" "mesTub" "pelCas" "pelSin" "plaMeg" "podExp" "terMex"
"carIns" 0 0.14936247723133 0.167577413479053 0.16575591985428 0.364298724954463 0.16575591985428 0.0646630236794171 0.0610200364298725 0.0655737704918033 0.081056466302368 0.063752276867031 0.0719489981785064 0.0846994535519126 0.0865209471766849 0.170309653916211 0.0564663023679417 0.114754098360656 0.0610200364298725
"cheAbi" 0.14936247723133 0 0.15391621129326 0.14936247723133 0.328779599271403 0.156648451730419 0.111111111111111 0.112932604735883 0.120218579234973 0.148451730418944 0.104735883424408 0.1183970856102 0.150273224043716 0.151183970856102 0.172131147540984 0.105646630236794 0.174863387978142 0.107468123861566
"cheMyd" 0.167577413479053 0.15391621129326 0 0.122950819672131 0.354280510018215 0.14936247723133 0.145719489981785 0.13023679417122 0.143897996357013 0.17304189435337 0.142987249544627 0.138433515482696 0.173952641165756 0.176684881602914 0.176684881602914 0.13752276867031 0.193078324225865 0.139344262295082
"cheSer" 0.16575591985428 0.14936247723133 0.122950819672131 0 0.340619307832423 0.141165755919854 0.134790528233151 0.131147540983607 0.133879781420765 0.162112932604736 0.133879781420765 0.13023679417122 0.16120218579235 0.171220400728597 0.173952641165756 0.129326047358834 0.182149362477231 0.13023679417122
"chrPic" 0.364298724954463 0.328779599271403 0.354280510018215 0.340619307832423 0 0.351548269581056 0.333333333333333 0.333333333333333 0.33879781420765 0.357012750455373 0.327868852459016 0.330601092896175 0.360655737704918 0.365209471766849 0.35792349726776 0.326047358834244 0.380692167577413 0.331511839708561
"cuoAmb" 0.16575591985428 0.156648451730419 0.14936247723133 0.141165755919854 0.351548269581056 0 0.114754098360656 0.139344262295082 0.142987249544627 0.172131147540984 0.132058287795993 0.124772313296903 0.171220400728597 0.179417122040073 0.175774134790528 0.128415300546448 0.195810564663024 0.129326047358834
"cuoMcc" 0.0646630236794171 0.111111111111111 0.145719489981785 0.134790528233151 0.333333333333333 0.114754098360656 0 0.0300546448087432 0.0327868852459016 0.0628415300546448 0.0218579234972678 0.0309653916211293 0.063752276867031 0.0728597449908925 0.166666666666667 0.017304189435337 0.10200364298725 0.0182149362477231
"derCor" 0.0610200364298725 0.112932604735883 0.13023679417122 0.131147540983607 0.333333333333333 0.139344262295082 0.0300546448087432 0 0.0236794171220401 0.0601092896174863 0.0282331511839709 0.0355191256830601 0.0619307832422587 0.0628415300546448 0.157559198542805 0.0200364298724954 0.0974499089253188 0.0245901639344262
"derMaw" 0.0655737704918033 0.120218579234973 0.143897996357013 0.133879781420765 0.33879781420765 0.142987249544627 0.0327868852459016 0.0236794171220401 0 0.0619307832422587 0.0309653916211293 0.0400728597449909 0.0673952641165756 0.0683060109289618 0.162112932604736 0.0255009107468124 0.0992714025500911 0.029143897996357
"emySub" 0.081056466302368 0.148451730418944 0.17304189435337 0.162112932604736 0.357012750455373 0.172131147540984 0.0628415300546448 0.0601092896174863 0.0619307832422587 0 0.063752276867031 0.075591985428051 0.0355191256830601 0.0546448087431694 0.181238615664845 0.0601092896174863 0.0801457194899818 0.0628415300546448
"gopAga" 0.063752276867031 0.104735883424408 0.142987249544627 0.133879781420765 0.327868852459016 0.132058287795993 0.0218579234972678 0.0282331511839709 0.0309653916211293 0.063752276867031 0 0.029143897996357 0.0664845173041894 0.0655737704918033 0.162112932604736 0.0154826958105647 0.0983606557377049 0.0182149362477231
"malTer" 0.0719489981785064 0.1183970856102 0.138433515482696 0.13023679417122 0.330601092896175 0.124772313296903 0.0309653916211293 0.0355191256830601 0.0400728597449909 0.075591985428051 0.029143897996357 0 0.0765027322404372 0.0783242258652095 0.160291438979964 0.0227686703096539 0.108378870673953 0.0182149362477231
"mesTub" 0.0846994535519126 0.150273224043716 0.173952641165756 0.16120218579235 0.360655737704918 0.171220400728597 0.063752276867031 0.0619307832422587 0.0673952641165756 0.0355191256830601 0.0664845173041894 0.0765027322404372 0 0.058287795992714 0.182149362477231 0.0628415300546448 0.0819672131147541 0.0664845173041894
"pelCas" 0.0865209471766849 0.151183970856102 0.176684881602914 0.171220400728597 0.365209471766849 0.179417122040073 0.0728597449908925 0.0628415300546448 0.0683060109289618 0.0546448087431694 0.0655737704918033 0.0783242258652095 0.058287795992714 0 0.185792349726776 0.0619307832422587 0.075591985428051 0.0664845173041894
"pelSin" 0.170309653916211 0.172131147540984 0.176684881602914 0.173952641165756 0.35792349726776 0.175774134790528 0.166666666666667 0.157559198542805 0.162112932604736 0.181238615664845 0.162112932604736 0.160291438979964 0.182149362477231 0.185792349726776 0 0.157559198542805 0.198542805100182 0.163023679417122
"plaMeg" 0.0564663023679417 0.105646630236794 0.13752276867031 0.129326047358834 0.326047358834244 0.128415300546448 0.017304189435337 0.0200364298724954 0.0255009107468124 0.0601092896174863 0.0154826958105647 0.0227686703096539 0.0628415300546448 0.0619307832422587 0.157559198542805 0 0.0956284153005464 0.01183970856102
"podExp" 0.114754098360656 0.174863387978142 0.193078324225865 0.182149362477231 0.380692167577413 0.195810564663024 0.10200364298725 0.0974499089253188 0.0992714025500911 0.0801457194899818 0.0983606557377049 0.108378870673953 0.0819672131147541 0.075591985428051 0.198542805100182 0.0956284153005464 0 0.0992714025500911
"terMex" 0.0610200364298725 0.107468123861566 0.139344262295082 0.13023679417122 0.331511839708561 0.129326047358834 0.0182149362477231 0.0245901639344262 0.029143897996357 0.0628415300546448 0.0182149362477231 0.0182149362477231 0.0664845173041894 0.0664845173041894 0.163023679417122 0.01183970856102 0.0992714025500911 0
