"carIns" "cheAbi" "cheMyd" "cheSer" "chrPic" "cuoAmb" "cuoMcc" "derCor" "derMaw" "emySub" "gopAga" "malTer" "mesTub" "pelCas" "pelSin" "plaMeg" "podExp" "terMex"
"carIns" 0 0.0739737445301104 0.0710564700979371 0.0702229631173161 0.0700145863721609 0.0710564700979371 0.0700145863721609 0.0720983538237133 0.0764742654719733 0.0829339445717858 0.0745988747655762 0.0698062096270056 0.0933527818295478 0.0966868097520317 0.0693894561366951 0.0725151073140238 0.104813502813086 0.0700145863721609
"cheAbi" 0.0739737445301104 0 0.0297978745571994 0.0291727443217337 0.0206292977703688 0.0139612419254011 0.0133361116899354 0.0295894978120442 0.0414669722858929 0.0593873723692436 0.0125026047093144 0.0210460512606793 0.0691810793915399 0.0720983538237133 0.0612627630756408 0.0231298187122317 0.0821004375911648 0.0191706605542821
"cheMyd" 0.0710564700979371 0.0297978745571994 0 0.0231298187122317 0.0245884559283184 0.027714107105647 0.0262554698895603 0.0141696186705564 0.0352156699312357 0.0560533444467597 0.0302146280475099 0.0250052094186289 0.065847051469056 0.0700145863721609 0.0591789956240883 0.0281308605959575 0.0804334236299229 0.0229214419670765
"cheSer" 0.0702229631173161 0.0291727443217337 0.0231298187122317 0 0.023338195457387 0.0264638466347156 0.0250052094186289 0.023338195457387 0.0339654094603042 0.0527193165242759 0.0291727443217337 0.0247968326734736 0.0631381537820379 0.0693894561366951 0.0581371118983121 0.0275057303604918 0.0783496561783705 0.0212544280058346
"chrPic" 0.0700145863721609 0.0206292977703688 0.0245884559283184 0.023338195457387 0 0.0177120233381955 0.0162533861221088 0.023338195457387 0.0358408001667014 0.0533444467597416 0.0202125442800583 0.00520941862888102 0.0639716607626589 0.0695978328818504 0.0579287351531569 0.0183371535736612 0.0777245259429048 0.00729318608043342
"cuoAmb" 0.0710564700979371 0.0139612419254011 0.027714107105647 0.0264638466347156 0.0177120233381955 0 0.00395915815794957 0.026880600125026 0.039799958324651 0.0575119816628464 0.0141696186705564 0.0189622838091269 0.0662638049593665 0.0689727026463847 0.0591789956240883 0.0202125442800583 0.0783496561783705 0.0168785163575745
"cuoMcc" 0.0700145863721609 0.0133361116899354 0.0262554698895603 0.0250052094186289 0.0162533861221088 0.00395915815794957 0 0.0258387163992498 0.0383413211085643 0.0558449677016045 0.0135444884350906 0.0175036465930402 0.0654302979787456 0.0679308189206085 0.0575119816628464 0.0195874140445926 0.077099395707439 0.0154198791414878
"derCor" 0.0720983538237133 0.0295894978120442 0.0141696186705564 0.023338195457387 0.023338195457387 0.026880600125026 0.0258387163992498 0 0.0358408001667014 0.0550114607209835 0.0302146280475099 0.0243800791831632 0.065847051469056 0.0691810793915399 0.060637632840175 0.0279224838508022 0.0793915399041467 0.021671181496145
"derMaw" 0.0764742654719733 0.0414669722858929 0.0352156699312357 0.0339654094603042 0.0358408001667014 0.039799958324651 0.0383413211085643 0.0358408001667014 0 0.0643884142529694 0.0423004792665139 0.0356324234215462 0.0756407584913524 0.0775161491977495 0.0695978328818504 0.0391748280891852 0.0871014794748906 0.0335486559699937
"emySub" 0.0829339445717858 0.0593873723692436 0.0560533444467597 0.0527193165242759 0.0533444467597416 0.0575119816628464 0.0558449677016045 0.0550114607209835 0.0643884142529694 0 0.0600125026047093 0.0531360700145864 0.0362575536570119 0.0570952281725359 0.0756407584913524 0.0585538653886226 0.0670973119399875 0.0527193165242759
"gopAga" 0.0745988747655762 0.0125026047093144 0.0302146280475099 0.0291727443217337 0.0202125442800583 0.0141696186705564 0.0135444884350906 0.0302146280475099 0.0423004792665139 0.0600125026047093 0 0.0210460512606793 0.0693894561366951 0.072723484059179 0.0631381537820379 0.022504688476766 0.0821004375911648 0.0191706605542821
"malTer" 0.0698062096270056 0.0210460512606793 0.0250052094186289 0.0247968326734736 0.00520941862888102 0.0189622838091269 0.0175036465930402 0.0243800791831632 0.0356324234215462 0.0531360700145864 0.0210460512606793 0 0.0641800375078141 0.0685559491560742 0.0573036049176912 0.0191706605542821 0.0773077724525943 0.00875182329652011
"mesTub" 0.0933527818295478 0.0691810793915399 0.065847051469056 0.0631381537820379 0.0639716607626589 0.0662638049593665 0.0654302979787456 0.065847051469056 0.0756407584913524 0.0362575536570119 0.0693894561366951 0.0641800375078141 0 0.0695978328818504 0.0833506980620963 0.0673056886851427 0.0793915399041467 0.0627214002917274
"pelCas" 0.0966868097520317 0.0720983538237133 0.0700145863721609 0.0693894561366951 0.0695978328818504 0.0689727026463847 0.0679308189206085 0.0691810793915399 0.0775161491977495 0.0570952281725359 0.072723484059179 0.0685559491560742 0.0695978328818504 0 0.0862679724942696 0.0637632840175036 0.0593873723692436 0.0679308189206085
"pelSin" 0.0693894561366951 0.0612627630756408 0.0591789956240883 0.0581371118983121 0.0579287351531569 0.0591789956240883 0.0575119816628464 0.060637632840175 0.0695978328818504 0.0756407584913524 0.0631381537820379 0.0573036049176912 0.0833506980620963 0.0862679724942696 0 0.0595957491143988 0.0914773911231507 0.0575119816628464
"plaMeg" 0.0725151073140238 0.0231298187122317 0.0281308605959575 0.0275057303604918 0.0183371535736612 0.0202125442800583 0.0195874140445926 0.0279224838508022 0.0391748280891852 0.0585538653886226 0.022504688476766 0.0191706605542821 0.0673056886851427 0.0637632840175036 0.0595957491143988 0 0.0754323817461971 0.0168785163575745
"podExp" 0.104813502813086 0.0821004375911648 0.0804334236299229 0.0783496561783705 0.0777245259429048 0.0783496561783705 0.077099395707439 0.0793915399041467 0.0871014794748906 0.0670973119399875 0.0821004375911648 0.0773077724525943 0.0793915399041467 0.0593873723692436 0.0914773911231507 0.0754323817461971 0 0.0766826422171286
"terMex" 0.0700145863721609 0.0191706605542821 0.0229214419670765 0.0212544280058346 0.00729318608043342 0.0168785163575745 0.0154198791414878 0.021671181496145 0.0335486559699937 0.0527193165242759 0.0191706605542821 0.00875182329652011 0.0627214002917274 0.0679308189206085 0.0575119816628464 0.0168785163575745 0.0766826422171286 0
