"carIns" "cheAbi" "cheMyd" "cheSer" "chrPic" "cuoAmb" "cuoMcc" "derCor" "derMaw" "emySub" "gopAga" "malTer" "mesTub" "pelCas" "pelSin" "plaMeg" "podExp" "terMex"
"carIns" 0 0.0534979423868313 0.0504115226337449 0.0555555555555556 0.0493827160493827 0.0555555555555556 0.0534979423868313 0.0606995884773663 0.058641975308642 0.0596707818930041 0.0545267489711934 0.0524691358024691 0.0596707818930041 0.0699588477366255 0.0493827160493827 0.0483539094650206 0.0648148148148148 0.0493827160493827
"cheAbi" 0.0534979423868313 0 0.0267489711934156 0.0308641975308642 0.0185185185185185 0.0174897119341564 0.0154320987654321 0.0329218106995885 0.0349794238683128 0.0545267489711934 0.0164609053497942 0.0216049382716049 0.0534979423868313 0.0596707818930041 0.0462962962962963 0.0205761316872428 0.0576131687242798 0.0195473251028807
"cheMyd" 0.0504115226337449 0.0267489711934156 0 0.0195473251028807 0.0164609053497942 0.0236625514403292 0.0216049382716049 0.01440329218107 0.0226337448559671 0.0452674897119342 0.0257201646090535 0.0195473251028807 0.0390946502057613 0.0493827160493827 0.037037037037037 0.0164609053497942 0.0483539094650206 0.0174897119341564
"cheSer" 0.0555555555555556 0.0308641975308642 0.0195473251028807 0 0.0216049382716049 0.0288065843621399 0.0267489711934156 0.0277777777777778 0.0277777777777778 0.0493827160493827 0.0298353909465021 0.0246913580246914 0.0504115226337449 0.0524691358024691 0.0432098765432099 0.0236625514403292 0.0524691358024691 0.0195473251028807
"chrPic" 0.0493827160493827 0.0185185185185185 0.0164609053497942 0.0216049382716049 0 0.0154320987654321 0.0133744855967078 0.0246913580246914 0.0246913580246914 0.0473251028806584 0.0174897119341564 0.00308641975308642 0.0432098765432099 0.0504115226337449 0.0390946502057613 0.0102880658436214 0.0483539094650206 0.00925925925925926
"cuoAmb" 0.0555555555555556 0.0174897119341564 0.0236625514403292 0.0288065843621399 0.0154320987654321 0 0.00205761316872428 0.0318930041152263 0.0318930041152263 0.0504115226337449 0.0164609053497942 0.0185185185185185 0.0462962962962963 0.0555555555555556 0.044238683127572 0.0174897119341564 0.0534979423868313 0.0164609053497942
"cuoMcc" 0.0534979423868313 0.0154320987654321 0.0216049382716049 0.0267489711934156 0.0133744855967078 0.00205761316872428 0 0.0298353909465021 0.0298353909465021 0.0483539094650206 0.01440329218107 0.0164609053497942 0.044238683127572 0.0534979423868313 0.0421810699588477 0.0154320987654321 0.051440329218107 0.01440329218107
"derCor" 0.0606995884773663 0.0329218106995885 0.01440329218107 0.0277777777777778 0.0246913580246914 0.0318930041152263 0.0298353909465021 0 0.0288065843621399 0.0493827160493827 0.0318930041152263 0.0277777777777778 0.0473251028806584 0.0534979423868313 0.0473251028806584 0.0246913580246914 0.0555555555555556 0.0257201646090535
"derMaw" 0.058641975308642 0.0349794238683128 0.0226337448559671 0.0277777777777778 0.0246913580246914 0.0318930041152263 0.0298353909465021 0.0288065843621399 0 0.0473251028806584 0.0339506172839506 0.0277777777777778 0.044238683127572 0.0545267489711934 0.044238683127572 0.0267489711934156 0.0555555555555556 0.0257201646090535
"emySub" 0.0596707818930041 0.0545267489711934 0.0452674897119342 0.0493827160493827 0.0473251028806584 0.0504115226337449 0.0483539094650206 0.0493827160493827 0.0473251028806584 0 0.051440329218107 0.0504115226337449 0.0298353909465021 0.044238683127572 0.0576131687242798 0.0473251028806584 0.0504115226337449 0.0473251028806584
"gopAga" 0.0545267489711934 0.0164609053497942 0.0257201646090535 0.0298353909465021 0.0174897119341564 0.0164609053497942 0.01440329218107 0.0318930041152263 0.0339506172839506 0.051440329218107 0 0.0205761316872428 0.0504115226337449 0.0565843621399177 0.0452674897119342 0.0195473251028807 0.0504115226337449 0.0185185185185185
"malTer" 0.0524691358024691 0.0216049382716049 0.0195473251028807 0.0246913580246914 0.00308641975308642 0.0185185185185185 0.0164609053497942 0.0277777777777778 0.0277777777777778 0.0504115226337449 0.0205761316872428 0 0.0462962962962963 0.0534979423868313 0.0421810699588477 0.0133744855967078 0.051440329218107 0.0123456790123457
"mesTub" 0.0596707818930041 0.0534979423868313 0.0390946502057613 0.0504115226337449 0.0432098765432099 0.0462962962962963 0.044238683127572 0.0473251028806584 0.044238683127572 0.0298353909465021 0.0504115226337449 0.0462962962962963 0 0.051440329218107 0.0576131687242798 0.0432098765432099 0.0545267489711934 0.0421810699588477
"pelCas" 0.0699588477366255 0.0596707818930041 0.0493827160493827 0.0524691358024691 0.0504115226337449 0.0555555555555556 0.0534979423868313 0.0534979423868313 0.0545267489711934 0.044238683127572 0.0565843621399177 0.0534979423868313 0.051440329218107 0 0.0606995884773663 0.0504115226337449 0.0401234567901235 0.0483539094650206
"pelSin" 0.0493827160493827 0.0462962962962963 0.037037037037037 0.0432098765432099 0.0390946502057613 0.044238683127572 0.0421810699588477 0.0473251028806584 0.044238683127572 0.0576131687242798 0.0452674897119342 0.0421810699588477 0.0576131687242798 0.0606995884773663 0 0.0360082304526749 0.058641975308642 0.0380658436213992
"plaMeg" 0.0483539094650206 0.0205761316872428 0.0164609053497942 0.0236625514403292 0.0102880658436214 0.0174897119341564 0.0154320987654321 0.0246913580246914 0.0267489711934156 0.0473251028806584 0.0195473251028807 0.0133744855967078 0.0432098765432099 0.0504115226337449 0.0360082304526749 0 0.0504115226337449 0.0113168724279835
"podExp" 0.0648148148148148 0.0576131687242798 0.0483539094650206 0.0524691358024691 0.0483539094650206 0.0534979423868313 0.051440329218107 0.0555555555555556 0.0555555555555556 0.0504115226337449 0.0504115226337449 0.051440329218107 0.0545267489711934 0.0401234567901235 0.058641975308642 0.0504115226337449 0 0.0493827160493827
"terMex" 0.0493827160493827 0.0195473251028807 0.0174897119341564 0.0195473251028807 0.00925925925925926 0.0164609053497942 0.01440329218107 0.0257201646090535 0.0257201646090535 0.0473251028806584 0.0185185185185185 0.0123456790123457 0.0421810699588477 0.0483539094650206 0.0380658436213992 0.0113168724279835 0.0493827160493827 0
