"carIns" "cheAbi" "cheMyd" "cheSer" "chrPic" "cuoAmb" "cuoMcc" "derCor" "derMaw" "emySub" "gopAga" "malTer" "mesTub" "pelCas" "pelSin" "plaMeg" "podExp" "terMex"
"carIns" 0 0.0897435897435897 0.0788954635108481 0.0739644970414201 0.0759368836291913 0.0877712031558185 0.0887573964497041 0.0828402366863905 0.0887573964497041 0.101577909270217 0.0917159763313609 0.0739644970414201 0.102564102564103 0.11439842209073 0.0946745562130177 0.0798816568047337 0.11439842209073 0.0759368836291913
"cheAbi" 0.0897435897435897 0 0.0522682445759369 0.0473372781065089 0.0394477317554241 0.0355029585798817 0.0364891518737673 0.0532544378698225 0.0532544378698225 0.0867850098619329 0.0325443786982249 0.0433925049309665 0.0867850098619329 0.0996055226824458 0.0818540433925049 0.0433925049309665 0.104536489151874 0.0394477317554241
"cheMyd" 0.0788954635108481 0.0522682445759369 0 0.0315581854043393 0.0276134122287968 0.0424063116370809 0.0443786982248521 0.029585798816568 0.0433925049309665 0.0690335305719921 0.0532544378698225 0.0285996055226824 0.0710059171597633 0.0877712031558185 0.0729783037475345 0.0315581854043393 0.0917159763313609 0.0276134122287968
"cheSer" 0.0739644970414201 0.0473372781065089 0.0315581854043393 0 0.0226824457593688 0.0374753451676529 0.0404339250493097 0.0305719921104536 0.0384615384615385 0.0591715976331361 0.0493096646942801 0.0207100591715976 0.0631163708086785 0.0749506903353057 0.0680473372781065 0.0266272189349112 0.0779092702169625 0.0226824457593688
"chrPic" 0.0759368836291913 0.0394477317554241 0.0276134122287968 0.0226824457593688 0 0.0315581854043393 0.0226824457593688 0.0305719921104536 0.0305719921104536 0.0611439842209073 0.0404339250493097 0.0118343195266272 0.0710059171597633 0.0769230769230769 0.0650887573964497 0.00986193293885602 0.0867850098619329 0.00394477317554241
"cuoAmb" 0.0877712031558185 0.0355029585798817 0.0424063116370809 0.0374753451676529 0.0315581854043393 0 0.0108481262327416 0.0443786982248521 0.0512820512820513 0.0759368836291913 0.0364891518737673 0.0315581854043393 0.0788954635108481 0.0877712031558185 0.0769230769230769 0.0364891518737673 0.0927021696252465 0.0315581854043393
"cuoMcc" 0.0887573964497041 0.0364891518737673 0.0443786982248521 0.0404339250493097 0.0226824457593688 0.0108481262327416 0 0.0463510848126233 0.0463510848126233 0.0749506903353057 0.0374753451676529 0.0325443786982249 0.0848126232741617 0.0917159763313609 0.0779092702169625 0.0276134122287968 0.0956607495069034 0.0226824457593688
"derCor" 0.0828402366863905 0.0532544378698225 0.029585798816568 0.0305719921104536 0.0305719921104536 0.0443786982248521 0.0463510848126233 0 0.0384615384615385 0.0680473372781065 0.0562130177514793 0.0285996055226824 0.0680473372781065 0.0808678500986193 0.0729783037475345 0.0345167652859961 0.0867850098619329 0.0305719921104536
"derMaw" 0.0887573964497041 0.0532544378698225 0.0433925049309665 0.0384615384615385 0.0305719921104536 0.0512820512820513 0.0463510848126233 0.0384615384615385 0 0.0759368836291913 0.0571992110453649 0.0335305719921105 0.0798816568047337 0.0857988165680473 0.0808678500986193 0.0345167652859961 0.0956607495069034 0.0305719921104536
"emySub" 0.101577909270217 0.0867850098619329 0.0690335305719921 0.0591715976331361 0.0611439842209073 0.0759368836291913 0.0749506903353057 0.0680473372781065 0.0759368836291913 0 0.0838264299802761 0.0650887573964497 0.0374753451676529 0.0631163708086785 0.0857988165680473 0.0631163708086785 0.0700197238658777 0.0611439842209073
"gopAga" 0.0917159763313609 0.0325443786982249 0.0532544378698225 0.0493096646942801 0.0404339250493097 0.0364891518737673 0.0374753451676529 0.0562130177514793 0.0571992110453649 0.0838264299802761 0 0.0443786982248521 0.0897435897435897 0.0956607495069034 0.0818540433925049 0.0443786982248521 0.103550295857988 0.0404339250493097
"malTer" 0.0739644970414201 0.0433925049309665 0.0285996055226824 0.0207100591715976 0.0118343195266272 0.0315581854043393 0.0325443786982249 0.0285996055226824 0.0335305719921105 0.0650887573964497 0.0443786982248521 0 0.0690335305719921 0.0749506903353057 0.0670611439842209 0.019723865877712 0.0848126232741617 0.0138067061143984
"mesTub" 0.102564102564103 0.0867850098619329 0.0710059171597633 0.0631163708086785 0.0710059171597633 0.0788954635108481 0.0848126232741617 0.0680473372781065 0.0798816568047337 0.0374753451676529 0.0897435897435897 0.0690335305719921 0 0.0680473372781065 0.0857988165680473 0.0729783037475345 0.0719921104536489 0.0710059171597633
"pelCas" 0.11439842209073 0.0996055226824458 0.0877712031558185 0.0749506903353057 0.0769230769230769 0.0877712031558185 0.0917159763313609 0.0808678500986193 0.0857988165680473 0.0631163708086785 0.0956607495069034 0.0749506903353057 0.0680473372781065 0 0.100591715976331 0.0828402366863905 0.0591715976331361 0.0788954635108481
"pelSin" 0.0946745562130177 0.0818540433925049 0.0729783037475345 0.0680473372781065 0.0650887573964497 0.0769230769230769 0.0779092702169625 0.0729783037475345 0.0808678500986193 0.0857988165680473 0.0818540433925049 0.0670611439842209 0.0857988165680473 0.100591715976331 0 0.0670611439842209 0.107495069033531 0.0650887573964497
"plaMeg" 0.0798816568047337 0.0433925049309665 0.0315581854043393 0.0266272189349112 0.00986193293885602 0.0364891518737673 0.0276134122287968 0.0345167652859961 0.0345167652859961 0.0631163708086785 0.0443786982248521 0.019723865877712 0.0729783037475345 0.0828402366863905 0.0670611439842209 0 0.0897435897435897 0.00986193293885602
"podExp" 0.11439842209073 0.104536489151874 0.0917159763313609 0.0779092702169625 0.0867850098619329 0.0927021696252465 0.0956607495069034 0.0867850098619329 0.0956607495069034 0.0700197238658777 0.103550295857988 0.0848126232741617 0.0719921104536489 0.0591715976331361 0.107495069033531 0.0897435897435897 0 0.0867850098619329
"terMex" 0.0759368836291913 0.0394477317554241 0.0276134122287968 0.0226824457593688 0.00394477317554241 0.0315581854043393 0.0226824457593688 0.0305719921104536 0.0305719921104536 0.0611439842209073 0.0404339250493097 0.0138067061143984 0.0710059171597633 0.0788954635108481 0.0650887573964497 0.00986193293885602 0.0867850098619329 0
