"carIns" "cheAbi" "cheMyd" "cheSer" "chrPic" "cuoAmb" "cuoMcc" "derCor" "derMaw" "emySub" "gopAga" "mesTub" "pelCas" "pelSin" "plaMeg" "podExp"
"carIns" 0 0.0881782945736434 0.0804263565891473 0.0794573643410853 0.0852713178294574 0.0804263565891473 0.0804263565891473 0.0775193798449612 0.10562015503876 0.104651162790698 0.0862403100775194 0.108527131782946 0.102713178294574 0.0920542635658915 0.0775193798449612 0.11531007751938
"cheAbi" 0.0881782945736434 0 0.0465116279069767 0.0397286821705426 0.0348837209302326 0.0203488372093023 0.0203488372093023 0.0494186046511628 0.0765503875968992 0.0794573643410853 0.0135658914728682 0.0910852713178295 0.0852713178294574 0.0833333333333333 0.0242248062015504 0.0910852713178295
"cheMyd" 0.0804263565891473 0.0465116279069767 0 0.0426356589147287 0.0484496124031008 0.0455426356589147 0.0455426356589147 0.0213178294573643 0.0765503875968992 0.0804263565891473 0.0436046511627907 0.0930232558139535 0.0910852713178295 0.0833333333333333 0.0377906976744186 0.0959302325581395
"cheSer" 0.0794573643410853 0.0397286821705426 0.0426356589147287 0 0.0436046511627907 0.0387596899224806 0.0387596899224806 0.0416666666666667 0.0542635658914729 0.0668604651162791 0.0377906976744186 0.0804263565891473 0.0707364341085271 0.0794573643410853 0.0310077519379845 0.0843023255813953
"chrPic" 0.0852713178294574 0.0348837209302326 0.0484496124031008 0.0436046511627907 0 0.0319767441860465 0.0310077519379845 0.0503875968992248 0.0746124031007752 0.0804263565891473 0.0310077519379845 0.0920542635658915 0.0872093023255814 0.0823643410852713 0.0261627906976744 0.0939922480620155
"cuoAmb" 0.0804263565891473 0.0203488372093023 0.0455426356589147 0.0387596899224806 0.0319767441860465 0 0.00387596899224806 0.0455426356589147 0.0726744186046512 0.0765503875968992 0.0164728682170543 0.0881782945736434 0.0794573643410853 0.0823643410852713 0.0213178294573643 0.0891472868217054
"cuoMcc" 0.0804263565891473 0.0203488372093023 0.0455426356589147 0.0387596899224806 0.0310077519379845 0.00387596899224806 0 0.0455426356589147 0.0726744186046512 0.0765503875968992 0.0164728682170543 0.0843023255813953 0.0794573643410853 0.0823643410852713 0.0213178294573643 0.0872093023255814
"derCor" 0.0775193798449612 0.0494186046511628 0.0213178294573643 0.0416666666666667 0.0503875968992248 0.0455426356589147 0.0455426356589147 0 0.0717054263565891 0.0755813953488372 0.0455426356589147 0.0901162790697674 0.0862403100775194 0.0775193798449612 0.0377906976744186 0.0939922480620155
"derMaw" 0.10562015503876 0.0765503875968992 0.0765503875968992 0.0542635658914729 0.0746124031007752 0.0726744186046512 0.0726744186046512 0.0717054263565891 0 0.0959302325581395 0.0726744186046512 0.10562015503876 0.107558139534884 0.101744186046512 0.0658914728682171 0.111434108527132
"emySub" 0.104651162790698 0.0794573643410853 0.0804263565891473 0.0668604651162791 0.0804263565891473 0.0765503875968992 0.0765503875968992 0.0755813953488372 0.0959302325581395 0 0.0775193798449612 0.0358527131782946 0.0697674418604651 0.0949612403100775 0.0687984496124031 0.0775193798449612
"gopAga" 0.0862403100775194 0.0135658914728682 0.0436046511627907 0.0377906976744186 0.0310077519379845 0.0164728682170543 0.0164728682170543 0.0455426356589147 0.0726744186046512 0.0775193798449612 0 0.0891472868217054 0.0833333333333333 0.0833333333333333 0.0203488372093023 0.0910852713178295
"mesTub" 0.108527131782946 0.0910852713178295 0.0930232558139535 0.0804263565891473 0.0920542635658915 0.0881782945736434 0.0843023255813953 0.0901162790697674 0.10562015503876 0.0358527131782946 0.0891472868217054 0 0.0852713178294574 0.106589147286822 0.0823643410852713 0.0872093023255814
"pelCas" 0.102713178294574 0.0852713178294574 0.0910852713178295 0.0707364341085271 0.0872093023255814 0.0794573643410853 0.0794573643410853 0.0862403100775194 0.107558139534884 0.0697674418604651 0.0833333333333333 0.0852713178294574 0 0.11046511627907 0.0784883720930233 0.064922480620155
"pelSin" 0.0920542635658915 0.0833333333333333 0.0833333333333333 0.0794573643410853 0.0823643410852713 0.0823643410852713 0.0823643410852713 0.0775193798449612 0.101744186046512 0.0949612403100775 0.0833333333333333 0.106589147286822 0.11046511627907 0 0.0717054263565891 0.111434108527132
"plaMeg" 0.0775193798449612 0.0242248062015504 0.0377906976744186 0.0310077519379845 0.0261627906976744 0.0213178294573643 0.0213178294573643 0.0377906976744186 0.0658914728682171 0.0687984496124031 0.0203488372093023 0.0823643410852713 0.0784883720930233 0.0717054263565891 0 0.0862403100775194
"podExp" 0.11531007751938 0.0910852713178295 0.0959302325581395 0.0843023255813953 0.0939922480620155 0.0891472868217054 0.0872093023255814 0.0939922480620155 0.111434108527132 0.0775193798449612 0.0910852713178295 0.0872093023255814 0.064922480620155 0.111434108527132 0.0862403100775194 0
