"carIns" "cheAbi" "cheMyd" "chrPic" "cuoAmb" "cuoMcc" "derCor" "derMaw" "emySub" "gopAga" "malTer" "mesTub" "pelCas" "pelSin" "podExp" "terMex"
"carIns" 0 0.0660264105642257 0.0660264105642257 0.0540216086434574 0.0552220888355342 0.0528211284513806 0.0516206482593037 0.0648259303721489 0.070828331332533 0.0624249699879952 0.056422569027611 0.0804321728691477 0.078031212484994 0.0540216086434574 0.0876350540216086 0.0540216086434574
"cheAbi" 0.0660264105642257 0 0.0492196878751501 0.0264105642256903 0.0168067226890756 0.0156062424969988 0.0360144057623049 0.0492196878751501 0.0588235294117647 0.0180072028811525 0.0288115246098439 0.078031212484994 0.0684273709483793 0.0588235294117647 0.070828331332533 0.0288115246098439
"cheMyd" 0.0660264105642257 0.0492196878751501 0 0.0372148859543818 0.0408163265306122 0.0384153661464586 0.0276110444177671 0.0528211284513806 0.0672268907563025 0.0456182472989196 0.0420168067226891 0.0804321728691477 0.0756302521008403 0.0660264105642257 0.078031212484994 0.0396158463385354
"chrPic" 0.0540216086434574 0.0264105642256903 0.0372148859543818 0 0.0156062424969988 0.0132052821128451 0.0240096038415366 0.0384153661464586 0.0516206482593037 0.0228091236494598 0.00480192076830732 0.0684273709483793 0.0612244897959184 0.0468187274909964 0.0660264105642257 0.00720288115246098
"cuoAmb" 0.0552220888355342 0.0168067226890756 0.0408163265306122 0.0156062424969988 0 0.00240096038415366 0.0252100840336134 0.0408163265306122 0.0492196878751501 0.014405762304922 0.0180072028811525 0.070828331332533 0.0624249699879952 0.0504201680672269 0.0696278511404562 0.0156062424969988
"cuoMcc" 0.0528211284513806 0.0156062424969988 0.0384153661464586 0.0132052821128451 0.00240096038415366 0 0.0228091236494598 0.0384153661464586 0.0468187274909964 0.0120048019207683 0.0156062424969988 0.0684273709483793 0.0600240096038415 0.0480192076830732 0.0672268907563025 0.0132052821128451
"derCor" 0.0516206482593037 0.0360144057623049 0.0276110444177671 0.0240096038415366 0.0252100840336134 0.0228091236494598 0 0.0372148859543818 0.0492196878751501 0.0300120048019208 0.0264105642256903 0.0672268907563025 0.0588235294117647 0.0504201680672269 0.0672268907563025 0.0240096038415366
"derMaw" 0.0648259303721489 0.0492196878751501 0.0528211284513806 0.0384153661464586 0.0408163265306122 0.0384153661464586 0.0372148859543818 0 0.0612244897959184 0.0480192076830732 0.0408163265306122 0.0804321728691477 0.0696278511404562 0.0624249699879952 0.0756302521008403 0.0384153661464586
"emySub" 0.070828331332533 0.0588235294117647 0.0672268907563025 0.0516206482593037 0.0492196878751501 0.0468187274909964 0.0492196878751501 0.0612244897959184 0 0.0552220888355342 0.0540216086434574 0.0432172869147659 0.0432172869147659 0.063625450180072 0.056422569027611 0.0504201680672269
"gopAga" 0.0624249699879952 0.0180072028811525 0.0456182472989196 0.0228091236494598 0.014405762304922 0.0120048019207683 0.0300120048019208 0.0480192076830732 0.0552220888355342 0 0.0252100840336134 0.0744297719087635 0.0660264105642257 0.0576230492196879 0.070828331332533 0.0228091236494598
"malTer" 0.056422569027611 0.0288115246098439 0.0420168067226891 0.00480192076830732 0.0180072028811525 0.0156062424969988 0.0264105642256903 0.0408163265306122 0.0540216086434574 0.0252100840336134 0 0.0732292917166867 0.063625450180072 0.0492196878751501 0.070828331332533 0.00960384153661465
"mesTub" 0.0804321728691477 0.078031212484994 0.0804321728691477 0.0684273709483793 0.070828331332533 0.0684273709483793 0.0672268907563025 0.0804321728691477 0.0432172869147659 0.0744297719087635 0.0732292917166867 0 0.0624249699879952 0.085234093637455 0.0672268907563025 0.0696278511404562
"pelCas" 0.078031212484994 0.0684273709483793 0.0756302521008403 0.0612244897959184 0.0624249699879952 0.0600240096038415 0.0588235294117647 0.0696278511404562 0.0432172869147659 0.0660264105642257 0.063625450180072 0.0624249699879952 0 0.0744297719087635 0.0456182472989196 0.0612244897959184
"pelSin" 0.0540216086434574 0.0588235294117647 0.0660264105642257 0.0468187274909964 0.0504201680672269 0.0480192076830732 0.0504201680672269 0.0624249699879952 0.063625450180072 0.0576230492196879 0.0492196878751501 0.085234093637455 0.0744297719087635 0 0.0816326530612245 0.0468187274909964
"podExp" 0.0876350540216086 0.070828331332533 0.078031212484994 0.0660264105642257 0.0696278511404562 0.0672268907563025 0.0672268907563025 0.0756302521008403 0.056422569027611 0.070828331332533 0.070828331332533 0.0672268907563025 0.0456182472989196 0.0816326530612245 0 0.0660264105642257
"terMex" 0.0540216086434574 0.0288115246098439 0.0396158463385354 0.00720288115246098 0.0156062424969988 0.0132052821128451 0.0240096038415366 0.0384153661464586 0.0504201680672269 0.0228091236494598 0.00960384153661465 0.0696278511404562 0.0612244897959184 0.0468187274909964 0.0660264105642257 0
