"carIns" "cheAbi" "cheMyd" "cheSer" "chrPic" "cuoMcc" "derCor" "derMaw" "emySub" "gopAga" "malTer" "mesTub" "pelCas" "pelSin" "plaMeg" "podExp" "terMex"
"carIns" 0 0.0625711035267349 0.0625711035267349 0.0625711035267349 0.0671217292377702 0.0705346985210466 0.0671217292377702 0.0739476678043231 0.0796359499431172 0.0796359499431172 0.0625711035267349 0.0978384527872583 0.0875995449374289 0.0728100113765643 0.0614334470989761 0.0887372013651877 0.0614334470989761
"cheAbi" 0.0625711035267349 0 0.0364050056882821 0.0352673492605233 0.0341296928327645 0.0238907849829352 0.0409556313993174 0.0489192263936291 0.0773606370875995 0.0307167235494881 0.0318543799772469 0.093287827076223 0.080773606370876 0.0716723549488055 0.0261660978384528 0.0921501706484642 0.0329920364050057
"cheMyd" 0.0625711035267349 0.0364050056882821 0 0.0216154721274175 0.0227531285551763 0.037542662116041 0.0136518771331058 0.0318543799772469 0.0659840728100114 0.0420932878270762 0.0159271899886234 0.0784982935153584 0.068259385665529 0.0546075085324232 0.0170648464163823 0.0864618885096701 0.0193401592718999
"cheSer" 0.0625711035267349 0.0352673492605233 0.0216154721274175 0 0.0261660978384528 0.0409556313993174 0.0261660978384528 0.0352673492605233 0.0671217292377702 0.0477815699658703 0.0238907849829352 0.0819112627986348 0.068259385665529 0.0602957906712173 0.0227531285551763 0.0875995449374289 0.025028441410694
"chrPic" 0.0671217292377702 0.0341296928327645 0.0227531285551763 0.0261660978384528 0 0.037542662116041 0.0295790671217292 0.037542662116041 0.0728100113765643 0.0466439135381115 0.0068259385665529 0.0830489192263936 0.068259385665529 0.0602957906712173 0.0170648464163823 0.0875995449374289 0.0102389078498294
"cuoMcc" 0.0705346985210466 0.0238907849829352 0.037542662116041 0.0409556313993174 0.037542662116041 0 0.0420932878270762 0.0511945392491468 0.0728100113765643 0.0341296928327645 0.0352673492605233 0.0887372013651877 0.0819112627986348 0.0671217292377702 0.0273037542662116 0.0967007963594994 0.0364050056882821
"derCor" 0.0671217292377702 0.0409556313993174 0.0136518771331058 0.0261660978384528 0.0295790671217292 0.0420932878270762 0 0.0341296928327645 0.0705346985210466 0.0409556313993174 0.025028441410694 0.0819112627986348 0.0716723549488055 0.0591581342434585 0.0204778156996587 0.0875995449374289 0.0261660978384528
"derMaw" 0.0739476678043231 0.0489192263936291 0.0318543799772469 0.0352673492605233 0.037542662116041 0.0511945392491468 0.0341296928327645 0 0.0796359499431172 0.055745164960182 0.0329920364050057 0.093287827076223 0.0784982935153584 0.0659840728100114 0.0318543799772469 0.0898748577929465 0.0341296928327645
"emySub" 0.0796359499431172 0.0773606370875995 0.0659840728100114 0.0671217292377702 0.0728100113765643 0.0728100113765643 0.0705346985210466 0.0796359499431172 0 0.0887372013651877 0.068259385665529 0.0534698521046644 0.0602957906712173 0.080773606370876 0.0648464163822526 0.0819112627986348 0.0693970420932878
"gopAga" 0.0796359499431172 0.0307167235494881 0.0420932878270762 0.0477815699658703 0.0466439135381115 0.0341296928327645 0.0409556313993174 0.055745164960182 0.0887372013651877 0 0.0443686006825939 0.102389078498294 0.093287827076223 0.0773606370875995 0.0364050056882821 0.103526734926052 0.0455062571103527
"malTer" 0.0625711035267349 0.0318543799772469 0.0159271899886234 0.0238907849829352 0.0068259385665529 0.0352673492605233 0.025028441410694 0.0329920364050057 0.068259385665529 0.0443686006825939 0 0.080773606370876 0.068259385665529 0.0568828213879408 0.012514220705347 0.0853242320819113 0.00568828213879408
"mesTub" 0.0978384527872583 0.093287827076223 0.0784982935153584 0.0819112627986348 0.0830489192263936 0.0887372013651877 0.0819112627986348 0.093287827076223 0.0534698521046644 0.102389078498294 0.080773606370876 0 0.0773606370875995 0.0955631399317406 0.0784982935153584 0.0955631399317406 0.0819112627986348
"pelCas" 0.0875995449374289 0.080773606370876 0.068259385665529 0.068259385665529 0.068259385665529 0.0819112627986348 0.0716723549488055 0.0784982935153584 0.0602957906712173 0.093287827076223 0.068259385665529 0.0773606370875995 0 0.0853242320819113 0.068259385665529 0.0739476678043231 0.0671217292377702
"pelSin" 0.0728100113765643 0.0716723549488055 0.0546075085324232 0.0602957906712173 0.0602957906712173 0.0671217292377702 0.0591581342434585 0.0659840728100114 0.080773606370876 0.0773606370875995 0.0568828213879408 0.0955631399317406 0.0853242320819113 0 0.0568828213879408 0.100113765642776 0.0580204778156997
"plaMeg" 0.0614334470989761 0.0261660978384528 0.0170648464163823 0.0227531285551763 0.0170648464163823 0.0273037542662116 0.0204778156996587 0.0318543799772469 0.0648464163822526 0.0364050056882821 0.012514220705347 0.0784982935153584 0.068259385665529 0.0568828213879408 0 0.0864618885096701 0.0136518771331058
"podExp" 0.0887372013651877 0.0921501706484642 0.0864618885096701 0.0875995449374289 0.0875995449374289 0.0967007963594994 0.0875995449374289 0.0898748577929465 0.0819112627986348 0.103526734926052 0.0853242320819113 0.0955631399317406 0.0739476678043231 0.100113765642776 0.0864618885096701 0 0.0841865756541524
"terMex" 0.0614334470989761 0.0329920364050057 0.0193401592718999 0.025028441410694 0.0102389078498294 0.0364050056882821 0.0261660978384528 0.0341296928327645 0.0693970420932878 0.0455062571103527 0.00568828213879408 0.0819112627986348 0.0671217292377702 0.0580204778156997 0.0136518771331058 0.0841865756541524 0
