"carIns" "cheAbi" "cheMyd" "cheSer" "chrPic" "cuoAmb" "cuoMcc" "derMaw" "emySub" "gopAga" "malTer" "mesTub" "pelCas" "pelSin" "plaMeg" "podExp" "terMex"
"carIns" 0 0.0853491556366956 0.0757644910999544 0.0775901414879051 0.0807850296668188 0.0785029666818804 0.100867183934277 0.0826106800547695 0.0789593792788681 0.0858055682336833 0.249201277955272 0.0821542674577818 0.0921953445915107 0.0867183934276586 0.0757644910999544 0.104518484710178 0.076220903696942
"cheAbi" 0.0853491556366956 0 0.0319488817891374 0.0333181195801004 0.0260155180282976 0.0209949794614331 0.0429027841168416 0.0429027841168416 0.0515746234596075 0.0182565038795071 0.204016430853492 0.0502053856686445 0.062072113190324 0.0730260155180283 0.0223642172523962 0.0794157918758558 0.0223642172523962
"cheMyd" 0.0757644910999544 0.0319488817891374 0 0.0209949794614331 0.0255591054313099 0.0228206298493838 0.0442720219078047 0.0292104062072113 0.0419899589228663 0.028297581013236 0.201734367868553 0.0406207211319032 0.0543130990415335 0.0634413509812871 0.0200821542674578 0.0707439525330899 0.0209949794614331
"cheSer" 0.0775901414879051 0.0333181195801004 0.0209949794614331 0 0.0251026928343222 0.0251026928343222 0.0470104974897307 0.028297581013236 0.0429027841168416 0.028297581013236 0.203560018256504 0.0410771337288909 0.0552259242355089 0.0680054769511639 0.0209949794614331 0.0712003651300776 0.0196257416704701
"chrPic" 0.0807850296668188 0.0260155180282976 0.0255591054313099 0.0251026928343222 0 0.0178000912825194 0.0401643085349156 0.0337745321770881 0.0456412596987677 0.0246462802373346 0.191693290734824 0.0433591967138293 0.0584208124144226 0.0698311273391146 0.0146052031036057 0.0743952533089913 0.0100410771337289
"cuoAmb" 0.0785029666818804 0.0209949794614331 0.0228206298493838 0.0251026928343222 0.0178000912825194 0 0.0278411684162483 0.0342309447740758 0.0433591967138293 0.0196257416704701 0.197170241898676 0.0419899589228663 0.0552259242355089 0.0675490643541762 0.0123231401186673 0.0725696029210406 0.0132359653126426
"cuoMcc" 0.100867183934277 0.0429027841168416 0.0442720219078047 0.0470104974897307 0.0401643085349156 0.0278411684162483 0 0.0556823368324966 0.0652670013692378 0.0415335463258786 0.205385668644455 0.0638977635782748 0.0780465540848927 0.0885440438156093 0.0337745321770881 0.0944774075764491 0.0356001825650388
"derMaw" 0.0826106800547695 0.0429027841168416 0.0292104062072113 0.028297581013236 0.0337745321770881 0.0342309447740758 0.0556823368324966 0 0.0502053856686445 0.0397078959379279 0.20629849383843 0.0488361478776814 0.0616157005933364 0.0712003651300776 0.0301232314011867 0.076220903696942 0.0301232314011867
"emySub" 0.0789593792788681 0.0515746234596075 0.0419899589228663 0.0429027841168416 0.0456412596987677 0.0433591967138293 0.0652670013692378 0.0502053856686445 0 0.0470104974897307 0.21816522136011 0.0178000912825194 0.0442720219078047 0.072113190324053 0.0401643085349156 0.0602464628023733 0.0410771337288909
"gopAga" 0.0858055682336833 0.0182565038795071 0.028297581013236 0.028297581013236 0.0246462802373346 0.0196257416704701 0.0415335463258786 0.0397078959379279 0.0470104974897307 0 0.205842081241442 0.0456412596987677 0.059333637608398 0.0739388407120037 0.0209949794614331 0.0757644910999544 0.0219078046554085
"malTer" 0.249201277955272 0.204016430853492 0.201734367868553 0.203560018256504 0.191693290734824 0.197170241898676 0.205385668644455 0.20629849383843 0.21816522136011 0.205842081241442 0 0.214513920584208 0.229575536284801 0.241442263806481 0.195344591510726 0.242355089000456 0.193518941122775
"mesTub" 0.0821542674577818 0.0502053856686445 0.0406207211319032 0.0410771337288909 0.0433591967138293 0.0419899589228663 0.0638977635782748 0.0488361478776814 0.0178000912825194 0.0456412596987677 0.214513920584208 0 0.0447284345047923 0.0725696029210406 0.0387950707439525 0.060702875399361 0.0387950707439525
"pelCas" 0.0921953445915107 0.062072113190324 0.0543130990415335 0.0552259242355089 0.0584208124144226 0.0552259242355089 0.0780465540848927 0.0616157005933364 0.0442720219078047 0.059333637608398 0.229575536284801 0.0447284345047923 0 0.0848927430397079 0.0529438612505705 0.0561387494294843 0.0538566864445459
"pelSin" 0.0867183934276586 0.0730260155180283 0.0634413509812871 0.0680054769511639 0.0698311273391146 0.0675490643541762 0.0885440438156093 0.0712003651300776 0.072113190324053 0.0739388407120037 0.241442263806481 0.0725696029210406 0.0848927430397079 0 0.0648105887722501 0.101323596531264 0.0661798265632131
"plaMeg" 0.0757644910999544 0.0223642172523962 0.0200821542674578 0.0209949794614331 0.0146052031036057 0.0123231401186673 0.0337745321770881 0.0301232314011867 0.0401643085349156 0.0209949794614331 0.195344591510726 0.0387950707439525 0.0529438612505705 0.0648105887722501 0 0.0675490643541762 0.00912825193975354
"podExp" 0.104518484710178 0.0794157918758558 0.0707439525330899 0.0712003651300776 0.0743952533089913 0.0725696029210406 0.0944774075764491 0.076220903696942 0.0602464628023733 0.0757644910999544 0.242355089000456 0.060702875399361 0.0561387494294843 0.101323596531264 0.0675490643541762 0 0.0684618895481515
"terMex" 0.076220903696942 0.0223642172523962 0.0209949794614331 0.0196257416704701 0.0100410771337289 0.0132359653126426 0.0356001825650388 0.0301232314011867 0.0410771337288909 0.0219078046554085 0.193518941122775 0.0387950707439525 0.0538566864445459 0.0661798265632131 0.00912825193975354 0.0684618895481515 0
