"carIns" "cheAbi" "cheMyd" "cheSer" "chrPic" "cuoAmb" "cuoMcc" "derCor" "derMaw" "emySub" "malTer" "mesTub" "pelCas" "pelSin" "plaMeg" "podExp" "terMex"
"carIns" 0 0.0940594059405941 0.0948844884488449 0.0940594059405941 0.0874587458745875 0.0874587458745875 0.0907590759075908 0.102310231023102 0.0907590759075908 0.0932343234323432 0.0899339933993399 0.0940594059405941 0.0981848184818482 0.100660066006601 0.0907590759075908 0.108910891089109 0.0932343234323432
"cheAbi" 0.0940594059405941 0 0.0437293729372937 0.0412541254125413 0.0264026402640264 0.0272277227722772 0.0297029702970297 0.0511551155115512 0.0585808580858086 0.084983498349835 0.0321782178217822 0.0833333333333333 0.0833333333333333 0.101485148514851 0.033003300330033 0.0948844884488449 0.037953795379538
"cheMyd" 0.0948844884488449 0.0437293729372937 0 0.0346534653465347 0.0305280528052805 0.0288778877887789 0.0321782178217822 0.0264026402640264 0.0478547854785479 0.0759075907590759 0.0305280528052805 0.0759075907590759 0.0882838283828383 0.0924092409240924 0.0272277227722772 0.0932343234323432 0.0305280528052805
"cheSer" 0.0940594059405941 0.0412541254125413 0.0346534653465347 0 0.0346534653465347 0.0321782178217822 0.0363036303630363 0.0437293729372937 0.0495049504950495 0.0833333333333333 0.0338283828382838 0.0783828382838284 0.0825082508250825 0.0891089108910891 0.0313531353135314 0.0907590759075908 0.0396039603960396
"chrPic" 0.0874587458745875 0.0264026402640264 0.0305280528052805 0.0346534653465347 0 0.0222772277227723 0.0264026402640264 0.037953795379538 0.0478547854785479 0.0726072607260726 0.014026402640264 0.0750825082508251 0.0783828382838284 0.0907590759075908 0.0206270627062706 0.0891089108910891 0.0198019801980198
"cuoAmb" 0.0874587458745875 0.0272277227722772 0.0288778877887789 0.0321782178217822 0.0222772277227723 0 0.00412541254125413 0.037953795379538 0.0503300330033003 0.0726072607260726 0.0181518151815182 0.0717821782178218 0.0775577557755776 0.0940594059405941 0.0181518151815182 0.0899339933993399 0.0231023102310231
"cuoMcc" 0.0907590759075908 0.0297029702970297 0.0321782178217822 0.0363036303630363 0.0264026402640264 0.00412541254125413 0 0.0412541254125413 0.0536303630363036 0.0759075907590759 0.0222772277227723 0.0750825082508251 0.0792079207920792 0.0948844884488449 0.0222772277227723 0.0899339933993399 0.0272277227722772
"derCor" 0.102310231023102 0.0511551155115512 0.0264026402640264 0.0437293729372937 0.037953795379538 0.037953795379538 0.0412541254125413 0 0.0594059405940594 0.0833333333333333 0.0371287128712871 0.0808580858085809 0.0907590759075908 0.102310231023102 0.0371287128712871 0.102310231023102 0.0412541254125413
"derMaw" 0.0907590759075908 0.0585808580858086 0.0478547854785479 0.0495049504950495 0.0478547854785479 0.0503300330033003 0.0536303630363036 0.0594059405940594 0 0.0825082508250825 0.0503300330033003 0.0833333333333333 0.08003300330033 0.0899339933993399 0.0462046204620462 0.0948844884488449 0.051980198019802
"emySub" 0.0932343234323432 0.084983498349835 0.0759075907590759 0.0833333333333333 0.0726072607260726 0.0726072607260726 0.0759075907590759 0.0833333333333333 0.0825082508250825 0 0.0726072607260726 0.0429042904290429 0.0783828382838284 0.104785478547855 0.0701320132013201 0.0858085808580858 0.0734323432343234
"malTer" 0.0899339933993399 0.0321782178217822 0.0305280528052805 0.0338283828382838 0.014026402640264 0.0181518151815182 0.0222772277227723 0.0371287128712871 0.0503300330033003 0.0726072607260726 0 0.0734323432343234 0.0833333333333333 0.0948844884488449 0.0181518151815182 0.0915841584158416 0.0173267326732673
"mesTub" 0.0940594059405941 0.0833333333333333 0.0759075907590759 0.0783828382838284 0.0750825082508251 0.0717821782178218 0.0750825082508251 0.0808580858085809 0.0833333333333333 0.0429042904290429 0.0734323432343234 0 0.0734323432343234 0.108085808580858 0.0750825082508251 0.0825082508250825 0.0775577557755776
"pelCas" 0.0981848184818482 0.0833333333333333 0.0882838283828383 0.0825082508250825 0.0783828382838284 0.0775577557755776 0.0792079207920792 0.0907590759075908 0.08003300330033 0.0783828382838284 0.0833333333333333 0.0734323432343234 0 0.117986798679868 0.0783828382838284 0.0693069306930693 0.0858085808580858
"pelSin" 0.100660066006601 0.101485148514851 0.0924092409240924 0.0891089108910891 0.0907590759075908 0.0940594059405941 0.0948844884488449 0.102310231023102 0.0899339933993399 0.104785478547855 0.0948844884488449 0.108085808580858 0.117986798679868 0 0.0882838283828383 0.108085808580858 0.0957095709570957
"plaMeg" 0.0907590759075908 0.033003300330033 0.0272277227722772 0.0313531353135314 0.0206270627062706 0.0181518151815182 0.0222772277227723 0.0371287128712871 0.0462046204620462 0.0701320132013201 0.0181518151815182 0.0750825082508251 0.0783828382838284 0.0882838283828383 0 0.0899339933993399 0.0198019801980198
"podExp" 0.108910891089109 0.0948844884488449 0.0932343234323432 0.0907590759075908 0.0891089108910891 0.0899339933993399 0.0899339933993399 0.102310231023102 0.0948844884488449 0.0858085808580858 0.0915841584158416 0.0825082508250825 0.0693069306930693 0.108085808580858 0.0899339933993399 0 0.0973597359735974
"terMex" 0.0932343234323432 0.037953795379538 0.0305280528052805 0.0396039603960396 0.0198019801980198 0.0231023102310231 0.0272277227722772 0.0412541254125413 0.051980198019802 0.0734323432343234 0.0173267326732673 0.0775577557755776 0.0858085808580858 0.0957095709570957 0.0198019801980198 0.0973597359735974 0
