"cheAbi" "cheMyd" "cheSer" "chrPic" "cuoAmb" "cuoMcc" "derCor" "derMaw" "emySub" "gopAga" "malTer" "mesTub" "pelCas" "pelSin" "plaMeg" "podExp" "terMex"
"cheAbi" 0 0.130401234567901 0.0131172839506173 0.124228395061728 0.164351851851852 0.00771604938271605 0.0138888888888889 0.0154320987654321 0.029320987654321 0.00462962962962963 0.0115740740740741 0.0308641975308642 0.0354938271604938 0.170524691358025 0.0108024691358025 0.0447530864197531 0.0115740740740741
"cheMyd" 0.130401234567901 0 0.12962962962963 0.246141975308642 0.185185185185185 0.131172839506173 0.128086419753086 0.132716049382716 0.148148148148148 0.131172839506173 0.130401234567901 0.150462962962963 0.152777777777778 0.184413580246914 0.131172839506173 0.161265432098765 0.131944444444444
"cheSer" 0.0131172839506173 0.12962962962963 0 0.127314814814815 0.166666666666667 0.0115740740740741 0.0108024691358025 0.0131172839506173 0.0270061728395062 0.0115740740740741 0.0123456790123457 0.0285493827160494 0.0347222222222222 0.167438271604938 0.0115740740740741 0.0439814814814815 0.0123456790123457
"chrPic" 0.124228395061728 0.246141975308642 0.127314814814815 0 0.276234567901235 0.121913580246914 0.125771604938272 0.130401234567901 0.142746913580247 0.123456790123457 0.117283950617284 0.141975308641975 0.145833333333333 0.278549382716049 0.122685185185185 0.151234567901235 0.12037037037037
"cuoAmb" 0.164351851851852 0.185185185185185 0.166666666666667 0.276234567901235 0 0.159722222222222 0.168981481481481 0.167438271604938 0.183641975308642 0.16358024691358 0.165895061728395 0.184413580246914 0.1875 0.199074074074074 0.165895061728395 0.185956790123457 0.166666666666667
"cuoMcc" 0.00771604938271605 0.131172839506173 0.0115740740740741 0.121913580246914 0.159722222222222 0 0.0138888888888889 0.0138888888888889 0.029320987654321 0.00617283950617284 0.0100308641975309 0.029320987654321 0.0354938271604938 0.170524691358025 0.00925925925925926 0.0424382716049383 0.0100308641975309
"derCor" 0.0138888888888889 0.128086419753086 0.0108024691358025 0.125771604938272 0.168981481481481 0.0138888888888889 0 0.0154320987654321 0.0308641975308642 0.0138888888888889 0.0138888888888889 0.0324074074074074 0.0385802469135802 0.170524691358025 0.0138888888888889 0.0478395061728395 0.0138888888888889
"derMaw" 0.0154320987654321 0.132716049382716 0.0131172839506173 0.130401234567901 0.167438271604938 0.0138888888888889 0.0154320987654321 0 0.0308641975308642 0.0138888888888889 0.0146604938271605 0.0324074074074074 0.0347222222222222 0.17283950617284 0.0138888888888889 0.0432098765432099 0.0146604938271605
"emySub" 0.029320987654321 0.148148148148148 0.0270061728395062 0.142746913580247 0.183641975308642 0.029320987654321 0.0308641975308642 0.0308641975308642 0 0.025462962962963 0.0285493827160494 0.0115740740740741 0.0277777777777778 0.17283950617284 0.029320987654321 0.0416666666666667 0.0285493827160494
"gopAga" 0.00462962962962963 0.131172839506173 0.0115740740740741 0.123456790123457 0.16358024691358 0.00617283950617284 0.0138888888888889 0.0138888888888889 0.025462962962963 0 0.0100308641975309 0.0270061728395062 0.033179012345679 0.169753086419753 0.00925925925925926 0.0424382716049383 0.0100308641975309
"malTer" 0.0115740740740741 0.130401234567901 0.0123456790123457 0.117283950617284 0.165895061728395 0.0100308641975309 0.0138888888888889 0.0146604938271605 0.0285493827160494 0.0100308641975309 0 0.0300925925925926 0.0347222222222222 0.16820987654321 0.0100308641975309 0.0432098765432099 0.00694444444444444
"mesTub" 0.0308641975308642 0.150462962962963 0.0285493827160494 0.141975308641975 0.184413580246914 0.029320987654321 0.0324074074074074 0.0324074074074074 0.0115740740740741 0.0270061728395062 0.0300925925925926 0 0.0300925925925926 0.173611111111111 0.0308641975308642 0.0432098765432099 0.0300925925925926
"pelCas" 0.0354938271604938 0.152777777777778 0.0347222222222222 0.145833333333333 0.1875 0.0354938271604938 0.0385802469135802 0.0347222222222222 0.0277777777777778 0.033179012345679 0.0347222222222222 0.0300925925925926 0 0.178240740740741 0.0354938271604938 0.0324074074074074 0.0339506172839506
"pelSin" 0.170524691358025 0.184413580246914 0.167438271604938 0.278549382716049 0.199074074074074 0.170524691358025 0.170524691358025 0.17283950617284 0.17283950617284 0.169753086419753 0.16820987654321 0.173611111111111 0.178240740740741 0 0.171296296296296 0.190586419753086 0.169753086419753
"plaMeg" 0.0108024691358025 0.131172839506173 0.0115740740740741 0.122685185185185 0.165895061728395 0.00925925925925926 0.0138888888888889 0.0138888888888889 0.029320987654321 0.00925925925925926 0.0100308641975309 0.0308641975308642 0.0354938271604938 0.171296296296296 0 0.0447530864197531 0.0100308641975309
"podExp" 0.0447530864197531 0.161265432098765 0.0439814814814815 0.151234567901235 0.185956790123457 0.0424382716049383 0.0478395061728395 0.0432098765432099 0.0416666666666667 0.0424382716049383 0.0432098765432099 0.0432098765432099 0.0324074074074074 0.190586419753086 0.0447530864197531 0 0.0432098765432099
"terMex" 0.0115740740740741 0.131944444444444 0.0123456790123457 0.12037037037037 0.166666666666667 0.0100308641975309 0.0138888888888889 0.0146604938271605 0.0285493827160494 0.0100308641975309 0.00694444444444444 0.0300925925925926 0.0339506172839506 0.169753086419753 0.0100308641975309 0.0432098765432099 0
