"carIns" "cheAbi" "cheMyd" "cheSer" "chrPic" "cuoAmb" "cuoMcc" "derMaw" "emySub" "gopAga" "malTer" "mesTub" "pelCas" "plaMeg" "podExp" "terMex"
"carIns" 0 0.0578723404255319 0.0536170212765957 0.11063829787234 0.0561702127659574 0.0570212765957447 0.0561702127659574 0.0638297872340425 0.0570212765957447 0.11063829787234 0.0570212765957447 0.0595744680851064 0.0672340425531915 0.0646808510638298 0.0748936170212766 0.0553191489361702
"cheAbi" 0.0578723404255319 0 0.0153191489361702 0.0748936170212766 0.014468085106383 0.0119148936170213 0.00936170212765958 0.0519148936170213 0.0263829787234043 0.0697872340425532 0.0127659574468085 0.0263829787234043 0.0348936170212766 0.04 0.0451063829787234 0.0127659574468085
"cheMyd" 0.0536170212765957 0.0153191489361702 0 0.0672340425531915 0.0127659574468085 0.0119148936170213 0.011063829787234 0.0485106382978723 0.0246808510638298 0.0697872340425532 0.011063829787234 0.0229787234042553 0.0314893617021277 0.0382978723404255 0.0417021276595745 0.011063829787234
"cheSer" 0.11063829787234 0.0748936170212766 0.0672340425531915 0 0.0697872340425532 0.0723404255319149 0.0697872340425532 0.105531914893617 0.0817021276595745 0.0280851063829787 0.0680851063829787 0.08 0.0859574468085106 0.0987234042553192 0.0987234042553192 0.068936170212766
"chrPic" 0.0561702127659574 0.014468085106383 0.0127659574468085 0.0697872340425532 0 0.011063829787234 0.00851063829787234 0.051063829787234 0.025531914893617 0.0706382978723404 0.00170212765957447 0.0238297872340426 0.0340425531914894 0.0357446808510638 0.0425531914893617 0.0051063829787234
"cuoAmb" 0.0570212765957447 0.0119148936170213 0.0119148936170213 0.0723404255319149 0.011063829787234 0 0.00425531914893617 0.0502127659574468 0.0246808510638298 0.0663829787234042 0.00936170212765958 0.0246808510638298 0.0331914893617021 0.0365957446808511 0.0434042553191489 0.00936170212765958
"cuoMcc" 0.0561702127659574 0.00936170212765958 0.011063829787234 0.0697872340425532 0.00851063829787234 0.00425531914893617 0 0.0459574468085106 0.0221276595744681 0.065531914893617 0.00680851063829787 0.0221276595744681 0.0306382978723404 0.0340425531914894 0.0408510638297872 0.00680851063829787
"derMaw" 0.0638297872340425 0.0519148936170213 0.0485106382978723 0.105531914893617 0.051063829787234 0.0502127659574468 0.0459574468085106 0 0.0570212765957447 0.108085106382979 0.0493617021276596 0.0553191489361702 0.065531914893617 0.0536170212765957 0.0714893617021277 0.0493617021276596
"emySub" 0.0570212765957447 0.0263829787234043 0.0246808510638298 0.0817021276595745 0.025531914893617 0.0246808510638298 0.0221276595744681 0.0570212765957447 0 0.0825531914893617 0.0238297872340426 0.00680851063829787 0.0229787234042553 0.051063829787234 0.0297872340425532 0.0238297872340426
"gopAga" 0.11063829787234 0.0697872340425532 0.0697872340425532 0.0280851063829787 0.0706382978723404 0.0663829787234042 0.065531914893617 0.108085106382979 0.0825531914893617 0 0.068936170212766 0.0808510638297872 0.0885106382978723 0.0953191489361702 0.0987234042553192 0.068936170212766
"malTer" 0.0570212765957447 0.0127659574468085 0.011063829787234 0.0680851063829787 0.00170212765957447 0.00936170212765958 0.00680851063829787 0.0493617021276596 0.0238297872340426 0.068936170212766 0 0.0221276595744681 0.0323404255319149 0.0340425531914894 0.0425531914893617 0.00340425531914894
"mesTub" 0.0595744680851064 0.0263829787234043 0.0229787234042553 0.08 0.0238297872340426 0.0246808510638298 0.0221276595744681 0.0553191489361702 0.00680851063829787 0.0808510638297872 0.0221276595744681 0 0.0229787234042553 0.0476595744680851 0.0323404255319149 0.0221276595744681
"pelCas" 0.0672340425531915 0.0348936170212766 0.0314893617021277 0.0859574468085106 0.0340425531914894 0.0331914893617021 0.0306382978723404 0.065531914893617 0.0229787234042553 0.0885106382978723 0.0323404255319149 0.0229787234042553 0 0.0578723404255319 0.0331914893617021 0.0323404255319149
"plaMeg" 0.0646808510638298 0.04 0.0382978723404255 0.0987234042553192 0.0357446808510638 0.0365957446808511 0.0340425531914894 0.0536170212765957 0.051063829787234 0.0953191489361702 0.0340425531914894 0.0476595744680851 0.0578723404255319 0 0.065531914893617 0.0340425531914894
"podExp" 0.0748936170212766 0.0451063829787234 0.0417021276595745 0.0987234042553192 0.0425531914893617 0.0434042553191489 0.0408510638297872 0.0714893617021277 0.0297872340425532 0.0987234042553192 0.0425531914893617 0.0323404255319149 0.0331914893617021 0.065531914893617 0 0.0425531914893617
"terMex" 0.0553191489361702 0.0127659574468085 0.011063829787234 0.068936170212766 0.0051063829787234 0.00936170212765958 0.00680851063829787 0.0493617021276596 0.0238297872340426 0.068936170212766 0.00340425531914894 0.0221276595744681 0.0323404255319149 0.0340425531914894 0.0425531914893617 0
