"carIns" "cheAbi" "cheMyd" "cheSer" "chrPic" "cuoAmb" "cuoMcc" "derCor" "derMaw" "emySub" "gopAga" "malTer" "mesTub" "pelCas" "pelSin" "plaMeg" "podExp" "terMex"
"carIns" 0 0.0701650943396226 0.0713443396226415 0.0663325471698113 0.0669221698113208 0.064563679245283 0.0625 0.0763561320754717 0.078125 0.0757665094339623 0.0675117924528302 0.0657429245283019 0.073997641509434 0.0828419811320755 0.0969929245283019 0.0651533018867925 0.0984669811320755 0.0651533018867925
"cheAbi" 0.0701650943396226 0 0.0409787735849057 0.0395047169811321 0.0309551886792453 0.0235849056603774 0.0253537735849057 0.0483490566037736 0.0495283018867925 0.0598466981132075 0.0191627358490566 0.029186320754717 0.0627948113207547 0.0728183962264151 0.0955188679245283 0.0297759433962264 0.0863797169811321 0.0283018867924528
"cheMyd" 0.0713443396226415 0.0409787735849057 0 0.0356721698113208 0.0318396226415094 0.033313679245283 0.0347877358490566 0.0170990566037736 0.0483490566037736 0.0568985849056604 0.0389150943396226 0.0324292452830189 0.058372641509434 0.0704599056603774 0.0975825471698113 0.0327240566037736 0.0860849056603774 0.0300707547169811
"cheSer" 0.0663325471698113 0.0395047169811321 0.0356721698113208 0 0.0321344339622642 0.0309551886792453 0.0303655660377358 0.0409787735849057 0.0409787735849057 0.0542452830188679 0.0336084905660377 0.0303655660377358 0.0533608490566038 0.0686910377358491 0.0922759433962264 0.0277122641509434 0.0875589622641509 0.027122641509434
"chrPic" 0.0669221698113208 0.0309551886792453 0.0318396226415094 0.0321344339622642 0 0.0229952830188679 0.0227004716981132 0.0400943396226415 0.0456957547169811 0.0530660377358491 0.0274174528301887 0.00737028301886792 0.0539504716981132 0.0675117924528302 0.0908018867924528 0.0218160377358491 0.0863797169811321 0.0132665094339623
"cuoAmb" 0.064563679245283 0.0235849056603774 0.033313679245283 0.0309551886792453 0.0229952830188679 0 0.00825471698113208 0.0389150943396226 0.0439268867924528 0.0539504716981132 0.0188679245283019 0.0209316037735849 0.0539504716981132 0.0695754716981132 0.089622641509434 0.0215212264150943 0.0863797169811321 0.0188679245283019
"cuoMcc" 0.0625 0.0253537735849057 0.0347877358490566 0.0303655660377358 0.0227004716981132 0.00825471698113208 0 0.0406839622641509 0.0442216981132075 0.0533608490566038 0.0200471698113208 0.0212264150943396 0.0536556603773585 0.0686910377358491 0.0884433962264151 0.0212264150943396 0.0869693396226415 0.0185731132075472
"derCor" 0.0763561320754717 0.0483490566037736 0.0170990566037736 0.0409787735849057 0.0400943396226415 0.0389150943396226 0.0406839622641509 0 0.0542452830188679 0.0633844339622641 0.044811320754717 0.0392099056603774 0.0619103773584906 0.076061320754717 0.100530660377358 0.0389150943396226 0.0854952830188679 0.0368514150943396
"derMaw" 0.078125 0.0495283018867925 0.0483490566037736 0.0409787735849057 0.0456957547169811 0.0439268867924528 0.0442216981132075 0.0542452830188679 0 0.0654481132075472 0.0456957547169811 0.0430424528301887 0.064563679245283 0.0810731132075472 0.10377358490566 0.0415683962264151 0.095813679245283 0.0412735849056604
"emySub" 0.0757665094339623 0.0598466981132075 0.0568985849056604 0.0542452830188679 0.0530660377358491 0.0539504716981132 0.0533608490566038 0.0633844339622641 0.0654481132075472 0 0.0580778301886792 0.0518867924528302 0.0297759433962264 0.0589622641509434 0.0972877358490566 0.0495283018867925 0.078125 0.0507075471698113
"gopAga" 0.0675117924528302 0.0191627358490566 0.0389150943396226 0.0336084905660377 0.0274174528301887 0.0188679245283019 0.0200471698113208 0.044811320754717 0.0456957547169811 0.0580778301886792 0 0.0256485849056604 0.0586674528301887 0.0698702830188679 0.0925707547169811 0.0265330188679245 0.0872641509433962 0.0238797169811321
"malTer" 0.0657429245283019 0.029186320754717 0.0324292452830189 0.0303655660377358 0.00737028301886792 0.0209316037735849 0.0212264150943396 0.0392099056603774 0.0430424528301887 0.0518867924528302 0.0256485849056604 0 0.0521816037735849 0.0654481132075472 0.089622641509434 0.0203419811320755 0.0869693396226415 0.0112028301886792
"mesTub" 0.073997641509434 0.0627948113207547 0.058372641509434 0.0533608490566038 0.0539504716981132 0.0539504716981132 0.0536556603773585 0.0619103773584906 0.064563679245283 0.0297759433962264 0.0586674528301887 0.0521816037735849 0 0.0622051886792453 0.0969929245283019 0.0530660377358491 0.0754716981132075 0.0515919811320755
"pelCas" 0.0828419811320755 0.0728183962264151 0.0704599056603774 0.0686910377358491 0.0675117924528302 0.0695754716981132 0.0686910377358491 0.076061320754717 0.0810731132075472 0.0589622641509434 0.0698702830188679 0.0654481132075472 0.0622051886792453 0 0.107900943396226 0.0630896226415094 0.064563679245283 0.0630896226415094
"pelSin" 0.0969929245283019 0.0955188679245283 0.0975825471698113 0.0922759433962264 0.0908018867924528 0.089622641509434 0.0884433962264151 0.100530660377358 0.10377358490566 0.0972877358490566 0.0925707547169811 0.089622641509434 0.0969929245283019 0.107900943396226 0 0.0881485849056604 0.126179245283019 0.0893278301886792
"plaMeg" 0.0651533018867925 0.0297759433962264 0.0327240566037736 0.0277122641509434 0.0218160377358491 0.0215212264150943 0.0212264150943396 0.0389150943396226 0.0415683962264151 0.0495283018867925 0.0265330188679245 0.0203419811320755 0.0530660377358491 0.0630896226415094 0.0881485849056604 0 0.0834316037735849 0.0173938679245283
"podExp" 0.0984669811320755 0.0863797169811321 0.0860849056603774 0.0875589622641509 0.0863797169811321 0.0863797169811321 0.0869693396226415 0.0854952830188679 0.095813679245283 0.078125 0.0872641509433962 0.0869693396226415 0.0754716981132075 0.064563679245283 0.126179245283019 0.0834316037735849 0 0.0834316037735849
"terMex" 0.0651533018867925 0.0283018867924528 0.0300707547169811 0.027122641509434 0.0132665094339623 0.0188679245283019 0.0185731132075472 0.0368514150943396 0.0412735849056604 0.0507075471698113 0.0238797169811321 0.0112028301886792 0.0515919811320755 0.0630896226415094 0.0893278301886792 0.0173938679245283 0.0834316037735849 0
