"carIns" "cheAbi" "cheMyd" "cheSer" "chrPic" "cuoAmb" "cuoMcc" "derMaw" "emySub" "gopAga" "malTer" "mesTub" "pelCas" "pelSin" "plaMeg" "podExp" "terMex"
"carIns" 0 0.136294416243655 0.130964467005076 0.130964467005076 0.129695431472081 0.131725888324873 0.131218274111675 0.14010152284264 0.141116751269036 0.137817258883249 0.166497461928934 0.144670050761421 0.237309644670051 0.186294416243655 0.130203045685279 0.238071065989848 0.128934010152284
"cheAbi" 0.136294416243655 0 0.0274111675126904 0.0266497461928934 0.0200507614213198 0.0157360406091371 0.0149746192893401 0.0380710659898477 0.0527918781725888 0.01751269035533 0.101015228426396 0.0576142131979695 0.163705583756345 0.121573604060914 0.0197969543147208 0.169543147208122 0.0187817258883249
"cheMyd" 0.130964467005076 0.0274111675126904 0 0.0192893401015228 0.0205583756345178 0.0256345177664975 0.0243654822335025 0.0304568527918782 0.0456852791878173 0.0317258883248731 0.101269035532995 0.0517766497461929 0.165228426395939 0.116751269035533 0.0192893401015228 0.168781725888325 0.0200507614213198
"cheSer" 0.130964467005076 0.0266497461928934 0.0192893401015228 0 0.0177664974619289 0.0241116751269036 0.0233502538071066 0.0291878172588832 0.0436548223350254 0.0299492385786802 0.0977157360406091 0.0484771573604061 0.160913705583756 0.112690355329949 0.017005076142132 0.165736040609137 0.0182741116751269
"chrPic" 0.129695431472081 0.0200507614213198 0.0205583756345178 0.0177664974619289 0 0.01751269035533 0.016243654822335 0.0299492385786802 0.0472081218274112 0.0238578680203046 0.0862944162436548 0.0522842639593909 0.163959390862944 0.115989847715736 0.0109137055837563 0.165736040609137 0.00558375634517766
"cuoAmb" 0.131725888324873 0.0157360406091371 0.0256345177664975 0.0241116751269036 0.01751269035533 0 0.00279187817258883 0.0360406091370558 0.0512690355329949 0.0203045685279188 0.0984771573604061 0.0563451776649746 0.163451776649746 0.117766497461929 0.016751269035533 0.170558375634518 0.017005076142132
"cuoMcc" 0.131218274111675 0.0149746192893401 0.0243654822335025 0.0233502538071066 0.016243654822335 0.00279187817258883 0 0.0352791878172589 0.0510152284263959 0.0190355329949239 0.0972081218274112 0.0555837563451777 0.163705583756345 0.11751269035533 0.015989847715736 0.169289340101523 0.016243654822335
"derMaw" 0.14010152284264 0.0380710659898477 0.0304568527918782 0.0291878172588832 0.0299492385786802 0.0360406091370558 0.0352791878172589 0 0.0555837563451777 0.0418781725888325 0.110406091370558 0.0611675126903553 0.169543147208122 0.123350253807107 0.0299492385786802 0.173604060913706 0.0299492385786802
"emySub" 0.141116751269036 0.0527918781725888 0.0456852791878173 0.0436548223350254 0.0472081218274112 0.0512690355329949 0.0510152284263959 0.0555837563451777 0 0.0568527918781726 0.123857868020305 0.0279187817258883 0.154060913705584 0.127664974619289 0.0454314720812183 0.160406091370558 0.0454314720812183
"gopAga" 0.137817258883249 0.01751269035533 0.0317258883248731 0.0299492385786802 0.0238578680203046 0.0203045685279188 0.0190355329949239 0.0418781725888325 0.0568527918781726 0 0.104822335025381 0.0614213197969543 0.165228426395939 0.120812182741117 0.0243654822335025 0.172842639593909 0.0228426395939086
"malTer" 0.166497461928934 0.101015228426396 0.101269035532995 0.0977157360406091 0.0862944162436548 0.0984771573604061 0.0972081218274112 0.110406091370558 0.123857868020305 0.104822335025381 0 0.128426395939086 0.239593908629442 0.188578680203046 0.0918781725888325 0.24010152284264 0.0880710659898477
"mesTub" 0.144670050761421 0.0576142131979695 0.0517766497461929 0.0484771573604061 0.0522842639593909 0.0563451776649746 0.0555837563451777 0.0611675126903553 0.0279187817258883 0.0614213197969543 0.128426395939086 0 0.152791878172589 0.126395939086294 0.0510152284263959 0.159644670050761 0.050761421319797
"pelCas" 0.237309644670051 0.163705583756345 0.165228426395939 0.160913705583756 0.163959390862944 0.163451776649746 0.163705583756345 0.169543147208122 0.154060913705584 0.165228426395939 0.239593908629442 0.152791878172589 0 0.194670050761421 0.161167512690355 0.141878172588832 0.162944162436548
"pelSin" 0.186294416243655 0.121573604060914 0.116751269035533 0.112690355329949 0.115989847715736 0.117766497461929 0.11751269035533 0.123350253807107 0.127664974619289 0.120812182741117 0.188578680203046 0.126395939086294 0.194670050761421 0 0.113451776649746 0.198223350253807 0.114720812182741
"plaMeg" 0.130203045685279 0.0197969543147208 0.0192893401015228 0.017005076142132 0.0109137055837563 0.016751269035533 0.015989847715736 0.0299492385786802 0.0454314720812183 0.0243654822335025 0.0918781725888325 0.0510152284263959 0.161167512690355 0.113451776649746 0 0.165736040609137 0.0098984771573604
"podExp" 0.238071065989848 0.169543147208122 0.168781725888325 0.165736040609137 0.165736040609137 0.170558375634518 0.169289340101523 0.173604060913706 0.160406091370558 0.172842639593909 0.24010152284264 0.159644670050761 0.141878172588832 0.198223350253807 0.165736040609137 0 0.16497461928934
"terMex" 0.128934010152284 0.0187817258883249 0.0200507614213198 0.0182741116751269 0.00558375634517766 0.017005076142132 0.016243654822335 0.0299492385786802 0.0454314720812183 0.0228426395939086 0.0880710659898477 0.050761421319797 0.162944162436548 0.114720812182741 0.0098984771573604 0.16497461928934 0
