"carIns" "cheAbi" "cheMyd" "cheSer" "chrPic" "cuoMcc" "derCor" "derMaw" "emySub" "gopAga" "pelCas" "pelSin" "plaMeg" "podExp"
"carIns" 0 0.423131170662906 0.221438645980254 0.47672778561354 0.483779971791255 0.43441466854725 0.464033850493653 0.431593794076164 0.444287729196051 0.435825105782793 0.495063469675599 0.46262341325811 0.43441466854725 0.441466854724965
"cheAbi" 0.423131170662906 0 0.459802538787024 0.122708039492243 0.44851904090268 0.0239774330042313 0.122708039492243 0.0267983074753173 0.0606488011283498 0.417489421720733 0.181946403385049 0.153737658674189 0.0239774330042313 0.076163610719323
"cheMyd" 0.221438645980254 0.459802538787024 0 0.510578279266573 0.485190409026798 0.46262341325811 0.496473906911142 0.461212976022567 0.471086036671368 0.454160789844852 0.527503526093089 0.488011283497884 0.464033850493653 0.472496473906911
"cheSer" 0.47672778561354 0.122708039492243 0.510578279266573 0 0.497884344146685 0.115655853314528 0.132581100141044 0.111424541607898 0.14950634696756 0.459802538787024 0.187588152327221 0.155148095909732 0.110014104372355 0.155148095909732
"chrPic" 0.483779971791255 0.44851904090268 0.485190409026798 0.497884344146685 0 0.452750352609309 0.499294781382228 0.449929478138223 0.464033850493653 0.169252468265162 0.502115655853315 0.499294781382228 0.44851904090268 0.461212976022567
"cuoMcc" 0.43441466854725 0.0239774330042313 0.46262341325811 0.115655853314528 0.452750352609309 0 0.114245416078984 0.0239774330042313 0.0620592383638928 0.417489421720733 0.174894217207334 0.155148095909732 0.0169252468265162 0.073342736248237
"derCor" 0.464033850493653 0.122708039492243 0.496473906911142 0.132581100141044 0.499294781382228 0.114245416078984 0 0.110014104372355 0.142454160789845 0.464033850493653 0.200282087447109 0.170662905500705 0.111424541607898 0.152327221438646
"derMaw" 0.431593794076164 0.0267983074753173 0.461212976022567 0.111424541607898 0.449929478138223 0.0239774330042313 0.110014104372355 0 0.0606488011283498 0.418899858956276 0.173483779971791 0.155148095909732 0.0211565585331453 0.073342736248237
"emySub" 0.444287729196051 0.0606488011283498 0.471086036671368 0.14950634696756 0.464033850493653 0.0620592383638928 0.142454160789845 0.0606488011283498 0 0.421720733427362 0.159379407616361 0.159379407616361 0.0578279266572638 0.0592383638928068
"gopAga" 0.435825105782793 0.417489421720733 0.454160789844852 0.459802538787024 0.169252468265162 0.417489421720733 0.464033850493653 0.418899858956276 0.421720733427362 0 0.478138222849083 0.464033850493653 0.413258110014104 0.42031029619182
"pelCas" 0.495063469675599 0.181946403385049 0.527503526093089 0.187588152327221 0.502115655853315 0.174894217207334 0.200282087447109 0.173483779971791 0.159379407616361 0.478138222849083 0 0.212976022566996 0.170662905500705 0.160789844851904
"pelSin" 0.46262341325811 0.153737658674189 0.488011283497884 0.155148095909732 0.499294781382228 0.155148095909732 0.170662905500705 0.155148095909732 0.159379407616361 0.464033850493653 0.212976022566996 0 0.150916784203103 0.17771509167842
"plaMeg" 0.43441466854725 0.0239774330042313 0.464033850493653 0.110014104372355 0.44851904090268 0.0169252468265162 0.111424541607898 0.0211565585331453 0.0578279266572638 0.413258110014104 0.170662905500705 0.150916784203103 0 0.0691114245416079
"podExp" 0.441466854724965 0.076163610719323 0.472496473906911 0.155148095909732 0.461212976022567 0.073342736248237 0.152327221438646 0.073342736248237 0.0592383638928068 0.42031029619182 0.160789844851904 0.17771509167842 0.0691114245416079 0
