"carIns" "cheAbi" "cheMyd" "cheSer" "chrPic" "cuoAmb" "cuoMcc" "derCor" "derMaw" "emySub" "gopAga" "malTer" "mesTub" "pelCas" "pelSin" "plaMeg" "podExp" "terMex"
"carIns" 0 0.208685162846803 0.20627261761158 0.203860072376357 0.209891435464415 0.205066344993969 0.203860072376357 0.200241254523522 0.20627261761158 0.230398069963812 0.209891435464415 0.208685162846803 0.235223160434258 0.281061519903498 0.20627261761158 0.202653799758745 0.234016887816647 0.211097708082027
"cheAbi" 0.208685162846803 0 0.0253317249698432 0.0193003618817853 0.0180940892641737 0.0156815440289505 0.0120627261761158 0.0265379975874548 0.0241254523522316 0.0627261761158022 0.0168878166465621 0.0217129071170084 0.0675512665862485 0.166465621230398 0.0663449939686369 0.0168878166465621 0.0784077201447527 0.0193003618817853
"cheMyd" 0.20627261761158 0.0253317249698432 0 0.0241254523522316 0.0241254523522316 0.0168878166465621 0.0156815440289505 0.0193003618817853 0.0277442702050663 0.0579010856453559 0.0301568154402895 0.02291917973462 0.0615199034981906 0.166465621230398 0.060313630880579 0.0241254523522316 0.0796139927623643 0.0289505428226779
"cheSer" 0.203860072376357 0.0193003618817853 0.0241254523522316 0 0.02291917973462 0.0193003618817853 0.0180940892641737 0.0217129071170084 0.0241254523522316 0.0579010856453559 0.0265379975874548 0.0253317249698432 0.0639324487334137 0.162846803377563 0.0615199034981906 0.0180940892641737 0.074788902291918 0.0217129071170084
"chrPic" 0.209891435464415 0.0180940892641737 0.0241254523522316 0.02291917973462 0 0.0168878166465621 0.0156815440289505 0.0253317249698432 0.0253317249698432 0.0675512665862485 0.0241254523522316 0.00844390832328106 0.0723763570566948 0.173703256936068 0.0651387213510253 0.0180940892641737 0.0844390832328106 0.0156815440289505
"cuoAmb" 0.205066344993969 0.0156815440289505 0.0168878166465621 0.0193003618817853 0.0168878166465621 0 0.00361881785283474 0.0217129071170084 0.0205066344993969 0.060313630880579 0.0205066344993969 0.0132689987937274 0.0639324487334137 0.16767189384801 0.060313630880579 0.014475271411339 0.074788902291918 0.0193003618817853
"cuoMcc" 0.203860072376357 0.0120627261761158 0.0156815440289505 0.0180940892641737 0.0156815440289505 0.00361881785283474 0 0.0205066344993969 0.0193003618817853 0.0591073582629674 0.0193003618817853 0.0120627261761158 0.0627261761158022 0.164053075995175 0.0591073582629674 0.0132689987937274 0.0759951749095295 0.0180940892641737
"derCor" 0.200241254523522 0.0265379975874548 0.0193003618817853 0.0217129071170084 0.0253317249698432 0.0217129071170084 0.0205066344993969 0 0.0265379975874548 0.0627261761158022 0.0313630880579011 0.0277442702050663 0.0675512665862485 0.165259348612786 0.0615199034981906 0.0217129071170084 0.0735826296743064 0.0265379975874548
"derMaw" 0.20627261761158 0.0241254523522316 0.0277442702050663 0.0241254523522316 0.0253317249698432 0.0205066344993969 0.0193003618817853 0.0265379975874548 0 0.0627261761158022 0.0289505428226779 0.0241254523522316 0.0663449939686369 0.168878166465621 0.0627261761158022 0.0217129071170084 0.0796139927623643 0.0253317249698432
"emySub" 0.230398069963812 0.0627261761158022 0.0579010856453559 0.0579010856453559 0.0675512665862485 0.060313630880579 0.0591073582629674 0.0627261761158022 0.0627261761158022 0 0.0723763570566948 0.0627261761158022 0.0301568154402895 0.159227985524729 0.0808202653799759 0.0639324487334137 0.0651387213510253 0.0651387213510253
"gopAga" 0.209891435464415 0.0168878166465621 0.0301568154402895 0.0265379975874548 0.0241254523522316 0.0205066344993969 0.0193003618817853 0.0313630880579011 0.0289505428226779 0.0723763570566948 0 0.0265379975874548 0.074788902291918 0.176115802171291 0.0699638118214717 0.0217129071170084 0.083232810615199 0.0265379975874548
"malTer" 0.208685162846803 0.0217129071170084 0.02291917973462 0.0253317249698432 0.00844390832328106 0.0132689987937274 0.0120627261761158 0.0277442702050663 0.0241254523522316 0.0627261761158022 0.0265379975874548 0 0.0687575392038601 0.173703256936068 0.0639324487334137 0.0180940892641737 0.083232810615199 0.0156815440289505
"mesTub" 0.235223160434258 0.0675512665862485 0.0615199034981906 0.0639324487334137 0.0723763570566948 0.0639324487334137 0.0627261761158022 0.0675512665862485 0.0663449939686369 0.0301568154402895 0.074788902291918 0.0687575392038601 0 0.165259348612786 0.0808202653799759 0.0687575392038601 0.0687575392038601 0.0723763570566948
"pelCas" 0.281061519903498 0.166465621230398 0.166465621230398 0.162846803377563 0.173703256936068 0.16767189384801 0.164053075995175 0.165259348612786 0.168878166465621 0.159227985524729 0.176115802171291 0.173703256936068 0.165259348612786 0 0.180940892641737 0.165259348612786 0.172496984318456 0.172496984318456
"pelSin" 0.20627261761158 0.0663449939686369 0.060313630880579 0.0615199034981906 0.0651387213510253 0.060313630880579 0.0591073582629674 0.0615199034981906 0.0627261761158022 0.0808202653799759 0.0699638118214717 0.0639324487334137 0.0808202653799759 0.180940892641737 0 0.0651387213510253 0.100120627261761 0.0711700844390832
"plaMeg" 0.202653799758745 0.0168878166465621 0.0241254523522316 0.0180940892641737 0.0180940892641737 0.014475271411339 0.0132689987937274 0.0217129071170084 0.0217129071170084 0.0639324487334137 0.0217129071170084 0.0180940892641737 0.0687575392038601 0.165259348612786 0.0651387213510253 0 0.074788902291918 0.014475271411339
"podExp" 0.234016887816647 0.0784077201447527 0.0796139927623643 0.074788902291918 0.0844390832328106 0.074788902291918 0.0759951749095295 0.0735826296743064 0.0796139927623643 0.0651387213510253 0.083232810615199 0.083232810615199 0.0687575392038601 0.172496984318456 0.100120627261761 0.074788902291918 0 0.0796139927623643
"terMex" 0.211097708082027 0.0193003618817853 0.0289505428226779 0.0217129071170084 0.0156815440289505 0.0193003618817853 0.0180940892641737 0.0265379975874548 0.0253317249698432 0.0651387213510253 0.0265379975874548 0.0156815440289505 0.0723763570566948 0.172496984318456 0.0711700844390832 0.014475271411339 0.0796139927623643 0
