"carIns" "cheAbi" "cheMyd" "cheSer" "chrPic" "derCor" "derMaw" "emySub" "gopAga" "malTer" "mesTub" "pelCas" "pelSin" "plaMeg" "podExp"
"carIns" 0 0.0952380952380952 0.0884353741496599 0.0816326530612245 0.0857142857142857 0.0884353741496599 0.100680272108844 0.0979591836734694 0.0897959183673469 0.0884353741496599 0.106122448979592 0.119727891156463 0.102040816326531 0.0816326530612245 0.104761904761905
"cheAbi" 0.0952380952380952 0 0.0408163265306122 0.0340136054421769 0.0258503401360544 0.0530612244897959 0.054421768707483 0.0693877551020408 0.019047619047619 0.0285714285714286 0.0748299319727891 0.0952380952380952 0.0925170068027211 0.0285714285714286 0.0952380952380952
"cheMyd" 0.0884353741496599 0.0408163265306122 0 0.0326530612244898 0.0285714285714286 0.0299319727891156 0.0462585034013605 0.0666666666666667 0.0299319727891156 0.0312925170068027 0.0693877551020408 0.0952380952380952 0.0884353741496599 0.0312925170068027 0.091156462585034
"cheSer" 0.0816326530612245 0.0340136054421769 0.0326530612244898 0 0.0244897959183673 0.0408163265306122 0.0421768707482993 0.0598639455782313 0.0272108843537415 0.0272108843537415 0.0653061224489796 0.091156462585034 0.0816326530612245 0.0272108843537415 0.0897959183673469
"chrPic" 0.0857142857142857 0.0258503401360544 0.0285714285714286 0.0244897959183673 0 0.035374149659864 0.0394557823129252 0.0571428571428571 0.0163265306122449 0.00272108843537415 0.0639455782312925 0.0843537414965986 0.0802721088435374 0.0136054421768707 0.0829931972789116
"derCor" 0.0884353741496599 0.0530612244897959 0.0299319727891156 0.0408163265306122 0.035374149659864 0 0.0557823129251701 0.0639455782312925 0.0408163265306122 0.0380952380952381 0.0693877551020408 0.0938775510204082 0.0870748299319728 0.0299319727891156 0.0897959183673469
"derMaw" 0.100680272108844 0.054421768707483 0.0462585034013605 0.0421768707482993 0.0394557823129252 0.0557823129251701 0 0.073469387755102 0.0421768707482993 0.0421768707482993 0.0816326530612245 0.102040816326531 0.0925170068027211 0.0421768707482993 0.104761904761905
"emySub" 0.0979591836734694 0.0693877551020408 0.0666666666666667 0.0598639455782313 0.0571428571428571 0.0639455782312925 0.073469387755102 0 0.0612244897959184 0.0585034013605442 0.0299319727891156 0.072108843537415 0.0938775510204082 0.0489795918367347 0.0789115646258503
"gopAga" 0.0897959183673469 0.019047619047619 0.0299319727891156 0.0272108843537415 0.0163265306122449 0.0408163265306122 0.0421768707482993 0.0612244897959184 0 0.019047619047619 0.0680272108843537 0.0884353741496599 0.0829931972789116 0.019047619047619 0.0884353741496599
"malTer" 0.0884353741496599 0.0285714285714286 0.0312925170068027 0.0272108843537415 0.00272108843537415 0.0380952380952381 0.0421768707482993 0.0585034013605442 0.019047619047619 0 0.0653061224489796 0.0857142857142857 0.0829931972789116 0.0163265306122449 0.0829931972789116
"mesTub" 0.106122448979592 0.0748299319727891 0.0693877551020408 0.0653061224489796 0.0639455782312925 0.0693877551020408 0.0816326530612245 0.0299319727891156 0.0680272108843537 0.0653061224489796 0 0.0802721088435374 0.0925170068027211 0.0557823129251701 0.0829931972789116
"pelCas" 0.119727891156463 0.0952380952380952 0.0952380952380952 0.091156462585034 0.0843537414965986 0.0938775510204082 0.102040816326531 0.072108843537415 0.0884353741496599 0.0857142857142857 0.0802721088435374 0 0.114285714285714 0.0748299319727891 0.0625850340136054
"pelSin" 0.102040816326531 0.0925170068027211 0.0884353741496599 0.0816326530612245 0.0802721088435374 0.0870748299319728 0.0925170068027211 0.0938775510204082 0.0829931972789116 0.0829931972789116 0.0925170068027211 0.114285714285714 0 0.072108843537415 0.107482993197279
"plaMeg" 0.0816326530612245 0.0285714285714286 0.0312925170068027 0.0272108843537415 0.0136054421768707 0.0299319727891156 0.0421768707482993 0.0489795918367347 0.019047619047619 0.0163265306122449 0.0557823129251701 0.0748299319727891 0.072108843537415 0 0.0748299319727891
"podExp" 0.104761904761905 0.0952380952380952 0.091156462585034 0.0897959183673469 0.0829931972789116 0.0897959183673469 0.104761904761905 0.0789115646258503 0.0884353741496599 0.0829931972789116 0.0829931972789116 0.0625850340136054 0.107482993197279 0.0748299319727891 0
