"carIns" "cheAbi" "cheMyd" "cheSer" "chrPic" "cuoAmb" "cuoMcc" "derMaw" "emySub" "gopAga" "malTer" "mesTub" "pelCas" "pelSin" "plaMeg" "podExp" "terMex"
"carIns" 0 0.0977635782747604 0.0968051118210863 0.089776357827476 0.0932907348242811 0.100638977635783 0.0971246006389776 0.10223642172524 0.111821086261981 0.113418530351438 0.0961661341853035 0.11405750798722 0.126517571884984 0.10926517571885 0.0910543130990415 0.128115015974441 0.0907348242811502
"cheAbi" 0.0977635782747604 0 0.0488817891373802 0.0431309904153355 0.034185303514377 0.0335463258785942 0.0300319488817891 0.0565495207667732 0.0849840255591054 0.0370607028753994 0.0386581469648562 0.0869009584664537 0.101916932907348 0.0968051118210863 0.0335463258785942 0.0996805111821086 0.034185303514377
"cheMyd" 0.0968051118210863 0.0488817891373802 0 0.0389776357827476 0.0421725239616613 0.0472843450479233 0.0453674121405751 0.0530351437699681 0.0849840255591054 0.0661341853035144 0.0463258785942492 0.087220447284345 0.101597444089457 0.0971246006389776 0.0345047923322684 0.1 0.0376996805111821
"cheSer" 0.089776357827476 0.0431309904153355 0.0389776357827476 0 0.0370607028753994 0.044408945686901 0.0412140575079872 0.046964856230032 0.081150159744409 0.0623003194888179 0.0408945686900958 0.0840255591054313 0.094888178913738 0.094888178913738 0.0325878594249201 0.0958466453674121 0.0338658146964856
"chrPic" 0.0932907348242811 0.034185303514377 0.0421725239616613 0.0370607028753994 0 0.036741214057508 0.0335463258785942 0.0523961661341853 0.0817891373801917 0.0543130990415335 0.00830670926517572 0.0843450479233227 0.0971246006389776 0.0952076677316294 0.0230031948881789 0.0958466453674121 0.0140575079872204
"cuoAmb" 0.100638977635783 0.0335463258785942 0.0472843450479233 0.044408945686901 0.036741214057508 0 0.00798722044728434 0.0616613418530351 0.092332268370607 0.0492012779552716 0.0402555910543131 0.092332268370607 0.106389776357827 0.0987220447284345 0.0351437699680511 0.104792332268371 0.0351437699680511
"cuoMcc" 0.0971246006389776 0.0300319488817891 0.0453674121405751 0.0412140575079872 0.0335463258785942 0.00798722044728434 0 0.0578274760383387 0.0878594249201278 0.0463258785942492 0.0383386581469649 0.0875399361022364 0.102875399361022 0.097444089456869 0.0325878594249201 0.1 0.0332268370607029
"derMaw" 0.10223642172524 0.0565495207667732 0.0530351437699681 0.046964856230032 0.0523961661341853 0.0616613418530351 0.0578274760383387 0 0.0929712460063898 0.0744408945686901 0.05814696485623 0.0916932907348243 0.107348242811502 0.106709265175719 0.0482428115015974 0.105750798722045 0.0501597444089457
"emySub" 0.111821086261981 0.0849840255591054 0.0849840255591054 0.081150159744409 0.0817891373801917 0.092332268370607 0.0878594249201278 0.0929712460063898 0 0.105111821086262 0.0843450479233227 0.0408945686900958 0.076038338658147 0.119808306709265 0.081150159744409 0.0779552715654952 0.081150159744409
"gopAga" 0.113418530351438 0.0370607028753994 0.0661341853035144 0.0623003194888179 0.0543130990415335 0.0492012779552716 0.0463258785942492 0.0744408945686901 0.105111821086262 0 0.0584664536741214 0.107348242811502 0.1185303514377 0.112140575079872 0.0501597444089457 0.118210862619808 0.0523961661341853
"malTer" 0.0961661341853035 0.0386581469648562 0.0463258785942492 0.0408945686900958 0.00830670926517572 0.0402555910543131 0.0383386581469649 0.05814696485623 0.0843450479233227 0.0584664536741214 0 0.0881789137380192 0.100319488817891 0.0984025559105431 0.0274760383386581 0.0996805111821086 0.0182108626198083
"mesTub" 0.11405750798722 0.0869009584664537 0.087220447284345 0.0840255591054313 0.0843450479233227 0.092332268370607 0.0875399361022364 0.0916932907348243 0.0408945686900958 0.107348242811502 0.0881789137380192 0 0.0769968051118211 0.117252396166134 0.0827476038338658 0.0821086261980831 0.0830670926517572
"pelCas" 0.126517571884984 0.101916932907348 0.101597444089457 0.094888178913738 0.0971246006389776 0.106389776357827 0.102875399361022 0.107348242811502 0.076038338658147 0.1185303514377 0.100319488817891 0.0769968051118211 0 0.129392971246006 0.0971246006389776 0.0712460063897764 0.094888178913738
"pelSin" 0.10926517571885 0.0968051118210863 0.0971246006389776 0.094888178913738 0.0952076677316294 0.0987220447284345 0.097444089456869 0.106709265175719 0.119808306709265 0.112140575079872 0.0984025559105431 0.117252396166134 0.129392971246006 0 0.0939297124600639 0.126198083067093 0.0920127795527157
"plaMeg" 0.0910543130990415 0.0335463258785942 0.0345047923322684 0.0325878594249201 0.0230031948881789 0.0351437699680511 0.0325878594249201 0.0482428115015974 0.081150159744409 0.0501597444089457 0.0274760383386581 0.0827476038338658 0.0971246006389776 0.0939297124600639 0 0.0977635782747604 0.0194888178913738
"podExp" 0.128115015974441 0.0996805111821086 0.1 0.0958466453674121 0.0958466453674121 0.104792332268371 0.1 0.105750798722045 0.0779552715654952 0.118210862619808 0.0996805111821086 0.0821086261980831 0.0712460063897764 0.126198083067093 0.0977635782747604 0 0.0942492012779553
"terMex" 0.0907348242811502 0.034185303514377 0.0376996805111821 0.0338658146964856 0.0140575079872204 0.0351437699680511 0.0332268370607029 0.0501597444089457 0.081150159744409 0.0523961661341853 0.0182108626198083 0.0830670926517572 0.094888178913738 0.0920127795527157 0.0194888178913738 0.0942492012779553 0
