"carIns" "cheAbi" "cheMyd" "cheSer" "chrPic" "cuoAmb" "cuoMcc" "derCor" "derMaw" "emySub" "gopAga" "malTer" "mesTub" "pelCas" "pelSin" "plaMeg" "podExp" "terMex"
"carIns" 0 0.027511961722488 0.0167464114832536 0.0179425837320574 0.0203349282296651 0.0179425837320574 0.0179425837320574 0.136363636363636 0.0251196172248804 0.0263157894736842 0.0251196172248804 0.0299043062200957 0.0287081339712919 0.0358851674641148 0.0669856459330144 0.0203349282296651 0.034688995215311 0.0215311004784689
"cheAbi" 0.027511961722488 0 0.0155502392344498 0.0167464114832536 0.0179425837320574 0.0167464114832536 0.0167464114832536 0.12799043062201 0.0251196172248804 0.0251196172248804 0.00717703349282297 0.0155502392344498 0.0287081339712919 0.0370813397129187 0.0669856459330144 0.0191387559808612 0.0299043062200957 0.0203349282296651
"cheMyd" 0.0167464114832536 0.0155502392344498 0 0.00598086124401914 0.00956937799043062 0.0083732057416268 0.0083732057416268 0.124401913875598 0.0107655502392345 0.0167464114832536 0.0131578947368421 0.0179425837320574 0.0227272727272727 0.0263157894736842 0.0598086124401914 0.0083732057416268 0.0251196172248804 0.00956937799043062
"cheSer" 0.0179425837320574 0.0167464114832536 0.00598086124401914 0 0.0107655502392345 0.00956937799043062 0.00956937799043062 0.130382775119617 0.0155502392344498 0.0179425837320574 0.0143540669856459 0.0191387559808612 0.0239234449760766 0.027511961722488 0.0610047846889952 0.00956937799043062 0.0263157894736842 0.0107655502392345
"chrPic" 0.0203349282296651 0.0179425837320574 0.00956937799043062 0.0107655502392345 0 0.0107655502392345 0.0107655502392345 0.131578947368421 0.0191387559808612 0.0215311004784689 0.0155502392344498 0.0131578947368421 0.0227272727272727 0.0311004784688995 0.0598086124401914 0.0119617224880383 0.0299043062200957 0.00717703349282297
"cuoAmb" 0.0179425837320574 0.0167464114832536 0.0083732057416268 0.00956937799043062 0.0107655502392345 0 0.00239234449760766 0.130382775119617 0.0179425837320574 0.0179425837320574 0.0143540669856459 0.0191387559808612 0.0215311004784689 0.027511961722488 0.0574162679425837 0.0119617224880383 0.0263157894736842 0.0131578947368421
"cuoMcc" 0.0179425837320574 0.0167464114832536 0.0083732057416268 0.00956937799043062 0.0107655502392345 0.00239234449760766 0 0.130382775119617 0.0179425837320574 0.0179425837320574 0.0143540669856459 0.0191387559808612 0.0215311004784689 0.027511961722488 0.0574162679425837 0.0119617224880383 0.0263157894736842 0.0131578947368421
"derCor" 0.136363636363636 0.12799043062201 0.124401913875598 0.130382775119617 0.131578947368421 0.130382775119617 0.130382775119617 0 0.130382775119617 0.135167464114833 0.124401913875598 0.129186602870813 0.139952153110048 0.144736842105263 0.175837320574163 0.132775119617225 0.144736842105263 0.131578947368421
"derMaw" 0.0251196172248804 0.0251196172248804 0.0107655502392345 0.0155502392344498 0.0191387559808612 0.0179425837320574 0.0179425837320574 0.130382775119617 0 0.0239234449760766 0.0203349282296651 0.027511961722488 0.0299043062200957 0.0311004784688995 0.0669856459330144 0.0179425837320574 0.034688995215311 0.0191387559808612
"emySub" 0.0263157894736842 0.0251196172248804 0.0167464114832536 0.0179425837320574 0.0215311004784689 0.0179425837320574 0.0179425837320574 0.135167464114833 0.0239234449760766 0 0.0203349282296651 0.027511961722488 0.0131578947368421 0.0287081339712919 0.0669856459330144 0.0203349282296651 0.0299043062200957 0.0215311004784689
"gopAga" 0.0251196172248804 0.00717703349282297 0.0131578947368421 0.0143540669856459 0.0155502392344498 0.0143540669856459 0.0143540669856459 0.124401913875598 0.0203349282296651 0.0203349282296651 0 0.0179425837320574 0.0239234449760766 0.0299043062200957 0.062200956937799 0.0167464114832536 0.027511961722488 0.0179425837320574
"malTer" 0.0299043062200957 0.0155502392344498 0.0179425837320574 0.0191387559808612 0.0131578947368421 0.0191387559808612 0.0191387559808612 0.129186602870813 0.027511961722488 0.027511961722488 0.0179425837320574 0 0.0311004784688995 0.0382775119617225 0.0681818181818182 0.0203349282296651 0.0334928229665072 0.0155502392344498
"mesTub" 0.0287081339712919 0.0287081339712919 0.0227272727272727 0.0239234449760766 0.0227272727272727 0.0215311004784689 0.0215311004784689 0.139952153110048 0.0299043062200957 0.0131578947368421 0.0239234449760766 0.0311004784688995 0 0.0322966507177034 0.0705741626794258 0.0263157894736842 0.0334928229665072 0.027511961722488
"pelCas" 0.0358851674641148 0.0370813397129187 0.0263157894736842 0.027511961722488 0.0311004784688995 0.027511961722488 0.027511961722488 0.144736842105263 0.0311004784688995 0.0287081339712919 0.0299043062200957 0.0382775119617225 0.0322966507177034 0 0.076555023923445 0.0299043062200957 0.0322966507177034 0.0311004784688995
"pelSin" 0.0669856459330144 0.0669856459330144 0.0598086124401914 0.0610047846889952 0.0598086124401914 0.0574162679425837 0.0574162679425837 0.175837320574163 0.0669856459330144 0.0669856459330144 0.062200956937799 0.0681818181818182 0.0705741626794258 0.076555023923445 0 0.0633971291866029 0.0753588516746412 0.062200956937799
"plaMeg" 0.0203349282296651 0.0191387559808612 0.0083732057416268 0.00956937799043062 0.0119617224880383 0.0119617224880383 0.0119617224880383 0.132775119617225 0.0179425837320574 0.0203349282296651 0.0167464114832536 0.0203349282296651 0.0263157894736842 0.0299043062200957 0.0633971291866029 0 0.0239234449760766 0.0119617224880383
"podExp" 0.034688995215311 0.0299043062200957 0.0251196172248804 0.0263157894736842 0.0299043062200957 0.0263157894736842 0.0263157894736842 0.144736842105263 0.034688995215311 0.0299043062200957 0.027511961722488 0.0334928229665072 0.0334928229665072 0.0322966507177034 0.0753588516746412 0.0239234449760766 0 0.0299043062200957
"terMex" 0.0215311004784689 0.0203349282296651 0.00956937799043062 0.0107655502392345 0.00717703349282297 0.0131578947368421 0.0131578947368421 0.131578947368421 0.0191387559808612 0.0215311004784689 0.0179425837320574 0.0155502392344498 0.027511961722488 0.0311004784688995 0.062200956937799 0.0119617224880383 0.0299043062200957 0
