"carIns" "cheAbi" "cheMyd" "cheSer" "chrPic" "cuoAmb" "cuoMcc" "derCor" "derMaw" "emySub" "gopAga" "malTer" "mesTub" "pelCas" "pelSin" "plaMeg" "podExp" "terMex"
"carIns" 0 0.0951474785918173 0.0970504281636537 0.101807802093245 0.0951474785918173 0.0903901046622265 0.0951474785918173 0.093244529019981 0.09895337773549 0.100856327307326 0.100856327307326 0.0941960038058991 0.113225499524263 0.115128449096099 0.09895337773549 0.0856327307326356 0.124643196955281 0.0970504281636537
"cheAbi" 0.0951474785918173 0 0.0409134157944814 0.0466222645099905 0.0333016175071361 0.0190294957183635 0.0190294957183635 0.0418648905803996 0.0513796384395813 0.0837297811607992 0.0190294957183635 0.0304471931493815 0.100856327307326 0.0941960038058991 0.0789724072312084 0.021883920076118 0.117982873453853 0.0304471931493815
"cheMyd" 0.0970504281636537 0.0409134157944814 0 0.0399619410085633 0.0399619410085633 0.0390104662226451 0.0409134157944814 0.0237868696479543 0.0428163653663178 0.0808753568030447 0.0466222645099905 0.0371075166508088 0.0913415794481446 0.0856327307326356 0.0751665080875357 0.0323501427212179 0.108468125594672 0.0371075166508088
"cheSer" 0.101807802093245 0.0466222645099905 0.0399619410085633 0 0.0380589914367269 0.0409134157944814 0.0409134157944814 0.0352045670789724 0.0447193149381541 0.0818268315889629 0.049476688867745 0.0333016175071361 0.0922930542340628 0.0875356803044719 0.0808753568030447 0.0342530922930542 0.114176974310181 0.0371075166508088
"chrPic" 0.0951474785918173 0.0333016175071361 0.0399619410085633 0.0380589914367269 0 0.0294957183634634 0.0294957183634634 0.0371075166508088 0.0523311132254995 0.0875356803044719 0.0352045670789724 0.00856327307326356 0.0970504281636537 0.0903901046622265 0.077069457659372 0.0171265461465271 0.117982873453853 0.0161750713606089
"cuoAmb" 0.0903901046622265 0.0190294957183635 0.0390104662226451 0.0409134157944814 0.0294957183634634 0 0.00570884871550904 0.0380589914367269 0.0532825880114177 0.0808753568030447 0.0247383444338725 0.0266412940057088 0.0865842055185538 0.0875356803044719 0.0761179828734539 0.0199809705042816 0.111322549952426 0.0266412940057088
"cuoMcc" 0.0951474785918173 0.0190294957183635 0.0409134157944814 0.0409134157944814 0.0294957183634634 0.00570884871550904 0 0.0380589914367269 0.0532825880114177 0.0818268315889629 0.0247383444338725 0.0266412940057088 0.0894386298763083 0.0865842055185538 0.077069457659372 0.0199809705042816 0.112274024738344 0.0266412940057088
"derCor" 0.093244529019981 0.0418648905803996 0.0237868696479543 0.0352045670789724 0.0371075166508088 0.0380589914367269 0.0380589914367269 0 0.0409134157944814 0.0827783063748811 0.043767840152236 0.0342530922930542 0.0951474785918173 0.0827783063748811 0.0742150333016175 0.0304471931493815 0.10941960038059 0.0361560418648906
"derMaw" 0.09895337773549 0.0513796384395813 0.0428163653663178 0.0447193149381541 0.0523311132254995 0.0532825880114177 0.0532825880114177 0.0409134157944814 0 0.0846812559467174 0.0589914367269267 0.0475737392959087 0.105613701236917 0.0903901046622265 0.0799238820171266 0.0428163653663178 0.116079923882017 0.0475737392959087
"emySub" 0.100856327307326 0.0837297811607992 0.0808753568030447 0.0818268315889629 0.0875356803044719 0.0808753568030447 0.0818268315889629 0.0827783063748811 0.0846812559467174 0 0.0913415794481446 0.0846812559467174 0.0532825880114177 0.0780209324452902 0.0903901046622265 0.0751665080875357 0.0980019029495718 0.0837297811607992
"gopAga" 0.100856327307326 0.0190294957183635 0.0466222645099905 0.049476688867745 0.0352045670789724 0.0247383444338725 0.0247383444338725 0.043767840152236 0.0589914367269267 0.0913415794481446 0 0.0323501427212179 0.104662226450999 0.0999048525214082 0.0837297811607992 0.027592768791627 0.123691722169363 0.0361560418648906
"malTer" 0.0941960038058991 0.0304471931493815 0.0371075166508088 0.0333016175071361 0.00856327307326356 0.0266412940057088 0.0266412940057088 0.0342530922930542 0.0475737392959087 0.0846812559467174 0.0323501427212179 0 0.0941960038058991 0.0894386298763083 0.0761179828734539 0.0142721217887726 0.115128449096099 0.0133206470028544
"mesTub" 0.113225499524263 0.100856327307326 0.0913415794481446 0.0922930542340628 0.0970504281636537 0.0865842055185538 0.0894386298763083 0.0951474785918173 0.105613701236917 0.0532825880114177 0.104662226450999 0.0941960038058991 0 0.0922930542340628 0.103710751665081 0.0884871550903901 0.110371075166508 0.093244529019981
"pelCas" 0.115128449096099 0.0941960038058991 0.0856327307326356 0.0875356803044719 0.0903901046622265 0.0875356803044719 0.0865842055185538 0.0827783063748811 0.0903901046622265 0.0780209324452902 0.0999048525214082 0.0894386298763083 0.0922930542340628 0 0.101807802093245 0.0837297811607992 0.0856327307326356 0.0922930542340628
"pelSin" 0.09895337773549 0.0789724072312084 0.0751665080875357 0.0808753568030447 0.077069457659372 0.0761179828734539 0.077069457659372 0.0742150333016175 0.0799238820171266 0.0903901046622265 0.0837297811607992 0.0761179828734539 0.103710751665081 0.101807802093245 0 0.0704091341579448 0.121788772597526 0.077069457659372
"plaMeg" 0.0856327307326356 0.021883920076118 0.0323501427212179 0.0342530922930542 0.0171265461465271 0.0199809705042816 0.0199809705042816 0.0304471931493815 0.0428163653663178 0.0751665080875357 0.027592768791627 0.0142721217887726 0.0884871550903901 0.0837297811607992 0.0704091341579448 0 0.111322549952426 0.0180780209324453
"podExp" 0.124643196955281 0.117982873453853 0.108468125594672 0.114176974310181 0.117982873453853 0.111322549952426 0.112274024738344 0.10941960038059 0.116079923882017 0.0980019029495718 0.123691722169363 0.115128449096099 0.110371075166508 0.0856327307326356 0.121788772597526 0.111322549952426 0 0.114176974310181
"terMex" 0.0970504281636537 0.0304471931493815 0.0371075166508088 0.0371075166508088 0.0161750713606089 0.0266412940057088 0.0266412940057088 0.0361560418648906 0.0475737392959087 0.0837297811607992 0.0361560418648906 0.0133206470028544 0.093244529019981 0.0922930542340628 0.077069457659372 0.0180780209324453 0.114176974310181 0
