"carIns" "cheAbi" "cheMyd" "chrPic" "cuoAmb" "cuoMcc" "derCor" "derMaw" "emySub" "gopAga" "malTer" "mesTub" "pelCas" "pelSin" "plaMeg" "podExp" "terMex"
"carIns" 0 0.274021352313167 0.263938315539739 0.254448398576512 0.266903914590747 0.316132858837485 0.322064056939502 0.258007117437722 0.268683274021352 0.269276393831554 0.256227758007117 0.268090154211151 0.279952550415184 0.271648873072361 0.250889679715303 0.281731909845789 0.253262158956109
"cheAbi" 0.274021352313167 0 0.0842230130486358 0.064650059311981 0.0521945432977461 0.126927639383155 0.13582443653618 0.0824436536180308 0.0984578884934757 0.0693950177935943 0.064650059311981 0.0990510083036773 0.110320284697509 0.105575326215896 0.0616844602609727 0.116251482799526 0.0593119810201661
"cheMyd" 0.263938315539739 0.0842230130486358 0 0.0599051008303677 0.0753262158956109 0.134638196915777 0.122182680901542 0.0729537366548043 0.0860023724792408 0.0747330960854092 0.0599051008303677 0.0901542111506524 0.0972716488730724 0.103202846975089 0.0575326215895611 0.101423487544484 0.0545670225385528
"chrPic" 0.254448398576512 0.064650059311981 0.0599051008303677 0 0.0575326215895611 0.120403321470937 0.12514827995255 0.0361803084223013 0.0557532621589561 0.0545670225385528 0.00474495848161329 0.0587188612099644 0.0670225385527877 0.0901542111506524 0.0112692763938316 0.0765124555160142 0.00711743772241993
"cuoAmb" 0.266903914590747 0.0521945432977461 0.0753262158956109 0.0575326215895611 0 0.106168446026097 0.13226571767497 0.0759193357058126 0.0919335705812574 0.0616844602609727 0.0569395017793594 0.0954922894424674 0.102609727164887 0.100237247924081 0.0527876631079478 0.113285883748517 0.0521945432977461
"cuoMcc" 0.316132858837485 0.126927639383155 0.134638196915777 0.120403321470937 0.106168446026097 0 0.138790035587189 0.137010676156584 0.14650059311981 0.122182680901542 0.119217081850534 0.151838671411625 0.158362989323843 0.15361803084223 0.115658362989324 0.165480427046263 0.115658362989324
"derCor" 0.322064056939502 0.13582443653618 0.122182680901542 0.12514827995255 0.13226571767497 0.138790035587189 0 0.140569395017794 0.150652431791222 0.13226571767497 0.126334519572954 0.155397390272835 0.16429418742586 0.162514827995255 0.123368920521945 0.166666666666667 0.122775800711744
"derMaw" 0.258007117437722 0.0824436536180308 0.0729537366548043 0.0361803084223013 0.0759193357058126 0.137010676156584 0.140569395017794 0 0.068208778173191 0.0735468564650059 0.036773428232503 0.069988137603796 0.0776986951364176 0.104982206405694 0.033214709371293 0.0865954922894425 0.031435349940688
"emySub" 0.268683274021352 0.0984578884934757 0.0860023724792408 0.0557532621589561 0.0919335705812574 0.14650059311981 0.150652431791222 0.068208778173191 0 0.0931198102016607 0.0563463819691578 0.0278766310794781 0.0504151838671412 0.114472123368921 0.0533807829181495 0.0533807829181495 0.0510083036773428
"gopAga" 0.269276393831554 0.0693950177935943 0.0747330960854092 0.0545670225385528 0.0616844602609727 0.122182680901542 0.13226571767497 0.0735468564650059 0.0931198102016607 0 0.0551601423487545 0.096085409252669 0.102016607354686 0.107354685646501 0.0521945432977461 0.109727164887307 0.0516014234875445
"malTer" 0.256227758007117 0.064650059311981 0.0599051008303677 0.00474495848161329 0.0569395017793594 0.119217081850534 0.126334519572954 0.036773428232503 0.0563463819691578 0.0551601423487545 0 0.0599051008303677 0.068208778173191 0.0907473309608541 0.0124555160142349 0.0776986951364176 0.00830367734282325
"mesTub" 0.268090154211151 0.0990510083036773 0.0901542111506524 0.0587188612099644 0.0954922894424674 0.151838671411625 0.155397390272835 0.069988137603796 0.0278766310794781 0.096085409252669 0.0599051008303677 0 0.0575326215895611 0.115065243179122 0.0563463819691578 0.061091340450771 0.0539739027283511
"pelCas" 0.279952550415184 0.110320284697509 0.0972716488730724 0.0670225385527877 0.102609727164887 0.158362989323843 0.16429418742586 0.0776986951364176 0.0504151838671412 0.102016607354686 0.068208778173191 0.0575326215895611 0 0.119217081850534 0.064650059311981 0.0533807829181495 0.0634638196915777
"pelSin" 0.271648873072361 0.105575326215896 0.103202846975089 0.0901542111506524 0.100237247924081 0.15361803084223 0.162514827995255 0.104982206405694 0.114472123368921 0.107354685646501 0.0907473309608541 0.115065243179122 0.119217081850534 0 0.0907473309608541 0.126334519572954 0.0871886120996441
"plaMeg" 0.250889679715303 0.0616844602609727 0.0575326215895611 0.0112692763938316 0.0527876631079478 0.115658362989324 0.123368920521945 0.033214709371293 0.0533807829181495 0.0521945432977461 0.0124555160142349 0.0563463819691578 0.064650059311981 0.0907473309608541 0 0.0741399762752076 0.00652431791221827
"podExp" 0.281731909845789 0.116251482799526 0.101423487544484 0.0765124555160142 0.113285883748517 0.165480427046263 0.166666666666667 0.0865954922894425 0.0533807829181495 0.109727164887307 0.0776986951364176 0.061091340450771 0.0533807829181495 0.126334519572954 0.0741399762752076 0 0.0723606168446026
"terMex" 0.253262158956109 0.0593119810201661 0.0545670225385528 0.00711743772241993 0.0521945432977461 0.115658362989324 0.122775800711744 0.031435349940688 0.0510083036773428 0.0516014234875445 0.00830367734282325 0.0539739027283511 0.0634638196915777 0.0871886120996441 0.00652431791221827 0.0723606168446026 0
