"carIns" "cheAbi" "cheMyd" "cheSer" "chrPic" "cuoMcc" "derMaw" "emySub" "malTer" "mesTub" "pelCas" "pelSin" "podExp" "terMex"
"carIns" 0 0.14081826831589 0.141769743101808 0.139866793529971 0.129400570884872 0.135109419600381 0.149381541389153 0.163653663177926 0.135109419600381 0.164605137963844 0.182683158896289 0.138915318744053 0.185537583254044 0.128449096098953
"cheAbi" 0.14081826831589 0 0.071360608943863 0.0704091341579448 0.0580399619410086 0.0352045670789724 0.0913415794481446 0.128449096098953 0.055185537583254 0.132254995242626 0.162702188392008 0.132254995242626 0.161750713606089 0.043767840152236
"cheMyd" 0.141769743101808 0.071360608943863 0 0.0647002854424358 0.065651760228354 0.0608943862987631 0.0808753568030447 0.122740247383444 0.0666032350142721 0.133206470028544 0.154138915318744 0.131303520456708 0.157944814462417 0.0532825880114177
"cheSer" 0.139866793529971 0.0704091341579448 0.0647002854424358 0 0.0618458610846813 0.0570884871550904 0.0742150333016175 0.113225499524263 0.0627973358705994 0.128449096098953 0.152235965746908 0.132254995242626 0.161750713606089 0.0475737392959087
"chrPic" 0.129400570884872 0.0580399619410086 0.065651760228354 0.0618458610846813 0 0.0485252140818268 0.0837297811607992 0.116079923882017 0.0142721217887726 0.128449096098953 0.153187440532826 0.129400570884872 0.15604186489058 0.027592768791627
"cuoMcc" 0.135109419600381 0.0352045670789724 0.0608943862987631 0.0570884871550904 0.0485252140818268 0 0.0856327307326356 0.114176974310181 0.0456707897240723 0.127497621313035 0.153187440532826 0.121788772597526 0.15604186489058 0.0333016175071361
"derMaw" 0.149381541389153 0.0913415794481446 0.0808753568030447 0.0742150333016175 0.0837297811607992 0.0856327307326356 0 0.137012369172217 0.0875356803044719 0.14557564224548 0.158896289248335 0.138915318744053 0.16650808753568 0.0751665080875357
"emySub" 0.163653663177926 0.128449096098953 0.122740247383444 0.113225499524263 0.116079923882017 0.114176974310181 0.137012369172217 0 0.117031398667935 0.0647002854424358 0.135109419600381 0.152235965746908 0.123691722169363 0.10941960038059
"malTer" 0.135109419600381 0.055185537583254 0.0666032350142721 0.0627973358705994 0.0142721217887726 0.0456707897240723 0.0875356803044719 0.117031398667935 0 0.129400570884872 0.154138915318744 0.132254995242626 0.15604186489058 0.0285442435775452
"mesTub" 0.164605137963844 0.132254995242626 0.133206470028544 0.128449096098953 0.128449096098953 0.127497621313035 0.14557564224548 0.0647002854424358 0.129400570884872 0 0.139866793529971 0.154138915318744 0.127497621313035 0.121788772597526
"pelCas" 0.182683158896289 0.162702188392008 0.154138915318744 0.152235965746908 0.153187440532826 0.153187440532826 0.158896289248335 0.135109419600381 0.154138915318744 0.139866793529971 0 0.181731684110371 0.117982873453853 0.14557564224548
"pelSin" 0.138915318744053 0.132254995242626 0.131303520456708 0.132254995242626 0.129400570884872 0.121788772597526 0.138915318744053 0.152235965746908 0.132254995242626 0.154138915318744 0.181731684110371 0 0.168411037107517 0.121788772597526
"podExp" 0.185537583254044 0.161750713606089 0.157944814462417 0.161750713606089 0.15604186489058 0.15604186489058 0.16650808753568 0.123691722169363 0.15604186489058 0.127497621313035 0.117982873453853 0.168411037107517 0 0.15128449096099
"terMex" 0.128449096098953 0.043767840152236 0.0532825880114177 0.0475737392959087 0.027592768791627 0.0333016175071361 0.0751665080875357 0.10941960038059 0.0285442435775452 0.121788772597526 0.14557564224548 0.121788772597526 0.15128449096099 0
