"carIns" "cheAbi" "cheMyd" "cheSer" "chrPic" "cuoAmb" "cuoMcc" "derCor" "derMaw" "emySub" "gopAga" "malTer" "mesTub" "pelCas" "pelSin" "plaMeg" "podExp" "terMex"
"carIns" 0 0.053024645257655 0.0470500373412995 0.0507841672890217 0.35698282300224 0.0477968633308439 0.0477968633308439 0.0470500373412995 0.0575056011949216 0.0604929051530993 0.0500373412994772 0.0515309932785661 0.0687079910380881 0.0769230769230769 0.064973861090366 0.0440627333831217 0.0709484690067214 0.0492905153099328
"cheAbi" 0.053024645257655 0 0.029126213592233 0.0313666915608663 0.362957430918596 0.0201643017176998 0.017176997759522 0.0276325616131441 0.0336071695294996 0.0537714712471994 0.017176997759522 0.023898431665422 0.0612397311426438 0.0731889469753547 0.0687079910380881 0.017176997759522 0.0761762509335325 0.0216579536967886
"cheMyd" 0.0470500373412995 0.029126213592233 0 0.029126213592233 0.359223300970874 0.0298730395817774 0.0268857356235997 0.011949215832711 0.0298730395817774 0.0500373412994772 0.0261389096340553 0.0246452576549664 0.0604929051530993 0.0687079910380881 0.064973861090366 0.0179238237490665 0.0687079910380881 0.0224047796863331
"cheSer" 0.0507841672890217 0.0313666915608663 0.029126213592233 0 0.360716952949963 0.0283793876026886 0.0253920836445108 0.0261389096340553 0.0306198655713219 0.053024645257655 0.0268857356235997 0.023898431665422 0.0545182972367438 0.0709484690067214 0.064973861090366 0.0186706497386109 0.0746825989544436 0.0216579536967886
"chrPic" 0.35698282300224 0.362957430918596 0.359223300970874 0.360716952949963 0 0.361463778939507 0.362210604929052 0.359223300970874 0.362957430918596 0.364451082897685 0.358476474981329 0.360716952949963 0.358476474981329 0.362957430918596 0.36370425690814 0.357729648991785 0.362210604929052 0.359970126960418
"cuoAmb" 0.0477968633308439 0.0201643017176998 0.0298730395817774 0.0283793876026886 0.361463778939507 0 0.00298730395817774 0.0268857356235997 0.0328603435399552 0.0515309932785661 0.0194174757281553 0.0231516056758775 0.0575056011949216 0.0687079910380881 0.0589992531740105 0.0164301717699776 0.0694548170276326 0.0209111277072442
"cuoMcc" 0.0477968633308439 0.017176997759522 0.0268857356235997 0.0253920836445108 0.362210604929052 0.00298730395817774 0 0.023898431665422 0.0298730395817774 0.0500373412994772 0.0164301717699776 0.0201643017176998 0.0560119492158327 0.0687079910380881 0.0589992531740105 0.0134428678117999 0.0709484690067214 0.0179238237490665
"derCor" 0.0470500373412995 0.0276325616131441 0.011949215832711 0.0261389096340553 0.359223300970874 0.0268857356235997 0.023898431665422 0 0.0283793876026886 0.0515309932785661 0.0246452576549664 0.0231516056758775 0.0575056011949216 0.0687079910380881 0.0634802091112771 0.0164301717699776 0.0694548170276326 0.0194174757281553
"derMaw" 0.0575056011949216 0.0336071695294996 0.0298730395817774 0.0306198655713219 0.362957430918596 0.0328603435399552 0.0298730395817774 0.0283793876026886 0 0.0522778192681105 0.0306198655713219 0.0268857356235997 0.0575056011949216 0.0709484690067214 0.0709484690067214 0.0224047796863331 0.075429424943988 0.0253920836445108
"emySub" 0.0604929051530993 0.0537714712471994 0.0500373412994772 0.053024645257655 0.364451082897685 0.0515309932785661 0.0500373412994772 0.0515309932785661 0.0522778192681105 0 0.0507841672890217 0.0477968633308439 0.0395817774458551 0.058252427184466 0.0761762509335325 0.0418222554144884 0.0575056011949216 0.0470500373412995
"gopAga" 0.0500373412994772 0.017176997759522 0.0261389096340553 0.0268857356235997 0.358476474981329 0.0194174757281553 0.0164301717699776 0.0246452576549664 0.0306198655713219 0.0507841672890217 0 0.0209111277072442 0.0552651232262883 0.070201643017177 0.0642270351008215 0.0156833457804332 0.070201643017177 0.0216579536967886
"malTer" 0.0515309932785661 0.023898431665422 0.0246452576549664 0.023898431665422 0.360716952949963 0.0231516056758775 0.0201643017176998 0.0231516056758775 0.0268857356235997 0.0477968633308439 0.0209111277072442 0 0.0552651232262883 0.0672143390589992 0.0672143390589992 0.00970873786407767 0.070201643017177 0.00970873786407767
"mesTub" 0.0687079910380881 0.0612397311426438 0.0604929051530993 0.0545182972367438 0.358476474981329 0.0575056011949216 0.0560119492158327 0.0575056011949216 0.0575056011949216 0.0395817774458551 0.0552651232262883 0.0552651232262883 0 0.0619865571321882 0.0836445108289769 0.0500373412994772 0.064973861090366 0.0545182972367438
"pelCas" 0.0769230769230769 0.0731889469753547 0.0687079910380881 0.0709484690067214 0.362957430918596 0.0687079910380881 0.0687079910380881 0.0687079910380881 0.0709484690067214 0.058252427184466 0.070201643017177 0.0672143390589992 0.0619865571321882 0 0.0828976848394324 0.0619865571321882 0.058252427184466 0.0657206870799104
"pelSin" 0.064973861090366 0.0687079910380881 0.064973861090366 0.064973861090366 0.36370425690814 0.0589992531740105 0.0589992531740105 0.0634802091112771 0.0709484690067214 0.0761762509335325 0.0642270351008215 0.0672143390589992 0.0836445108289769 0.0828976848394324 0 0.0589992531740105 0.0828976848394324 0.0634802091112771
"plaMeg" 0.0440627333831217 0.017176997759522 0.0179238237490665 0.0186706497386109 0.357729648991785 0.0164301717699776 0.0134428678117999 0.0164301717699776 0.0224047796863331 0.0418222554144884 0.0156833457804332 0.00970873786407767 0.0500373412994772 0.0619865571321882 0.0589992531740105 0 0.0642270351008215 0.00896191187453323
"podExp" 0.0709484690067214 0.0761762509335325 0.0687079910380881 0.0746825989544436 0.362210604929052 0.0694548170276326 0.0709484690067214 0.0694548170276326 0.075429424943988 0.0575056011949216 0.070201643017177 0.070201643017177 0.064973861090366 0.058252427184466 0.0828976848394324 0.0642270351008215 0 0.0694548170276326
"terMex" 0.0492905153099328 0.0216579536967886 0.0224047796863331 0.0216579536967886 0.359970126960418 0.0209111277072442 0.0179238237490665 0.0194174757281553 0.0253920836445108 0.0470500373412995 0.0216579536967886 0.00970873786407767 0.0545182972367438 0.0657206870799104 0.0634802091112771 0.00896191187453323 0.0694548170276326 0
