"carIns" "cheAbi" "cheMyd" "chrPic" "cuoAmb" "cuoMcc" "derCor" "derMaw" "emySub" "gopAga" "malTer" "pelCas" "pelSin" "plaMeg" "podExp" "terMex"
"carIns" 0 0.120538720538721 0.105723905723906 0.104377104377104 0.107744107744108 0.105723905723906 0.113131313131313 0.119191919191919 0.129292929292929 0.114478114478114 0.103030303030303 0.14006734006734 0.0976430976430976 0.1003367003367 0.138720538720539 0.0983164983164983
"cheAbi" 0.120538720538721 0 0.0545454545454545 0.0424242424242424 0.0343434343434343 0.0316498316498317 0.0585858585858586 0.063973063973064 0.105050505050505 0.0356902356902357 0.0437710437710438 0.119191919191919 0.0909090909090909 0.0424242424242424 0.121885521885522 0.0377104377104377
"cheMyd" 0.105723905723906 0.0545454545454545 0 0.0336700336700337 0.0417508417508418 0.0383838383838384 0.0303030303030303 0.0558922558922559 0.0922558922558923 0.0518518518518519 0.0356902356902357 0.111784511784512 0.0808080808080808 0.0343434343434343 0.115151515151515 0.0303030303030303
"chrPic" 0.104377104377104 0.0424242424242424 0.0336700336700337 0 0.0269360269360269 0.0269360269360269 0.0397306397306397 0.0505050505050505 0.0895622895622896 0.0397306397306397 0.0101010101010101 0.107070707070707 0.0794612794612795 0.0181818181818182 0.106397306397306 0.00808080808080808
"cuoAmb" 0.107744107744108 0.0343434343434343 0.0417508417508418 0.0269360269360269 0 0.00808080808080808 0.0484848484848485 0.0572390572390572 0.0956228956228956 0.028956228956229 0.028956228956229 0.11043771043771 0.0828282828282828 0.0242424242424242 0.113131313131313 0.0228956228956229
"cuoMcc" 0.105723905723906 0.0316498316498317 0.0383838383838384 0.0269360269360269 0.00808080808080808 0 0.0484848484848485 0.0558922558922559 0.0915824915824916 0.0276094276094276 0.0276094276094276 0.107070707070707 0.0794612794612795 0.0228956228956229 0.11043771043771 0.0215488215488215
"derCor" 0.113131313131313 0.0585858585858586 0.0303030303030303 0.0397306397306397 0.0484848484848485 0.0484848484848485 0 0.0558922558922559 0.101683501683502 0.0565656565656566 0.0417508417508418 0.115824915824916 0.0902356902356902 0.0383838383838384 0.121885521885522 0.0356902356902357
"derMaw" 0.119191919191919 0.063973063973064 0.0558922558922559 0.0505050505050505 0.0572390572390572 0.0558922558922559 0.0558922558922559 0 0.104377104377104 0.0673400673400673 0.0491582491582492 0.120538720538721 0.0956228956228956 0.0484848484848485 0.125925925925926 0.0451178451178451
"emySub" 0.129292929292929 0.105050505050505 0.0922558922558923 0.0895622895622896 0.0956228956228956 0.0915824915824916 0.101683501683502 0.104377104377104 0 0.0996632996632997 0.0902356902356902 0.103030303030303 0.109090909090909 0.0868686868686869 0.104377104377104 0.0855218855218855
"gopAga" 0.114478114478114 0.0356902356902357 0.0518518518518519 0.0397306397306397 0.028956228956229 0.0276094276094276 0.0565656565656566 0.0673400673400673 0.0996632996632997 0 0.0404040404040404 0.117845117845118 0.0915824915824916 0.0356902356902357 0.116498316498317 0.0343434343434343
"malTer" 0.103030303030303 0.0437710437710438 0.0356902356902357 0.0101010101010101 0.028956228956229 0.0276094276094276 0.0417508417508418 0.0491582491582492 0.0902356902356902 0.0404040404040404 0 0.107070707070707 0.0801346801346801 0.0188552188552189 0.108417508417508 0.00740740740740741
"pelCas" 0.14006734006734 0.119191919191919 0.111784511784512 0.107070707070707 0.11043771043771 0.107070707070707 0.115824915824916 0.120538720538721 0.103030303030303 0.117845117845118 0.107070707070707 0 0.127946127946128 0.102356902356902 0.0942760942760943 0.101010101010101
"pelSin" 0.0976430976430976 0.0909090909090909 0.0808080808080808 0.0794612794612795 0.0828282828282828 0.0794612794612795 0.0902356902356902 0.0956228956228956 0.109090909090909 0.0915824915824916 0.0801346801346801 0.127946127946128 0 0.0781144781144781 0.129292929292929 0.0754208754208754
"plaMeg" 0.1003367003367 0.0424242424242424 0.0343434343434343 0.0181818181818182 0.0242424242424242 0.0228956228956229 0.0383838383838384 0.0484848484848485 0.0868686868686869 0.0356902356902357 0.0188552188552189 0.102356902356902 0.0781144781144781 0 0.106397306397306 0.0127946127946128
"podExp" 0.138720538720539 0.121885521885522 0.115151515151515 0.106397306397306 0.113131313131313 0.11043771043771 0.121885521885522 0.125925925925926 0.104377104377104 0.116498316498317 0.108417508417508 0.0942760942760943 0.129292929292929 0.106397306397306 0 0.102356902356902
"terMex" 0.0983164983164983 0.0377104377104377 0.0303030303030303 0.00808080808080808 0.0228956228956229 0.0215488215488215 0.0356902356902357 0.0451178451178451 0.0855218855218855 0.0343434343434343 0.00740740740740741 0.101010101010101 0.0754208754208754 0.0127946127946128 0.102356902356902 0
