"carIns" "cheAbi" "cheMyd" "cheSer" "chrPic" "cuoAmb" "cuoMcc" "derCor" "derMaw" "emySub" "gopAga" "malTer" "mesTub" "pelCas" "pelSin" "plaMeg" "podExp" "terMex"
"carIns" 0 0.175934366453965 0.140382862351869 0.141294439380128 0.142206016408387 0.167730173199635 0.135824977210574 0.144940747493163 0.144940747493163 0.1640838650866 0.140382862351869 0.137648131267092 0.160437556973564 0.170464904284412 0.15587967183227 0.135824977210574 0.17228805834093 0.140382862351869
"cheAbi" 0.175934366453965 0 0.128532360984503 0.125797629899727 0.117593436645397 0.0929808568824066 0.112123974475843 0.130355515041021 0.137648131267092 0.154968094804011 0.100273473108478 0.116681859617138 0.160437556973564 0.161349134001823 0.178669097538742 0.110300820419325 0.173199635369189 0.113947128532361
"cheMyd" 0.140382862351869 0.128532360984503 0 0.0355515041020966 0.0337283500455789 0.0674567000911577 0.0355515041020966 0.0209662716499544 0.0492251595259799 0.0738377392889699 0.0382862351868733 0.03281677301732 0.072926162260711 0.0756608933454877 0.0948040109389243 0.0300820419325433 0.081130355515041 0.0319051959890611
"cheSer" 0.141294439380128 0.125797629899727 0.0355515041020966 0 0.0391978122151322 0.0692798541476755 0.0373746581586144 0.0373746581586144 0.0510483135824977 0.0738377392889699 0.0382862351868733 0.0382862351868733 0.0720145852324521 0.0802187784867821 0.0929808568824066 0.0319051959890611 0.0875113947128532 0.0355515041020966
"chrPic" 0.142206016408387 0.117593436645397 0.0337283500455789 0.0391978122151322 0 0.0574293527803099 0.0255241567912489 0.0391978122151322 0.0464904284412033 0.0802187784867821 0.0264357338195077 0.00911577028258888 0.0765724703737466 0.0829535095715588 0.0957155879671832 0.0182315405651778 0.0902461257976299 0.0145852324521422
"cuoAmb" 0.167730173199635 0.0929808568824066 0.0674567000911577 0.0692798541476755 0.0574293527803099 0 0.0391978122151322 0.0674567000911577 0.0765724703737466 0.104831358249772 0.0510483135824977 0.056517775752051 0.104831358249772 0.112123974475843 0.121239744758432 0.0519598906107566 0.117593436645397 0.0537830446672744
"cuoMcc" 0.135824977210574 0.112123974475843 0.0355515041020966 0.0373746581586144 0.0255241567912489 0.0391978122151322 0 0.0373746581586144 0.0446672743846855 0.0738377392889699 0.0191431175934366 0.02461257976299 0.0720145852324521 0.0838650865998177 0.0929808568824066 0.0200546946216955 0.0884229717411121 0.0218778486782133
"derCor" 0.144940747493163 0.130355515041021 0.0209662716499544 0.0373746581586144 0.0391978122151322 0.0674567000911577 0.0373746581586144 0 0.0546946216955333 0.0756608933454877 0.0401093892433911 0.0382862351868733 0.0747493163172288 0.0793072014585232 0.0920692798541477 0.0337283500455789 0.0820419325432999 0.0373746581586144
"derMaw" 0.144940747493163 0.137648131267092 0.0492251595259799 0.0510483135824977 0.0464904284412033 0.0765724703737466 0.0446672743846855 0.0546946216955333 0 0.0875113947128532 0.0455788514129444 0.0464904284412033 0.0829535095715588 0.0948040109389243 0.105742935278031 0.04102096627165 0.0993618960802188 0.0419325432999088
"emySub" 0.1640838650866 0.154968094804011 0.0738377392889699 0.0738377392889699 0.0802187784867821 0.104831358249772 0.0738377392889699 0.0756608933454877 0.0875113947128532 0 0.0747493163172288 0.0793072014585232 0.0492251595259799 0.0802187784867821 0.116681859617138 0.072926162260711 0.0884229717411121 0.0765724703737466
"gopAga" 0.140382862351869 0.100273473108478 0.0382862351868733 0.0382862351868733 0.0264357338195077 0.0510483135824977 0.0191431175934366 0.0401093892433911 0.0455788514129444 0.0747493163172288 0 0.0264357338195077 0.0774840474020055 0.0820419325432999 0.0938924339106655 0.0191431175934366 0.0902461257976299 0.0227894257064722
"malTer" 0.137648131267092 0.116681859617138 0.03281677301732 0.0382862351868733 0.00911577028258888 0.056517775752051 0.02461257976299 0.0382862351868733 0.0464904284412033 0.0793072014585232 0.0264357338195077 0 0.0756608933454877 0.0829535095715588 0.0957155879671832 0.01640838650866 0.0902461257976299 0.0145852324521422
"mesTub" 0.160437556973564 0.160437556973564 0.072926162260711 0.0720145852324521 0.0765724703737466 0.104831358249772 0.0720145852324521 0.0747493163172288 0.0829535095715588 0.0492251595259799 0.0774840474020055 0.0756608933454877 0 0.081130355515041 0.122151321786691 0.0711030082041933 0.0865998176845943 0.0711030082041933
"pelCas" 0.170464904284412 0.161349134001823 0.0756608933454877 0.0802187784867821 0.0829535095715588 0.112123974475843 0.0838650865998177 0.0793072014585232 0.0948040109389243 0.0802187784867821 0.0820419325432999 0.0829535095715588 0.081130355515041 0 0.125797629899727 0.0774840474020055 0.0610756608933455 0.081130355515041
"pelSin" 0.15587967183227 0.178669097538742 0.0948040109389243 0.0929808568824066 0.0957155879671832 0.121239744758432 0.0929808568824066 0.0920692798541477 0.105742935278031 0.116681859617138 0.0938924339106655 0.0957155879671832 0.122151321786691 0.125797629899727 0 0.0911577028258888 0.128532360984503 0.0948040109389243
"plaMeg" 0.135824977210574 0.110300820419325 0.0300820419325433 0.0319051959890611 0.0182315405651778 0.0519598906107566 0.0200546946216955 0.0337283500455789 0.04102096627165 0.072926162260711 0.0191431175934366 0.01640838650866 0.0711030082041933 0.0774840474020055 0.0911577028258888 0 0.0847766636280766 0.0136736554238833
"podExp" 0.17228805834093 0.173199635369189 0.081130355515041 0.0875113947128532 0.0902461257976299 0.117593436645397 0.0884229717411121 0.0820419325432999 0.0993618960802188 0.0884229717411121 0.0902461257976299 0.0902461257976299 0.0865998176845943 0.0610756608933455 0.128532360984503 0.0847766636280766 0 0.0875113947128532
"terMex" 0.140382862351869 0.113947128532361 0.0319051959890611 0.0355515041020966 0.0145852324521422 0.0537830446672744 0.0218778486782133 0.0373746581586144 0.0419325432999088 0.0765724703737466 0.0227894257064722 0.0145852324521422 0.0711030082041933 0.081130355515041 0.0948040109389243 0.0136736554238833 0.0875113947128532 0
