"carIns" "cheAbi" "cheMyd" "chrPic" "cuoAmb" "cuoMcc" "derCor" "derMaw" "emySub" "gopAga" "malTer" "pelCas" "pelSin" "plaMeg" "podExp"
"carIns" 0 0.0920897284533648 0.0956316410861865 0.0909090909090909 0.216056670602125 0.0968122786304604 0.0956316410861865 0.0920897284533648 0.0791027154663518 0.0944510035419126 0.0991735537190083 0.101534828807556 0.0968122786304604 0.0861865407319953 0.10271546635183
"cheAbi" 0.0920897284533648 0 0.050767414403778 0.0342384887839433 0.162927981109799 0.0212514757969303 0.051948051948052 0.0578512396694215 0.0755608028335301 0.0200708382526564 0.0401416765053129 0.0885478158205431 0.0814639905548996 0.0365997638724911 0.0920897284533648
"cheMyd" 0.0956316410861865 0.050767414403778 0 0.0425029515938607 0.182998819362456 0.0484061393152302 0.0295159386068477 0.0590318772136954 0.0731995277449823 0.050767414403778 0.0484061393152302 0.0968122786304604 0.0826446280991736 0.038961038961039 0.0944510035419126
"chrPic" 0.0909090909090909 0.0342384887839433 0.0425029515938607 0 0.165289256198347 0.0271546635182999 0.0413223140495868 0.0543093270365998 0.0672963400236127 0.0283353010625738 0.012987012987013 0.0944510035419126 0.0755608028335301 0.0200708382526564 0.0920897284533648
"cuoAmb" 0.216056670602125 0.162927981109799 0.182998819362456 0.165289256198347 0 0.152302243211334 0.177095631641086 0.188902007083825 0.198347107438017 0.15702479338843 0.172373081463991 0.216056670602125 0.206611570247934 0.165289256198347 0.220779220779221
"cuoMcc" 0.0968122786304604 0.0212514757969303 0.0484061393152302 0.0271546635182999 0.152302243211334 0 0.0472255017709563 0.0554899645808737 0.0708382526564345 0.0200708382526564 0.0354191263282172 0.0944510035419126 0.076741440377804 0.0318772136953955 0.0944510035419126
"derCor" 0.0956316410861865 0.051948051948052 0.0295159386068477 0.0413223140495868 0.177095631641086 0.0472255017709563 0 0.0625737898465171 0.0779220779220779 0.0472255017709563 0.0472255017709563 0.0909090909090909 0.0885478158205431 0.0354191263282172 0.0909090909090909
"derMaw" 0.0920897284533648 0.0578512396694215 0.0590318772136954 0.0543093270365998 0.188902007083825 0.0554899645808737 0.0625737898465171 0 0.0850059031877214 0.0531286894923259 0.0649350649350649 0.0991735537190083 0.0885478158205431 0.051948051948052 0.100354191263282
"emySub" 0.0791027154663518 0.0755608028335301 0.0731995277449823 0.0672963400236127 0.198347107438017 0.0708382526564345 0.0779220779220779 0.0850059031877214 0 0.0755608028335301 0.0755608028335301 0.0684769775678867 0.0873671782762692 0.0672963400236127 0.0885478158205431
"gopAga" 0.0944510035419126 0.0200708382526564 0.050767414403778 0.0283353010625738 0.15702479338843 0.0200708382526564 0.0472255017709563 0.0531286894923259 0.0755608028335301 0 0.0342384887839433 0.0944510035419126 0.0802833530106257 0.0330578512396694 0.0885478158205431
"malTer" 0.0991735537190083 0.0401416765053129 0.0484061393152302 0.012987012987013 0.172373081463991 0.0354191263282172 0.0472255017709563 0.0649350649350649 0.0755608028335301 0.0342384887839433 0 0.101534828807556 0.0838252656434475 0.0283353010625738 0.0991735537190083
"pelCas" 0.101534828807556 0.0885478158205431 0.0968122786304604 0.0944510035419126 0.216056670602125 0.0944510035419126 0.0909090909090909 0.0991735537190083 0.0684769775678867 0.0944510035419126 0.101534828807556 0 0.107438016528926 0.0873671782762692 0.0826446280991736
"pelSin" 0.0968122786304604 0.0814639905548996 0.0826446280991736 0.0755608028335301 0.206611570247934 0.076741440377804 0.0885478158205431 0.0885478158205431 0.0873671782762692 0.0802833530106257 0.0838252656434475 0.107438016528926 0 0.0731995277449823 0.100354191263282
"plaMeg" 0.0861865407319953 0.0365997638724911 0.038961038961039 0.0200708382526564 0.165289256198347 0.0318772136953955 0.0354191263282172 0.051948051948052 0.0672963400236127 0.0330578512396694 0.0283353010625738 0.0873671782762692 0.0731995277449823 0 0.0920897284533648
"podExp" 0.10271546635183 0.0920897284533648 0.0944510035419126 0.0920897284533648 0.220779220779221 0.0944510035419126 0.0909090909090909 0.100354191263282 0.0885478158205431 0.0885478158205431 0.0991735537190083 0.0826446280991736 0.100354191263282 0.0920897284533648 0
