"carIns" "cheAbi" "cheMyd" "cheSer" "chrPic" "cuoAmb" "cuoMcc" "derCor" "derMaw" "emySub" "gopAga" "malTer" "mesTub" "pelCas" "pelSin" "plaMeg" "podExp" "terMex"
"carIns" 0 0.122137404580153 0.129770992366412 0.137404580152672 0.120865139949109 0.127226463104326 0.122137404580153 0.133587786259542 0.141221374045802 0.119592875318066 0.120865139949109 0.120865139949109 0.139949109414758 0.17175572519084 0.128498727735369 0.115776081424936 0.187022900763359 0.114503816793893
"cheAbi" 0.122137404580153 0 0.0547073791348601 0.0610687022900763 0.044529262086514 0.0254452926208651 0.0229007633587786 0.0572519083969466 0.0699745547073791 0.0852417302798982 0.0114503816793893 0.0470737913486005 0.099236641221374 0.129770992366412 0.11323155216285 0.0381679389312977 0.137404580152672 0.0419847328244275
"cheMyd" 0.129770992366412 0.0547073791348601 0 0.0648854961832061 0.0458015267175573 0.0508905852417303 0.0508905852417303 0.0470737913486005 0.0725190839694656 0.0814249363867685 0.0483460559796438 0.0458015267175573 0.0928753180661578 0.125954198473282 0.110687022900763 0.0407124681933842 0.136132315521628 0.044529262086514
"cheSer" 0.137404580152672 0.0610687022900763 0.0648854961832061 0 0.0534351145038168 0.0610687022900763 0.0610687022900763 0.0674300254452926 0.0597964376590331 0.0928753180661578 0.0572519083969466 0.0534351145038168 0.106870229007634 0.137404580152672 0.114503816793893 0.0508905852417303 0.145038167938931 0.0521628498727735
"chrPic" 0.120865139949109 0.044529262086514 0.0458015267175573 0.0534351145038168 0 0.0419847328244275 0.0419847328244275 0.0534351145038168 0.0661577608142494 0.0776081424936387 0.0381679389312977 0.00508905852417303 0.0916030534351145 0.125954198473282 0.101781170483461 0.0190839694656489 0.132315521628499 0.0127226463104326
"cuoAmb" 0.127226463104326 0.0254452926208651 0.0508905852417303 0.0610687022900763 0.0419847328244275 0 0.00763358778625954 0.0585241730279898 0.0712468193384224 0.0865139949109415 0.0190839694656489 0.0470737913486005 0.101781170483461 0.131043256997455 0.10941475826972 0.0381679389312977 0.136132315521628 0.0419847328244275
"cuoMcc" 0.122137404580153 0.0229007633587786 0.0508905852417303 0.0610687022900763 0.0419847328244275 0.00763358778625954 0 0.0585241730279898 0.0712468193384224 0.0865139949109415 0.0190839694656489 0.0470737913486005 0.101781170483461 0.129770992366412 0.10941475826972 0.0356234096692112 0.137404580152672 0.0419847328244275
"derCor" 0.133587786259542 0.0572519083969466 0.0470737913486005 0.0674300254452926 0.0534351145038168 0.0585241730279898 0.0585241730279898 0 0.0776081424936387 0.094147582697201 0.0547073791348601 0.0559796437659033 0.104325699745547 0.128498727735369 0.115776081424936 0.0508905852417303 0.142493638676845 0.0521628498727735
"derMaw" 0.141221374045802 0.0699745547073791 0.0725190839694656 0.0597964376590331 0.0661577608142494 0.0712468193384224 0.0712468193384224 0.0776081424936387 0 0.0966921119592875 0.0674300254452926 0.0674300254452926 0.110687022900763 0.138676844783715 0.122137404580153 0.0661577608142494 0.143765903307888 0.0674300254452926
"emySub" 0.119592875318066 0.0852417302798982 0.0814249363867685 0.0928753180661578 0.0776081424936387 0.0865139949109415 0.0865139949109415 0.094147582697201 0.0966921119592875 0 0.0814249363867685 0.0814249363867685 0.0407124681933842 0.0979643765903308 0.0979643765903308 0.0763358778625954 0.118320610687023 0.0801526717557252
"gopAga" 0.120865139949109 0.0114503816793893 0.0483460559796438 0.0572519083969466 0.0381679389312977 0.0190839694656489 0.0190839694656489 0.0547073791348601 0.0674300254452926 0.0814249363867685 0 0.0407124681933842 0.0966921119592875 0.125954198473282 0.10941475826972 0.0343511450381679 0.132315521628499 0.0381679389312977
"malTer" 0.120865139949109 0.0470737913486005 0.0458015267175573 0.0534351145038168 0.00508905852417303 0.0470737913486005 0.0470737913486005 0.0559796437659033 0.0674300254452926 0.0814249363867685 0.0407124681933842 0 0.094147582697201 0.131043256997455 0.104325699745547 0.0190839694656489 0.134860050890585 0.0127226463104326
"mesTub" 0.139949109414758 0.099236641221374 0.0928753180661578 0.106870229007634 0.0916030534351145 0.101781170483461 0.101781170483461 0.104325699745547 0.110687022900763 0.0407124681933842 0.0966921119592875 0.094147582697201 0 0.111959287531807 0.114503816793893 0.089058524173028 0.128498727735369 0.0928753180661578
"pelCas" 0.17175572519084 0.129770992366412 0.125954198473282 0.137404580152672 0.125954198473282 0.131043256997455 0.129770992366412 0.128498727735369 0.138676844783715 0.0979643765903308 0.125954198473282 0.131043256997455 0.111959287531807 0 0.16030534351145 0.127226463104326 0.094147582697201 0.127226463104326
"pelSin" 0.128498727735369 0.11323155216285 0.110687022900763 0.114503816793893 0.101781170483461 0.10941475826972 0.10941475826972 0.115776081424936 0.122137404580153 0.0979643765903308 0.10941475826972 0.104325699745547 0.114503816793893 0.16030534351145 0 0.100508905852417 0.16793893129771 0.100508905852417
"plaMeg" 0.115776081424936 0.0381679389312977 0.0407124681933842 0.0508905852417303 0.0190839694656489 0.0381679389312977 0.0356234096692112 0.0508905852417303 0.0661577608142494 0.0763358778625954 0.0343511450381679 0.0190839694656489 0.089058524173028 0.127226463104326 0.100508905852417 0 0.134860050890585 0.0139949109414758
"podExp" 0.187022900763359 0.137404580152672 0.136132315521628 0.145038167938931 0.132315521628499 0.136132315521628 0.137404580152672 0.142493638676845 0.143765903307888 0.118320610687023 0.132315521628499 0.134860050890585 0.128498727735369 0.094147582697201 0.16793893129771 0.134860050890585 0 0.133587786259542
"terMex" 0.114503816793893 0.0419847328244275 0.044529262086514 0.0521628498727735 0.0127226463104326 0.0419847328244275 0.0419847328244275 0.0521628498727735 0.0674300254452926 0.0801526717557252 0.0381679389312977 0.0127226463104326 0.0928753180661578 0.127226463104326 0.100508905852417 0.0139949109414758 0.133587786259542 0
