"carIns" "cheAbi" "cheMyd" "cheSer" "chrPic" "cuoMcc" "derCor" "derMaw" "emySub" "gopAga" "malTer" "mesTub" "pelCas" "pelSin" "plaMeg" "podExp" "terMex"
"carIns" 0 0.174586776859504 0.107438016528926 0.106404958677686 0.150826446280992 0.493801652892562 0.106404958677686 0.111570247933884 0.115702479338843 0.106404958677686 0.194214876033058 0.132231404958678 0.143595041322314 0.130165289256198 0.103305785123967 0.141528925619835 0.103305785123967
"cheAbi" 0.174586776859504 0 0.114669421487603 0.110537190082645 0.165289256198347 0.495867768595041 0.109504132231405 0.122933884297521 0.131198347107438 0.0867768595041322 0.206611570247934 0.146694214876033 0.159090909090909 0.183884297520661 0.0981404958677686 0.168388429752066 0.107438016528926
"cheMyd" 0.107438016528926 0.114669421487603 0 0.0413223140495868 0.112603305785124 0.481404958677686 0.0299586776859504 0.0547520661157025 0.0702479338842975 0.0444214876033058 0.151859504132231 0.0888429752066116 0.0929752066115702 0.118801652892562 0.0444214876033058 0.104338842975207 0.0506198347107438
"cheSer" 0.106404958677686 0.110537190082645 0.0413223140495868 0 0.107438016528926 0.486570247933884 0.0382231404958678 0.0506198347107438 0.0640495867768595 0.0423553719008264 0.141528925619835 0.0857438016528926 0.0919421487603306 0.110537190082645 0.0361570247933884 0.0991735537190083 0.0464876033057851
"chrPic" 0.150826446280992 0.165289256198347 0.112603305785124 0.107438016528926 0 0.503099173553719 0.105371900826446 0.112603305785124 0.127066115702479 0.0991735537190083 0.183884297520661 0.141528925619835 0.153925619834711 0.168388429752066 0.0971074380165289 0.150826446280992 0.0888429752066116
"cuoMcc" 0.493801652892562 0.495867768595041 0.481404958677686 0.486570247933884 0.503099173553719 0 0.478305785123967 0.484504132231405 0.482438016528926 0.478305785123967 0.516528925619835 0.482438016528926 0.507231404958678 0.503099173553719 0.487603305785124 0.496900826446281 0.481404958677686
"derCor" 0.106404958677686 0.109504132231405 0.0299586776859504 0.0382231404958678 0.105371900826446 0.478305785123967 0 0.0495867768595041 0.0671487603305785 0.0392561983471074 0.147727272727273 0.0857438016528926 0.0981404958677686 0.114669421487603 0.0423553719008264 0.103305785123967 0.0454545454545455
"derMaw" 0.111570247933884 0.122933884297521 0.0547520661157025 0.0506198347107438 0.112603305785124 0.484504132231405 0.0495867768595041 0 0.0733471074380165 0.0526859504132231 0.158057851239669 0.0929752066115702 0.104338842975207 0.127066115702479 0.0423553719008264 0.108471074380165 0.0557851239669422
"emySub" 0.115702479338843 0.131198347107438 0.0702479338842975 0.0640495867768595 0.127066115702479 0.482438016528926 0.0671487603305785 0.0733471074380165 0 0.0671487603305785 0.166322314049587 0.0402892561983471 0.0836776859504132 0.122933884297521 0.0609504132231405 0.0836776859504132 0.0733471074380165
"gopAga" 0.106404958677686 0.0867768595041322 0.0444214876033058 0.0423553719008264 0.0991735537190083 0.478305785123967 0.0392561983471074 0.0526859504132231 0.0671487603305785 0 0.135330578512397 0.0878099173553719 0.0909090909090909 0.117768595041322 0.0278925619834711 0.102272727272727 0.0330578512396694
"malTer" 0.194214876033058 0.206611570247934 0.151859504132231 0.141528925619835 0.183884297520661 0.516528925619835 0.147727272727273 0.158057851239669 0.166322314049587 0.135330578512397 0 0.171487603305785 0.181818181818182 0.207644628099174 0.133264462809917 0.181818181818182 0.122933884297521
"mesTub" 0.132231404958678 0.146694214876033 0.0888429752066116 0.0857438016528926 0.141528925619835 0.482438016528926 0.0857438016528926 0.0929752066115702 0.0402892561983471 0.0878099173553719 0.171487603305785 0 0.0940082644628099 0.138429752066116 0.0836776859504132 0.0888429752066116 0.0898760330578512
"pelCas" 0.143595041322314 0.159090909090909 0.0929752066115702 0.0919421487603306 0.153925619834711 0.507231404958678 0.0981404958677686 0.104338842975207 0.0836776859504132 0.0909090909090909 0.181818181818182 0.0940082644628099 0 0.153925619834711 0.0940082644628099 0.0847107438016529 0.0971074380165289
"pelSin" 0.130165289256198 0.183884297520661 0.118801652892562 0.110537190082645 0.168388429752066 0.503099173553719 0.114669421487603 0.127066115702479 0.122933884297521 0.117768595041322 0.207644628099174 0.138429752066116 0.153925619834711 0 0.108471074380165 0.143595041322314 0.116735537190083
"plaMeg" 0.103305785123967 0.0981404958677686 0.0444214876033058 0.0361570247933884 0.0971074380165289 0.487603305785124 0.0423553719008264 0.0423553719008264 0.0609504132231405 0.0278925619834711 0.133264462809917 0.0836776859504132 0.0940082644628099 0.108471074380165 0 0.101239669421488 0.0340909090909091
"podExp" 0.141528925619835 0.168388429752066 0.104338842975207 0.0991735537190083 0.150826446280992 0.496900826446281 0.103305785123967 0.108471074380165 0.0836776859504132 0.102272727272727 0.181818181818182 0.0888429752066116 0.0847107438016529 0.143595041322314 0.101239669421488 0 0.107438016528926
"terMex" 0.103305785123967 0.107438016528926 0.0506198347107438 0.0464876033057851 0.0888429752066116 0.481404958677686 0.0454545454545455 0.0557851239669422 0.0733471074380165 0.0330578512396694 0.122933884297521 0.0898760330578512 0.0971074380165289 0.116735537190083 0.0340909090909091 0.107438016528926 0
