"carIns" "cheAbi" "cheMyd" "cheSer" "chrPic" "cuoAmb" "cuoMcc" "derCor" "derMaw" "emySub" "gopAga" "malTer" "mesTub" "pelCas" "pelSin" "plaMeg" "podExp" "terMex"
"carIns" 0 0.0939289805269187 0.112256586483391 0.104238258877434 0.0973654066437572 0.0950744558991982 0.0950744558991982 0.117983963344788 0.115693012600229 0.122565864833906 0.0996563573883162 0.0962199312714777 0.124856815578465 0.13631156930126 0.109965635738832 0.0950744558991982 0.145475372279496 0.100801832760596
"cheAbi" 0.0939289805269187 0 0.0526918671248568 0.0549828178694158 0.0309278350515464 0.0160366552119129 0.0148911798396334 0.0526918671248568 0.0595647193585338 0.0801832760595647 0.0160366552119129 0.0229095074455899 0.0710194730813287 0.0870561282932417 0.0904925544100802 0.0297823596792669 0.0950744558991982 0.0343642611683849
"cheMyd" 0.112256586483391 0.0526918671248568 0 0.0675830469644903 0.0538373424971363 0.0481099656357388 0.0469644902634593 0.0297823596792669 0.0710194730813287 0.0927835051546392 0.0549828178694158 0.0458190148911798 0.0801832760595647 0.0985108820160367 0.105383734249714 0.0504009163802978 0.103092783505155 0.0572737686139748
"cheSer" 0.104238258877434 0.0549828178694158 0.0675830469644903 0 0.0446735395189003 0.0504009163802978 0.0492554410080183 0.0675830469644903 0.0584192439862543 0.0893470790378007 0.0469644902634593 0.0492554410080183 0.0836197021764032 0.106529209621993 0.0927835051546392 0.0481099656357388 0.111111111111111 0.0469644902634593
"chrPic" 0.0973654066437572 0.0309278350515464 0.0538373424971363 0.0446735395189003 0 0.0263459335624284 0.0252004581901489 0.0538373424971363 0.0492554410080183 0.0744558991981672 0.0217640320733104 0.0103092783505155 0.0687285223367698 0.0859106529209622 0.0870561282932417 0.0183276059564719 0.0939289805269187 0.0183276059564719
"cuoAmb" 0.0950744558991982 0.0160366552119129 0.0481099656357388 0.0504009163802978 0.0263459335624284 0 0.00343642611683849 0.0504009163802978 0.0549828178694158 0.0710194730813287 0.0183276059564719 0.0183276059564719 0.0618556701030928 0.0813287514318442 0.0859106529209622 0.0252004581901489 0.0882016036655212 0.0297823596792669
"cuoMcc" 0.0950744558991982 0.0148911798396334 0.0469644902634593 0.0492554410080183 0.0252004581901489 0.00343642611683849 0 0.0492554410080183 0.0538373424971363 0.0721649484536082 0.0171821305841924 0.0171821305841924 0.0607101947308133 0.0801832760595647 0.0847651775486827 0.0240549828178694 0.0870561282932417 0.0286368843069874
"derCor" 0.117983963344788 0.0526918671248568 0.0297823596792669 0.0675830469644903 0.0538373424971363 0.0504009163802978 0.0492554410080183 0 0.0698739977090493 0.0916380297823597 0.0526918671248568 0.0458190148911798 0.0824742268041237 0.0996563573883162 0.109965635738832 0.0504009163802978 0.104238258877434 0.0595647193585338
"derMaw" 0.115693012600229 0.0595647193585338 0.0710194730813287 0.0584192439862543 0.0492554410080183 0.0549828178694158 0.0538373424971363 0.0698739977090493 0 0.0939289805269187 0.0538373424971363 0.0526918671248568 0.0836197021764032 0.109965635738832 0.104238258877434 0.0515463917525773 0.111111111111111 0.0515463917525773
"emySub" 0.122565864833906 0.0801832760595647 0.0927835051546392 0.0893470790378007 0.0744558991981672 0.0710194730813287 0.0721649484536082 0.0916380297823597 0.0939289805269187 0 0.0756013745704467 0.0744558991981672 0.0309278350515464 0.0710194730813287 0.11454753722795 0.0744558991981672 0.0756013745704467 0.0756013745704467
"gopAga" 0.0996563573883162 0.0160366552119129 0.0549828178694158 0.0469644902634593 0.0217640320733104 0.0183276059564719 0.0171821305841924 0.0526918671248568 0.0538373424971363 0.0756013745704467 0 0.0252004581901489 0.0721649484536082 0.0893470790378007 0.0939289805269187 0.0252004581901489 0.0996563573883162 0.0309278350515464
"malTer" 0.0962199312714777 0.0229095074455899 0.0458190148911798 0.0492554410080183 0.0103092783505155 0.0183276059564719 0.0171821305841924 0.0458190148911798 0.0526918671248568 0.0744558991981672 0.0252004581901489 0 0.0618556701030928 0.0813287514318442 0.0859106529209622 0.0206185567010309 0.0859106529209622 0.0160366552119129
"mesTub" 0.124856815578465 0.0710194730813287 0.0801832760595647 0.0836197021764032 0.0687285223367698 0.0618556701030928 0.0607101947308133 0.0824742268041237 0.0836197021764032 0.0309278350515464 0.0721649484536082 0.0618556701030928 0 0.0630011454753723 0.101947308132875 0.0675830469644903 0.0664375715922108 0.0641466208476518
"pelCas" 0.13631156930126 0.0870561282932417 0.0985108820160367 0.106529209621993 0.0859106529209622 0.0813287514318442 0.0801832760595647 0.0996563573883162 0.109965635738832 0.0710194730813287 0.0893470790378007 0.0813287514318442 0.0630011454753723 0 0.122565864833906 0.0859106529209622 0.0526918671248568 0.0893470790378007
"pelSin" 0.109965635738832 0.0904925544100802 0.105383734249714 0.0927835051546392 0.0870561282932417 0.0859106529209622 0.0847651775486827 0.109965635738832 0.104238258877434 0.11454753722795 0.0939289805269187 0.0859106529209622 0.101947308132875 0.122565864833906 0 0.0882016036655212 0.129438717067583 0.0893470790378007
"plaMeg" 0.0950744558991982 0.0297823596792669 0.0504009163802978 0.0481099656357388 0.0183276059564719 0.0252004581901489 0.0240549828178694 0.0504009163802978 0.0515463917525773 0.0744558991981672 0.0252004581901489 0.0206185567010309 0.0675830469644903 0.0859106529209622 0.0882016036655212 0 0.0962199312714777 0.0274914089347079
"podExp" 0.145475372279496 0.0950744558991982 0.103092783505155 0.111111111111111 0.0939289805269187 0.0882016036655212 0.0870561282932417 0.104238258877434 0.111111111111111 0.0756013745704467 0.0996563573883162 0.0859106529209622 0.0664375715922108 0.0526918671248568 0.129438717067583 0.0962199312714777 0 0.0973654066437572
"terMex" 0.100801832760596 0.0343642611683849 0.0572737686139748 0.0469644902634593 0.0183276059564719 0.0297823596792669 0.0286368843069874 0.0595647193585338 0.0515463917525773 0.0756013745704467 0.0309278350515464 0.0160366552119129 0.0641466208476518 0.0893470790378007 0.0893470790378007 0.0274914089347079 0.0973654066437572 0
