"cheAbi" "cheSer" "chrPic" "cuoAmb" "cuoMcc" "derMaw" "emySub" "gopAga" "mesTub" "pelSin" "podExp"
"cheAbi" 0 0.0379867046533713 0.0389363722697056 0.0246913580246914 0.0227920227920228 0.0493827160493827 0.103513770180437 0.0275403608736942 0.0987654320987654 0.102564102564103 0.11965811965812
"cheSer" 0.0379867046533713 0 0.037037037037037 0.0265906932573599 0.0246913580246914 0.037037037037037 0.0978157644824312 0.0389363722697056 0.0949667616334283 0.0968660968660969 0.111111111111111
"chrPic" 0.0389363722697056 0.037037037037037 0 0.0294396961063628 0.0275403608736942 0.0465337132003799 0.102564102564103 0.0398860398860399 0.0997150997150997 0.103513770180437 0.124406457739791
"cuoAmb" 0.0246913580246914 0.0265906932573599 0.0294396961063628 0 0.00379867046533713 0.0398860398860399 0.0930674264007597 0.0218423551756885 0.0883190883190883 0.0968660968660969 0.111111111111111
"cuoMcc" 0.0227920227920228 0.0246913580246914 0.0275403608736942 0.00379867046533713 0 0.0379867046533713 0.0911680911680912 0.0199430199430199 0.0864197530864197 0.0949667616334283 0.109211775878443
"derMaw" 0.0493827160493827 0.037037037037037 0.0465337132003799 0.0398860398860399 0.0379867046533713 0 0.105413105413105 0.0474833808167142 0.0978157644824312 0.0968660968660969 0.122507122507123
"emySub" 0.103513770180437 0.0978157644824312 0.102564102564103 0.0930674264007597 0.0911680911680912 0.105413105413105 0 0.105413105413105 0.0664767331433998 0.127255460588794 0.0997150997150997
"gopAga" 0.0275403608736942 0.0389363722697056 0.0398860398860399 0.0218423551756885 0.0199430199430199 0.0474833808167142 0.105413105413105 0 0.101614434947768 0.108262108262108 0.121557454890788
"mesTub" 0.0987654320987654 0.0949667616334283 0.0997150997150997 0.0883190883190883 0.0864197530864197 0.0978157644824312 0.0664767331433998 0.101614434947768 0 0.132003798670465 0.105413105413105
"pelSin" 0.102564102564103 0.0968660968660969 0.103513770180437 0.0968660968660969 0.0949667616334283 0.0968660968660969 0.127255460588794 0.108262108262108 0.132003798670465 0 0.15289648622982
"podExp" 0.11965811965812 0.111111111111111 0.124406457739791 0.111111111111111 0.109211775878443 0.122507122507123 0.0997150997150997 0.121557454890788 0.105413105413105 0.15289648622982 0
