"carIns" "cheAbi" "cheMyd" "cheSer" "chrPic" "cuoAmb" "cuoMcc" "derCor" "derMaw" "emySub" "gopAga" "malTer" "mesTub" "pelCas" "pelSin" "plaMeg" "podExp"
"carIns" 0 0.109628217349857 0.0972354623450906 0.0924690181124881 0.102001906577693 0.0981887511916111 0.0972354623450906 0.100095328884652 0.106768350810296 0.105815061963775 0.104861773117255 0.133460438512869 0.105815061963775 0.110581506196378 0.164918970448046 0.0924690181124881 0.130600571973308
"cheAbi" 0.109628217349857 0 0.0486177311725453 0.0457578646329838 0.0352716873212583 0.0285986653956149 0.0305052430886559 0.0600571973307912 0.0791229742612011 0.0877025738798856 0.0209723546234509 0.0657769304099142 0.0829361296472831 0.0848427073403241 0.150619637750238 0.0390848427073403 0.0962821734985701
"cheMyd" 0.0972354623450906 0.0486177311725453 0 0.0343183984747378 0.0467111534795043 0.0400381315538608 0.0400381315538608 0.0285986653956149 0.0629170638703527 0.0829361296472831 0.0457578646329838 0.0772163965681602 0.0791229742612011 0.0800762631077216 0.142993326978074 0.0438512869399428 0.0962821734985701
"cheSer" 0.0924690181124881 0.0457578646329838 0.0343183984747378 0 0.0390848427073403 0.0333651096282174 0.0343183984747378 0.0438512869399428 0.0562440419447092 0.0734032411820782 0.0419447092469018 0.0705433746425167 0.0686367969494757 0.0791229742612011 0.132507149666349 0.0352716873212583 0.0972354623450906
"chrPic" 0.102001906577693 0.0352716873212583 0.0467111534795043 0.0390848427073403 0 0.0219256434699714 0.0238322211630124 0.0505243088655863 0.0705433746425167 0.0800762631077216 0.0333651096282174 0.0352716873212583 0.0753098188751192 0.0819828408007626 0.142040038131554 0.0285986653956149 0.0915157292659676
"cuoAmb" 0.0981887511916111 0.0285986653956149 0.0400381315538608 0.0333651096282174 0.0219256434699714 0 0.00762631077216397 0.0457578646329838 0.0619637750238322 0.0762631077216397 0.0228789323164919 0.0543374642516683 0.0714966634890372 0.0800762631077216 0.139180171591992 0.0228789323164919 0.0972354623450906
"cuoMcc" 0.0972354623450906 0.0305052430886559 0.0400381315538608 0.0343183984747378 0.0238322211630124 0.00762631077216397 0 0.0438512869399428 0.0619637750238322 0.0762631077216397 0.0228789323164919 0.0562440419447092 0.0734032411820782 0.0772163965681602 0.138226882745472 0.0228789323164919 0.0981887511916111
"derCor" 0.100095328884652 0.0600571973307912 0.0285986653956149 0.0438512869399428 0.0505243088655863 0.0457578646329838 0.0438512869399428 0 0.0705433746425167 0.0896091515729266 0.0533841754051478 0.0810295519542421 0.0848427073403241 0.0886558627264061 0.147759771210677 0.0514775977121068 0.103908484270734
"derMaw" 0.106768350810296 0.0791229742612011 0.0629170638703527 0.0562440419447092 0.0705433746425167 0.0619637750238322 0.0619637750238322 0.0705433746425167 0 0.105815061963775 0.0724499523355577 0.102955195424214 0.0972354623450906 0.106768350810296 0.149666348903718 0.0591039084842707 0.127740705433746
"emySub" 0.105815061963775 0.0877025738798856 0.0829361296472831 0.0734032411820782 0.0800762631077216 0.0762631077216397 0.0762631077216397 0.0896091515729266 0.105815061963775 0 0.0800762631077216 0.106768350810296 0.0514775977121068 0.0819828408007626 0.155386081982841 0.0705433746425167 0.0915157292659676
"gopAga" 0.104861773117255 0.0209723546234509 0.0457578646329838 0.0419447092469018 0.0333651096282174 0.0228789323164919 0.0228789323164919 0.0533841754051478 0.0724499523355577 0.0800762631077216 0 0.0638703527168732 0.0762631077216397 0.0800762631077216 0.144899904671115 0.0343183984747378 0.0934223069590086
"malTer" 0.133460438512869 0.0657769304099142 0.0772163965681602 0.0705433746425167 0.0352716873212583 0.0543374642516683 0.0562440419447092 0.0810295519542421 0.102955195424214 0.106768350810296 0.0638703527168732 0 0.103908484270734 0.110581506196378 0.149666348903718 0.0600571973307912 0.121067683508103
"mesTub" 0.105815061963775 0.0829361296472831 0.0791229742612011 0.0686367969494757 0.0753098188751192 0.0714966634890372 0.0734032411820782 0.0848427073403241 0.0972354623450906 0.0514775977121068 0.0762631077216397 0.103908484270734 0 0.0800762631077216 0.15443279313632 0.0695900857959962 0.0962821734985701
"pelCas" 0.110581506196378 0.0848427073403241 0.0800762631077216 0.0791229742612011 0.0819828408007626 0.0800762631077216 0.0772163965681602 0.0886558627264061 0.106768350810296 0.0819828408007626 0.0800762631077216 0.110581506196378 0.0800762631077216 0 0.166825548141087 0.0743565300285987 0.0648236415633937
"pelSin" 0.164918970448046 0.150619637750238 0.142993326978074 0.132507149666349 0.142040038131554 0.139180171591992 0.138226882745472 0.147759771210677 0.149666348903718 0.155386081982841 0.144899904671115 0.149666348903718 0.15443279313632 0.166825548141087 0 0.136320305052431 0.181124880838894
"plaMeg" 0.0924690181124881 0.0390848427073403 0.0438512869399428 0.0352716873212583 0.0285986653956149 0.0228789323164919 0.0228789323164919 0.0514775977121068 0.0591039084842707 0.0705433746425167 0.0343183984747378 0.0600571973307912 0.0695900857959962 0.0743565300285987 0.136320305052431 0 0.0934223069590086
"podExp" 0.130600571973308 0.0962821734985701 0.0962821734985701 0.0972354623450906 0.0915157292659676 0.0972354623450906 0.0981887511916111 0.103908484270734 0.127740705433746 0.0915157292659676 0.0934223069590086 0.121067683508103 0.0962821734985701 0.0648236415633937 0.181124880838894 0.0934223069590086 0
