"carIns" "cheAbi" "cheMyd" "cheSer" "chrPic" "cuoMcc" "derCor" "derMaw" "emySub" "gopAga" "mesTub" "pelCas" "pelSin" "plaMeg" "podExp" "terMex"
"carIns" 0 0.198973042362003 0.119383825417202 0.128369704749679 0.0500641848523748 0.134788189987163 0.127086007702182 0.0564826700898588 0.0577663671373556 0.128369704749679 0.0603337612323492 0.0629011553273428 0.123234916559692 0.112965340179718 0.128369704749679 0.116816431322208
"cheAbi" 0.198973042362003 0 0.23620025673941 0.250320924261874 0.169448010269576 0.249037227214377 0.246469833119384 0.174582798459564 0.183568677792041 0.237483953786906 0.184852374839538 0.192554557124519 0.252888318356868 0.238767650834403 0.261874197689345 0.23620025673941
"cheMyd" 0.119383825417202 0.23620025673941 0 0.116816431322208 0.086007702182285 0.112965340179718 0.10783055198973 0.0937098844672657 0.102695763799743 0.10397946084724 0.101412066752246 0.109114249037227 0.124518613607189 0.112965340179718 0.118100128369705 0.0821566110397946
"cheSer" 0.128369704749679 0.250320924261874 0.116816431322208 0 0.0949935815147625 0.109114249037227 0.112965340179718 0.0975609756097561 0.110397946084724 0.101412066752246 0.115532734274711 0.120667522464698 0.133504492939666 0.109114249037227 0.146341463414634 0.10783055198973
"chrPic" 0.0500641848523748 0.169448010269576 0.086007702182285 0.0949935815147625 0 0.0975609756097561 0.0962772785622593 0.0192554557124519 0.030808729139923 0.0885750962772786 0.0346598202824134 0.0423620025673941 0.112965340179718 0.0847240051347882 0.115532734274711 0.0731707317073171
"cuoMcc" 0.134788189987163 0.249037227214377 0.112965340179718 0.109114249037227 0.0975609756097561 0 0.112965340179718 0.10397946084724 0.115532734274711 0.101412066752246 0.112965340179718 0.120667522464698 0.129653401797176 0.109114249037227 0.118100128369705 0.101412066752246
"derCor" 0.127086007702182 0.246469833119384 0.10783055198973 0.112965340179718 0.0962772785622593 0.112965340179718 0 0.0988446726572529 0.110397946084724 0.105263157894737 0.101412066752246 0.114249037227214 0.127086007702182 0.112965340179718 0.123234916559692 0.101412066752246
"derMaw" 0.0564826700898588 0.174582798459564 0.0937098844672657 0.0975609756097561 0.0192554557124519 0.10397946084724 0.0988446726572529 0 0.0359435173299101 0.0975609756097561 0.0359435173299101 0.0462130937098845 0.115532734274711 0.0911424903722722 0.115532734274711 0.0847240051347882
"emySub" 0.0577663671373556 0.183568677792041 0.102695763799743 0.110397946084724 0.030808729139923 0.115532734274711 0.110397946084724 0.0359435173299101 0 0.111681643132221 0.0269576379974326 0.0410783055198973 0.119383825417202 0.106546854942234 0.111681643132221 0.0988446726572529
"gopAga" 0.128369704749679 0.237483953786906 0.10397946084724 0.101412066752246 0.0885750962772786 0.101412066752246 0.105263157894737 0.0975609756097561 0.111681643132221 0 0.109114249037227 0.116816431322208 0.114249037227214 0.102695763799743 0.129653401797176 0.0718870346598203
"mesTub" 0.0603337612323492 0.184852374839538 0.101412066752246 0.115532734274711 0.0346598202824134 0.112965340179718 0.101412066752246 0.0359435173299101 0.0269576379974326 0.109114249037227 0 0.0410783055198973 0.116816431322208 0.102695763799743 0.109114249037227 0.0988446726572529
"pelCas" 0.0629011553273428 0.192554557124519 0.109114249037227 0.120667522464698 0.0423620025673941 0.120667522464698 0.114249037227214 0.0462130937098845 0.0410783055198973 0.116816431322208 0.0410783055198973 0 0.127086007702182 0.109114249037227 0.106546854942234 0.102695763799743
"pelSin" 0.123234916559692 0.252888318356868 0.124518613607189 0.133504492939666 0.112965340179718 0.129653401797176 0.127086007702182 0.115532734274711 0.119383825417202 0.114249037227214 0.116816431322208 0.127086007702182 0 0.118100128369705 0.147625160462131 0.118100128369705
"plaMeg" 0.112965340179718 0.238767650834403 0.112965340179718 0.109114249037227 0.0847240051347882 0.109114249037227 0.112965340179718 0.0911424903722722 0.106546854942234 0.102695763799743 0.102695763799743 0.109114249037227 0.118100128369705 0 0.13992297817715 0.0962772785622593
"podExp" 0.128369704749679 0.261874197689345 0.118100128369705 0.146341463414634 0.115532734274711 0.118100128369705 0.123234916559692 0.115532734274711 0.111681643132221 0.129653401797176 0.109114249037227 0.106546854942234 0.147625160462131 0.13992297817715 0 0.137355584082157
"terMex" 0.116816431322208 0.23620025673941 0.0821566110397946 0.10783055198973 0.0731707317073171 0.101412066752246 0.101412066752246 0.0847240051347882 0.0988446726572529 0.0718870346598203 0.0988446726572529 0.102695763799743 0.118100128369705 0.0962772785622593 0.137355584082157 0
