"cheAbi" "cheMyd" "cheSer" "chrPic" "cuoAmb" "cuoMcc" "derCor" "derMaw" "emySub" "gopAga" "malTer" "pelCas" "pelSin" "podExp" "terMex"
"cheAbi" 0 0.0511247443762781 0.0408997955010225 0.0316973415132924 0.0265848670756646 0.0224948875255624 0.0398773006134969 0.0449897750511247 0.0674846625766871 0.0153374233128834 0.0337423312883436 0.0736196319018405 0.0674846625766871 0.0879345603271984 0.0276073619631902
"cheMyd" 0.0511247443762781 0 0.0337423312883436 0.0388548057259714 0.0429447852760736 0.0429447852760736 0.0214723926380368 0.0398773006134969 0.0613496932515337 0.0480572597137014 0.0429447852760736 0.0787321063394683 0.0633946830265849 0.0940695296523517 0.0388548057259714
"cheSer" 0.0408997955010225 0.0337423312883436 0 0.032719836400818 0.032719836400818 0.032719836400818 0.0235173824130879 0.0378323108384458 0.0644171779141104 0.0357873210633947 0.0347648261758691 0.0756646216768916 0.0572597137014315 0.0889570552147239 0.0265848670756646
"chrPic" 0.0316973415132924 0.0388548057259714 0.032719836400818 0 0.0224948875255624 0.0214723926380368 0.0286298568507157 0.0388548057259714 0.0633946830265849 0.0265848670756646 0.00613496932515337 0.0725971370143149 0.0603271983640082 0.0807770961145194 0.0122699386503067
"cuoAmb" 0.0265848670756646 0.0429447852760736 0.032719836400818 0.0224948875255624 0 0.00613496932515337 0.0337423312883436 0.0419222903885481 0.0695296523517382 0.0194274028629857 0.0245398773006135 0.074642126789366 0.0603271983640082 0.0869120654396728 0.016359918200409
"cuoMcc" 0.0224948875255624 0.0429447852760736 0.032719836400818 0.0214723926380368 0.00613496932515337 0 0.0316973415132924 0.0378323108384458 0.0695296523517382 0.0153374233128834 0.0235173824130879 0.074642126789366 0.058282208588957 0.0869120654396728 0.0153374233128834
"derCor" 0.0398773006134969 0.0214723926380368 0.0235173824130879 0.0286298568507157 0.0337423312883436 0.0316973415132924 0 0.032719836400818 0.0572597137014315 0.0347648261758691 0.0306748466257669 0.0715746421267894 0.0531697341513292 0.0838445807770961 0.0265848670756646
"derMaw" 0.0449897750511247 0.0398773006134969 0.0378323108384458 0.0388548057259714 0.0419222903885481 0.0378323108384458 0.032719836400818 0 0.0685071574642127 0.0419222903885481 0.0429447852760736 0.0756646216768916 0.0633946830265849 0.0828220858895705 0.0368098159509202
"emySub" 0.0674846625766871 0.0613496932515337 0.0644171779141104 0.0633946830265849 0.0695296523517382 0.0695296523517382 0.0572597137014315 0.0685071574642127 0 0.0685071574642127 0.0685071574642127 0.0552147239263804 0.0787321063394683 0.0664621676891615 0.0644171779141104
"gopAga" 0.0153374233128834 0.0480572597137014 0.0357873210633947 0.0265848670756646 0.0194274028629857 0.0153374233128834 0.0347648261758691 0.0419222903885481 0.0685071574642127 0 0.0286298568507157 0.0725971370143149 0.0603271983640082 0.0848670756646217 0.0204498977505112
"malTer" 0.0337423312883436 0.0429447852760736 0.0347648261758691 0.00613496932515337 0.0245398773006135 0.0235173824130879 0.0306748466257669 0.0429447852760736 0.0685071574642127 0.0286298568507157 0 0.0777096114519427 0.0623721881390593 0.081799591002045 0.0143149284253579
"pelCas" 0.0736196319018405 0.0787321063394683 0.0756646216768916 0.0725971370143149 0.074642126789366 0.074642126789366 0.0715746421267894 0.0756646216768916 0.0552147239263804 0.0725971370143149 0.0777096114519427 0 0.0848670756646217 0.0511247443762781 0.0705521472392638
"pelSin" 0.0674846625766871 0.0633946830265849 0.0572597137014315 0.0603271983640082 0.0603271983640082 0.058282208588957 0.0531697341513292 0.0633946830265849 0.0787321063394683 0.0603271983640082 0.0623721881390593 0.0848670756646217 0 0.098159509202454 0.0541922290388548
"podExp" 0.0879345603271984 0.0940695296523517 0.0889570552147239 0.0807770961145194 0.0869120654396728 0.0869120654396728 0.0838445807770961 0.0828220858895705 0.0664621676891615 0.0848670756646217 0.081799591002045 0.0511247443762781 0.098159509202454 0 0.0797546012269939
"terMex" 0.0276073619631902 0.0388548057259714 0.0265848670756646 0.0122699386503067 0.016359918200409 0.0153374233128834 0.0265848670756646 0.0368098159509202 0.0644171779141104 0.0204498977505112 0.0143149284253579 0.0705521472392638 0.0541922290388548 0.0797546012269939 0
