"carIns" "cheAbi" "cheMyd" "cheSer" "chrPic" "cuoAmb" "cuoMcc" "derCor" "derMaw" "emySub" "gopAga" "malTer" "mesTub" "pelCas" "pelSin" "plaMeg" "podExp" "terMex"
"carIns" 0 0.0898268398268398 0.0844155844155844 0.0822510822510823 0.0833333333333333 0.0854978354978355 0.0854978354978355 0.0854978354978355 0.0876623376623377 0.0898268398268398 0.0865800865800866 0.0844155844155844 0.0930735930735931 0.116883116883117 0.127705627705628 0.0887445887445888 0.122294372294372 0.0822510822510823
"cheAbi" 0.0898268398268398 0 0.0465367965367965 0.04004329004329 0.0324675324675325 0.0205627705627706 0.0216450216450216 0.0443722943722944 0.051948051948052 0.0616883116883117 0.0173160173160173 0.0313852813852814 0.0703463203463204 0.0963203463203463 0.106060606060606 0.0313852813852814 0.109307359307359 0.0281385281385281
"cheMyd" 0.0844155844155844 0.0465367965367965 0 0.0227272727272727 0.0378787878787879 0.04004329004329 0.0422077922077922 0.0194805194805195 0.038961038961039 0.0649350649350649 0.0422077922077922 0.0346320346320346 0.0681818181818182 0.0909090909090909 0.100649350649351 0.0411255411255411 0.103896103896104 0.0313852813852814
"cheSer" 0.0822510822510823 0.04004329004329 0.0227272727272727 0 0.0270562770562771 0.0313852813852814 0.0313852813852814 0.0227272727272727 0.0292207792207792 0.0584415584415584 0.0313852813852814 0.0238095238095238 0.0606060606060606 0.0865800865800866 0.0974025974025974 0.0324675324675325 0.0995670995670996 0.0205627705627706
"chrPic" 0.0833333333333333 0.0324675324675325 0.0378787878787879 0.0270562770562771 0 0.025974025974026 0.025974025974026 0.0357142857142857 0.038961038961039 0.053030303030303 0.0238095238095238 0.00541125541125541 0.0616883116883117 0.0865800865800866 0.0974025974025974 0.0248917748917749 0.101731601731602 0.00865800865800866
"cuoAmb" 0.0854978354978355 0.0205627705627706 0.04004329004329 0.0313852813852814 0.025974025974026 0 0.00757575757575758 0.0378787878787879 0.0454545454545455 0.0595238095238095 0.0140692640692641 0.0248917748917749 0.0681818181818182 0.0898268398268398 0.100649350649351 0.0248917748917749 0.102813852813853 0.0216450216450216
"cuoMcc" 0.0854978354978355 0.0216450216450216 0.0422077922077922 0.0313852813852814 0.025974025974026 0.00757575757575758 0 0.04004329004329 0.0454545454545455 0.0595238095238095 0.012987012987013 0.0248917748917749 0.0681818181818182 0.091991341991342 0.100649350649351 0.0270562770562771 0.103896103896104 0.0216450216450216
"derCor" 0.0854978354978355 0.0443722943722944 0.0194805194805195 0.0227272727272727 0.0357142857142857 0.0378787878787879 0.04004329004329 0 0.038961038961039 0.0649350649350649 0.04004329004329 0.0324675324675325 0.0681818181818182 0.0898268398268398 0.101731601731602 0.038961038961039 0.0995670995670996 0.0292207792207792
"derMaw" 0.0876623376623377 0.051948051948052 0.038961038961039 0.0292207792207792 0.038961038961039 0.0454545454545455 0.0454545454545455 0.038961038961039 0 0.0595238095238095 0.0454545454545455 0.0378787878787879 0.0638528138528139 0.091991341991342 0.100649350649351 0.0443722943722944 0.0984848484848485 0.0367965367965368
"emySub" 0.0898268398268398 0.0616883116883117 0.0649350649350649 0.0584415584415584 0.053030303030303 0.0595238095238095 0.0595238095238095 0.0649350649350649 0.0595238095238095 0 0.0584415584415584 0.051948051948052 0.0476190476190476 0.0746753246753247 0.100649350649351 0.0606060606060606 0.0898268398268398 0.053030303030303
"gopAga" 0.0865800865800866 0.0173160173160173 0.0422077922077922 0.0313852813852814 0.0238095238095238 0.0140692640692641 0.012987012987013 0.04004329004329 0.0454545454545455 0.0584415584415584 0 0.0227272727272727 0.0681818181818182 0.091991341991342 0.104978354978355 0.0248917748917749 0.104978354978355 0.0194805194805195
"malTer" 0.0844155844155844 0.0313852813852814 0.0346320346320346 0.0238095238095238 0.00541125541125541 0.0248917748917749 0.0248917748917749 0.0324675324675325 0.0378787878787879 0.051948051948052 0.0227272727272727 0 0.0606060606060606 0.0854978354978355 0.0941558441558442 0.0238095238095238 0.100649350649351 0.00541125541125541
"mesTub" 0.0930735930735931 0.0703463203463204 0.0681818181818182 0.0606060606060606 0.0616883116883117 0.0681818181818182 0.0681818181818182 0.0681818181818182 0.0638528138528139 0.0476190476190476 0.0681818181818182 0.0606060606060606 0 0.0822510822510823 0.103896103896104 0.0670995670995671 0.0844155844155844 0.0595238095238095
"pelCas" 0.116883116883117 0.0963203463203463 0.0909090909090909 0.0865800865800866 0.0865800865800866 0.0898268398268398 0.091991341991342 0.0898268398268398 0.091991341991342 0.0746753246753247 0.091991341991342 0.0854978354978355 0.0822510822510823 0 0.12012987012987 0.0865800865800866 0.0735930735930736 0.0833333333333333
"pelSin" 0.127705627705628 0.106060606060606 0.100649350649351 0.0974025974025974 0.0974025974025974 0.100649350649351 0.100649350649351 0.101731601731602 0.100649350649351 0.100649350649351 0.104978354978355 0.0941558441558442 0.103896103896104 0.12012987012987 0 0.100649350649351 0.133116883116883 0.0930735930735931
"plaMeg" 0.0887445887445888 0.0313852813852814 0.0411255411255411 0.0324675324675325 0.0248917748917749 0.0248917748917749 0.0270562770562771 0.038961038961039 0.0443722943722944 0.0606060606060606 0.0248917748917749 0.0238095238095238 0.0670995670995671 0.0865800865800866 0.100649350649351 0 0.100649350649351 0.0205627705627706
"podExp" 0.122294372294372 0.109307359307359 0.103896103896104 0.0995670995670996 0.101731601731602 0.102813852813853 0.103896103896104 0.0995670995670996 0.0984848484848485 0.0898268398268398 0.104978354978355 0.100649350649351 0.0844155844155844 0.0735930735930736 0.133116883116883 0.100649350649351 0 0.0974025974025974
"terMex" 0.0822510822510823 0.0281385281385281 0.0313852813852814 0.0205627705627706 0.00865800865800866 0.0216450216450216 0.0216450216450216 0.0292207792207792 0.0367965367965368 0.053030303030303 0.0194805194805195 0.00541125541125541 0.0595238095238095 0.0833333333333333 0.0930735930735931 0.0205627705627706 0.0974025974025974 0
