"carIns" "cheAbi" "cheMyd" "cheSer" "chrPic" "cuoAmb" "cuoMcc" "derCor" "derMaw" "emySub" "gopAga" "malTer" "mesTub" "pelCas" "pelSin" "plaMeg" "podExp" "terMex"
"carIns" 0 0.0900900900900901 0.0950950950950951 0.0750750750750751 0.0850850850850851 0.0850850850850851 0.0820820820820821 0.103103103103103 0.0940940940940941 0.0890890890890891 0.0890890890890891 0.0900900900900901 0.0950950950950951 0.106106106106106 0.0980980980980981 0.0820820820820821 0.128128128128128 0.0790790790790791
"cheAbi" 0.0900900900900901 0 0.046046046046046 0.04004004004004 0.031031031031031 0.024024024024024 0.025025025025025 0.0540540540540541 0.0540540540540541 0.0630630630630631 0.021021021021021 0.037037037037037 0.0710710710710711 0.0810810810810811 0.0800800800800801 0.03003003003003 0.0980980980980981 0.027027027027027
"cheMyd" 0.0950950950950951 0.046046046046046 0 0.035035035035035 0.04004004004004 0.04004004004004 0.04004004004004 0.027027027027027 0.05005005005005 0.0650650650650651 0.039039039039039 0.046046046046046 0.0740740740740741 0.0820820820820821 0.0880880880880881 0.031031031031031 0.0990990990990991 0.036036036036036
"cheSer" 0.0750750750750751 0.04004004004004 0.035035035035035 0 0.027027027027027 0.03003003003003 0.027027027027027 0.045045045045045 0.033033033033033 0.05005005005005 0.032032032032032 0.032032032032032 0.0580580580580581 0.0670670670670671 0.0750750750750751 0.022022022022022 0.0880880880880881 0.021021021021021
"chrPic" 0.0850850850850851 0.031031031031031 0.04004004004004 0.027027027027027 0 0.021021021021021 0.018018018018018 0.049049049049049 0.041041041041041 0.052052052052052 0.023023023023023 0.013013013013013 0.0620620620620621 0.0720720720720721 0.0800800800800801 0.019019019019019 0.0920920920920921 0.00800800800800801
"cuoAmb" 0.0850850850850851 0.024024024024024 0.04004004004004 0.03003003003003 0.021021021021021 0 0.00700700700700701 0.047047047047047 0.044044044044044 0.0550550550550551 0.017017017017017 0.026026026026026 0.0630630630630631 0.0760760760760761 0.0810810810810811 0.02002002002002 0.0940940940940941 0.017017017017017
"cuoMcc" 0.0820820820820821 0.025025025025025 0.04004004004004 0.027027027027027 0.018018018018018 0.00700700700700701 0 0.048048048048048 0.041041041041041 0.052052052052052 0.017017017017017 0.023023023023023 0.0600600600600601 0.0730730730730731 0.0770770770770771 0.019019019019019 0.0910910910910911 0.014014014014014
"derCor" 0.103103103103103 0.0540540540540541 0.027027027027027 0.045045045045045 0.049049049049049 0.047047047047047 0.048048048048048 0 0.0560560560560561 0.0730730730730731 0.049049049049049 0.0560560560560561 0.0810810810810811 0.0920920920920921 0.0980980980980981 0.042042042042042 0.107107107107107 0.045045045045045
"derMaw" 0.0940940940940941 0.0540540540540541 0.05005005005005 0.033033033033033 0.041041041041041 0.044044044044044 0.041041041041041 0.0560560560560561 0 0.0630630630630631 0.046046046046046 0.048048048048048 0.0680680680680681 0.0820820820820821 0.0880880880880881 0.037037037037037 0.101101101101101 0.037037037037037
"emySub" 0.0890890890890891 0.0630630630630631 0.0650650650650651 0.05005005005005 0.052052052052052 0.0550550550550551 0.052052052052052 0.0730730730730731 0.0630630630630631 0 0.057057057057057 0.0560560560560561 0.031031031031031 0.0560560560560561 0.0880880880880881 0.047047047047047 0.0750750750750751 0.048048048048048
"gopAga" 0.0890890890890891 0.021021021021021 0.039039039039039 0.032032032032032 0.023023023023023 0.017017017017017 0.017017017017017 0.049049049049049 0.046046046046046 0.057057057057057 0 0.03003003003003 0.0670670670670671 0.0770770770770771 0.0790790790790791 0.022022022022022 0.0910910910910911 0.019019019019019
"malTer" 0.0900900900900901 0.037037037037037 0.046046046046046 0.032032032032032 0.013013013013013 0.026026026026026 0.023023023023023 0.0560560560560561 0.048048048048048 0.0560560560560561 0.03003003003003 0 0.0650650650650651 0.0790790790790791 0.0870870870870871 0.026026026026026 0.0990990990990991 0.015015015015015
"mesTub" 0.0950950950950951 0.0710710710710711 0.0740740740740741 0.0580580580580581 0.0620620620620621 0.0630630630630631 0.0600600600600601 0.0810810810810811 0.0680680680680681 0.031031031031031 0.0670670670670671 0.0650650650650651 0 0.052052052052052 0.0910910910910911 0.057057057057057 0.0750750750750751 0.0580580580580581
"pelCas" 0.106106106106106 0.0810810810810811 0.0820820820820821 0.0670670670670671 0.0720720720720721 0.0760760760760761 0.0730730730730731 0.0920920920920921 0.0820820820820821 0.0560560560560561 0.0770770770770771 0.0790790790790791 0.052052052052052 0 0.0990990990990991 0.0640640640640641 0.0710710710710711 0.0670670670670671
"pelSin" 0.0980980980980981 0.0800800800800801 0.0880880880880881 0.0750750750750751 0.0800800800800801 0.0810810810810811 0.0770770770770771 0.0980980980980981 0.0880880880880881 0.0880880880880881 0.0790790790790791 0.0870870870870871 0.0910910910910911 0.0990990990990991 0 0.0730730730730731 0.11011011011011 0.0740740740740741
"plaMeg" 0.0820820820820821 0.03003003003003 0.031031031031031 0.022022022022022 0.019019019019019 0.02002002002002 0.019019019019019 0.042042042042042 0.037037037037037 0.047047047047047 0.022022022022022 0.026026026026026 0.057057057057057 0.0640640640640641 0.0730730730730731 0 0.0830830830830831 0.015015015015015
"podExp" 0.128128128128128 0.0980980980980981 0.0990990990990991 0.0880880880880881 0.0920920920920921 0.0940940940940941 0.0910910910910911 0.107107107107107 0.101101101101101 0.0750750750750751 0.0910910910910911 0.0990990990990991 0.0750750750750751 0.0710710710710711 0.11011011011011 0.0830830830830831 0 0.0880880880880881
"terMex" 0.0790790790790791 0.027027027027027 0.036036036036036 0.021021021021021 0.00800800800800801 0.017017017017017 0.014014014014014 0.045045045045045 0.037037037037037 0.048048048048048 0.019019019019019 0.015015015015015 0.0580580580580581 0.0670670670670671 0.0740740740740741 0.015015015015015 0.0880880880880881 0
