"carIns" "cheAbi" "cheMyd" "chrPic" "derCor" "emySub" "gopAga" "mesTub" "pelCas" "pelSin" "podExp"
"carIns" 0 0.0752941176470588 0.0729411764705882 0.105882352941176 0.0847058823529412 0.134117647058824 0.117647058823529 0.150588235294118 0.0917647058823529 0.122352941176471 0.150588235294118
"cheAbi" 0.0752941176470588 0 0.0211764705882353 0.0588235294117647 0.0352941176470588 0.124705882352941 0.0588235294117647 0.155294117647059 0.0823529411764706 0.101176470588235 0.171764705882353
"cheMyd" 0.0729411764705882 0.0211764705882353 0 0.0611764705882353 0.0305882352941176 0.122352941176471 0.0705882352941176 0.148235294117647 0.0776470588235294 0.101176470588235 0.169411764705882
"chrPic" 0.105882352941176 0.0588235294117647 0.0611764705882353 0 0.0752941176470588 0.108235294117647 0.0447058823529412 0.150588235294118 0.117647058823529 0.115294117647059 0.167058823529412
"derCor" 0.0847058823529412 0.0352941176470588 0.0305882352941176 0.0752941176470588 0 0.122352941176471 0.0847058823529412 0.155294117647059 0.08 0.112941176470588 0.169411764705882
"emySub" 0.134117647058824 0.124705882352941 0.122352941176471 0.108235294117647 0.122352941176471 0 0.122352941176471 0.143529411764706 0.110588235294118 0.145882352941176 0.16
"gopAga" 0.117647058823529 0.0588235294117647 0.0705882352941176 0.0447058823529412 0.0847058823529412 0.122352941176471 0 0.167058823529412 0.127058823529412 0.110588235294118 0.183529411764706
"mesTub" 0.150588235294118 0.155294117647059 0.148235294117647 0.150588235294118 0.155294117647059 0.143529411764706 0.167058823529412 0 0.141176470588235 0.185882352941176 0.155294117647059
"pelCas" 0.0917647058823529 0.0823529411764706 0.0776470588235294 0.117647058823529 0.08 0.110588235294118 0.127058823529412 0.141176470588235 0 0.136470588235294 0.148235294117647
"pelSin" 0.122352941176471 0.101176470588235 0.101176470588235 0.115294117647059 0.112941176470588 0.145882352941176 0.110588235294118 0.185882352941176 0.136470588235294 0 0.185882352941176
"podExp" 0.150588235294118 0.171764705882353 0.169411764705882 0.167058823529412 0.169411764705882 0.16 0.183529411764706 0.155294117647059 0.148235294117647 0.185882352941176 0
