"carIns" "cheAbi" "cheMyd" "cheSer" "chrPic" "cuoAmb" "cuoMcc" "derCor" "derMaw" "emySub" "gopAga" "malTer" "mesTub" "pelCas" "pelSin" "plaMeg" "podExp" "terMex"
"carIns" 0 0.17513611615245 0.180580762250454 0.172413793103448 0.169691470054446 0.17967332123412 0.178765880217786 0.183303085299456 0.215063520871143 0.215063520871143 0.17513611615245 0.172413793103448 0.210526315789474 0.238656987295826 0.512704174228675 0.17059891107078 0.261343012704174 0.166969147005445
"cheAbi" 0.17513611615245 0 0.0680580762250454 0.0662431941923775 0.0417422867513612 0.029038112522686 0.0272232304900181 0.0689655172413793 0.142468239564428 0.131578947368421 0.0217785843920145 0.0426497277676951 0.137931034482759 0.171506352087114 0.515426497277677 0.043557168784029 0.195099818511797 0.0426497277676951
"cheMyd" 0.180580762250454 0.0680580762250454 0 0.058983666061706 0.0607985480943739 0.0680580762250454 0.0662431941923775 0.0517241379310345 0.138838475499093 0.148820326678766 0.0689655172413793 0.0598911070780399 0.147912885662432 0.176043557168784 0.518148820326679 0.0617059891107078 0.193284936479129 0.0598911070780399
"cheSer" 0.172413793103448 0.0662431941923775 0.058983666061706 0 0.0499092558983666 0.0626134301270417 0.0607985480943739 0.0526315789473684 0.137023593466425 0.143375680580762 0.0644283121597096 0.0499092558983666 0.142468239564428 0.172413793103448 0.513611615245009 0.0508166969147005 0.197822141560799 0.0490018148820327
"chrPic" 0.169691470054446 0.0417422867513612 0.0607985480943739 0.0499092558983666 0 0.0399274047186933 0.0381125226860254 0.0607985480943739 0.127949183303085 0.127041742286751 0.0417422867513612 0.00362976406533575 0.129764065335753 0.161524500907441 0.513611615245009 0.0245009074410163 0.191470054446461 0.0108892921960073
"cuoAmb" 0.17967332123412 0.029038112522686 0.0680580762250454 0.0626134301270417 0.0399274047186933 0 0.00816696914700544 0.0653357531760436 0.139745916515427 0.136116152450091 0.0326678765880218 0.0426497277676951 0.139745916515427 0.173321234119782 0.514519056261343 0.0417422867513612 0.196914700544465 0.0408348457350272
"cuoMcc" 0.178765880217786 0.0272232304900181 0.0662431941923775 0.0607985480943739 0.0381125226860254 0.00816696914700544 0 0.0617059891107078 0.137023593466425 0.134301270417423 0.0308529945553539 0.0408348457350272 0.137931034482759 0.171506352087114 0.511796733212341 0.0399274047186933 0.196914700544465 0.0390199637023593
"derCor" 0.183303085299456 0.0689655172413793 0.0517241379310345 0.0526315789473684 0.0607985480943739 0.0653357531760436 0.0617059891107078 0 0.14519056261343 0.146098003629764 0.0689655172413793 0.0598911070780399 0.147005444646098 0.176950998185118 0.527223230490018 0.0626134301270417 0.194192377495463 0.058983666061706
"derMaw" 0.215063520871143 0.142468239564428 0.138838475499093 0.137023593466425 0.127949183303085 0.139745916515427 0.137023593466425 0.14519056261343 0 0.191470054446461 0.138838475499093 0.127949183303085 0.196007259528131 0.215063520871143 0.519056261343013 0.130671506352087 0.233212341197822 0.127949183303085
"emySub" 0.215063520871143 0.131578947368421 0.148820326678766 0.143375680580762 0.127041742286751 0.136116152450091 0.134301270417423 0.146098003629764 0.191470054446461 0 0.128856624319419 0.130671506352087 0.0980036297640653 0.165154264972777 0.523593466424682 0.12431941923775 0.186932849364791 0.126134301270417
"gopAga" 0.17513611615245 0.0217785843920145 0.0689655172413793 0.0644283121597096 0.0417422867513612 0.0326678765880218 0.0308529945553539 0.0689655172413793 0.138838475499093 0.128856624319419 0 0.0408348457350272 0.137931034482759 0.171506352087114 0.517241379310345 0.043557168784029 0.194192377495463 0.0426497277676951
"malTer" 0.172413793103448 0.0426497277676951 0.0598911070780399 0.0499092558983666 0.00362976406533575 0.0426497277676951 0.0408348457350272 0.0598911070780399 0.127949183303085 0.130671506352087 0.0408348457350272 0 0.133393829401089 0.163339382940109 0.515426497277677 0.0281306715063521 0.193284936479129 0.014519056261343
"mesTub" 0.210526315789474 0.137931034482759 0.147912885662432 0.142468239564428 0.129764065335753 0.139745916515427 0.137931034482759 0.147005444646098 0.196007259528131 0.0980036297640653 0.137931034482759 0.133393829401089 0 0.167876588021779 0.518148820326679 0.127041742286751 0.193284936479129 0.129764065335753
"pelCas" 0.238656987295826 0.171506352087114 0.176043557168784 0.172413793103448 0.161524500907441 0.173321234119782 0.171506352087114 0.176950998185118 0.215063520871143 0.165154264972777 0.171506352087114 0.163339382940109 0.167876588021779 0 0.497277676950998 0.160617059891107 0.192377495462795 0.162431941923775
"pelSin" 0.512704174228675 0.515426497277677 0.518148820326679 0.513611615245009 0.513611615245009 0.514519056261343 0.511796733212341 0.527223230490018 0.519056261343013 0.523593466424682 0.517241379310345 0.515426497277677 0.518148820326679 0.497277676950998 0 0.516333938294011 0.52540834845735 0.512704174228675
"plaMeg" 0.17059891107078 0.043557168784029 0.0617059891107078 0.0508166969147005 0.0245009074410163 0.0417422867513612 0.0399274047186933 0.0626134301270417 0.130671506352087 0.12431941923775 0.043557168784029 0.0281306715063521 0.127041742286751 0.160617059891107 0.516333938294011 0 0.189655172413793 0.0254083484573503
"podExp" 0.261343012704174 0.195099818511797 0.193284936479129 0.197822141560799 0.191470054446461 0.196914700544465 0.196914700544465 0.194192377495463 0.233212341197822 0.186932849364791 0.194192377495463 0.193284936479129 0.193284936479129 0.192377495462795 0.52540834845735 0.189655172413793 0 0.187840290381125
"terMex" 0.166969147005445 0.0426497277676951 0.0598911070780399 0.0490018148820327 0.0108892921960073 0.0408348457350272 0.0390199637023593 0.058983666061706 0.127949183303085 0.126134301270417 0.0426497277676951 0.014519056261343 0.129764065335753 0.162431941923775 0.512704174228675 0.0254083484573503 0.187840290381125 0
