"carIns" "cheAbi" "cheMyd" "cheSer" "chrPic" "cuoAmb" "cuoMcc" "derCor" "derMaw" "emySub" "gopAga" "malTer" "mesTub" "pelCas" "pelSin" "plaMeg" "podExp" "terMex"
"carIns" 0 0.0515191545574637 0.059445178335535 0.0449141347424042 0.0435931307793923 0.0449141347424042 0.0449141347424042 0.0528401585204756 0.0501981505944518 0.0528401585204756 0.0528401585204756 0.0488771466314399 0.0515191545574637 0.0554821664464993 0.0435931307793923 0.0449141347424042 0.0700132100396301 0.0422721268163804
"cheAbi" 0.0515191545574637 0 0.0290620871862616 0.0145310435931308 0.0158520475561427 0.011889035667107 0.011889035667107 0.0264200792602378 0.0250990752972259 0.0515191545574637 0.0171730515191546 0.0184940554821664 0.047556142668428 0.0449141347424042 0.047556142668428 0.0145310435931308 0.0673712021136063 0.0171730515191546
"cheMyd" 0.059445178335535 0.0290620871862616 0 0.0198150594451783 0.0264200792602378 0.0224570673712021 0.0224570673712021 0.0211360634081902 0.0317040951122853 0.0488771466314399 0.0330250990752972 0.0264200792602378 0.047556142668428 0.0528401585204756 0.0581241743725231 0.0224570673712021 0.0739762219286658 0.0250990752972259
"cheSer" 0.0449141347424042 0.0145310435931308 0.0198150594451783 0 0.00924702774108322 0.00528401585204756 0.00528401585204756 0.0171730515191546 0.0145310435931308 0.0396301188903567 0.0158520475561427 0.011889035667107 0.0330250990752972 0.0369881109643329 0.0435931307793923 0.00528401585204756 0.059445178335535 0.00792602377807133
"chrPic" 0.0435931307793923 0.0158520475561427 0.0264200792602378 0.00924702774108322 0 0.00660501981505945 0.00660501981505945 0.0211360634081902 0.0211360634081902 0.0462351387054161 0.0198150594451783 0.00528401585204756 0.0369881109643329 0.0409511228533686 0.0435931307793923 0.00660501981505945 0.0581241743725231 0.00396301188903567
"cuoAmb" 0.0449141347424042 0.011889035667107 0.0224570673712021 0.00528401585204756 0.00660501981505945 0 0 0.0171730515191546 0.0171730515191546 0.0449141347424042 0.0158520475561427 0.00924702774108322 0.0383091149273448 0.0396301188903567 0.0383091149273448 0.00528401585204756 0.059445178335535 0.00792602377807133
"cuoMcc" 0.0449141347424042 0.011889035667107 0.0224570673712021 0.00528401585204756 0.00660501981505945 0 0 0.0171730515191546 0.0171730515191546 0.0449141347424042 0.0158520475561427 0.00924702774108322 0.0383091149273448 0.0396301188903567 0.0383091149273448 0.00528401585204756 0.059445178335535 0.00792602377807133
"derCor" 0.0528401585204756 0.0264200792602378 0.0211360634081902 0.0171730515191546 0.0211360634081902 0.0171730515191546 0.0171730515191546 0 0.0277410832232497 0.047556142668428 0.0277410832232497 0.0211360634081902 0.0435931307793923 0.0501981505944518 0.0515191545574637 0.0171730515191546 0.0686922060766182 0.0198150594451783
"derMaw" 0.0501981505944518 0.0250990752972259 0.0317040951122853 0.0145310435931308 0.0211360634081902 0.0171730515191546 0.0171730515191546 0.0277410832232497 0 0.0501981505944518 0.0250990752972259 0.023778071334214 0.0462351387054161 0.0501981505944518 0.0488771466314399 0.0171730515191546 0.0726552179656539 0.0198150594451783
"emySub" 0.0528401585204756 0.0515191545574637 0.0488771466314399 0.0396301188903567 0.0462351387054161 0.0449141347424042 0.0449141347424042 0.047556142668428 0.0501981505944518 0 0.0541611624834875 0.0435931307793923 0.0184940554821664 0.0330250990752972 0.0541611624834875 0.0449141347424042 0.0541611624834875 0.0449141347424042
"gopAga" 0.0528401585204756 0.0171730515191546 0.0330250990752972 0.0158520475561427 0.0198150594451783 0.0158520475561427 0.0158520475561427 0.0277410832232497 0.0250990752972259 0.0541611624834875 0 0.0224570673712021 0.0488771466314399 0.0528401585204756 0.0515191545574637 0.0158520475561427 0.0726552179656539 0.0184940554821664
"malTer" 0.0488771466314399 0.0184940554821664 0.0264200792602378 0.011889035667107 0.00528401585204756 0.00924702774108322 0.00924702774108322 0.0211360634081902 0.023778071334214 0.0435931307793923 0.0224570673712021 0 0.0396301188903567 0.0435931307793923 0.0462351387054161 0.00924702774108322 0.0607661822985469 0.00924702774108322
"mesTub" 0.0515191545574637 0.047556142668428 0.047556142668428 0.0330250990752972 0.0369881109643329 0.0383091149273448 0.0383091149273448 0.0435931307793923 0.0462351387054161 0.0184940554821664 0.0488771466314399 0.0396301188903567 0 0.0303830911492734 0.0554821664464993 0.0383091149273448 0.0528401585204756 0.035667107001321
"pelCas" 0.0554821664464993 0.0449141347424042 0.0528401585204756 0.0369881109643329 0.0409511228533686 0.0396301188903567 0.0396301188903567 0.0501981505944518 0.0501981505944518 0.0330250990752972 0.0528401585204756 0.0435931307793923 0.0303830911492734 0 0.0515191545574637 0.0422721268163804 0.0409511228533686 0.0422721268163804
"pelSin" 0.0435931307793923 0.047556142668428 0.0581241743725231 0.0435931307793923 0.0435931307793923 0.0383091149273448 0.0383091149273448 0.0515191545574637 0.0488771466314399 0.0541611624834875 0.0515191545574637 0.0462351387054161 0.0554821664464993 0.0515191545574637 0 0.0435931307793923 0.071334214002642 0.0462351387054161
"plaMeg" 0.0449141347424042 0.0145310435931308 0.0224570673712021 0.00528401585204756 0.00660501981505945 0.00528401585204756 0.00528401585204756 0.0171730515191546 0.0171730515191546 0.0449141347424042 0.0158520475561427 0.00924702774108322 0.0383091149273448 0.0422721268163804 0.0435931307793923 0 0.0620871862615588 0.00528401585204756
"podExp" 0.0700132100396301 0.0673712021136063 0.0739762219286658 0.059445178335535 0.0581241743725231 0.059445178335535 0.059445178335535 0.0686922060766182 0.0726552179656539 0.0541611624834875 0.0726552179656539 0.0607661822985469 0.0528401585204756 0.0409511228533686 0.071334214002642 0.0620871862615588 0 0.059445178335535
"terMex" 0.0422721268163804 0.0171730515191546 0.0250990752972259 0.00792602377807133 0.00396301188903567 0.00792602377807133 0.00792602377807133 0.0198150594451783 0.0198150594451783 0.0449141347424042 0.0184940554821664 0.00924702774108322 0.035667107001321 0.0422721268163804 0.0462351387054161 0.00528401585204756 0.059445178335535 0
