"carIns" "cheAbi" "cheMyd" "cheSer" "chrPic" "cuoAmb" "cuoMcc" "derCor" "derMaw" "emySub" "gopAga" "malTer" "mesTub" "pelCas" "pelSin" "plaMeg" "podExp" "terMex"
"carIns" 0 0.110782865583456 0.103397341211226 0.0930576070901034 0.10192023633678 0.10192023633678 0.103397341211226 0.0974889217134417 0.10192023633678 0.116691285081241 0.10930576070901 0.103397341211226 0.125553914327917 0.141802067946824 0.104874446085672 0.100443131462334 0.134416543574594 0.0974889217134417
"cheAbi" 0.110782865583456 0 0.069423929098966 0.0546528803545052 0.0324963072378139 0.0457902511078287 0.0251107828655835 0.0443131462333826 0.0398818316100443 0.110782865583456 0.0428360413589365 0.0354505169867061 0.116691285081241 0.0989660265878877 0.0753323485967504 0.0324963072378139 0.112259970457903 0.0295420974889217
"cheMyd" 0.103397341211226 0.069423929098966 0 0.0664697193500739 0.0561299852289513 0.0605612998522895 0.0605612998522895 0.0487444608567208 0.0605612998522895 0.0989660265878877 0.0649926144756278 0.0561299852289513 0.112259970457903 0.115214180206795 0.0930576070901034 0.0531757754800591 0.129985228951256 0.051698670605613
"cheSer" 0.0930576070901034 0.0546528803545052 0.0664697193500739 0 0.0502215657311669 0.0531757754800591 0.0457902511078287 0.0546528803545052 0.051698670605613 0.0989660265878877 0.0590841949778434 0.0502215657311669 0.0989660265878877 0.113737075332349 0.0886262924667651 0.0472673559822747 0.121122599704579 0.0443131462333826
"chrPic" 0.10192023633678 0.0324963072378139 0.0561299852289513 0.0502215657311669 0 0.0457902511078287 0.0221565731166913 0.03397341211226 0.0280649926144756 0.0989660265878877 0.0502215657311669 0.00590841949778434 0.107828655834564 0.0945347119645495 0.0635155096011817 0.0147710487444609 0.110782865583456 0.00886262924667651
"cuoAmb" 0.10192023633678 0.0457902511078287 0.0605612998522895 0.0531757754800591 0.0457902511078287 0 0.0384047267355982 0.0605612998522895 0.0546528803545052 0.0974889217134417 0.0472673559822747 0.0487444608567208 0.110782865583456 0.10930576070901 0.0871491875923191 0.0457902511078287 0.127031019202363 0.0443131462333826
"cuoMcc" 0.103397341211226 0.0251107828655835 0.0605612998522895 0.0457902511078287 0.0221565731166913 0.0384047267355982 0 0.0369276218611521 0.0324963072378139 0.0989660265878877 0.0428360413589365 0.0221565731166913 0.106351550960118 0.0930576070901034 0.0635155096011817 0.0221565731166913 0.106351550960118 0.0221565731166913
"derCor" 0.0974889217134417 0.0443131462333826 0.0487444608567208 0.0546528803545052 0.03397341211226 0.0605612998522895 0.0369276218611521 0 0.0384047267355982 0.103397341211226 0.0620384047267356 0.0310192023633678 0.112259970457903 0.0974889217134417 0.06794682422452 0.0310192023633678 0.104874446085672 0.0310192023633678
"derMaw" 0.10192023633678 0.0398818316100443 0.0605612998522895 0.051698670605613 0.0280649926144756 0.0546528803545052 0.0324963072378139 0.0384047267355982 0 0.0974889217134417 0.0546528803545052 0.0280649926144756 0.10930576070901 0.0960118168389956 0.0649926144756278 0.0221565731166913 0.10192023633678 0.0251107828655835
"emySub" 0.116691285081241 0.110782865583456 0.0989660265878877 0.0989660265878877 0.0989660265878877 0.0974889217134417 0.0989660265878877 0.103397341211226 0.0974889217134417 0 0.104874446085672 0.0989660265878877 0.0738552437223043 0.10930576070901 0.121122599704579 0.0960118168389956 0.107828655834564 0.0945347119645495
"gopAga" 0.10930576070901 0.0428360413589365 0.0649926144756278 0.0590841949778434 0.0502215657311669 0.0472673559822747 0.0428360413589365 0.0620384047267356 0.0546528803545052 0.104874446085672 0 0.0531757754800591 0.122599704579025 0.121122599704579 0.0901033973412112 0.0502215657311669 0.128508124076809 0.0487444608567208
"malTer" 0.103397341211226 0.0354505169867061 0.0561299852289513 0.0502215657311669 0.00590841949778434 0.0487444608567208 0.0221565731166913 0.0310192023633678 0.0280649926144756 0.0989660265878877 0.0531757754800591 0 0.107828655834564 0.0945347119645495 0.0649926144756278 0.0147710487444609 0.110782865583456 0.00886262924667651
"mesTub" 0.125553914327917 0.116691285081241 0.112259970457903 0.0989660265878877 0.107828655834564 0.110782865583456 0.106351550960118 0.112259970457903 0.10930576070901 0.0738552437223043 0.122599704579025 0.107828655834564 0 0.110782865583456 0.116691285081241 0.107828655834564 0.113737075332349 0.107828655834564
"pelCas" 0.141802067946824 0.0989660265878877 0.115214180206795 0.113737075332349 0.0945347119645495 0.10930576070901 0.0930576070901034 0.0974889217134417 0.0960118168389956 0.10930576070901 0.121122599704579 0.0945347119645495 0.110782865583456 0 0.118168389955687 0.0915805022156573 0.0782865583456425 0.0945347119645495
"pelSin" 0.104874446085672 0.0753323485967504 0.0930576070901034 0.0886262924667651 0.0635155096011817 0.0871491875923191 0.0635155096011817 0.06794682422452 0.0649926144756278 0.121122599704579 0.0901033973412112 0.0649926144756278 0.116691285081241 0.118168389955687 0 0.0605612998522895 0.110782865583456 0.0635155096011817
"plaMeg" 0.100443131462334 0.0324963072378139 0.0531757754800591 0.0472673559822747 0.0147710487444609 0.0457902511078287 0.0221565731166913 0.0310192023633678 0.0221565731166913 0.0960118168389956 0.0502215657311669 0.0147710487444609 0.107828655834564 0.0915805022156573 0.0605612998522895 0 0.10192023633678 0.0118168389955687
"podExp" 0.134416543574594 0.112259970457903 0.129985228951256 0.121122599704579 0.110782865583456 0.127031019202363 0.106351550960118 0.104874446085672 0.10192023633678 0.107828655834564 0.128508124076809 0.110782865583456 0.113737075332349 0.0782865583456425 0.110782865583456 0.10192023633678 0 0.104874446085672
"terMex" 0.0974889217134417 0.0295420974889217 0.051698670605613 0.0443131462333826 0.00886262924667651 0.0443131462333826 0.0221565731166913 0.0310192023633678 0.0251107828655835 0.0945347119645495 0.0487444608567208 0.00886262924667651 0.107828655834564 0.0945347119645495 0.0635155096011817 0.0118168389955687 0.104874446085672 0
