"carIns" "cheAbi" "chrPic" "cuoAmb" "cuoMcc" "derCor" "derMaw" "emySub" "gopAga" "malTer" "mesTub" "pelCas" "pelSin" "plaMeg" "terMex"
"carIns" 0 0.0848708487084871 0.0848708487084871 0.0848708487084871 0.0811808118081181 0.0897908979089791 0.0873308733087331 0.0934809348093481 0.0885608856088561 0.0811808118081181 0.104551045510455 0.108241082410824 0.0750307503075031 0.0836408364083641 0.0811808118081181
"cheAbi" 0.0848708487084871 0 0.020910209102091 0.014760147601476 0.011070110701107 0.041820418204182 0.03690036900369 0.040590405904059 0.017220172201722 0.019680196801968 0.0590405904059041 0.0627306273062731 0.0627306273062731 0.019680196801968 0.017220172201722
"chrPic" 0.0848708487084871 0.020910209102091 0 0.015990159901599 0.01230012300123 0.038130381303813 0.030750307503075 0.043050430504305 0.023370233702337 0.003690036900369 0.0590405904059041 0.0615006150061501 0.0578105781057811 0.013530135301353 0.003690036900369
"cuoAmb" 0.0848708487084871 0.014760147601476 0.015990159901599 0 0.003690036900369 0.041820418204182 0.034440344403444 0.038130381303813 0.014760147601476 0.014760147601476 0.056580565805658 0.0578105781057811 0.0590405904059041 0.014760147601476 0.01230012300123
"cuoMcc" 0.0811808118081181 0.011070110701107 0.01230012300123 0.003690036900369 0 0.038130381303813 0.030750307503075 0.038130381303813 0.013530135301353 0.011070110701107 0.056580565805658 0.0578105781057811 0.0578105781057811 0.011070110701107 0.00861008610086101
"derCor" 0.0897908979089791 0.041820418204182 0.038130381303813 0.041820418204182 0.038130381303813 0 0.04920049200492 0.056580565805658 0.044280442804428 0.034440344403444 0.0713407134071341 0.0762607626076261 0.0738007380073801 0.039360393603936 0.034440344403444
"derMaw" 0.0873308733087331 0.03690036900369 0.030750307503075 0.034440344403444 0.030750307503075 0.04920049200492 0 0.050430504305043 0.039360393603936 0.027060270602706 0.0651906519065191 0.0651906519065191 0.0651906519065191 0.031980319803198 0.027060270602706
"emySub" 0.0934809348093481 0.040590405904059 0.043050430504305 0.038130381303813 0.038130381303813 0.056580565805658 0.050430504305043 0 0.043050430504305 0.041820418204182 0.028290282902829 0.03690036900369 0.0639606396063961 0.041820418204182 0.039360393603936
"gopAga" 0.0885608856088561 0.017220172201722 0.023370233702337 0.014760147601476 0.013530135301353 0.044280442804428 0.039360393603936 0.043050430504305 0 0.022140221402214 0.0615006150061501 0.0590405904059041 0.0664206642066421 0.022140221402214 0.019680196801968
"malTer" 0.0811808118081181 0.019680196801968 0.003690036900369 0.014760147601476 0.011070110701107 0.034440344403444 0.027060270602706 0.041820418204182 0.022140221402214 0 0.056580565805658 0.0602706027060271 0.0578105781057811 0.01230012300123 0.002460024600246
"mesTub" 0.104551045510455 0.0590405904059041 0.0590405904059041 0.056580565805658 0.056580565805658 0.0713407134071341 0.0651906519065191 0.028290282902829 0.0615006150061501 0.056580565805658 0 0.046740467404674 0.0811808118081181 0.0578105781057811 0.0553505535055351
"pelCas" 0.108241082410824 0.0627306273062731 0.0615006150061501 0.0578105781057811 0.0578105781057811 0.0762607626076261 0.0651906519065191 0.03690036900369 0.0590405904059041 0.0602706027060271 0.046740467404674 0 0.0750307503075031 0.0602706027060271 0.0578105781057811
"pelSin" 0.0750307503075031 0.0627306273062731 0.0578105781057811 0.0590405904059041 0.0578105781057811 0.0738007380073801 0.0651906519065191 0.0639606396063961 0.0664206642066421 0.0578105781057811 0.0811808118081181 0.0750307503075031 0 0.0602706027060271 0.0553505535055351
"plaMeg" 0.0836408364083641 0.019680196801968 0.013530135301353 0.014760147601476 0.011070110701107 0.039360393603936 0.031980319803198 0.041820418204182 0.022140221402214 0.01230012300123 0.0578105781057811 0.0602706027060271 0.0602706027060271 0 0.00984009840098401
"terMex" 0.0811808118081181 0.017220172201722 0.003690036900369 0.01230012300123 0.00861008610086101 0.034440344403444 0.027060270602706 0.039360393603936 0.019680196801968 0.002460024600246 0.0553505535055351 0.0578105781057811 0.0553505535055351 0.00984009840098401 0
