"carIns" "cheAbi" "cheMyd" "cheSer" "chrPic" "cuoAmb" "cuoMcc" "derCor" "derMaw" "emySub" "gopAga" "malTer" "mesTub" "pelCas" "pelSin" "plaMeg" "podExp" "terMex"
"carIns" 0 0.132173913043478 0.121739130434783 0.137391304347826 0.111304347826087 0.146086956521739 0.118260869565217 0.224347826086957 0.139130434782609 0.130434782608696 0.125217391304348 0.213913043478261 0.125217391304348 0.139130434782609 0.146086956521739 0.111304347826087 0.351304347826087 0.217391304347826
"cheAbi" 0.132173913043478 0 0.0695652173913043 0.0730434782608696 0.0452173913043478 0.0504347826086957 0.0434782608695652 0.172173913043478 0.0852173913043478 0.0834782608695652 0.0365217391304348 0.16 0.0765217391304348 0.0973913043478261 0.135652173913043 0.048695652173913 0.330434782608696 0.151304347826087
"cheMyd" 0.121739130434783 0.0695652173913043 0 0.0695652173913043 0.0452173913043478 0.0956521739130435 0.0608695652173913 0.146086956521739 0.0730434782608696 0.071304347826087 0.0643478260869565 0.15304347826087 0.0678260869565217 0.088695652173913 0.12695652173913 0.0452173913043478 0.316521739130435 0.151304347826087
"cheSer" 0.137391304347826 0.0730434782608696 0.0695652173913043 0 0.048695652173913 0.0939130434782609 0.0626086956521739 0.170434782608696 0.0747826086956522 0.0834782608695652 0.0695652173913043 0.161739130434783 0.0765217391304348 0.0939130434782609 0.142608695652174 0.048695652173913 0.314782608695652 0.158260869565217
"chrPic" 0.111304347826087 0.0452173913043478 0.0452173913043478 0.048695652173913 0 0.0695652173913043 0.031304347826087 0.146086956521739 0.0626086956521739 0.0608695652173913 0.0347826086956522 0.12 0.0539130434782609 0.0747826086956522 0.114782608695652 0.0173913043478261 0.300869565217391 0.118260869565217
"cuoAmb" 0.146086956521739 0.0504347826086957 0.0956521739130435 0.0939130434782609 0.0695652173913043 0 0.0556521739130435 0.175652173913043 0.106086956521739 0.106086956521739 0.0695652173913043 0.168695652173913 0.102608695652174 0.123478260869565 0.15304347826087 0.0695652173913043 0.335652173913043 0.161739130434783
"cuoMcc" 0.118260869565217 0.0434782608695652 0.0608695652173913 0.0626086956521739 0.031304347826087 0.0556521739130435 0 0.158260869565217 0.0730434782608696 0.071304347826087 0.0295652173913043 0.146086956521739 0.0678260869565217 0.0869565217391304 0.12 0.0347826086956522 0.31304347826087 0.142608695652174
"derCor" 0.224347826086957 0.172173913043478 0.146086956521739 0.170434782608696 0.146086956521739 0.175652173913043 0.158260869565217 0 0.182608695652174 0.172173913043478 0.163478260869565 0.130434782608696 0.163478260869565 0.175652173913043 0.212173913043478 0.146086956521739 0.337391304347826 0.187826086956522
"derMaw" 0.139130434782609 0.0852173913043478 0.0730434782608696 0.0747826086956522 0.0626086956521739 0.106086956521739 0.0730434782608696 0.182608695652174 0 0.0834782608695652 0.0765217391304348 0.170434782608696 0.0782608695652174 0.100869565217391 0.139130434782609 0.0626086956521739 0.32 0.170434782608696
"emySub" 0.130434782608696 0.0834782608695652 0.071304347826087 0.0834782608695652 0.0608695652173913 0.106086956521739 0.071304347826087 0.172173913043478 0.0834782608695652 0 0.0782608695652174 0.16695652173913 0.0365217391304348 0.0539130434782609 0.130434782608696 0.0626086956521739 0.297391304347826 0.172173913043478
"gopAga" 0.125217391304348 0.0365217391304348 0.0643478260869565 0.0695652173913043 0.0347826086956522 0.0695652173913043 0.0295652173913043 0.163478260869565 0.0765217391304348 0.0782608695652174 0 0.147826086956522 0.071304347826087 0.0921739130434783 0.125217391304348 0.0382608695652174 0.309565217391304 0.146086956521739
"malTer" 0.213913043478261 0.16 0.15304347826087 0.161739130434783 0.12 0.168695652173913 0.146086956521739 0.130434782608696 0.170434782608696 0.16695652173913 0.147826086956522 0 0.156521739130435 0.175652173913043 0.208695652173913 0.132173913043478 0.314782608695652 0.16695652173913
"mesTub" 0.125217391304348 0.0765217391304348 0.0678260869565217 0.0765217391304348 0.0539130434782609 0.102608695652174 0.0678260869565217 0.163478260869565 0.0782608695652174 0.0365217391304348 0.071304347826087 0.156521739130435 0 0.0539130434782609 0.125217391304348 0.0521739130434783 0.302608695652174 0.163478260869565
"pelCas" 0.139130434782609 0.0973913043478261 0.088695652173913 0.0939130434782609 0.0747826086956522 0.123478260869565 0.0869565217391304 0.175652173913043 0.100869565217391 0.0539130434782609 0.0921739130434783 0.175652173913043 0.0539130434782609 0 0.140869565217391 0.0765217391304348 0.297391304347826 0.180869565217391
"pelSin" 0.146086956521739 0.135652173913043 0.12695652173913 0.142608695652174 0.114782608695652 0.15304347826087 0.12 0.212173913043478 0.139130434782609 0.130434782608696 0.125217391304348 0.208695652173913 0.125217391304348 0.140869565217391 0 0.116521739130435 0.346086956521739 0.213913043478261
"plaMeg" 0.111304347826087 0.048695652173913 0.0452173913043478 0.048695652173913 0.0173913043478261 0.0695652173913043 0.0347826086956522 0.146086956521739 0.0626086956521739 0.0626086956521739 0.0382608695652174 0.132173913043478 0.0521739130434783 0.0765217391304348 0.116521739130435 0 0.306086956521739 0.135652173913043
"podExp" 0.351304347826087 0.330434782608696 0.316521739130435 0.314782608695652 0.300869565217391 0.335652173913043 0.31304347826087 0.337391304347826 0.32 0.297391304347826 0.309565217391304 0.314782608695652 0.302608695652174 0.297391304347826 0.346086956521739 0.306086956521739 0 0.328695652173913
"terMex" 0.217391304347826 0.151304347826087 0.151304347826087 0.158260869565217 0.118260869565217 0.161739130434783 0.142608695652174 0.187826086956522 0.170434782608696 0.172173913043478 0.146086956521739 0.16695652173913 0.163478260869565 0.180869565217391 0.213913043478261 0.135652173913043 0.328695652173913 0
