"cheAbi" "cheMyd" "cheSer" "chrPic" "cuoAmb" "cuoMcc" "derCor" "derMaw" "emySub" "gopAga" "malTer" "mesTub" "pelCas" "pelSin" "plaMeg" "podExp" "terMex"
"cheAbi" 0 0.0320769847634322 0.0553327987169206 0.0368885324779471 0.0200481154771451 0.0216519647153168 0.0384923817161187 0.0417000801924619 0.0753809141940658 0.0200481154771451 0.0360866078588613 0.086607858861267 0.0858059342421812 0.0850040096230954 0.028869286287089 0.11467522052927 0.0320769847634322
"cheMyd" 0.0320769847634322 0 0.0425020048115477 0.032878909382518 0.02485966319166 0.0264635124298316 0.0192461908580593 0.0272654370489174 0.0697674418604651 0.0344827586206897 0.0320769847634322 0.078588612670409 0.082598235765838 0.0850040096230954 0.02485966319166 0.109863672814755 0.0280673616680032
"cheSer" 0.0553327987169206 0.0425020048115477 0 0.0529270248596632 0.0473135525260625 0.0489174017642342 0.0481154771451484 0.0473135525260625 0.0874097834803528 0.0569366479550922 0.0521251002405774 0.0986367281475541 0.101042502004812 0.101844426623897 0.0449077786688051 0.129109863672815 0.0481154771451484
"chrPic" 0.0368885324779471 0.032878909382518 0.0529270248596632 0 0.0312750601443464 0.032878909382518 0.0400962309542903 0.0384923817161187 0.0737770649558941 0.0360866078588613 0.00882117080994387 0.0850040096230954 0.0890136327185245 0.0890136327185245 0.0224538893344026 0.113873295910184 0.0144346431435445
"cuoAmb" 0.0200481154771451 0.02485966319166 0.0473135525260625 0.0312750601443464 0 0.00320769847634322 0.0296712109061748 0.0360866078588613 0.0705693664795509 0.0200481154771451 0.0304731355252606 0.0817963111467522 0.0858059342421812 0.0817963111467522 0.0200481154771451 0.110665597433841 0.02485966319166
"cuoMcc" 0.0216519647153168 0.0264635124298316 0.0489174017642342 0.032878909382518 0.00320769847634322 0 0.0296712109061748 0.0376904570970329 0.0721732157177225 0.0216519647153168 0.0320769847634322 0.082598235765838 0.0874097834803528 0.0834001603849238 0.0216519647153168 0.110665597433841 0.0264635124298316
"derCor" 0.0384923817161187 0.0192461908580593 0.0481154771451484 0.0400962309542903 0.0296712109061748 0.0296712109061748 0 0.0368885324779471 0.07457898957498 0.0408981555733761 0.0392943063352045 0.082598235765838 0.0890136327185245 0.0890136327185245 0.0304731355252606 0.115477145148356 0.0336808340016038
"derMaw" 0.0417000801924619 0.0272654370489174 0.0473135525260625 0.0384923817161187 0.0360866078588613 0.0376904570970329 0.0368885324779471 0 0.0761828388131516 0.0441058540497193 0.0376904570970329 0.0850040096230954 0.0874097834803528 0.0922213311948677 0.0320769847634322 0.117080994386528 0.0336808340016038
"emySub" 0.0753809141940658 0.0697674418604651 0.0874097834803528 0.0737770649558941 0.0705693664795509 0.0721732157177225 0.07457898957498 0.0761828388131516 0 0.07457898957498 0.0713712910986367 0.032878909382518 0.0729751403368083 0.104250200481155 0.0673616680032077 0.105854049719326 0.0689655172413793
"gopAga" 0.0200481154771451 0.0344827586206897 0.0569366479550922 0.0360866078588613 0.0200481154771451 0.0216519647153168 0.0408981555733761 0.0441058540497193 0.07457898957498 0 0.0352846832397755 0.0882117080994387 0.0898155573376103 0.0890136327185245 0.0280673616680032 0.116279069767442 0.032878909382518
"malTer" 0.0360866078588613 0.0320769847634322 0.0521251002405774 0.00882117080994387 0.0304731355252606 0.0320769847634322 0.0392943063352045 0.0376904570970329 0.0713712910986367 0.0352846832397755 0 0.082598235765838 0.086607858861267 0.0874097834803528 0.0216519647153168 0.111467522052927 0.0136327185244587
"mesTub" 0.086607858861267 0.078588612670409 0.0986367281475541 0.0850040096230954 0.0817963111467522 0.082598235765838 0.082598235765838 0.0850040096230954 0.032878909382518 0.0882117080994387 0.082598235765838 0 0.0834001603849238 0.116279069767442 0.078588612670409 0.108259823576584 0.0817963111467522
"pelCas" 0.0858059342421812 0.082598235765838 0.101042502004812 0.0890136327185245 0.0858059342421812 0.0874097834803528 0.0890136327185245 0.0874097834803528 0.0729751403368083 0.0898155573376103 0.086607858861267 0.0834001603849238 0 0.119486768243785 0.0809943865276664 0.078588612670409 0.0809943865276664
"pelSin" 0.0850040096230954 0.0850040096230954 0.101844426623897 0.0890136327185245 0.0817963111467522 0.0834001603849238 0.0890136327185245 0.0922213311948677 0.104250200481155 0.0890136327185245 0.0874097834803528 0.116279069767442 0.119486768243785 0 0.078588612670409 0.145950280673617 0.0834001603849238
"plaMeg" 0.028869286287089 0.02485966319166 0.0449077786688051 0.0224538893344026 0.0200481154771451 0.0216519647153168 0.0304731355252606 0.0320769847634322 0.0673616680032077 0.0280673616680032 0.0216519647153168 0.078588612670409 0.0809943865276664 0.078588612670409 0 0.105052125100241 0.0160384923817161
"podExp" 0.11467522052927 0.109863672814755 0.129109863672815 0.113873295910184 0.110665597433841 0.110665597433841 0.115477145148356 0.117080994386528 0.105854049719326 0.116279069767442 0.111467522052927 0.108259823576584 0.078588612670409 0.145950280673617 0.105052125100241 0 0.107457898957498
"terMex" 0.0320769847634322 0.0280673616680032 0.0481154771451484 0.0144346431435445 0.02485966319166 0.0264635124298316 0.0336808340016038 0.0336808340016038 0.0689655172413793 0.032878909382518 0.0136327185244587 0.0817963111467522 0.0809943865276664 0.0834001603849238 0.0160384923817161 0.107457898957498 0
