"carIns" "cheAbi" "cheMyd" "cheSer" "chrPic" "cuoAmb" "cuoMcc" "derCor" "derMaw" "emySub" "gopAga" "malTer" "mesTub" "pelCas" "pelSin" "plaMeg" "podExp" "terMex"
"carIns" 0 0.0464904284412033 0.0428441203281677 0.0519598906107566 0.0428441203281677 0.0847766636280766 0.0446672743846855 0.161349134001823 0.0537830446672744 0.0501367365542388 0.0519598906107566 0.0674567000911577 0.0519598906107566 0.0601640838650866 0.0528714676390155 0.0446672743846855 0.0546946216955333 0.0446672743846855
"cheAbi" 0.0464904284412033 0 0.01640838650866 0.0237010027347311 0.0127620783956244 0.0537830446672744 0.00911577028258888 0.144029170464904 0.0273473108477666 0.0337283500455789 0.0109389243391067 0.0373746581586144 0.0364630811303555 0.0464904284412033 0.0337283500455789 0.0100273473108478 0.0401093892433911 0.0127620783956244
"cheMyd" 0.0428441203281677 0.01640838650866 0 0.01640838650866 0.0109389243391067 0.0528714676390155 0.0127620783956244 0.137648131267092 0.0200546946216955 0.0300820419325433 0.0200546946216955 0.0355515041020966 0.0346399270738377 0.04102096627165 0.0319051959890611 0.00911577028258888 0.0401093892433911 0.0109389243391067
"cheSer" 0.0519598906107566 0.0237010027347311 0.01640838650866 0 0.0182315405651778 0.0610756608933455 0.0200546946216955 0.143117593436645 0.0282588878760255 0.0355515041020966 0.0264357338195077 0.0428441203281677 0.04102096627165 0.0446672743846855 0.0355515041020966 0.01640838650866 0.0419325432999088 0.01640838650866
"chrPic" 0.0428441203281677 0.0127620783956244 0.0109389243391067 0.0182315405651778 0 0.0519598906107566 0.00911577028258888 0.137648131267092 0.0218778486782133 0.0282588878760255 0.01640838650866 0.0264357338195077 0.03281677301732 0.0419325432999088 0.0282588878760255 0.00546946216955333 0.0373746581586144 0.00546946216955333
"cuoAmb" 0.0847766636280766 0.0537830446672744 0.0528714676390155 0.0610756608933455 0.0519598906107566 0 0.0446672743846855 0.18049225159526 0.0638103919781221 0.0701914311759344 0.0574293527803099 0.0765724703737466 0.0738377392889699 0.0802187784867821 0.0720145852324521 0.0492251595259799 0.0793072014585232 0.0510483135824977
"cuoMcc" 0.0446672743846855 0.00911577028258888 0.0127620783956244 0.0200546946216955 0.00911577028258888 0.0446672743846855 0 0.140382862351869 0.0237010027347311 0.0282588878760255 0.0127620783956244 0.0337283500455789 0.03281677301732 0.0428441203281677 0.0319051959890611 0.00638103919781222 0.0382862351868733 0.00911577028258888
"derCor" 0.161349134001823 0.144029170464904 0.137648131267092 0.143117593436645 0.137648131267092 0.18049225159526 0.140382862351869 0 0.144940747493163 0.151321786690975 0.14767547857794 0.161349134001823 0.157702825888788 0.163172288058341 0.152233363719234 0.137648131267092 0.156791248860529 0.13947128532361
"derMaw" 0.0537830446672744 0.0273473108477666 0.0200546946216955 0.0282588878760255 0.0218778486782133 0.0638103919781221 0.0237010027347311 0.144940747493163 0 0.0419325432999088 0.0273473108477666 0.0437556973564266 0.0446672743846855 0.0492251595259799 0.0355515041020966 0.0200546946216955 0.0483135824977211 0.0218778486782133
"emySub" 0.0501367365542388 0.0337283500455789 0.0300820419325433 0.0355515041020966 0.0282588878760255 0.0701914311759344 0.0282588878760255 0.151321786690975 0.0419325432999088 0 0.0373746581586144 0.0510483135824977 0.0127620783956244 0.0346399270738377 0.04102096627165 0.0264357338195077 0.03281677301732 0.0282588878760255
"gopAga" 0.0519598906107566 0.0109389243391067 0.0200546946216955 0.0264357338195077 0.01640838650866 0.0574293527803099 0.0127620783956244 0.14767547857794 0.0273473108477666 0.0373746581586144 0 0.04102096627165 0.0401093892433911 0.0501367365542388 0.0391978122151322 0.0136736554238833 0.0437556973564266 0.01640838650866
"malTer" 0.0674567000911577 0.0373746581586144 0.0355515041020966 0.0428441203281677 0.0264357338195077 0.0765724703737466 0.0337283500455789 0.161349134001823 0.0437556973564266 0.0510483135824977 0.04102096627165 0 0.056517775752051 0.0610756608933455 0.0501367365542388 0.0300820419325433 0.056517775752051 0.0300820419325433
"mesTub" 0.0519598906107566 0.0364630811303555 0.0346399270738377 0.04102096627165 0.03281677301732 0.0738377392889699 0.03281677301732 0.157702825888788 0.0446672743846855 0.0127620783956244 0.0401093892433911 0.056517775752051 0 0.04102096627165 0.0437556973564266 0.0309936189608022 0.0373746581586144 0.03281677301732
"pelCas" 0.0601640838650866 0.0464904284412033 0.04102096627165 0.0446672743846855 0.0419325432999088 0.0802187784867821 0.0428441203281677 0.163172288058341 0.0492251595259799 0.0346399270738377 0.0501367365542388 0.0610756608933455 0.04102096627165 0 0.0492251595259799 0.04102096627165 0.03281677301732 0.0401093892433911
"pelSin" 0.0528714676390155 0.0337283500455789 0.0319051959890611 0.0355515041020966 0.0282588878760255 0.0720145852324521 0.0319051959890611 0.152233363719234 0.0355515041020966 0.04102096627165 0.0391978122151322 0.0501367365542388 0.0437556973564266 0.0492251595259799 0 0.0282588878760255 0.0428441203281677 0.0264357338195077
"plaMeg" 0.0446672743846855 0.0100273473108478 0.00911577028258888 0.01640838650866 0.00546946216955333 0.0492251595259799 0.00638103919781222 0.137648131267092 0.0200546946216955 0.0264357338195077 0.0136736554238833 0.0300820419325433 0.0309936189608022 0.04102096627165 0.0282588878760255 0 0.0364630811303555 0.00546946216955333
"podExp" 0.0546946216955333 0.0401093892433911 0.0401093892433911 0.0419325432999088 0.0373746581586144 0.0793072014585232 0.0382862351868733 0.156791248860529 0.0483135824977211 0.03281677301732 0.0437556973564266 0.056517775752051 0.0373746581586144 0.03281677301732 0.0428441203281677 0.0364630811303555 0 0.0373746581586144
"terMex" 0.0446672743846855 0.0127620783956244 0.0109389243391067 0.01640838650866 0.00546946216955333 0.0510483135824977 0.00911577028258888 0.13947128532361 0.0218778486782133 0.0282588878760255 0.01640838650866 0.0300820419325433 0.03281677301732 0.0401093892433911 0.0264357338195077 0.00546946216955333 0.0373746581586144 0
