"cheAbi" "cheMyd" "cheSer" "chrPic" "cuoAmb" "cuoMcc" "derCor" "derMaw" "emySub" "gopAga" "mesTub" "pelCas" "pelSin" "plaMeg" "podExp" "terMex"
"cheAbi" 0 0.0286479250334672 0.0251673360107095 0.0406961178045515 0.0171352074966533 0.015528781793842 0.0291834002677376 0.0455153949129853 0.0428380187416332 0.0160642570281124 0.0473895582329317 0.05809906291834 0.0522088353413655 0.0149933065595716 0.0642570281124498 0.0171352074966533
"cheMyd" 0.0286479250334672 0 0.0211512717536814 0.0460508701472557 0.0294511378848728 0.0278447121820616 0.01285140562249 0.0423025435073628 0.0457831325301205 0.0310575635876841 0.0476572958500669 0.0605087014725569 0.0506024096385542 0.0214190093708166 0.0677376171352075 0.0235609103078983
"cheSer" 0.0251673360107095 0.0211512717536814 0 0.0428380187416332 0.0251673360107095 0.0240963855421687 0.0243641231593039 0.0388219544846051 0.0417670682730924 0.0275769745649264 0.0447121820615797 0.05809906291834 0.048995983935743 0.0179384203480589 0.0653279785809906 0.0200803212851406
"chrPic" 0.0406961178045515 0.0460508701472557 0.0428380187416332 0 0.0409638554216867 0.0382864792503347 0.0468540829986613 0.0637215528781794 0.0621151271753681 0.0433734939759036 0.0663989290495315 0.0765729585006693 0.0690763052208835 0.0315930388219545 0.0856760374832664 0.0286479250334672
"cuoAmb" 0.0171352074966533 0.0294511378848728 0.0251673360107095 0.0409638554216867 0 0.00481927710843374 0.0321285140562249 0.0441767068273092 0.0455153949129853 0.0208835341365462 0.048995983935743 0.0613119143239625 0.0538152610441767 0.0157965194109772 0.0690763052208835 0.0179384203480589
"cuoMcc" 0.015528781793842 0.0278447121820616 0.0240963855421687 0.0382864792503347 0.00481927710843374 0 0.0305220883534137 0.0444444444444444 0.0441767068273092 0.0195448460508701 0.0476572958500669 0.0591700133868809 0.0527443105756359 0.014190093708166 0.0677376171352075 0.0163319946452477
"derCor" 0.0291834002677376 0.01285140562249 0.0243641231593039 0.0468540829986613 0.0321285140562249 0.0305220883534137 0 0.0452476572958501 0.0455153949129853 0.0334672021419009 0.0492637215528782 0.0597054886211513 0.0522088353413655 0.0235609103078983 0.0682730923694779 0.0251673360107095
"derMaw" 0.0455153949129853 0.0423025435073628 0.0388219544846051 0.0637215528781794 0.0441767068273092 0.0444444444444444 0.0452476572958501 0 0.0599732262382865 0.0484605087014726 0.0626506024096386 0.0763052208835341 0.0674698795180723 0.0382864792503347 0.0816599732262383 0.0409638554216867
"emySub" 0.0428380187416332 0.0457831325301205 0.0417670682730924 0.0621151271753681 0.0455153949129853 0.0441767068273092 0.0455153949129853 0.0599732262382865 0 0.0457831325301205 0.0195448460508701 0.0457831325301205 0.0578313253012048 0.037483266398929 0.0538152610441767 0.0398929049531459
"gopAga" 0.0160642570281124 0.0310575635876841 0.0275769745649264 0.0433734939759036 0.0208835341365462 0.0195448460508701 0.0334672021419009 0.0484605087014726 0.0457831325301205 0 0.0492637215528782 0.0621151271753681 0.0543507362784471 0.0174029451137885 0.0680053547523427 0.0198125836680054
"mesTub" 0.0473895582329317 0.0476572958500669 0.0447121820615797 0.0663989290495315 0.048995983935743 0.0476572958500669 0.0492637215528782 0.0626506024096386 0.0195448460508701 0.0492637215528782 0 0.0487282463186078 0.0615796519410977 0.0414993306559572 0.0559571619812584 0.0433734939759036
"pelCas" 0.05809906291834 0.0605087014725569 0.05809906291834 0.0765729585006693 0.0613119143239625 0.0591700133868809 0.0597054886211513 0.0763052208835341 0.0457831325301205 0.0621151271753681 0.0487282463186078 0 0.0738955823293173 0.055421686746988 0.0506024096385542 0.0562248995983936
"pelSin" 0.0522088353413655 0.0506024096385542 0.048995983935743 0.0690763052208835 0.0538152610441767 0.0527443105756359 0.0522088353413655 0.0674698795180723 0.0578313253012048 0.0543507362784471 0.0615796519410977 0.0738955823293173 0 0.0463186077643909 0.0771084337349398 0.0481927710843374
"plaMeg" 0.0149933065595716 0.0214190093708166 0.0179384203480589 0.0315930388219545 0.0157965194109772 0.014190093708166 0.0235609103078983 0.0382864792503347 0.037483266398929 0.0174029451137885 0.0414993306559572 0.055421686746988 0.0463186077643909 0 0.0621151271753681 0.00883534136546185
"podExp" 0.0642570281124498 0.0677376171352075 0.0653279785809906 0.0856760374832664 0.0690763052208835 0.0677376171352075 0.0682730923694779 0.0816599732262383 0.0538152610441767 0.0680053547523427 0.0559571619812584 0.0506024096385542 0.0771084337349398 0.0621151271753681 0 0.064524765729585
"terMex" 0.0171352074966533 0.0235609103078983 0.0200803212851406 0.0286479250334672 0.0179384203480589 0.0163319946452477 0.0251673360107095 0.0409638554216867 0.0398929049531459 0.0198125836680054 0.0433734939759036 0.0562248995983936 0.0481927710843374 0.00883534136546185 0.064524765729585 0
