"carIns" "cheAbi" "cheMyd" "cheSer" "chrPic" "cuoAmb" "cuoMcc" "derCor" "derMaw" "emySub" "gopAga" "mesTub" "pelCas" "pelSin" "plaMeg" "podExp" "terMex"
"carIns" 0 0.0726159230096238 0.0673665791776028 0.0647419072615923 0.0708661417322835 0.0743657042869641 0.0717410323709536 0.0638670166229221 0.0752405949256343 0.0708661417322835 0.0752405949256343 0.0691163604549431 0.0796150481189851 0.0638670166229221 0.0673665791776028 0.0866141732283465 0.0691163604549431
"cheAbi" 0.0726159230096238 0 0.0349956255468067 0.0288713910761155 0.0218722659667542 0.015748031496063 0.0148731408573928 0.0306211723534558 0.0411198600174978 0.0516185476815398 0.0131233595800525 0.0542432195975503 0.0638670166229221 0.0507436570428696 0.020997375328084 0.0752405949256343 0.0218722659667542
"cheMyd" 0.0673665791776028 0.0349956255468067 0 0.0218722659667542 0.0297462817147857 0.036745406824147 0.0341207349081365 0.020997375328084 0.0358705161854768 0.047244094488189 0.036745406824147 0.0498687664041995 0.057742782152231 0.047244094488189 0.026246719160105 0.0691163604549431 0.0279965004374453
"cheSer" 0.0647419072615923 0.0288713910761155 0.0218722659667542 0 0.0236220472440945 0.0306211723534558 0.0279965004374453 0.0218722659667542 0.0297462817147857 0.0446194225721785 0.031496062992126 0.047244094488189 0.0533683289588801 0.0428696412948381 0.0201224846894138 0.0656167979002625 0.0218722659667542
"chrPic" 0.0708661417322835 0.0218722659667542 0.0297462817147857 0.0236220472440945 0 0.0253718285214348 0.0244969378827647 0.0279965004374453 0.0358705161854768 0.0463692038495188 0.0279965004374453 0.0489938757655293 0.057742782152231 0.0463692038495188 0.010498687664042 0.0717410323709536 0.00612423447069116
"cuoAmb" 0.0743657042869641 0.015748031496063 0.036745406824147 0.0306211723534558 0.0253718285214348 0 0.00437445319335083 0.0323709536307962 0.0428696412948381 0.0533683289588801 0.0183727034120735 0.0559930008748906 0.0656167979002625 0.0542432195975503 0.0244969378827647 0.0778652668416448 0.0253718285214348
"cuoMcc" 0.0717410323709536 0.0148731408573928 0.0341207349081365 0.0279965004374453 0.0244969378827647 0.00437445319335083 0 0.0306211723534558 0.0402449693788276 0.0507436570428696 0.0192475940507437 0.0533683289588801 0.062992125984252 0.0516185476815398 0.0218722659667542 0.0752405949256343 0.0227471566054243
"derCor" 0.0638670166229221 0.0306211723534558 0.020997375328084 0.0218722659667542 0.0279965004374453 0.0323709536307962 0.0306211723534558 0 0.0341207349081365 0.047244094488189 0.0332458442694663 0.0498687664041995 0.057742782152231 0.0454943132108486 0.026246719160105 0.0708661417322835 0.0279965004374453
"derMaw" 0.0752405949256343 0.0411198600174978 0.0358705161854768 0.0297462817147857 0.0358705161854768 0.0428696412948381 0.0402449693788276 0.0341207349081365 0 0.0542432195975503 0.041994750656168 0.0568678915135608 0.0612423447069116 0.0533683289588801 0.0323709536307962 0.0761154855643045 0.0341207349081365
"emySub" 0.0708661417322835 0.0516185476815398 0.047244094488189 0.0446194225721785 0.0463692038495188 0.0533683289588801 0.0507436570428696 0.047244094488189 0.0542432195975503 0 0.0542432195975503 0.0244969378827647 0.0384951881014873 0.0516185476815398 0.0446194225721785 0.0559930008748906 0.0463692038495188
"gopAga" 0.0752405949256343 0.0131233595800525 0.036745406824147 0.031496062992126 0.0279965004374453 0.0183727034120735 0.0192475940507437 0.0332458442694663 0.041994750656168 0.0542432195975503 0 0.0586176727909011 0.062992125984252 0.0533683289588801 0.0271216097987752 0.0778652668416448 0.0279965004374453
"mesTub" 0.0691163604549431 0.0542432195975503 0.0498687664041995 0.047244094488189 0.0489938757655293 0.0559930008748906 0.0533683289588801 0.0498687664041995 0.0568678915135608 0.0244969378827647 0.0586176727909011 0 0.0437445319335083 0.05249343832021 0.047244094488189 0.0551181102362205 0.0489938757655293
"pelCas" 0.0796150481189851 0.0638670166229221 0.057742782152231 0.0533683289588801 0.057742782152231 0.0656167979002625 0.062992125984252 0.057742782152231 0.0612423447069116 0.0384951881014873 0.062992125984252 0.0437445319335083 0 0.0638670166229221 0.0559930008748906 0.0533683289588801 0.0586176727909011
"pelSin" 0.0638670166229221 0.0507436570428696 0.047244094488189 0.0428696412948381 0.0463692038495188 0.0542432195975503 0.0516185476815398 0.0454943132108486 0.0533683289588801 0.0516185476815398 0.0533683289588801 0.05249343832021 0.0638670166229221 0 0.0437445319335083 0.0778652668416448 0.0437445319335083
"plaMeg" 0.0673665791776028 0.020997375328084 0.026246719160105 0.0201224846894138 0.010498687664042 0.0244969378827647 0.0218722659667542 0.026246719160105 0.0323709536307962 0.0446194225721785 0.0271216097987752 0.047244094488189 0.0559930008748906 0.0437445319335083 0 0.0673665791776028 0.00874890638670166
"podExp" 0.0866141732283465 0.0752405949256343 0.0691163604549431 0.0656167979002625 0.0717410323709536 0.0778652668416448 0.0752405949256343 0.0708661417322835 0.0761154855643045 0.0559930008748906 0.0778652668416448 0.0551181102362205 0.0533683289588801 0.0778652668416448 0.0673665791776028 0 0.0717410323709536
"terMex" 0.0691163604549431 0.0218722659667542 0.0279965004374453 0.0218722659667542 0.00612423447069116 0.0253718285214348 0.0227471566054243 0.0279965004374453 0.0341207349081365 0.0463692038495188 0.0279965004374453 0.0489938757655293 0.0586176727909011 0.0437445319335083 0.00874890638670166 0.0717410323709536 0
