"carIns" "cheAbi" "cheMyd" "cheSer" "chrPic" "cuoAmb" "cuoMcc" "derMaw" "emySub" "gopAga" "malTer" "mesTub" "pelCas" "pelSin" "plaMeg" "podExp" "terMex"
"carIns" 0 0.0664251207729469 0.0748792270531401 0.0760869565217391 0.0652173913043478 0.071256038647343 0.0688405797101449 0.0760869565217391 0.072463768115942 0.072463768115942 0.0676328502415459 0.0748792270531401 0.0905797101449275 0.071256038647343 0.0990338164251208 0.135265700483092 0.0615942028985507
"cheAbi" 0.0664251207729469 0 0.0543478260869565 0.036231884057971 0.0338164251207729 0.0229468599033816 0.0205314009661836 0.0471014492753623 0.0579710144927536 0.0277777777777778 0.03743961352657 0.0628019323671498 0.070048309178744 0.0603864734299517 0.070048309178744 0.114734299516908 0.0301932367149758
"cheMyd" 0.0748792270531401 0.0543478260869565 0 0.0507246376811594 0.0507246376811594 0.0555555555555556 0.0555555555555556 0.0579710144927536 0.0688405797101449 0.0519323671497585 0.0567632850241546 0.070048309178744 0.0809178743961353 0.0760869565217391 0.0821256038647343 0.132850241545894 0.0483091787439614
"cheSer" 0.0760869565217391 0.036231884057971 0.0507246376811594 0 0.03743961352657 0.0446859903381642 0.0422705314009662 0.0434782608695652 0.0579710144927536 0.0483091787439614 0.0422705314009662 0.0603864734299517 0.0676328502415459 0.070048309178744 0.0748792270531401 0.119565217391304 0.0338164251207729
"chrPic" 0.0652173913043478 0.0338164251207729 0.0507246376811594 0.03743961352657 0 0.0326086956521739 0.0301932367149758 0.0422705314009662 0.0483091787439614 0.0410628019323672 0.0120772946859903 0.0531400966183575 0.0628019323671498 0.0615942028985507 0.0615942028985507 0.114734299516908 0.0108695652173913
"cuoAmb" 0.071256038647343 0.0229468599033816 0.0555555555555556 0.0446859903381642 0.0326086956521739 0 0.00483091787439614 0.0483091787439614 0.0591787439613527 0.0301932367149758 0.03743961352657 0.0628019323671498 0.0748792270531401 0.0628019323671498 0.0688405797101449 0.117149758454106 0.0289855072463768
"cuoMcc" 0.0688405797101449 0.0205314009661836 0.0555555555555556 0.0422705314009662 0.0301932367149758 0.00483091787439614 0 0.0458937198067633 0.0567632850241546 0.0277777777777778 0.035024154589372 0.0603864734299517 0.072463768115942 0.0628019323671498 0.0664251207729469 0.114734299516908 0.0265700483091787
"derMaw" 0.0760869565217391 0.0471014492753623 0.0579710144927536 0.0434782608695652 0.0422705314009662 0.0483091787439614 0.0458937198067633 0 0.0543478260869565 0.0555555555555556 0.0471014492753623 0.0603864734299517 0.0760869565217391 0.0652173913043478 0.0809178743961353 0.117149758454106 0.0386473429951691
"emySub" 0.072463768115942 0.0579710144927536 0.0688405797101449 0.0579710144927536 0.0483091787439614 0.0591787439613527 0.0567632850241546 0.0543478260869565 0 0.0676328502415459 0.0531400966183575 0.0241545893719807 0.0567632850241546 0.070048309178744 0.0905797101449275 0.114734299516908 0.0422705314009662
"gopAga" 0.072463768115942 0.0277777777777778 0.0519323671497585 0.0483091787439614 0.0410628019323672 0.0301932367149758 0.0277777777777778 0.0555555555555556 0.0676328502415459 0 0.0410628019323672 0.070048309178744 0.0748792270531401 0.071256038647343 0.0640096618357488 0.120772946859903 0.03743961352657
"malTer" 0.0676328502415459 0.03743961352657 0.0567632850241546 0.0422705314009662 0.0120772946859903 0.03743961352657 0.035024154589372 0.0471014492753623 0.0531400966183575 0.0410628019323672 0 0.0579710144927536 0.0652173913043478 0.0652173913043478 0.0664251207729469 0.117149758454106 0.0157004830917874
"mesTub" 0.0748792270531401 0.0628019323671498 0.070048309178744 0.0603864734299517 0.0531400966183575 0.0628019323671498 0.0603864734299517 0.0603864734299517 0.0241545893719807 0.070048309178744 0.0579710144927536 0 0.0603864734299517 0.0748792270531401 0.0929951690821256 0.114734299516908 0.0495169082125604
"pelCas" 0.0905797101449275 0.070048309178744 0.0809178743961353 0.0676328502415459 0.0628019323671498 0.0748792270531401 0.072463768115942 0.0760869565217391 0.0567632850241546 0.0748792270531401 0.0652173913043478 0.0603864734299517 0 0.0869565217391304 0.10024154589372 0.0990338164251208 0.0628019323671498
"pelSin" 0.071256038647343 0.0603864734299517 0.0760869565217391 0.070048309178744 0.0615942028985507 0.0628019323671498 0.0628019323671498 0.0652173913043478 0.070048309178744 0.071256038647343 0.0652173913043478 0.0748792270531401 0.0869565217391304 0 0.102657004830918 0.134057971014493 0.0579710144927536
"plaMeg" 0.0990338164251208 0.070048309178744 0.0821256038647343 0.0748792270531401 0.0615942028985507 0.0688405797101449 0.0664251207729469 0.0809178743961353 0.0905797101449275 0.0640096618357488 0.0664251207729469 0.0929951690821256 0.10024154589372 0.102657004830918 0 0.154589371980676 0.0579710144927536
"podExp" 0.135265700483092 0.114734299516908 0.132850241545894 0.119565217391304 0.114734299516908 0.117149758454106 0.114734299516908 0.117149758454106 0.114734299516908 0.120772946859903 0.117149758454106 0.114734299516908 0.0990338164251208 0.134057971014493 0.154589371980676 0 0.111111111111111
"terMex" 0.0615942028985507 0.0301932367149758 0.0483091787439614 0.0338164251207729 0.0108695652173913 0.0289855072463768 0.0265700483091787 0.0386473429951691 0.0422705314009662 0.03743961352657 0.0157004830917874 0.0495169082125604 0.0628019323671498 0.0579710144927536 0.0579710144927536 0.111111111111111 0
