"carIns" "cheAbi" "cheMyd" "cheSer" "chrPic" "cuoAmb" "cuoMcc" "derMaw" "emySub" "gopAga" "malTer" "mesTub" "pelCas" "pelSin" "plaMeg" "podExp" "terMex"
"carIns" 0 0.0654338549075391 0.085348506401138 0.0711237553342817 0.145092460881935 0.0682788051209104 0.0682788051209104 0.0711237553342817 0.0725462304409673 0.0682788051209104 0.0682788051209104 0.0725462304409673 0.0768136557610242 0.0768136557610242 0.0682788051209104 0.0867709815078236 0.0725462304409673
"cheAbi" 0.0654338549075391 0 0.0440967283072546 0.0241820768136558 0.112375533428165 0.015647226173542 0.015647226173542 0.0455192034139403 0.0654338549075391 0.0128022759601707 0.0213371266002845 0.0625889046941678 0.0640113798008535 0.0768136557610242 0.0184921763869132 0.0782361308677098 0.0256045519203414
"cheMyd" 0.085348506401138 0.0440967283072546 0 0.0455192034139403 0.122332859174964 0.0440967283072546 0.0440967283072546 0.0497866287339972 0.0810810810810811 0.0455192034139403 0.0440967283072546 0.0839260312944523 0.085348506401138 0.096728307254623 0.0398293029871977 0.0910384068278805 0.0469416785206259
"cheSer" 0.0711237553342817 0.0241820768136558 0.0455192034139403 0 0.110953058321479 0.0256045519203414 0.0256045519203414 0.0369843527738265 0.0640113798008535 0.0284495021337127 0.0227596017069701 0.0682788051209104 0.0668563300142248 0.0682788051209104 0.0227596017069701 0.0810810810810811 0.0213371266002845
"chrPic" 0.145092460881935 0.112375533428165 0.122332859174964 0.110953058321479 0 0.109530583214794 0.109530583214794 0.119487908961593 0.137980085348506 0.118065433854908 0.0953058321479374 0.142247510668563 0.132290184921764 0.147937411095306 0.10099573257468 0.149359886201991 0.096728307254623
"cuoAmb" 0.0682788051209104 0.015647226173542 0.0440967283072546 0.0256045519203414 0.109530583214794 0 0.00284495021337127 0.0412517780938834 0.0654338549075391 0.0170697012802276 0.0213371266002845 0.0654338549075391 0.0640113798008535 0.0768136557610242 0.0142247510668563 0.0782361308677098 0.0241820768136558
"cuoMcc" 0.0682788051209104 0.015647226173542 0.0440967283072546 0.0256045519203414 0.109530583214794 0.00284495021337127 0 0.0412517780938834 0.0654338549075391 0.0170697012802276 0.0213371266002845 0.0654338549075391 0.0640113798008535 0.0768136557610242 0.0142247510668563 0.0782361308677098 0.0241820768136558
"derMaw" 0.0711237553342817 0.0455192034139403 0.0497866287339972 0.0369843527738265 0.119487908961593 0.0412517780938834 0.0412517780938834 0 0.0711237553342817 0.0469416785206259 0.042674253200569 0.0782361308677098 0.0796586059743954 0.0753911806543385 0.0384068278805121 0.0867709815078236 0.0398293029871977
"emySub" 0.0725462304409673 0.0654338549075391 0.0810810810810811 0.0640113798008535 0.137980085348506 0.0654338549075391 0.0654338549075391 0.0711237553342817 0 0.0668563300142248 0.0682788051209104 0.0298719772403983 0.0526315789473684 0.0825035561877667 0.0654338549075391 0.0668563300142248 0.0682788051209104
"gopAga" 0.0682788051209104 0.0128022759601707 0.0455192034139403 0.0284495021337127 0.118065433854908 0.0170697012802276 0.0170697012802276 0.0469416785206259 0.0668563300142248 0 0.0298719772403983 0.0668563300142248 0.0668563300142248 0.0796586059743954 0.0227596017069701 0.0796586059743954 0.0327169274537696
"malTer" 0.0682788051209104 0.0213371266002845 0.0440967283072546 0.0227596017069701 0.0953058321479374 0.0213371266002845 0.0213371266002845 0.042674253200569 0.0682788051209104 0.0298719772403983 0 0.0682788051209104 0.0682788051209104 0.0782361308677098 0.0142247510668563 0.0782361308677098 0.00711237553342817
"mesTub" 0.0725462304409673 0.0625889046941678 0.0839260312944523 0.0682788051209104 0.142247510668563 0.0654338549075391 0.0654338549075391 0.0782361308677098 0.0298719772403983 0.0668563300142248 0.0682788051209104 0 0.0554765291607397 0.0825035561877667 0.0682788051209104 0.0654338549075391 0.0739687055476529
"pelCas" 0.0768136557610242 0.0640113798008535 0.085348506401138 0.0668563300142248 0.132290184921764 0.0640113798008535 0.0640113798008535 0.0796586059743954 0.0526315789473684 0.0668563300142248 0.0682788051209104 0.0554765291607397 0 0.0867709815078236 0.0668563300142248 0.0540540540540541 0.069701280227596
"pelSin" 0.0768136557610242 0.0768136557610242 0.096728307254623 0.0682788051209104 0.147937411095306 0.0768136557610242 0.0768136557610242 0.0753911806543385 0.0825035561877667 0.0796586059743954 0.0782361308677098 0.0825035561877667 0.0867709815078236 0 0.0768136557610242 0.0924608819345661 0.0753911806543385
"plaMeg" 0.0682788051209104 0.0184921763869132 0.0398293029871977 0.0227596017069701 0.10099573257468 0.0142247510668563 0.0142247510668563 0.0384068278805121 0.0654338549075391 0.0227596017069701 0.0142247510668563 0.0682788051209104 0.0668563300142248 0.0768136557610242 0 0.0768136557610242 0.0170697012802276
"podExp" 0.0867709815078236 0.0782361308677098 0.0910384068278805 0.0810810810810811 0.149359886201991 0.0782361308677098 0.0782361308677098 0.0867709815078236 0.0668563300142248 0.0796586059743954 0.0782361308677098 0.0654338549075391 0.0540540540540541 0.0924608819345661 0.0768136557610242 0 0.0825035561877667
"terMex" 0.0725462304409673 0.0256045519203414 0.0469416785206259 0.0213371266002845 0.096728307254623 0.0241820768136558 0.0241820768136558 0.0398293029871977 0.0682788051209104 0.0327169274537696 0.00711237553342817 0.0739687055476529 0.069701280227596 0.0753911806543385 0.0170697012802276 0.0825035561877667 0
