"carIns" "cheAbi" "cheMyd" "cuoAmb" "cuoMcc" "derCor" "derMaw" "emySub" "gopAga" "malTer" "pelCas" "pelSin" "plaMeg" "podExp" "terMex"
"carIns" 0 0.0880361173814898 0.0959367945823928 0.18510158013544 0.0981941309255079 0.0925507900677201 0.108352144469526 0.107223476297968 0.106094808126411 0.0959367945823928 0.135440180586907 0.0914221218961625 0.0959367945823928 0.135440180586907 0.0970654627539503
"cheAbi" 0.0880361173814898 0 0.0383747178329571 0.124153498871332 0.0383747178329571 0.0327313769751693 0.0609480812641084 0.0699774266365688 0.0304740406320542 0.04627539503386 0.0959367945823928 0.0677200902934537 0.0417607223476298 0.101580135440181 0.0451467268623025
"cheMyd" 0.0959367945823928 0.0383747178329571 0 0.137697516930023 0.0530474040632054 0.0191873589164786 0.0654627539503386 0.0733634311512415 0.0564334085778781 0.0496613995485327 0.0993227990970655 0.0688487584650113 0.0474040632054176 0.103837471783296 0.0485327313769752
"cuoAmb" 0.18510158013544 0.124153498871332 0.137697516930023 0 0.117381489841986 0.139954853273138 0.160270880361174 0.165914221218962 0.13431151241535 0.136568848758465 0.181715575620767 0.160270880361174 0.128668171557562 0.188487584650113 0.132054176072235
"cuoMcc" 0.0981941309255079 0.0383747178329571 0.0530474040632054 0.117381489841986 0 0.0507900677200903 0.0756207674943567 0.0835214446952596 0.028216704288939 0.028216704288939 0.0993227990970655 0.0767494356659142 0.0237020316027088 0.109480812641084 0.0316027088036117
"derCor" 0.0925507900677201 0.0327313769751693 0.0191873589164786 0.139954853273138 0.0507900677200903 0 0.064334085778781 0.0756207674943567 0.0519187358916479 0.0474040632054176 0.0959367945823928 0.0665914221218962 0.0451467268623025 0.102708803611738 0.0485327313769752
"derMaw" 0.108352144469526 0.0609480812641084 0.0654627539503386 0.160270880361174 0.0756207674943567 0.064334085778781 0 0.0948081264108352 0.0778781038374718 0.072234762979684 0.112866817155756 0.0869074492099323 0.0654627539503386 0.123024830699774 0.072234762979684
"emySub" 0.107223476297968 0.0699774266365688 0.0733634311512415 0.165914221218962 0.0835214446952596 0.0756207674943567 0.0948081264108352 0 0.090293453724605 0.0846501128668172 0.082392776523702 0.090293453724605 0.0790067720090293 0.0869074492099323 0.082392776523702
"gopAga" 0.106094808126411 0.0304740406320542 0.0564334085778781 0.13431151241535 0.028216704288939 0.0519187358916479 0.0778781038374718 0.090293453724605 0 0.0338600451467269 0.106094808126411 0.0857787810383747 0.0270880361173815 0.108352144469526 0.0349887133182844
"malTer" 0.0959367945823928 0.04627539503386 0.0496613995485327 0.136568848758465 0.028216704288939 0.0474040632054176 0.072234762979684 0.0846501128668172 0.0338600451467269 0 0.0981941309255079 0.0733634311512415 0.0158013544018059 0.102708803611738 0.0101580135440181
"pelCas" 0.135440180586907 0.0959367945823928 0.0993227990970655 0.181715575620767 0.0993227990970655 0.0959367945823928 0.112866817155756 0.082392776523702 0.106094808126411 0.0981941309255079 0 0.109480812641084 0.0948081264108352 0.0891647855530474 0.100451467268623
"pelSin" 0.0914221218961625 0.0677200902934537 0.0688487584650113 0.160270880361174 0.0767494356659142 0.0665914221218962 0.0869074492099323 0.090293453724605 0.0857787810383747 0.0733634311512415 0.109480812641084 0 0.0733634311512415 0.112866817155756 0.0744920993227991
"plaMeg" 0.0959367945823928 0.0417607223476298 0.0474040632054176 0.128668171557562 0.0237020316027088 0.0451467268623025 0.0654627539503386 0.0790067720090293 0.0270880361173815 0.0158013544018059 0.0948081264108352 0.0733634311512415 0 0.100451467268623 0.0191873589164786
"podExp" 0.135440180586907 0.101580135440181 0.103837471783296 0.188487584650113 0.109480812641084 0.102708803611738 0.123024830699774 0.0869074492099323 0.108352144469526 0.102708803611738 0.0891647855530474 0.112866817155756 0.100451467268623 0 0.100451467268623
"terMex" 0.0970654627539503 0.0451467268623025 0.0485327313769752 0.132054176072235 0.0316027088036117 0.0485327313769752 0.072234762979684 0.082392776523702 0.0349887133182844 0.0101580135440181 0.100451467268623 0.0744920993227991 0.0191873589164786 0.100451467268623 0
