"carIns" "cheAbi" "cheMyd" "cheSer" "chrPic" "cuoAmb" "cuoMcc" "derCor" "derMaw" "emySub" "gopAga" "malTer" "mesTub" "pelCas" "pelSin" "plaMeg" "podExp" "terMex"
"carIns" 0 0.126658624849216 0.127864897466827 0.130277442702051 0.123039806996381 0.139927623642943 0.12183353437877 0.123039806996381 0.125452352231604 0.125452352231604 0.125452352231604 0.123039806996381 0.132689987937274 0.133896260554885 0.12183353437877 0.12183353437877 0.142340168878166 0.118214716525935
"cheAbi" 0.126658624849216 0 0.0542822677925211 0.0482509047044632 0.0289505428226779 0.0675512665862485 0.0253317249698432 0.0446320868516285 0.060313630880579 0.0820265379975875 0.02291917973462 0.0289505428226779 0.0928829915560917 0.0723763570566948 0.107358262967431 0.0301568154402895 0.0940892641737033 0.0265379975874548
"cheMyd" 0.127864897466827 0.0542822677925211 0 0.0506634499396864 0.0470446320868516 0.0723763570566948 0.0434258142340169 0.0386007237635706 0.0554885404101327 0.074788902291918 0.0542822677925211 0.0470446320868516 0.0856453558504222 0.083232810615199 0.101326899879373 0.04583835946924 0.0940892641737033 0.0446320868516285
"cheSer" 0.130277442702051 0.0482509047044632 0.0506634499396864 0 0.0361881785283474 0.0820265379975875 0.037394451145959 0.0349819059107358 0.0579010856453559 0.0784077201447527 0.0434258142340169 0.0361881785283474 0.0868516284680338 0.0796139927623643 0.0989143546441496 0.037394451145959 0.0940892641737033 0.0301568154402895
"chrPic" 0.123039806996381 0.0289505428226779 0.0470446320868516 0.0361881785283474 0 0.0639324487334137 0.0205066344993969 0.0349819059107358 0.0506634499396864 0.0711700844390832 0.0277442702050663 0.00241254523522316 0.083232810615199 0.0675512665862485 0.0952955367913148 0.0132689987937274 0.0892641737032569 0.00844390832328106
"cuoAmb" 0.139927623642943 0.0675512665862485 0.0723763570566948 0.0820265379975875 0.0639324487334137 0 0.0554885404101327 0.0772014475271411 0.0784077201447527 0.104945717732207 0.0699638118214717 0.0639324487334137 0.113389626055489 0.110977080820265 0.131483715319662 0.0639324487334137 0.130277442702051 0.0615199034981906
"cuoMcc" 0.12183353437877 0.0253317249698432 0.0434258142340169 0.037394451145959 0.0205066344993969 0.0554885404101327 0 0.0313630880579011 0.051869722557298 0.0711700844390832 0.0217129071170084 0.0205066344993969 0.0868516284680338 0.0663449939686369 0.0965018094089264 0.0193003618817853 0.0880579010856454 0.0180940892641737
"derCor" 0.123039806996381 0.0446320868516285 0.0386007237635706 0.0349819059107358 0.0349819059107358 0.0772014475271411 0.0313630880579011 0 0.0554885404101327 0.0723763570566948 0.0398069963811821 0.0349819059107358 0.0856453558504222 0.0735826296743064 0.0916767189384801 0.0337756332931242 0.0892641737032569 0.0301568154402895
"derMaw" 0.125452352231604 0.060313630880579 0.0554885404101327 0.0579010856453559 0.0506634499396864 0.0784077201447527 0.051869722557298 0.0554885404101327 0 0.0880579010856454 0.0591073582629674 0.0506634499396864 0.102533172496984 0.0904704463208685 0.104945717732207 0.051869722557298 0.104945717732207 0.0506634499396864
"emySub" 0.125452352231604 0.0820265379975875 0.074788902291918 0.0784077201447527 0.0711700844390832 0.104945717732207 0.0711700844390832 0.0723763570566948 0.0880579010856454 0 0.0772014475271411 0.0711700844390832 0.0591073582629674 0.0856453558504222 0.110977080820265 0.0687575392038601 0.0952955367913148 0.0699638118214717
"gopAga" 0.125452352231604 0.02291917973462 0.0542822677925211 0.0434258142340169 0.0277442702050663 0.0699638118214717 0.0217129071170084 0.0398069963811821 0.0591073582629674 0.0772014475271411 0 0.0277442702050663 0.0880579010856454 0.0723763570566948 0.0965018094089264 0.0265379975874548 0.0940892641737033 0.0253317249698432
"malTer" 0.123039806996381 0.0289505428226779 0.0470446320868516 0.0361881785283474 0.00241254523522316 0.0639324487334137 0.0205066344993969 0.0349819059107358 0.0506634499396864 0.0711700844390832 0.0277442702050663 0 0.083232810615199 0.0675512665862485 0.0952955367913148 0.0132689987937274 0.0892641737032569 0.00844390832328106
"mesTub" 0.132689987937274 0.0928829915560917 0.0856453558504222 0.0868516284680338 0.083232810615199 0.113389626055489 0.0868516284680338 0.0856453558504222 0.102533172496984 0.0591073582629674 0.0880579010856454 0.083232810615199 0 0.097708082026538 0.131483715319662 0.0856453558504222 0.104945717732207 0.0820265379975875
"pelCas" 0.133896260554885 0.0723763570566948 0.083232810615199 0.0796139927623643 0.0675512665862485 0.110977080820265 0.0663449939686369 0.0735826296743064 0.0904704463208685 0.0856453558504222 0.0723763570566948 0.0675512665862485 0.097708082026538 0 0.120627261761158 0.0675512665862485 0.0796139927623643 0.0651387213510253
"pelSin" 0.12183353437877 0.107358262967431 0.101326899879373 0.0989143546441496 0.0952955367913148 0.131483715319662 0.0965018094089264 0.0916767189384801 0.104945717732207 0.110977080820265 0.0965018094089264 0.0952955367913148 0.131483715319662 0.120627261761158 0 0.0940892641737033 0.14475271411339 0.0904704463208685
"plaMeg" 0.12183353437877 0.0301568154402895 0.04583835946924 0.037394451145959 0.0132689987937274 0.0639324487334137 0.0193003618817853 0.0337756332931242 0.051869722557298 0.0687575392038601 0.0265379975874548 0.0132689987937274 0.0856453558504222 0.0675512665862485 0.0940892641737033 0 0.0892641737032569 0.0132689987937274
"podExp" 0.142340168878166 0.0940892641737033 0.0940892641737033 0.0940892641737033 0.0892641737032569 0.130277442702051 0.0880579010856454 0.0892641737032569 0.104945717732207 0.0952955367913148 0.0940892641737033 0.0892641737032569 0.104945717732207 0.0796139927623643 0.14475271411339 0.0892641737032569 0 0.0844390832328106
"terMex" 0.118214716525935 0.0265379975874548 0.0446320868516285 0.0301568154402895 0.00844390832328106 0.0615199034981906 0.0180940892641737 0.0301568154402895 0.0506634499396864 0.0699638118214717 0.0253317249698432 0.00844390832328106 0.0820265379975875 0.0651387213510253 0.0904704463208685 0.0132689987937274 0.0844390832328106 0
