"carIns" "cheAbi" "cheMyd" "cheSer" "chrPic" "cuoAmb" "cuoMcc" "derMaw" "emySub" "gopAga" "malTer" "mesTub" "pelCas" "pelSin" "plaMeg" "podExp" "terMex"
"carIns" 0 0.0885780885780886 0.0827505827505828 0.0792540792540792 0.0745920745920746 0.116550116550117 0.0862470862470862 0.118881118881119 0.0757575757575758 0.0804195804195804 0.0979020979020979 0.0909090909090909 0.0944055944055944 0.0862470862470862 0.0710955710955711 0.0979020979020979 0.0722610722610723
"cheAbi" 0.0885780885780886 0 0.0454545454545455 0.0396270396270396 0.0303030303030303 0.0559440559440559 0.0244755244755245 0.0874125874125874 0.0536130536130536 0.0244755244755245 0.0582750582750583 0.0594405594405594 0.0699300699300699 0.0652680652680653 0.0291375291375291 0.0734265734265734 0.0303030303030303
"cheMyd" 0.0827505827505828 0.0454545454545455 0 0.0361305361305361 0.0291375291375291 0.0804195804195804 0.0454545454545455 0.0792540792540792 0.0501165501165501 0.0454545454545455 0.0559440559440559 0.0629370629370629 0.0722610722610723 0.0675990675990676 0.0303030303030303 0.0804195804195804 0.027972027972028
"cheSer" 0.0792540792540792 0.0396270396270396 0.0361305361305361 0 0.0256410256410256 0.0687645687645688 0.0384615384615385 0.0699300699300699 0.048951048951049 0.0384615384615385 0.0547785547785548 0.0594405594405594 0.0652680652680653 0.0641025641025641 0.0268065268065268 0.0710955710955711 0.0256410256410256
"chrPic" 0.0745920745920746 0.0303030303030303 0.0291375291375291 0.0256410256410256 0 0.0582750582750583 0.0233100233100233 0.0722610722610723 0.034965034965035 0.0256410256410256 0.0337995337995338 0.048951048951049 0.0582750582750583 0.0571095571095571 0.0104895104895105 0.0617715617715618 0.00699300699300699
"cuoAmb" 0.116550116550117 0.0559440559440559 0.0804195804195804 0.0687645687645688 0.0582750582750583 0 0.041958041958042 0.0920745920745921 0.0862470862470862 0.0512820512820513 0.0652680652680653 0.0979020979020979 0.0955710955710956 0.0909090909090909 0.0594405594405594 0.103729603729604 0.0559440559440559
"cuoMcc" 0.0862470862470862 0.0244755244755245 0.0454545454545455 0.0384615384615385 0.0233100233100233 0.041958041958042 0 0.0874125874125874 0.048951048951049 0.0174825174825175 0.0501165501165501 0.0594405594405594 0.0675990675990676 0.0641025641025641 0.0244755244755245 0.0710955710955711 0.020979020979021
"derMaw" 0.118881118881119 0.0874125874125874 0.0792540792540792 0.0699300699300699 0.0722610722610723 0.0920745920745921 0.0874125874125874 0 0.0885780885780886 0.0862470862470862 0.0769230769230769 0.0990675990675991 0.10955710955711 0.108391608391608 0.0734265734265734 0.116550116550117 0.0722610722610723
"emySub" 0.0757575757575758 0.0536130536130536 0.0501165501165501 0.048951048951049 0.034965034965035 0.0862470862470862 0.048951048951049 0.0885780885780886 0 0.0477855477855478 0.0617715617715618 0.027972027972028 0.0477855477855478 0.0559440559440559 0.0361305361305361 0.0477855477855478 0.034965034965035
"gopAga" 0.0804195804195804 0.0244755244755245 0.0454545454545455 0.0384615384615385 0.0256410256410256 0.0512820512820513 0.0174825174825175 0.0862470862470862 0.0477855477855478 0 0.0501165501165501 0.0594405594405594 0.0641025641025641 0.0617715617715618 0.0221445221445221 0.0652680652680653 0.0233100233100233
"malTer" 0.0979020979020979 0.0582750582750583 0.0559440559440559 0.0547785547785548 0.0337995337995338 0.0652680652680653 0.0501165501165501 0.0769230769230769 0.0617715617715618 0.0501165501165501 0 0.0745920745920746 0.0815850815850816 0.0827505827505828 0.0396270396270396 0.0897435897435897 0.0337995337995338
"mesTub" 0.0909090909090909 0.0594405594405594 0.0629370629370629 0.0594405594405594 0.048951048951049 0.0979020979020979 0.0594405594405594 0.0990675990675991 0.027972027972028 0.0594405594405594 0.0745920745920746 0 0.0559440559440559 0.0699300699300699 0.0477855477855478 0.0547785547785548 0.048951048951049
"pelCas" 0.0944055944055944 0.0699300699300699 0.0722610722610723 0.0652680652680653 0.0582750582750583 0.0955710955710956 0.0675990675990676 0.10955710955711 0.0477855477855478 0.0641025641025641 0.0815850815850816 0.0559440559440559 0 0.0745920745920746 0.0571095571095571 0.0326340326340326 0.0547785547785548
"pelSin" 0.0862470862470862 0.0652680652680653 0.0675990675990676 0.0641025641025641 0.0571095571095571 0.0909090909090909 0.0641025641025641 0.108391608391608 0.0559440559440559 0.0617715617715618 0.0827505827505828 0.0699300699300699 0.0745920745920746 0 0.0536130536130536 0.0815850815850816 0.0547785547785548
"plaMeg" 0.0710955710955711 0.0291375291375291 0.0303030303030303 0.0268065268065268 0.0104895104895105 0.0594405594405594 0.0244755244755245 0.0734265734265734 0.0361305361305361 0.0221445221445221 0.0396270396270396 0.0477855477855478 0.0571095571095571 0.0536130536130536 0 0.0606060606060606 0.0104895104895105
"podExp" 0.0979020979020979 0.0734265734265734 0.0804195804195804 0.0710955710955711 0.0617715617715618 0.103729603729604 0.0710955710955711 0.116550116550117 0.0477855477855478 0.0652680652680653 0.0897435897435897 0.0547785547785548 0.0326340326340326 0.0815850815850816 0.0606060606060606 0 0.0629370629370629
"terMex" 0.0722610722610723 0.0303030303030303 0.027972027972028 0.0256410256410256 0.00699300699300699 0.0559440559440559 0.020979020979021 0.0722610722610723 0.034965034965035 0.0233100233100233 0.0337995337995338 0.048951048951049 0.0547785547785548 0.0547785547785548 0.0104895104895105 0.0629370629370629 0
