"carIns" "cheAbi" "cheMyd" "cheSer" "chrPic" "cuoAmb" "cuoMcc" "derCor" "derMaw" "emySub" "gopAga" "malTer" "mesTub" "pelCas" "pelSin" "plaMeg" "podExp"
"carIns" 0 0.0550847457627119 0.0635593220338983 0.0423728813559322 0.0466101694915254 0.0480225988700565 0.0522598870056497 0.0480225988700565 0.0494350282485876 0.0508474576271186 0.0564971751412429 0.286723163841808 0.0508474576271186 0.0692090395480226 0.0437853107344633 0.0437853107344633 0.0663841807909605
"cheAbi" 0.0550847457627119 0 0.0409604519774011 0.0155367231638418 0.0225988700564972 0.018361581920904 0.0211864406779661 0.0211864406779661 0.0282485875706215 0.0324858757062147 0.019774011299435 0.27683615819209 0.0353107344632768 0.0550847457627119 0.0451977401129944 0.0169491525423729 0.0550847457627119
"cheMyd" 0.0635593220338983 0.0409604519774011 0 0.0282485875706215 0.0353107344632768 0.0367231638418079 0.0395480225988701 0.0310734463276836 0.0395480225988701 0.0451977401129944 0.0409604519774011 0.292372881355932 0.0466101694915254 0.0734463276836158 0.0508474576271186 0.0282485875706215 0.0635593220338983
"cheSer" 0.0423728813559322 0.0155367231638418 0.0282485875706215 0 0.0127118644067797 0.0141242937853107 0.0169491525423729 0.0112994350282486 0.018361581920904 0.019774011299435 0.018361581920904 0.269774011299435 0.0225988700564972 0.0466101694915254 0.0324858757062147 0.00706214689265537 0.0451977401129944
"chrPic" 0.0466101694915254 0.0225988700564972 0.0353107344632768 0.0127118644067797 0 0.0155367231638418 0.018361581920904 0.018361581920904 0.0225988700564972 0.0296610169491525 0.0169491525423729 0.266949152542373 0.0324858757062147 0.0564971751412429 0.0367231638418079 0.00847457627118644 0.0395480225988701
"cuoAmb" 0.0480225988700565 0.018361581920904 0.0367231638418079 0.0141242937853107 0.0155367231638418 0 0.00706214689265537 0.019774011299435 0.0211864406779661 0.0254237288135593 0.018361581920904 0.268361581920904 0.0310734463276836 0.0550847457627119 0.0409604519774011 0.00988700564971751 0.0508474576271186
"cuoMcc" 0.0522598870056497 0.0211864406779661 0.0395480225988701 0.0169491525423729 0.018361581920904 0.00706214689265537 0 0.0225988700564972 0.0254237288135593 0.0324858757062147 0.0211864406779661 0.266949152542373 0.0353107344632768 0.0593220338983051 0.0437853107344633 0.0127118644067797 0.0550847457627119
"derCor" 0.0480225988700565 0.0211864406779661 0.0310734463276836 0.0112994350282486 0.018361581920904 0.019774011299435 0.0225988700564972 0 0.0240112994350282 0.0282485875706215 0.0240112994350282 0.268361581920904 0.0310734463276836 0.057909604519774 0.038135593220339 0.0127118644067797 0.0536723163841808
"derMaw" 0.0494350282485876 0.0282485875706215 0.0395480225988701 0.018361581920904 0.0225988700564972 0.0211864406779661 0.0254237288135593 0.0240112994350282 0 0.0324858757062147 0.0225988700564972 0.278248587570621 0.0324858757062147 0.0536723163841808 0.0451977401129944 0.019774011299435 0.0508474576271186
"emySub" 0.0508474576271186 0.0324858757062147 0.0451977401129944 0.019774011299435 0.0296610169491525 0.0254237288135593 0.0324858757062147 0.0282485875706215 0.0324858757062147 0 0.0353107344632768 0.274011299435028 0.0112994350282486 0.0423728813559322 0.0409604519774011 0.0240112994350282 0.0395480225988701
"gopAga" 0.0564971751412429 0.019774011299435 0.0409604519774011 0.018361581920904 0.0169491525423729 0.018361581920904 0.0211864406779661 0.0240112994350282 0.0225988700564972 0.0353107344632768 0 0.274011299435028 0.038135593220339 0.0621468926553672 0.0480225988700565 0.0169491525423729 0.0522598870056497
"malTer" 0.286723163841808 0.27683615819209 0.292372881355932 0.269774011299435 0.266949152542373 0.268361581920904 0.266949152542373 0.268361581920904 0.278248587570621 0.274011299435028 0.274011299435028 0 0.278248587570621 0.296610169491525 0.274011299435028 0.268361581920904 0.285310734463277
"mesTub" 0.0508474576271186 0.0353107344632768 0.0466101694915254 0.0225988700564972 0.0324858757062147 0.0310734463276836 0.0353107344632768 0.0310734463276836 0.0324858757062147 0.0112994350282486 0.038135593220339 0.278248587570621 0 0.0451977401129944 0.038135593220339 0.0268361581920904 0.0395480225988701
"pelCas" 0.0692090395480226 0.0550847457627119 0.0734463276836158 0.0466101694915254 0.0564971751412429 0.0550847457627119 0.0593220338983051 0.057909604519774 0.0536723163841808 0.0423728813559322 0.0621468926553672 0.296610169491525 0.0451977401129944 0 0.0635593220338983 0.0508474576271186 0.0564971751412429
"pelSin" 0.0437853107344633 0.0451977401129944 0.0508474576271186 0.0324858757062147 0.0367231638418079 0.0409604519774011 0.0437853107344633 0.038135593220339 0.0451977401129944 0.0409604519774011 0.0480225988700565 0.274011299435028 0.038135593220339 0.0635593220338983 0 0.0324858757062147 0.0593220338983051
"plaMeg" 0.0437853107344633 0.0169491525423729 0.0282485875706215 0.00706214689265537 0.00847457627118644 0.00988700564971751 0.0127118644067797 0.0127118644067797 0.019774011299435 0.0240112994350282 0.0169491525423729 0.268361581920904 0.0268361581920904 0.0508474576271186 0.0324858757062147 0 0.0466101694915254
"podExp" 0.0663841807909605 0.0550847457627119 0.0635593220338983 0.0451977401129944 0.0395480225988701 0.0508474576271186 0.0550847457627119 0.0536723163841808 0.0508474576271186 0.0395480225988701 0.0522598870056497 0.285310734463277 0.0395480225988701 0.0564971751412429 0.0593220338983051 0.0466101694915254 0
