"carIns" "cheAbi" "cheMyd" "cheSer" "chrPic" "cuoAmb" "cuoMcc" "derCor" "derMaw" "emySub" "gopAga" "malTer" "mesTub" "pelCas" "pelSin" "plaMeg" "podExp" "terMex"
"carIns" 0 0.0966587112171838 0.0906921241050119 0.0883054892601432 0.0847255369928401 0.0859188544152745 0.0894988066825776 0.0978520286396181 0.101431980906921 0.109785202863962 0.10381861575179 0.0859188544152745 0.0966587112171838 0.105011933174224 0.151551312649165 0.0883054892601432 0.12291169451074 0.0835322195704057
"cheAbi" 0.0966587112171838 0 0.0513126491646778 0.0501193317422434 0.0322195704057279 0.0238663484486874 0.022673031026253 0.0501193317422434 0.071599045346062 0.081145584725537 0.0286396181384248 0.0381861575178998 0.0859188544152745 0.0990453460620525 0.147971360381862 0.0489260143198091 0.10381861575179 0.0346062052505967
"cheMyd" 0.0906921241050119 0.0513126491646778 0 0.0525059665871122 0.0465393794749403 0.0525059665871122 0.0536992840095465 0.0465393794749403 0.0692124105011933 0.0871121718377088 0.0572792362768496 0.0501193317422434 0.0871121718377088 0.0894988066825776 0.139618138424821 0.045346062052506 0.10381861575179 0.0477326968973747
"cheSer" 0.0883054892601432 0.0501193317422434 0.0525059665871122 0 0.0381861575178998 0.0417661097852029 0.0405727923627685 0.0572792362768496 0.0668257756563246 0.0859188544152745 0.0548926014319809 0.0417661097852029 0.0883054892601432 0.0918854415274463 0.14200477326969 0.0477326968973747 0.114558472553699 0.0381861575178998
"chrPic" 0.0847255369928401 0.0322195704057279 0.0465393794749403 0.0381861575178998 0 0.0202863961813842 0.0214797136038186 0.045346062052506 0.0608591885441527 0.0739856801909308 0.0369928400954654 0.00596658711217184 0.071599045346062 0.0835322195704057 0.137231503579952 0.0322195704057279 0.0954653937947494 0.00954653937947494
"cuoAmb" 0.0859188544152745 0.0238663484486874 0.0525059665871122 0.0417661097852029 0.0202863961813842 0 0.00596658711217184 0.0477326968973747 0.0727923627684964 0.0775656324582339 0.0298329355608592 0.022673031026253 0.0787589498806683 0.0906921241050119 0.140811455847255 0.0405727923627685 0.0966587112171838 0.0250596658711217
"cuoMcc" 0.0894988066825776 0.022673031026253 0.0536992840095465 0.0405727923627685 0.0214797136038186 0.00596658711217184 0 0.0489260143198091 0.071599045346062 0.0787589498806683 0.0286396181384248 0.0262529832935561 0.0799522673031026 0.0918854415274463 0.143198090692124 0.0393794749403341 0.0978520286396181 0.0238663484486874
"derCor" 0.0978520286396181 0.0501193317422434 0.0465393794749403 0.0572792362768496 0.045346062052506 0.0477326968973747 0.0489260143198091 0 0.0835322195704057 0.0871121718377088 0.0644391408114559 0.0489260143198091 0.0859188544152745 0.10381861575179 0.144391408114558 0.0560859188544153 0.110978520286396 0.045346062052506
"derMaw" 0.101431980906921 0.071599045346062 0.0692124105011933 0.0668257756563246 0.0608591885441527 0.0727923627684964 0.071599045346062 0.0835322195704057 0 0.105011933174224 0.0727923627684964 0.0644391408114559 0.094272076372315 0.0990453460620525 0.149164677804296 0.0668257756563246 0.120525059665871 0.0596658711217184
"emySub" 0.109785202863962 0.081145584725537 0.0871121718377088 0.0859188544152745 0.0739856801909308 0.0775656324582339 0.0787589498806683 0.0871121718377088 0.105011933174224 0 0.0918854415274463 0.0763723150357995 0.0644391408114559 0.0847255369928401 0.153937947494033 0.081145584725537 0.102625298329356 0.071599045346062
"gopAga" 0.10381861575179 0.0286396181384248 0.0572792362768496 0.0548926014319809 0.0369928400954654 0.0298329355608592 0.0286396181384248 0.0644391408114559 0.0727923627684964 0.0918854415274463 0 0.0405727923627685 0.0930787589498807 0.0966587112171838 0.147971360381862 0.0477326968973747 0.110978520286396 0.0393794749403341
"malTer" 0.0859188544152745 0.0381861575178998 0.0501193317422434 0.0417661097852029 0.00596658711217184 0.022673031026253 0.0262529832935561 0.0489260143198091 0.0644391408114559 0.0763723150357995 0.0405727923627685 0 0.0727923627684964 0.0859188544152745 0.134844868735084 0.0381861575178998 0.0978520286396181 0.013126491646778
"mesTub" 0.0966587112171838 0.0859188544152745 0.0871121718377088 0.0883054892601432 0.071599045346062 0.0787589498806683 0.0799522673031026 0.0859188544152745 0.094272076372315 0.0644391408114559 0.0930787589498807 0.0727923627684964 0 0.0739856801909308 0.151551312649165 0.0763723150357995 0.0906921241050119 0.071599045346062
"pelCas" 0.105011933174224 0.0990453460620525 0.0894988066825776 0.0918854415274463 0.0835322195704057 0.0906921241050119 0.0918854415274463 0.10381861575179 0.0990453460620525 0.0847255369928401 0.0966587112171838 0.0859188544152745 0.0739856801909308 0 0.157517899761337 0.0847255369928401 0.0835322195704057 0.0847255369928401
"pelSin" 0.151551312649165 0.147971360381862 0.139618138424821 0.14200477326969 0.137231503579952 0.140811455847255 0.143198090692124 0.144391408114558 0.149164677804296 0.153937947494033 0.147971360381862 0.134844868735084 0.151551312649165 0.157517899761337 0 0.132458233890215 0.186157517899761 0.136038186157518
"plaMeg" 0.0883054892601432 0.0489260143198091 0.045346062052506 0.0477326968973747 0.0322195704057279 0.0405727923627685 0.0393794749403341 0.0560859188544153 0.0668257756563246 0.081145584725537 0.0477326968973747 0.0381861575178998 0.0763723150357995 0.0847255369928401 0.132458233890215 0 0.105011933174224 0.0310262529832936
"podExp" 0.12291169451074 0.10381861575179 0.10381861575179 0.114558472553699 0.0954653937947494 0.0966587112171838 0.0978520286396181 0.110978520286396 0.120525059665871 0.102625298329356 0.110978520286396 0.0978520286396181 0.0906921241050119 0.0835322195704057 0.186157517899761 0.105011933174224 0 0.0930787589498807
"terMex" 0.0835322195704057 0.0346062052505967 0.0477326968973747 0.0381861575178998 0.00954653937947494 0.0250596658711217 0.0238663484486874 0.045346062052506 0.0596658711217184 0.071599045346062 0.0393794749403341 0.013126491646778 0.071599045346062 0.0847255369928401 0.136038186157518 0.0310262529832936 0.0930787589498807 0
