"carIns" "cheAbi" "cheMyd" "cheSer" "chrPic" "cuoAmb" "cuoMcc" "derCor" "derMaw" "emySub" "gopAga" "malTer" "mesTub" "pelCas" "pelSin" "plaMeg" "podExp" "terMex"
"carIns" 0 0.0654685494223363 0.0898587933247754 0.0680359435173299 0.0654685494223363 0.0641848523748395 0.0667522464698331 0.0706033376123235 0.0808729139922978 0.0847240051347882 0.0783055198973042 0.0629011553273428 0.0975609756097561 0.0937098844672657 0.10783055198973 0.0654685494223363 0.130937098844673 0.0911424903722722
"cheAbi" 0.0654685494223363 0 0.0462130937098845 0.024390243902439 0.0218228498074454 0.0166880616174583 0.0179717586649551 0.024390243902439 0.0333761232349166 0.0500641848523748 0.0320924261874198 0.0192554557124519 0.0654685494223363 0.0693196405648267 0.0834403080872914 0.0128369704749679 0.101412066752246 0.0526315789473684
"cheMyd" 0.0898587933247754 0.0462130937098845 0 0.0474967907573813 0.0500641848523748 0.0462130937098845 0.0449293966623877 0.0474967907573813 0.061617458279846 0.0757381258023107 0.0577663671373556 0.0449293966623877 0.086007702182285 0.0872913992297818 0.10783055198973 0.0436456996148909 0.116816431322208 0.061617458279846
"cheSer" 0.0680359435173299 0.024390243902439 0.0474967907573813 0 0.0231065468549422 0.024390243902439 0.024390243902439 0.024390243902439 0.0295250320924262 0.0500641848523748 0.0410783055198973 0.0205391527599487 0.0641848523748395 0.0693196405648267 0.0821566110397946 0.0218228498074454 0.0975609756097561 0.0539152759948652
"chrPic" 0.0654685494223363 0.0218228498074454 0.0500641848523748 0.0231065468549422 0 0.0231065468549422 0.0192554557124519 0.0269576379974326 0.0372272143774069 0.0526315789473684 0.0385109114249037 0.0102695763799743 0.0680359435173299 0.0693196405648267 0.079589216944801 0.0192554557124519 0.101412066752246 0.0410783055198973
"cuoAmb" 0.0641848523748395 0.0166880616174583 0.0462130937098845 0.024390243902439 0.0231065468549422 0 0.0141206675224647 0.024390243902439 0.0359435173299101 0.0513478818998716 0.030808729139923 0.0205391527599487 0.0577663671373556 0.0680359435173299 0.086007702182285 0.0128369704749679 0.0988446726572529 0.0513478818998716
"cuoMcc" 0.0667522464698331 0.0179717586649551 0.0449293966623877 0.024390243902439 0.0192554557124519 0.0141206675224647 0 0.0205391527599487 0.0333761232349166 0.0526315789473684 0.0320924261874198 0.0166880616174583 0.061617458279846 0.0667522464698331 0.0847240051347882 0.0141206675224647 0.0975609756097561 0.0500641848523748
"derCor" 0.0706033376123235 0.024390243902439 0.0474967907573813 0.024390243902439 0.0269576379974326 0.024390243902439 0.0205391527599487 0 0.0333761232349166 0.0539152759948652 0.0410783055198973 0.0218228498074454 0.061617458279846 0.0680359435173299 0.0847240051347882 0.0218228498074454 0.0975609756097561 0.0564826700898588
"derMaw" 0.0808729139922978 0.0333761232349166 0.061617458279846 0.0295250320924262 0.0372272143774069 0.0359435173299101 0.0333761232349166 0.0333761232349166 0 0.061617458279846 0.0526315789473684 0.0320924261874198 0.0731707317073171 0.0783055198973042 0.0949935815147625 0.0333761232349166 0.109114249037227 0.0667522464698331
"emySub" 0.0847240051347882 0.0500641848523748 0.0757381258023107 0.0500641848523748 0.0526315789473684 0.0513478818998716 0.0526315789473684 0.0539152759948652 0.061617458279846 0 0.0693196405648267 0.0526315789473684 0.0590500641848524 0.0693196405648267 0.0962772785622593 0.048780487804878 0.105263157894737 0.0847240051347882
"gopAga" 0.0783055198973042 0.0320924261874198 0.0577663671373556 0.0410783055198973 0.0385109114249037 0.030808729139923 0.0320924261874198 0.0410783055198973 0.0526315789473684 0.0693196405648267 0 0.0359435173299101 0.0770218228498075 0.0834403080872914 0.101412066752246 0.0282413350449294 0.112965340179718 0.0590500641848524
"malTer" 0.0629011553273428 0.0192554557124519 0.0449293966623877 0.0205391527599487 0.0102695763799743 0.0205391527599487 0.0166880616174583 0.0218228498074454 0.0320924261874198 0.0526315789473684 0.0359435173299101 0 0.0654685494223363 0.0667522464698331 0.079589216944801 0.0166880616174583 0.0937098844672657 0.0397946084724005
"mesTub" 0.0975609756097561 0.0654685494223363 0.086007702182285 0.0641848523748395 0.0680359435173299 0.0577663671373556 0.061617458279846 0.061617458279846 0.0731707317073171 0.0590500641848524 0.0770218228498075 0.0654685494223363 0 0.0924261874197689 0.101412066752246 0.0590500641848524 0.0988446726572529 0.0885750962772786
"pelCas" 0.0937098844672657 0.0693196405648267 0.0872913992297818 0.0693196405648267 0.0693196405648267 0.0680359435173299 0.0667522464698331 0.0680359435173299 0.0783055198973042 0.0693196405648267 0.0834403080872914 0.0667522464698331 0.0924261874197689 0 0.112965340179718 0.0667522464698331 0.10012836970475 0.0911424903722722
"pelSin" 0.10783055198973 0.0834403080872914 0.10783055198973 0.0821566110397946 0.079589216944801 0.086007702182285 0.0847240051347882 0.0847240051347882 0.0949935815147625 0.0962772785622593 0.101412066752246 0.079589216944801 0.101412066752246 0.112965340179718 0 0.0847240051347882 0.114249037227214 0.110397946084724
"plaMeg" 0.0654685494223363 0.0128369704749679 0.0436456996148909 0.0218228498074454 0.0192554557124519 0.0128369704749679 0.0141206675224647 0.0218228498074454 0.0333761232349166 0.048780487804878 0.0282413350449294 0.0166880616174583 0.0590500641848524 0.0667522464698331 0.0847240051347882 0 0.0988446726572529 0.0474967907573813
"podExp" 0.130937098844673 0.101412066752246 0.116816431322208 0.0975609756097561 0.101412066752246 0.0988446726572529 0.0975609756097561 0.0975609756097561 0.109114249037227 0.105263157894737 0.112965340179718 0.0937098844672657 0.0988446726572529 0.10012836970475 0.114249037227214 0.0988446726572529 0 0.125802310654686
"terMex" 0.0911424903722722 0.0526315789473684 0.061617458279846 0.0539152759948652 0.0410783055198973 0.0513478818998716 0.0500641848523748 0.0564826700898588 0.0667522464698331 0.0847240051347882 0.0590500641848524 0.0397946084724005 0.0885750962772786 0.0911424903722722 0.110397946084724 0.0474967907573813 0.125802310654686 0
