"cheAbi" "cheMyd" "cheSer" "chrPic" "cuoAmb" "cuoMcc" "derCor" "derMaw" "emySub" "gopAga" "malTer" "mesTub" "pelCas" "pelSin" "plaMeg" "podExp" "terMex"
"cheAbi" 0 0.197932053175775 0.0369276218611521 0.0310192023633678 0.0221565731166913 0.0251107828655835 0.121122599704579 0.0428360413589365 0.0502215657311669 0.0251107828655835 0.0280649926144756 0.0812407680945347 0.0841949778434269 0.161004431314623 0.0310192023633678 0.174298375184638 0.03397341211226
"cheMyd" 0.197932053175775 0 0.212703101920236 0.20384047267356 0.199409158050222 0.20384047267356 0.209748892171344 0.224519940915805 0.215657311669129 0.205317577548006 0.205317577548006 0.228951255539143 0.246676514032496 0.242245199409158 0.202363367799114 0.156573116691285 0.202363367799114
"cheSer" 0.0369276218611521 0.212703101920236 0 0.0295420974889217 0.0206794682422452 0.0251107828655835 0.128508124076809 0.0428360413589365 0.0561299852289513 0.0428360413589365 0.0265878877400295 0.0723781388478582 0.0901033973412112 0.146233382570162 0.0265878877400295 0.189069423929099 0.0295420974889217
"chrPic" 0.0310192023633678 0.20384047267356 0.0295420974889217 0 0.017725258493353 0.0221565731166913 0.124076809453471 0.0398818316100443 0.0561299852289513 0.0384047267355982 0.00590841949778434 0.0753323485967504 0.085672082717873 0.147710487444609 0.0162481536189069 0.184638109305761 0.00590841949778434
"cuoAmb" 0.0221565731166913 0.199409158050222 0.0206794682422452 0.017725258493353 0 0.00738552437223043 0.119645494830133 0.03397341211226 0.0472673559822747 0.0280649926144756 0.0147710487444609 0.0723781388478582 0.0782865583456425 0.149187592319055 0.0147710487444609 0.181683899556869 0.017725258493353
"cuoMcc" 0.0251107828655835 0.20384047267356 0.0251107828655835 0.0221565731166913 0.00738552437223043 0 0.124076809453471 0.03397341211226 0.0502215657311669 0.0324963072378139 0.0192023633677991 0.0753323485967504 0.0782865583456425 0.152141802067947 0.0192023633677991 0.181683899556869 0.0221565731166913
"derCor" 0.121122599704579 0.209748892171344 0.128508124076809 0.124076809453471 0.119645494830133 0.124076809453471 0 0.144756277695716 0.14327917282127 0.124076809453471 0.124076809453471 0.159527326440177 0.171344165435746 0.1698670605613 0.122599704579025 0.189069423929099 0.125553914327917
"derMaw" 0.0428360413589365 0.224519940915805 0.0428360413589365 0.0398818316100443 0.03397341211226 0.03397341211226 0.144756277695716 0 0.0620384047267356 0.0561299852289513 0.0369276218611521 0.0841949778434269 0.0915805022156573 0.165435745937962 0.0398818316100443 0.189069423929099 0.0428360413589365
"emySub" 0.0502215657311669 0.215657311669129 0.0561299852289513 0.0561299852289513 0.0472673559822747 0.0502215657311669 0.14327917282127 0.0620384047267356 0 0.0635155096011817 0.0561299852289513 0.0502215657311669 0.0723781388478582 0.165435745937962 0.0502215657311669 0.174298375184638 0.0531757754800591
"gopAga" 0.0251107828655835 0.205317577548006 0.0428360413589365 0.0384047267355982 0.0280649926144756 0.0324963072378139 0.124076809453471 0.0561299852289513 0.0635155096011817 0 0.0354505169867061 0.0945347119645495 0.0827178729689808 0.166912850812408 0.0369276218611521 0.183161004431315 0.0384047267355982
"malTer" 0.0280649926144756 0.205317577548006 0.0265878877400295 0.00590841949778434 0.0147710487444609 0.0192023633677991 0.124076809453471 0.0369276218611521 0.0561299852289513 0.0354505169867061 0 0.0738552437223043 0.085672082717873 0.146233382570162 0.0162481536189069 0.183161004431315 0.00886262924667651
"mesTub" 0.0812407680945347 0.228951255539143 0.0723781388478582 0.0753323485967504 0.0723781388478582 0.0753323485967504 0.159527326440177 0.0841949778434269 0.0502215657311669 0.0945347119645495 0.0738552437223043 0 0.0945347119645495 0.171344165435746 0.0723781388478582 0.184638109305761 0.0723781388478582
"pelCas" 0.0841949778434269 0.246676514032496 0.0901033973412112 0.085672082717873 0.0782865583456425 0.0782865583456425 0.171344165435746 0.0915805022156573 0.0723781388478582 0.0827178729689808 0.085672082717873 0.0945347119645495 0 0.194977843426883 0.0812407680945347 0.172821270310192 0.0827178729689808
"pelSin" 0.161004431314623 0.242245199409158 0.146233382570162 0.147710487444609 0.149187592319055 0.152141802067947 0.1698670605613 0.165435745937962 0.165435745937962 0.166912850812408 0.146233382570162 0.171344165435746 0.194977843426883 0 0.149187592319055 0.202363367799114 0.144756277695716
"plaMeg" 0.0310192023633678 0.202363367799114 0.0265878877400295 0.0162481536189069 0.0147710487444609 0.0192023633677991 0.122599704579025 0.0398818316100443 0.0502215657311669 0.0369276218611521 0.0162481536189069 0.0723781388478582 0.0812407680945347 0.149187592319055 0 0.181683899556869 0.0162481536189069
"podExp" 0.174298375184638 0.156573116691285 0.189069423929099 0.184638109305761 0.181683899556869 0.181683899556869 0.189069423929099 0.189069423929099 0.174298375184638 0.183161004431315 0.183161004431315 0.184638109305761 0.172821270310192 0.202363367799114 0.181683899556869 0 0.183161004431315
"terMex" 0.03397341211226 0.202363367799114 0.0295420974889217 0.00590841949778434 0.017725258493353 0.0221565731166913 0.125553914327917 0.0428360413589365 0.0531757754800591 0.0384047267355982 0.00886262924667651 0.0723781388478582 0.0827178729689808 0.144756277695716 0.0162481536189069 0.183161004431315 0
