"carIns" "cheAbi" "cheMyd" "cheSer" "chrPic" "cuoAmb" "cuoMcc" "derCor" "derMaw" "emySub" "gopAga" "malTer" "mesTub" "pelCas" "pelSin" "plaMeg" "podExp" "terMex"
"carIns" 0 0.108307045215563 0.10515247108307 0.110410094637224 0.0935856992639327 0.111461619348055 0.10410094637224 0.0998948475289169 0.1198738170347 0.0988433228180862 0.117770767613039 0.0935856992639327 0.092534174553102 0.11882229232387 0.200841219768665 0.112513144058885 0.128286014721346 0.0946372239747634
"cheAbi" 0.108307045215563 0 0.0851735015772871 0.0851735015772871 0.035751840168244 0.0630914826498423 0.0609884332281809 0.0851735015772871 0.0946372239747634 0.0893796004206099 0.0557308096740273 0.0378548895899054 0.0914826498422713 0.0862250262881178 0.216614090431125 0.0778128286014721 0.10410094637224 0.0336487907465825
"cheMyd" 0.10515247108307 0.0851735015772871 0 0.0431125131440589 0.0620399579390116 0.0452155625657203 0.0441640378548896 0.0126182965299685 0.0935856992639327 0.0914826498422713 0.0525762355415352 0.0620399579390116 0.0893796004206099 0.111461619348055 0.185068349106204 0.046267087276551 0.116719242902208 0.0651945320715037
"cheSer" 0.110410094637224 0.0851735015772871 0.0431125131440589 0 0.0715036803364879 0.0525762355415352 0.0504731861198738 0.0431125131440589 0.103049421661409 0.0904311251314406 0.0515247108307045 0.0736067297581493 0.0946372239747634 0.108307045215563 0.189274447949527 0.0536277602523659 0.1198738170347 0.0683491062039958
"chrPic" 0.0935856992639327 0.035751840168244 0.0620399579390116 0.0715036803364879 0 0.0588853838065195 0.0546792849631966 0.0620399579390116 0.07465825446898 0.0736067297581493 0.0672975814931651 0.00420609884332282 0.0757097791798107 0.0788643533123028 0.196635120925342 0.0578338590956887 0.0946372239747634 0.0136698212407992
"cuoAmb" 0.111461619348055 0.0630914826498423 0.0452155625657203 0.0525762355415352 0.0588853838065195 0 0.017875920084122 0.0431125131440589 0.103049421661409 0.0893796004206099 0.0336487907465825 0.0609884332281809 0.0914826498422713 0.109358569926393 0.19453207150368 0.0389064143007361 0.115667718191377 0.0599369085173502
"cuoMcc" 0.10410094637224 0.0609884332281809 0.0441640378548896 0.0504731861198738 0.0546792849631966 0.017875920084122 0 0.0420609884332282 0.0988433228180862 0.0841219768664564 0.0336487907465825 0.056782334384858 0.0841219768664564 0.101997896950578 0.195583596214511 0.0315457413249211 0.117770767613039 0.0557308096740273
"derCor" 0.0998948475289169 0.0851735015772871 0.0126182965299685 0.0431125131440589 0.0620399579390116 0.0431125131440589 0.0420609884332282 0 0.0914826498422713 0.0862250262881178 0.0546792849631966 0.0620399579390116 0.082018927444795 0.108307045215563 0.185068349106204 0.046267087276551 0.113564668769716 0.0651945320715037
"derMaw" 0.1198738170347 0.0946372239747634 0.0935856992639327 0.103049421661409 0.07465825446898 0.103049421661409 0.0988433228180862 0.0914826498422713 0 0.10410094637224 0.110410094637224 0.0767613038906414 0.0998948475289169 0.124079915878023 0.20925341745531 0.10410094637224 0.125131440588854 0.07465825446898
"emySub" 0.0988433228180862 0.0893796004206099 0.0914826498422713 0.0904311251314406 0.0736067297581493 0.0893796004206099 0.0841219768664564 0.0862250262881178 0.10410094637224 0 0.0946372239747634 0.0757097791798107 0.0441640378548896 0.0799158780231335 0.206098843322818 0.0904311251314406 0.0841219768664564 0.0715036803364879
"gopAga" 0.117770767613039 0.0557308096740273 0.0525762355415352 0.0515247108307045 0.0672975814931651 0.0336487907465825 0.0336487907465825 0.0546792849631966 0.110410094637224 0.0946372239747634 0 0.0672975814931651 0.0988433228180862 0.109358569926393 0.198738170347003 0.0473186119873817 0.125131440588854 0.0630914826498423
"malTer" 0.0935856992639327 0.0378548895899054 0.0620399579390116 0.0736067297581493 0.00420609884332282 0.0609884332281809 0.056782334384858 0.0620399579390116 0.0767613038906414 0.0757097791798107 0.0672975814931651 0 0.0778128286014721 0.0809674027339642 0.199789695057834 0.0599369085173502 0.0946372239747634 0.0136698212407992
"mesTub" 0.092534174553102 0.0914826498422713 0.0893796004206099 0.0946372239747634 0.0757097791798107 0.0914826498422713 0.0841219768664564 0.082018927444795 0.0998948475289169 0.0441640378548896 0.0988433228180862 0.0778128286014721 0 0.0851735015772871 0.199789695057834 0.0914826498422713 0.0956887486855941 0.0736067297581493
"pelCas" 0.11882229232387 0.0862250262881178 0.111461619348055 0.108307045215563 0.0788643533123028 0.109358569926393 0.101997896950578 0.108307045215563 0.124079915878023 0.0799158780231335 0.109358569926393 0.0809674027339642 0.0851735015772871 0 0.231335436382755 0.109358569926393 0.0872765509989485 0.0788643533123028
"pelSin" 0.200841219768665 0.216614090431125 0.185068349106204 0.189274447949527 0.196635120925342 0.19453207150368 0.195583596214511 0.185068349106204 0.20925341745531 0.206098843322818 0.198738170347003 0.199789695057834 0.199789695057834 0.231335436382755 0 0.19453207150368 0.226077812828601 0.199789695057834
"plaMeg" 0.112513144058885 0.0778128286014721 0.046267087276551 0.0536277602523659 0.0578338590956887 0.0389064143007361 0.0315457413249211 0.046267087276551 0.10410094637224 0.0904311251314406 0.0473186119873817 0.0599369085173502 0.0914826498422713 0.109358569926393 0.19453207150368 0 0.121976866456362 0.0588853838065195
"podExp" 0.128286014721346 0.10410094637224 0.116719242902208 0.1198738170347 0.0946372239747634 0.115667718191377 0.117770767613039 0.113564668769716 0.125131440588854 0.0841219768664564 0.125131440588854 0.0946372239747634 0.0956887486855941 0.0872765509989485 0.226077812828601 0.121976866456362 0 0.0935856992639327
"terMex" 0.0946372239747634 0.0336487907465825 0.0651945320715037 0.0683491062039958 0.0136698212407992 0.0599369085173502 0.0557308096740273 0.0651945320715037 0.07465825446898 0.0715036803364879 0.0630914826498423 0.0136698212407992 0.0736067297581493 0.0788643533123028 0.199789695057834 0.0588853838065195 0.0935856992639327 0
