"carIns" "cheAbi" "cheMyd" "chrPic" "cuoAmb" "cuoMcc" "derCor" "derMaw" "emySub" "gopAga" "malTer" "mesTub" "pelCas" "pelSin" "plaMeg" "podExp" "terMex"
"carIns" 0 0.101123595505618 0.0951310861423221 0.0921348314606742 0.098876404494382 0.097378277153558 0.099625468164794 0.104119850187266 0.104119850187266 0.100374531835206 0.0921348314606742 0.115355805243446 0.131835205992509 0.319101123595506 0.0898876404494382 0.134831460674157 0.0921348314606742
"cheAbi" 0.101123595505618 0 0.0374531835205993 0.0329588014981273 0.0262172284644195 0.0262172284644195 0.0419475655430712 0.0531835205992509 0.0651685393258427 0.0224719101123595 0.0329588014981273 0.0779026217228464 0.098876404494382 0.310112359550562 0.0299625468164794 0.0958801498127341 0.0314606741573034
"cheMyd" 0.0951310861423221 0.0374531835205993 0 0.0292134831460674 0.0359550561797753 0.0337078651685393 0.0187265917602996 0.0397003745318352 0.0591760299625468 0.0426966292134831 0.0292134831460674 0.0689138576779026 0.0936329588014981 0.306367041198502 0.0262172284644195 0.0906367041198502 0.0284644194756554
"chrPic" 0.0921348314606742 0.0329588014981273 0.0292134831460674 0 0.0232209737827715 0.0254681647940075 0.0284644194756554 0.0441947565543071 0.050187265917603 0.0299625468164794 0.00449438202247191 0.0621722846441948 0.0846441947565543 0.304868913857678 0.00898876404494382 0.0861423220973783 0.0097378277153558
"cuoAmb" 0.098876404494382 0.0262172284644195 0.0359550561797753 0.0232209737827715 0 0.0112359550561798 0.0352059925093633 0.050936329588015 0.0569288389513109 0.0232209737827715 0.0247191011235955 0.0719101123595506 0.0951310861423221 0.308614232209738 0.0217228464419476 0.097378277153558 0.0232209737827715
"cuoMcc" 0.097378277153558 0.0262172284644195 0.0337078651685393 0.0254681647940075 0.0112359550561798 0 0.0389513108614232 0.0471910112359551 0.0591760299625468 0.0269662921348315 0.0269662921348315 0.0726591760299626 0.097378277153558 0.306367041198502 0.0239700374531835 0.0921348314606742 0.0239700374531835
"derCor" 0.099625468164794 0.0419475655430712 0.0187265917602996 0.0284644194756554 0.0352059925093633 0.0389513108614232 0 0.0434456928838951 0.0584269662921348 0.0419475655430712 0.0284644194756554 0.0689138576779026 0.0906367041198502 0.30936329588015 0.0254681647940075 0.097378277153558 0.0277153558052434
"derMaw" 0.104119850187266 0.0531835205992509 0.0397003745318352 0.0441947565543071 0.050936329588015 0.0471910112359551 0.0434456928838951 0 0.0681647940074906 0.0569288389513109 0.0434456928838951 0.0786516853932584 0.098876404494382 0.307116104868914 0.0404494382022472 0.098876404494382 0.0404494382022472
"emySub" 0.104119850187266 0.0651685393258427 0.0591760299625468 0.050187265917603 0.0569288389513109 0.0591760299625468 0.0584269662921348 0.0681647940074906 0 0.0629213483146067 0.051685393258427 0.0307116104868914 0.0636704119850187 0.312359550561798 0.050187265917603 0.0779026217228464 0.049438202247191
"gopAga" 0.100374531835206 0.0224719101123595 0.0426966292134831 0.0299625468164794 0.0232209737827715 0.0269662921348315 0.0419475655430712 0.0569288389513109 0.0629213483146067 0 0.0299625468164794 0.0786516853932584 0.0958801498127341 0.313857677902622 0.0269662921348315 0.103370786516854 0.0269662921348315
"malTer" 0.0921348314606742 0.0329588014981273 0.0292134831460674 0.00449438202247191 0.0247191011235955 0.0269662921348315 0.0284644194756554 0.0434456928838951 0.051685393258427 0.0299625468164794 0 0.0636704119850187 0.0838951310861423 0.304119850187266 0.00898876404494382 0.0868913857677903 0.0097378277153558
"mesTub" 0.115355805243446 0.0779026217228464 0.0689138576779026 0.0621722846441948 0.0719101123595506 0.0726591760299626 0.0689138576779026 0.0786516853932584 0.0307116104868914 0.0786516853932584 0.0636704119850187 0 0.0719101123595506 0.32434456928839 0.0621722846441948 0.0868913857677903 0.0644194756554307
"pelCas" 0.131835205992509 0.098876404494382 0.0936329588014981 0.0846441947565543 0.0951310861423221 0.097378277153558 0.0906367041198502 0.098876404494382 0.0636704119850187 0.0958801498127341 0.0838951310861423 0.0719101123595506 0 0.325842696629214 0.0831460674157303 0.0756554307116105 0.0838951310861423
"pelSin" 0.319101123595506 0.310112359550562 0.306367041198502 0.304868913857678 0.308614232209738 0.306367041198502 0.30936329588015 0.307116104868914 0.312359550561798 0.313857677902622 0.304119850187266 0.32434456928839 0.325842696629214 0 0.306367041198502 0.321348314606742 0.306367041198502
"plaMeg" 0.0898876404494382 0.0299625468164794 0.0262172284644195 0.00898876404494382 0.0217228464419476 0.0239700374531835 0.0254681647940075 0.0404494382022472 0.050187265917603 0.0269662921348315 0.00898876404494382 0.0621722846441948 0.0831460674157303 0.306367041198502 0 0.0876404494382022 0.0097378277153558
"podExp" 0.134831460674157 0.0958801498127341 0.0906367041198502 0.0861423220973783 0.097378277153558 0.0921348314606742 0.097378277153558 0.098876404494382 0.0779026217228464 0.103370786516854 0.0868913857677903 0.0868913857677903 0.0756554307116105 0.321348314606742 0.0876404494382022 0 0.0883895131086142
"terMex" 0.0921348314606742 0.0314606741573034 0.0284644194756554 0.0097378277153558 0.0232209737827715 0.0239700374531835 0.0277153558052434 0.0404494382022472 0.049438202247191 0.0269662921348315 0.0097378277153558 0.0644194756554307 0.0838951310861423 0.306367041198502 0.0097378277153558 0.0883895131086142 0
