"cheAbi" "cheMyd" "cheSer" "chrPic" "cuoAmb" "cuoMcc" "derCor" "derMaw" "emySub" "gopAga" "malTer" "mesTub" "pelCas" "pelSin" "plaMeg" "podExp" "terMex"
"cheAbi" 0 0.066768994627782 0.0629316960859555 0.0537221795855718 0.0314658480429777 0.0299309286262471 0.0706062931696086 0.0805832693783576 0.132003069838833 0.0399079048349962 0.0560245587106677 0.159631619339985 0.206446661550269 0.243284727551804 0.0529547198772064 0.201074443591711 0.0529547198772064
"cheMyd" 0.066768994627782 0 0.0498848810437452 0.0475825019186493 0.0552570990023024 0.0590943975441289 0.0399079048349962 0.0683039140445127 0.12279355333845 0.0683039140445127 0.0498848810437452 0.154259401381427 0.201074443591711 0.231772831926324 0.044512663085188 0.19646968534152 0.046815042210284
"cheSer" 0.0629316960859555 0.0498848810437452 0 0.0414428242517268 0.0537221795855718 0.0537221795855718 0.0506523407521105 0.0629316960859555 0.118188795088258 0.0621642363775902 0.0414428242517268 0.152724481964697 0.198772064466615 0.22256331542594 0.0353031465848043 0.192632386799693 0.0391404451266309
"chrPic" 0.0537221795855718 0.0475825019186493 0.0414428242517268 0 0.044512663085188 0.044512663085188 0.0506523407521105 0.0698388334612433 0.115886415963162 0.0552570990023024 0.0069071373752878 0.14735226400614 0.191097467382962 0.219493476592479 0.0314658480429777 0.18495778971604 0.0115118956254797
"cuoAmb" 0.0314658480429777 0.0552570990023024 0.0537221795855718 0.044512663085188 0 0.00920951650038373 0.0552570990023024 0.0706062931696086 0.125095932463546 0.0414428242517268 0.046815042210284 0.151189562547966 0.19800460475825 0.23407521105142 0.0406753645433615 0.194167306216424 0.0406753645433615
"cuoMcc" 0.0299309286262471 0.0590943975441289 0.0537221795855718 0.044512663085188 0.00920951650038373 0 0.0598618572524942 0.0706062931696086 0.128165771297007 0.0399079048349962 0.046815042210284 0.152724481964697 0.199539524174981 0.23407521105142 0.0406753645433615 0.19800460475825 0.0422102839600921
"derCor" 0.0706062931696086 0.0399079048349962 0.0506523407521105 0.0506523407521105 0.0552570990023024 0.0598618572524942 0 0.0775134305448964 0.128165771297007 0.0721412125863392 0.0514198004604758 0.158864159631619 0.202609363008442 0.236377590176516 0.0483499616270146 0.19646968534152 0.0491174213353799
"derMaw" 0.0805832693783576 0.0683039140445127 0.0629316960859555 0.0698388334612433 0.0706062931696086 0.0706062931696086 0.0775134305448964 0 0.141212586339217 0.0851880276285495 0.0721412125863392 0.172678434382195 0.210283960092095 0.245587106676899 0.0629316960859555 0.203376822716807 0.0675364543361474
"emySub" 0.132003069838833 0.12279355333845 0.118188795088258 0.115886415963162 0.125095932463546 0.128165771297007 0.128165771297007 0.141212586339217 0 0.134305448963929 0.117421335379893 0.0706062931696086 0.182655410590944 0.234842670759785 0.113584036838066 0.168841135840368 0.114351496546431
"gopAga" 0.0399079048349962 0.0683039140445127 0.0621642363775902 0.0552570990023024 0.0414428242517268 0.0399079048349962 0.0721412125863392 0.0851880276285495 0.134305448963929 0 0.0575594781273983 0.158864159631619 0.202609363008442 0.242517267843438 0.0506523407521105 0.194167306216424 0.0544896392939371
"malTer" 0.0560245587106677 0.0498848810437452 0.0414428242517268 0.0069071373752878 0.046815042210284 0.046815042210284 0.0514198004604758 0.0721412125863392 0.117421335379893 0.0575594781273983 0 0.14888718342287 0.192632386799693 0.220260936300844 0.0337682271680737 0.181887950882579 0.0138142747505756
"mesTub" 0.159631619339985 0.154259401381427 0.152724481964697 0.14735226400614 0.151189562547966 0.152724481964697 0.158864159631619 0.172678434382195 0.0706062931696086 0.158864159631619 0.14888718342287 0 0.188027628549501 0.254796623177283 0.145817344589409 0.180353031465848 0.145817344589409
"pelCas" 0.206446661550269 0.201074443591711 0.198772064466615 0.191097467382962 0.19800460475825 0.199539524174981 0.202609363008442 0.210283960092095 0.182655410590944 0.202609363008442 0.192632386799693 0.188027628549501 0 0.297006907137375 0.194167306216424 0.151189562547966 0.189562547966232
"pelSin" 0.243284727551804 0.231772831926324 0.22256331542594 0.219493476592479 0.23407521105142 0.23407521105142 0.236377590176516 0.245587106676899 0.234842670759785 0.242517267843438 0.220260936300844 0.254796623177283 0.297006907137375 0 0.223330775134305 0.275518035303147 0.220260936300844
"plaMeg" 0.0529547198772064 0.044512663085188 0.0353031465848043 0.0314658480429777 0.0406753645433615 0.0406753645433615 0.0483499616270146 0.0629316960859555 0.113584036838066 0.0506523407521105 0.0337682271680737 0.145817344589409 0.194167306216424 0.223330775134305 0 0.187260168841136 0.0291634689178818
"podExp" 0.201074443591711 0.19646968534152 0.192632386799693 0.18495778971604 0.194167306216424 0.19800460475825 0.19646968534152 0.203376822716807 0.168841135840368 0.194167306216424 0.181887950882579 0.180353031465848 0.151189562547966 0.275518035303147 0.187260168841136 0 0.183422870299309
"terMex" 0.0529547198772064 0.046815042210284 0.0391404451266309 0.0115118956254797 0.0406753645433615 0.0422102839600921 0.0491174213353799 0.0675364543361474 0.114351496546431 0.0544896392939371 0.0138142747505756 0.145817344589409 0.189562547966232 0.220260936300844 0.0291634689178818 0.183422870299309 0
