"carIns" "cheAbi" "cheMyd" "cheSer" "chrPic" "cuoAmb" "cuoMcc" "derCor" "derMaw" "emySub" "gopAga" "malTer" "mesTub" "pelCas" "pelSin" "plaMeg" "podExp" "terMex"
"carIns" 0 0.08719646799117 0.0993377483443709 0.0794701986754967 0.0783664459161148 0.169977924944812 0.0816777041942605 0.0794701986754967 0.0794701986754967 0.08719646799117 0.0883002207505519 0.0772626931567329 0.101545253863135 0.0938189845474614 0.134657836644592 0.0717439293598234 0.113686534216336 0.0783664459161148
"cheAbi" 0.08719646799117 0 0.0507726269315673 0.0353200883002208 0.0253863134657837 0.118101545253863 0.0242825607064018 0.033112582781457 0.0441501103752759 0.0607064017660044 0.0242825607064018 0.0242825607064018 0.0706401766004415 0.0706401766004415 0.141280353200883 0.0231788079470199 0.08719646799117 0.0286975717439294
"cheMyd" 0.0993377483443709 0.0507726269315673 0 0.0518763796909492 0.0441501103752759 0.125827814569536 0.0463576158940397 0.0452538631346578 0.0584988962472406 0.0827814569536424 0.0507726269315673 0.043046357615894 0.0860927152317881 0.08719646799117 0.13355408388521 0.0397350993377483 0.105960264900662 0.0485651214128035
"cheSer" 0.0794701986754967 0.0353200883002208 0.0518763796909492 0 0.0275938189845475 0.1280353200883 0.033112582781457 0.033112582781457 0.0386313465783664 0.0607064017660044 0.0375275938189845 0.0264900662251656 0.0684326710816777 0.0739514348785872 0.136865342163355 0.0242825607064018 0.08719646799117 0.0275938189845475
"chrPic" 0.0783664459161148 0.0253863134657837 0.0441501103752759 0.0275938189845475 0 0.120309050772627 0.0209713024282561 0.0275938189845475 0.0364238410596026 0.0562913907284768 0.0275938189845475 0.0011037527593819 0.0640176600441501 0.0684326710816777 0.13355408388521 0.0143487858719647 0.0838852097130243 0.00883002207505519
"cuoAmb" 0.169977924944812 0.118101545253863 0.125827814569536 0.1280353200883 0.120309050772627 0 0.108167770419426 0.131346578366446 0.135761589403974 0.15673289183223 0.122516556291391 0.119205298013245 0.163355408388521 0.163355408388521 0.198675496688742 0.118101545253863 0.183222958057395 0.123620309050773
"cuoMcc" 0.0816777041942605 0.0242825607064018 0.0463576158940397 0.033112582781457 0.0209713024282561 0.108167770419426 0 0.033112582781457 0.0419426048565121 0.0618101545253863 0.0264900662251656 0.0198675496688742 0.0695364238410596 0.0717439293598234 0.135761589403974 0.0187637969094923 0.08719646799117 0.0231788079470199
"derCor" 0.0794701986754967 0.033112582781457 0.0452538631346578 0.033112582781457 0.0275938189845475 0.131346578366446 0.033112582781457 0 0.043046357615894 0.0584988962472406 0.0375275938189845 0.0264900662251656 0.0684326710816777 0.0662251655629139 0.139072847682119 0.0242825607064018 0.0849889624724062 0.0298013245033113
"derMaw" 0.0794701986754967 0.0441501103752759 0.0584988962472406 0.0386313465783664 0.0364238410596026 0.135761589403974 0.0419426048565121 0.043046357615894 0 0.0629139072847682 0.0474613686534216 0.0353200883002208 0.0783664459161148 0.0750551876379691 0.132450331125828 0.032008830022075 0.0960264900662252 0.0375275938189845
"emySub" 0.08719646799117 0.0607064017660044 0.0827814569536424 0.0607064017660044 0.0562913907284768 0.15673289183223 0.0618101545253863 0.0584988962472406 0.0629139072847682 0 0.0684326710816777 0.0573951434878587 0.0408388520971302 0.0529801324503311 0.142384105960265 0.0551876379690949 0.0739514348785872 0.0607064017660044
"gopAga" 0.0883002207505519 0.0242825607064018 0.0507726269315673 0.0375275938189845 0.0275938189845475 0.122516556291391 0.0264900662251656 0.0375275938189845 0.0474613686534216 0.0684326710816777 0 0.0264900662251656 0.0717439293598234 0.076158940397351 0.137969094922737 0.0253863134657837 0.0949227373068433 0.0309050772626932
"malTer" 0.0772626931567329 0.0242825607064018 0.043046357615894 0.0264900662251656 0.0011037527593819 0.119205298013245 0.0198675496688742 0.0264900662251656 0.0353200883002208 0.0573951434878587 0.0264900662251656 0 0.065121412803532 0.0673289183222958 0.134657836644592 0.0132450331125828 0.0827814569536424 0.00772626931567329
"mesTub" 0.101545253863135 0.0706401766004415 0.0860927152317881 0.0684326710816777 0.0640176600441501 0.163355408388521 0.0695364238410596 0.0684326710816777 0.0783664459161148 0.0408388520971302 0.0717439293598234 0.065121412803532 0 0.0607064017660044 0.146799116997792 0.0629139072847682 0.0783664459161148 0.0706401766004415
"pelCas" 0.0938189845474614 0.0706401766004415 0.08719646799117 0.0739514348785872 0.0684326710816777 0.163355408388521 0.0717439293598234 0.0662251655629139 0.0750551876379691 0.0529801324503311 0.076158940397351 0.0673289183222958 0.0607064017660044 0 0.158940397350993 0.065121412803532 0.0640176600441501 0.0728476821192053
"pelSin" 0.134657836644592 0.141280353200883 0.13355408388521 0.136865342163355 0.13355408388521 0.198675496688742 0.135761589403974 0.139072847682119 0.132450331125828 0.142384105960265 0.137969094922737 0.134657836644592 0.146799116997792 0.158940397350993 0 0.132450331125828 0.171081677704194 0.139072847682119
"plaMeg" 0.0717439293598234 0.0231788079470199 0.0397350993377483 0.0242825607064018 0.0143487858719647 0.118101545253863 0.0187637969094923 0.0242825607064018 0.032008830022075 0.0551876379690949 0.0253863134657837 0.0132450331125828 0.0629139072847682 0.065121412803532 0.132450331125828 0 0.0827814569536424 0.0187637969094923
"podExp" 0.113686534216336 0.08719646799117 0.105960264900662 0.08719646799117 0.0838852097130243 0.183222958057395 0.08719646799117 0.0849889624724062 0.0960264900662252 0.0739514348785872 0.0949227373068433 0.0827814569536424 0.0783664459161148 0.0640176600441501 0.171081677704194 0.0827814569536424 0 0.08719646799117
"terMex" 0.0783664459161148 0.0286975717439294 0.0485651214128035 0.0275938189845475 0.00883002207505519 0.123620309050773 0.0231788079470199 0.0298013245033113 0.0375275938189845 0.0607064017660044 0.0309050772626932 0.00772626931567329 0.0706401766004415 0.0728476821192053 0.139072847682119 0.0187637969094923 0.08719646799117 0
