"carIns" "cheAbi" "cheMyd" "cheSer" "cuoAmb" "cuoMcc" "derCor" "derMaw" "emySub" "gopAga" "malTer" "pelCas" "pelSin" "plaMeg" "podExp" "terMex"
"carIns" 0 0.0592216582064298 0.0456852791878173 0.0456852791878173 0.050761421319797 0.0541455160744501 0.0456852791878173 0.0490693739424704 0.0456852791878173 0.0541455160744501 0.038917089678511 0.077834179357022 0.0490693739424704 0.0423011844331641 0.0710659898477157 0.0439932318104907
"cheAbi" 0.0592216582064298 0 0.0287648054145516 0.0236886632825719 0.011844331641286 0.0169204737732657 0.0253807106598985 0.0355329949238579 0.0355329949238579 0.0050761421319797 0.0236886632825719 0.0558375634517767 0.0456852791878173 0.0169204737732657 0.0490693739424704 0.0253807106598985
"cheMyd" 0.0456852791878173 0.0287648054145516 0 0.0152284263959391 0.0203045685279188 0.0253807106598985 0.00676818950930626 0.0219966159052453 0.0236886632825719 0.0236886632825719 0.0152284263959391 0.0473773265651438 0.0355329949238579 0.011844331641286 0.0439932318104907 0.0169204737732657
"cheSer" 0.0456852791878173 0.0236886632825719 0.0152284263959391 0 0.0152284263959391 0.0203045685279188 0.011844331641286 0.0219966159052453 0.0186125211505922 0.0186125211505922 0.0135363790186125 0.0423011844331641 0.0321489001692047 0.00676818950930626 0.0355329949238579 0.0152284263959391
"cuoAmb" 0.050761421319797 0.011844331641286 0.0203045685279188 0.0152284263959391 0 0.0050761421319797 0.0169204737732657 0.027072758037225 0.027072758037225 0.00676818950930626 0.0152284263959391 0.0473773265651438 0.0372250423011844 0.00846023688663283 0.0439932318104907 0.0169204737732657
"cuoMcc" 0.0541455160744501 0.0169204737732657 0.0253807106598985 0.0203045685279188 0.0050761421319797 0 0.0219966159052453 0.0321489001692047 0.0321489001692047 0.011844331641286 0.0203045685279188 0.0490693739424704 0.0423011844331641 0.0135363790186125 0.0473773265651438 0.0219966159052453
"derCor" 0.0456852791878173 0.0253807106598985 0.00676818950930626 0.011844331641286 0.0169204737732657 0.0219966159052453 0 0.0219966159052453 0.0203045685279188 0.0203045685279188 0.011844331641286 0.0439932318104907 0.0321489001692047 0.00846023688663283 0.0406091370558376 0.0135363790186125
"derMaw" 0.0490693739424704 0.0355329949238579 0.0219966159052453 0.0219966159052453 0.027072758037225 0.0321489001692047 0.0219966159052453 0 0.0321489001692047 0.0304568527918782 0.0253807106598985 0.0541455160744501 0.0372250423011844 0.0186125211505922 0.0473773265651438 0.027072758037225
"emySub" 0.0456852791878173 0.0355329949238579 0.0236886632825719 0.0186125211505922 0.027072758037225 0.0321489001692047 0.0203045685279188 0.0321489001692047 0 0.0304568527918782 0.0219966159052453 0.0372250423011844 0.038917089678511 0.0186125211505922 0.0338409475465313 0.0203045685279188
"gopAga" 0.0541455160744501 0.0050761421319797 0.0236886632825719 0.0186125211505922 0.00676818950930626 0.011844331641286 0.0203045685279188 0.0304568527918782 0.0304568527918782 0 0.0186125211505922 0.050761421319797 0.0406091370558376 0.011844331641286 0.0473773265651438 0.0203045685279188
"malTer" 0.038917089678511 0.0236886632825719 0.0152284263959391 0.0135363790186125 0.0152284263959391 0.0203045685279188 0.011844331641286 0.0253807106598985 0.0219966159052453 0.0186125211505922 0 0.0423011844331641 0.0355329949238579 0.00676818950930626 0.0423011844331641 0.0050761421319797
"pelCas" 0.077834179357022 0.0558375634517767 0.0473773265651438 0.0423011844331641 0.0473773265651438 0.0490693739424704 0.0439932318104907 0.0541455160744501 0.0372250423011844 0.050761421319797 0.0423011844331641 0 0.0575296108291032 0.038917089678511 0.0473773265651438 0.0406091370558376
"pelSin" 0.0490693739424704 0.0456852791878173 0.0355329949238579 0.0321489001692047 0.0372250423011844 0.0423011844331641 0.0321489001692047 0.0372250423011844 0.038917089678511 0.0406091370558376 0.0355329949238579 0.0575296108291032 0 0.0287648054145516 0.0524534686971235 0.0372250423011844
"plaMeg" 0.0423011844331641 0.0169204737732657 0.011844331641286 0.00676818950930626 0.00846023688663283 0.0135363790186125 0.00846023688663283 0.0186125211505922 0.0186125211505922 0.011844331641286 0.00676818950930626 0.038917089678511 0.0287648054145516 0 0.0355329949238579 0.00846023688663283
"podExp" 0.0710659898477157 0.0490693739424704 0.0439932318104907 0.0355329949238579 0.0439932318104907 0.0473773265651438 0.0406091370558376 0.0473773265651438 0.0338409475465313 0.0473773265651438 0.0423011844331641 0.0473773265651438 0.0524534686971235 0.0355329949238579 0 0.0406091370558376
"terMex" 0.0439932318104907 0.0253807106598985 0.0169204737732657 0.0152284263959391 0.0169204737732657 0.0219966159052453 0.0135363790186125 0.027072758037225 0.0203045685279188 0.0203045685279188 0.0050761421319797 0.0406091370558376 0.0372250423011844 0.00846023688663283 0.0406091370558376 0
