"carIns" "cheAbi" "cheMyd" "cheSer" "chrPic" "cuoAmb" "cuoMcc" "derCor" "derMaw" "emySub" "gopAga" "malTer" "mesTub" "pelCas" "pelSin" "plaMeg" "podExp" "terMex"
"carIns" 0 0.0833917309039944 0.0637701471618781 0.0602662929222144 0.0651716888577435 0.145760336370007 0.0700770847932726 0.0630693763139453 0.0693763139453399 0.0686755430974071 0.0658724597056762 0.094604064470918 0.0756832515767344 0.094604064470918 0.0686755430974071 0.0658724597056762 0.105816398037842 0.0658724597056762
"cheAbi" 0.0833917309039944 0 0.0525578135949544 0.0476524176594254 0.0455501051156272 0.111422564821303 0.0350385423966363 0.051156271899089 0.0546601261387526 0.066573230553609 0.0301331464611072 0.0644709180098108 0.0721793973370708 0.0960056061667835 0.0840925017519271 0.0266292922214436 0.103714085494043 0.0420462508759636
"cheMyd" 0.0637701471618781 0.0525578135949544 0 0.0273300630693763 0.0371408549404345 0.113524877365102 0.0413454800280308 0.0147161878065872 0.0364400840925018 0.0469516468114926 0.0364400840925018 0.0658724597056762 0.0539593552908199 0.0770847932725999 0.0658724597056762 0.0343377715487036 0.0826909600560617 0.0336370007007709
"cheSer" 0.0602662929222144 0.0476524176594254 0.0273300630693763 0 0.0301331464611072 0.108619481429573 0.035739313244569 0.028030833917309 0.0301331464611072 0.0420462508759636 0.0308339173090399 0.0581639803784163 0.0504555010511563 0.0672740014015417 0.0644709180098108 0.0301331464611072 0.0735809390329362 0.028030833917309
"chrPic" 0.0651716888577435 0.0455501051156272 0.0371408549404345 0.0301331464611072 0 0.112123335669236 0.0364400840925018 0.0343377715487036 0.0392431674842327 0.0525578135949544 0.0308339173090399 0.035739313244569 0.0602662929222144 0.0763840224246671 0.0679747722494744 0.0266292922214436 0.0875963559915908 0.0105115627189909
"cuoAmb" 0.145760336370007 0.111422564821303 0.113524877365102 0.108619481429573 0.112123335669236 0 0.094604064470918 0.113524877365102 0.1156271899089 0.131744919411352 0.102312543798178 0.131744919411352 0.13875262789068 0.152067274001402 0.152768044849334 0.111422564821303 0.159074982480729 0.110721793973371
"cuoMcc" 0.0700770847932726 0.0350385423966363 0.0413454800280308 0.035739313244569 0.0364400840925018 0.094604064470918 0 0.0399439383321654 0.0462508759635599 0.0567624386825508 0.028030833917309 0.0567624386825508 0.0623686054660126 0.0840925017519271 0.0763840224246671 0.0350385423966363 0.0911002102312544 0.0343377715487036
"derCor" 0.0630693763139453 0.051156271899089 0.0147161878065872 0.028030833917309 0.0343377715487036 0.113524877365102 0.0399439383321654 0 0.0371408549404345 0.0455501051156272 0.0350385423966363 0.0630693763139453 0.0518570427470217 0.0735809390329362 0.0651716888577435 0.0329362298528381 0.0840925017519271 0.0308339173090399
"derMaw" 0.0693763139453399 0.0546601261387526 0.0364400840925018 0.0301331464611072 0.0392431674842327 0.1156271899089 0.0462508759635599 0.0371408549404345 0 0.0525578135949544 0.0399439383321654 0.0658724597056762 0.0609670637701472 0.0770847932725999 0.0756832515767344 0.0364400840925018 0.0861948142957253 0.035739313244569
"emySub" 0.0686755430974071 0.066573230553609 0.0469516468114926 0.0420462508759636 0.0525578135949544 0.131744919411352 0.0567624386825508 0.0455501051156272 0.0525578135949544 0 0.0525578135949544 0.0798878766643308 0.0245269796776454 0.0546601261387526 0.0700770847932726 0.0483531885073581 0.0672740014015417 0.0490539593552908
"gopAga" 0.0658724597056762 0.0301331464611072 0.0364400840925018 0.0308339173090399 0.0308339173090399 0.102312543798178 0.028030833917309 0.0350385423966363 0.0399439383321654 0.0525578135949544 0 0.0602662929222144 0.0595655220742817 0.0770847932725999 0.0700770847932726 0.0287316047652418 0.0875963559915908 0.0294323756131745
"malTer" 0.094604064470918 0.0644709180098108 0.0658724597056762 0.0581639803784163 0.035739313244569 0.131744919411352 0.0567624386825508 0.0630693763139453 0.0658724597056762 0.0798878766643308 0.0602662929222144 0 0.0882971268395235 0.104414856341976 0.0974071478626489 0.0553608969866854 0.112824106517169 0.0392431674842327
"mesTub" 0.0756832515767344 0.0721793973370708 0.0539593552908199 0.0504555010511563 0.0602662929222144 0.13875262789068 0.0623686054660126 0.0518570427470217 0.0609670637701472 0.0245269796776454 0.0595655220742817 0.0882971268395235 0 0.0595655220742817 0.074281709880869 0.0560616678346181 0.074281709880869 0.0567624386825508
"pelCas" 0.094604064470918 0.0960056061667835 0.0770847932725999 0.0672740014015417 0.0763840224246671 0.152067274001402 0.0840925017519271 0.0735809390329362 0.0770847932725999 0.0546601261387526 0.0770847932725999 0.104414856341976 0.0595655220742817 0 0.0981079187105816 0.0770847932725999 0.0602662929222144 0.0728801681850035
"pelSin" 0.0686755430974071 0.0840925017519271 0.0658724597056762 0.0644709180098108 0.0679747722494744 0.152768044849334 0.0763840224246671 0.0651716888577435 0.0756832515767344 0.0700770847932726 0.0700770847932726 0.0974071478626489 0.074281709880869 0.0981079187105816 0 0.0686755430974071 0.109320252277505 0.066573230553609
"plaMeg" 0.0658724597056762 0.0266292922214436 0.0343377715487036 0.0301331464611072 0.0266292922214436 0.111422564821303 0.0350385423966363 0.0329362298528381 0.0364400840925018 0.0483531885073581 0.0287316047652418 0.0553608969866854 0.0560616678346181 0.0770847932725999 0.0686755430974071 0 0.0840925017519271 0.0210231254379818
"podExp" 0.105816398037842 0.103714085494043 0.0826909600560617 0.0735809390329362 0.0875963559915908 0.159074982480729 0.0911002102312544 0.0840925017519271 0.0861948142957253 0.0672740014015417 0.0875963559915908 0.112824106517169 0.074281709880869 0.0602662929222144 0.109320252277505 0.0840925017519271 0 0.0847932725998598
"terMex" 0.0658724597056762 0.0420462508759636 0.0336370007007709 0.028030833917309 0.0105115627189909 0.110721793973371 0.0343377715487036 0.0308339173090399 0.035739313244569 0.0490539593552908 0.0294323756131745 0.0392431674842327 0.0567624386825508 0.0728801681850035 0.066573230553609 0.0210231254379818 0.0847932725998598 0
