"carIns" "cheAbi" "cheMyd" "cheSer" "chrPic" "cuoAmb" "cuoMcc" "derCor" "derMaw" "emySub" "gopAga" "malTer" "mesTub" "pelCas" "pelSin" "plaMeg" "podExp" "terMex"
"carIns" 0 0.053921568627451 0.0555555555555556 0.0490196078431373 0.0506535947712418 0.0473856209150327 0.0490196078431373 0.0571895424836601 0.0669934640522876 0.0588235294117647 0.0555555555555556 0.053921568627451 0.0490196078431373 0.0669934640522876 0.0702614379084967 0.0457516339869281 0.065359477124183 0.0490196078431373
"cheAbi" 0.053921568627451 0 0.0490196078431373 0.0343137254901961 0.0359477124183007 0.0212418300653595 0.0196078431372549 0.0392156862745098 0.053921568627451 0.0522875816993464 0.0196078431372549 0.0392156862745098 0.0490196078431373 0.0604575163398693 0.076797385620915 0.0261437908496732 0.0686274509803922 0.0310457516339869
"cheMyd" 0.0555555555555556 0.0490196078431373 0 0.0326797385620915 0.0506535947712418 0.0473856209150327 0.0457516339869281 0.0359477124183007 0.0571895424836601 0.0604575163398693 0.0522875816993464 0.053921568627451 0.053921568627451 0.0637254901960784 0.0702614379084967 0.0343137254901961 0.0751633986928105 0.0457516339869281
"cheSer" 0.0490196078431373 0.0343137254901961 0.0326797385620915 0 0.0343137254901961 0.0310457516339869 0.0294117647058824 0.0245098039215686 0.0375816993464052 0.0441176470588235 0.0326797385620915 0.0375816993464052 0.0408496732026144 0.053921568627451 0.0669934640522876 0.0245098039215686 0.0588235294117647 0.0294117647058824
"chrPic" 0.0506535947712418 0.0359477124183007 0.0506535947712418 0.0343137254901961 0 0.0310457516339869 0.0294117647058824 0.042483660130719 0.0506535947712418 0.0522875816993464 0.0359477124183007 0.00490196078431373 0.0506535947712418 0.065359477124183 0.0669934640522876 0.022875816993464 0.0669934640522876 0.011437908496732
"cuoAmb" 0.0473856209150327 0.0212418300653595 0.0473856209150327 0.0310457516339869 0.0310457516339869 0 0.00163398692810458 0.0392156862745098 0.0473856209150327 0.042483660130719 0.0212418300653595 0.0343137254901961 0.0375816993464052 0.0604575163398693 0.0735294117647059 0.0212418300653595 0.0604575163398693 0.0261437908496732
"cuoMcc" 0.0490196078431373 0.0196078431372549 0.0457516339869281 0.0294117647058824 0.0294117647058824 0.00163398692810458 0 0.0375816993464052 0.0490196078431373 0.0441176470588235 0.0196078431372549 0.0326797385620915 0.0392156862745098 0.0588235294117647 0.0718954248366013 0.0196078431372549 0.0620915032679739 0.0245098039215686
"derCor" 0.0571895424836601 0.0392156862745098 0.0359477124183007 0.0245098039215686 0.042483660130719 0.0392156862745098 0.0375816993464052 0 0.0457516339869281 0.0490196078431373 0.0408496732026144 0.0457516339869281 0.0457516339869281 0.0588235294117647 0.0718954248366013 0.0326797385620915 0.0604575163398693 0.0375816993464052
"derMaw" 0.0669934640522876 0.053921568627451 0.0571895424836601 0.0375816993464052 0.0506535947712418 0.0473856209150327 0.0490196078431373 0.0457516339869281 0 0.0473856209150327 0.053921568627451 0.0506535947712418 0.0490196078431373 0.0686274509803922 0.0784313725490196 0.0441176470588235 0.0669934640522876 0.0490196078431373
"emySub" 0.0588235294117647 0.0522875816993464 0.0604575163398693 0.0441176470588235 0.0522875816993464 0.042483660130719 0.0441176470588235 0.0490196078431373 0.0473856209150327 0 0.0490196078431373 0.0555555555555556 0.022875816993464 0.0522875816993464 0.076797385620915 0.042483660130719 0.0457516339869281 0.0473856209150327
"gopAga" 0.0555555555555556 0.0196078431372549 0.0522875816993464 0.0326797385620915 0.0359477124183007 0.0212418300653595 0.0196078431372549 0.0408496732026144 0.053921568627451 0.0490196078431373 0 0.0392156862745098 0.0457516339869281 0.0604575163398693 0.0784313725490196 0.0245098039215686 0.065359477124183 0.0310457516339869
"malTer" 0.053921568627451 0.0392156862745098 0.053921568627451 0.0375816993464052 0.00490196078431373 0.0343137254901961 0.0326797385620915 0.0457516339869281 0.0506535947712418 0.0555555555555556 0.0392156862745098 0 0.053921568627451 0.0686274509803922 0.0702614379084967 0.0261437908496732 0.0702614379084967 0.0147058823529412
"mesTub" 0.0490196078431373 0.0490196078431373 0.053921568627451 0.0408496732026144 0.0506535947712418 0.0375816993464052 0.0392156862745098 0.0457516339869281 0.0490196078431373 0.022875816993464 0.0457516339869281 0.053921568627451 0 0.0490196078431373 0.0751633986928105 0.0375816993464052 0.0473856209150327 0.0457516339869281
"pelCas" 0.0669934640522876 0.0604575163398693 0.0637254901960784 0.053921568627451 0.065359477124183 0.0604575163398693 0.0588235294117647 0.0588235294117647 0.0686274509803922 0.0522875816993464 0.0604575163398693 0.0686274509803922 0.0490196078431373 0 0.0866013071895425 0.0506535947712418 0.0620915032679739 0.0604575163398693
"pelSin" 0.0702614379084967 0.076797385620915 0.0702614379084967 0.0669934640522876 0.0669934640522876 0.0735294117647059 0.0718954248366013 0.0718954248366013 0.0784313725490196 0.076797385620915 0.0784313725490196 0.0702614379084967 0.0751633986928105 0.0866013071895425 0 0.0637254901960784 0.0849673202614379 0.0686274509803922
"plaMeg" 0.0457516339869281 0.0261437908496732 0.0343137254901961 0.0245098039215686 0.022875816993464 0.0212418300653595 0.0196078431372549 0.0326797385620915 0.0441176470588235 0.042483660130719 0.0245098039215686 0.0261437908496732 0.0375816993464052 0.0506535947712418 0.0637254901960784 0 0.0588235294117647 0.0179738562091503
"podExp" 0.065359477124183 0.0686274509803922 0.0751633986928105 0.0588235294117647 0.0669934640522876 0.0604575163398693 0.0620915032679739 0.0604575163398693 0.0669934640522876 0.0457516339869281 0.065359477124183 0.0702614379084967 0.0473856209150327 0.0620915032679739 0.0849673202614379 0.0588235294117647 0 0.0620915032679739
"terMex" 0.0490196078431373 0.0310457516339869 0.0457516339869281 0.0294117647058824 0.011437908496732 0.0261437908496732 0.0245098039215686 0.0375816993464052 0.0490196078431373 0.0473856209150327 0.0310457516339869 0.0147058823529412 0.0457516339869281 0.0604575163398693 0.0686274509803922 0.0179738562091503 0.0620915032679739 0
