"carIns" "cheAbi" "chrPic" "cuoAmb" "cuoMcc" "derMaw" "emySub" "malTer" "pelCas" "terMex"
"carIns" 0 0.101214574898785 0.0944669365721997 0.097165991902834 0.0998650472334683 0.101214574898785 0.136302294197031 0.0931174089068826 0.15114709851552 0.0931174089068826
"cheAbi" 0.101214574898785 0 0.0256410256410256 0.0269905533063428 0.0242914979757085 0.0512820512820513 0.0904183535762483 0.0256410256410256 0.10391363022942 0.0242914979757085
"chrPic" 0.0944669365721997 0.0256410256410256 0 0.0202429149797571 0.0175438596491228 0.0364372469635627 0.0796221322537112 0.00539811066126856 0.105263157894737 0.0067476383265857
"cuoAmb" 0.097165991902834 0.0269905533063428 0.0202429149797571 0 0.00809716599190283 0.0458839406207827 0.0863697705802969 0.0202429149797571 0.110661268556005 0.0188933873144399
"cuoMcc" 0.0998650472334683 0.0242914979757085 0.0175438596491228 0.00809716599190283 0 0.0431848852901484 0.0836707152496626 0.0175438596491228 0.107962213225371 0.0161943319838057
"derMaw" 0.101214574898785 0.0512820512820513 0.0364372469635627 0.0458839406207827 0.0431848852901484 0 0.0958164642375169 0.0364372469635627 0.11336032388664 0.0350877192982456
"emySub" 0.136302294197031 0.0904183535762483 0.0796221322537112 0.0863697705802969 0.0836707152496626 0.0958164642375169 0 0.0809716599190283 0.0769230769230769 0.0796221322537112
"malTer" 0.0931174089068826 0.0256410256410256 0.00539811066126856 0.0202429149797571 0.0175438596491228 0.0364372469635627 0.0809716599190283 0 0.105263157894737 0.0067476383265857
"pelCas" 0.15114709851552 0.10391363022942 0.105263157894737 0.110661268556005 0.107962213225371 0.11336032388664 0.0769230769230769 0.105263157894737 0 0.10391363022942
"terMex" 0.0931174089068826 0.0242914979757085 0.0067476383265857 0.0188933873144399 0.0161943319838057 0.0350877192982456 0.0796221322537112 0.0067476383265857 0.10391363022942 0
