"carIns" "cheAbi" "cheMyd" "cheSer" "chrPic" "cuoAmb" "cuoMcc" "derCor" "derMaw" "emySub" "gopAga" "malTer" "mesTub" "pelCas" "pelSin" "plaMeg" "podExp" "terMex"
"carIns" 0 0.102228047182176 0.0956749672346003 0.0982961992136304 0.0956749672346003 0.0956749672346003 0.0943643512450852 0.100917431192661 0.100917431192661 0.106159895150721 0.0969855832241153 0.0943643512450852 0.104849279161206 0.114023591087811 0.104849279161206 0.0982961992136304 0.131061598951507 0.0969855832241153
"cheAbi" 0.102228047182176 0 0.0262123197903014 0.0235910878112713 0.0170380078636959 0.0117955439056356 0.0104849279161206 0.0327653997378768 0.0249017038007864 0.0471821756225426 0.0117955439056356 0.0157273918741809 0.0432503276539974 0.055045871559633 0.0524246395806029 0.018348623853211 0.0694626474442988 0.018348623853211
"cheMyd" 0.0956749672346003 0.0262123197903014 0 0.0209698558322412 0.0196592398427261 0.0196592398427261 0.018348623853211 0.0170380078636959 0.0249017038007864 0.0432503276539974 0.0222804718217562 0.018348623853211 0.0419397116644823 0.053735255570118 0.0471821756225426 0.0209698558322412 0.0707732634338139 0.0209698558322412
"cheSer" 0.0982961992136304 0.0235910878112713 0.0209698558322412 0 0.0170380078636959 0.0170380078636959 0.0157273918741809 0.0275229357798165 0.0196592398427261 0.0419397116644823 0.0196592398427261 0.0157273918741809 0.0406290956749672 0.0471821756225426 0.0484927916120577 0.018348623853211 0.0655307994757536 0.0157273918741809
"chrPic" 0.0956749672346003 0.0170380078636959 0.0196592398427261 0.0170380078636959 0 0.0104849279161206 0.0091743119266055 0.0262123197903014 0.018348623853211 0.0419397116644823 0.0131061598951507 0.00393184796854522 0.0406290956749672 0.0484927916120577 0.0484927916120577 0.0117955439056356 0.0655307994757536 0.00655307994757536
"cuoAmb" 0.0956749672346003 0.0117955439056356 0.0196592398427261 0.0170380078636959 0.0104849279161206 0 0.00131061598951507 0.0262123197903014 0.018348623853211 0.0419397116644823 0.00786369593709043 0.0091743119266055 0.0406290956749672 0.0498034076015727 0.0484927916120577 0.0117955439056356 0.0642201834862385 0.0117955439056356
"cuoMcc" 0.0943643512450852 0.0104849279161206 0.018348623853211 0.0157273918741809 0.0091743119266055 0.00131061598951507 0 0.0249017038007864 0.0170380078636959 0.0406290956749672 0.00655307994757536 0.00786369593709043 0.0393184796854522 0.0484927916120577 0.0471821756225426 0.0104849279161206 0.0629095674967235 0.0104849279161206
"derCor" 0.100917431192661 0.0327653997378768 0.0170380078636959 0.0275229357798165 0.0262123197903014 0.0262123197903014 0.0249017038007864 0 0.0314547837483617 0.0498034076015727 0.0288335517693316 0.0249017038007864 0.0484927916120577 0.0524246395806029 0.0524246395806029 0.0262123197903014 0.0747051114023591 0.0275229357798165
"derMaw" 0.100917431192661 0.0249017038007864 0.0249017038007864 0.0196592398427261 0.018348623853211 0.018348623853211 0.0170380078636959 0.0314547837483617 0 0.0471821756225426 0.0209698558322412 0.0170380078636959 0.0458715596330275 0.055045871559633 0.053735255570118 0.0222804718217562 0.072083879423329 0.0196592398427261
"emySub" 0.106159895150721 0.0471821756225426 0.0432503276539974 0.0419397116644823 0.0419397116644823 0.0419397116644823 0.0406290956749672 0.0498034076015727 0.0471821756225426 0 0.0445609436435125 0.0406290956749672 0.0170380078636959 0.0406290956749672 0.0655307994757536 0.0393184796854522 0.0642201834862385 0.0432503276539974
"gopAga" 0.0969855832241153 0.0117955439056356 0.0222804718217562 0.0196592398427261 0.0131061598951507 0.00786369593709043 0.00655307994757536 0.0288335517693316 0.0209698558322412 0.0445609436435125 0 0.0117955439056356 0.0432503276539974 0.0498034076015727 0.0484927916120577 0.0117955439056356 0.0668414154652687 0.0144167758846658
"malTer" 0.0943643512450852 0.0157273918741809 0.018348623853211 0.0157273918741809 0.00393184796854522 0.0091743119266055 0.00786369593709043 0.0249017038007864 0.0170380078636959 0.0406290956749672 0.0117955439056356 0 0.0393184796854522 0.0471821756225426 0.0471821756225426 0.0104849279161206 0.0642201834862385 0.00524246395806029
"mesTub" 0.104849279161206 0.0432503276539974 0.0419397116644823 0.0406290956749672 0.0406290956749672 0.0406290956749672 0.0393184796854522 0.0484927916120577 0.0458715596330275 0.0170380078636959 0.0432503276539974 0.0393184796854522 0 0.0458715596330275 0.0629095674967235 0.0380078636959371 0.0668414154652687 0.0419397116644823
"pelCas" 0.114023591087811 0.055045871559633 0.053735255570118 0.0471821756225426 0.0484927916120577 0.0498034076015727 0.0484927916120577 0.0524246395806029 0.055045871559633 0.0406290956749672 0.0498034076015727 0.0471821756225426 0.0458715596330275 0 0.0694626474442988 0.0432503276539974 0.0511140235910878 0.0498034076015727
"pelSin" 0.104849279161206 0.0524246395806029 0.0471821756225426 0.0484927916120577 0.0484927916120577 0.0484927916120577 0.0471821756225426 0.0524246395806029 0.053735255570118 0.0655307994757536 0.0484927916120577 0.0471821756225426 0.0629095674967235 0.0694626474442988 0 0.0471821756225426 0.0891218872870249 0.0498034076015727
"plaMeg" 0.0982961992136304 0.018348623853211 0.0209698558322412 0.018348623853211 0.0117955439056356 0.0117955439056356 0.0104849279161206 0.0262123197903014 0.0222804718217562 0.0393184796854522 0.0117955439056356 0.0104849279161206 0.0380078636959371 0.0432503276539974 0.0471821756225426 0 0.0668414154652687 0.0131061598951507
"podExp" 0.131061598951507 0.0694626474442988 0.0707732634338139 0.0655307994757536 0.0655307994757536 0.0642201834862385 0.0629095674967235 0.0747051114023591 0.072083879423329 0.0642201834862385 0.0668414154652687 0.0642201834862385 0.0668414154652687 0.0511140235910878 0.0891218872870249 0.0668414154652687 0 0.0668414154652687
"terMex" 0.0969855832241153 0.018348623853211 0.0209698558322412 0.0157273918741809 0.00655307994757536 0.0117955439056356 0.0104849279161206 0.0275229357798165 0.0196592398427261 0.0432503276539974 0.0144167758846658 0.00524246395806029 0.0419397116644823 0.0498034076015727 0.0498034076015727 0.0131061598951507 0.0668414154652687 0
