"cheAbi" "cheMyd" "cheSer" "chrPic" "cuoAmb" "cuoMcc" "derCor" "derMaw" "emySub" "gopAga" "malTer" "mesTub" "pelCas" "pelSin" "plaMeg" "terMex"
"cheAbi" 0 0.0421810699588477 0.0421810699588477 0.0308641975308642 0.0339506172839506 0.0349794238683128 0.0534979423868313 0.0596707818930041 0.0709876543209877 0.0267489711934156 0.0329218106995885 0.0843621399176955 0.0925925925925926 0.0627572016460905 0.0360082304526749 0.0288065843621399
"cheMyd" 0.0421810699588477 0 0.0308641975308642 0.0318930041152263 0.0390946502057613 0.0401234567901235 0.0267489711934156 0.044238683127572 0.0596707818930041 0.0390946502057613 0.0329218106995885 0.0740740740740741 0.0802469135802469 0.0473251028806584 0.0329218106995885 0.0318930041152263
"cheSer" 0.0421810699588477 0.0308641975308642 0 0.0288065843621399 0.0339506172839506 0.037037037037037 0.0390946502057613 0.044238683127572 0.0565843621399177 0.0349794238683128 0.0308641975308642 0.0699588477366255 0.0771604938271605 0.0483539094650206 0.0288065843621399 0.0277777777777778
"chrPic" 0.0308641975308642 0.0318930041152263 0.0288065843621399 0 0.0257201646090535 0.0288065843621399 0.0401234567901235 0.0473251028806584 0.058641975308642 0.0257201646090535 0.00823045267489712 0.0720164609053498 0.0833333333333333 0.051440329218107 0.0195473251028807 0.0102880658436214
"cuoAmb" 0.0339506172839506 0.0390946502057613 0.0339506172839506 0.0257201646090535 0 0.00720164609053498 0.0473251028806584 0.0493827160493827 0.0627572016460905 0.0298353909465021 0.0267489711934156 0.0740740740740741 0.0833333333333333 0.058641975308642 0.0277777777777778 0.0257201646090535
"cuoMcc" 0.0349794238683128 0.0401234567901235 0.037037037037037 0.0288065843621399 0.00720164609053498 0 0.0483539094650206 0.0524691358024691 0.0617283950617284 0.0308641975308642 0.0308641975308642 0.0781893004115226 0.0823045267489712 0.0576131687242798 0.0308641975308642 0.0288065843621399
"derCor" 0.0534979423868313 0.0267489711934156 0.0390946502057613 0.0401234567901235 0.0473251028806584 0.0483539094650206 0 0.0565843621399177 0.0637860082304527 0.0452674897119342 0.0432098765432099 0.0812757201646091 0.0833333333333333 0.0524691358024691 0.0432098765432099 0.0401234567901235
"derMaw" 0.0596707818930041 0.044238683127572 0.044238683127572 0.0473251028806584 0.0493827160493827 0.0524691358024691 0.0565843621399177 0 0.0668724279835391 0.0524691358024691 0.0493827160493827 0.0843621399176955 0.088477366255144 0.0596707818930041 0.0421810699588477 0.0473251028806584
"emySub" 0.0709876543209877 0.0596707818930041 0.0565843621399177 0.058641975308642 0.0627572016460905 0.0617283950617284 0.0637860082304527 0.0668724279835391 0 0.0627572016460905 0.0606995884773663 0.0380658436213992 0.0524691358024691 0.058641975308642 0.058641975308642 0.0576131687242798
"gopAga" 0.0267489711934156 0.0390946502057613 0.0349794238683128 0.0257201646090535 0.0298353909465021 0.0308641975308642 0.0452674897119342 0.0524691358024691 0.0627572016460905 0 0.0277777777777778 0.0771604938271605 0.0843621399176955 0.0534979423868313 0.0288065843621399 0.0236625514403292
"malTer" 0.0329218106995885 0.0329218106995885 0.0308641975308642 0.00823045267489712 0.0267489711934156 0.0308641975308642 0.0432098765432099 0.0493827160493827 0.0606995884773663 0.0277777777777778 0 0.0730452674897119 0.0853909465020576 0.0534979423868313 0.0216049382716049 0.0123456790123457
"mesTub" 0.0843621399176955 0.0740740740740741 0.0699588477366255 0.0720164609053498 0.0740740740740741 0.0781893004115226 0.0812757201646091 0.0843621399176955 0.0380658436213992 0.0771604938271605 0.0730452674897119 0 0.0730452674897119 0.0740740740740741 0.0740740740740741 0.0699588477366255
"pelCas" 0.0925925925925926 0.0802469135802469 0.0771604938271605 0.0833333333333333 0.0833333333333333 0.0823045267489712 0.0833333333333333 0.088477366255144 0.0524691358024691 0.0843621399176955 0.0853909465020576 0.0730452674897119 0 0.0781893004115226 0.0792181069958848 0.0823045267489712
"pelSin" 0.0627572016460905 0.0473251028806584 0.0483539094650206 0.051440329218107 0.058641975308642 0.0576131687242798 0.0524691358024691 0.0596707818930041 0.058641975308642 0.0534979423868313 0.0534979423868313 0.0740740740740741 0.0781893004115226 0 0.0504115226337449 0.0504115226337449
"plaMeg" 0.0360082304526749 0.0329218106995885 0.0288065843621399 0.0195473251028807 0.0277777777777778 0.0308641975308642 0.0432098765432099 0.0421810699588477 0.058641975308642 0.0288065843621399 0.0216049382716049 0.0740740740740741 0.0792181069958848 0.0504115226337449 0 0.0195473251028807
"terMex" 0.0288065843621399 0.0318930041152263 0.0277777777777778 0.0102880658436214 0.0257201646090535 0.0288065843621399 0.0401234567901235 0.0473251028806584 0.0576131687242798 0.0236625514403292 0.0123456790123457 0.0699588477366255 0.0823045267489712 0.0504115226337449 0.0195473251028807 0
