"carIns" "cheAbi" "cheMyd" "cheSer" "chrPic" "cuoAmb" "cuoMcc" "derCor" "derMaw" "emySub" "gopAga" "malTer" "mesTub" "pelCas" "pelSin" "plaMeg" "podExp" "terMex"
"carIns" 0 0.102013422818792 0.0442953020134228 0.0402684563758389 0.0456375838926174 0.0442953020134228 0.0429530201342282 0.0429530201342282 0.0456375838926174 0.0684563758389262 0.0442953020134228 0.0442953020134228 0.0630872483221477 0.0738255033557047 0.0456375838926174 0.0442953020134228 0.0778523489932886 0.0442953020134228
"cheAbi" 0.102013422818792 0 0.0751677852348993 0.0751677852348993 0.0751677852348993 0.0671140939597315 0.0657718120805369 0.076510067114094 0.0778523489932886 0.10738255033557 0.0697986577181208 0.0724832214765101 0.108724832214765 0.119463087248322 0.100671140939597 0.0724832214765101 0.123489932885906 0.0724832214765101
"cheMyd" 0.0442953020134228 0.0751677852348993 0 0.00805369127516779 0.0174496644295302 0.0134228187919463 0.0120805369127517 0.00939597315436242 0.0147651006711409 0.0483221476510067 0.0147651006711409 0.0120805369127517 0.0496644295302013 0.0644295302013423 0.0389261744966443 0.010738255033557 0.0630872483221477 0.0120805369127517
"cheSer" 0.0402684563758389 0.0751677852348993 0.00805369127516779 0 0.0174496644295302 0.0134228187919463 0.0120805369127517 0.0120805369127517 0.0147651006711409 0.0483221476510067 0.0161073825503356 0.0120805369127517 0.0496644295302013 0.0630872483221477 0.036241610738255 0.010738255033557 0.0644295302013423 0.0120805369127517
"chrPic" 0.0456375838926174 0.0751677852348993 0.0174496644295302 0.0174496644295302 0 0.0174496644295302 0.0161073825503356 0.0214765100671141 0.0241610738255034 0.0550335570469799 0.0201342281879195 0.00805369127516779 0.0563758389261745 0.0684563758389262 0.0456375838926174 0.0120805369127517 0.0697986577181208 0.0134228187919463
"cuoAmb" 0.0442953020134228 0.0671140939597315 0.0134228187919463 0.0134228187919463 0.0174496644295302 0 0.00134228187919463 0.0147651006711409 0.0174496644295302 0.0496644295302013 0.00805369127516779 0.0120805369127517 0.051006711409396 0.0630872483221477 0.0389261744966443 0.010738255033557 0.0671140939597315 0.0120805369127517
"cuoMcc" 0.0429530201342282 0.0657718120805369 0.0120805369127517 0.0120805369127517 0.0161073825503356 0.00134228187919463 0 0.0134228187919463 0.0161073825503356 0.0483221476510067 0.00671140939597315 0.010738255033557 0.0496644295302013 0.061744966442953 0.0375838926174497 0.00939597315436242 0.0657718120805369 0.010738255033557
"derCor" 0.0429530201342282 0.076510067114094 0.00939597315436242 0.0120805369127517 0.0214765100671141 0.0147651006711409 0.0134228187919463 0 0.0134228187919463 0.0469798657718121 0.0161073825503356 0.0161073825503356 0.0483221476510067 0.0630872483221477 0.0402684563758389 0.0147651006711409 0.0590604026845638 0.0161073825503356
"derMaw" 0.0456375838926174 0.0778523489932886 0.0147651006711409 0.0147651006711409 0.0241610738255034 0.0174496644295302 0.0161073825503356 0.0134228187919463 0 0.0523489932885906 0.0201342281879195 0.0187919463087248 0.0536912751677852 0.0684563758389262 0.0416107382550336 0.0174496644295302 0.0697986577181208 0.0187919463087248
"emySub" 0.0684563758389262 0.10738255033557 0.0483221476510067 0.0483221476510067 0.0550335570469799 0.0496644295302013 0.0483221476510067 0.0469798657718121 0.0523489932885906 0 0.0523489932885906 0.0523489932885906 0.0228187919463087 0.0536912751677852 0.061744966442953 0.0456375838926174 0.0536912751677852 0.0523489932885906
"gopAga" 0.0442953020134228 0.0697986577181208 0.0147651006711409 0.0161073825503356 0.0201342281879195 0.00805369127516779 0.00671140939597315 0.0161073825503356 0.0201342281879195 0.0523489932885906 0 0.0147651006711409 0.0483221476510067 0.0630872483221477 0.0416107382550336 0.0134228187919463 0.0657718120805369 0.0147651006711409
"malTer" 0.0442953020134228 0.0724832214765101 0.0120805369127517 0.0120805369127517 0.00805369127516779 0.0120805369127517 0.010738255033557 0.0161073825503356 0.0187919463087248 0.0523489932885906 0.0147651006711409 0 0.051006711409396 0.0657718120805369 0.0402684563758389 0.00939597315436242 0.0671140939597315 0.00805369127516779
"mesTub" 0.0630872483221477 0.108724832214765 0.0496644295302013 0.0496644295302013 0.0563758389261745 0.051006711409396 0.0496644295302013 0.0483221476510067 0.0536912751677852 0.0228187919463087 0.0483221476510067 0.051006711409396 0 0.0550335570469799 0.0644295302013423 0.0523489932885906 0.0523489932885906 0.0483221476510067
"pelCas" 0.0738255033557047 0.119463087248322 0.0644295302013423 0.0630872483221477 0.0684563758389262 0.0630872483221477 0.061744966442953 0.0630872483221477 0.0684563758389262 0.0536912751677852 0.0630872483221477 0.0657718120805369 0.0550335570469799 0 0.076510067114094 0.0671140939597315 0.0335570469798658 0.0657718120805369
"pelSin" 0.0456375838926174 0.100671140939597 0.0389261744966443 0.036241610738255 0.0456375838926174 0.0389261744966443 0.0375838926174497 0.0402684563758389 0.0416107382550336 0.061744966442953 0.0416107382550336 0.0402684563758389 0.0644295302013423 0.076510067114094 0 0.0375838926174497 0.076510067114094 0.0402684563758389
"plaMeg" 0.0442953020134228 0.0724832214765101 0.010738255033557 0.010738255033557 0.0120805369127517 0.010738255033557 0.00939597315436242 0.0147651006711409 0.0174496644295302 0.0456375838926174 0.0134228187919463 0.00939597315436242 0.0523489932885906 0.0671140939597315 0.0375838926174497 0 0.0657718120805369 0.00939597315436242
"podExp" 0.0778523489932886 0.123489932885906 0.0630872483221477 0.0644295302013423 0.0697986577181208 0.0671140939597315 0.0657718120805369 0.0590604026845638 0.0697986577181208 0.0536912751677852 0.0657718120805369 0.0671140939597315 0.0523489932885906 0.0335570469798658 0.076510067114094 0.0657718120805369 0 0.0671140939597315
"terMex" 0.0442953020134228 0.0724832214765101 0.0120805369127517 0.0120805369127517 0.0134228187919463 0.0120805369127517 0.010738255033557 0.0161073825503356 0.0187919463087248 0.0523489932885906 0.0147651006711409 0.00805369127516779 0.0483221476510067 0.0657718120805369 0.0402684563758389 0.00939597315436242 0.0671140939597315 0
