"carIns" "cheAbi" "cheMyd" "chrPic" "cuoAmb" "cuoMcc" "derCor" "derMaw" "emySub" "gopAga" "malTer" "mesTub" "pelCas" "pelSin" "plaMeg" "podExp"
"carIns" 0 0.0750636132315522 0.0687022900763359 0.0687022900763359 0.195928753180662 0.0776081424936387 0.0712468193384224 0.0737913486005089 0.0763358778625954 0.0699745547073791 0.0712468193384224 0.0776081424936387 0.0903307888040712 0.0814249363867685 0.0648854961832061 0.0852417302798982
"cheAbi" 0.0750636132315522 0 0.0267175572519084 0.0165394402035623 0.152671755725191 0.0241730279898219 0.0241730279898219 0.0241730279898219 0.0508905852417303 0.0152671755725191 0.0216284987277354 0.0547073791348601 0.0699745547073791 0.0674300254452926 0.0190839694656489 0.0661577608142494
"cheMyd" 0.0687022900763359 0.0267175572519084 0 0.0152671755725191 0.152671755725191 0.0241730279898219 0.0127226463104326 0.0216284987277354 0.0458015267175573 0.0178117048346056 0.0178117048346056 0.0458015267175573 0.0661577608142494 0.0610687022900763 0.0178117048346056 0.0636132315521628
"chrPic" 0.0687022900763359 0.0165394402035623 0.0152671755725191 0 0.143765903307888 0.0139949109414758 0.0127226463104326 0.0165394402035623 0.0432569974554707 0.00763358778625954 0.00508905852417303 0.044529262086514 0.0636132315521628 0.0572519083969466 0.00763358778625954 0.0597964376590331
"cuoAmb" 0.195928753180662 0.152671755725191 0.152671755725191 0.143765903307888 0 0.138676844783715 0.148854961832061 0.152671755725191 0.176844783715013 0.142493638676845 0.145038167938931 0.179389312977099 0.188295165394402 0.188295165394402 0.145038167938931 0.185750636132316
"cuoMcc" 0.0776081424936387 0.0241730279898219 0.0241730279898219 0.0139949109414758 0.138676844783715 0 0.0216284987277354 0.0254452926208651 0.049618320610687 0.0114503816793893 0.0165394402035623 0.0508905852417303 0.0699745547073791 0.0674300254452926 0.0165394402035623 0.0661577608142494
"derCor" 0.0712468193384224 0.0241730279898219 0.0127226463104326 0.0127226463104326 0.148854961832061 0.0216284987277354 0 0.0203562340966921 0.0470737913486005 0.0152671755725191 0.0152671755725191 0.0470737913486005 0.0636132315521628 0.0610687022900763 0.0152671755725191 0.0597964376590331
"derMaw" 0.0737913486005089 0.0241730279898219 0.0216284987277354 0.0165394402035623 0.152671755725191 0.0254452926208651 0.0203562340966921 0 0.049618320610687 0.0190839694656489 0.0190839694656489 0.0508905852417303 0.0687022900763359 0.0648854961832061 0.0178117048346056 0.0623409669211196
"emySub" 0.0763358778625954 0.0508905852417303 0.0458015267175573 0.0432569974554707 0.176844783715013 0.049618320610687 0.0470737913486005 0.049618320610687 0 0.0458015267175573 0.0458015267175573 0.0178117048346056 0.0534351145038168 0.0597964376590331 0.0432569974554707 0.044529262086514
"gopAga" 0.0699745547073791 0.0152671755725191 0.0178117048346056 0.00763358778625954 0.142493638676845 0.0114503816793893 0.0152671755725191 0.0190839694656489 0.0458015267175573 0 0.0101781170483461 0.0470737913486005 0.0648854961832061 0.0597964376590331 0.0101781170483461 0.0610687022900763
"malTer" 0.0712468193384224 0.0216284987277354 0.0178117048346056 0.00508905852417303 0.145038167938931 0.0165394402035623 0.0152671755725191 0.0190839694656489 0.0458015267175573 0.0101781170483461 0 0.0470737913486005 0.0661577608142494 0.0597964376590331 0.0101781170483461 0.0623409669211196
"mesTub" 0.0776081424936387 0.0547073791348601 0.0458015267175573 0.044529262086514 0.179389312977099 0.0508905852417303 0.0470737913486005 0.0508905852417303 0.0178117048346056 0.0470737913486005 0.0470737913486005 0 0.0534351145038168 0.0610687022900763 0.0458015267175573 0.0458015267175573
"pelCas" 0.0903307888040712 0.0699745547073791 0.0661577608142494 0.0636132315521628 0.188295165394402 0.0699745547073791 0.0636132315521628 0.0687022900763359 0.0534351145038168 0.0648854961832061 0.0661577608142494 0.0534351145038168 0 0.0814249363867685 0.0623409669211196 0.0572519083969466
"pelSin" 0.0814249363867685 0.0674300254452926 0.0610687022900763 0.0572519083969466 0.188295165394402 0.0674300254452926 0.0610687022900763 0.0648854961832061 0.0597964376590331 0.0597964376590331 0.0597964376590331 0.0610687022900763 0.0814249363867685 0 0.0597964376590331 0.0750636132315522
"plaMeg" 0.0648854961832061 0.0190839694656489 0.0178117048346056 0.00763358778625954 0.145038167938931 0.0165394402035623 0.0152671755725191 0.0178117048346056 0.0432569974554707 0.0101781170483461 0.0101781170483461 0.0458015267175573 0.0623409669211196 0.0597964376590331 0 0.0559796437659033
"podExp" 0.0852417302798982 0.0661577608142494 0.0636132315521628 0.0597964376590331 0.185750636132316 0.0661577608142494 0.0597964376590331 0.0623409669211196 0.044529262086514 0.0610687022900763 0.0623409669211196 0.0458015267175573 0.0572519083969466 0.0750636132315522 0.0559796437659033 0
