"carIns" "cheAbi" "cheMyd" "cheSer" "chrPic" "cuoAmb" "cuoMcc" "derMaw" "emySub" "malTer" "mesTub" "pelCas" "pelSin" "plaMeg" "podExp" "terMex"
"carIns" 0 0.0408163265306122 0.0331632653061225 0.0510204081632653 0.0280612244897959 0.170918367346939 0.0255102040816327 0.0408163265306122 0.0280612244897959 0.0306122448979592 0.0306122448979592 0.0510204081632653 0.0510204081632653 0.0255102040816327 0.0510204081632653 0.0306122448979592
"cheAbi" 0.0408163265306122 0 0.0255102040816327 0.0331632653061225 0.0255102040816327 0.173469387755102 0.0229591836734694 0.0433673469387755 0.0255102040816327 0.0280612244897959 0.0280612244897959 0.0433673469387755 0.0357142857142857 0.0229591836734694 0.0433673469387755 0.0280612244897959
"cheMyd" 0.0331632653061225 0.0255102040816327 0 0.0306122448979592 0.0102040816326531 0.153061224489796 0.0076530612244898 0.0229591836734694 0.0102040816326531 0.0127551020408163 0.0127551020408163 0.0331632653061225 0.038265306122449 0.0076530612244898 0.0331632653061225 0.0127551020408163
"cheSer" 0.0510204081632653 0.0331632653061225 0.0306122448979592 0 0.0280612244897959 0.176020408163265 0.0280612244897959 0.0331632653061225 0.0306122448979592 0.0306122448979592 0.0331632653061225 0.038265306122449 0.0433673469387755 0.0280612244897959 0.0433673469387755 0.0306122448979592
"chrPic" 0.0280612244897959 0.0255102040816327 0.0102040816326531 0.0280612244897959 0 0.147959183673469 0.00255102040816327 0.0229591836734694 0.00510204081632653 0.00255102040816327 0.0076530612244898 0.0280612244897959 0.038265306122449 0.00255102040816327 0.0280612244897959 0.00255102040816327
"cuoAmb" 0.170918367346939 0.173469387755102 0.153061224489796 0.176020408163265 0.147959183673469 0 0.150510204081633 0.170918367346939 0.153061224489796 0.145408163265306 0.155612244897959 0.173469387755102 0.186224489795918 0.150510204081633 0.173469387755102 0.150510204081633
"cuoMcc" 0.0255102040816327 0.0229591836734694 0.0076530612244898 0.0280612244897959 0.00255102040816327 0.150510204081633 0 0.0204081632653061 0.00255102040816327 0.00510204081632653 0.00510204081632653 0.0255102040816327 0.0357142857142857 0 0.0255102040816327 0.00510204081632653
"derMaw" 0.0408163265306122 0.0433673469387755 0.0229591836734694 0.0331632653061225 0.0229591836734694 0.170918367346939 0.0204081632653061 0 0.0229591836734694 0.0255102040816327 0.0255102040816327 0.0306122448979592 0.0535714285714286 0.0204081632653061 0.0357142857142857 0.0255102040816327
"emySub" 0.0280612244897959 0.0255102040816327 0.0102040816326531 0.0306122448979592 0.00510204081632653 0.153061224489796 0.00255102040816327 0.0229591836734694 0 0.0076530612244898 0.00255102040816327 0.0229591836734694 0.038265306122449 0.00255102040816327 0.0229591836734694 0.0076530612244898
"malTer" 0.0306122448979592 0.0280612244897959 0.0127551020408163 0.0306122448979592 0.00255102040816327 0.145408163265306 0.00510204081632653 0.0255102040816327 0.0076530612244898 0 0.0102040816326531 0.0306122448979592 0.0408163265306122 0.00510204081632653 0.0306122448979592 0.00510204081632653
"mesTub" 0.0306122448979592 0.0280612244897959 0.0127551020408163 0.0331632653061225 0.0076530612244898 0.155612244897959 0.00510204081632653 0.0255102040816327 0.00255102040816327 0.0102040816326531 0 0.0255102040816327 0.0408163265306122 0.00510204081632653 0.0255102040816327 0.0102040816326531
"pelCas" 0.0510204081632653 0.0433673469387755 0.0331632653061225 0.038265306122449 0.0280612244897959 0.173469387755102 0.0255102040816327 0.0306122448979592 0.0229591836734694 0.0306122448979592 0.0255102040816327 0 0.0612244897959184 0.0255102040816327 0.0153061224489796 0.0306122448979592
"pelSin" 0.0510204081632653 0.0357142857142857 0.038265306122449 0.0433673469387755 0.038265306122449 0.186224489795918 0.0357142857142857 0.0535714285714286 0.038265306122449 0.0408163265306122 0.0408163265306122 0.0612244897959184 0 0.0357142857142857 0.0612244897959184 0.0408163265306122
"plaMeg" 0.0255102040816327 0.0229591836734694 0.0076530612244898 0.0280612244897959 0.00255102040816327 0.150510204081633 0 0.0204081632653061 0.00255102040816327 0.00510204081632653 0.00510204081632653 0.0255102040816327 0.0357142857142857 0 0.0255102040816327 0.00510204081632653
"podExp" 0.0510204081632653 0.0433673469387755 0.0331632653061225 0.0433673469387755 0.0280612244897959 0.173469387755102 0.0255102040816327 0.0357142857142857 0.0229591836734694 0.0306122448979592 0.0255102040816327 0.0153061224489796 0.0612244897959184 0.0255102040816327 0 0.0306122448979592
"terMex" 0.0306122448979592 0.0280612244897959 0.0127551020408163 0.0306122448979592 0.00255102040816327 0.150510204081633 0.00510204081632653 0.0255102040816327 0.0076530612244898 0.00510204081632653 0.0102040816326531 0.0306122448979592 0.0408163265306122 0.00510204081632653 0.0306122448979592 0
