"carIns" "cheAbi" "cheMyd" "cheSer" "chrPic" "cuoAmb" "cuoMcc" "derCor" "derMaw" "emySub" "gopAga" "malTer" "mesTub" "pelCas" "pelSin" "plaMeg" "podExp" "terMex"
"carIns" 0 0.0708092485549133 0.0765895953757225 0.154624277456647 0.0621387283236994 0.125722543352601 0.0722543352601156 0.0736994219653179 0.148843930635838 0.0751445086705202 0.069364161849711 0.0664739884393064 0.0823699421965318 0.0838150289017341 0.13728323699422 0.0606936416184971 0.0968208092485549 0.0621387283236994
"cheAbi" 0.0708092485549133 0 0.0303468208092486 0.121387283236994 0.0260115606936416 0.0708092485549133 0.0144508670520231 0.0332369942196532 0.115606936416185 0.041907514450867 0.0158959537572254 0.0289017341040462 0.0549132947976879 0.0563583815028902 0.11849710982659 0.0202312138728324 0.0679190751445087 0.0216763005780347
"cheMyd" 0.0765895953757225 0.0303468208092486 0 0.115606936416185 0.0303468208092486 0.0852601156069364 0.0303468208092486 0.0115606936416185 0.114161849710983 0.0433526011560694 0.0317919075144509 0.0332369942196532 0.0563583815028902 0.0578034682080925 0.124277456647399 0.0245664739884393 0.0664739884393064 0.0260115606936416
"cheSer" 0.154624277456647 0.121387283236994 0.115606936416185 0 0.115606936416185 0.173410404624277 0.11849710982659 0.117052023121387 0.135838150289017 0.124277456647399 0.119942196531792 0.117052023121387 0.138728323699422 0.141618497109827 0.203757225433526 0.114161849710983 0.15028901734104 0.11271676300578
"chrPic" 0.0621387283236994 0.0260115606936416 0.0303468208092486 0.115606936416185 0 0.0780346820809249 0.023121387283237 0.0332369942196532 0.11271676300578 0.0375722543352601 0.0274566473988439 0.00867052023121387 0.0505780346820809 0.0491329479768786 0.11849710982659 0.00578034682080925 0.0621387283236994 0.0101156069364162
"cuoAmb" 0.125722543352601 0.0708092485549133 0.0852601156069364 0.173410404624277 0.0780346820809249 0 0.0578034682080925 0.088150289017341 0.171965317919075 0.0895953757225433 0.0722543352601156 0.0823699421965318 0.109826589595376 0.108381502890173 0.104046242774566 0.0736994219653179 0.109826589595376 0.0751445086705202
"cuoMcc" 0.0722543352601156 0.0144508670520231 0.0303468208092486 0.11849710982659 0.023121387283237 0.0578034682080925 0 0.0332369942196532 0.117052023121387 0.0390173410404624 0.0158959537572254 0.0260115606936416 0.0578034682080925 0.0520231213872832 0.117052023121387 0.0173410404624277 0.0635838150289017 0.0187861271676301
"derCor" 0.0736994219653179 0.0332369942196532 0.0115606936416185 0.117052023121387 0.0332369942196532 0.088150289017341 0.0332369942196532 0 0.115606936416185 0.046242774566474 0.0346820809248555 0.0361271676300578 0.0578034682080925 0.0578034682080925 0.127167630057803 0.0274566473988439 0.0664739884393064 0.0289017341040462
"derMaw" 0.148843930635838 0.115606936416185 0.114161849710983 0.135838150289017 0.11271676300578 0.171965317919075 0.117052023121387 0.115606936416185 0 0.128612716763006 0.117052023121387 0.11849710982659 0.135838150289017 0.132947976878613 0.206647398843931 0.109826589595376 0.153179190751445 0.111271676300578
"emySub" 0.0751445086705202 0.041907514450867 0.0433526011560694 0.124277456647399 0.0375722543352601 0.0895953757225433 0.0390173410404624 0.046242774566474 0.128612716763006 0 0.0404624277456647 0.0404624277456647 0.0476878612716763 0.0505780346820809 0.124277456647399 0.0346820809248555 0.0635838150289017 0.0346820809248555
"gopAga" 0.069364161849711 0.0158959537572254 0.0317919075144509 0.119942196531792 0.0274566473988439 0.0722543352601156 0.0158959537572254 0.0346820809248555 0.117052023121387 0.0404624277456647 0 0.0303468208092486 0.0578034682080925 0.0549132947976879 0.119942196531792 0.0216763005780347 0.0664739884393064 0.0202312138728324
"malTer" 0.0664739884393064 0.0289017341040462 0.0332369942196532 0.117052023121387 0.00867052023121387 0.0823699421965318 0.0260115606936416 0.0361271676300578 0.11849710982659 0.0404624277456647 0.0303468208092486 0 0.0592485549132948 0.0549132947976879 0.125722543352601 0.00867052023121387 0.0664739884393064 0.0130057803468208
"mesTub" 0.0823699421965318 0.0549132947976879 0.0563583815028902 0.138728323699422 0.0505780346820809 0.109826589595376 0.0578034682080925 0.0578034682080925 0.135838150289017 0.0476878612716763 0.0578034682080925 0.0592485549132948 0 0.065028901734104 0.138728323699422 0.0505780346820809 0.0780346820809249 0.0505780346820809
"pelCas" 0.0838150289017341 0.0563583815028902 0.0578034682080925 0.141618497109827 0.0491329479768786 0.108381502890173 0.0520231213872832 0.0578034682080925 0.132947976878613 0.0505780346820809 0.0549132947976879 0.0549132947976879 0.065028901734104 0 0.13150289017341 0.046242774566474 0.0578034682080925 0.046242774566474
"pelSin" 0.13728323699422 0.11849710982659 0.124277456647399 0.203757225433526 0.11849710982659 0.104046242774566 0.117052023121387 0.127167630057803 0.206647398843931 0.124277456647399 0.119942196531792 0.125722543352601 0.138728323699422 0.13150289017341 0 0.117052023121387 0.135838150289017 0.115606936416185
"plaMeg" 0.0606936416184971 0.0202312138728324 0.0245664739884393 0.114161849710983 0.00578034682080925 0.0736994219653179 0.0173410404624277 0.0274566473988439 0.109826589595376 0.0346820809248555 0.0216763005780347 0.00867052023121387 0.0505780346820809 0.046242774566474 0.117052023121387 0 0.0578034682080925 0.00433526011560694
"podExp" 0.0968208092485549 0.0679190751445087 0.0664739884393064 0.15028901734104 0.0621387283236994 0.109826589595376 0.0635838150289017 0.0664739884393064 0.153179190751445 0.0635838150289017 0.0664739884393064 0.0664739884393064 0.0780346820809249 0.0578034682080925 0.135838150289017 0.0578034682080925 0 0.0578034682080925
"terMex" 0.0621387283236994 0.0216763005780347 0.0260115606936416 0.11271676300578 0.0101156069364162 0.0751445086705202 0.0187861271676301 0.0289017341040462 0.111271676300578 0.0346820809248555 0.0202312138728324 0.0130057803468208 0.0505780346820809 0.046242774566474 0.115606936416185 0.00433526011560694 0.0578034682080925 0
