"carIns" "cheMyd" "chrPic" "cuoMcc" "derCor" "emySub" "gopAga" "malTer" "mesTub" "pelCas" "pelSin" "plaMeg" "podExp"
"carIns" 0 0.0364372469635627 0.0364372469635627 0.0323886639676113 0.0364372469635627 0.0910931174089069 0.082995951417004 0.0384615384615385 0.0526315789473684 0.0587044534412955 0.0404858299595142 0.0404858299595142 0.0728744939271255
"cheMyd" 0.0364372469635627 0 0.0222672064777328 0.0263157894736842 0.0182186234817814 0.0910931174089069 0.0647773279352227 0.0242914979757085 0.0465587044534413 0.0607287449392713 0.0364372469635627 0.0182186234817814 0.0769230769230769
"chrPic" 0.0364372469635627 0.0222672064777328 0 0.00809716599190283 0.0161943319838057 0.0890688259109312 0.0546558704453441 0.00202429149797571 0.0445344129554656 0.0506072874493927 0.0303643724696356 0.00809716599190283 0.0668016194331984
"cuoMcc" 0.0323886639676113 0.0263157894736842 0.00809716599190283 0 0.0202429149797571 0.0890688259109312 0.0587044534412955 0.0101214574898785 0.0445344129554656 0.0506072874493927 0.0303643724696356 0.0121457489878543 0.0708502024291498
"derCor" 0.0364372469635627 0.0182186234817814 0.0161943319838057 0.0202429149797571 0 0.082995951417004 0.0587044534412955 0.0182186234817814 0.0404858299595142 0.0546558704453441 0.0303643724696356 0.0161943319838057 0.0708502024291498
"emySub" 0.0910931174089069 0.0910931174089069 0.0890688259109312 0.0890688259109312 0.082995951417004 0 0.109311740890688 0.0910931174089069 0.0708502024291498 0.0809716599190283 0.0870445344129555 0.0890688259109312 0.0910931174089069
"gopAga" 0.082995951417004 0.0647773279352227 0.0546558704453441 0.0587044534412955 0.0587044534412955 0.109311740890688 0 0.0566801619433198 0.0809716599190283 0.097165991902834 0.0708502024291498 0.0546558704453441 0.11336032388664
"malTer" 0.0384615384615385 0.0242914979757085 0.00202429149797571 0.0101214574898785 0.0182186234817814 0.0910931174089069 0.0566801619433198 0 0.0465587044534413 0.0526315789473684 0.0323886639676113 0.0101214574898785 0.0668016194331984
"mesTub" 0.0526315789473684 0.0465587044534413 0.0445344129554656 0.0445344129554656 0.0404858299595142 0.0708502024291498 0.0809716599190283 0.0465587044534413 0 0.0465587044534413 0.0465587044534413 0.0445344129554656 0.0607287449392713
"pelCas" 0.0587044534412955 0.0607287449392713 0.0506072874493927 0.0506072874493927 0.0546558704453441 0.0809716599190283 0.097165991902834 0.0526315789473684 0.0465587044534413 0 0.0607287449392713 0.0546558704453441 0.0506072874493927
"pelSin" 0.0404858299595142 0.0364372469635627 0.0303643724696356 0.0303643724696356 0.0303643724696356 0.0870445344129555 0.0708502024291498 0.0323886639676113 0.0465587044534413 0.0607287449392713 0 0.0303643724696356 0.0748987854251012
"plaMeg" 0.0404858299595142 0.0182186234817814 0.00809716599190283 0.0121457489878543 0.0161943319838057 0.0890688259109312 0.0546558704453441 0.0101214574898785 0.0445344129554656 0.0546558704453441 0.0303643724696356 0 0.0748987854251012
"podExp" 0.0728744939271255 0.0769230769230769 0.0668016194331984 0.0708502024291498 0.0708502024291498 0.0910931174089069 0.11336032388664 0.0668016194331984 0.0607287449392713 0.0506072874493927 0.0748987854251012 0.0748987854251012 0
