"carIns" "cheAbi" "cheMyd" "cheSer" "chrPic" "cuoAmb" "cuoMcc" "derCor" "derMaw" "emySub" "gopAga" "malTer" "mesTub" "pelCas" "pelSin" "plaMeg" "podExp" "terMex"
"carIns" 0 0.0754536771728749 0.0716332378223496 0.0697230181470869 0.0678127984718243 0.0744985673352436 0.0725883476599809 0.0725883476599809 0.0725883476599809 0.0830945558739255 0.0744985673352436 0.0678127984718243 0.0840496657115568 0.0897803247373448 0.0706781279847182 0.0687679083094556 0.103151862464183 0.0678127984718243
"cheAbi" 0.0754536771728749 0 0.0315186246418338 0.0267430754536772 0.0200573065902579 0.0114613180515759 0.0114613180515759 0.0324737344794651 0.0353390639923591 0.0477554918815664 0.00764087870105062 0.0200573065902579 0.055396370582617 0.0630372492836676 0.0506208213944604 0.0219675262655205 0.0773638968481375 0.0162368672397326
"cheMyd" 0.0716332378223496 0.0315186246418338 0 0.0257879656160458 0.0210124164278892 0.0296084049665712 0.0276981852913085 0.0152817574021012 0.0382043935052531 0.0487106017191977 0.0296084049665712 0.0210124164278892 0.0534861509073543 0.0620821394460363 0.0506208213944604 0.0267430754536772 0.0725883476599809 0.0191021967526266
"cheSer" 0.0697230181470869 0.0267430754536772 0.0257879656160458 0 0.0200573065902579 0.0238777459407832 0.0219675262655205 0.0267430754536772 0.0257879656160458 0.0458452722063037 0.0267430754536772 0.0200573065902579 0.0506208213944604 0.0649474689589303 0.049665711556829 0.0191021967526266 0.0659025787965616 0.0162368672397326
"chrPic" 0.0678127984718243 0.0200573065902579 0.0210124164278892 0.0200573065902579 0 0.0162368672397326 0.0162368672397326 0.0191021967526266 0.0286532951289398 0.0448901623686724 0.0219675262655205 0.00382043935052531 0.0506208213944604 0.058261700095511 0.046800382043935 0.0114613180515759 0.0725883476599809 0.00382043935052531
"cuoAmb" 0.0744985673352436 0.0114613180515759 0.0296084049665712 0.0238777459407832 0.0162368672397326 0 0.00382043935052531 0.0305635148042025 0.0334288443170965 0.0477554918815664 0.0133715377268386 0.0181470869149952 0.0515759312320917 0.0630372492836676 0.0477554918815664 0.0152817574021012 0.0754536771728749 0.0143266475644699
"cuoMcc" 0.0725883476599809 0.0114613180515759 0.0276981852913085 0.0219675262655205 0.0162368672397326 0.00382043935052531 0 0.0286532951289398 0.0315186246418338 0.0458452722063037 0.0133715377268386 0.0181470869149952 0.049665711556829 0.061127029608405 0.0477554918815664 0.0152817574021012 0.0735434574976122 0.0143266475644699
"derCor" 0.0725883476599809 0.0324737344794651 0.0152817574021012 0.0267430754536772 0.0191021967526266 0.0305635148042025 0.0286532951289398 0 0.0353390639923591 0.0515759312320917 0.0305635148042025 0.0191021967526266 0.0573065902578797 0.063992359121299 0.0515759312320917 0.0257879656160458 0.0744985673352436 0.0191021967526266
"derMaw" 0.0725883476599809 0.0353390639923591 0.0382043935052531 0.0257879656160458 0.0286532951289398 0.0334288443170965 0.0315186246418338 0.0353390639923591 0 0.058261700095511 0.0353390639923591 0.0286532951289398 0.0592168099331423 0.0706781279847182 0.052531041069723 0.0296084049665712 0.0792741165234002 0.0267430754536772
"emySub" 0.0830945558739255 0.0477554918815664 0.0487106017191977 0.0458452722063037 0.0448901623686724 0.0477554918815664 0.0458452722063037 0.0515759312320917 0.058261700095511 0 0.049665711556829 0.0448901623686724 0.0362941738299905 0.0515759312320917 0.0649474689589303 0.0487106017191977 0.0601719197707736 0.0410697230181471
"gopAga" 0.0744985673352436 0.00764087870105062 0.0296084049665712 0.0267430754536772 0.0219675262655205 0.0133715377268386 0.0133715377268386 0.0305635148042025 0.0353390639923591 0.049665711556829 0 0.0219675262655205 0.0573065902578797 0.0687679083094556 0.0506208213944604 0.0238777459407832 0.0792741165234002 0.0181470869149952
"malTer" 0.0678127984718243 0.0200573065902579 0.0210124164278892 0.0200573065902579 0.00382043935052531 0.0181470869149952 0.0181470869149952 0.0191021967526266 0.0286532951289398 0.0448901623686724 0.0219675262655205 0 0.0506208213944604 0.0563514804202483 0.046800382043935 0.0133715377268386 0.0706781279847182 0.00382043935052531
"mesTub" 0.0840496657115568 0.055396370582617 0.0534861509073543 0.0506208213944604 0.0506208213944604 0.0515759312320917 0.049665711556829 0.0573065902578797 0.0592168099331423 0.0362941738299905 0.0573065902578797 0.0506208213944604 0 0.0573065902578797 0.0687679083094556 0.0534861509073543 0.0687679083094556 0.046800382043935
"pelCas" 0.0897803247373448 0.0630372492836676 0.0620821394460363 0.0649474689589303 0.058261700095511 0.0630372492836676 0.061127029608405 0.063992359121299 0.0706781279847182 0.0515759312320917 0.0687679083094556 0.0563514804202483 0.0573065902578797 0 0.0773638968481375 0.0630372492836676 0.049665711556829 0.058261700095511
"pelSin" 0.0706781279847182 0.0506208213944604 0.0506208213944604 0.049665711556829 0.046800382043935 0.0477554918815664 0.0477554918815664 0.0515759312320917 0.052531041069723 0.0649474689589303 0.0506208213944604 0.046800382043935 0.0687679083094556 0.0773638968481375 0 0.0477554918815664 0.0878701050620821 0.0429799426934097
"plaMeg" 0.0687679083094556 0.0219675262655205 0.0267430754536772 0.0191021967526266 0.0114613180515759 0.0152817574021012 0.0152817574021012 0.0257879656160458 0.0296084049665712 0.0487106017191977 0.0238777459407832 0.0133715377268386 0.0534861509073543 0.0630372492836676 0.0477554918815664 0 0.0735434574976122 0.0114613180515759
"podExp" 0.103151862464183 0.0773638968481375 0.0725883476599809 0.0659025787965616 0.0725883476599809 0.0754536771728749 0.0735434574976122 0.0744985673352436 0.0792741165234002 0.0601719197707736 0.0792741165234002 0.0706781279847182 0.0687679083094556 0.049665711556829 0.0878701050620821 0.0735434574976122 0 0.0687679083094556
"terMex" 0.0678127984718243 0.0162368672397326 0.0191021967526266 0.0162368672397326 0.00382043935052531 0.0143266475644699 0.0143266475644699 0.0191021967526266 0.0267430754536772 0.0410697230181471 0.0181470869149952 0.00382043935052531 0.046800382043935 0.058261700095511 0.0429799426934097 0.0114613180515759 0.0687679083094556 0
