"carIns" "cheAbi" "cheMyd" "cheSer" "chrPic" "cuoAmb" "cuoMcc" "derCor" "derMaw" "emySub" "gopAga" "malTer" "mesTub" "pelCas" "pelSin" "plaMeg" "podExp"
"carIns" 0 0.0525686977299881 0.046594982078853 0.048984468339307 0.0537634408602151 0.048984468339307 0.04778972520908 0.048984468339307 0.0537634408602151 0.0549581839904421 0.0561529271206691 0.0537634408602151 0.0692951015531661 0.0872162485065711 0.0716845878136201 0.048984468339307 0.0812425328554361
"cheAbi" 0.0525686977299881 0 0.022700119474313 0.021505376344086 0.022700119474313 0.010752688172043 0.010752688172043 0.022700119474313 0.032258064516129 0.041816009557945 0.010752688172043 0.022700119474313 0.048984468339307 0.0728793309438471 0.0764635603345281 0.014336917562724 0.0657108721624851
"cheMyd" 0.046594982078853 0.022700119474313 0 0.017921146953405 0.02389486260454 0.016726403823178 0.014336917562724 0.00836320191158901 0.031063321385902 0.040621266427718 0.02389486260454 0.02389486260454 0.046594982078853 0.0669056152927121 0.0704898446833931 0.015531660692951 0.0621266427718041
"cheSer" 0.048984468339307 0.021505376344086 0.017921146953405 0 0.022700119474313 0.015531660692951 0.013142174432497 0.017921146953405 0.032258064516129 0.040621266427718 0.022700119474313 0.022700119474313 0.046594982078853 0.0669056152927121 0.0669056152927121 0.013142174432497 0.0597371565113501
"chrPic" 0.0537634408602151 0.022700119474313 0.02389486260454 0.022700119474313 0 0.016726403823178 0.016726403823178 0.02389486260454 0.037037037037037 0.044205495818399 0.02389486260454 0.002389486260454 0.046594982078853 0.0704898446833931 0.0788530465949821 0.017921146953405 0.0609318996415771
"cuoAmb" 0.048984468339307 0.010752688172043 0.016726403823178 0.015531660692951 0.016726403823178 0 0.002389486260454 0.016726403823178 0.032258064516129 0.039426523297491 0.00955794504181601 0.016726403823178 0.040621266427718 0.0657108721624851 0.0704898446833931 0.010752688172043 0.0585424133811231
"cuoMcc" 0.04778972520908 0.010752688172043 0.014336917562724 0.013142174432497 0.016726403823178 0.002389486260454 0 0.014336917562724 0.029868578255675 0.037037037037037 0.00955794504181601 0.016726403823178 0.038231780167264 0.0633213859020311 0.0681003584229391 0.00836320191158901 0.0561529271206691
"derCor" 0.048984468339307 0.022700119474313 0.00836320191158901 0.017921146953405 0.02389486260454 0.016726403823178 0.014336917562724 0 0.032258064516129 0.041816009557945 0.02389486260454 0.02389486260454 0.04778972520908 0.0669056152927121 0.0704898446833931 0.015531660692951 0.0633213859020311
"derMaw" 0.0537634408602151 0.032258064516129 0.031063321385902 0.032258064516129 0.037037037037037 0.032258064516129 0.029868578255675 0.032258064516129 0 0.050179211469534 0.03584229390681 0.037037037037037 0.0609318996415771 0.0752688172043011 0.0824372759856631 0.031063321385902 0.0692951015531661
"emySub" 0.0549581839904421 0.041816009557945 0.040621266427718 0.040621266427718 0.044205495818399 0.039426523297491 0.037037037037037 0.041816009557945 0.050179211469534 0 0.046594982078853 0.044205495818399 0.028673835125448 0.0609318996415771 0.0788530465949821 0.038231780167264 0.050179211469534
"gopAga" 0.0561529271206691 0.010752688172043 0.02389486260454 0.022700119474313 0.02389486260454 0.00955794504181601 0.00955794504181601 0.02389486260454 0.03584229390681 0.046594982078853 0 0.02389486260454 0.04778972520908 0.0692951015531661 0.0764635603345281 0.016726403823178 0.0621266427718041
"malTer" 0.0537634408602151 0.022700119474313 0.02389486260454 0.022700119474313 0.002389486260454 0.016726403823178 0.016726403823178 0.02389486260454 0.037037037037037 0.044205495818399 0.02389486260454 0 0.046594982078853 0.0704898446833931 0.0788530465949821 0.017921146953405 0.0609318996415771
"mesTub" 0.0692951015531661 0.048984468339307 0.046594982078853 0.046594982078853 0.046594982078853 0.040621266427718 0.038231780167264 0.04778972520908 0.0609318996415771 0.028673835125448 0.04778972520908 0.046594982078853 0 0.0621266427718041 0.0800477897252091 0.044205495818399 0.0549581839904421
"pelCas" 0.0872162485065711 0.0728793309438471 0.0669056152927121 0.0669056152927121 0.0704898446833931 0.0657108721624851 0.0633213859020311 0.0669056152927121 0.0752688172043011 0.0609318996415771 0.0692951015531661 0.0704898446833931 0.0621266427718041 0 0.0991636798088411 0.0669056152927121 0.043010752688172
"pelSin" 0.0716845878136201 0.0764635603345281 0.0704898446833931 0.0669056152927121 0.0788530465949821 0.0704898446833931 0.0681003584229391 0.0704898446833931 0.0824372759856631 0.0788530465949821 0.0764635603345281 0.0788530465949821 0.0800477897252091 0.0991636798088411 0 0.0704898446833931 0.0943847072879331
"plaMeg" 0.048984468339307 0.014336917562724 0.015531660692951 0.013142174432497 0.017921146953405 0.010752688172043 0.00836320191158901 0.015531660692951 0.031063321385902 0.038231780167264 0.016726403823178 0.017921146953405 0.044205495818399 0.0669056152927121 0.0704898446833931 0 0.0597371565113501
"podExp" 0.0812425328554361 0.0657108721624851 0.0621266427718041 0.0597371565113501 0.0609318996415771 0.0585424133811231 0.0561529271206691 0.0633213859020311 0.0692951015531661 0.050179211469534 0.0621266427718041 0.0609318996415771 0.0549581839904421 0.043010752688172 0.0943847072879331 0.0597371565113501 0
