"carIns" "cheAbi" "cheMyd" "cheSer" "chrPic" "cuoAmb" "cuoMcc" "derCor" "derMaw" "emySub" "gopAga" "malTer" "pelCas" "pelSin" "plaMeg" "podExp" "terMex"
"carIns" 0 0.170466883821933 0.130293159609121 0.130293159609121 0.129207383279045 0.121606948968512 0.197611292073833 0.153094462540717 0.141150922909881 0.147665580890337 0.129207383279045 0.127035830618893 0.121606948968512 0.179153094462541 0.121606948968512 0.135722041259501 0.11943539630836
"cheAbi" 0.170466883821933 0 0.10314875135722 0.104234527687296 0.0988056460369164 0.0770901194353963 0.125950054288817 0.125950054288817 0.122692725298588 0.142236699239957 0.0781758957654723 0.0988056460369164 0.131378935939197 0.208469055374593 0.0922909880564604 0.152008686210641 0.0901194353963084
"cheMyd" 0.130293159609121 0.10314875135722 0 0.0532030401737242 0.0618892508143322 0.0521172638436482 0.128121606948969 0.0553745928338762 0.0803474484256243 0.10314875135722 0.0618892508143322 0.0608034744842562 0.0955483170466884 0.187839305103149 0.0499457111834962 0.120521172638436 0.0499457111834962
"cheSer" 0.130293159609121 0.104234527687296 0.0532030401737242 0 0.0466883821932682 0.0412595005428882 0.136807817589577 0.0629750271444083 0.0597176981541802 0.0901194353963084 0.0488599348534202 0.0456026058631922 0.0781758957654723 0.184581976112921 0.0358306188925081 0.106406080347448 0.0369163952225842
"chrPic" 0.129207383279045 0.0988056460369164 0.0618892508143322 0.0466883821932682 0 0.0347448425624321 0.12486427795874 0.0705754614549403 0.0716612377850163 0.0977198697068404 0.0445168295331162 0.011943539630836 0.0890336590662324 0.181324647122693 0.0304017372421281 0.106406080347448 0.0162866449511401
"cuoAmb" 0.121606948968512 0.0770901194353963 0.0521172638436482 0.0412595005428882 0.0347448425624321 0 0.102062975027144 0.0629750271444083 0.0640608034744843 0.0933767643865364 0.0228013029315961 0.0336590662323561 0.0814332247557003 0.169381107491857 0.0282301845819761 0.0998914223669924 0.0238870792616721
"cuoMcc" 0.197611292073833 0.125950054288817 0.128121606948969 0.136807817589577 0.12486427795874 0.102062975027144 0 0.156351791530945 0.153094462540717 0.175895765472313 0.118349619978284 0.125950054288817 0.163952225841477 0.225841476655809 0.122692725298588 0.178067318132465 0.118349619978284
"derCor" 0.153094462540717 0.125950054288817 0.0553745928338762 0.0629750271444083 0.0705754614549403 0.0629750271444083 0.156351791530945 0 0.0868621064060803 0.100977198697068 0.0727470141150923 0.0694896851248643 0.109663409337676 0.205211726384365 0.0629750271444083 0.133550488599349 0.0597176981541802
"derMaw" 0.141150922909881 0.122692725298588 0.0803474484256243 0.0597176981541802 0.0716612377850163 0.0640608034744843 0.153094462540717 0.0868621064060803 0 0.111834961997828 0.0673181324647123 0.0705754614549403 0.10314875135722 0.193268186753529 0.0618892508143322 0.125950054288817 0.0608034744842562
"emySub" 0.147665580890337 0.142236699239957 0.10314875135722 0.0901194353963084 0.0977198697068404 0.0933767643865364 0.175895765472313 0.100977198697068 0.111834961997828 0 0.0988056460369164 0.0988056460369164 0.0944625407166124 0.198697068403909 0.0912052117263844 0.116178067318132 0.0890336590662324
"gopAga" 0.129207383279045 0.0781758957654723 0.0618892508143322 0.0488599348534202 0.0445168295331162 0.0228013029315961 0.118349619978284 0.0727470141150923 0.0673181324647123 0.0988056460369164 0 0.0434310532030402 0.0890336590662324 0.175895765472313 0.0390879478827362 0.106406080347448 0.0358306188925081
"malTer" 0.127035830618893 0.0988056460369164 0.0608034744842562 0.0456026058631922 0.011943539630836 0.0336590662323561 0.125950054288817 0.0694896851248643 0.0705754614549403 0.0988056460369164 0.0434310532030402 0 0.0868621064060803 0.180238870792617 0.0293159609120521 0.107491856677524 0.0152008686210641
"pelCas" 0.121606948968512 0.131378935939197 0.0955483170466884 0.0781758957654723 0.0890336590662324 0.0814332247557003 0.163952225841477 0.109663409337676 0.10314875135722 0.0944625407166124 0.0890336590662324 0.0868621064060803 0 0.194353963083605 0.0803474484256243 0.0846905537459283 0.0770901194353963
"pelSin" 0.179153094462541 0.208469055374593 0.187839305103149 0.184581976112921 0.181324647122693 0.169381107491857 0.225841476655809 0.205211726384365 0.193268186753529 0.198697068403909 0.175895765472313 0.180238870792617 0.194353963083605 0 0.173724212812161 0.205211726384365 0.173724212812161
"plaMeg" 0.121606948968512 0.0922909880564604 0.0499457111834962 0.0358306188925081 0.0304017372421281 0.0282301845819761 0.122692725298588 0.0629750271444083 0.0618892508143322 0.0912052117263844 0.0390879478827362 0.0293159609120521 0.0803474484256243 0.173724212812161 0 0.102062975027144 0.0184581976112921
"podExp" 0.135722041259501 0.152008686210641 0.120521172638436 0.106406080347448 0.106406080347448 0.0998914223669924 0.178067318132465 0.133550488599349 0.125950054288817 0.116178067318132 0.106406080347448 0.107491856677524 0.0846905537459283 0.205211726384365 0.102062975027144 0 0.0988056460369164
"terMex" 0.11943539630836 0.0901194353963084 0.0499457111834962 0.0369163952225842 0.0162866449511401 0.0238870792616721 0.118349619978284 0.0597176981541802 0.0608034744842562 0.0890336590662324 0.0358306188925081 0.0152008686210641 0.0770901194353963 0.173724212812161 0.0184581976112921 0.0988056460369164 0
