"carIns" "cheAbi" "cheMyd" "cheSer" "chrPic" "cuoAmb" "cuoMcc" "derCor" "derMaw" "emySub" "gopAga" "malTer" "mesTub" "pelCas" "pelSin" "plaMeg" "podExp" "terMex"
"carIns" 0 0.0918367346938776 0.0841836734693878 0.0841836734693878 0.0829081632653061 0.0790816326530612 0.0854591836734694 0.0943877551020408 0.0969387755102041 0.086734693877551 0.0943877551020408 0.0905612244897959 0.0905612244897959 0.102040816326531 0.0892857142857143 0.0803571428571429 0.113520408163265 0.0790816326530612
"cheAbi" 0.0918367346938776 0 0.0433673469387755 0.0471938775510204 0.0293367346938776 0.0229591836734694 0.0216836734693878 0.0433673469387755 0.0548469387755102 0.0612244897959184 0.0331632653061225 0.0357142857142857 0.0637755102040816 0.0778061224489796 0.076530612244898 0.0306122448979592 0.0943877551020408 0.0293367346938776
"cheMyd" 0.0841836734693878 0.0433673469387755 0 0.0357142857142857 0.0357142857142857 0.0357142857142857 0.038265306122449 0.0255102040816327 0.048469387755102 0.0535714285714286 0.0471938775510204 0.0459183673469388 0.0548469387755102 0.0727040816326531 0.0778061224489796 0.0357142857142857 0.0892857142857143 0.0331632653061225
"cheSer" 0.0841836734693878 0.0471938775510204 0.0357142857142857 0 0.0446428571428571 0.038265306122449 0.0331632653061225 0.038265306122449 0.0408163265306122 0.0522959183673469 0.0446428571428571 0.0497448979591837 0.0535714285714286 0.0727040816326531 0.0790816326530612 0.0306122448979592 0.0854591836734694 0.0306122448979592
"chrPic" 0.0829081632653061 0.0293367346938776 0.0357142857142857 0.0446428571428571 0 0.0216836734693878 0.0293367346938776 0.0408163265306122 0.0497448979591837 0.0535714285714286 0.038265306122449 0.0216836734693878 0.0599489795918367 0.0739795918367347 0.076530612244898 0.0267857142857143 0.0905612244897959 0.0191326530612245
"cuoAmb" 0.0790816326530612 0.0229591836734694 0.0357142857142857 0.038265306122449 0.0216836734693878 0 0.0153061224489796 0.0357142857142857 0.0459183673469388 0.0535714285714286 0.0267857142857143 0.0344387755102041 0.0599489795918367 0.0727040816326531 0.0701530612244898 0.0229591836734694 0.0880102040816327 0.0204081632653061
"cuoMcc" 0.0854591836734694 0.0216836734693878 0.038265306122449 0.0331632653061225 0.0293367346938776 0.0153061224489796 0 0.0357142857142857 0.0408163265306122 0.0497448979591837 0.024234693877551 0.0318877551020408 0.0535714285714286 0.0676020408163265 0.0625 0.0178571428571429 0.0816326530612245 0.0153061224489796
"derCor" 0.0943877551020408 0.0433673469387755 0.0255102040816327 0.038265306122449 0.0408163265306122 0.0357142857142857 0.0357142857142857 0 0.048469387755102 0.0561224489795918 0.0459183673469388 0.048469387755102 0.0599489795918367 0.0714285714285714 0.0778061224489796 0.0357142857142857 0.086734693877551 0.0331632653061225
"derMaw" 0.0969387755102041 0.0548469387755102 0.048469387755102 0.0408163265306122 0.0497448979591837 0.0459183673469388 0.0408163265306122 0.048469387755102 0 0.0586734693877551 0.0522959183673469 0.0548469387755102 0.0612244897959184 0.0714285714285714 0.0841836734693878 0.0357142857142857 0.0892857142857143 0.0357142857142857
"emySub" 0.086734693877551 0.0612244897959184 0.0535714285714286 0.0522959183673469 0.0535714285714286 0.0535714285714286 0.0497448979591837 0.0561224489795918 0.0586734693877551 0 0.0599489795918367 0.0573979591836735 0.0204081632653061 0.048469387755102 0.0739795918367347 0.0446428571428571 0.0650510204081633 0.0433673469387755
"gopAga" 0.0943877551020408 0.0331632653061225 0.0471938775510204 0.0446428571428571 0.038265306122449 0.0267857142857143 0.024234693877551 0.0459183673469388 0.0522959183673469 0.0599489795918367 0 0.0433673469387755 0.0663265306122449 0.0803571428571429 0.0739795918367347 0.0280612244897959 0.0931122448979592 0.0267857142857143
"malTer" 0.0905612244897959 0.0357142857142857 0.0459183673469388 0.0497448979591837 0.0216836734693878 0.0344387755102041 0.0318877551020408 0.048469387755102 0.0548469387755102 0.0573979591836735 0.0433673469387755 0 0.0625 0.0790816326530612 0.0790816326530612 0.0318877551020408 0.0943877551020408 0.024234693877551
"mesTub" 0.0905612244897959 0.0637755102040816 0.0548469387755102 0.0535714285714286 0.0599489795918367 0.0599489795918367 0.0535714285714286 0.0599489795918367 0.0612244897959184 0.0204081632653061 0.0663265306122449 0.0625 0 0.0497448979591837 0.0803571428571429 0.0510204081632653 0.0650510204081633 0.0497448979591837
"pelCas" 0.102040816326531 0.0778061224489796 0.0727040816326531 0.0727040816326531 0.0739795918367347 0.0727040816326531 0.0676020408163265 0.0714285714285714 0.0714285714285714 0.048469387755102 0.0803571428571429 0.0790816326530612 0.0497448979591837 0 0.086734693877551 0.0676020408163265 0.0535714285714286 0.0625
"pelSin" 0.0892857142857143 0.076530612244898 0.0778061224489796 0.0790816326530612 0.076530612244898 0.0701530612244898 0.0625 0.0778061224489796 0.0841836734693878 0.0739795918367347 0.0739795918367347 0.0790816326530612 0.0803571428571429 0.086734693877551 0 0.0663265306122449 0.104591836734694 0.0637755102040816
"plaMeg" 0.0803571428571429 0.0306122448979592 0.0357142857142857 0.0306122448979592 0.0267857142857143 0.0229591836734694 0.0178571428571429 0.0357142857142857 0.0357142857142857 0.0446428571428571 0.0280612244897959 0.0318877551020408 0.0510204081632653 0.0676020408163265 0.0663265306122449 0 0.0816326530612245 0.0127551020408163
"podExp" 0.113520408163265 0.0943877551020408 0.0892857142857143 0.0854591836734694 0.0905612244897959 0.0880102040816327 0.0816326530612245 0.086734693877551 0.0892857142857143 0.0650510204081633 0.0931122448979592 0.0943877551020408 0.0650510204081633 0.0535714285714286 0.104591836734694 0.0816326530612245 0 0.0790816326530612
"terMex" 0.0790816326530612 0.0293367346938776 0.0331632653061225 0.0306122448979592 0.0191326530612245 0.0204081632653061 0.0153061224489796 0.0331632653061225 0.0357142857142857 0.0433673469387755 0.0267857142857143 0.024234693877551 0.0497448979591837 0.0625 0.0637755102040816 0.0127551020408163 0.0790816326530612 0
