"carIns" "cheAbi" "cheMyd" "cheSer" "chrPic" "cuoAmb" "cuoMcc" "derCor" "derMaw" "emySub" "malTer" "mesTub" "pelCas" "pelSin" "plaMeg" "podExp" "terMex"
"carIns" 0 0.115942028985507 0.102766798418972 0.106719367588933 0.110671936758893 0.105401844532279 0.105401844532279 0.104084321475626 0.115942028985507 0.16600790513834 0.106719367588933 0.144927536231884 0.155467720685112 0.13570487483531 0.106719367588933 0.173913043478261 0.104084321475626
"cheAbi" 0.115942028985507 0 0.0487483530961792 0.0487483530961792 0.0368906455862978 0.0316205533596838 0.0316205533596838 0.0487483530961792 0.0592885375494071 0.119894598155468 0.0355731225296443 0.102766798418972 0.122529644268775 0.111989459815547 0.0329380764163373 0.137022397891963 0.0342555994729908
"cheMyd" 0.102766798418972 0.0487483530961792 0 0.0368906455862978 0.0408432147562582 0.0434782608695652 0.0434782608695652 0.0210803689064559 0.0553359683794466 0.111989459815547 0.0395256916996047 0.0948616600790514 0.115942028985507 0.115942028985507 0.0395256916996047 0.134387351778656 0.0408432147562582
"cheSer" 0.106719367588933 0.0487483530961792 0.0368906455862978 0 0.0434782608695652 0.0434782608695652 0.0434782608695652 0.0395256916996047 0.0592885375494071 0.115942028985507 0.0421607378129117 0.0961791831357049 0.121212121212121 0.115942028985507 0.0395256916996047 0.140974967061924 0.0408432147562582
"chrPic" 0.110671936758893 0.0368906455862978 0.0408432147562582 0.0434782608695652 0 0.0289855072463768 0.0289855072463768 0.0408432147562582 0.0566534914361001 0.110671936758893 0.00922266139657444 0.0961791831357049 0.115942028985507 0.1133069828722 0.0223978919631094 0.134387351778656 0.0158102766798419
"cuoAmb" 0.105401844532279 0.0316205533596838 0.0434782608695652 0.0434782608695652 0.0289855072463768 0 0.00790513833992095 0.0434782608695652 0.0553359683794466 0.111989459815547 0.0276679841897233 0.0935441370223979 0.10935441370224 0.110671936758893 0.0250329380764163 0.130434782608696 0.0263504611330698
"cuoMcc" 0.105401844532279 0.0316205533596838 0.0434782608695652 0.0434782608695652 0.0289855072463768 0.00790513833992095 0 0.0434782608695652 0.0553359683794466 0.111989459815547 0.0276679841897233 0.0948616600790514 0.10935441370224 0.108036890645586 0.0250329380764163 0.130434782608696 0.0263504611330698
"derCor" 0.104084321475626 0.0487483530961792 0.0210803689064559 0.0395256916996047 0.0408432147562582 0.0434782608695652 0.0434782608695652 0 0.0527009222661397 0.105401844532279 0.0395256916996047 0.0935441370223979 0.111989459815547 0.1133069828722 0.0395256916996047 0.13570487483531 0.0408432147562582
"derMaw" 0.115942028985507 0.0592885375494071 0.0553359683794466 0.0592885375494071 0.0566534914361001 0.0553359683794466 0.0553359683794466 0.0527009222661397 0 0.129117259552042 0.0553359683794466 0.110671936758893 0.127799736495389 0.131752305665349 0.0513833992094862 0.147562582345191 0.0566534914361001
"emySub" 0.16600790513834 0.119894598155468 0.111989459815547 0.115942028985507 0.110671936758893 0.111989459815547 0.111989459815547 0.105401844532279 0.129117259552042 0 0.10935441370224 0.0843214756258235 0.110671936758893 0.162055335968379 0.111989459815547 0.134387351778656 0.110671936758893
"malTer" 0.106719367588933 0.0355731225296443 0.0395256916996047 0.0421607378129117 0.00922266139657444 0.0276679841897233 0.0276679841897233 0.0395256916996047 0.0553359683794466 0.10935441370224 0 0.0948616600790514 0.114624505928854 0.10935441370224 0.0210803689064559 0.133069828722003 0.0144927536231884
"mesTub" 0.144927536231884 0.102766798418972 0.0948616600790514 0.0961791831357049 0.0961791831357049 0.0935441370223979 0.0948616600790514 0.0935441370223979 0.110671936758893 0.0843214756258235 0.0948616600790514 0 0.110671936758893 0.147562582345191 0.0922266139657444 0.126482213438735 0.0935441370223979
"pelCas" 0.155467720685112 0.122529644268775 0.115942028985507 0.121212121212121 0.115942028985507 0.10935441370224 0.10935441370224 0.111989459815547 0.127799736495389 0.110671936758893 0.114624505928854 0.110671936758893 0 0.158102766798419 0.111989459815547 0.104084321475626 0.1133069828722
"pelSin" 0.13570487483531 0.111989459815547 0.115942028985507 0.115942028985507 0.1133069828722 0.110671936758893 0.108036890645586 0.1133069828722 0.131752305665349 0.162055335968379 0.10935441370224 0.147562582345191 0.158102766798419 0 0.10935441370224 0.160737812911726 0.105401844532279
"plaMeg" 0.106719367588933 0.0329380764163373 0.0395256916996047 0.0395256916996047 0.0223978919631094 0.0250329380764163 0.0250329380764163 0.0395256916996047 0.0513833992094862 0.111989459815547 0.0210803689064559 0.0922266139657444 0.111989459815547 0.10935441370224 0 0.129117259552042 0.0197628458498024
"podExp" 0.173913043478261 0.137022397891963 0.134387351778656 0.140974967061924 0.134387351778656 0.130434782608696 0.130434782608696 0.13570487483531 0.147562582345191 0.134387351778656 0.133069828722003 0.126482213438735 0.104084321475626 0.160737812911726 0.129117259552042 0 0.129117259552042
"terMex" 0.104084321475626 0.0342555994729908 0.0408432147562582 0.0408432147562582 0.0158102766798419 0.0263504611330698 0.0263504611330698 0.0408432147562582 0.0566534914361001 0.110671936758893 0.0144927536231884 0.0935441370223979 0.1133069828722 0.105401844532279 0.0197628458498024 0.129117259552042 0
