"carIns" "cheAbi" "cheMyd" "cheSer" "chrPic" "cuoAmb" "cuoMcc" "derCor" "derMaw" "emySub" "gopAga" "malTer" "mesTub" "pelCas" "pelSin" "plaMeg" "podExp" "terMex"
"carIns" 0 0.0777310924369748 0.0672268907563025 0.0756302521008403 0.0861344537815126 0.069327731092437 0.0672268907563025 0.0714285714285714 0.0819327731092437 0.0777310924369748 0.0714285714285714 0.0903361344537815 0.0819327731092437 0.092436974789916 0.123949579831933 0.0630252100840336 0.100840336134454 0.0798319327731092
"cheAbi" 0.0777310924369748 0 0.0504201680672269 0.0441176470588235 0.0504201680672269 0.0273109243697479 0.0273109243697479 0.0609243697478992 0.0588235294117647 0.0630252100840336 0.0336134453781513 0.0525210084033613 0.0714285714285714 0.0777310924369748 0.136554621848739 0.0294117647058824 0.0840336134453782 0.0420168067226891
"cheMyd" 0.0672268907563025 0.0504201680672269 0 0.0315126050420168 0.0525210084033613 0.0399159663865546 0.0399159663865546 0.0294117647058824 0.0441176470588235 0.0483193277310924 0.0504201680672269 0.0525210084033613 0.0651260504201681 0.0798319327731092 0.111344537815126 0.0273109243697479 0.0840336134453782 0.0420168067226891
"cheSer" 0.0756302521008403 0.0441176470588235 0.0315126050420168 0 0.046218487394958 0.0336134453781513 0.0336134453781513 0.0525210084033613 0.046218487394958 0.0504201680672269 0.0525210084033613 0.046218487394958 0.0651260504201681 0.0861344537815126 0.121848739495798 0.0252100840336134 0.0903361344537815 0.0399159663865546
"chrPic" 0.0861344537815126 0.0504201680672269 0.0525210084033613 0.046218487394958 0 0.0399159663865546 0.0399159663865546 0.0651260504201681 0.069327731092437 0.0546218487394958 0.0483193277310924 0.00840336134453781 0.0714285714285714 0.0819327731092437 0.140756302521008 0.0357142857142857 0.0966386554621849 0.0147058823529412
"cuoAmb" 0.069327731092437 0.0273109243697479 0.0399159663865546 0.0336134453781513 0.0399159663865546 0 0.00420168067226891 0.0525210084033613 0.0546218487394958 0.0525210084033613 0.0273109243697479 0.0420168067226891 0.0588235294117647 0.0714285714285714 0.119747899159664 0.023109243697479 0.0819327731092437 0.0315126050420168
"cuoMcc" 0.0672268907563025 0.0273109243697479 0.0399159663865546 0.0336134453781513 0.0399159663865546 0.00420168067226891 0 0.0525210084033613 0.0546218487394958 0.0525210084033613 0.023109243697479 0.0420168067226891 0.0546218487394958 0.0672268907563025 0.117647058823529 0.023109243697479 0.0777310924369748 0.0315126050420168
"derCor" 0.0714285714285714 0.0609243697478992 0.0294117647058824 0.0525210084033613 0.0651260504201681 0.0525210084033613 0.0525210084033613 0 0.0525210084033613 0.0609243697478992 0.0609243697478992 0.0651260504201681 0.0798319327731092 0.0819327731092437 0.121848739495798 0.0483193277310924 0.092436974789916 0.0588235294117647
"derMaw" 0.0819327731092437 0.0588235294117647 0.0441176470588235 0.046218487394958 0.069327731092437 0.0546218487394958 0.0546218487394958 0.0525210084033613 0 0.069327731092437 0.0630252100840336 0.069327731092437 0.0777310924369748 0.092436974789916 0.11344537815126 0.0546218487394958 0.0945378151260504 0.0609243697478992
"emySub" 0.0777310924369748 0.0630252100840336 0.0483193277310924 0.0504201680672269 0.0546218487394958 0.0525210084033613 0.0525210084033613 0.0609243697478992 0.069327731092437 0 0.0630252100840336 0.0609243697478992 0.0399159663865546 0.0504201680672269 0.128151260504202 0.046218487394958 0.0714285714285714 0.0546218487394958
"gopAga" 0.0714285714285714 0.0336134453781513 0.0504201680672269 0.0525210084033613 0.0483193277310924 0.0273109243697479 0.023109243697479 0.0609243697478992 0.0630252100840336 0.0630252100840336 0 0.0504201680672269 0.0630252100840336 0.0735294117647059 0.126050420168067 0.0378151260504202 0.0882352941176471 0.0420168067226891
"malTer" 0.0903361344537815 0.0525210084033613 0.0525210084033613 0.046218487394958 0.00840336134453781 0.0420168067226891 0.0420168067226891 0.0651260504201681 0.069327731092437 0.0609243697478992 0.0504201680672269 0 0.0756302521008403 0.0903361344537815 0.140756302521008 0.0357142857142857 0.100840336134454 0.0147058823529412
"mesTub" 0.0819327731092437 0.0714285714285714 0.0651260504201681 0.0651260504201681 0.0714285714285714 0.0588235294117647 0.0546218487394958 0.0798319327731092 0.0777310924369748 0.0399159663865546 0.0630252100840336 0.0756302521008403 0 0.0672268907563025 0.130252100840336 0.0588235294117647 0.0651260504201681 0.0651260504201681
"pelCas" 0.092436974789916 0.0777310924369748 0.0798319327731092 0.0861344537815126 0.0819327731092437 0.0714285714285714 0.0672268907563025 0.0819327731092437 0.092436974789916 0.0504201680672269 0.0735294117647059 0.0903361344537815 0.0672268907563025 0 0.147058823529412 0.0756302521008403 0.0672268907563025 0.0840336134453782
"pelSin" 0.123949579831933 0.136554621848739 0.111344537815126 0.121848739495798 0.140756302521008 0.119747899159664 0.117647058823529 0.121848739495798 0.11344537815126 0.128151260504202 0.126050420168067 0.140756302521008 0.130252100840336 0.147058823529412 0 0.126050420168067 0.147058823529412 0.132352941176471
"plaMeg" 0.0630252100840336 0.0294117647058824 0.0273109243697479 0.0252100840336134 0.0357142857142857 0.023109243697479 0.023109243697479 0.0483193277310924 0.0546218487394958 0.046218487394958 0.0378151260504202 0.0357142857142857 0.0588235294117647 0.0756302521008403 0.126050420168067 0 0.0840336134453782 0.0252100840336134
"podExp" 0.100840336134454 0.0840336134453782 0.0840336134453782 0.0903361344537815 0.0966386554621849 0.0819327731092437 0.0777310924369748 0.092436974789916 0.0945378151260504 0.0714285714285714 0.0882352941176471 0.100840336134454 0.0651260504201681 0.0672268907563025 0.147058823529412 0.0840336134453782 0 0.0903361344537815
"terMex" 0.0798319327731092 0.0420168067226891 0.0420168067226891 0.0399159663865546 0.0147058823529412 0.0315126050420168 0.0315126050420168 0.0588235294117647 0.0609243697478992 0.0546218487394958 0.0420168067226891 0.0147058823529412 0.0651260504201681 0.0840336134453782 0.132352941176471 0.0252100840336134 0.0903361344537815 0
