"cheAbi" "cheMyd" "cheSer" "chrPic" "cuoAmb" "cuoMcc" "derCor" "derMaw" "emySub" "gopAga" "malTer" "mesTub" "pelCas" "pelSin" "plaMeg" "podExp"
"cheAbi" 0 0.109795479009688 0.104413347685684 0.108719052744887 0.0979547900968784 0.0893433799784715 0.118406889128095 0.110871905274489 0.143164693218515 0.0893433799784715 0.106566200215285 0.143164693218515 0.139935414424112 0.133476856835307 0.10010764262648 0.138858988159311
"cheMyd" 0.109795479009688 0 0.0721205597416577 0.0839612486544672 0.0861141011840689 0.085037674919268 0.0721205597416577 0.0828848223896663 0.122712594187298 0.0807319698600646 0.0882669537136706 0.123789020452099 0.120559741657696 0.121636167922497 0.0807319698600646 0.120559741657696
"cheSer" 0.104413347685684 0.0721205597416577 0 0.0333692142088267 0.0279870828848224 0.0279870828848224 0.0344456404736276 0.031216361679225 0.0785791173304629 0.0322927879440258 0.0355220667384284 0.0796555435952637 0.0678148546824543 0.0990312163616792 0.0226049515608181 0.069967707212056
"chrPic" 0.108719052744887 0.0839612486544672 0.0333692142088267 0 0.0355220667384284 0.0365984930032293 0.0495156081808396 0.0495156081808396 0.0936490850376749 0.0344456404736276 0.0236813778256189 0.0904198062432723 0.0839612486544672 0.11194833153929 0.031216361679225 0.0818083961248654
"cuoAmb" 0.0979547900968784 0.0861141011840689 0.0279870828848224 0.0355220667384284 0 0.0172228202368138 0.0441334768568353 0.0430570505920344 0.0828848223896663 0.0279870828848224 0.0355220667384284 0.0839612486544672 0.077502691065662 0.108719052744887 0.0279870828848224 0.077502691065662
"cuoMcc" 0.0893433799784715 0.085037674919268 0.0279870828848224 0.0365984930032293 0.0172228202368138 0 0.0452099031216362 0.0419806243272336 0.0828848223896663 0.0236813778256189 0.0355220667384284 0.0785791173304629 0.0764262648008611 0.108719052744887 0.0279870828848224 0.0753498385360603
"derCor" 0.118406889128095 0.0721205597416577 0.0344456404736276 0.0495156081808396 0.0441334768568353 0.0452099031216362 0 0.0473627556512379 0.0904198062432723 0.0441334768568353 0.0495156081808396 0.0925726587728741 0.0861141011840689 0.115177610333692 0.0430570505920344 0.0839612486544672
"derMaw" 0.110871905274489 0.0828848223896663 0.031216361679225 0.0495156081808396 0.0430570505920344 0.0419806243272336 0.0473627556512379 0 0.0871905274488698 0.046286329386437 0.0505920344456405 0.0914962325080732 0.077502691065662 0.11302475780409 0.0365984930032293 0.0818083961248654
"emySub" 0.143164693218515 0.122712594187298 0.0785791173304629 0.0936490850376749 0.0828848223896663 0.0828848223896663 0.0904198062432723 0.0871905274488698 0 0.0893433799784715 0.0882669537136706 0.0430570505920344 0.069967707212056 0.135629709364909 0.0764262648008611 0.0764262648008611
"gopAga" 0.0893433799784715 0.0807319698600646 0.0322927879440258 0.0344456404736276 0.0279870828848224 0.0236813778256189 0.0441334768568353 0.046286329386437 0.0893433799784715 0 0.0398277717976319 0.0904198062432723 0.0807319698600646 0.107642626480086 0.0301399354144241 0.0828848223896663
"malTer" 0.106566200215285 0.0882669537136706 0.0355220667384284 0.0236813778256189 0.0355220667384284 0.0355220667384284 0.0495156081808396 0.0505920344456405 0.0882669537136706 0.0398277717976319 0 0.0818083961248654 0.0871905274488698 0.115177610333692 0.0355220667384284 0.0828848223896663
"mesTub" 0.143164693218515 0.123789020452099 0.0796555435952637 0.0904198062432723 0.0839612486544672 0.0785791173304629 0.0925726587728741 0.0914962325080732 0.0430570505920344 0.0904198062432723 0.0818083961248654 0 0.0764262648008611 0.144241119483315 0.0828848223896663 0.0828848223896663
"pelCas" 0.139935414424112 0.120559741657696 0.0678148546824543 0.0839612486544672 0.077502691065662 0.0764262648008611 0.0861141011840689 0.077502691065662 0.069967707212056 0.0807319698600646 0.0871905274488698 0.0764262648008611 0 0.130247578040904 0.0678148546824543 0.0376749192680301
"pelSin" 0.133476856835307 0.121636167922497 0.0990312163616792 0.11194833153929 0.108719052744887 0.108719052744887 0.115177610333692 0.11302475780409 0.135629709364909 0.107642626480086 0.115177610333692 0.144241119483315 0.130247578040904 0 0.0968783638320775 0.1248654467169
"plaMeg" 0.10010764262648 0.0807319698600646 0.0226049515608181 0.031216361679225 0.0279870828848224 0.0279870828848224 0.0430570505920344 0.0365984930032293 0.0764262648008611 0.0301399354144241 0.0355220667384284 0.0828848223896663 0.0678148546824543 0.0968783638320775 0 0.0678148546824543
"podExp" 0.138858988159311 0.120559741657696 0.069967707212056 0.0818083961248654 0.077502691065662 0.0753498385360603 0.0839612486544672 0.0818083961248654 0.0764262648008611 0.0828848223896663 0.0828848223896663 0.0828848223896663 0.0376749192680301 0.1248654467169 0.0678148546824543 0
