"carIns" "cheAbi" "cheMyd" "cheSer" "chrPic" "cuoAmb" "cuoMcc" "derCor" "derMaw" "emySub" "gopAga" "malTer" "mesTub" "pelCas" "pelSin" "plaMeg" "podExp" "terMex"
"carIns" 0 0.0484848484848485 0.0484848484848485 0.05 0.0454545454545455 0.0772727272727273 0.046969696969697 0.0772727272727273 0.0621212121212121 0.0590909090909091 0.0484848484848485 0.046969696969697 0.0636363636363636 0.0863636363636364 0.0651515151515152 0.131818181818182 0.0772727272727273 0.046969696969697
"cheAbi" 0.0484848484848485 0 0.0227272727272727 0.0272727272727273 0.0166666666666667 0.05 0.0136363636363636 0.0575757575757576 0.0378787878787879 0.0424242424242424 0.00909090909090909 0.0212121212121212 0.0439393939393939 0.0696969696969697 0.0621212121212121 0.103030303030303 0.0727272727272727 0.0166666666666667
"cheMyd" 0.0484848484848485 0.0227272727272727 0 0.0196969696969697 0.0151515151515152 0.0545454545454545 0.0181818181818182 0.0454545454545455 0.0333333333333333 0.0424242424242424 0.0196969696969697 0.0196969696969697 0.046969696969697 0.0666666666666667 0.0590909090909091 0.0893939393939394 0.0727272727272727 0.0151515151515152
"cheSer" 0.05 0.0272727272727273 0.0196969696969697 0 0.0196969696969697 0.053030303030303 0.0166666666666667 0.0545454545454545 0.0287878787878788 0.0439393939393939 0.0181818181818182 0.0242424242424242 0.0454545454545455 0.0742424242424242 0.0606060606060606 0.0939393939393939 0.0727272727272727 0.0136363636363636
"chrPic" 0.0454545454545455 0.0166666666666667 0.0151515151515152 0.0196969696969697 0 0.0515151515151515 0.0151515151515152 0.046969696969697 0.0287878787878788 0.0393939393939394 0.0166666666666667 0.00454545454545455 0.0439393939393939 0.0636363636363636 0.0575757575757576 0.0954545454545455 0.0696969696969697 0.00606060606060606
"cuoAmb" 0.0772727272727273 0.05 0.0545454545454545 0.053030303030303 0.0515151515151515 0 0.0393939393939394 0.0621212121212121 0.0727272727272727 0.0787878787878788 0.0409090909090909 0.0560606060606061 0.0803030303030303 0.1 0.0863636363636364 0.13030303030303 0.101515151515152 0.0484848484848485
"cuoMcc" 0.046969696969697 0.0136363636363636 0.0181818181818182 0.0166666666666667 0.0151515151515152 0.0393939393939394 0 0.053030303030303 0.0363636363636364 0.0439393939393939 0.00454545454545455 0.0196969696969697 0.0454545454545455 0.0712121212121212 0.0590909090909091 0.0954545454545455 0.0712121212121212 0.0121212121212121
"derCor" 0.0772727272727273 0.0575757575757576 0.0454545454545455 0.0545454545454545 0.046969696969697 0.0621212121212121 0.053030303030303 0 0.0651515151515152 0.0757575757575758 0.0545454545454545 0.0515151515151515 0.0787878787878788 0.0924242424242424 0.0833333333333333 0.13030303030303 0.096969696969697 0.05
"derMaw" 0.0621212121212121 0.0378787878787879 0.0333333333333333 0.0287878787878788 0.0287878787878788 0.0727272727272727 0.0363636363636364 0.0651515151515152 0 0.0545454545454545 0.0378787878787879 0.0333333333333333 0.0590909090909091 0.0833333333333333 0.0681818181818182 0.113636363636364 0.0833333333333333 0.0257575757575758
"emySub" 0.0590909090909091 0.0424242424242424 0.0424242424242424 0.0439393939393939 0.0393939393939394 0.0787878787878788 0.0439393939393939 0.0757575757575758 0.0545454545454545 0 0.0454545454545455 0.0439393939393939 0.0212121212121212 0.05 0.0621212121212121 0.11969696969697 0.0560606060606061 0.0363636363636364
"gopAga" 0.0484848484848485 0.00909090909090909 0.0196969696969697 0.0181818181818182 0.0166666666666667 0.0409090909090909 0.00454545454545455 0.0545454545454545 0.0378787878787879 0.0454545454545455 0 0.0212121212121212 0.0439393939393939 0.0727272727272727 0.0606060606060606 0.096969696969697 0.0727272727272727 0.0136363636363636
"malTer" 0.046969696969697 0.0212121212121212 0.0196969696969697 0.0242424242424242 0.00454545454545455 0.0560606060606061 0.0196969696969697 0.0515151515151515 0.0333333333333333 0.0439393939393939 0.0212121212121212 0 0.0484848484848485 0.0681818181818182 0.0621212121212121 0.096969696969697 0.0742424242424242 0.0106060606060606
"mesTub" 0.0636363636363636 0.0439393939393939 0.046969696969697 0.0454545454545455 0.0439393939393939 0.0803030303030303 0.0454545454545455 0.0787878787878788 0.0590909090909091 0.0212121212121212 0.0439393939393939 0.0484848484848485 0 0.0606060606060606 0.0651515151515152 0.121212121212121 0.0560606060606061 0.0378787878787879
"pelCas" 0.0863636363636364 0.0696969696969697 0.0666666666666667 0.0742424242424242 0.0636363636363636 0.1 0.0712121212121212 0.0924242424242424 0.0833333333333333 0.05 0.0727272727272727 0.0681818181818182 0.0606060606060606 0 0.0878787878787879 0.139393939393939 0.0666666666666667 0.0666666666666667
"pelSin" 0.0651515151515152 0.0621212121212121 0.0590909090909091 0.0606060606060606 0.0575757575757576 0.0863636363636364 0.0590909090909091 0.0833333333333333 0.0681818181818182 0.0621212121212121 0.0606060606060606 0.0621212121212121 0.0651515151515152 0.0878787878787879 0 0.134848484848485 0.0848484848484849 0.0545454545454545
"plaMeg" 0.131818181818182 0.103030303030303 0.0893939393939394 0.0939393939393939 0.0954545454545455 0.13030303030303 0.0954545454545455 0.13030303030303 0.113636363636364 0.11969696969697 0.096969696969697 0.096969696969697 0.121212121212121 0.139393939393939 0.134848484848485 0 0.15 0.0893939393939394
"podExp" 0.0772727272727273 0.0727272727272727 0.0727272727272727 0.0727272727272727 0.0696969696969697 0.101515151515152 0.0712121212121212 0.096969696969697 0.0833333333333333 0.0560606060606061 0.0727272727272727 0.0742424242424242 0.0560606060606061 0.0666666666666667 0.0848484848484849 0.15 0 0.0666666666666667
"terMex" 0.046969696969697 0.0166666666666667 0.0151515151515152 0.0136363636363636 0.00606060606060606 0.0484848484848485 0.0121212121212121 0.05 0.0257575757575758 0.0363636363636364 0.0136363636363636 0.0106060606060606 0.0378787878787879 0.0666666666666667 0.0545454545454545 0.0893939393939394 0.0666666666666667 0
