"carIns" "cheMyd" "cheSer" "chrPic" "cuoAmb" "cuoMcc" "derCor" "derMaw" "emySub" "gopAga" "malTer" "mesTub" "pelCas" "pelSin" "plaMeg" "podExp" "terMex"
"carIns" 0 0.154273029966704 0.136514983351831 0.140954495005549 0.175360710321865 0.287458379578246 0.196448390677026 0.155382907880133 0.166481687014428 0.144284128745838 0.142064372918979 0.156492785793563 0.166481687014428 0.16315205327414 0.140954495005549 0.169811320754717 0.140954495005549
"cheMyd" 0.154273029966704 0 0.0366259711431743 0.0388457269700333 0.133185349611543 0.240843507214206 0.146503884572697 0.051054384017758 0.0799112097669256 0.109877913429523 0.0399556048834628 0.0710321864594895 0.0865704772475028 0.0788013318534961 0.0421753607103219 0.0921198668146504 0.0377358490566038
"cheSer" 0.136514983351831 0.0366259711431743 0 0.0155382907880133 0.117647058823529 0.225305216426193 0.142064372918979 0.0344062153163152 0.0610432852386237 0.0921198668146504 0.0166481687014428 0.0543840177580466 0.0677025527192009 0.0643729189789123 0.0188679245283019 0.0754716981132075 0.0166481687014428
"chrPic" 0.140954495005549 0.0388457269700333 0.0155382907880133 0 0.11542730299667 0.221975582685905 0.144284128745838 0.0388457269700333 0.0632630410654828 0.0899001109877913 0.00332963374028857 0.0566037735849057 0.0699223085460599 0.0665926748057714 0.0144284128745838 0.0788013318534961 0.00776914539400666
"cuoAmb" 0.175360710321865 0.133185349611543 0.117647058823529 0.11542730299667 0 0.264150943396226 0.167591564927858 0.136514983351831 0.146503884572697 0.132075471698113 0.1165371809101 0.144284128745838 0.167591564927858 0.140954495005549 0.112097669256382 0.16204217536071 0.114317425083241
"cuoMcc" 0.287458379578246 0.240843507214206 0.225305216426193 0.221975582685905 0.264150943396226 0 0.277469478357381 0.227524972253052 0.248612652608213 0.251942286348502 0.223085460599334 0.250832408435072 0.264150943396226 0.237513873473918 0.217536071032186 0.254162042175361 0.224195338512764
"derCor" 0.196448390677026 0.146503884572697 0.142064372918979 0.144284128745838 0.167591564927858 0.277469478357381 0 0.16315205327414 0.176470588235294 0.16204217536071 0.147613762486127 0.169811320754717 0.187569367369589 0.165371809100999 0.144284128745838 0.180910099889012 0.144284128745838
"derMaw" 0.155382907880133 0.051054384017758 0.0344062153163152 0.0388457269700333 0.136514983351831 0.227524972253052 0.16315205327414 0 0.0699223085460599 0.113207547169811 0.0399556048834628 0.0665926748057714 0.0799112097669256 0.0776914539400666 0.0410654827968923 0.0899001109877913 0.0399556048834628
"emySub" 0.166481687014428 0.0799112097669256 0.0610432852386237 0.0632630410654828 0.146503884572697 0.248612652608213 0.176470588235294 0.0699223085460599 0 0.127635960044395 0.0643729189789123 0.0410654827968923 0.074361820199778 0.0921198668146504 0.0577136514983352 0.0699223085460599 0.0632630410654828
"gopAga" 0.144284128745838 0.109877913429523 0.0921198668146504 0.0899001109877913 0.132075471698113 0.251942286348502 0.16204217536071 0.113207547169811 0.127635960044395 0 0.0887902330743618 0.1165371809101 0.140954495005549 0.137624861265261 0.0887902330743618 0.13873473917869 0.0910099889012209
"malTer" 0.142064372918979 0.0399556048834628 0.0166481687014428 0.00332963374028857 0.1165371809101 0.223085460599334 0.147613762486127 0.0399556048834628 0.0643729189789123 0.0887902330743618 0 0.0577136514983352 0.0710321864594895 0.0699223085460599 0.0155382907880133 0.0799112097669256 0.00887902330743618
"mesTub" 0.156492785793563 0.0710321864594895 0.0543840177580466 0.0566037735849057 0.144284128745838 0.250832408435072 0.169811320754717 0.0665926748057714 0.0410654827968923 0.1165371809101 0.0577136514983352 0 0.0677025527192009 0.0899001109877913 0.0577136514983352 0.0710321864594895 0.0577136514983352
"pelCas" 0.166481687014428 0.0865704772475028 0.0677025527192009 0.0699223085460599 0.167591564927858 0.264150943396226 0.187569367369589 0.0799112097669256 0.074361820199778 0.140954495005549 0.0710321864594895 0.0677025527192009 0 0.110987791342952 0.0754716981132075 0.0710321864594895 0.0732519422863485
"pelSin" 0.16315205327414 0.0788013318534961 0.0643729189789123 0.0665926748057714 0.140954495005549 0.237513873473918 0.165371809100999 0.0776914539400666 0.0921198668146504 0.137624861265261 0.0699223085460599 0.0899001109877913 0.110987791342952 0 0.0621531631520533 0.107658157602664 0.0677025527192009
"plaMeg" 0.140954495005549 0.0421753607103219 0.0188679245283019 0.0144284128745838 0.112097669256382 0.217536071032186 0.144284128745838 0.0410654827968923 0.0577136514983352 0.0887902330743618 0.0155382907880133 0.0577136514983352 0.0754716981132075 0.0621531631520533 0 0.0732519422863485 0.0155382907880133
"podExp" 0.169811320754717 0.0921198668146504 0.0754716981132075 0.0788013318534961 0.16204217536071 0.254162042175361 0.180910099889012 0.0899001109877913 0.0699223085460599 0.13873473917869 0.0799112097669256 0.0710321864594895 0.0710321864594895 0.107658157602664 0.0732519422863485 0 0.0799112097669256
"terMex" 0.140954495005549 0.0377358490566038 0.0166481687014428 0.00776914539400666 0.114317425083241 0.224195338512764 0.144284128745838 0.0399556048834628 0.0632630410654828 0.0910099889012209 0.00887902330743618 0.0577136514983352 0.0732519422863485 0.0677025527192009 0.0155382907880133 0.0799112097669256 0
