"carIns" "cheAbi" "cheMyd" "cheSer" "chrPic" "cuoAmb" "cuoMcc" "derMaw" "emySub" "gopAga" "malTer" "mesTub" "pelCas" "plaMeg" "podExp"
"carIns" 0 0.0992844364937388 0.10912343470483 0.0876565295169946 0.0867620751341682 0.150268336314848 0.145796064400716 0.0966010733452594 0.0912343470483005 0.0912343470483005 0.0840787119856887 0.0974955277280859 0.110017889087657 0.0831842576028623 0.158318425760286
"cheAbi" 0.0992844364937388 0 0.0715563506261181 0.0483005366726297 0.0330948121645796 0.0957066189624329 0.0876565295169946 0.0599284436493739 0.0697674418604651 0.0250447227191413 0.0330948121645796 0.0822898032200358 0.0849731663685152 0.0304114490161002 0.144901610017889
"cheMyd" 0.10912343470483 0.0715563506261181 0 0.0670840787119857 0.0608228980322004 0.118067978533095 0.113595706618962 0.0769230769230769 0.0885509838998211 0.0706618962432916 0.0599284436493739 0.100178890876565 0.101073345259392 0.0590339892665474 0.159212880143113
"cheSer" 0.0876565295169946 0.0483005366726297 0.0670840787119857 0 0.037567084078712 0.107334525939177 0.101967799642218 0.0491949910554562 0.0626118067978533 0.0465116279069767 0.0348837209302326 0.0688729874776386 0.0813953488372093 0.0348837209302326 0.140429338103757
"chrPic" 0.0867620751341682 0.0330948121645796 0.0608228980322004 0.037567084078712 0 0.0912343470483005 0.0858676207513417 0.0500894454382826 0.0572450805008945 0.0286225402504472 0.00805008944543828 0.0661896243291592 0.075134168157424 0.016994633273703 0.133273703041145
"cuoAmb" 0.150268336314848 0.0957066189624329 0.118067978533095 0.107334525939177 0.0912343470483005 0 0.0849731663685152 0.119856887298748 0.121645796064401 0.090339892665474 0.0894454382826476 0.133273703041145 0.135957066189624 0.090339892665474 0.195885509838998
"cuoMcc" 0.145796064400716 0.0876565295169946 0.113595706618962 0.101967799642218 0.0858676207513417 0.0849731663685152 0 0.115384615384615 0.113595706618962 0.0822898032200358 0.0849731663685152 0.128801431127013 0.133273703041145 0.0831842576028623 0.191413237924866
"derMaw" 0.0966010733452594 0.0599284436493739 0.0769230769230769 0.0491949910554562 0.0500894454382826 0.119856887298748 0.115384615384615 0 0.075134168157424 0.0590339892665474 0.0465116279069767 0.0885509838998211 0.0930232558139535 0.0500894454382826 0.145796064400716
"emySub" 0.0912343470483005 0.0697674418604651 0.0885509838998211 0.0626118067978533 0.0572450805008945 0.121645796064401 0.113595706618962 0.075134168157424 0 0.0626118067978533 0.054561717352415 0.0366726296958855 0.0670840787119857 0.0536672629695885 0.120751341681574
"gopAga" 0.0912343470483005 0.0250447227191413 0.0706618962432916 0.0465116279069767 0.0286225402504472 0.090339892665474 0.0822898032200358 0.0590339892665474 0.0626118067978533 0 0.0295169946332737 0.0760286225402504 0.0831842576028623 0.0259391771019678 0.144901610017889
"malTer" 0.0840787119856887 0.0330948121645796 0.0599284436493739 0.0348837209302326 0.00805008944543828 0.0894454382826476 0.0849731663685152 0.0465116279069767 0.054561717352415 0.0295169946332737 0 0.0652951699463327 0.073345259391771 0.0178890876565295 0.132379248658318
"mesTub" 0.0974955277280859 0.0822898032200358 0.100178890876565 0.0688729874776386 0.0661896243291592 0.133273703041145 0.128801431127013 0.0885509838998211 0.0366726296958855 0.0760286225402504 0.0652951699463327 0 0.0787119856887299 0.0652951699463327 0.130590339892665
"pelCas" 0.110017889087657 0.0849731663685152 0.101073345259392 0.0813953488372093 0.075134168157424 0.135957066189624 0.133273703041145 0.0930232558139535 0.0670840787119857 0.0831842576028623 0.073345259391771 0.0787119856887299 0 0.0724508050089445 0.116279069767442
"plaMeg" 0.0831842576028623 0.0304114490161002 0.0590339892665474 0.0348837209302326 0.016994633273703 0.090339892665474 0.0831842576028623 0.0500894454382826 0.0536672629695885 0.0259391771019678 0.0178890876565295 0.0652951699463327 0.0724508050089445 0 0.132379248658318
"podExp" 0.158318425760286 0.144901610017889 0.159212880143113 0.140429338103757 0.133273703041145 0.195885509838998 0.191413237924866 0.145796064400716 0.120751341681574 0.144901610017889 0.132379248658318 0.130590339892665 0.116279069767442 0.132379248658318 0
