"carIns" "cheAbi" "cheMyd" "cheSer" "chrPic" "cuoAmb" "cuoMcc" "derCor" "derMaw" "emySub" "gopAga" "malTer" "mesTub" "pelCas" "pelSin" "plaMeg" "podExp" "terMex"
"carIns" 0 0.11214953271028 0.109198229217905 0.105263157894737 0.107968519429415 0.114363010329562 0.11214953271028 0.111657648794884 0.120511559272012 0.122970978848992 0.116330545991146 0.109444171175603 0.129857353664535 0.146581406787998 0.108214461387113 0.106246925725529 0.161829808165273 0.107722577471717
"cheAbi" 0.11214953271028 0 0.0482046237088047 0.0469749139203148 0.0339399901623217 0.0248401377274963 0.0243482538121003 0.0545991146089523 0.0609936055090999 0.0932120019675357 0.0211510083620266 0.0356615838662076 0.0996064928676832 0.115592720118052 0.0993605509099852 0.029513034923758 0.130841121495327 0.030004918839154
"cheMyd" 0.109198229217905 0.0482046237088047 0 0.0415641908509592 0.0423020167240531 0.0496802754549926 0.0489424495818987 0.0250860796851943 0.0555828824397442 0.0900147565174619 0.0504181013280866 0.044023610427939 0.0961633054599115 0.111903590752582 0.0946876537137236 0.0383669454008854 0.130595179537629 0.0391047712739793
"cheSer" 0.105263157894737 0.0469749139203148 0.0415641908509592 0 0.0403344810624693 0.0462370880472209 0.0467289719626168 0.0504181013280866 0.0516478111165765 0.0865715691096901 0.0496802754549926 0.0420560747663551 0.0927201180521397 0.109444171175603 0.0944417117560256 0.0339399901623217 0.127889818002951 0.0371372356123955
"chrPic" 0.107968519429415 0.0339399901623217 0.0423020167240531 0.0403344810624693 0 0.0341859321200197 0.0339399901623217 0.0501721593703886 0.0545991146089523 0.087555336940482 0.0373831775700935 0.00467289719626168 0.0944417117560256 0.110427939006394 0.0951795376291195 0.0216428922774225 0.128381701918347 0.0130349237579931
"cuoAmb" 0.114363010329562 0.0248401377274963 0.0496802754549926 0.0462370880472209 0.0341859321200197 0 0.00688637481554353 0.0548450565666503 0.0609936055090999 0.0922282341367437 0.029021151008362 0.0354156419085096 0.0976389572060994 0.114363010329562 0.0986227250368913 0.029021151008362 0.132316773241515 0.0302508607968519
"cuoMcc" 0.11214953271028 0.0243482538121003 0.0489424495818987 0.0467289719626168 0.0339399901623217 0.00688637481554353 0 0.0550909985243483 0.0607476635514019 0.0919822921790457 0.0282833251352681 0.0351696999508116 0.0969011313330054 0.113871126414166 0.0981308411214953 0.0282833251352681 0.130841121495327 0.030004918839154
"derCor" 0.111657648794884 0.0545991146089523 0.0250860796851943 0.0504181013280866 0.0501721593703886 0.0548450565666503 0.0550909985243483 0 0.0629611411706837 0.0949335956714215 0.058288243974422 0.0518937530742745 0.101819970486965 0.11706837186424 0.102557796360059 0.0454992621741269 0.135759960649287 0.0462370880472209
"derMaw" 0.120511559272012 0.0609936055090999 0.0555828824397442 0.0516478111165765 0.0545991146089523 0.0609936055090999 0.0607476635514019 0.0629611411706837 0 0.0993605509099852 0.0644367929168716 0.0558288243974422 0.104525332021643 0.120511559272012 0.103049680275455 0.0511559272011805 0.140678799803246 0.0506640432857846
"emySub" 0.122970978848992 0.0932120019675357 0.0900147565174619 0.0865715691096901 0.087555336940482 0.0922282341367437 0.0919822921790457 0.0949335956714215 0.0993605509099852 0 0.0956714215445155 0.088293162813576 0.0477127397934088 0.0855878012788982 0.110181997048697 0.0828824397442204 0.102803738317757 0.0846040334481062
"gopAga" 0.116330545991146 0.0211510083620266 0.0504181013280866 0.0496802754549926 0.0373831775700935 0.029021151008362 0.0282833251352681 0.058288243974422 0.0644367929168716 0.0956714215445155 0 0.0386128873585834 0.102311854402361 0.117806197737334 0.101574028529267 0.0319724545007378 0.134038366945401 0.0336940482046237
"malTer" 0.109444171175603 0.0356615838662076 0.044023610427939 0.0420560747663551 0.00467289719626168 0.0354156419085096 0.0351696999508116 0.0518937530742745 0.0558288243974422 0.088293162813576 0.0386128873585834 0 0.0951795376291195 0.111165764879488 0.0959173635022135 0.0233644859813084 0.129611411706837 0.0154943433349729
"mesTub" 0.129857353664535 0.0996064928676832 0.0961633054599115 0.0927201180521397 0.0944417117560256 0.0976389572060994 0.0969011313330054 0.101819970486965 0.104525332021643 0.0477127397934088 0.102311854402361 0.0951795376291195 0 0.0932120019675357 0.116822429906542 0.088539104771274 0.108214461387113 0.0902606984751599
"pelCas" 0.146581406787998 0.115592720118052 0.111903590752582 0.109444171175603 0.110427939006394 0.114363010329562 0.113871126414166 0.11706837186424 0.120511559272012 0.0855878012788982 0.117806197737334 0.111165764879488 0.0932120019675357 0 0.133546483030005 0.106246925725529 0.0978848991637973 0.107968519429415
"pelSin" 0.108214461387113 0.0993605509099852 0.0946876537137236 0.0944417117560256 0.0951795376291195 0.0986227250368913 0.0981308411214953 0.102557796360059 0.103049680275455 0.110181997048697 0.101574028529267 0.0959173635022135 0.116822429906542 0.133546483030005 0 0.0929660600098377 0.147073290703394 0.0924741760944417
"plaMeg" 0.106246925725529 0.029513034923758 0.0383669454008854 0.0339399901623217 0.0216428922774225 0.029021151008362 0.0282833251352681 0.0454992621741269 0.0511559272011805 0.0828824397442204 0.0319724545007378 0.0233644859813084 0.088539104771274 0.106246925725529 0.0929660600098377 0 0.124692572552878 0.0177078209542548
"podExp" 0.161829808165273 0.130841121495327 0.130595179537629 0.127889818002951 0.128381701918347 0.132316773241515 0.130841121495327 0.135759960649287 0.140678799803246 0.102803738317757 0.134038366945401 0.129611411706837 0.108214461387113 0.0978848991637973 0.147073290703394 0.124692572552878 0 0.125676340383669
"terMex" 0.107722577471717 0.030004918839154 0.0391047712739793 0.0371372356123955 0.0130349237579931 0.0302508607968519 0.030004918839154 0.0462370880472209 0.0506640432857846 0.0846040334481062 0.0336940482046237 0.0154943433349729 0.0902606984751599 0.107968519429415 0.0924741760944417 0.0177078209542548 0.125676340383669 0
