"cheAbi" "cheMyd" "chrPic" "cuoMcc" "derCor" "derMaw" "emySub" "gopAga" "malTer" "mesTub" "pelCas" "pelSin" "plaMeg" "terMex"
"cheAbi" 0 0.0435296900875325 0.0340667139815472 0.0290986515259049 0.04518571090608 0.0494440501537734 0.0648213863259995 0.0307546723444523 0.035486160397445 0.0719186184054885 0.0731014904187367 0.078069552874379 0.0338301395788976 0.0364324580080435
"cheMyd" 0.0435296900875325 0 0.032883841968299 0.0357227348000946 0.02578660988881 0.0272060563047078 0.0480246037378756 0.0371421812159924 0.0222379938490655 0.0553584102200142 0.0532292405961675 0.0615093446889047 0.0175065057960729 0.0385616276318902
"chrPic" 0.0340667139815472 0.032883841968299 0 0.0196356754199196 0.0281523539153064 0.0395079252424888 0.0563047078306127 0.0224745682517152 0.0151407617695765 0.0643482375207003 0.0657676839365981 0.0726283416134374 0.0234208658623137 0.0151407617695765
"cuoMcc" 0.0290986515259049 0.0357227348000946 0.0196356754199196 0 0.0302815235391531 0.0416370948663355 0.0603264726756565 0.0227111426543648 0.0293352259285545 0.0686065767683937 0.0674237047551455 0.0731014904187367 0.02578660988881 0.021291696238467
"derCor" 0.04518571090608 0.02578660988881 0.0281523539153064 0.0302815235391531 0 0.0411639460610362 0.061272770286255 0.032883841968299 0.0378519044239413 0.0674237047551455 0.0667139815471966 0.0745209368346345 0.0333569907735983 0.0333569907735983
"derMaw" 0.0494440501537734 0.0272060563047078 0.0395079252424888 0.0416370948663355 0.0411639460610362 0 0.0508634965696712 0.0442394132954814 0.0286255027206056 0.0600898982730069 0.0581973030518098 0.0652945351312988 0.0234208658623137 0.0442394132954814
"emySub" 0.0648213863259995 0.0480246037378756 0.0563047078306127 0.0603264726756565 0.061272770286255 0.0508634965696712 0 0.0615093446889047 0.0473148805299267 0.0276792051100071 0.0442394132954814 0.0702625975869411 0.0440028388928318 0.0617459190915543
"gopAga" 0.0307546723444523 0.0371421812159924 0.0224745682517152 0.0227111426543648 0.032883841968299 0.0442394132954814 0.0615093446889047 0 0.0307546723444523 0.068370002365744 0.0681334279630944 0.0773598296664301 0.0279157795126567 0.0286255027206056
"malTer" 0.035486160397445 0.0222379938490655 0.0151407617695765 0.0293352259285545 0.0378519044239413 0.0286255027206056 0.0473148805299267 0.0307546723444523 0 0.0558315590253135 0.0560681334279631 0.0626922167021528 0.0120652945351313 0.0262597586941093
"mesTub" 0.0719186184054885 0.0553584102200142 0.0643482375207003 0.0686065767683937 0.0674237047551455 0.0600898982730069 0.0276792051100071 0.068370002365744 0.0558315590253135 0 0.0527560917908682 0.0768866808611308 0.052282942985569 0.0662408327418973
"pelCas" 0.0731014904187367 0.0532292405961675 0.0657676839365981 0.0674237047551455 0.0667139815471966 0.0581973030518098 0.0442394132954814 0.0681334279630944 0.0560681334279631 0.0527560917908682 0 0.0719186184054885 0.0511000709723208 0.0702625975869411
"pelSin" 0.078069552874379 0.0615093446889047 0.0726283416134374 0.0731014904187367 0.0745209368346345 0.0652945351312988 0.0702625975869411 0.0773598296664301 0.0626922167021528 0.0768866808611308 0.0719186184054885 0 0.0603264726756565 0.0749940856399338
"plaMeg" 0.0338301395788976 0.0175065057960729 0.0234208658623137 0.02578660988881 0.0333569907735983 0.0234208658623137 0.0440028388928318 0.0279157795126567 0.0120652945351313 0.052282942985569 0.0511000709723208 0.0603264726756565 0 0.0288620771232553
"terMex" 0.0364324580080435 0.0385616276318902 0.0151407617695765 0.021291696238467 0.0333569907735983 0.0442394132954814 0.0617459190915543 0.0286255027206056 0.0262597586941093 0.0662408327418973 0.0702625975869411 0.0749940856399338 0.0288620771232553 0
