"carIns" "cheAbi" "cheMyd" "cheSer" "chrPic" "cuoAmb" "cuoMcc" "derCor" "emySub" "gopAga" "mesTub" "pelCas" "pelSin" "plaMeg" "podExp" "terMex"
"carIns" 0 0.0881642512077295 0.0857487922705314 0.102657004830918 0.0809178743961353 0.0833333333333333 0.0821256038647343 0.115942028985507 0.0954106280193237 0.0881642512077295 0.0917874396135266 0.10024154589372 0.0845410628019324 0.0845410628019324 0.111111111111111 0.0821256038647343
"cheAbi" 0.0881642512077295 0 0.0205314009661836 0.03743961352657 0.00966183574879227 0.00966183574879227 0.0108695652173913 0.0519323671497585 0.0519323671497585 0.0120772946859903 0.0458937198067633 0.0652173913043478 0.0652173913043478 0.0144927536231884 0.071256038647343 0.0132850241545894
"cheMyd" 0.0857487922705314 0.0205314009661836 0 0.036231884057971 0.0132850241545894 0.0181159420289855 0.0169082125603865 0.0338164251207729 0.0495169082125604 0.0229468599033816 0.0434782608695652 0.0615942028985507 0.0628019323671498 0.0181159420289855 0.070048309178744 0.0169082125603865
"cheSer" 0.102657004830918 0.03743961352657 0.036231884057971 0 0.0314009661835749 0.0326086956521739 0.0314009661835749 0.0664251207729469 0.0652173913043478 0.03743961352657 0.0615942028985507 0.0736714975845411 0.071256038647343 0.0338164251207729 0.0893719806763285 0.0326086956521739
"chrPic" 0.0809178743961353 0.00966183574879227 0.0132850241545894 0.0314009661835749 0 0.0072463768115942 0.00603864734299517 0.0446859903381642 0.0458937198067633 0.0120772946859903 0.0398550724637681 0.0603864734299517 0.0579710144927536 0.0072463768115942 0.0688405797101449 0.0036231884057971
"cuoAmb" 0.0833333333333333 0.00966183574879227 0.0181159420289855 0.0326086956521739 0.0072463768115942 0 0.00120772946859903 0.0495169082125604 0.0483091787439614 0.00966183574879227 0.0422705314009662 0.0615942028985507 0.0591787439613527 0.00966183574879227 0.0688405797101449 0.00845410628019324
"cuoMcc" 0.0821256038647343 0.0108695652173913 0.0169082125603865 0.0314009661835749 0.00603864734299517 0.00120772946859903 0 0.0483091787439614 0.0471014492753623 0.0108695652173913 0.0410628019323672 0.0603864734299517 0.0579710144927536 0.00845410628019324 0.070048309178744 0.0072463768115942
"derCor" 0.115942028985507 0.0519323671497585 0.0338164251207729 0.0664251207729469 0.0446859903381642 0.0495169082125604 0.0483091787439614 0 0.0785024154589372 0.0531400966183575 0.072463768115942 0.0917874396135266 0.0917874396135266 0.0495169082125604 0.10024154589372 0.0483091787439614
"emySub" 0.0954106280193237 0.0519323671497585 0.0495169082125604 0.0652173913043478 0.0458937198067633 0.0483091787439614 0.0471014492753623 0.0785024154589372 0 0.0531400966183575 0.00845410628019324 0.0458937198067633 0.0797101449275362 0.0458937198067633 0.0483091787439614 0.0471014492753623
"gopAga" 0.0881642512077295 0.0120772946859903 0.0229468599033816 0.03743961352657 0.0120772946859903 0.00966183574879227 0.0108695652173913 0.0531400966183575 0.0531400966183575 0 0.0471014492753623 0.0652173913043478 0.0640096618357488 0.0132850241545894 0.071256038647343 0.0108695652173913
"mesTub" 0.0917874396135266 0.0458937198067633 0.0434782608695652 0.0615942028985507 0.0398550724637681 0.0422705314009662 0.0410628019323672 0.072463768115942 0.00845410628019324 0.0471014492753623 0 0.0422705314009662 0.0736714975845411 0.0398550724637681 0.0434782608695652 0.0410628019323672
"pelCas" 0.10024154589372 0.0652173913043478 0.0615942028985507 0.0736714975845411 0.0603864734299517 0.0615942028985507 0.0603864734299517 0.0917874396135266 0.0458937198067633 0.0652173913043478 0.0422705314009662 0 0.0905797101449275 0.0603864734299517 0.0386473429951691 0.0615942028985507
"pelSin" 0.0845410628019324 0.0652173913043478 0.0628019323671498 0.071256038647343 0.0579710144927536 0.0591787439613527 0.0579710144927536 0.0917874396135266 0.0797101449275362 0.0640096618357488 0.0736714975845411 0.0905797101449275 0 0.0615942028985507 0.0990338164251208 0.0591787439613527
"plaMeg" 0.0845410628019324 0.0144927536231884 0.0181159420289855 0.0338164251207729 0.0072463768115942 0.00966183574879227 0.00845410628019324 0.0495169082125604 0.0458937198067633 0.0132850241545894 0.0398550724637681 0.0603864734299517 0.0615942028985507 0 0.0688405797101449 0.00603864734299517
"podExp" 0.111111111111111 0.071256038647343 0.070048309178744 0.0893719806763285 0.0688405797101449 0.0688405797101449 0.070048309178744 0.10024154589372 0.0483091787439614 0.071256038647343 0.0434782608695652 0.0386473429951691 0.0990338164251208 0.0688405797101449 0 0.070048309178744
"terMex" 0.0821256038647343 0.0132850241545894 0.0169082125603865 0.0326086956521739 0.0036231884057971 0.00845410628019324 0.0072463768115942 0.0483091787439614 0.0471014492753623 0.0108695652173913 0.0410628019323672 0.0615942028985507 0.0591787439613527 0.00603864734299517 0.070048309178744 0
