"cheAbi" "chrPic" "cuoAmb" "cuoMcc" "emySub" "malTer" "mesTub" "plaMeg" "podExp" "terMex"
"cheAbi" 0 0.0201550387596899 0.0155038759689922 0.0160206718346253 0.0630490956072351 0.0232558139534884 0.0630490956072351 0.0227390180878553 0.0868217054263566 0.0186046511627907
"chrPic" 0.0201550387596899 0 0.0160206718346253 0.0165374677002584 0.0589147286821705 0.00516795865633075 0.0609819121447028 0.0155038759689922 0.082687338501292 0.00878552971576227
"cuoAmb" 0.0155038759689922 0.0160206718346253 0 0.00361757105943152 0.0630490956072351 0.0191214470284238 0.0640826873385013 0.0186046511627907 0.0847545219638243 0.0144702842377261
"cuoMcc" 0.0160206718346253 0.0165374677002584 0.00361757105943152 0 0.0630490956072351 0.0196382428940568 0.0640826873385013 0.0191214470284238 0.0847545219638243 0.0149870801033592
"emySub" 0.0630490956072351 0.0589147286821705 0.0630490956072351 0.0630490956072351 0 0.0614987080103359 0.0366925064599483 0.0625322997416021 0.0764857881136951 0.0604651162790698
"malTer" 0.0232558139534884 0.00516795865633075 0.0191214470284238 0.0196382428940568 0.0614987080103359 0 0.0645994832041344 0.0186046511627907 0.0842377260981912 0.0118863049095607
"mesTub" 0.0630490956072351 0.0609819121447028 0.0640826873385013 0.0640826873385013 0.0366925064599483 0.0645994832041344 0 0.0640826873385013 0.0806201550387597 0.0604651162790698
"plaMeg" 0.0227390180878553 0.0155038759689922 0.0186046511627907 0.0191214470284238 0.0625322997416021 0.0186046511627907 0.0640826873385013 0 0.0847545219638243 0.0144702842377261
"podExp" 0.0868217054263566 0.082687338501292 0.0847545219638243 0.0847545219638243 0.0764857881136951 0.0842377260981912 0.0806201550387597 0.0847545219638243 0 0.0821705426356589
"terMex" 0.0186046511627907 0.00878552971576227 0.0144702842377261 0.0149870801033592 0.0604651162790698 0.0118863049095607 0.0604651162790698 0.0144702842377261 0.0821705426356589 0
