"carIns" "cheAbi" "cheMyd" "chrPic" "cuoAmb" "cuoMcc" "derCor" "derMaw" "emySub" "gopAga" "malTer" "mesTub" "pelCas" "pelSin" "plaMeg" "podExp" "terMex"
"carIns" 0 0.129113924050633 0.113924050632911 0.116455696202532 0.118987341772152 0.118987341772152 0.116455696202532 0.121518987341772 0.19493670886076 0.116455696202532 0.121518987341772 0.154430379746835 0.222784810126582 0.144303797468354 0.116455696202532 0.225316455696203 0.121518987341772
"cheAbi" 0.129113924050633 0 0.0481012658227848 0.040506329113924 0.0379746835443038 0.0379746835443038 0.0531645569620253 0.0506329113924051 0.129113924050633 0.0253164556962025 0.040506329113924 0.10379746835443 0.162025316455696 0.106329113924051 0.040506329113924 0.172151898734177 0.040506329113924
"cheMyd" 0.113924050632911 0.0481012658227848 0 0.0379746835443038 0.0354430379746835 0.0354430379746835 0.0151898734177215 0.0430379746835443 0.118987341772152 0.0329113924050633 0.0379746835443038 0.0860759493670886 0.141772151898734 0.0911392405063291 0.0379746835443038 0.167088607594937 0.0379746835443038
"chrPic" 0.116455696202532 0.040506329113924 0.0379746835443038 0 0.0278481012658228 0.0278481012658228 0.0379746835443038 0.0354430379746835 0.124050632911392 0.0253164556962025 0.00506329113924051 0.0911392405063291 0.151898734177215 0.0962025316455696 0.0151898734177215 0.172151898734177 0.0151898734177215
"cuoAmb" 0.118987341772152 0.0379746835443038 0.0354430379746835 0.0278481012658228 0 0.00506329113924051 0.040506329113924 0.0379746835443038 0.129113924050633 0.0227848101265823 0.0227848101265823 0.0911392405063291 0.149367088607595 0.0911392405063291 0.0278481012658228 0.172151898734177 0.0278481012658228
"cuoMcc" 0.118987341772152 0.0379746835443038 0.0354430379746835 0.0278481012658228 0.00506329113924051 0 0.040506329113924 0.0379746835443038 0.129113924050633 0.0227848101265823 0.0227848101265823 0.0911392405063291 0.146835443037975 0.0911392405063291 0.0278481012658228 0.172151898734177 0.0278481012658228
"derCor" 0.116455696202532 0.0531645569620253 0.0151898734177215 0.0379746835443038 0.040506329113924 0.040506329113924 0 0.0430379746835443 0.124050632911392 0.0379746835443038 0.0379746835443038 0.0860759493670886 0.144303797468354 0.0911392405063291 0.0379746835443038 0.167088607594937 0.0379746835443038
"derMaw" 0.121518987341772 0.0506329113924051 0.0430379746835443 0.0354430379746835 0.0379746835443038 0.0379746835443038 0.0430379746835443 0 0.131645569620253 0.0354430379746835 0.0354430379746835 0.0962025316455696 0.154430379746835 0.0987341772151899 0.0354430379746835 0.174683544303797 0.0354430379746835
"emySub" 0.19493670886076 0.129113924050633 0.118987341772152 0.124050632911392 0.129113924050633 0.129113924050633 0.124050632911392 0.131645569620253 0 0.126582278481013 0.124050632911392 0.0987341772151899 0.141772151898734 0.167088607594937 0.124050632911392 0.139240506329114 0.124050632911392
"gopAga" 0.116455696202532 0.0253164556962025 0.0329113924050633 0.0253164556962025 0.0227848101265823 0.0227848101265823 0.0379746835443038 0.0354430379746835 0.126582278481013 0 0.0253164556962025 0.0886075949367089 0.146835443037975 0.0936708860759494 0.0253164556962025 0.169620253164557 0.0253164556962025
"malTer" 0.121518987341772 0.040506329113924 0.0379746835443038 0.00506329113924051 0.0227848101265823 0.0227848101265823 0.0379746835443038 0.0354430379746835 0.124050632911392 0.0253164556962025 0 0.0911392405063291 0.146835443037975 0.0911392405063291 0.0151898734177215 0.167088607594937 0.0151898734177215
"mesTub" 0.154430379746835 0.10379746835443 0.0860759493670886 0.0911392405063291 0.0911392405063291 0.0911392405063291 0.0860759493670886 0.0962025316455696 0.0987341772151899 0.0886075949367089 0.0911392405063291 0 0.139240506329114 0.141772151898734 0.0911392405063291 0.149367088607595 0.0911392405063291
"pelCas" 0.222784810126582 0.162025316455696 0.141772151898734 0.151898734177215 0.149367088607595 0.146835443037975 0.144303797468354 0.154430379746835 0.141772151898734 0.146835443037975 0.146835443037975 0.139240506329114 0 0.182278481012658 0.149367088607595 0.149367088607595 0.146835443037975
"pelSin" 0.144303797468354 0.106329113924051 0.0911392405063291 0.0962025316455696 0.0911392405063291 0.0911392405063291 0.0911392405063291 0.0987341772151899 0.167088607594937 0.0936708860759494 0.0911392405063291 0.141772151898734 0.182278481012658 0 0.0936708860759494 0.212658227848101 0.0936708860759494
"plaMeg" 0.116455696202532 0.040506329113924 0.0379746835443038 0.0151898734177215 0.0278481012658228 0.0278481012658228 0.0379746835443038 0.0354430379746835 0.124050632911392 0.0253164556962025 0.0151898734177215 0.0911392405063291 0.149367088607595 0.0936708860759494 0 0.172151898734177 0.010126582278481
"podExp" 0.225316455696203 0.172151898734177 0.167088607594937 0.172151898734177 0.172151898734177 0.172151898734177 0.167088607594937 0.174683544303797 0.139240506329114 0.169620253164557 0.167088607594937 0.149367088607595 0.149367088607595 0.212658227848101 0.172151898734177 0 0.172151898734177
"terMex" 0.121518987341772 0.040506329113924 0.0379746835443038 0.0151898734177215 0.0278481012658228 0.0278481012658228 0.0379746835443038 0.0354430379746835 0.124050632911392 0.0253164556962025 0.0151898734177215 0.0911392405063291 0.146835443037975 0.0936708860759494 0.010126582278481 0.172151898734177 0
