"carIns" "cheAbi" "cheSer" "chrPic" "cuoMcc" "derCor" "derMaw" "emySub" "malTer" "mesTub" "pelCas" "plaMeg" "podExp" "terMex"
"carIns" 0 0.121951219512195 0.120842572062084 0.114190687361419 0.117516629711752 0.131929046563193 0.125277161862528 0.162971175166297 0.332594235033259 0.162971175166297 0.158536585365854 0.116407982261641 0.155210643015521 0.123059866962306
"cheAbi" 0.121951219512195 0 0.0376940133037694 0.0376940133037694 0.0221729490022173 0.0842572062084257 0.0665188470066519 0.123059866962306 0.29490022172949 0.108647450110865 0.114190687361419 0.0354767184035477 0.119733924611973 0.0498891352549889
"cheSer" 0.120842572062084 0.0376940133037694 0 0.0421286031042129 0.0399113082039911 0.0798226164079823 0.0609756097560976 0.114190687361419 0.292682926829268 0.104212860310421 0.114190687361419 0.0388026607538803 0.117516629711752 0.0521064301552106
"chrPic" 0.114190687361419 0.0376940133037694 0.0421286031042129 0 0.0332594235033259 0.0853658536585366 0.0687361419068736 0.113082039911308 0.279379157427938 0.107538802660754 0.114190687361419 0.0221729490022173 0.119733924611973 0.0343680709534368
"cuoMcc" 0.117516629711752 0.0221729490022173 0.0399113082039911 0.0332594235033259 0 0.0875831485587583 0.0665188470066519 0.125277161862528 0.287139689578714 0.11529933481153 0.119733924611973 0.0354767184035477 0.125277161862528 0.0498891352549889
"derCor" 0.131929046563193 0.0842572062084257 0.0798226164079823 0.0853658536585366 0.0875831485587583 0 0.106430155210643 0.139689578713969 0.32039911308204 0.145232815964523 0.144124168514412 0.082039911308204 0.145232815964523 0.0875831485587583
"derMaw" 0.125277161862528 0.0665188470066519 0.0609756097560976 0.0687361419068736 0.0665188470066519 0.106430155210643 0 0.139689578713969 0.310421286031042 0.131929046563193 0.135254988913525 0.0698447893569845 0.144124168514412 0.0798226164079823
"emySub" 0.162971175166297 0.123059866962306 0.114190687361419 0.113082039911308 0.125277161862528 0.139689578713969 0.139689578713969 0 0.330376940133038 0.0875831485587583 0.11529933481153 0.11529933481153 0.11529933481153 0.121951219512195
"malTer" 0.332594235033259 0.29490022172949 0.292682926829268 0.279379157427938 0.287139689578714 0.32039911308204 0.310421286031042 0.330376940133038 0 0.315964523281596 0.331485587583149 0.286031042128603 0.328159645232816 0.291574279379157
"mesTub" 0.162971175166297 0.108647450110865 0.104212860310421 0.107538802660754 0.11529933481153 0.145232815964523 0.131929046563193 0.0875831485587583 0.315964523281596 0 0.0942350332594235 0.106430155210643 0.110864745011086 0.119733924611973
"pelCas" 0.158536585365854 0.114190687361419 0.114190687361419 0.114190687361419 0.119733924611973 0.144124168514412 0.135254988913525 0.11529933481153 0.331485587583149 0.0942350332594235 0 0.11529933481153 0.0609756097560976 0.127494456762749
"plaMeg" 0.116407982261641 0.0354767184035477 0.0388026607538803 0.0221729490022173 0.0354767184035477 0.082039911308204 0.0698447893569845 0.11529933481153 0.286031042128603 0.106430155210643 0.11529933481153 0 0.121951219512195 0.0376940133037694
"podExp" 0.155210643015521 0.119733924611973 0.117516629711752 0.119733924611973 0.125277161862528 0.145232815964523 0.144124168514412 0.11529933481153 0.328159645232816 0.110864745011086 0.0609756097560976 0.121951219512195 0 0.133037694013304
"terMex" 0.123059866962306 0.0498891352549889 0.0521064301552106 0.0343680709534368 0.0498891352549889 0.0875831485587583 0.0798226164079823 0.121951219512195 0.291574279379157 0.119733924611973 0.127494456762749 0.0376940133037694 0.133037694013304 0
