"carIns" "cheAbi" "cheMyd" "cheSer" "chrPic" "cuoAmb" "cuoMcc" "derCor" "derMaw" "emySub" "gopAga" "mesTub" "pelCas" "pelSin" "plaMeg" "podExp" "terMex"
"carIns" 0 0.0611798980335033 0.0928623452294246 0.0808448652585579 0.0579024034959942 0.105608157319738 0.0589949016751639 0.0615440640932265 0.0589949016751639 0.0593590677348871 0.0600873998543336 0.062272396212673 0.0695557174071377 0.0651857246904588 0.056081573197378 0.0750182083029862 0.0557174071376548
"cheAbi" 0.0611798980335033 0 0.0600873998543336 0.0506190823015295 0.0200291332847779 0.0644573925710124 0.0131099781500364 0.0284049526584122 0.0309541150764749 0.0360524399126001 0.00910415149308084 0.0407865986890022 0.0506190823015295 0.0538965768390386 0.0167516387472688 0.0564457392571012 0.0178441369264385
"cheMyd" 0.0928623452294246 0.0600873998543336 0 0.0790240349599417 0.056081573197378 0.104151493080845 0.056081573197378 0.0520757465404224 0.0626365622723962 0.0666423889293518 0.0575382374362709 0.0702840495265841 0.0790240349599417 0.0790240349599417 0.0520757465404224 0.0877640203932993 0.0538965768390386
"cheSer" 0.0808448652585579 0.0506190823015295 0.0790240349599417 0 0.0447924253459578 0.0968681718863802 0.0462490895848507 0.0455207574654042 0.0469774217042972 0.0546249089584851 0.0469774217042972 0.0593590677348871 0.0680990531682447 0.0695557174071377 0.0422432629278951 0.0761107064821559 0.0436999271667881
"chrPic" 0.0579024034959942 0.0200291332847779 0.056081573197378 0.0447924253459578 0 0.067006554989075 0.0160233066278223 0.0229424617625637 0.0254916241806264 0.0316824471959213 0.0167516387472688 0.0371449380917698 0.0458849235251275 0.0484340859431901 0.0120174799708667 0.0531682447195921 0.00655498907501821
"cuoAmb" 0.105608157319738 0.0644573925710124 0.104151493080845 0.0968681718863802 0.067006554989075 0 0.0589949016751639 0.0750182083029862 0.0775673707210488 0.0815731973780044 0.0626365622723962 0.0863073561544064 0.0946831755280408 0.0975965040058267 0.0640932265112892 0.100509832483613 0.0640932265112892
"cuoMcc" 0.0589949016751639 0.0131099781500364 0.056081573197378 0.0462490895848507 0.0160233066278223 0.0589949016751639 0 0.0240349599417334 0.0276766205389658 0.0324107793153678 0.0101966496722505 0.0371449380917698 0.045156591405681 0.0506190823015295 0.0127458120903132 0.0517115804806992 0.0138383102694829
"derCor" 0.0615440640932265 0.0284049526584122 0.0520757465404224 0.0455207574654042 0.0229424617625637 0.0750182083029862 0.0240349599417334 0 0.0294974508375819 0.0349599417334304 0.0258557902403496 0.0382374362709395 0.0458849235251275 0.0506190823015295 0.0203932993445011 0.0542607428987618 0.0207574654042243
"derMaw" 0.0589949016751639 0.0309541150764749 0.0626365622723962 0.0469774217042972 0.0254916241806264 0.0775673707210488 0.0276766205389658 0.0294974508375819 0 0.0375091041514931 0.0287691187181355 0.040422432629279 0.0491624180626366 0.0535324107793154 0.0229424617625637 0.056081573197378 0.023306627822287
"emySub" 0.0593590677348871 0.0360524399126001 0.0666423889293518 0.0546249089584851 0.0316824471959213 0.0815731973780044 0.0324107793153678 0.0349599417334304 0.0375091041514931 0 0.0338674435542607 0.0156591405680991 0.0284049526584122 0.0502549162418063 0.0287691187181355 0.0382374362709395 0.0302257829570284
"gopAga" 0.0600873998543336 0.00910415149308084 0.0575382374362709 0.0469774217042972 0.0167516387472688 0.0626365622723962 0.0101966496722505 0.0258557902403496 0.0287691187181355 0.0338674435542607 0 0.0386016023306628 0.0480699198834669 0.0517115804806992 0.0142024763292061 0.0542607428987618 0.0152949745083758
"mesTub" 0.062272396212673 0.0407865986890022 0.0702840495265841 0.0593590677348871 0.0371449380917698 0.0863073561544064 0.0371449380917698 0.0382374362709395 0.040422432629279 0.0156591405680991 0.0386016023306628 0 0.0349599417334304 0.0557174071376548 0.0331391114348143 0.0433357611070648 0.0349599417334304
"pelCas" 0.0695557174071377 0.0506190823015295 0.0790240349599417 0.0680990531682447 0.0458849235251275 0.0946831755280408 0.045156591405681 0.0458849235251275 0.0491624180626366 0.0284049526584122 0.0480699198834669 0.0349599417334304 0 0.0611798980335033 0.0418790968681719 0.0367807720320466 0.0436999271667881
"pelSin" 0.0651857246904588 0.0538965768390386 0.0790240349599417 0.0695557174071377 0.0484340859431901 0.0975965040058267 0.0506190823015295 0.0506190823015295 0.0535324107793154 0.0502549162418063 0.0517115804806992 0.0557174071376548 0.0611798980335033 0 0.0466132556445739 0.0702840495265841 0.0477057538237436
"plaMeg" 0.056081573197378 0.0167516387472688 0.0520757465404224 0.0422432629278951 0.0120174799708667 0.0640932265112892 0.0127458120903132 0.0203932993445011 0.0229424617625637 0.0287691187181355 0.0142024763292061 0.0331391114348143 0.0418790968681719 0.0466132556445739 0 0.0484340859431901 0.00983248361252731
"podExp" 0.0750182083029862 0.0564457392571012 0.0877640203932993 0.0761107064821559 0.0531682447195921 0.100509832483613 0.0517115804806992 0.0542607428987618 0.056081573197378 0.0382374362709395 0.0542607428987618 0.0433357611070648 0.0367807720320466 0.0702840495265841 0.0484340859431901 0 0.0509832483612527
"terMex" 0.0557174071376548 0.0178441369264385 0.0538965768390386 0.0436999271667881 0.00655498907501821 0.0640932265112892 0.0138383102694829 0.0207574654042243 0.023306627822287 0.0302257829570284 0.0152949745083758 0.0349599417334304 0.0436999271667881 0.0477057538237436 0.00983248361252731 0.0509832483612527 0
