"carIns" "cheAbi" "cheMyd" "cheSer" "chrPic" "derCor" "derMaw" "emySub" "gopAga" "malTer" "mesTub" "pelCas" "pelSin" "plaMeg" "podExp" "terMex"
"carIns" 0 0.183537263626251 0.17908787541713 0.181312569521691 0.17797552836485 0.175750834260289 0.174638487208009 0.18020022246941 0.189098998887653 0.175750834260289 0.185761957730812 0.186874304783092 0.190211345939933 0.17686318131257 0.202447163515017 0.17686318131257
"cheAbi" 0.183537263626251 0 0.0344827586206897 0.0278086763070078 0.0166852057842047 0.0367074527252503 0.0311457174638487 0.0456062291434928 0.017797552836485 0.0166852057842047 0.050055617352614 0.0589543937708565 0.0578420467185762 0.0189098998887653 0.0656284760845384 0.017797552836485
"cheMyd" 0.17908787541713 0.0344827586206897 0 0.0278086763070078 0.0222469410456062 0.017797552836485 0.0311457174638487 0.0411568409343715 0.0389321468298109 0.0222469410456062 0.0478309232480534 0.0556173526140156 0.0622914349276974 0.0266963292547275 0.0667408231368187 0.0233592880978865
"cheSer" 0.181312569521691 0.0278086763070078 0.0278086763070078 0 0.0200222469410456 0.0300333704115684 0.0244716351501669 0.0344827586206897 0.032258064516129 0.017797552836485 0.0433815350389321 0.0522803114571746 0.0600667408231368 0.0200222469410456 0.0656284760845384 0.0189098998887653
"chrPic" 0.17797552836485 0.0166852057842047 0.0222469410456062 0.0200222469410456 0 0.0244716351501669 0.0233592880978865 0.03559510567297 0.0211345939933259 0.00444938820912125 0.0400444938820912 0.050055617352614 0.053392658509455 0.0111234705228031 0.0600667408231368 0.00556173526140156
"derCor" 0.175750834260289 0.0367074527252503 0.017797552836485 0.0300333704115684 0.0244716351501669 0 0.0333704115684093 0.0433815350389321 0.0411568409343715 0.0244716351501669 0.050055617352614 0.0556173526140156 0.0645161290322581 0.0289210233592881 0.0689655172413793 0.0255839822024472
"derMaw" 0.174638487208009 0.0311457174638487 0.0311457174638487 0.0244716351501669 0.0233592880978865 0.0333704115684093 0 0.0378197997775306 0.0378197997775306 0.0233592880978865 0.0444938820912125 0.0556173526140156 0.0578420467185762 0.0278086763070078 0.0656284760845384 0.0244716351501669
"emySub" 0.18020022246941 0.0456062291434928 0.0411568409343715 0.0344827586206897 0.03559510567297 0.0433815350389321 0.0378197997775306 0 0.050055617352614 0.0333704115684093 0.0189098998887653 0.0389321468298109 0.0589543937708565 0.0378197997775306 0.053392658509455 0.0344827586206897
"gopAga" 0.189098998887653 0.017797552836485 0.0389321468298109 0.032258064516129 0.0211345939933259 0.0411568409343715 0.0378197997775306 0.050055617352614 0 0.0211345939933259 0.0522803114571746 0.0611790878754171 0.0634037819799778 0.0233592880978865 0.0667408231368187 0.0222469410456062
"malTer" 0.175750834260289 0.0166852057842047 0.0222469410456062 0.017797552836485 0.00444938820912125 0.0244716351501669 0.0233592880978865 0.0333704115684093 0.0211345939933259 0 0.0400444938820912 0.0478309232480534 0.053392658509455 0.00889877641824249 0.0600667408231368 0.00333704115684093
"mesTub" 0.185761957730812 0.050055617352614 0.0478309232480534 0.0433815350389321 0.0400444938820912 0.050055617352614 0.0444938820912125 0.0189098998887653 0.0522803114571746 0.0400444938820912 0 0.0422691879866518 0.0634037819799778 0.0444938820912125 0.0545050055617353 0.0411568409343715
"pelCas" 0.186874304783092 0.0589543937708565 0.0556173526140156 0.0522803114571746 0.050055617352614 0.0556173526140156 0.0556173526140156 0.0389321468298109 0.0611790878754171 0.0478309232480534 0.0422691879866518 0 0.0734149054505006 0.050055617352614 0.0422691879866518 0.0489432703003337
"pelSin" 0.190211345939933 0.0578420467185762 0.0622914349276974 0.0600667408231368 0.053392658509455 0.0645161290322581 0.0578420467185762 0.0589543937708565 0.0634037819799778 0.053392658509455 0.0634037819799778 0.0734149054505006 0 0.0556173526140156 0.0745272525027809 0.0545050055617353
"plaMeg" 0.17686318131257 0.0189098998887653 0.0266963292547275 0.0200222469410456 0.0111234705228031 0.0289210233592881 0.0278086763070078 0.0378197997775306 0.0233592880978865 0.00889877641824249 0.0444938820912125 0.050055617352614 0.0556173526140156 0 0.0600667408231368 0.0100111234705228
"podExp" 0.202447163515017 0.0656284760845384 0.0667408231368187 0.0656284760845384 0.0600667408231368 0.0689655172413793 0.0656284760845384 0.053392658509455 0.0667408231368187 0.0600667408231368 0.0545050055617353 0.0422691879866518 0.0745272525027809 0.0600667408231368 0 0.0611790878754171
"terMex" 0.17686318131257 0.017797552836485 0.0233592880978865 0.0189098998887653 0.00556173526140156 0.0255839822024472 0.0244716351501669 0.0344827586206897 0.0222469410456062 0.00333704115684093 0.0411568409343715 0.0489432703003337 0.0545050055617353 0.0100111234705228 0.0611790878754171 0
