"cheAbi" "cheMyd" "cheSer" "chrPic" "cuoAmb" "cuoMcc" "derCor" "derMaw" "emySub" "gopAga" "malTer" "mesTub" "pelCas" "pelSin" "plaMeg" "podExp" "terMex"
"cheAbi" 0 0.192063492063492 0.0444444444444444 0.0285714285714286 0.173015873015873 0.0317460317460317 0.0396825396825397 0.0412698412698413 0.0650793650793651 0.019047619047619 0.0253968253968254 0.0666666666666667 0.104761904761905 0.0634920634920635 0.0301587301587302 0.103174603174603 0.0253968253968254
"cheMyd" 0.192063492063492 0 0.188888888888889 0.179365079365079 0.26031746031746 0.185714285714286 0.180952380952381 0.184126984126984 0.211111111111111 0.184126984126984 0.182539682539683 0.212698412698413 0.236507936507937 0.19047619047619 0.180952380952381 0.23968253968254 0.182539682539683
"cheSer" 0.0444444444444444 0.188888888888889 0 0.0285714285714286 0.185714285714286 0.0349206349206349 0.026984126984127 0.0317460317460317 0.0603174603174603 0.0412698412698413 0.0253968253968254 0.0666666666666667 0.107936507936508 0.053968253968254 0.0301587301587302 0.101587301587302 0.0253968253968254
"chrPic" 0.0285714285714286 0.179365079365079 0.0285714285714286 0 0.16984126984127 0.019047619047619 0.0206349206349206 0.0317460317460317 0.0555555555555556 0.0222222222222222 0.00634920634920635 0.0571428571428571 0.1 0.0492063492063492 0.0111111111111111 0.0888888888888889 0.00634920634920635
"cuoAmb" 0.173015873015873 0.26031746031746 0.185714285714286 0.16984126984127 0 0.163492063492063 0.177777777777778 0.176190476190476 0.201587301587302 0.16984126984127 0.165079365079365 0.204761904761905 0.219047619047619 0.182539682539683 0.166666666666667 0.226984126984127 0.166666666666667
"cuoMcc" 0.0317460317460317 0.185714285714286 0.0349206349206349 0.019047619047619 0.163492063492063 0 0.0301587301587302 0.0285714285714286 0.0603174603174603 0.0222222222222222 0.0158730158730159 0.0634920634920635 0.101587301587302 0.0507936507936508 0.0158730158730159 0.0936507936507937 0.0158730158730159
"derCor" 0.0396825396825397 0.180952380952381 0.026984126984127 0.0206349206349206 0.177777777777778 0.0301587301587302 0 0.026984126984127 0.0571428571428571 0.0333333333333333 0.0174603174603175 0.0603174603174603 0.1 0.0492063492063492 0.0222222222222222 0.0968253968253968 0.0174603174603175
"derMaw" 0.0412698412698413 0.184126984126984 0.0317460317460317 0.0317460317460317 0.176190476190476 0.0285714285714286 0.026984126984127 0 0.0634920634920635 0.0349206349206349 0.0285714285714286 0.073015873015873 0.111111111111111 0.0571428571428571 0.0301587301587302 0.103174603174603 0.0285714285714286
"emySub" 0.0650793650793651 0.211111111111111 0.0603174603174603 0.0555555555555556 0.201587301587302 0.0603174603174603 0.0571428571428571 0.0634920634920635 0 0.0619047619047619 0.053968253968254 0.0349206349206349 0.0841269841269841 0.0698412698412698 0.0587301587301587 0.0841269841269841 0.053968253968254
"gopAga" 0.019047619047619 0.184126984126984 0.0412698412698413 0.0222222222222222 0.16984126984127 0.0222222222222222 0.0333333333333333 0.0349206349206349 0.0619047619047619 0 0.019047619047619 0.0666666666666667 0.106349206349206 0.0571428571428571 0.0206349206349206 0.1 0.019047619047619
"malTer" 0.0253968253968254 0.182539682539683 0.0253968253968254 0.00634920634920635 0.165079365079365 0.0158730158730159 0.0174603174603175 0.0285714285714286 0.053968253968254 0.019047619047619 0 0.053968253968254 0.0968253968253968 0.046031746031746 0.00793650793650794 0.0857142857142857 0.00317460317460317
"mesTub" 0.0666666666666667 0.212698412698413 0.0666666666666667 0.0571428571428571 0.204761904761905 0.0634920634920635 0.0603174603174603 0.073015873015873 0.0349206349206349 0.0666666666666667 0.053968253968254 0 0.0761904761904762 0.0777777777777778 0.0619047619047619 0.0857142857142857 0.0571428571428571
"pelCas" 0.104761904761905 0.236507936507937 0.107936507936508 0.1 0.219047619047619 0.101587301587302 0.1 0.111111111111111 0.0841269841269841 0.106349206349206 0.0968253968253968 0.0761904761904762 0 0.0904761904761905 0.1 0.0682539682539682 0.0984126984126984
"pelSin" 0.0634920634920635 0.19047619047619 0.053968253968254 0.0492063492063492 0.182539682539683 0.0507936507936508 0.0492063492063492 0.0571428571428571 0.0698412698412698 0.0571428571428571 0.046031746031746 0.0777777777777778 0.0904761904761905 0 0.0492063492063492 0.0936507936507937 0.0476190476190476
"plaMeg" 0.0301587301587302 0.180952380952381 0.0301587301587302 0.0111111111111111 0.166666666666667 0.0158730158730159 0.0222222222222222 0.0301587301587302 0.0587301587301587 0.0206349206349206 0.00793650793650794 0.0619047619047619 0.1 0.0492063492063492 0 0.0888888888888889 0.00793650793650794
"podExp" 0.103174603174603 0.23968253968254 0.101587301587302 0.0888888888888889 0.226984126984127 0.0936507936507937 0.0968253968253968 0.103174603174603 0.0841269841269841 0.1 0.0857142857142857 0.0857142857142857 0.0682539682539682 0.0936507936507937 0.0888888888888889 0 0.0873015873015873
"terMex" 0.0253968253968254 0.182539682539683 0.0253968253968254 0.00634920634920635 0.166666666666667 0.0158730158730159 0.0174603174603175 0.0285714285714286 0.053968253968254 0.019047619047619 0.00317460317460317 0.0571428571428571 0.0984126984126984 0.0476190476190476 0.00793650793650794 0.0873015873015873 0
