"carIns" "cheAbi" "cheMyd" "cheSer" "chrPic" "cuoAmb" "cuoMcc" "derCor" "derMaw" "emySub" "gopAga" "malTer" "mesTub" "pelCas" "pelSin" "plaMeg" "podExp" "terMex"
"carIns" 0 0.126349206349206 0.158730158730159 0.128888888888889 0.123809523809524 0.15047619047619 0.128253968253968 0.131428571428571 0.146666666666667 0.140952380952381 0.12 0.125714285714286 0.152380952380952 0.175238095238095 0.193015873015873 0.120634920634921 0.184761904761905 0.12952380952381
"cheAbi" 0.126349206349206 0 0.111746031746032 0.066031746031746 0.0520634920634921 0.0641269841269841 0.0374603174603175 0.08 0.0888888888888889 0.104126984126984 0.026031746031746 0.0507936507936508 0.128253968253968 0.149206349206349 0.182857142857143 0.0526984126984127 0.158095238095238 0.0577777777777778
"cheMyd" 0.158730158730159 0.111746031746032 0 0.102222222222222 0.0984126984126984 0.135873015873016 0.11047619047619 0.0831746031746032 0.126984126984127 0.139047619047619 0.112380952380952 0.0977777777777778 0.156825396825397 0.181587301587302 0.191111111111111 0.102222222222222 0.191111111111111 0.106666666666667
"cheSer" 0.128888888888889 0.066031746031746 0.102222222222222 0 0.0596825396825397 0.0863492063492064 0.0634920634920635 0.0723809523809524 0.0780952380952381 0.10031746031746 0.0622222222222222 0.0584126984126984 0.122539682539683 0.144126984126984 0.182222222222222 0.0558730158730159 0.15047619047619 0.0641269841269841
"chrPic" 0.123809523809524 0.0520634920634921 0.0984126984126984 0.0596825396825397 0 0.073015873015873 0.0501587301587302 0.0711111111111111 0.08 0.104126984126984 0.0450793650793651 0.013968253968254 0.120634920634921 0.144761904761905 0.184126984126984 0.0342857142857143 0.154920634920635 0.020952380952381
"cuoAmb" 0.15047619047619 0.0641269841269841 0.135873015873016 0.0863492063492064 0.073015873015873 0 0.0368253968253968 0.103492063492063 0.113650793650794 0.128253968253968 0.0603174603174603 0.0704761904761905 0.151111111111111 0.171428571428571 0.205714285714286 0.0711111111111111 0.185396825396825 0.0768253968253968
"cuoMcc" 0.128253968253968 0.0374603174603175 0.11047619047619 0.0634920634920635 0.0501587301587302 0.0368253968253968 0 0.0780952380952381 0.0907936507936508 0.103492063492063 0.0355555555555556 0.0488888888888889 0.128253968253968 0.147301587301587 0.185396825396825 0.0514285714285714 0.161904761904762 0.0546031746031746
"derCor" 0.131428571428571 0.08 0.0831746031746032 0.0723809523809524 0.0711111111111111 0.103492063492063 0.0780952380952381 0 0.0965079365079365 0.114285714285714 0.0787301587301587 0.0692063492063492 0.134603174603175 0.158730158730159 0.187301587301587 0.0685714285714286 0.165079365079365 0.0742857142857143
"derMaw" 0.146666666666667 0.0888888888888889 0.126984126984127 0.0780952380952381 0.08 0.113650793650794 0.0907936507936508 0.0965079365079365 0 0.121269841269841 0.0857142857142857 0.08 0.139047619047619 0.162539682539683 0.193650793650794 0.0780952380952381 0.171428571428571 0.0838095238095238
"emySub" 0.140952380952381 0.104126984126984 0.139047619047619 0.10031746031746 0.104126984126984 0.128253968253968 0.103492063492063 0.114285714285714 0.121269841269841 0 0.104126984126984 0.104126984126984 0.0736507936507936 0.125079365079365 0.191111111111111 0.0971428571428571 0.126349206349206 0.109206349206349
"gopAga" 0.12 0.026031746031746 0.112380952380952 0.0622222222222222 0.0450793650793651 0.0603174603174603 0.0355555555555556 0.0787301587301587 0.0857142857142857 0.104126984126984 0 0.0463492063492063 0.126349206349206 0.146031746031746 0.178412698412698 0.0488888888888889 0.154920634920635 0.0520634920634921
"malTer" 0.125714285714286 0.0507936507936508 0.0977777777777778 0.0584126984126984 0.013968253968254 0.0704761904761905 0.0488888888888889 0.0692063492063492 0.08 0.104126984126984 0.0463492063492063 0 0.121904761904762 0.143492063492064 0.182222222222222 0.0349206349206349 0.154920634920635 0.020952380952381
"mesTub" 0.152380952380952 0.128253968253968 0.156825396825397 0.122539682539683 0.120634920634921 0.151111111111111 0.128253968253968 0.134603174603175 0.139047619047619 0.0736507936507936 0.126349206349206 0.121904761904762 0 0.141587301587302 0.20952380952381 0.115555555555556 0.148571428571429 0.12952380952381
"pelCas" 0.175238095238095 0.149206349206349 0.181587301587302 0.144126984126984 0.144761904761905 0.171428571428571 0.147301587301587 0.158730158730159 0.162539682539683 0.125079365079365 0.146031746031746 0.143492063492064 0.141587301587302 0 0.232380952380952 0.142857142857143 0.131428571428571 0.151111111111111
"pelSin" 0.193015873015873 0.182857142857143 0.191111111111111 0.182222222222222 0.184126984126984 0.205714285714286 0.185396825396825 0.187301587301587 0.193650793650794 0.191111111111111 0.178412698412698 0.182222222222222 0.20952380952381 0.232380952380952 0 0.180952380952381 0.232380952380952 0.18984126984127
"plaMeg" 0.120634920634921 0.0526984126984127 0.102222222222222 0.0558730158730159 0.0342857142857143 0.0711111111111111 0.0514285714285714 0.0685714285714286 0.0780952380952381 0.0971428571428571 0.0488888888888889 0.0349206349206349 0.115555555555556 0.142857142857143 0.180952380952381 0 0.151746031746032 0.0406349206349206
"podExp" 0.184761904761905 0.158095238095238 0.191111111111111 0.15047619047619 0.154920634920635 0.185396825396825 0.161904761904762 0.165079365079365 0.171428571428571 0.126349206349206 0.154920634920635 0.154920634920635 0.148571428571429 0.131428571428571 0.232380952380952 0.151746031746032 0 0.161269841269841
"terMex" 0.12952380952381 0.0577777777777778 0.106666666666667 0.0641269841269841 0.020952380952381 0.0768253968253968 0.0546031746031746 0.0742857142857143 0.0838095238095238 0.109206349206349 0.0520634920634921 0.020952380952381 0.12952380952381 0.151111111111111 0.18984126984127 0.0406349206349206 0.161269841269841 0
