"cheAbi" "cheMyd" "cheSer" "chrPic" "cuoMcc" "derCor" "emySub" "gopAga" "malTer" "mesTub" "pelCas" "plaMeg" "podExp" "terMex"
"cheAbi" 0 0.163132137030995 0.0554649265905383 0.0456769983686786 0.0309951060358891 0.0701468189233279 0.0831973898858075 0.0244698205546493 0.0456769983686786 0.0978792822185971 0.112561174551387 0.0391517128874388 0.128874388254486 0.0407830342577488
"cheMyd" 0.163132137030995 0 0.156606851549755 0.159869494290375 0.150081566068515 0.140293637846656 0.171288743882545 0.150081566068515 0.156606851549755 0.195758564437194 0.200652528548124 0.146818923327896 0.239804241435563 0.151712887438825
"cheSer" 0.0554649265905383 0.156606851549755 0 0.0522022838499184 0.0456769983686786 0.066884176182708 0.0701468189233279 0.0522022838499184 0.0489396411092985 0.0913539967373573 0.110929853181077 0.0407830342577488 0.135399673735726 0.0456769983686786
"chrPic" 0.0456769983686786 0.159869494290375 0.0522022838499184 0 0.034257748776509 0.0636215334420881 0.066884176182708 0.0424143556280587 0.0097879282218597 0.0913539967373573 0.110929853181077 0.0244698205546493 0.133768352365416 0.0146818923327896
"cuoMcc" 0.0309951060358891 0.150081566068515 0.0456769983686786 0.034257748776509 0 0.0619902120717781 0.0701468189233279 0.0228384991843393 0.0309951060358891 0.0946166394779772 0.104404567699837 0.0244698205546493 0.132137030995106 0.0261011419249592
"derCor" 0.0701468189233279 0.140293637846656 0.066884176182708 0.0636215334420881 0.0619902120717781 0 0.0880913539967374 0.0636215334420881 0.0603588907014682 0.109298531810767 0.117455138662316 0.0538336052202284 0.143556280587276 0.0554649265905383
"emySub" 0.0831973898858075 0.171288743882545 0.0701468189233279 0.066884176182708 0.0701468189233279 0.0880913539967374 0 0.0750407830342577 0.065252854812398 0.0570962479608483 0.0815660685154976 0.0587275693311582 0.106035889070147 0.065252854812398
"gopAga" 0.0244698205546493 0.150081566068515 0.0522022838499184 0.0424143556280587 0.0228384991843393 0.0636215334420881 0.0750407830342577 0 0.0391517128874388 0.0978792822185971 0.112561174551387 0.0293637846655791 0.130505709624796 0.034257748776509
"malTer" 0.0456769983686786 0.156606851549755 0.0489396411092985 0.0097879282218597 0.0309951060358891 0.0603588907014682 0.065252854812398 0.0391517128874388 0 0.0897226753670473 0.110929853181077 0.0212071778140294 0.135399673735726 0.0114192495921697
"mesTub" 0.0978792822185971 0.195758564437194 0.0913539967373573 0.0913539967373573 0.0946166394779772 0.109298531810767 0.0570962479608483 0.0978792822185971 0.0897226753670473 0 0.099510603588907 0.0799347471451876 0.107667210440457 0.0897226753670473
"pelCas" 0.112561174551387 0.200652528548124 0.110929853181077 0.110929853181077 0.104404567699837 0.117455138662316 0.0815660685154976 0.112561174551387 0.110929853181077 0.099510603588907 0 0.107667210440457 0.110929853181077 0.109298531810767
"plaMeg" 0.0391517128874388 0.146818923327896 0.0407830342577488 0.0244698205546493 0.0244698205546493 0.0538336052202284 0.0587275693311582 0.0293637846655791 0.0212071778140294 0.0799347471451876 0.107667210440457 0 0.127243066884176 0.0163132137030995
"podExp" 0.128874388254486 0.239804241435563 0.135399673735726 0.133768352365416 0.132137030995106 0.143556280587276 0.106035889070147 0.130505709624796 0.135399673735726 0.107667210440457 0.110929853181077 0.127243066884176 0 0.127243066884176
"terMex" 0.0407830342577488 0.151712887438825 0.0456769983686786 0.0146818923327896 0.0261011419249592 0.0554649265905383 0.065252854812398 0.034257748776509 0.0114192495921697 0.0897226753670473 0.109298531810767 0.0163132137030995 0.127243066884176 0
