"carIns" "cheAbi" "cuoAmb" "cuoMcc" "derCor" "derMaw" "emySub" "gopAga" "mesTub" "pelCas" "pelSin" "plaMeg" "podExp" "terMex"
"carIns" 0 0.099671412924425 0.105147864184009 0.102957283680175 0.216867469879518 0.108433734939759 0.12157721796276 0.0985761226725082 0.131434830230011 0.11829134720701 0.111719605695509 0.0930996714129244 0.132530120481928 0.0974808324205915
"cheAbi" 0.099671412924425 0 0.0230010952902519 0.0219058050383352 0.175246440306681 0.0460021905805038 0.0788608981380066 0.0120481927710843 0.0920043811610077 0.0843373493975904 0.0963855421686747 0.0230010952902519 0.101861993428258 0.0273822562979189
"cuoAmb" 0.105147864184009 0.0230010952902519 0 0.00657174151150055 0.173055859802848 0.0492880613362541 0.0810514786418401 0.0208105147864184 0.0941949616648412 0.0865279299014239 0.0963855421686747 0.0240963855421687 0.106243154435926 0.0284775465498357
"cuoMcc" 0.102957283680175 0.0219058050383352 0.00657174151150055 0 0.169769989047097 0.0470974808324206 0.0777656078860898 0.0186199342825849 0.0909090909090909 0.0843373493975904 0.0963855421686747 0.0219058050383352 0.104052573932092 0.0262869660460022
"derCor" 0.216867469879518 0.175246440306681 0.173055859802848 0.169769989047097 0 0.173055859802848 0.200438116100767 0.173055859802848 0.211391018619934 0.198247535596933 0.219058050383352 0.167579408543264 0.215772179627601 0.171960569550931
"derMaw" 0.108433734939759 0.0460021905805038 0.0492880613362541 0.0470974808324206 0.173055859802848 0 0.0777656078860898 0.0449069003285871 0.0865279299014239 0.0898138006571741 0.105147864184009 0.04052573932092 0.105147864184009 0.0427163198247536
"emySub" 0.12157721796276 0.0788608981380066 0.0810514786418401 0.0777656078860898 0.200438116100767 0.0777656078860898 0 0.0755750273822563 0.0558598028477547 0.0788608981380066 0.117196056955093 0.0733844468784228 0.100766703176342 0.072289156626506
"gopAga" 0.0985761226725082 0.0120481927710843 0.0208105147864184 0.0186199342825849 0.173055859802848 0.0449069003285871 0.0755750273822563 0 0.0909090909090909 0.0810514786418401 0.0909090909090909 0.0197152245345016 0.0974808324205915 0.0240963855421687
"mesTub" 0.131434830230011 0.0920043811610077 0.0941949616648412 0.0909090909090909 0.211391018619934 0.0865279299014239 0.0558598028477547 0.0909090909090909 0 0.0920043811610077 0.131434830230011 0.0887185104052574 0.112814895947426 0.0876232201533406
"pelCas" 0.11829134720701 0.0843373493975904 0.0865279299014239 0.0843373493975904 0.198247535596933 0.0898138006571741 0.0788608981380066 0.0810514786418401 0.0920043811610077 0 0.112814895947426 0.0799561883899233 0.072289156626506 0.0821467688937568
"pelSin" 0.111719605695509 0.0963855421686747 0.0963855421686747 0.0963855421686747 0.219058050383352 0.105147864184009 0.117196056955093 0.0909090909090909 0.131434830230011 0.112814895947426 0 0.0909090909090909 0.136911281489595 0.0941949616648412
"plaMeg" 0.0930996714129244 0.0230010952902519 0.0240963855421687 0.0219058050383352 0.167579408543264 0.04052573932092 0.0733844468784228 0.0197152245345016 0.0887185104052574 0.0799561883899233 0.0909090909090909 0 0.0952902519167579 0.0197152245345016
"podExp" 0.132530120481928 0.101861993428258 0.106243154435926 0.104052573932092 0.215772179627601 0.105147864184009 0.100766703176342 0.0974808324205915 0.112814895947426 0.072289156626506 0.136911281489595 0.0952902519167579 0 0.099671412924425
"terMex" 0.0974808324205915 0.0273822562979189 0.0284775465498357 0.0262869660460022 0.171960569550931 0.0427163198247536 0.072289156626506 0.0240963855421687 0.0876232201533406 0.0821467688937568 0.0941949616648412 0.0197152245345016 0.099671412924425 0
