"carIns" "cheAbi" "cheMyd" "cheSer" "chrPic" "cuoAmb" "cuoMcc" "derMaw" "emySub" "gopAga" "malTer" "mesTub" "pelCas" "pelSin" "plaMeg" "podExp" "terMex"
"carIns" 0 0.0862068965517241 0.0818965517241379 0.0862068965517241 0.130747126436782 0.0876436781609195 0.0876436781609195 0.0847701149425287 0.132183908045977 0.0862068965517241 0.089080459770115 0.140804597701149 0.109195402298851 0.0905172413793103 0.0804597701149425 0.123563218390805 0.0761494252873563
"cheAbi" 0.0862068965517241 0 0.0359195402298851 0.0387931034482759 0.0876436781609195 0.021551724137931 0.0229885057471264 0.0416666666666667 0.112068965517241 0.0229885057471264 0.0373563218390805 0.119252873563218 0.0833333333333333 0.0833333333333333 0.0201149425287356 0.0977011494252874 0.021551724137931
"cheMyd" 0.0818965517241379 0.0359195402298851 0 0.0402298850574713 0.0905172413793103 0.0416666666666667 0.0373563218390805 0.0459770114942529 0.110632183908046 0.0416666666666667 0.0387931034482759 0.122126436781609 0.0847701149425287 0.0919540229885057 0.0301724137931034 0.102011494252874 0.028735632183908
"cheSer" 0.0862068965517241 0.0387931034482759 0.0402298850574713 0 0.0919540229885057 0.0373563218390805 0.0344827586206897 0.0402298850574713 0.10632183908046 0.0445402298850575 0.0416666666666667 0.117816091954023 0.0804597701149425 0.0905172413793103 0.028735632183908 0.100574712643678 0.0258620689655172
"chrPic" 0.130747126436782 0.0876436781609195 0.0905172413793103 0.0919540229885057 0 0.0876436781609195 0.0847701149425287 0.0905172413793103 0.155172413793103 0.0933908045977011 0.0603448275862069 0.166666666666667 0.132183908045977 0.137931034482759 0.0775862068965517 0.14367816091954 0.0675287356321839
"cuoAmb" 0.0876436781609195 0.021551724137931 0.0416666666666667 0.0373563218390805 0.0876436781609195 0 0.0114942528735632 0.0416666666666667 0.114942528735632 0.0316091954022989 0.0344827586206897 0.129310344827586 0.0775862068965517 0.0833333333333333 0.0244252873563218 0.103448275862069 0.021551724137931
"cuoMcc" 0.0876436781609195 0.0229885057471264 0.0373563218390805 0.0344827586206897 0.0847701149425287 0.0114942528735632 0 0.0387931034482759 0.113505747126437 0.0316091954022989 0.0316091954022989 0.125 0.0761494252873563 0.0862068965517241 0.0186781609195402 0.0991379310344828 0.0186781609195402
"derMaw" 0.0847701149425287 0.0416666666666667 0.0459770114942529 0.0402298850574713 0.0905172413793103 0.0416666666666667 0.0387931034482759 0 0.109195402298851 0.0474137931034483 0.0416666666666667 0.114942528735632 0.0804597701149425 0.0977011494252874 0.0316091954022989 0.0991379310344828 0.028735632183908
"emySub" 0.132183908045977 0.112068965517241 0.110632183908046 0.10632183908046 0.155172413793103 0.114942528735632 0.113505747126437 0.109195402298851 0 0.109195402298851 0.112068965517241 0.0431034482758621 0.100574712643678 0.127873563218391 0.103448275862069 0.114942528735632 0.0991379310344828
"gopAga" 0.0862068965517241 0.0229885057471264 0.0416666666666667 0.0445402298850575 0.0933908045977011 0.0316091954022989 0.0316091954022989 0.0474137931034483 0.109195402298851 0 0.0431034482758621 0.119252873563218 0.0876436781609195 0.0876436781609195 0.0258620689655172 0.096264367816092 0.0272988505747126
"malTer" 0.089080459770115 0.0373563218390805 0.0387931034482759 0.0416666666666667 0.0603448275862069 0.0344827586206897 0.0316091954022989 0.0416666666666667 0.112068965517241 0.0431034482758621 0 0.123563218390805 0.0847701149425287 0.0905172413793103 0.0272988505747126 0.103448275862069 0.0158045977011494
"mesTub" 0.140804597701149 0.119252873563218 0.122126436781609 0.117816091954023 0.166666666666667 0.129310344827586 0.125 0.114942528735632 0.0431034482758621 0.119252873563218 0.123563218390805 0 0.114942528735632 0.140804597701149 0.112068965517241 0.117816091954023 0.113505747126437
"pelCas" 0.109195402298851 0.0833333333333333 0.0847701149425287 0.0804597701149425 0.132183908045977 0.0775862068965517 0.0761494252873563 0.0804597701149425 0.100574712643678 0.0876436781609195 0.0847701149425287 0.114942528735632 0 0.104885057471264 0.0747126436781609 0.0790229885057471 0.0718390804597701
"pelSin" 0.0905172413793103 0.0833333333333333 0.0919540229885057 0.0905172413793103 0.137931034482759 0.0833333333333333 0.0862068965517241 0.0977011494252874 0.127873563218391 0.0876436781609195 0.0905172413793103 0.140804597701149 0.104885057471264 0 0.0833333333333333 0.123563218390805 0.0804597701149425
"plaMeg" 0.0804597701149425 0.0201149425287356 0.0301724137931034 0.028735632183908 0.0775862068965517 0.0244252873563218 0.0186781609195402 0.0316091954022989 0.103448275862069 0.0258620689655172 0.0272988505747126 0.112068965517241 0.0747126436781609 0.0833333333333333 0 0.089080459770115 0.0114942528735632
"podExp" 0.123563218390805 0.0977011494252874 0.102011494252874 0.100574712643678 0.14367816091954 0.103448275862069 0.0991379310344828 0.0991379310344828 0.114942528735632 0.096264367816092 0.103448275862069 0.117816091954023 0.0790229885057471 0.123563218390805 0.089080459770115 0 0.0905172413793103
"terMex" 0.0761494252873563 0.021551724137931 0.028735632183908 0.0258620689655172 0.0675287356321839 0.021551724137931 0.0186781609195402 0.028735632183908 0.0991379310344828 0.0272988505747126 0.0158045977011494 0.113505747126437 0.0718390804597701 0.0804597701149425 0.0114942528735632 0.0905172413793103 0
