"carIns" "cheAbi" "cheMyd" "cheSer" "chrPic" "cuoAmb" "cuoMcc" "derCor" "derMaw" "emySub" "gopAga" "malTer" "mesTub" "pelCas" "pelSin" "podExp" "terMex"
"carIns" 0 0.164817749603803 0.167987321711569 0.161648177496038 0.172741679873217 0.161648177496038 0.160063391442155 0.175911251980983 0.164817749603803 0.166402535657686 0.166402535657686 0.169572107765452 0.163232963549921 0.171156893819334 0.172741679873217 0.190174326465927 0.164817749603803
"cheAbi" 0.164817749603803 0 0.0380348652931854 0.0380348652931854 0.0412044374009509 0.0237717908082409 0.0221870047543582 0.045958795562599 0.0475435816164818 0.063391442155309 0.0221870047543582 0.0364500792393027 0.0649762282091918 0.0681458003169572 0.125198098256735 0.0935023771790808 0.0364500792393027
"cheMyd" 0.167987321711569 0.0380348652931854 0 0.0427892234548336 0.0396196513470681 0.0316957210776545 0.0301109350237718 0.0253565768621236 0.05229793977813 0.0665610142630745 0.0396196513470681 0.0380348652931854 0.0681458003169572 0.0713153724247227 0.123613312202853 0.098256735340729 0.0332805071315372
"cheSer" 0.161648177496038 0.0380348652931854 0.0427892234548336 0 0.0443740095087163 0.0285261489698891 0.0269413629160063 0.0507131537242472 0.05229793977813 0.0681458003169572 0.0380348652931854 0.0427892234548336 0.0697305863708399 0.0760697305863708 0.133122028526149 0.0998415213946117 0.0396196513470681
"chrPic" 0.172741679873217 0.0412044374009509 0.0396196513470681 0.0443740095087163 0 0.0332805071315372 0.0316957210776545 0.0491283676703645 0.0507131537242472 0.0697305863708399 0.0380348652931854 0.00792393026941363 0.0713153724247227 0.0776545166402536 0.129952456418384 0.098256735340729 0.01743264659271
"cuoAmb" 0.161648177496038 0.0237717908082409 0.0316957210776545 0.0285261489698891 0.0332805071315372 0 0.00158478605388273 0.03486529318542 0.0427892234548336 0.0554675118858954 0.0237717908082409 0.0316957210776545 0.0570522979397781 0.0618066561014263 0.123613312202853 0.0824088748019017 0.0285261489698891
"cuoMcc" 0.160063391442155 0.0221870047543582 0.0301109350237718 0.0269413629160063 0.0316957210776545 0.00158478605388273 0 0.0332805071315372 0.0412044374009509 0.0538827258320127 0.0221870047543582 0.0301109350237718 0.0554675118858954 0.0602218700475436 0.12202852614897 0.080824088748019 0.0269413629160063
"derCor" 0.175911251980983 0.045958795562599 0.0253565768621236 0.0507131537242472 0.0491283676703645 0.03486529318542 0.0332805071315372 0 0.0554675118858954 0.0697305863708399 0.0427892234548336 0.0475435816164818 0.0681458003169572 0.0744849445324881 0.134706814580032 0.098256735340729 0.0427892234548336
"derMaw" 0.164817749603803 0.0475435816164818 0.05229793977813 0.05229793977813 0.0507131537242472 0.0427892234548336 0.0412044374009509 0.0554675118858954 0 0.0713153724247227 0.0475435816164818 0.05229793977813 0.0729001584786054 0.080824088748019 0.134706814580032 0.103011093502377 0.045958795562599
"emySub" 0.166402535657686 0.063391442155309 0.0665610142630745 0.0681458003169572 0.0697305863708399 0.0554675118858954 0.0538827258320127 0.0697305863708399 0.0713153724247227 0 0.0602218700475436 0.0697305863708399 0.0269413629160063 0.03486529318542 0.133122028526149 0.0586370839936609 0.063391442155309
"gopAga" 0.166402535657686 0.0221870047543582 0.0396196513470681 0.0380348652931854 0.0380348652931854 0.0237717908082409 0.0221870047543582 0.0427892234548336 0.0475435816164818 0.0602218700475436 0 0.0332805071315372 0.0649762282091918 0.0697305863708399 0.129952456418384 0.0903328050713154 0.0332805071315372
"malTer" 0.169572107765452 0.0364500792393027 0.0380348652931854 0.0427892234548336 0.00792393026941363 0.0316957210776545 0.0301109350237718 0.0475435816164818 0.05229793977813 0.0697305863708399 0.0332805071315372 0 0.0713153724247227 0.0744849445324881 0.126782884310618 0.098256735340729 0.0158478605388273
"mesTub" 0.163232963549921 0.0649762282091918 0.0681458003169572 0.0697305863708399 0.0713153724247227 0.0570522979397781 0.0554675118858954 0.0681458003169572 0.0729001584786054 0.0269413629160063 0.0649762282091918 0.0713153724247227 0 0.045958795562599 0.133122028526149 0.0586370839936609 0.0681458003169572
"pelCas" 0.171156893819334 0.0681458003169572 0.0713153724247227 0.0760697305863708 0.0776545166402536 0.0618066561014263 0.0602218700475436 0.0744849445324881 0.080824088748019 0.03486529318542 0.0697305863708399 0.0744849445324881 0.045958795562599 0 0.137876386687797 0.0618066561014263 0.0713153724247227
"pelSin" 0.172741679873217 0.125198098256735 0.123613312202853 0.133122028526149 0.129952456418384 0.123613312202853 0.12202852614897 0.134706814580032 0.134706814580032 0.133122028526149 0.129952456418384 0.126782884310618 0.133122028526149 0.137876386687797 0 0.153724247226624 0.126782884310618
"podExp" 0.190174326465927 0.0935023771790808 0.098256735340729 0.0998415213946117 0.098256735340729 0.0824088748019017 0.080824088748019 0.098256735340729 0.103011093502377 0.0586370839936609 0.0903328050713154 0.098256735340729 0.0586370839936609 0.0618066561014263 0.153724247226624 0 0.0950871632329636
"terMex" 0.164817749603803 0.0364500792393027 0.0332805071315372 0.0396196513470681 0.01743264659271 0.0285261489698891 0.0269413629160063 0.0427892234548336 0.045958795562599 0.063391442155309 0.0332805071315372 0.0158478605388273 0.0681458003169572 0.0713153724247227 0.126782884310618 0.0950871632329636 0
