"cheAbi" "cheMyd" "cheSer" "chrPic" "cuoAmb" "cuoMcc" "derCor" "derMaw" "emySub" "gopAga" "malTer" "mesTub" "pelCas" "plaMeg" "podExp" "terMex"
"cheAbi" 0 0.183306055646481 0.397708674304419 0.166939443535188 0.499181669394435 0.400981996726678 0.409165302782324 0.400981996726678 0.18494271685761 0.39607201309329 0.157119476268412 0.204582651391162 0.224222585924714 0.160392798690671 0.229132569558101 0.397708674304419
"cheMyd" 0.183306055646481 0 0.319148936170213 0.0671031096563011 0.48936170212766 0.319148936170213 0.328968903436989 0.319148936170213 0.0851063829787234 0.320785597381342 0.0654664484451719 0.0981996726677578 0.114566284779051 0.0523731587561375 0.134206219312602 0.324058919803601
"cheSer" 0.397708674304419 0.319148936170213 0 0.306055646481178 0.48936170212766 0.0310965630114566 0.0180032733224223 0.0196399345335516 0.327332242225859 0.027823240589198 0.306055646481178 0.345335515548282 0.327332242225859 0.307692307692308 0.342062193126023 0.027823240589198
"chrPic" 0.166939443535188 0.0671031096563011 0.306055646481178 0 0.472995090016367 0.306055646481178 0.315875613747954 0.306055646481178 0.0851063829787234 0.307692307692308 0.0147299509001637 0.108019639934534 0.106382978723404 0.0392798690671031 0.129296235679214 0.307692307692308
"cuoAmb" 0.499181669394435 0.48936170212766 0.48936170212766 0.472995090016367 0 0.486088379705401 0.492635024549918 0.490998363338789 0.481178396072013 0.482815057283142 0.468085106382979 0.486088379705401 0.463175122749591 0.474631751227496 0.468085106382979 0.486088379705401
"cuoMcc" 0.400981996726678 0.319148936170213 0.0310965630114566 0.306055646481178 0.486088379705401 0 0.0327332242225859 0.0409165302782324 0.328968903436989 0.0261865793780687 0.306055646481178 0.343698854337152 0.327332242225859 0.307692307692308 0.342062193126023 0.0294599018003273
"derCor" 0.409165302782324 0.328968903436989 0.0180032733224223 0.315875613747954 0.492635024549918 0.0327332242225859 0 0.0261865793780687 0.337152209492635 0.0343698854337152 0.315875613747954 0.353518821603928 0.333878887070376 0.317512274959083 0.343698854337152 0.0310965630114566
"derMaw" 0.400981996726678 0.319148936170213 0.0196399345335516 0.306055646481178 0.490998363338789 0.0409165302782324 0.0261865793780687 0 0.327332242225859 0.0343698854337152 0.306055646481178 0.345335515548282 0.328968903436989 0.307692307692308 0.343698854337152 0.0392798690671031
"emySub" 0.18494271685761 0.0851063829787234 0.327332242225859 0.0851063829787234 0.481178396072013 0.328968903436989 0.337152209492635 0.327332242225859 0 0.330605564648118 0.0801963993453355 0.0621931260229133 0.0900163666121113 0.0785597381342062 0.121112929623568 0.333878887070376
"gopAga" 0.39607201309329 0.320785597381342 0.027823240589198 0.307692307692308 0.482815057283142 0.0261865793780687 0.0343698854337152 0.0343698854337152 0.330605564648118 0 0.307692307692308 0.345335515548282 0.328968903436989 0.309328968903437 0.34860883797054 0.0245499181669394
"malTer" 0.157119476268412 0.0654664484451719 0.306055646481178 0.0147299509001637 0.468085106382979 0.306055646481178 0.315875613747954 0.306055646481178 0.0801963993453355 0.307692307692308 0 0.103109656301146 0.109656301145663 0.0376432078559738 0.124386252045827 0.307692307692308
"mesTub" 0.204582651391162 0.0981996726677578 0.345335515548282 0.108019639934534 0.486088379705401 0.343698854337152 0.353518821603928 0.345335515548282 0.0621931260229133 0.345335515548282 0.103109656301146 0 0.109656301145663 0.103109656301146 0.130932896890344 0.34860883797054
"pelCas" 0.224222585924714 0.114566284779051 0.327332242225859 0.106382978723404 0.463175122749591 0.327332242225859 0.333878887070376 0.328968903436989 0.0900163666121113 0.328968903436989 0.109656301145663 0.109656301145663 0 0.111292962356792 0.0916530278232406 0.330605564648118
"plaMeg" 0.160392798690671 0.0523731587561375 0.307692307692308 0.0392798690671031 0.474631751227496 0.307692307692308 0.317512274959083 0.307692307692308 0.0785597381342062 0.309328968903437 0.0376432078559738 0.103109656301146 0.111292962356792 0 0.135842880523732 0.309328968903437
"podExp" 0.229132569558101 0.134206219312602 0.342062193126023 0.129296235679214 0.468085106382979 0.342062193126023 0.343698854337152 0.343698854337152 0.121112929623568 0.34860883797054 0.124386252045827 0.130932896890344 0.0916530278232406 0.135842880523732 0 0.343698854337152
"terMex" 0.397708674304419 0.324058919803601 0.027823240589198 0.307692307692308 0.486088379705401 0.0294599018003273 0.0310965630114566 0.0392798690671031 0.333878887070376 0.0245499181669394 0.307692307692308 0.34860883797054 0.330605564648118 0.309328968903437 0.343698854337152 0
