"carIns" "cheAbi" "cheMyd" "chrPic" "cuoAmb" "cuoMcc" "derCor" "derMaw" "emySub" "gopAga" "malTer" "mesTub" "pelCas" "pelSin" "plaMeg" "podExp"
"carIns" 0 0.112517580872011 0.09985935302391 0.105485232067511 0.106891701828411 0.10407876230661 0.10267229254571 0.109704641350211 0.105485232067511 0.111111111111111 0.168776371308017 0.105485232067511 0.123769338959212 0.106891701828411 0.10267229254571 0.127988748241913
"cheAbi" 0.112517580872011 0 0.0323488045007032 0.0351617440225035 0.0337552742616034 0.0337552742616034 0.0379746835443038 0.0506329113924051 0.070323488045007 0.0239099859353024 0.115330520393812 0.0689170182841069 0.0914205344585091 0.0928270042194093 0.0323488045007032 0.0942334739803094
"cheMyd" 0.09985935302391 0.0323488045007032 0 0.0239099859353024 0.0323488045007032 0.0323488045007032 0.0140646976090014 0.0351617440225035 0.0534458509142053 0.0309423347398031 0.10407876230661 0.0562587904360056 0.0829817158931083 0.0773558368495077 0.0210970464135021 0.0829817158931083
"chrPic" 0.105485232067511 0.0351617440225035 0.0239099859353024 0 0.0351617440225035 0.0365682137834037 0.0267229254571027 0.0421940928270042 0.0576652601969058 0.0337552742616034 0.0886075949367089 0.060478199718706 0.0886075949367089 0.080168776371308 0.0112517580872011 0.0815752461322082
"cuoAmb" 0.106891701828411 0.0337552742616034 0.0323488045007032 0.0351617440225035 0 0.0112517580872011 0.0351617440225035 0.0506329113924051 0.0632911392405063 0.0267229254571027 0.116736990154712 0.0632911392405063 0.0829817158931083 0.0872011251758087 0.0337552742616034 0.0872011251758087
"cuoMcc" 0.10407876230661 0.0337552742616034 0.0323488045007032 0.0365682137834037 0.0112517580872011 0 0.0351617440225035 0.0478199718706048 0.060478199718706 0.029535864978903 0.115330520393812 0.060478199718706 0.0787623066104079 0.0872011251758087 0.0337552742616034 0.0843881856540084
"derCor" 0.10267229254571 0.0379746835443038 0.0140646976090014 0.0267229254571027 0.0351617440225035 0.0351617440225035 0 0.0379746835443038 0.0548523206751055 0.0337552742616034 0.106891701828411 0.0562587904360056 0.0857946554149086 0.0731364275668073 0.0239099859353024 0.0857946554149086
"derMaw" 0.109704641350211 0.0506329113924051 0.0351617440225035 0.0421940928270042 0.0506329113924051 0.0478199718706048 0.0379746835443038 0 0.0675105485232067 0.0492264416315049 0.115330520393812 0.0689170182841069 0.0928270042194093 0.0928270042194093 0.0393811533052039 0.090014064697609
"emySub" 0.105485232067511 0.070323488045007 0.0534458509142053 0.0576652601969058 0.0632911392405063 0.060478199718706 0.0548523206751055 0.0675105485232067 0 0.0646976090014065 0.135021097046413 0.0281293952180028 0.0717299578059072 0.080168776371308 0.0548523206751055 0.0787623066104079
"gopAga" 0.111111111111111 0.0239099859353024 0.0309423347398031 0.0337552742616034 0.0267229254571027 0.029535864978903 0.0337552742616034 0.0492264416315049 0.0646976090014065 0 0.113924050632911 0.0675105485232067 0.0942334739803094 0.0857946554149086 0.0323488045007032 0.0928270042194093
"malTer" 0.168776371308017 0.115330520393812 0.10407876230661 0.0886075949367089 0.116736990154712 0.115330520393812 0.106891701828411 0.115330520393812 0.135021097046413 0.113924050632911 0 0.135021097046413 0.158931082981716 0.157524613220816 0.0914205344585091 0.149085794655415
"mesTub" 0.105485232067511 0.0689170182841069 0.0562587904360056 0.060478199718706 0.0632911392405063 0.060478199718706 0.0562587904360056 0.0689170182841069 0.0281293952180028 0.0675105485232067 0.135021097046413 0 0.0689170182841069 0.0843881856540084 0.0576652601969058 0.0745428973277075
"pelCas" 0.123769338959212 0.0914205344585091 0.0829817158931083 0.0886075949367089 0.0829817158931083 0.0787623066104079 0.0857946554149086 0.0928270042194093 0.0717299578059072 0.0942334739803094 0.158931082981716 0.0689170182841069 0 0.113924050632911 0.0843881856540084 0.0717299578059072
"pelSin" 0.106891701828411 0.0928270042194093 0.0773558368495077 0.080168776371308 0.0872011251758087 0.0872011251758087 0.0731364275668073 0.0928270042194093 0.080168776371308 0.0857946554149086 0.157524613220816 0.0843881856540084 0.113924050632911 0 0.0815752461322082 0.113924050632911
"plaMeg" 0.10267229254571 0.0323488045007032 0.0210970464135021 0.0112517580872011 0.0337552742616034 0.0337552742616034 0.0239099859353024 0.0393811533052039 0.0548523206751055 0.0323488045007032 0.0914205344585091 0.0576652601969058 0.0843881856540084 0.0815752461322082 0 0.0829817158931083
"podExp" 0.127988748241913 0.0942334739803094 0.0829817158931083 0.0815752461322082 0.0872011251758087 0.0843881856540084 0.0857946554149086 0.090014064697609 0.0787623066104079 0.0928270042194093 0.149085794655415 0.0745428973277075 0.0717299578059072 0.113924050632911 0.0829817158931083 0
