"carIns" "cheAbi" "cheMyd" "chrPic" "cuoAmb" "cuoMcc" "derCor" "derMaw" "emySub" "gopAga" "malTer" "mesTub" "pelCas" "pelSin" "plaMeg" "podExp" "terMex"
"carIns" 0 0.0866965620328849 0.0956651718983558 0.0881913303437967 0.077727952167414 0.0762331838565022 0.0926756352765321 0.0911808669656203 0.0822122571001495 0.0852017937219731 0.0852017937219731 0.0837070254110613 0.116591928251121 0.0881913303437967 0.0941704035874439 0.0971599402092676 0.170403587443946
"cheAbi" 0.0866965620328849 0 0.0269058295964126 0.0224215246636771 0.0149476831091181 0.0164424514200299 0.0194319880418535 0.0269058295964126 0.0672645739910314 0.0149476831091181 0.0194319880418535 0.0597907324364723 0.0881913303437967 0.0582959641255605 0.038863976083707 0.0792227204783259 0.118086696562033
"cheMyd" 0.0956651718983558 0.0269058295964126 0 0.0328849028400598 0.0239162929745889 0.0254110612855007 0.0164424514200299 0.038863976083707 0.0717488789237668 0.0269058295964126 0.0298953662182362 0.0642750373692078 0.0911808669656203 0.0672645739910314 0.0463378176382661 0.0866965620328849 0.118086696562033
"chrPic" 0.0881913303437967 0.0224215246636771 0.0328849028400598 0 0.0164424514200299 0.0179372197309417 0.0254110612855007 0.0358744394618834 0.0657698056801196 0.0239162929745889 0.00298953662182362 0.0612855007473842 0.0896860986547085 0.0568011958146487 0.0373692077727952 0.0807174887892377 0.112107623318386
"cuoAmb" 0.077727952167414 0.0149476831091181 0.0239162929745889 0.0164424514200299 0 0.00149476831091181 0.0194319880418535 0.0254110612855007 0.0523168908819133 0.0104633781763827 0.0134529147982063 0.0478325859491779 0.0762331838565022 0.0493273542600897 0.0298953662182362 0.0672645739910314 0.109118086696562
"cuoMcc" 0.0762331838565022 0.0164424514200299 0.0254110612855007 0.0179372197309417 0.00149476831091181 0 0.0209267563527653 0.0269058295964126 0.0538116591928251 0.0119581464872945 0.0149476831091181 0.0493273542600897 0.077727952167414 0.0508221225710015 0.031390134529148 0.0657698056801196 0.110612855007474
"derCor" 0.0926756352765321 0.0194319880418535 0.0164424514200299 0.0254110612855007 0.0194319880418535 0.0209267563527653 0 0.0343796711509716 0.0672645739910314 0.0239162929745889 0.0224215246636771 0.0582959641255605 0.0866965620328849 0.0642750373692078 0.0433482810164425 0.0822122571001495 0.122571001494768
"derMaw" 0.0911808669656203 0.0269058295964126 0.038863976083707 0.0358744394618834 0.0254110612855007 0.0269058295964126 0.0343796711509716 0 0.0717488789237668 0.0298953662182362 0.0328849028400598 0.0642750373692078 0.0926756352765321 0.062780269058296 0.0478325859491779 0.0837070254110613 0.119581464872945
"emySub" 0.0822122571001495 0.0672645739910314 0.0717488789237668 0.0657698056801196 0.0523168908819133 0.0538116591928251 0.0672645739910314 0.0717488789237668 0 0.062780269058296 0.062780269058296 0.0298953662182362 0.070254110612855 0.0642750373692078 0.0762331838565022 0.070254110612855 0.149476831091181
"gopAga" 0.0852017937219731 0.0149476831091181 0.0269058295964126 0.0239162929745889 0.0104633781763827 0.0119581464872945 0.0239162929745889 0.0298953662182362 0.062780269058296 0 0.0209267563527653 0.0582959641255605 0.0866965620328849 0.0568011958146487 0.0343796711509716 0.077727952167414 0.113602391629297
"malTer" 0.0852017937219731 0.0194319880418535 0.0298953662182362 0.00298953662182362 0.0134529147982063 0.0149476831091181 0.0224215246636771 0.0328849028400598 0.062780269058296 0.0209267563527653 0 0.0582959641255605 0.0866965620328849 0.0568011958146487 0.0343796711509716 0.077727952167414 0.109118086696562
"mesTub" 0.0837070254110613 0.0597907324364723 0.0642750373692078 0.0612855007473842 0.0478325859491779 0.0493273542600897 0.0582959641255605 0.0642750373692078 0.0298953662182362 0.0582959641255605 0.0582959641255605 0 0.0642750373692078 0.0657698056801196 0.0747384155455904 0.062780269058296 0.146487294469357
"pelCas" 0.116591928251121 0.0881913303437967 0.0911808669656203 0.0896860986547085 0.0762331838565022 0.077727952167414 0.0866965620328849 0.0926756352765321 0.070254110612855 0.0866965620328849 0.0866965620328849 0.0642750373692078 0 0.100149476831091 0.0941704035874439 0.0523168908819133 0.162929745889387
"pelSin" 0.0881913303437967 0.0582959641255605 0.0672645739910314 0.0568011958146487 0.0493273542600897 0.0508221225710015 0.0642750373692078 0.062780269058296 0.0642750373692078 0.0568011958146487 0.0568011958146487 0.0657698056801196 0.100149476831091 0 0.0687593423019432 0.0896860986547085 0.146487294469357
"plaMeg" 0.0941704035874439 0.038863976083707 0.0463378176382661 0.0373692077727952 0.0298953662182362 0.031390134529148 0.0433482810164425 0.0478325859491779 0.0762331838565022 0.0343796711509716 0.0343796711509716 0.0747384155455904 0.0941704035874439 0.0687593423019432 0 0.0837070254110613 0.122571001494768
"podExp" 0.0971599402092676 0.0792227204783259 0.0866965620328849 0.0807174887892377 0.0672645739910314 0.0657698056801196 0.0822122571001495 0.0837070254110613 0.070254110612855 0.077727952167414 0.077727952167414 0.062780269058296 0.0523168908819133 0.0896860986547085 0.0837070254110613 0 0.162929745889387
"terMex" 0.170403587443946 0.118086696562033 0.118086696562033 0.112107623318386 0.109118086696562 0.110612855007474 0.122571001494768 0.119581464872945 0.149476831091181 0.113602391629297 0.109118086696562 0.146487294469357 0.162929745889387 0.146487294469357 0.122571001494768 0.162929745889387 0
