"carIns" "cheAbi" "cheMyd" "cheSer" "chrPic" "cuoMcc" "derCor" "derMaw" "emySub" "gopAga" "malTer" "mesTub" "pelCas" "pelSin" "plaMeg" "terMex"
"carIns" 0 0.0345528455284553 0.0386178861788618 0.0345528455284553 0.0345528455284553 0.0386178861788618 0.0386178861788618 0.0508130081300813 0.048780487804878 0.032520325203252 0.0386178861788618 0.0609756097560976 0.0589430894308943 0.0589430894308943 0.032520325203252 0.0345528455284553
"cheAbi" 0.0345528455284553 0 0.0121951219512195 0.0101626016260163 0.00813008130081301 0.00609756097560976 0.0121951219512195 0.0284552845528455 0.0345528455284553 0.00203252032520325 0.0121951219512195 0.0345528455284553 0.0467479674796748 0.0386178861788618 0.00609756097560976 0.00813008130081301
"cheMyd" 0.0386178861788618 0.0121951219512195 0 0.0142276422764228 0.0121951219512195 0.0182926829268293 0.0121951219512195 0.032520325203252 0.0386178861788618 0.0142276422764228 0.016260162601626 0.0467479674796748 0.0508130081300813 0.0386178861788618 0.0101626016260163 0.0121951219512195
"cheSer" 0.0345528455284553 0.0101626016260163 0.0142276422764228 0 0.0101626016260163 0.016260162601626 0.0142276422764228 0.0304878048780488 0.0304878048780488 0.0121951219512195 0.0142276422764228 0.0426829268292683 0.040650406504065 0.040650406504065 0.00813008130081301 0.0101626016260163
"chrPic" 0.0345528455284553 0.00813008130081301 0.0121951219512195 0.0101626016260163 0 0.0142276422764228 0.0121951219512195 0.0284552845528455 0.0345528455284553 0.0101626016260163 0.0040650406504065 0.0426829268292683 0.0467479674796748 0.0386178861788618 0.00609756097560976 0.0040650406504065
"cuoMcc" 0.0386178861788618 0.00609756097560976 0.0182926829268293 0.016260162601626 0.0142276422764228 0 0.0182926829268293 0.0345528455284553 0.0365853658536585 0.00813008130081301 0.0182926829268293 0.0365853658536585 0.048780487804878 0.0447154471544715 0.0121951219512195 0.0142276422764228
"derCor" 0.0386178861788618 0.0121951219512195 0.0121951219512195 0.0142276422764228 0.0121951219512195 0.0182926829268293 0 0.032520325203252 0.0386178861788618 0.0142276422764228 0.016260162601626 0.0467479674796748 0.0508130081300813 0.0386178861788618 0.0101626016260163 0.0121951219512195
"derMaw" 0.0508130081300813 0.0284552845528455 0.032520325203252 0.0304878048780488 0.0284552845528455 0.0345528455284553 0.032520325203252 0 0.0528455284552846 0.0304878048780488 0.032520325203252 0.0609756097560976 0.0630081300813008 0.0589430894308943 0.0264227642276423 0.0284552845528455
"emySub" 0.048780487804878 0.0345528455284553 0.0386178861788618 0.0304878048780488 0.0345528455284553 0.0365853658536585 0.0386178861788618 0.0528455284552846 0 0.0365853658536585 0.0365853658536585 0.0182926829268293 0.0304878048780488 0.0589430894308943 0.032520325203252 0.0345528455284553
"gopAga" 0.032520325203252 0.00203252032520325 0.0142276422764228 0.0121951219512195 0.0101626016260163 0.00813008130081301 0.0142276422764228 0.0304878048780488 0.0365853658536585 0 0.0142276422764228 0.0365853658536585 0.0447154471544715 0.040650406504065 0.00813008130081301 0.0101626016260163
"malTer" 0.0386178861788618 0.0121951219512195 0.016260162601626 0.0142276422764228 0.0040650406504065 0.0182926829268293 0.016260162601626 0.032520325203252 0.0365853658536585 0.0142276422764228 0 0.0447154471544715 0.0508130081300813 0.0426829268292683 0.0101626016260163 0.00813008130081301
"mesTub" 0.0609756097560976 0.0345528455284553 0.0467479674796748 0.0426829268292683 0.0426829268292683 0.0365853658536585 0.0467479674796748 0.0609756097560976 0.0182926829268293 0.0365853658536585 0.0447154471544715 0 0.0447154471544715 0.0670731707317073 0.040650406504065 0.0426829268292683
"pelCas" 0.0589430894308943 0.0467479674796748 0.0508130081300813 0.040650406504065 0.0467479674796748 0.048780487804878 0.0508130081300813 0.0630081300813008 0.0304878048780488 0.0447154471544715 0.0508130081300813 0.0447154471544715 0 0.0670731707317073 0.0447154471544715 0.0467479674796748
"pelSin" 0.0589430894308943 0.0386178861788618 0.0386178861788618 0.040650406504065 0.0386178861788618 0.0447154471544715 0.0386178861788618 0.0589430894308943 0.0589430894308943 0.040650406504065 0.0426829268292683 0.0670731707317073 0.0670731707317073 0 0.0365853658536585 0.0386178861788618
"plaMeg" 0.032520325203252 0.00609756097560976 0.0101626016260163 0.00813008130081301 0.00609756097560976 0.0121951219512195 0.0101626016260163 0.0264227642276423 0.032520325203252 0.00813008130081301 0.0101626016260163 0.040650406504065 0.0447154471544715 0.0365853658536585 0 0.00609756097560976
"terMex" 0.0345528455284553 0.00813008130081301 0.0121951219512195 0.0101626016260163 0.0040650406504065 0.0142276422764228 0.0121951219512195 0.0284552845528455 0.0345528455284553 0.0101626016260163 0.00813008130081301 0.0426829268292683 0.0467479674796748 0.0386178861788618 0.00609756097560976 0
