"carIns" "cheAbi" "cheMyd" "cheSer" "chrPic" "cuoAmb" "cuoMcc" "derCor" "derMaw" "emySub" "gopAga" "malTer" "mesTub" "pelCas" "pelSin" "plaMeg" "podExp" "terMex"
"carIns" 0 0.117229129662522 0.11190053285968 0.103019538188277 0.0923623445825933 0.117229129662522 0.11190053285968 0.0959147424511545 0.161634103019538 0.117229129662522 0.129662522202487 0.0923623445825933 0.129662522202487 0.172291296625222 0.142095914742451 0.101243339253996 0.202486678507993 0.0959147424511545
"cheAbi" 0.117229129662522 0 0.0870337477797513 0.0568383658969805 0.0461811722912966 0.0461811722912966 0.0408525754884547 0.0550621669626998 0.133214920071048 0.0728241563055062 0.0674955595026643 0.0479573712255773 0.088809946714032 0.140319715808171 0.115452930728242 0.0497335701598579 0.177619893428064 0.0461811722912966
"cheMyd" 0.11190053285968 0.0870337477797513 0 0.0603907637655417 0.0550621669626998 0.0728241563055062 0.0692717584369449 0.0532859680284192 0.103019538188277 0.0923623445825933 0.0746003552397869 0.0568383658969805 0.0941385435168739 0.163410301953819 0.127886323268206 0.0550621669626998 0.163410301953819 0.0550621669626998
"cheSer" 0.103019538188277 0.0568383658969805 0.0603907637655417 0 0.0266429840142096 0.0461811722912966 0.0390763765541741 0.0319715808170515 0.103019538188277 0.0621669626998224 0.0674955595026643 0.0284191829484902 0.0710479573712256 0.131438721136767 0.0994671403197158 0.0284191829484902 0.154529307282416 0.0266429840142096
"chrPic" 0.0923623445825933 0.0461811722912966 0.0550621669626998 0.0266429840142096 0 0.0355239786856128 0.0284191829484902 0.0266429840142096 0.106571936056838 0.0550621669626998 0.0568383658969805 0.00177619893428064 0.0603907637655417 0.131438721136767 0.0941385435168739 0.0159857904085258 0.152753108348135 0.00710479573712256
"cuoAmb" 0.117229129662522 0.0461811722912966 0.0728241563055062 0.0461811722912966 0.0355239786856128 0 0.00710479573712256 0.0426287744227353 0.127886323268206 0.0674955595026643 0.0586145648312611 0.0373001776198934 0.0763765541740675 0.136767317939609 0.104795737122558 0.0373001776198934 0.165186500888099 0.0355239786856128
"cuoMcc" 0.11190053285968 0.0408525754884547 0.0692717584369449 0.0390763765541741 0.0284191829484902 0.00710479573712256 0 0.0373001776198934 0.120781527531083 0.063943161634103 0.0515097690941385 0.0301953818827709 0.0728241563055062 0.133214920071048 0.104795737122558 0.0337477797513321 0.161634103019538 0.0284191829484902
"derCor" 0.0959147424511545 0.0550621669626998 0.0532859680284192 0.0319715808170515 0.0266429840142096 0.0426287744227353 0.0373001776198934 0 0.1101243339254 0.0621669626998224 0.0674955595026643 0.0284191829484902 0.0674955595026643 0.131438721136767 0.101243339253996 0.0284191829484902 0.163410301953819 0.0266429840142096
"derMaw" 0.161634103019538 0.133214920071048 0.103019538188277 0.103019538188277 0.106571936056838 0.127886323268206 0.120781527531083 0.1101243339254 0 0.129662522202487 0.129662522202487 0.108348134991119 0.136767317939609 0.188277087033748 0.168738898756661 0.1101243339254 0.186500888099467 0.106571936056838
"emySub" 0.117229129662522 0.0728241563055062 0.0923623445825933 0.0621669626998224 0.0550621669626998 0.0674955595026643 0.063943161634103 0.0621669626998224 0.129662522202487 0 0.0941385435168739 0.0568383658969805 0.0373001776198934 0.127886323268206 0.119005328596803 0.0586145648312611 0.163410301953819 0.0568383658969805
"gopAga" 0.129662522202487 0.0674955595026643 0.0746003552397869 0.0674955595026643 0.0568383658969805 0.0586145648312611 0.0515097690941385 0.0674955595026643 0.129662522202487 0.0941385435168739 0 0.0586145648312611 0.106571936056838 0.163410301953819 0.136767317939609 0.0586145648312611 0.16696269982238 0.0568383658969805
"malTer" 0.0923623445825933 0.0479573712255773 0.0568383658969805 0.0284191829484902 0.00177619893428064 0.0373001776198934 0.0301953818827709 0.0284191829484902 0.108348134991119 0.0568383658969805 0.0586145648312611 0 0.0621669626998224 0.133214920071048 0.0959147424511545 0.0177619893428064 0.154529307282416 0.0088809946714032
"mesTub" 0.129662522202487 0.088809946714032 0.0941385435168739 0.0710479573712256 0.0603907637655417 0.0763765541740675 0.0728241563055062 0.0674955595026643 0.136767317939609 0.0373001776198934 0.106571936056838 0.0621669626998224 0 0.131438721136767 0.120781527531083 0.0657193605683837 0.165186500888099 0.0621669626998224
"pelCas" 0.172291296625222 0.140319715808171 0.163410301953819 0.131438721136767 0.131438721136767 0.136767317939609 0.133214920071048 0.131438721136767 0.188277087033748 0.127886323268206 0.163410301953819 0.133214920071048 0.131438721136767 0 0.156305506216696 0.131438721136767 0.158081705150977 0.131438721136767
"pelSin" 0.142095914742451 0.115452930728242 0.127886323268206 0.0994671403197158 0.0941385435168739 0.104795737122558 0.104795737122558 0.101243339253996 0.168738898756661 0.119005328596803 0.136767317939609 0.0959147424511545 0.120781527531083 0.156305506216696 0 0.0959147424511545 0.190053285968028 0.0941385435168739
"plaMeg" 0.101243339253996 0.0497335701598579 0.0550621669626998 0.0284191829484902 0.0159857904085258 0.0373001776198934 0.0337477797513321 0.0284191829484902 0.1101243339254 0.0586145648312611 0.0586145648312611 0.0177619893428064 0.0657193605683837 0.131438721136767 0.0959147424511545 0 0.152753108348135 0.0159857904085258
"podExp" 0.202486678507993 0.177619893428064 0.163410301953819 0.154529307282416 0.152753108348135 0.165186500888099 0.161634103019538 0.163410301953819 0.186500888099467 0.163410301953819 0.16696269982238 0.154529307282416 0.165186500888099 0.158081705150977 0.190053285968028 0.152753108348135 0 0.152753108348135
"terMex" 0.0959147424511545 0.0461811722912966 0.0550621669626998 0.0266429840142096 0.00710479573712256 0.0355239786856128 0.0284191829484902 0.0266429840142096 0.106571936056838 0.0568383658969805 0.0568383658969805 0.0088809946714032 0.0621669626998224 0.131438721136767 0.0941385435168739 0.0159857904085258 0.152753108348135 0
