"carIns" "cheAbi" "cheMyd" "cheSer" "chrPic" "cuoAmb" "cuoMcc" "derCor" "derMaw" "emySub" "gopAga" "malTer" "mesTub" "pelCas" "pelSin" "plaMeg" "podExp" "terMex"
"carIns" 0 0.104651162790698 0.0917312661498708 0.0904392764857881 0.0891472868217054 0.0956072351421189 0.0968992248062016 0.0994832041343669 0.109819121447028 0.130490956072351 0.0917312661498708 0.103359173126615 0.127906976744186 0.142118863049096 0.111111111111111 0.082687338501292 0.161498708010336 0.0852713178294574
"cheAbi" 0.104651162790698 0 0.0516795865633075 0.0542635658914729 0.0490956072351421 0.0439276485788114 0.0465116279069767 0.062015503875969 0.0697674418604651 0.0956072351421189 0.0387596899224806 0.0581395348837209 0.0956072351421189 0.124031007751938 0.0994832041343669 0.0452196382428941 0.140826873385013 0.0439276485788114
"cheMyd" 0.0917312661498708 0.0516795865633075 0 0.0348837209302326 0.0348837209302326 0.0400516795865633 0.0426356589147287 0.0297157622739018 0.0581395348837209 0.0852713178294574 0.0426356589147287 0.0503875968992248 0.08656330749354 0.10077519379845 0.0775193798449612 0.0297157622739018 0.12015503875969 0.0310077519379845
"cheSer" 0.0904392764857881 0.0542635658914729 0.0348837209302326 0 0.0322997416020672 0.0387596899224806 0.041343669250646 0.0439276485788114 0.0478036175710594 0.0801033591731266 0.0400516795865633 0.0465116279069767 0.0813953488372093 0.102067183462532 0.0788113695090439 0.0258397932816537 0.12015503875969 0.0310077519379845
"chrPic" 0.0891472868217054 0.0490956072351421 0.0348837209302326 0.0322997416020672 0 0.0374677002583979 0.0400516795865633 0.0439276485788114 0.0581395348837209 0.0878552971576227 0.0400516795865633 0.0232558139534884 0.0904392764857881 0.111111111111111 0.08656330749354 0.020671834625323 0.124031007751938 0.0116279069767442
"cuoAmb" 0.0956072351421189 0.0439276485788114 0.0400516795865633 0.0387596899224806 0.0374677002583979 0 0.0103359173126615 0.0529715762273902 0.0607235142118863 0.0878552971576227 0.0310077519379845 0.0452196382428941 0.0878552971576227 0.109819121447028 0.0891472868217054 0.0271317829457364 0.129198966408269 0.0310077519379845
"cuoMcc" 0.0968992248062016 0.0465116279069767 0.0426356589147287 0.041343669250646 0.0400516795865633 0.0103359173126615 0 0.0529715762273902 0.0607235142118863 0.0917312661498708 0.0335917312661499 0.0503875968992248 0.0917312661498708 0.113695090439276 0.0891472868217054 0.0322997416020672 0.130490956072351 0.0361757105943152
"derCor" 0.0994832041343669 0.062015503875969 0.0297157622739018 0.0439276485788114 0.0439276485788114 0.0529715762273902 0.0529715762273902 0 0.062015503875969 0.0943152454780362 0.0516795865633075 0.0594315245478036 0.0956072351421189 0.117571059431525 0.0904392764857881 0.041343669250646 0.134366925064599 0.0400516795865633
"derMaw" 0.109819121447028 0.0697674418604651 0.0581395348837209 0.0478036175710594 0.0581395348837209 0.0607235142118863 0.0607235142118863 0.062015503875969 0 0.0930232558139535 0.0633074935400517 0.0723514211886305 0.0994832041343669 0.114987080103359 0.0956072351421189 0.0529715762273902 0.129198966408269 0.0542635658914729
"emySub" 0.130490956072351 0.0956072351421189 0.0852713178294574 0.0801033591731266 0.0878552971576227 0.0878552971576227 0.0917312661498708 0.0943152454780362 0.0930232558139535 0 0.0943152454780362 0.10077519379845 0.0503875968992248 0.0813953488372093 0.107235142118863 0.0775193798449612 0.0956072351421189 0.0839793281653747
"gopAga" 0.0917312661498708 0.0387596899224806 0.0426356589147287 0.0400516795865633 0.0400516795865633 0.0310077519379845 0.0335917312661499 0.0516795865633075 0.0633074935400517 0.0943152454780362 0 0.0516795865633075 0.0917312661498708 0.116279069767442 0.0904392764857881 0.0322997416020672 0.133074935400517 0.0361757105943152
"malTer" 0.103359173126615 0.0581395348837209 0.0503875968992248 0.0465116279069767 0.0232558139534884 0.0452196382428941 0.0503875968992248 0.0594315245478036 0.0723514211886305 0.10077519379845 0.0516795865633075 0 0.103359173126615 0.12015503875969 0.0956072351421189 0.0322997416020672 0.138242894056848 0.0245478036175711
"mesTub" 0.127906976744186 0.0956072351421189 0.08656330749354 0.0813953488372093 0.0904392764857881 0.0878552971576227 0.0917312661498708 0.0956072351421189 0.0994832041343669 0.0503875968992248 0.0917312661498708 0.103359173126615 0 0.0930232558139535 0.112403100775194 0.0813953488372093 0.108527131782946 0.0852713178294574
"pelCas" 0.142118863049096 0.124031007751938 0.10077519379845 0.102067183462532 0.111111111111111 0.109819121447028 0.113695090439276 0.117571059431525 0.114987080103359 0.0813953488372093 0.116279069767442 0.12015503875969 0.0930232558139535 0 0.131782945736434 0.102067183462532 0.0930232558139535 0.10594315245478
"pelSin" 0.111111111111111 0.0994832041343669 0.0775193798449612 0.0788113695090439 0.08656330749354 0.0891472868217054 0.0891472868217054 0.0904392764857881 0.0956072351421189 0.107235142118863 0.0904392764857881 0.0956072351421189 0.112403100775194 0.131782945736434 0 0.0801033591731266 0.145994832041344 0.082687338501292
"plaMeg" 0.082687338501292 0.0452196382428941 0.0297157622739018 0.0258397932816537 0.020671834625323 0.0271317829457364 0.0322997416020672 0.041343669250646 0.0529715762273902 0.0775193798449612 0.0322997416020672 0.0322997416020672 0.0813953488372093 0.102067183462532 0.0801033591731266 0 0.118863049095607 0.0142118863049096
"podExp" 0.161498708010336 0.140826873385013 0.12015503875969 0.12015503875969 0.124031007751938 0.129198966408269 0.130490956072351 0.134366925064599 0.129198966408269 0.0956072351421189 0.133074935400517 0.138242894056848 0.108527131782946 0.0930232558139535 0.145994832041344 0.118863049095607 0 0.121447028423773
"terMex" 0.0852713178294574 0.0439276485788114 0.0310077519379845 0.0310077519379845 0.0116279069767442 0.0310077519379845 0.0361757105943152 0.0400516795865633 0.0542635658914729 0.0839793281653747 0.0361757105943152 0.0245478036175711 0.0852713178294574 0.10594315245478 0.082687338501292 0.0142118863049096 0.121447028423773 0
