"carIns" "cheAbi" "cheMyd" "cheSer" "chrPic" "cuoAmb" "cuoMcc" "derCor" "derMaw" "emySub" "gopAga" "malTer" "mesTub" "pelCas" "pelSin" "plaMeg" "podExp" "terMex"
"carIns" 0 0.223943661971831 0.212676056338028 0.187323943661972 0.185915492957746 0.212676056338028 0.191549295774648 0.192957746478873 0.18169014084507 0.191549295774648 0.192957746478873 0.18169014084507 0.192957746478873 0.205633802816901 0.228169014084507 0.18169014084507 0.205633802816901 0.183098591549296
"cheAbi" 0.223943661971831 0 0.0690140845070423 0.071830985915493 0.0647887323943662 0.0605633802816901 0.0507042253521127 0.0732394366197183 0.071830985915493 0.101408450704225 0.0507042253521127 0.0661971830985915 0.101408450704225 0.128169014084507 0.215492957746479 0.0577464788732394 0.122535211267606 0.0647887323943662
"cheMyd" 0.212676056338028 0.0690140845070423 0 0.0577464788732394 0.0507042253521127 0.0676056338028169 0.0605633802816901 0.0507042253521127 0.0619718309859155 0.0929577464788732 0.0633802816901408 0.052112676056338 0.0873239436619718 0.11830985915493 0.214084507042254 0.0464788732394366 0.119718309859155 0.0507042253521127
"cheSer" 0.187323943661972 0.071830985915493 0.0577464788732394 0 0.0295774647887324 0.0633802816901408 0.0380281690140845 0.0352112676056338 0.0408450704225352 0.0676056338028169 0.0394366197183099 0.028169014084507 0.0605633802816901 0.0943661971830986 0.212676056338028 0.0225352112676056 0.0887323943661972 0.0295774647887324
"chrPic" 0.185915492957746 0.0647887323943662 0.0507042253521127 0.0295774647887324 0 0.0605633802816901 0.0309859154929577 0.028169014084507 0.028169014084507 0.0619718309859155 0.0352112676056338 0.00704225352112676 0.0563380281690141 0.0929577464788732 0.207042253521127 0.0154929577464789 0.0859154929577465 0.00845070422535211
"cuoAmb" 0.212676056338028 0.0605633802816901 0.0676056338028169 0.0633802816901408 0.0605633802816901 0 0.0380281690140845 0.0690140845070423 0.0704225352112676 0.1 0.0563380281690141 0.0619718309859155 0.0971830985915493 0.128169014084507 0.215492957746479 0.0563380281690141 0.116901408450704 0.0605633802816901
"cuoMcc" 0.191549295774648 0.0507042253521127 0.0605633802816901 0.0380281690140845 0.0309859154929577 0.0380281690140845 0 0.0436619718309859 0.0450704225352113 0.0746478873239437 0.0253521126760563 0.0323943661971831 0.071830985915493 0.101408450704225 0.214084507042254 0.028169014084507 0.1 0.0309859154929577
"derCor" 0.192957746478873 0.0732394366197183 0.0507042253521127 0.0352112676056338 0.028169014084507 0.0690140845070423 0.0436619718309859 0 0.0394366197183099 0.0647887323943662 0.0464788732394366 0.0295774647887324 0.0633802816901408 0.0971830985915493 0.216901408450704 0.0267605633802817 0.0929577464788732 0.0309859154929577
"derMaw" 0.18169014084507 0.071830985915493 0.0619718309859155 0.0408450704225352 0.028169014084507 0.0704225352112676 0.0450704225352113 0.0394366197183099 0 0.0704225352112676 0.0450704225352113 0.0295774647887324 0.0676056338028169 0.0915492957746479 0.204225352112676 0.0267605633802817 0.0802816901408451 0.0309859154929577
"emySub" 0.191549295774648 0.101408450704225 0.0929577464788732 0.0676056338028169 0.0619718309859155 0.1 0.0746478873239437 0.0647887323943662 0.0704225352112676 0 0.0732394366197183 0.0633802816901408 0.0422535211267606 0.0788732394366197 0.216901408450704 0.0577464788732394 0.0859154929577465 0.0647887323943662
"gopAga" 0.192957746478873 0.0507042253521127 0.0633802816901408 0.0394366197183099 0.0352112676056338 0.0563380281690141 0.0253521126760563 0.0464788732394366 0.0450704225352113 0.0732394366197183 0 0.0338028169014084 0.0661971830985915 0.102816901408451 0.211267605633803 0.0253521126760563 0.0985915492957746 0.0352112676056338
"malTer" 0.18169014084507 0.0661971830985915 0.052112676056338 0.028169014084507 0.00704225352112676 0.0619718309859155 0.0323943661971831 0.0295774647887324 0.0295774647887324 0.0633802816901408 0.0338028169014084 0 0.0549295774647887 0.0943661971830986 0.207042253521127 0.0140845070422535 0.0845070422535211 0.00985915492957747
"mesTub" 0.192957746478873 0.101408450704225 0.0873239436619718 0.0605633802816901 0.0563380281690141 0.0971830985915493 0.071830985915493 0.0633802816901408 0.0676056338028169 0.0422535211267606 0.0661971830985915 0.0549295774647887 0 0.0802816901408451 0.21830985915493 0.0492957746478873 0.0788732394366197 0.0563380281690141
"pelCas" 0.205633802816901 0.128169014084507 0.11830985915493 0.0943661971830986 0.0929577464788732 0.128169014084507 0.101408450704225 0.0971830985915493 0.0915492957746479 0.0788732394366197 0.102816901408451 0.0943661971830986 0.0802816901408451 0 0.238028169014084 0.0873239436619718 0.0774647887323944 0.0929577464788732
"pelSin" 0.228169014084507 0.215492957746479 0.214084507042254 0.212676056338028 0.207042253521127 0.215492957746479 0.214084507042254 0.216901408450704 0.204225352112676 0.216901408450704 0.211267605633803 0.207042253521127 0.21830985915493 0.238028169014084 0 0.205633802816901 0.230985915492958 0.204225352112676
"plaMeg" 0.18169014084507 0.0577464788732394 0.0464788732394366 0.0225352112676056 0.0154929577464789 0.0563380281690141 0.028169014084507 0.0267605633802817 0.0267605633802817 0.0577464788732394 0.0253521126760563 0.0140845070422535 0.0492957746478873 0.0873239436619718 0.205633802816901 0 0.0816901408450704 0.0154929577464789
"podExp" 0.205633802816901 0.122535211267606 0.119718309859155 0.0887323943661972 0.0859154929577465 0.116901408450704 0.1 0.0929577464788732 0.0802816901408451 0.0859154929577465 0.0985915492957746 0.0845070422535211 0.0788732394366197 0.0774647887323944 0.230985915492958 0.0816901408450704 0 0.0887323943661972
"terMex" 0.183098591549296 0.0647887323943662 0.0507042253521127 0.0295774647887324 0.00845070422535211 0.0605633802816901 0.0309859154929577 0.0309859154929577 0.0309859154929577 0.0647887323943662 0.0352112676056338 0.00985915492957747 0.0563380281690141 0.0929577464788732 0.204225352112676 0.0154929577464789 0.0887323943661972 0
