"carIns" "cheAbi" "cheMyd" "cheSer" "chrPic" "cuoAmb" "cuoMcc" "derCor" "derMaw" "emySub" "gopAga" "malTer" "mesTub" "pelCas" "pelSin" "plaMeg" "podExp" "terMex"
"carIns" 0 0.138845553822153 0.137285491419657 0.12792511700468 0.131045241809672 0.132605304212168 0.132605304212168 0.131045241809672 0.129485179407176 0.170046801872075 0.131045241809672 0.132605304212168 0.129485179407176 0.166926677067083 0.198127925117005 0.121684867394696 0.202808112324493 0.123244929797192
"cheAbi" 0.138845553822153 0 0.0639625585023401 0.0546021840873635 0.0390015600624025 0.0343213728549142 0.0327613104524181 0.062402496099844 0.0561622464898596 0.140405616224649 0.0218408736349454 0.0374414976599064 0.106084243369735 0.141965678627145 0.174726989079563 0.0343213728549142 0.179407176287051 0.0280811232449298
"cheMyd" 0.137285491419657 0.0639625585023401 0 0.0499219968798752 0.0452418096723869 0.0483619344773791 0.0483619344773791 0.0249609984399376 0.0514820592823713 0.138845553822153 0.0561622464898596 0.046801872074883 0.106084243369735 0.146645865834633 0.173166926677067 0.046801872074883 0.177847113884555 0.0390015600624025
"cheSer" 0.12792511700468 0.0546021840873635 0.0499219968798752 0 0.0421216848673947 0.0483619344773791 0.0436817472698908 0.0499219968798752 0.0452418096723869 0.121684867394696 0.0499219968798752 0.0421216848673947 0.0920436817472699 0.135725429017161 0.16380655226209 0.0390015600624025 0.176287051482059 0.031201248049922
"chrPic" 0.131045241809672 0.0390015600624025 0.0452418096723869 0.0421216848673947 0 0.0296411856474259 0.0249609984399376 0.046801872074883 0.0514820592823713 0.134165366614665 0.0343213728549142 0.0078003120124805 0.0998439937597504 0.141965678627145 0.168486739469579 0.0202808112324493 0.176287051482059 0.0171606864274571
"cuoAmb" 0.132605304212168 0.0343213728549142 0.0483619344773791 0.0483619344773791 0.0296411856474259 0 0.0140405616224649 0.046801872074883 0.0561622464898596 0.137285491419657 0.0327613104524181 0.0265210608424337 0.0982839313572543 0.141965678627145 0.173166926677067 0.0249609984399376 0.179407176287051 0.0218408736349454
"cuoMcc" 0.132605304212168 0.0327613104524181 0.0483619344773791 0.0436817472698908 0.0249609984399376 0.0140405616224649 0 0.046801872074883 0.0514820592823713 0.132605304212168 0.0280811232449298 0.0218408736349454 0.0998439937597504 0.141965678627145 0.171606864274571 0.0202808112324493 0.177847113884555 0.0171606864274571
"derCor" 0.131045241809672 0.062402496099844 0.0249609984399376 0.0499219968798752 0.046801872074883 0.046801872074883 0.046801872074883 0 0.0546021840873635 0.134165366614665 0.0546021840873635 0.0452418096723869 0.102964118564743 0.146645865834633 0.174726989079563 0.0452418096723869 0.179407176287051 0.0374414976599064
"derMaw" 0.129485179407176 0.0561622464898596 0.0514820592823713 0.0452418096723869 0.0514820592823713 0.0561622464898596 0.0514820592823713 0.0546021840873635 0 0.134165366614665 0.0514820592823713 0.0499219968798752 0.0982839313572543 0.137285491419657 0.170046801872075 0.046801872074883 0.177847113884555 0.0374414976599064
"emySub" 0.170046801872075 0.140405616224649 0.138845553822153 0.121684867394696 0.134165366614665 0.137285491419657 0.132605304212168 0.134165366614665 0.134165366614665 0 0.131045241809672 0.134165366614665 0.093603744149766 0.185647425897036 0.166926677067083 0.12792511700468 0.201248049921997 0.124804992199688
"gopAga" 0.131045241809672 0.0218408736349454 0.0561622464898596 0.0499219968798752 0.0343213728549142 0.0327613104524181 0.0280811232449298 0.0546021840873635 0.0514820592823713 0.131045241809672 0 0.0327613104524181 0.0951638065522621 0.131045241809672 0.16380655226209 0.0296411856474259 0.166926677067083 0.0202808112324493
"malTer" 0.132605304212168 0.0374414976599064 0.046801872074883 0.0421216848673947 0.0078003120124805 0.0265210608424337 0.0218408736349454 0.0452418096723869 0.0499219968798752 0.134165366614665 0.0327613104524181 0 0.0998439937597504 0.141965678627145 0.168486739469579 0.0187207488299532 0.177847113884555 0.015600624024961
"mesTub" 0.129485179407176 0.106084243369735 0.106084243369735 0.0920436817472699 0.0998439937597504 0.0982839313572543 0.0998439937597504 0.102964118564743 0.0982839313572543 0.093603744149766 0.0951638065522621 0.0998439937597504 0 0.149765990639626 0.165366614664587 0.093603744149766 0.165366614664587 0.0904836193447738
"pelCas" 0.166926677067083 0.141965678627145 0.146645865834633 0.135725429017161 0.141965678627145 0.141965678627145 0.141965678627145 0.146645865834633 0.137285491419657 0.185647425897036 0.131045241809672 0.141965678627145 0.149765990639626 0 0.224648985959438 0.137285491419657 0.170046801872075 0.12792511700468
"pelSin" 0.198127925117005 0.174726989079563 0.173166926677067 0.16380655226209 0.168486739469579 0.173166926677067 0.171606864274571 0.174726989079563 0.170046801872075 0.166926677067083 0.16380655226209 0.168486739469579 0.165366614664587 0.224648985959438 0 0.162246489859594 0.221528861154446 0.157566302652106
"plaMeg" 0.121684867394696 0.0343213728549142 0.046801872074883 0.0390015600624025 0.0202808112324493 0.0249609984399376 0.0202808112324493 0.0452418096723869 0.046801872074883 0.12792511700468 0.0296411856474259 0.0187207488299532 0.093603744149766 0.137285491419657 0.162246489859594 0 0.16380655226209 0.0124804992199688
"podExp" 0.202808112324493 0.179407176287051 0.177847113884555 0.176287051482059 0.176287051482059 0.179407176287051 0.177847113884555 0.179407176287051 0.177847113884555 0.201248049921997 0.166926677067083 0.177847113884555 0.165366614664587 0.170046801872075 0.221528861154446 0.16380655226209 0 0.165366614664587
"terMex" 0.123244929797192 0.0280811232449298 0.0390015600624025 0.031201248049922 0.0171606864274571 0.0218408736349454 0.0171606864274571 0.0374414976599064 0.0374414976599064 0.124804992199688 0.0202808112324493 0.015600624024961 0.0904836193447738 0.12792511700468 0.157566302652106 0.0124804992199688 0.165366614664587 0
