"carIns" "cheAbi" "cheMyd" "cheSer" "chrPic" "cuoAmb" "cuoMcc" "derCor" "derMaw" "emySub" "gopAga" "malTer" "mesTub" "pelCas" "pelSin" "plaMeg" "podExp" "terMex"
"carIns" 0 0.0720720720720721 0.147147147147147 0.0750750750750751 0.0735735735735736 0.0705705705705706 0.0675675675675676 0.0795795795795796 0.0780780780780781 0.0840840840840841 0.0735735735735736 0.0765765765765766 0.0930930930930931 0.103603603603604 0.156156156156156 0.0645645645645646 0.0990990990990991 0.0720720720720721
"cheAbi" 0.0720720720720721 0 0.100600600600601 0.0255255255255255 0.024024024024024 0.018018018018018 0.015015015015015 0.0255255255255255 0.0435435435435435 0.057057057057057 0.0165165165165165 0.027027027027027 0.0675675675675676 0.0750750750750751 0.133633633633634 0.012012012012012 0.0675675675675676 0.0195195195195195
"cheMyd" 0.147147147147147 0.100600600600601 0 0.111111111111111 0.106606606606607 0.103603603603604 0.102102102102102 0.106606606606607 0.121621621621622 0.129129129129129 0.105105105105105 0.10960960960961 0.138138138138138 0.141141141141141 0.148648648648649 0.0990990990990991 0.135135135135135 0.105105105105105
"cheSer" 0.0750750750750751 0.0255255255255255 0.111111111111111 0 0.0255255255255255 0.0255255255255255 0.0225225225225225 0.0315315315315315 0.0435435435435435 0.0525525525525526 0.027027027027027 0.0285285285285285 0.0675675675675676 0.0795795795795796 0.145645645645646 0.0165165165165165 0.0675675675675676 0.024024024024024
"chrPic" 0.0735735735735736 0.024024024024024 0.106606606606607 0.0255255255255255 0 0.021021021021021 0.018018018018018 0.0315315315315315 0.045045045045045 0.0540540540540541 0.0255255255255255 0.003003003003003 0.0660660660660661 0.0750750750750751 0.142642642642643 0.012012012012012 0.0660660660660661 0.0135135135135135
"cuoAmb" 0.0705705705705706 0.018018018018018 0.103603603603604 0.0255255255255255 0.021021021021021 0 0.003003003003003 0.0315315315315315 0.039039039039039 0.051051051051051 0.0195195195195195 0.024024024024024 0.0630630630630631 0.0720720720720721 0.13963963963964 0.00900900900900901 0.0630630630630631 0.0165165165165165
"cuoMcc" 0.0675675675675676 0.015015015015015 0.102102102102102 0.0225225225225225 0.018018018018018 0.003003003003003 0 0.03003003003003 0.036036036036036 0.048048048048048 0.0165165165165165 0.021021021021021 0.0600600600600601 0.0690690690690691 0.138138138138138 0.00600600600600601 0.0615615615615616 0.0135135135135135
"derCor" 0.0795795795795796 0.0255255255255255 0.106606606606607 0.0315315315315315 0.0315315315315315 0.0315315315315315 0.03003003003003 0 0.0555555555555556 0.0630630630630631 0.0285285285285285 0.0345345345345345 0.0750750750750751 0.0825825825825826 0.142642642642643 0.024024024024024 0.0750750750750751 0.0315315315315315
"derMaw" 0.0780780780780781 0.0435435435435435 0.121621621621622 0.0435435435435435 0.045045045045045 0.039039039039039 0.036036036036036 0.0555555555555556 0 0.0615615615615616 0.048048048048048 0.048048048048048 0.0750750750750751 0.0780780780780781 0.147147147147147 0.036036036036036 0.0780780780780781 0.0435435435435435
"emySub" 0.0840840840840841 0.057057057057057 0.129129129129129 0.0525525525525526 0.0540540540540541 0.051051051051051 0.048048048048048 0.0630630630630631 0.0615615615615616 0 0.057057057057057 0.057057057057057 0.042042042042042 0.0525525525525526 0.153153153153153 0.045045045045045 0.051051051051051 0.0525525525525526
"gopAga" 0.0735735735735736 0.0165165165165165 0.105105105105105 0.027027027027027 0.0255255255255255 0.0195195195195195 0.0165165165165165 0.0285285285285285 0.048048048048048 0.057057057057057 0 0.0285285285285285 0.0660660660660661 0.0720720720720721 0.138138138138138 0.0135135135135135 0.0675675675675676 0.021021021021021
"malTer" 0.0765765765765766 0.027027027027027 0.10960960960961 0.0285285285285285 0.003003003003003 0.024024024024024 0.021021021021021 0.0345345345345345 0.048048048048048 0.057057057057057 0.0285285285285285 0 0.0690690690690691 0.0780780780780781 0.145645645645646 0.015015015015015 0.0690690690690691 0.0165165165165165
"mesTub" 0.0930930930930931 0.0675675675675676 0.138138138138138 0.0675675675675676 0.0660660660660661 0.0630630630630631 0.0600600600600601 0.0750750750750751 0.0750750750750751 0.042042042042042 0.0660660660660661 0.0690690690690691 0 0.0645645645645646 0.160660660660661 0.057057057057057 0.0495495495495495 0.0630630630630631
"pelCas" 0.103603603603604 0.0750750750750751 0.141141141141141 0.0795795795795796 0.0750750750750751 0.0720720720720721 0.0690690690690691 0.0825825825825826 0.0780780780780781 0.0525525525525526 0.0720720720720721 0.0780780780780781 0.0645645645645646 0 0.159159159159159 0.0690690690690691 0.0585585585585586 0.0735735735735736
"pelSin" 0.156156156156156 0.133633633633634 0.148648648648649 0.145645645645646 0.142642642642643 0.13963963963964 0.138138138138138 0.142642642642643 0.147147147147147 0.153153153153153 0.138138138138138 0.145645645645646 0.160660660660661 0.159159159159159 0 0.133633633633634 0.160660660660661 0.138138138138138
"plaMeg" 0.0645645645645646 0.012012012012012 0.0990990990990991 0.0165165165165165 0.012012012012012 0.00900900900900901 0.00600600600600601 0.024024024024024 0.036036036036036 0.045045045045045 0.0135135135135135 0.015015015015015 0.057057057057057 0.0690690690690691 0.133633633633634 0 0.0585585585585586 0.00750750750750751
"podExp" 0.0990990990990991 0.0675675675675676 0.135135135135135 0.0675675675675676 0.0660660660660661 0.0630630630630631 0.0615615615615616 0.0750750750750751 0.0780780780780781 0.051051051051051 0.0675675675675676 0.0690690690690691 0.0495495495495495 0.0585585585585586 0.160660660660661 0.0585585585585586 0 0.0645645645645646
"terMex" 0.0720720720720721 0.0195195195195195 0.105105105105105 0.024024024024024 0.0135135135135135 0.0165165165165165 0.0135135135135135 0.0315315315315315 0.0435435435435435 0.0525525525525526 0.021021021021021 0.0165165165165165 0.0630630630630631 0.0735735735735736 0.138138138138138 0.00750750750750751 0.0645645645645646 0
