"carIns" "cheAbi" "cheMyd" "chrPic" "cuoAmb" "cuoMcc" "emySub" "gopAga" "malTer" "mesTub" "pelCas" "pelSin" "plaMeg" "podExp" "terMex"
"carIns" 0 0.0785804816223067 0.204055766793409 0.0684410646387833 0.0747782002534854 0.0722433460076046 0.105196451204056 0.0760456273764259 0.0747782002534854 0.0975918884664132 0.122940430925222 0.0773130544993663 0.0709759188846641 0.128010139416984 0.073510773130545
"cheAbi" 0.0785804816223067 0 0.172370088719899 0.026615969581749 0.026615969581749 0.0240811153358682 0.073510773130545 0.0164765525982256 0.0316856780735108 0.0709759188846641 0.0925221799746515 0.0722433460076046 0.026615969581749 0.0988593155893536 0.026615969581749
"cheMyd" 0.204055766793409 0.172370088719899 0 0.160963244613435 0.171102661596958 0.168567807351077 0.192648922686946 0.172370088719899 0.160963244613435 0.198986058301648 0.209125475285171 0.192648922686946 0.163498098859316 0.215462610899873 0.163498098859316
"chrPic" 0.0684410646387833 0.026615969581749 0.160963244613435 0 0.0202788339670469 0.017743979721166 0.0621039290240811 0.0278833967046895 0.0114068441064639 0.064638783269962 0.0811153358681876 0.0633713561470216 0.0126742712294043 0.0874524714828897 0.00760456273764259
"cuoAmb" 0.0747782002534854 0.026615969581749 0.171102661596958 0.0202788339670469 0 0.0101394169835234 0.0671736375158428 0.0278833967046895 0.0253485424588086 0.064638783269962 0.0861850443599493 0.0684410646387833 0.0202788339670469 0.0950570342205323 0.0228136882129278
"cuoMcc" 0.0722433460076046 0.0240811153358682 0.168567807351077 0.017743979721166 0.0101394169835234 0 0.064638783269962 0.0253485424588086 0.0228136882129278 0.0595690747782003 0.0811153358681876 0.0621039290240811 0.017743979721166 0.0874524714828897 0.0202788339670469
"emySub" 0.105196451204056 0.073510773130545 0.192648922686946 0.0621039290240811 0.0671736375158428 0.064638783269962 0 0.073510773130545 0.0697084917617237 0.0430925221799747 0.0760456273764259 0.0937896070975919 0.0595690747782003 0.082382762991128 0.0671736375158428
"gopAga" 0.0760456273764259 0.0164765525982256 0.172370088719899 0.0278833967046895 0.0278833967046895 0.0253485424588086 0.073510773130545 0 0.0329531051964512 0.0709759188846641 0.0925221799746515 0.0722433460076046 0.0278833967046895 0.0988593155893536 0.0304182509505703
"malTer" 0.0747782002534854 0.0316856780735108 0.160963244613435 0.0114068441064639 0.0253485424588086 0.0228136882129278 0.0697084917617237 0.0329531051964512 0 0.0684410646387833 0.0849176172370089 0.0684410646387833 0.0202788339670469 0.0937896070975919 0.0152091254752852
"mesTub" 0.0975918884664132 0.0709759188846641 0.198986058301648 0.064638783269962 0.064638783269962 0.0595690747782003 0.0430925221799747 0.0709759188846641 0.0684410646387833 0 0.0760456273764259 0.0887198986058302 0.0595690747782003 0.0861850443599493 0.0671736375158428
"pelCas" 0.122940430925222 0.0925221799746515 0.209125475285171 0.0811153358681876 0.0861850443599493 0.0811153358681876 0.0760456273764259 0.0925221799746515 0.0849176172370089 0.0760456273764259 0 0.103929024081115 0.0811153358681876 0.0722433460076046 0.0861850443599493
"pelSin" 0.0773130544993663 0.0722433460076046 0.192648922686946 0.0633713561470216 0.0684410646387833 0.0621039290240811 0.0937896070975919 0.0722433460076046 0.0684410646387833 0.0887198986058302 0.103929024081115 0 0.0608365019011407 0.107731305449937 0.0659062103929024
"plaMeg" 0.0709759188846641 0.026615969581749 0.163498098859316 0.0126742712294043 0.0202788339670469 0.017743979721166 0.0595690747782003 0.0278833967046895 0.0202788339670469 0.0595690747782003 0.0811153358681876 0.0608365019011407 0 0.0874524714828897 0.0152091254752852
"podExp" 0.128010139416984 0.0988593155893536 0.215462610899873 0.0874524714828897 0.0950570342205323 0.0874524714828897 0.082382762991128 0.0988593155893536 0.0937896070975919 0.0861850443599493 0.0722433460076046 0.107731305449937 0.0874524714828897 0 0.0925221799746515
"terMex" 0.073510773130545 0.026615969581749 0.163498098859316 0.00760456273764259 0.0228136882129278 0.0202788339670469 0.0671736375158428 0.0304182509505703 0.0152091254752852 0.0671736375158428 0.0861850443599493 0.0659062103929024 0.0152091254752852 0.0925221799746515 0
