"carIns" "cheAbi" "cheMyd" "cheSer" "chrPic" "cuoAmb" "derCor" "derMaw" "emySub" "gopAga" "malTer" "mesTub" "pelCas" "pelSin" "plaMeg" "podExp" "terMex"
"carIns" 0 0.0740740740740741 0.0483091787439614 0.0821256038647343 0.0531400966183575 0.0740740740740741 0.0483091787439614 0.0756843800322061 0.0563607085346216 0.0579710144927536 0.0531400966183575 0.0531400966183575 0.0644122383252818 0.0595813204508857 0.0466988727858293 0.0628019323671498 0.0466988727858293
"cheAbi" 0.0740740740740741 0 0.0418679549114332 0.0595813204508857 0.0402576489533011 0.0466988727858293 0.0450885668276973 0.07085346215781 0.0579710144927536 0.0305958132045089 0.0402576489533011 0.0547504025764895 0.0789049919484702 0.0789049919484702 0.0402576489533011 0.0756843800322061 0.0386473429951691
"cheMyd" 0.0483091787439614 0.0418679549114332 0 0.0547504025764895 0.0241545893719807 0.0418679549114332 0.00322061191626409 0.0579710144927536 0.0386473429951691 0.0273752012882448 0.0241545893719807 0.0338164251207729 0.0483091787439614 0.0466988727858293 0.0241545893719807 0.0466988727858293 0.0193236714975845
"cheSer" 0.0821256038647343 0.0595813204508857 0.0547504025764895 0 0.0628019323671498 0.0531400966183575 0.0579710144927536 0.0644122383252818 0.0805152979066023 0.0595813204508857 0.0628019323671498 0.0756843800322061 0.0950080515297907 0.0853462157809984 0.0563607085346216 0.0869565217391304 0.0563607085346216
"chrPic" 0.0531400966183575 0.0402576489533011 0.0241545893719807 0.0628019323671498 0 0.0434782608695652 0.0273752012882448 0.0660225442834139 0.0531400966183575 0.0273752012882448 0.00322061191626409 0.0483091787439614 0.0611916264090177 0.0611916264090177 0.0193236714975845 0.0579710144927536 0.0144927536231884
"cuoAmb" 0.0740740740740741 0.0466988727858293 0.0418679549114332 0.0531400966183575 0.0434782608695652 0 0.0450885668276973 0.0628019323671498 0.0676328502415459 0.0402576489533011 0.0434782608695652 0.0628019323671498 0.0821256038647343 0.0756843800322061 0.0402576489533011 0.0772946859903382 0.0386473429951691
"derCor" 0.0483091787439614 0.0450885668276973 0.00322061191626409 0.0579710144927536 0.0273752012882448 0.0450885668276973 0 0.0595813204508857 0.0386473429951691 0.0305958132045089 0.0273752012882448 0.0338164251207729 0.0483091787439614 0.0499194847020934 0.0273752012882448 0.0450885668276973 0.0225442834138486
"derMaw" 0.0756843800322061 0.07085346215781 0.0579710144927536 0.0644122383252818 0.0660225442834139 0.0628019323671498 0.0595813204508857 0 0.0772946859903382 0.0692431561996779 0.0660225442834139 0.0756843800322061 0.0837359098228663 0.0805152979066023 0.0563607085346216 0.0821256038647343 0.0547504025764895
"emySub" 0.0563607085346216 0.0579710144927536 0.0386473429951691 0.0805152979066023 0.0531400966183575 0.0676328502415459 0.0386473429951691 0.0772946859903382 0 0.0466988727858293 0.0531400966183575 0.0144927536231884 0.0466988727858293 0.0499194847020934 0.0450885668276973 0.0402576489533011 0.0450885668276973
"gopAga" 0.0579710144927536 0.0305958132045089 0.0273752012882448 0.0595813204508857 0.0273752012882448 0.0402576489533011 0.0305958132045089 0.0692431561996779 0.0466988727858293 0 0.0273752012882448 0.0402576489533011 0.0644122383252818 0.0611916264090177 0.0257648953301127 0.0595813204508857 0.0225442834138486
"malTer" 0.0531400966183575 0.0402576489533011 0.0241545893719807 0.0628019323671498 0.00322061191626409 0.0434782608695652 0.0273752012882448 0.0660225442834139 0.0531400966183575 0.0273752012882448 0 0.0483091787439614 0.0611916264090177 0.0611916264090177 0.0193236714975845 0.0579710144927536 0.0144927536231884
"mesTub" 0.0531400966183575 0.0547504025764895 0.0338164251207729 0.0756843800322061 0.0483091787439614 0.0628019323671498 0.0338164251207729 0.0756843800322061 0.0144927536231884 0.0402576489533011 0.0483091787439614 0 0.0434782608695652 0.0483091787439614 0.0450885668276973 0.037037037037037 0.0402576489533011
"pelCas" 0.0644122383252818 0.0789049919484702 0.0483091787439614 0.0950080515297907 0.0611916264090177 0.0821256038647343 0.0483091787439614 0.0837359098228663 0.0466988727858293 0.0644122383252818 0.0611916264090177 0.0434782608695652 0 0.0660225442834139 0.0563607085346216 0.0386473429951691 0.0563607085346216
"pelSin" 0.0595813204508857 0.0789049919484702 0.0466988727858293 0.0853462157809984 0.0611916264090177 0.0756843800322061 0.0499194847020934 0.0805152979066023 0.0499194847020934 0.0611916264090177 0.0611916264090177 0.0483091787439614 0.0660225442834139 0 0.0499194847020934 0.0628019323671498 0.0499194847020934
"plaMeg" 0.0466988727858293 0.0402576489533011 0.0241545893719807 0.0563607085346216 0.0193236714975845 0.0402576489533011 0.0273752012882448 0.0563607085346216 0.0450885668276973 0.0257648953301127 0.0193236714975845 0.0450885668276973 0.0563607085346216 0.0499194847020934 0 0.0515297906602254 0.0112721417069243
"podExp" 0.0628019323671498 0.0756843800322061 0.0466988727858293 0.0869565217391304 0.0579710144927536 0.0772946859903382 0.0450885668276973 0.0821256038647343 0.0402576489533011 0.0595813204508857 0.0579710144927536 0.037037037037037 0.0386473429951691 0.0628019323671498 0.0515297906602254 0 0.0531400966183575
"terMex" 0.0466988727858293 0.0386473429951691 0.0193236714975845 0.0563607085346216 0.0144927536231884 0.0386473429951691 0.0225442834138486 0.0547504025764895 0.0450885668276973 0.0225442834138486 0.0144927536231884 0.0402576489533011 0.0563607085346216 0.0499194847020934 0.0112721417069243 0.0531400966183575 0
