"carIns" "cheAbi" "cheMyd" "cheSer" "chrPic" "cuoAmb" "cuoMcc" "derCor" "derMaw" "emySub" "gopAga" "malTer" "mesTub" "pelSin" "plaMeg" "podExp" "terMex"
"carIns" 0 0.091264667535854 0.101694915254237 0.0847457627118644 0.0873533246414602 0.0873533246414602 0.0886571056062582 0.106910039113429 0.0977835723598435 0.102998696219035 0.0886571056062582 0.0873533246414602 0.101694915254237 0.123859191655802 0.0847457627118644 0.148631029986962 0.0834419817470665
"cheAbi" 0.091264667535854 0 0.0482398956975228 0.0417209908735332 0.0286831812255541 0.0247718383311604 0.0221642764015645 0.0495436766623207 0.0404172099087353 0.0847457627118644 0.0143415906127771 0.0286831812255541 0.0847457627118644 0.102998696219035 0.0273794002607562 0.135593220338983 0.0234680573663625
"cheMyd" 0.101694915254237 0.0482398956975228 0 0.0338983050847458 0.0325945241199478 0.0352020860495437 0.0325945241199478 0.0260756192959583 0.0391134289439374 0.0860495436766623 0.0482398956975228 0.029986962190352 0.0860495436766623 0.110821382007823 0.0273794002607562 0.130378096479791 0.0338983050847458
"cheSer" 0.0847457627118644 0.0417209908735332 0.0338983050847458 0 0.0247718383311604 0.0260756192959583 0.0247718383311604 0.0391134289439374 0.0286831812255541 0.0782268578878748 0.0378096479791395 0.0247718383311604 0.0769230769230769 0.102998696219035 0.0169491525423729 0.123859191655802 0.0260756192959583
"chrPic" 0.0873533246414602 0.0286831812255541 0.0325945241199478 0.0247718383311604 0 0.0182529335071708 0.015645371577575 0.0352020860495437 0.0247718383311604 0.0743155149934811 0.0260756192959583 0.00260756192959583 0.0782268578878748 0.0964797913950456 0.0104302477183833 0.122555410691004 0.0091264667535854
"cuoAmb" 0.0873533246414602 0.0247718383311604 0.0352020860495437 0.0260756192959583 0.0182529335071708 0 0.00521512385919166 0.0365058670143416 0.0286831812255541 0.0795306388526728 0.0208604954367666 0.0182529335071708 0.0808344198174707 0.100391134289439 0.0130378096479791 0.1251629726206 0.0195567144719687
"cuoMcc" 0.0886571056062582 0.0221642764015645 0.0325945241199478 0.0247718383311604 0.015645371577575 0.00521512385919166 0 0.0338983050847458 0.0260756192959583 0.0769230769230769 0.0208604954367666 0.015645371577575 0.0782268578878748 0.0977835723598435 0.0104302477183833 0.122555410691004 0.0169491525423729
"derCor" 0.106910039113429 0.0495436766623207 0.0260756192959583 0.0391134289439374 0.0352020860495437 0.0365058670143416 0.0338983050847458 0 0.0443285528031291 0.0834419817470665 0.0495436766623207 0.0352020860495437 0.0886571056062582 0.109517601043025 0.029986962190352 0.129074315514993 0.0365058670143416
"derMaw" 0.0977835723598435 0.0404172099087353 0.0391134289439374 0.0286831812255541 0.0247718383311604 0.0286831812255541 0.0260756192959583 0.0443285528031291 0 0.0769230769230769 0.0391134289439374 0.0247718383311604 0.0769230769230769 0.105606258148631 0.0182529335071708 0.132985658409387 0.0260756192959583
"emySub" 0.102998696219035 0.0847457627118644 0.0860495436766623 0.0782268578878748 0.0743155149934811 0.0795306388526728 0.0769230769230769 0.0834419817470665 0.0769230769230769 0 0.0860495436766623 0.075619295958279 0.0443285528031291 0.126466753585398 0.0677966101694915 0.116036505867014 0.0743155149934811
"gopAga" 0.0886571056062582 0.0143415906127771 0.0482398956975228 0.0378096479791395 0.0260756192959583 0.0208604954367666 0.0208604954367666 0.0495436766623207 0.0391134289439374 0.0860495436766623 0 0.0260756192959583 0.0860495436766623 0.0990873533246415 0.0260756192959583 0.135593220338983 0.0208604954367666
"malTer" 0.0873533246414602 0.0286831812255541 0.029986962190352 0.0247718383311604 0.00260756192959583 0.0182529335071708 0.015645371577575 0.0352020860495437 0.0247718383311604 0.075619295958279 0.0260756192959583 0 0.0795306388526728 0.0938722294654498 0.0104302477183833 0.1251629726206 0.0091264667535854
"mesTub" 0.101694915254237 0.0847457627118644 0.0860495436766623 0.0769230769230769 0.0782268578878748 0.0808344198174707 0.0782268578878748 0.0886571056062582 0.0769230769230769 0.0443285528031291 0.0860495436766623 0.0795306388526728 0 0.126466753585398 0.0691003911342894 0.119947848761408 0.0769230769230769
"pelSin" 0.123859191655802 0.102998696219035 0.110821382007823 0.102998696219035 0.0964797913950456 0.100391134289439 0.0977835723598435 0.109517601043025 0.105606258148631 0.126466753585398 0.0990873533246415 0.0938722294654498 0.126466753585398 0 0.0938722294654498 0.170795306388527 0.0951760104302477
"plaMeg" 0.0847457627118644 0.0273794002607562 0.0273794002607562 0.0169491525423729 0.0104302477183833 0.0130378096479791 0.0104302477183833 0.029986962190352 0.0182529335071708 0.0677966101694915 0.0260756192959583 0.0104302477183833 0.0691003911342894 0.0938722294654498 0 0.11864406779661 0.0117340286831812
"podExp" 0.148631029986962 0.135593220338983 0.130378096479791 0.123859191655802 0.122555410691004 0.1251629726206 0.122555410691004 0.129074315514993 0.132985658409387 0.116036505867014 0.135593220338983 0.1251629726206 0.119947848761408 0.170795306388527 0.11864406779661 0 0.1251629726206
"terMex" 0.0834419817470665 0.0234680573663625 0.0338983050847458 0.0260756192959583 0.0091264667535854 0.0195567144719687 0.0169491525423729 0.0365058670143416 0.0260756192959583 0.0743155149934811 0.0208604954367666 0.0091264667535854 0.0769230769230769 0.0951760104302477 0.0117340286831812 0.1251629726206 0
