"carIns" "cheAbi" "cheMyd" "cheSer" "chrPic" "cuoAmb" "cuoMcc" "derCor" "derMaw" "emySub" "gopAga" "malTer" "mesTub" "pelCas" "pelSin" "plaMeg" "podExp" "terMex"
"carIns" 0 0.0421052631578947 0.0421052631578947 0.0409356725146199 0.0350877192982456 0.0421052631578947 0.0374269005847953 0.0432748538011696 0.0456140350877193 0.0409356725146199 0.300584795321637 0.0385964912280702 0.039766081871345 0.0491228070175439 0.0409356725146199 0.0385964912280702 0.0491228070175439 0.0385964912280702
"cheAbi" 0.0421052631578947 0 0.0233918128654971 0.0187134502923977 0.00935672514619883 0.0116959064327485 0.0116959064327485 0.0245614035087719 0.0280701754385965 0.0280701754385965 0.28421052631579 0.0128654970760234 0.0292397660818713 0.0362573099415205 0.0374269005847953 0.0128654970760234 0.0339181286549708 0.0128654970760234
"cheMyd" 0.0421052631578947 0.0233918128654971 0 0.0210526315789474 0.0140350877192982 0.0210526315789474 0.0210526315789474 0.0152046783625731 0.0304093567251462 0.0327485380116959 0.288888888888889 0.0187134502923977 0.0339181286549708 0.0432748538011696 0.039766081871345 0.0175438596491228 0.0385964912280702 0.0175438596491228
"cheSer" 0.0409356725146199 0.0187134502923977 0.0210526315789474 0 0.00935672514619883 0.0152046783625731 0.0152046783625731 0.0222222222222222 0.0257309941520468 0.0280701754385965 0.288888888888889 0.0140350877192982 0.0292397660818713 0.0385964912280702 0.039766081871345 0.0128654970760234 0.0350877192982456 0.0128654970760234
"chrPic" 0.0350877192982456 0.00935672514619883 0.0140350877192982 0.00935672514619883 0 0.00701754385964912 0.00701754385964912 0.0152046783625731 0.0210526315789474 0.0187134502923977 0.285380116959064 0.00467836257309942 0.0198830409356725 0.0315789473684211 0.0304093567251462 0.00350877192982456 0.0269005847953216 0.00350877192982456
"cuoAmb" 0.0421052631578947 0.0116959064327485 0.0210526315789474 0.0152046783625731 0.00701754385964912 0 0.00467836257309942 0.0198830409356725 0.0269005847953216 0.0257309941520468 0.286549707602339 0.0105263157894737 0.0269005847953216 0.0362573099415205 0.0374269005847953 0.0105263157894737 0.0315789473684211 0.0105263157894737
"cuoMcc" 0.0374269005847953 0.0116959064327485 0.0210526315789474 0.0152046783625731 0.00701754385964912 0.00467836257309942 0 0.0198830409356725 0.0269005847953216 0.0257309941520468 0.28421052631579 0.0105263157894737 0.0269005847953216 0.0362573099415205 0.0350877192982456 0.0105263157894737 0.0315789473684211 0.0105263157894737
"derCor" 0.0432748538011696 0.0245614035087719 0.0152046783625731 0.0222222222222222 0.0152046783625731 0.0198830409356725 0.0198830409356725 0 0.0339181286549708 0.0315789473684211 0.291228070175439 0.0198830409356725 0.0327485380116959 0.0374269005847953 0.0432748538011696 0.0187134502923977 0.0374269005847953 0.0187134502923977
"derMaw" 0.0456140350877193 0.0280701754385965 0.0304093567251462 0.0257309941520468 0.0210526315789474 0.0269005847953216 0.0269005847953216 0.0339181286549708 0 0.0362573099415205 0.295906432748538 0.0233918128654971 0.0374269005847953 0.0456140350877193 0.0432748538011696 0.0245614035087719 0.0421052631578947 0.0245614035087719
"emySub" 0.0409356725146199 0.0280701754385965 0.0327485380116959 0.0280701754385965 0.0187134502923977 0.0257309941520468 0.0257309941520468 0.0315789473684211 0.0362573099415205 0 0.293567251461988 0.0222222222222222 0.00935672514619883 0.0257309941520468 0.0350877192982456 0.0222222222222222 0.0233918128654971 0.0222222222222222
"gopAga" 0.300584795321637 0.28421052631579 0.288888888888889 0.288888888888889 0.285380116959064 0.286549707602339 0.28421052631579 0.291228070175439 0.295906432748538 0.293567251461988 0 0.28421052631579 0.297076023391813 0.299415204678363 0.294736842105263 0.286549707602339 0.292397660818713 0.28421052631579
"malTer" 0.0385964912280702 0.0128654970760234 0.0187134502923977 0.0140350877192982 0.00467836257309942 0.0105263157894737 0.0105263157894737 0.0198830409356725 0.0233918128654971 0.0222222222222222 0.28421052631579 0 0.0233918128654971 0.0362573099415205 0.0339181286549708 0.00818713450292398 0.0315789473684211 0.00818713450292398
"mesTub" 0.039766081871345 0.0292397660818713 0.0339181286549708 0.0292397660818713 0.0198830409356725 0.0269005847953216 0.0269005847953216 0.0327485380116959 0.0374269005847953 0.00935672514619883 0.297076023391813 0.0233918128654971 0 0.0280701754385965 0.0362573099415205 0.0233918128654971 0.0257309941520468 0.0233918128654971
"pelCas" 0.0491228070175439 0.0362573099415205 0.0432748538011696 0.0385964912280702 0.0315789473684211 0.0362573099415205 0.0362573099415205 0.0374269005847953 0.0456140350877193 0.0257309941520468 0.299415204678363 0.0362573099415205 0.0280701754385965 0 0.0456140350877193 0.0350877192982456 0.0198830409356725 0.0327485380116959
"pelSin" 0.0409356725146199 0.0374269005847953 0.039766081871345 0.039766081871345 0.0304093567251462 0.0374269005847953 0.0350877192982456 0.0432748538011696 0.0432748538011696 0.0350877192982456 0.294736842105263 0.0339181286549708 0.0362573099415205 0.0456140350877193 0 0.0315789473684211 0.0409356725146199 0.0315789473684211
"plaMeg" 0.0385964912280702 0.0128654970760234 0.0175438596491228 0.0128654970760234 0.00350877192982456 0.0105263157894737 0.0105263157894737 0.0187134502923977 0.0245614035087719 0.0222222222222222 0.286549707602339 0.00818713450292398 0.0233918128654971 0.0350877192982456 0.0315789473684211 0 0.0304093567251462 0.00701754385964912
"podExp" 0.0491228070175439 0.0339181286549708 0.0385964912280702 0.0350877192982456 0.0269005847953216 0.0315789473684211 0.0315789473684211 0.0374269005847953 0.0421052631578947 0.0233918128654971 0.292397660818713 0.0315789473684211 0.0257309941520468 0.0198830409356725 0.0409356725146199 0.0304093567251462 0 0.0304093567251462
"terMex" 0.0385964912280702 0.0128654970760234 0.0175438596491228 0.0128654970760234 0.00350877192982456 0.0105263157894737 0.0105263157894737 0.0187134502923977 0.0245614035087719 0.0222222222222222 0.28421052631579 0.00818713450292398 0.0233918128654971 0.0327485380116959 0.0315789473684211 0.00701754385964912 0.0304093567251462 0
