"carIns" "cheAbi" "cheMyd" "cheSer" "chrPic" "cuoAmb" "derCor" "derMaw" "emySub" "gopAga" "malTer" "mesTub" "pelCas" "pelSin" "plaMeg" "podExp" "terMex"
"carIns" 0 0.127760252365931 0.132492113564669 0.11198738170347 0.118296529968454 0.11198738170347 0.121451104100946 0.121451104100946 0.134069400630915 0.126182965299685 0.116719242902208 0.143533123028391 0.154574132492114 0.15615141955836 0.113564668769716 0.162460567823344 0.1198738170347
"cheAbi" 0.127760252365931 0 0.0662460567823344 0.0488958990536278 0.0473186119873817 0.0362776025236593 0.0599369085173502 0.0709779179810726 0.0930599369085174 0.0236593059936909 0.0504731861198738 0.0899053627760252 0.118296529968454 0.16403785488959 0.0331230283911672 0.126182965299685 0.0536277602523659
"cheMyd" 0.132492113564669 0.0662460567823344 0 0.0520504731861199 0.0662460567823344 0.0599369085173502 0.0488958990536278 0.0788643533123028 0.0962145110410095 0.0646687697160883 0.0709779179810726 0.0962145110410095 0.113564668769716 0.16403785488959 0.0536277602523659 0.1198738170347 0.0725552050473186
"cheSer" 0.11198738170347 0.0488958990536278 0.0520504731861199 0 0.0441640378548896 0.0425867507886435 0.0362776025236593 0.056782334384858 0.083596214511041 0.0473186119873817 0.0457413249211356 0.0772870662460568 0.11198738170347 0.145110410094637 0.0299684542586751 0.121451104100946 0.0504731861198738
"chrPic" 0.118296529968454 0.0473186119873817 0.0662460567823344 0.0441640378548896 0 0.0378548895899054 0.0615141955835962 0.0709779179810726 0.0899053627760252 0.0425867507886435 0.00946372239747634 0.0930599369085174 0.113564668769716 0.154574132492114 0.026813880126183 0.123028391167192 0.0157728706624606
"cuoAmb" 0.11198738170347 0.0362776025236593 0.0599369085173502 0.0425867507886435 0.0378548895899054 0 0.056782334384858 0.0741324921135647 0.0993690851735016 0.0315457413249211 0.0441640378548896 0.0977917981072555 0.118296529968454 0.151419558359621 0.0252365930599369 0.127760252365931 0.0441640378548896
"derCor" 0.121451104100946 0.0599369085173502 0.0488958990536278 0.0362776025236593 0.0615141955835962 0.056782334384858 0 0.0630914826498423 0.0804416403785489 0.055205047318612 0.0662460567823344 0.0867507886435331 0.10410094637224 0.15615141955836 0.0457413249211356 0.1198738170347 0.0630914826498423
"derMaw" 0.121451104100946 0.0709779179810726 0.0788643533123028 0.056782334384858 0.0709779179810726 0.0741324921135647 0.0630914826498423 0 0.0993690851735016 0.0741324921135647 0.0678233438485804 0.100946372239748 0.127760252365931 0.168769716088328 0.0583596214511041 0.127760252365931 0.0741324921135647
"emySub" 0.134069400630915 0.0930599369085174 0.0962145110410095 0.083596214511041 0.0899053627760252 0.0993690851735016 0.0804416403785489 0.0993690851735016 0 0.0977917981072555 0.0899053627760252 0.0441640378548896 0.0946372239747634 0.16403785488959 0.0883280757097792 0.100946372239748 0.0914826498422713
"gopAga" 0.126182965299685 0.0236593059936909 0.0646687697160883 0.0473186119873817 0.0425867507886435 0.0315457413249211 0.055205047318612 0.0741324921135647 0.0977917981072555 0 0.0425867507886435 0.0946372239747634 0.121451104100946 0.160883280757098 0.028391167192429 0.126182965299685 0.0488958990536278
"malTer" 0.116719242902208 0.0504731861198738 0.0709779179810726 0.0457413249211356 0.00946372239747634 0.0441640378548896 0.0662460567823344 0.0678233438485804 0.0899053627760252 0.0425867507886435 0 0.0962145110410095 0.118296529968454 0.149842271293375 0.0299684542586751 0.123028391167192 0.0189274447949527
"mesTub" 0.143533123028391 0.0899053627760252 0.0962145110410095 0.0772870662460568 0.0930599369085174 0.0977917981072555 0.0867507886435331 0.100946372239748 0.0441640378548896 0.0946372239747634 0.0962145110410095 0 0.102523659305994 0.168769716088328 0.082018927444795 0.0993690851735016 0.0946372239747634
"pelCas" 0.154574132492114 0.118296529968454 0.113564668769716 0.11198738170347 0.113564668769716 0.118296529968454 0.10410094637224 0.127760252365931 0.0946372239747634 0.121451104100946 0.118296529968454 0.102523659305994 0 0.198738170347003 0.113564668769716 0.100946372239748 0.115141955835962
"pelSin" 0.15615141955836 0.16403785488959 0.16403785488959 0.145110410094637 0.154574132492114 0.151419558359621 0.15615141955836 0.168769716088328 0.16403785488959 0.160883280757098 0.149842271293375 0.168769716088328 0.198738170347003 0 0.148264984227129 0.198738170347003 0.15615141955836
"plaMeg" 0.113564668769716 0.0331230283911672 0.0536277602523659 0.0299684542586751 0.026813880126183 0.0252365930599369 0.0457413249211356 0.0583596214511041 0.0883280757097792 0.028391167192429 0.0299684542586751 0.082018927444795 0.113564668769716 0.148264984227129 0 0.123028391167192 0.0299684542586751
"podExp" 0.162460567823344 0.126182965299685 0.1198738170347 0.121451104100946 0.123028391167192 0.127760252365931 0.1198738170347 0.127760252365931 0.100946372239748 0.126182965299685 0.123028391167192 0.0993690851735016 0.100946372239748 0.198738170347003 0.123028391167192 0 0.124605678233438
"terMex" 0.1198738170347 0.0536277602523659 0.0725552050473186 0.0504731861198738 0.0157728706624606 0.0441640378548896 0.0630914826498423 0.0741324921135647 0.0914826498422713 0.0488958990536278 0.0189274447949527 0.0946372239747634 0.115141955835962 0.15615141955836 0.0299684542586751 0.124605678233438 0
