"carIns" "cheAbi" "cheSer" "chrPic" "cuoAmb" "cuoMcc" "derCor" "derMaw" "emySub" "gopAga" "pelCas" "pelSin" "plaMeg" "podExp" "terMex"
"carIns" 0 0.0463683527885863 0.0437743190661479 0.0434500648508431 0.0460440985732815 0.0444228274967575 0.0437743190661479 0.0502594033722438 0.0541504539559014 0.0470168612191958 0.0638780804150454 0.048313878080415 0.0437743190661479 0.062905317769131 0.0421530479896239
"cheAbi" 0.0463683527885863 0 0.0184824902723735 0.0123216601815824 0.0119974059662776 0.0100518806744488 0.0201037613488975 0.0252918287937743 0.0359922178988327 0.00972762645914397 0.0447470817120623 0.0369649805447471 0.0116731517509728 0.0470168612191958 0.0103761348897536
"cheSer" 0.0437743190661479 0.0184824902723735 0 0.01621271076524 0.0184824902723735 0.0168612191958495 0.0149156939040208 0.0210765239948119 0.0343709468223087 0.0191309987029831 0.0470168612191958 0.0382619974059663 0.0155642023346304 0.0470168612191958 0.0136186770428016
"chrPic" 0.0434500648508431 0.0123216601815824 0.01621271076524 0 0.0126459143968872 0.0110246433203632 0.0168612191958495 0.0230220492866407 0.0321011673151751 0.0136186770428016 0.0444228274967575 0.0350194552529183 0.00778210116731518 0.0444228274967575 0.00324254215304799
"cuoAmb" 0.0460440985732815 0.0119974059662776 0.0184824902723735 0.0126459143968872 0 0.00453955901426719 0.0191309987029831 0.0262645914396887 0.0356679636835279 0.0136186770428016 0.0434500648508431 0.0398832684824903 0.0119974059662776 0.0470168612191958 0.0107003891050584
"cuoMcc" 0.0444228274967575 0.0100518806744488 0.0168612191958495 0.0110246433203632 0.00453955901426719 0 0.0175097276264591 0.0252918287937743 0.0340466926070039 0.011348897535668 0.0444228274967575 0.0382619974059663 0.0103761348897536 0.0463683527885863 0.00907911802853437
"derCor" 0.0437743190661479 0.0201037613488975 0.0149156939040208 0.0168612191958495 0.0191309987029831 0.0175097276264591 0 0.0226977950713359 0.0350194552529183 0.0214007782101167 0.046692607003891 0.0372892347600519 0.0168612191958495 0.046692607003891 0.0142671854734112
"derMaw" 0.0502594033722438 0.0252918287937743 0.0210765239948119 0.0230220492866407 0.0262645914396887 0.0252918287937743 0.0226977950713359 0 0.0431258106355383 0.0272373540856031 0.0544747081712062 0.0453955901426719 0.0236705577172503 0.051556420233463 0.0210765239948119
"emySub" 0.0541504539559014 0.0359922178988327 0.0343709468223087 0.0321011673151751 0.0356679636835279 0.0340466926070039 0.0350194552529183 0.0431258106355383 0 0.0366407263294423 0.0421530479896239 0.0473411154345006 0.0321011673151751 0.0434500648508431 0.0298313878080415
"gopAga" 0.0470168612191958 0.00972762645914397 0.0191309987029831 0.0136186770428016 0.0136186770428016 0.011348897535668 0.0214007782101167 0.0272373540856031 0.0366407263294423 0 0.0444228274967575 0.0392347600518807 0.0126459143968872 0.048313878080415 0.0110246433203632
"pelCas" 0.0638780804150454 0.0447470817120623 0.0470168612191958 0.0444228274967575 0.0434500648508431 0.0444228274967575 0.046692607003891 0.0544747081712062 0.0421530479896239 0.0444228274967575 0 0.0551232166018158 0.0444228274967575 0.0376134889753567 0.0424773022049287
"pelSin" 0.048313878080415 0.0369649805447471 0.0382619974059663 0.0350194552529183 0.0398832684824903 0.0382619974059663 0.0372892347600519 0.0453955901426719 0.0473411154345006 0.0392347600518807 0.0551232166018158 0 0.0366407263294423 0.056420233463035 0.0340466926070039
"plaMeg" 0.0437743190661479 0.0116731517509728 0.0155642023346304 0.00778210116731518 0.0119974059662776 0.0103761348897536 0.0168612191958495 0.0236705577172503 0.0321011673151751 0.0126459143968872 0.0444228274967575 0.0366407263294423 0 0.0460440985732815 0.00518806744487678
"podExp" 0.062905317769131 0.0470168612191958 0.0470168612191958 0.0444228274967575 0.0470168612191958 0.0463683527885863 0.046692607003891 0.051556420233463 0.0434500648508431 0.048313878080415 0.0376134889753567 0.056420233463035 0.0460440985732815 0 0.0440985732814527
"terMex" 0.0421530479896239 0.0103761348897536 0.0136186770428016 0.00324254215304799 0.0107003891050584 0.00907911802853437 0.0142671854734112 0.0210765239948119 0.0298313878080415 0.0110246433203632 0.0424773022049287 0.0340466926070039 0.00518806744487678 0.0440985732814527 0
