"carIns" "cheAbi" "cheMyd" "cheSer" "chrPic" "cuoMcc" "derCor" "derMaw" "emySub" "gopAga" "malTer" "mesTub" "pelCas" "pelSin" "plaMeg" "podExp" "terMex"
"carIns" 0 0.0582329317269076 0.110441767068273 0.0542168674698795 0.0522088353413655 0.0582329317269076 0.0562248995983936 0.0582329317269076 0.0682730923694779 0.0662650602409639 0.0562248995983936 0.0662650602409639 0.0783132530120482 0.0602409638554217 0.0502008032128514 0.0843373493975904 0.0522088353413655
"cheAbi" 0.0582329317269076 0 0.0843373493975904 0.0240963855421687 0.0240963855421687 0.0200803212851406 0.0240963855421687 0.0401606425702811 0.0602409638554217 0.0281124497991968 0.0240963855421687 0.0662650602409639 0.0763052208835341 0.0642570281124498 0.0160642570281124 0.0843373493975904 0.0200803212851406
"cheMyd" 0.110441767068273 0.0843373493975904 0 0.0803212851405622 0.0863453815261044 0.0843373493975904 0.070281124497992 0.0923694779116466 0.112449799196787 0.0923694779116466 0.0863453815261044 0.112449799196787 0.130522088353414 0.116465863453815 0.0803212851405622 0.126506024096386 0.0823293172690763
"cheSer" 0.0542168674698795 0.0240963855421687 0.0803212851405622 0 0.0240963855421687 0.0220883534136546 0.0200803212851406 0.0321285140562249 0.0522088353413655 0.036144578313253 0.0240963855421687 0.0582329317269076 0.072289156626506 0.0542168674698795 0.0160642570281124 0.0763052208835341 0.0200803212851406
"chrPic" 0.0522088353413655 0.0240963855421687 0.0863453815261044 0.0240963855421687 0 0.0200803212851406 0.0261044176706827 0.0381526104417671 0.0622489959839357 0.036144578313253 0.00401606425702811 0.0642570281124498 0.0783132530120482 0.0682730923694779 0.0160642570281124 0.0863453815261044 0.00401606425702811
"cuoMcc" 0.0582329317269076 0.0200803212851406 0.0843373493975904 0.0220883534136546 0.0200803212851406 0 0.0281124497991968 0.0401606425702811 0.0642570281124498 0.0321285140562249 0.0200803212851406 0.0662650602409639 0.0803212851405622 0.070281124497992 0.0160642570281124 0.0883534136546185 0.0160642570281124
"derCor" 0.0562248995983936 0.0240963855421687 0.070281124497992 0.0200803212851406 0.0261044176706827 0.0281124497991968 0 0.036144578313253 0.0522088353413655 0.0401606425702811 0.0261044176706827 0.0582329317269076 0.072289156626506 0.0602409638554217 0.0200803212851406 0.070281124497992 0.0220883534136546
"derMaw" 0.0582329317269076 0.0401606425702811 0.0923694779116466 0.0321285140562249 0.0381526104417671 0.0401606425702811 0.036144578313253 0 0.0642570281124498 0.0562248995983936 0.0381526104417671 0.0662650602409639 0.0783132530120482 0.072289156626506 0.0321285140562249 0.0783132530120482 0.034136546184739
"emySub" 0.0682730923694779 0.0602409638554217 0.112449799196787 0.0522088353413655 0.0622489959839357 0.0642570281124498 0.0522088353413655 0.0642570281124498 0 0.0662650602409639 0.0622489959839357 0.0200803212851406 0.036144578313253 0.0682730923694779 0.0522088353413655 0.0502008032128514 0.0582329317269076
"gopAga" 0.0662650602409639 0.0281124497991968 0.0923694779116466 0.036144578313253 0.036144578313253 0.0321285140562249 0.0401606425702811 0.0562248995983936 0.0662650602409639 0 0.036144578313253 0.0642570281124498 0.0823293172690763 0.0642570281124498 0.0281124497991968 0.0863453815261044 0.0321285140562249
"malTer" 0.0562248995983936 0.0240963855421687 0.0863453815261044 0.0240963855421687 0.00401606425702811 0.0200803212851406 0.0261044176706827 0.0381526104417671 0.0622489959839357 0.036144578313253 0 0.0642570281124498 0.0783132530120482 0.0682730923694779 0.0160642570281124 0.0863453815261044 0.00401606425702811
"mesTub" 0.0662650602409639 0.0662650602409639 0.112449799196787 0.0582329317269076 0.0642570281124498 0.0662650602409639 0.0582329317269076 0.0662650602409639 0.0200803212851406 0.0642570281124498 0.0642570281124498 0 0.0542168674698795 0.0742971887550201 0.0582329317269076 0.0562248995983936 0.0602409638554217
"pelCas" 0.0783132530120482 0.0763052208835341 0.130522088353414 0.072289156626506 0.0783132530120482 0.0803212851405622 0.072289156626506 0.0783132530120482 0.036144578313253 0.0823293172690763 0.0783132530120482 0.0542168674698795 0 0.0843373493975904 0.0682730923694779 0.0421686746987952 0.0742971887550201
"pelSin" 0.0602409638554217 0.0642570281124498 0.116465863453815 0.0542168674698795 0.0682730923694779 0.070281124497992 0.0602409638554217 0.072289156626506 0.0682730923694779 0.0642570281124498 0.0682730923694779 0.0742971887550201 0.0843373493975904 0 0.0582329317269076 0.0863453815261044 0.0642570281124498
"plaMeg" 0.0502008032128514 0.0160642570281124 0.0803212851405622 0.0160642570281124 0.0160642570281124 0.0160642570281124 0.0200803212851406 0.0321285140562249 0.0522088353413655 0.0281124497991968 0.0160642570281124 0.0582329317269076 0.0682730923694779 0.0582329317269076 0 0.0763052208835341 0.0120481927710843
"podExp" 0.0843373493975904 0.0843373493975904 0.126506024096386 0.0763052208835341 0.0863453815261044 0.0883534136546185 0.070281124497992 0.0783132530120482 0.0502008032128514 0.0863453815261044 0.0863453815261044 0.0562248995983936 0.0421686746987952 0.0863453815261044 0.0763052208835341 0 0.0823293172690763
"terMex" 0.0522088353413655 0.0200803212851406 0.0823293172690763 0.0200803212851406 0.00401606425702811 0.0160642570281124 0.0220883534136546 0.034136546184739 0.0582329317269076 0.0321285140562249 0.00401606425702811 0.0602409638554217 0.0742971887550201 0.0642570281124498 0.0120481927710843 0.0823293172690763 0
