"carIns" "cheAbi" "cheMyd" "chrPic" "cuoAmb" "cuoMcc" "derCor" "derMaw" "emySub" "gopAga" "malTer" "mesTub" "pelCas" "pelSin" "plaMeg" "podExp" "terMex"
"carIns" 0 0.113989637305699 0.139896373056995 0.107081174438687 0.112262521588946 0.117443868739206 0.115716753022453 0.119170984455959 0.101899827288428 0.115716753022453 0.105354058721934 0.112262521588946 0.126079447322971 0.122625215889465 0.101899827288428 0.120898100172712 0.101899827288428
"cheAbi" 0.113989637305699 0 0.0915371329879102 0.0379965457685665 0.0362694300518135 0.0397236614853195 0.0552677029360967 0.0621761658031088 0.0880829015544041 0.0276338514680484 0.0362694300518135 0.10880829015544 0.115716753022453 0.127806563039724 0.0397236614853195 0.124352331606218 0.0414507772020725
"cheMyd" 0.139896373056995 0.0915371329879102 0 0.0811744386873921 0.0949913644214162 0.0949913644214162 0.0621761658031088 0.0932642487046632 0.117443868739206 0.0915371329879102 0.079447322970639 0.136442141623489 0.141623488773748 0.146804835924007 0.0829015544041451 0.14853195164076 0.0846286701208981
"chrPic" 0.107081174438687 0.0379965457685665 0.0811744386873921 0 0.0431778929188256 0.0466321243523316 0.0414507772020725 0.0535405872193437 0.0863557858376511 0.0379965457685665 0.00518134715025907 0.107081174438687 0.10880829015544 0.119170984455959 0.0259067357512953 0.120898100172712 0.0207253886010363
"cuoAmb" 0.112262521588946 0.0362694300518135 0.0949913644214162 0.0431778929188256 0 0.0138169257340242 0.0569948186528497 0.0639032815198618 0.0898100172711572 0.0293609671848014 0.0414507772020725 0.10880829015544 0.120898100172712 0.129533678756477 0.0449050086355786 0.129533678756477 0.0483592400690846
"cuoMcc" 0.117443868739206 0.0397236614853195 0.0949913644214162 0.0466321243523316 0.0138169257340242 0 0.0587219343696028 0.0621761658031088 0.0915371329879102 0.0362694300518135 0.0449050086355786 0.113989637305699 0.120898100172712 0.134715025906736 0.0466321243523316 0.13126079447323 0.0518134715025907
"derCor" 0.115716753022453 0.0552677029360967 0.0621761658031088 0.0414507772020725 0.0569948186528497 0.0587219343696028 0 0.0587219343696028 0.0846286701208981 0.0483592400690846 0.0397236614853195 0.105354058721934 0.103626943005181 0.119170984455959 0.0449050086355786 0.120898100172712 0.0431778929188256
"derMaw" 0.119170984455959 0.0621761658031088 0.0932642487046632 0.0535405872193437 0.0639032815198618 0.0621761658031088 0.0587219343696028 0 0.0949913644214162 0.0621761658031088 0.0518134715025907 0.112262521588946 0.110535405872193 0.124352331606218 0.0483592400690846 0.13126079447323 0.0569948186528497
"emySub" 0.101899827288428 0.0880829015544041 0.117443868739206 0.0863557858376511 0.0898100172711572 0.0915371329879102 0.0846286701208981 0.0949913644214162 0 0.0811744386873921 0.0846286701208981 0.0397236614853195 0.0656303972366149 0.112262521588946 0.0846286701208981 0.075993091537133 0.0898100172711572
"gopAga" 0.115716753022453 0.0276338514680484 0.0915371329879102 0.0379965457685665 0.0293609671848014 0.0362694300518135 0.0483592400690846 0.0621761658031088 0.0811744386873921 0 0.0362694300518135 0.105354058721934 0.117443868739206 0.129533678756477 0.0397236614853195 0.124352331606218 0.0431778929188256
"malTer" 0.105354058721934 0.0362694300518135 0.079447322970639 0.00518134715025907 0.0414507772020725 0.0449050086355786 0.0397236614853195 0.0518134715025907 0.0846286701208981 0.0362694300518135 0 0.105354058721934 0.107081174438687 0.117443868739206 0.0241796200345423 0.119170984455959 0.0189982728842832
"mesTub" 0.112262521588946 0.10880829015544 0.136442141623489 0.107081174438687 0.10880829015544 0.113989637305699 0.105354058721934 0.112262521588946 0.0397236614853195 0.105354058721934 0.105354058721934 0 0.0863557858376511 0.129533678756477 0.100172711571675 0.0880829015544041 0.107081174438687
"pelCas" 0.126079447322971 0.115716753022453 0.141623488773748 0.10880829015544 0.120898100172712 0.120898100172712 0.103626943005181 0.110535405872193 0.0656303972366149 0.117443868739206 0.107081174438687 0.0863557858376511 0 0.129533678756477 0.103626943005181 0.077720207253886 0.112262521588946
"pelSin" 0.122625215889465 0.127806563039724 0.146804835924007 0.119170984455959 0.129533678756477 0.134715025906736 0.119170984455959 0.124352331606218 0.112262521588946 0.129533678756477 0.117443868739206 0.129533678756477 0.129533678756477 0 0.113989637305699 0.138169257340242 0.119170984455959
"plaMeg" 0.101899827288428 0.0397236614853195 0.0829015544041451 0.0259067357512953 0.0449050086355786 0.0466321243523316 0.0449050086355786 0.0483592400690846 0.0846286701208981 0.0397236614853195 0.0241796200345423 0.100172711571675 0.103626943005181 0.113989637305699 0 0.115716753022453 0.0259067357512953
"podExp" 0.120898100172712 0.124352331606218 0.14853195164076 0.120898100172712 0.129533678756477 0.13126079447323 0.120898100172712 0.13126079447323 0.075993091537133 0.124352331606218 0.119170984455959 0.0880829015544041 0.077720207253886 0.138169257340242 0.115716753022453 0 0.120898100172712
"terMex" 0.101899827288428 0.0414507772020725 0.0846286701208981 0.0207253886010363 0.0483592400690846 0.0518134715025907 0.0431778929188256 0.0569948186528497 0.0898100172711572 0.0431778929188256 0.0189982728842832 0.107081174438687 0.112262521588946 0.119170984455959 0.0259067357512953 0.120898100172712 0
