"cheAbi" "cheMyd" "cheSer" "chrPic" "cuoAmb" "cuoMcc" "derCor" "derMaw" "emySub" "gopAga" "malTer" "mesTub" "pelCas" "pelSin" "plaMeg" "podExp" "terMex"
"cheAbi" 0 0.0837927232635061 0.071664829106946 0.0573318632855568 0.0441014332965821 0.0452039691289967 0.0793825799338479 0.120176405733186 0.134509371554576 0.0363836824696803 0.0595369349503859 0.138919514884234 0.152149944873208 0.144432194046307 0.0529217199558986 0.169790518191841 0.0595369349503859
"cheMyd" 0.0837927232635061 0 0.0694597574421169 0.0661521499448732 0.0738699007717751 0.0650496141124587 0.0452039691289967 0.119073869900772 0.125689084895259 0.0694597574421169 0.0628445424476295 0.131201764057332 0.155457552370452 0.143329658213892 0.0584343991179713 0.167585446527012 0.0672546857772878
"cheSer" 0.071664829106946 0.0694597574421169 0 0.0529217199558986 0.0639470782800441 0.0606394707828004 0.0705622932745314 0.101433296582139 0.115766262403528 0.0606394707828004 0.051819184123484 0.119073869900772 0.134509371554576 0.119073869900772 0.0529217199558986 0.157662624035281 0.0562293274531422
"chrPic" 0.0573318632855568 0.0661521499448732 0.0529217199558986 0 0.0529217199558986 0.0474090407938258 0.0672546857772878 0.109151047409041 0.116868798235943 0.0485115766262404 0.0121278941565601 0.12348401323043 0.140022050716648 0.128996692392503 0.0352811466372657 0.163175303197354 0.0231532524807056
"cuoAmb" 0.0441014332965821 0.0738699007717751 0.0639470782800441 0.0529217199558986 0 0.0253583241455347 0.0738699007717751 0.112458654906284 0.131201764057332 0.0429988974641676 0.0507166482910695 0.133406835722161 0.146637265711136 0.13561190738699 0.0463065049614112 0.169790518191841 0.0507166482910695
"cuoMcc" 0.0452039691289967 0.0650496141124587 0.0606394707828004 0.0474090407938258 0.0253583241455347 0 0.0694597574421169 0.108048511576626 0.125689084895259 0.0396912899669239 0.0429988974641676 0.132304299889746 0.144432194046307 0.133406835722161 0.0385887541345094 0.167585446527012 0.0452039691289967
"derCor" 0.0793825799338479 0.0452039691289967 0.0705622932745314 0.0672546857772878 0.0738699007717751 0.0694597574421169 0 0.119073869900772 0.131201764057332 0.0694597574421169 0.061742006615215 0.140022050716648 0.151047409040794 0.141124586549063 0.0628445424476295 0.168687982359427 0.0628445424476295
"derMaw" 0.120176405733186 0.119073869900772 0.101433296582139 0.109151047409041 0.112458654906284 0.108048511576626 0.119073869900772 0 0.153252480705623 0.117971334068357 0.106945975744212 0.158765159867696 0.176405733186329 0.169790518191841 0.102535832414553 0.202866593164278 0.108048511576626
"emySub" 0.134509371554576 0.125689084895259 0.115766262403528 0.116868798235943 0.131201764057332 0.125689084895259 0.131201764057332 0.153252480705623 0 0.126791620727674 0.116868798235943 0.0606394707828004 0.103638368246968 0.157662624035281 0.116868798235943 0.126791620727674 0.120176405733186
"gopAga" 0.0363836824696803 0.0694597574421169 0.0606394707828004 0.0485115766262404 0.0429988974641676 0.0396912899669239 0.0694597574421169 0.117971334068357 0.126791620727674 0 0.0485115766262404 0.128996692392503 0.146637265711136 0.13561190738699 0.0429988974641676 0.163175303197354 0.0507166482910695
"malTer" 0.0595369349503859 0.0628445424476295 0.051819184123484 0.0121278941565601 0.0507166482910695 0.0429988974641676 0.061742006615215 0.106945975744212 0.116868798235943 0.0485115766262404 0 0.121278941565601 0.142227122381477 0.130099228224917 0.0297684674751929 0.165380374862183 0.019845644983462
"mesTub" 0.138919514884234 0.131201764057332 0.119073869900772 0.12348401323043 0.133406835722161 0.132304299889746 0.140022050716648 0.158765159867696 0.0606394707828004 0.128996692392503 0.121278941565601 0 0.110253583241455 0.157662624035281 0.121278941565601 0.132304299889746 0.127894156560088
"pelCas" 0.152149944873208 0.155457552370452 0.134509371554576 0.140022050716648 0.146637265711136 0.144432194046307 0.151047409040794 0.176405733186329 0.103638368246968 0.146637265711136 0.142227122381477 0.110253583241455 0 0.168687982359427 0.138919514884234 0.120176405733186 0.144432194046307
"pelSin" 0.144432194046307 0.143329658213892 0.119073869900772 0.128996692392503 0.13561190738699 0.133406835722161 0.141124586549063 0.169790518191841 0.157662624035281 0.13561190738699 0.130099228224917 0.157662624035281 0.168687982359427 0 0.124586549062845 0.188533627342889 0.130099228224917
"plaMeg" 0.0529217199558986 0.0584343991179713 0.0529217199558986 0.0352811466372657 0.0463065049614112 0.0385887541345094 0.0628445424476295 0.102535832414553 0.116868798235943 0.0429988974641676 0.0297684674751929 0.121278941565601 0.138919514884234 0.124586549062845 0 0.164277839029768 0.0330760749724366
"podExp" 0.169790518191841 0.167585446527012 0.157662624035281 0.163175303197354 0.169790518191841 0.167585446527012 0.168687982359427 0.202866593164278 0.126791620727674 0.163175303197354 0.165380374862183 0.132304299889746 0.120176405733186 0.188533627342889 0.164277839029768 0 0.163175303197354
"terMex" 0.0595369349503859 0.0672546857772878 0.0562293274531422 0.0231532524807056 0.0507166482910695 0.0452039691289967 0.0628445424476295 0.108048511576626 0.120176405733186 0.0507166482910695 0.019845644983462 0.127894156560088 0.144432194046307 0.130099228224917 0.0330760749724366 0.163175303197354 0
