"carIns" "cheAbi" "cheMyd" "cheSer" "chrPic" "cuoAmb" "cuoMcc" "derCor" "derMaw" "emySub" "gopAga" "malTer" "mesTub" "pelCas" "pelSin" "plaMeg" "podExp" "terMex"
"carIns" 0 0.116359447004608 0.117511520737327 0.116359447004608 0.114055299539171 0.114055299539171 0.111751152073733 0.115207373271889 0.122119815668203 0.123271889400922 0.108294930875576 0.112903225806452 0.138248847926267 0.148617511520737 0.139400921658986 0.110599078341014 0.164746543778802 0.120967741935484
"cheAbi" 0.116359447004608 0 0.0552995391705069 0.0506912442396313 0.0426267281105991 0.0253456221198157 0.0207373271889401 0.0483870967741935 0.0622119815668203 0.0956221198156682 0.0184331797235023 0.0414746543778802 0.104838709677419 0.115207373271889 0.109447004608295 0.0403225806451613 0.131336405529954 0.0460829493087558
"cheMyd" 0.117511520737327 0.0552995391705069 0 0.0368663594470046 0.043778801843318 0.0483870967741935 0.0460829493087558 0.021889400921659 0.054147465437788 0.0944700460829493 0.0460829493087558 0.0426267281105991 0.0990783410138249 0.109447004608295 0.102534562211982 0.0449308755760369 0.131336405529954 0.0518433179723502
"cheSer" 0.116359447004608 0.0506912442396313 0.0368663594470046 0 0.0391705069124424 0.0414746543778802 0.0414746543778802 0.0311059907834101 0.0495391705069124 0.0921658986175115 0.0414746543778802 0.0380184331797235 0.0967741935483871 0.115207373271889 0.102534562211982 0.0414746543778802 0.134792626728111 0.0472350230414747
"chrPic" 0.114055299539171 0.0426267281105991 0.043778801843318 0.0391705069124424 0 0.0311059907834101 0.0311059907834101 0.0380184331797235 0.0472350230414747 0.0841013824884793 0.0334101382488479 0.00115207373271889 0.0921658986175115 0.107142857142857 0.0967741935483871 0.0207373271889401 0.124423963133641 0.0149769585253456
"cuoAmb" 0.114055299539171 0.0253456221198157 0.0483870967741935 0.0414746543778802 0.0311059907834101 0 0.00691244239631336 0.0391705069124424 0.054147465437788 0.0898617511520737 0.0138248847926267 0.0299539170506912 0.0990783410138249 0.114055299539171 0.105990783410138 0.0311059907834101 0.129032258064516 0.0345622119815668
"cuoMcc" 0.111751152073733 0.0207373271889401 0.0460829493087558 0.0414746543778802 0.0311059907834101 0.00691244239631336 0 0.0391705069124424 0.0564516129032258 0.0887096774193548 0.00921658986175115 0.0299539170506912 0.0990783410138249 0.112903225806452 0.1036866359447 0.0311059907834101 0.126728110599078 0.0345622119815668
"derCor" 0.115207373271889 0.0483870967741935 0.021889400921659 0.0311059907834101 0.0380184331797235 0.0391705069124424 0.0391705069124424 0 0.0483870967741935 0.0875576036866359 0.0391705069124424 0.0368663594470046 0.0944700460829493 0.108294930875576 0.102534562211982 0.0391705069124424 0.129032258064516 0.043778801843318
"derMaw" 0.122119815668203 0.0622119815668203 0.054147465437788 0.0495391705069124 0.0472350230414747 0.054147465437788 0.0564516129032258 0.0483870967741935 0 0.0944700460829493 0.0564516129032258 0.0472350230414747 0.102534562211982 0.117511520737327 0.108294930875576 0.0518433179723502 0.140552995391705 0.0576036866359447
"emySub" 0.123271889400922 0.0956221198156682 0.0944700460829493 0.0921658986175115 0.0841013824884793 0.0898617511520737 0.0887096774193548 0.0875576036866359 0.0944700460829493 0 0.0875576036866359 0.0841013824884793 0.0518433179723502 0.0852534562211982 0.122119815668203 0.0875576036866359 0.108294930875576 0.0956221198156682
"gopAga" 0.108294930875576 0.0184331797235023 0.0460829493087558 0.0414746543778802 0.0334101382488479 0.0138248847926267 0.00921658986175115 0.0391705069124424 0.0564516129032258 0.0875576036866359 0 0.032258064516129 0.0956221198156682 0.111751152073733 0.101382488479263 0.0311059907834101 0.124423963133641 0.0368663594470046
"malTer" 0.112903225806452 0.0414746543778802 0.0426267281105991 0.0380184331797235 0.00115207373271889 0.0299539170506912 0.0299539170506912 0.0368663594470046 0.0472350230414747 0.0841013824884793 0.032258064516129 0 0.0921658986175115 0.107142857142857 0.0956221198156682 0.0195852534562212 0.124423963133641 0.0138248847926267
"mesTub" 0.138248847926267 0.104838709677419 0.0990783410138249 0.0967741935483871 0.0921658986175115 0.0990783410138249 0.0990783410138249 0.0944700460829493 0.102534562211982 0.0518433179723502 0.0956221198156682 0.0921658986175115 0 0.097926267281106 0.123271889400922 0.0933179723502304 0.120967741935484 0.0956221198156682
"pelCas" 0.148617511520737 0.115207373271889 0.109447004608295 0.115207373271889 0.107142857142857 0.114055299539171 0.112903225806452 0.108294930875576 0.117511520737327 0.0852534562211982 0.111751152073733 0.107142857142857 0.097926267281106 0 0.134792626728111 0.109447004608295 0.0875576036866359 0.117511520737327
"pelSin" 0.139400921658986 0.109447004608295 0.102534562211982 0.102534562211982 0.0967741935483871 0.105990783410138 0.1036866359447 0.102534562211982 0.108294930875576 0.122119815668203 0.101382488479263 0.0956221198156682 0.123271889400922 0.134792626728111 0 0.0921658986175115 0.1463133640553 0.1036866359447
"plaMeg" 0.110599078341014 0.0403225806451613 0.0449308755760369 0.0414746543778802 0.0207373271889401 0.0311059907834101 0.0311059907834101 0.0391705069124424 0.0518433179723502 0.0875576036866359 0.0311059907834101 0.0195852534562212 0.0933179723502304 0.109447004608295 0.0921658986175115 0 0.125576036866359 0.0241935483870968
"podExp" 0.164746543778802 0.131336405529954 0.131336405529954 0.134792626728111 0.124423963133641 0.129032258064516 0.126728110599078 0.129032258064516 0.140552995391705 0.108294930875576 0.124423963133641 0.124423963133641 0.120967741935484 0.0875576036866359 0.1463133640553 0.125576036866359 0 0.134792626728111
"terMex" 0.120967741935484 0.0460829493087558 0.0518433179723502 0.0472350230414747 0.0149769585253456 0.0345622119815668 0.0345622119815668 0.043778801843318 0.0576036866359447 0.0956221198156682 0.0368663594470046 0.0138248847926267 0.0956221198156682 0.117511520737327 0.1036866359447 0.0241935483870968 0.134792626728111 0
