"carIns" "cheAbi" "cheMyd" "cheSer" "chrPic" "cuoAmb" "cuoMcc" "derCor" "derMaw" "emySub" "gopAga" "malTer" "mesTub" "pelCas" "pelSin" "plaMeg" "podExp" "terMex"
"carIns" 0 0.24105461393597 0.145009416195857 0.143126177024482 0.246704331450094 0.224105461393597 0.220338983050847 0.146892655367232 0.24105461393597 0.186440677966102 0.225988700564972 0.274952919020716 0.188323917137476 0.203389830508475 0.169491525423729 0.252354048964218 0.182674199623352 0.263653483992467
"cheAbi" 0.24105461393597 0 0.160075329566855 0.152542372881356 0.303201506591337 0.112994350282486 0.116760828625235 0.175141242937853 0.295668549905838 0.203389830508475 0.103578154425612 0.32015065913371 0.199623352165725 0.212806026365348 0.205273069679849 0.293785310734463 0.229755178907721 0.312617702448211
"cheMyd" 0.145009416195857 0.160075329566855 0 0.0527306967984934 0.192090395480226 0.148775894538606 0.148775894538606 0.0376647834274953 0.192090395480226 0.120527306967985 0.156308851224105 0.214689265536723 0.120527306967985 0.133709981167608 0.103578154425612 0.186440677966102 0.114877589453861 0.2015065913371
"cheSer" 0.143126177024482 0.152542372881356 0.0527306967984934 0 0.192090395480226 0.143126177024482 0.145009416195857 0.071563088512241 0.188323917137476 0.111111111111111 0.148775894538606 0.207156308851224 0.109227871939736 0.131826741996234 0.0885122410546139 0.193973634651601 0.120527306967985 0.207156308851224
"chrPic" 0.246704331450094 0.303201506591337 0.192090395480226 0.192090395480226 0 0.28436911487759 0.28436911487759 0.199623352165725 0.152542372881356 0.246704331450094 0.290018832391714 0.0885122410546139 0.239171374764595 0.252354048964218 0.239171374764595 0.131826741996234 0.227871939736347 0.145009416195857
"cuoAmb" 0.224105461393597 0.112994350282486 0.148775894538606 0.143126177024482 0.28436911487759 0 0.0847457627118644 0.160075329566855 0.278719397363465 0.177024482109228 0.105461393596987 0.299435028248588 0.171374764595104 0.193973634651601 0.195856873822976 0.274952919020716 0.210922787193974 0.295668549905838
"cuoMcc" 0.220338983050847 0.116760828625235 0.148775894538606 0.145009416195857 0.28436911487759 0.0847457627118644 0 0.163841807909605 0.28436911487759 0.180790960451977 0.0828625235404896 0.299435028248588 0.178907721280603 0.192090395480226 0.193973634651601 0.273069679849341 0.209039548022599 0.291902071563089
"derCor" 0.146892655367232 0.175141242937853 0.0376647834274953 0.071563088512241 0.199623352165725 0.160075329566855 0.163841807909605 0 0.19774011299435 0.124293785310734 0.165725047080979 0.216572504708098 0.128060263653484 0.148775894538606 0.114877589453861 0.193973634651601 0.12241054613936 0.210922787193974
"derMaw" 0.24105461393597 0.295668549905838 0.192090395480226 0.188323917137476 0.152542372881356 0.278719397363465 0.28436911487759 0.19774011299435 0 0.235404896421846 0.286252354048964 0.205273069679849 0.233521657250471 0.244821092278719 0.222222222222222 0.177024482109228 0.216572504708098 0.190207156308851
"emySub" 0.186440677966102 0.203389830508475 0.120527306967985 0.111111111111111 0.246704331450094 0.177024482109228 0.180790960451977 0.124293785310734 0.235404896421846 0 0.184557438794727 0.265536723163842 0.0546139359698682 0.105461393596987 0.137476459510358 0.242937853107345 0.141242937853107 0.265536723163842
"gopAga" 0.225988700564972 0.103578154425612 0.156308851224105 0.148775894538606 0.290018832391714 0.105461393596987 0.0828625235404896 0.165725047080979 0.286252354048964 0.184557438794727 0 0.306967984934087 0.184557438794727 0.205273069679849 0.195856873822976 0.278719397363465 0.220338983050847 0.303201506591337
"malTer" 0.274952919020716 0.32015065913371 0.214689265536723 0.207156308851224 0.0885122410546139 0.299435028248588 0.299435028248588 0.216572504708098 0.205273069679849 0.265536723163842 0.306967984934087 0 0.259887005649718 0.274952919020716 0.254237288135593 0.152542372881356 0.250470809792844 0.156308851224105
"mesTub" 0.188323917137476 0.199623352165725 0.120527306967985 0.109227871939736 0.239171374764595 0.171374764595104 0.178907721280603 0.128060263653484 0.233521657250471 0.0546139359698682 0.184557438794727 0.259887005649718 0 0.107344632768362 0.150659133709981 0.235404896421846 0.137476459510358 0.256120527306968
"pelCas" 0.203389830508475 0.212806026365348 0.133709981167608 0.131826741996234 0.252354048964218 0.193973634651601 0.192090395480226 0.148775894538606 0.244821092278719 0.105461393596987 0.205273069679849 0.274952919020716 0.107344632768362 0 0.167608286252354 0.242937853107345 0.109227871939736 0.271186440677966
"pelSin" 0.169491525423729 0.205273069679849 0.103578154425612 0.0885122410546139 0.239171374764595 0.195856873822976 0.193973634651601 0.114877589453861 0.222222222222222 0.137476459510358 0.195856873822976 0.254237288135593 0.150659133709981 0.167608286252354 0 0.23728813559322 0.148775894538606 0.248587570621469
"plaMeg" 0.252354048964218 0.293785310734463 0.186440677966102 0.193973634651601 0.131826741996234 0.274952919020716 0.273069679849341 0.193973634651601 0.177024482109228 0.242937853107345 0.278719397363465 0.152542372881356 0.235404896421846 0.242937853107345 0.23728813559322 0 0.214689265536723 0.169491525423729
"podExp" 0.182674199623352 0.229755178907721 0.114877589453861 0.120527306967985 0.227871939736347 0.210922787193974 0.209039548022599 0.12241054613936 0.216572504708098 0.141242937853107 0.220338983050847 0.250470809792844 0.137476459510358 0.109227871939736 0.148775894538606 0.214689265536723 0 0.248587570621469
"terMex" 0.263653483992467 0.312617702448211 0.2015065913371 0.207156308851224 0.145009416195857 0.295668549905838 0.291902071563089 0.210922787193974 0.190207156308851 0.265536723163842 0.303201506591337 0.156308851224105 0.256120527306968 0.271186440677966 0.248587570621469 0.169491525423729 0.248587570621469 0
