"carIns" "cheMyd" "cheSer" "chrPic" "cuoAmb" "cuoMcc" "derMaw" "emySub" "gopAga" "malTer" "mesTub" "pelCas" "pelSin" "plaMeg" "podExp" "terMex"
"carIns" 0 0.166666666666667 0.115530303030303 0.176136363636364 0.255681818181818 0.0984848484848485 0.121212121212121 0.179924242424242 0.320075757575758 0.109848484848485 0.136363636363636 0.132575757575758 0.178030303030303 0.160984848484848 0.138257575757576 0.109848484848485
"cheMyd" 0.166666666666667 0 0.136363636363636 0.221590909090909 0.225378787878788 0.111742424242424 0.126893939393939 0.232954545454545 0.306818181818182 0.123106060606061 0.185606060606061 0.193181818181818 0.204545454545455 0.195075757575758 0.193181818181818 0.126893939393939
"cheSer" 0.115530303030303 0.136363636363636 0 0.15719696969697 0.215909090909091 0.0492424242424242 0.0909090909090909 0.200757575757576 0.306818181818182 0.0587121212121212 0.130681818181818 0.128787878787879 0.166666666666667 0.128787878787879 0.134469696969697 0.0511363636363636
"chrPic" 0.176136363636364 0.221590909090909 0.15719696969697 0 0.306818181818182 0.126893939393939 0.179924242424242 0.153409090909091 0.384469696969697 0.125 0.214015151515152 0.195075757575758 0.274621212121212 0.0643939393939394 0.21969696969697 0.128787878787879
"cuoAmb" 0.255681818181818 0.225378787878788 0.215909090909091 0.306818181818182 0 0.193181818181818 0.21969696969697 0.339015151515151 0.331439393939394 0.189393939393939 0.263257575757576 0.278409090909091 0.267045454545455 0.28030303030303 0.257575757575758 0.208333333333333
"cuoMcc" 0.0984848484848485 0.111742424242424 0.0492424242424242 0.126893939393939 0.193181818181818 0 0.0700757575757576 0.185606060606061 0.287878787878788 0.0359848484848485 0.115530303030303 0.119318181818182 0.172348484848485 0.0909090909090909 0.134469696969697 0.0359848484848485
"derMaw" 0.121212121212121 0.126893939393939 0.0909090909090909 0.179924242424242 0.21969696969697 0.0700757575757576 0 0.210227272727273 0.310606060606061 0.0852272727272727 0.140151515151515 0.138257575757576 0.191287878787879 0.151515151515152 0.15530303030303 0.0871212121212121
"emySub" 0.179924242424242 0.232954545454545 0.200757575757576 0.153409090909091 0.339015151515151 0.185606060606061 0.210227272727273 0 0.401515151515151 0.195075757575758 0.159090909090909 0.172348484848485 0.255681818181818 0.121212121212121 0.179924242424242 0.196969696969697
"gopAga" 0.320075757575758 0.306818181818182 0.306818181818182 0.384469696969697 0.331439393939394 0.287878787878788 0.310606060606061 0.401515151515151 0 0.301136363636364 0.340909090909091 0.350378787878788 0.357954545454545 0.365530303030303 0.339015151515151 0.299242424242424
"malTer" 0.109848484848485 0.123106060606061 0.0587121212121212 0.125 0.189393939393939 0.0359848484848485 0.0852272727272727 0.195075757575758 0.301136363636364 0 0.123106060606061 0.132575757575758 0.166666666666667 0.113636363636364 0.132575757575758 0.0303030303030303
"mesTub" 0.136363636363636 0.185606060606061 0.130681818181818 0.214015151515152 0.263257575757576 0.115530303030303 0.140151515151515 0.159090909090909 0.340909090909091 0.123106060606061 0 0.111742424242424 0.196969696969697 0.1875 0.107954545454545 0.126893939393939
"pelCas" 0.132575757575758 0.193181818181818 0.128787878787879 0.195075757575758 0.278409090909091 0.119318181818182 0.138257575757576 0.172348484848485 0.350378787878788 0.132575757575758 0.111742424242424 0 0.212121212121212 0.176136363636364 0.104166666666667 0.136363636363636
"pelSin" 0.178030303030303 0.204545454545455 0.166666666666667 0.274621212121212 0.267045454545455 0.172348484848485 0.191287878787879 0.255681818181818 0.357954545454545 0.166666666666667 0.196969696969697 0.212121212121212 0 0.25 0.196969696969697 0.174242424242424
"plaMeg" 0.160984848484848 0.195075757575758 0.128787878787879 0.0643939393939394 0.28030303030303 0.0909090909090909 0.151515151515152 0.121212121212121 0.365530303030303 0.113636363636364 0.1875 0.176136363636364 0.25 0 0.195075757575758 0.113636363636364
"podExp" 0.138257575757576 0.193181818181818 0.134469696969697 0.21969696969697 0.257575757575758 0.134469696969697 0.15530303030303 0.179924242424242 0.339015151515151 0.132575757575758 0.107954545454545 0.104166666666667 0.196969696969697 0.195075757575758 0 0.149621212121212
"terMex" 0.109848484848485 0.126893939393939 0.0511363636363636 0.128787878787879 0.208333333333333 0.0359848484848485 0.0871212121212121 0.196969696969697 0.299242424242424 0.0303030303030303 0.126893939393939 0.136363636363636 0.174242424242424 0.113636363636364 0.149621212121212 0
