"carIns" "cheAbi" "cheMyd" "cheSer" "chrPic" "cuoAmb" "cuoMcc" "derCor" "derMaw" "emySub" "gopAga" "mesTub" "pelCas" "plaMeg" "podExp" "terMex"
"carIns" 0 0.157817109144543 0.12094395280236 0.129793510324484 0.12094395280236 0.132743362831858 0.132743362831858 0.132743362831858 0.122418879056047 0.112094395280236 0.151917404129794 0.128318584070796 0.146017699115044 0.117994100294985 0.154867256637168 0.117994100294985
"cheAbi" 0.157817109144543 0 0.0943952802359882 0.0988200589970502 0.0707964601769911 0.0457227138643068 0.0457227138643068 0.0973451327433628 0.0825958702064897 0.115044247787611 0.0589970501474926 0.109144542772861 0.132743362831858 0.0575221238938053 0.141592920353982 0.0634218289085546
"cheMyd" 0.12094395280236 0.0943952802359882 0 0.056047197640118 0.0530973451327434 0.0634218289085546 0.0634218289085546 0.0398230088495575 0.0604719764011799 0.0929203539823009 0.0781710914454277 0.0855457227138643 0.110619469026549 0.0545722713864307 0.122418879056047 0.0575221238938053
"cheSer" 0.129793510324484 0.0988200589970502 0.056047197640118 0 0.0604719764011799 0.0707964601769911 0.0678466076696165 0.0589970501474926 0.0471976401179941 0.0914454277286136 0.084070796460177 0.0825958702064897 0.110619469026549 0.0589970501474926 0.129793510324484 0.0648967551622419
"chrPic" 0.12094395280236 0.0707964601769911 0.0530973451327434 0.0604719764011799 0 0.0398230088495575 0.0398230088495575 0.0693215339233038 0.0575221238938053 0.0914454277286136 0.0678466076696165 0.0870206489675516 0.115044247787611 0.028023598820059 0.132743362831858 0.0162241887905605
"cuoAmb" 0.132743362831858 0.0457227138643068 0.0634218289085546 0.0707964601769911 0.0398230088495575 0 0.00589970501474926 0.0722713864306785 0.0648967551622419 0.0914454277286136 0.0398230088495575 0.0899705014749263 0.117994100294985 0.0294985250737463 0.131268436578171 0.0383480825958702
"cuoMcc" 0.132743362831858 0.0457227138643068 0.0634218289085546 0.0678466076696165 0.0398230088495575 0.00589970501474926 0 0.0722713864306785 0.0648967551622419 0.0914454277286136 0.0398230088495575 0.0899705014749263 0.117994100294985 0.0324483775811209 0.131268436578171 0.0383480825958702
"derCor" 0.132743362831858 0.0973451327433628 0.0398230088495575 0.0589970501474926 0.0693215339233038 0.0722713864306785 0.0722713864306785 0 0.0619469026548673 0.103244837758112 0.079646017699115 0.0958702064896755 0.113569321533923 0.0663716814159292 0.125368731563422 0.0663716814159292
"derMaw" 0.122418879056047 0.0825958702064897 0.0604719764011799 0.0471976401179941 0.0575221238938053 0.0648967551622419 0.0648967551622419 0.0619469026548673 0 0.0899705014749263 0.0781710914454277 0.084070796460177 0.109144542772861 0.0589970501474926 0.115044247787611 0.0619469026548673
"emySub" 0.112094395280236 0.115044247787611 0.0929203539823009 0.0914454277286136 0.0914454277286136 0.0914454277286136 0.0914454277286136 0.103244837758112 0.0899705014749263 0 0.109144542772861 0.0353982300884956 0.0825958702064897 0.0781710914454277 0.101769911504425 0.0870206489675516
"gopAga" 0.151917404129794 0.0589970501474926 0.0781710914454277 0.084070796460177 0.0678466076696165 0.0398230088495575 0.0398230088495575 0.079646017699115 0.0781710914454277 0.109144542772861 0 0.100294985250737 0.12094395280236 0.0604719764011799 0.132743362831858 0.0634218289085546
"mesTub" 0.128318584070796 0.109144542772861 0.0855457227138643 0.0825958702064897 0.0870206489675516 0.0899705014749263 0.0899705014749263 0.0958702064896755 0.084070796460177 0.0353982300884956 0.100294985250737 0 0.0693215339233038 0.0737463126843658 0.0943952802359882 0.0855457227138643
"pelCas" 0.146017699115044 0.132743362831858 0.110619469026549 0.110619469026549 0.115044247787611 0.117994100294985 0.117994100294985 0.113569321533923 0.109144542772861 0.0825958702064897 0.12094395280236 0.0693215339233038 0 0.104719764011799 0.0855457227138643 0.116519174041298
"plaMeg" 0.117994100294985 0.0575221238938053 0.0545722713864307 0.0589970501474926 0.028023598820059 0.0294985250737463 0.0324483775811209 0.0663716814159292 0.0589970501474926 0.0781710914454277 0.0604719764011799 0.0737463126843658 0.104719764011799 0 0.119469026548673 0.023598820058997
"podExp" 0.154867256637168 0.141592920353982 0.122418879056047 0.129793510324484 0.132743362831858 0.131268436578171 0.131268436578171 0.125368731563422 0.115044247787611 0.101769911504425 0.132743362831858 0.0943952802359882 0.0855457227138643 0.119469026548673 0 0.128318584070796
"terMex" 0.117994100294985 0.0634218289085546 0.0575221238938053 0.0648967551622419 0.0162241887905605 0.0383480825958702 0.0383480825958702 0.0663716814159292 0.0619469026548673 0.0870206489675516 0.0634218289085546 0.0855457227138643 0.116519174041298 0.023598820058997 0.128318584070796 0
