"carIns" "cheAbi" "cheMyd" "cheSer" "chrPic" "cuoAmb" "cuoMcc" "derCor" "derMaw" "emySub" "gopAga" "malTer" "mesTub" "pelCas" "pelSin" "plaMeg" "podExp" "terMex"
"carIns" 0 0.107088989441931 0.0995475113122172 0.105580693815988 0.0995475113122172 0.0965309200603318 0.0965309200603318 0.108597285067873 0.0995475113122172 0.116138763197587 0.0995475113122172 0.0995475113122172 0.111613876319759 0.129713423831071 0.104072398190045 0.0995475113122172 0.122171945701357 0.0965309200603318
"cheAbi" 0.107088989441931 0 0.0558069381598793 0.0497737556561086 0.0452488687782805 0.0301659125188537 0.0271493212669683 0.0678733031674208 0.0648567119155355 0.104072398190045 0.0331825037707391 0.0422322775263952 0.105580693815988 0.1236802413273 0.10105580693816 0.0407239819004525 0.116138763197587 0.0422322775263952
"cheMyd" 0.0995475113122172 0.0558069381598793 0 0.0377073906485671 0.0392156862745098 0.0407239819004525 0.0407239819004525 0.028657616892911 0.0482654600301659 0.0829562594268477 0.057315233785822 0.0361990950226244 0.0844645550527904 0.102564102564103 0.0874811463046757 0.0256410256410256 0.0995475113122172 0.0316742081447964
"cheSer" 0.105580693815988 0.0497737556561086 0.0377073906485671 0 0.0377073906485671 0.0452488687782805 0.0422322775263952 0.0467571644042232 0.0497737556561086 0.0965309200603318 0.0558069381598793 0.0346907993966818 0.0950226244343891 0.114630467571644 0.0904977375565611 0.0301659125188537 0.108597285067873 0.0301659125188537
"chrPic" 0.0995475113122172 0.0452488687782805 0.0392156862745098 0.0377073906485671 0 0.0316742081447964 0.0316742081447964 0.0497737556561086 0.052790346907994 0.0889894419306184 0.0422322775263952 0.00603318250377074 0.0889894419306184 0.0995475113122172 0.0829562594268477 0.0256410256410256 0.0995475113122172 0.0120663650075415
"cuoAmb" 0.0965309200603318 0.0301659125188537 0.0407239819004525 0.0452488687782805 0.0316742081447964 0 0.00904977375565611 0.0542986425339367 0.0542986425339367 0.0904977375565611 0.0346907993966818 0.0271493212669683 0.0920060331825038 0.107088989441931 0.0920060331825038 0.0271493212669683 0.0995475113122172 0.0316742081447964
"cuoMcc" 0.0965309200603318 0.0271493212669683 0.0407239819004525 0.0422322775263952 0.0316742081447964 0.00904977375565611 0 0.0542986425339367 0.0512820512820513 0.0920060331825038 0.0316742081447964 0.028657616892911 0.0965309200603318 0.107088989441931 0.0920060331825038 0.0271493212669683 0.105580693815988 0.028657616892911
"derCor" 0.108597285067873 0.0678733031674208 0.028657616892911 0.0467571644042232 0.0497737556561086 0.0542986425339367 0.0542986425339367 0 0.0588235294117647 0.0980392156862745 0.0678733031674208 0.0452488687782805 0.0965309200603318 0.113122171945701 0.0935143288084465 0.0331825037707391 0.110105580693816 0.0422322775263952
"derMaw" 0.0995475113122172 0.0648567119155355 0.0482654600301659 0.0497737556561086 0.052790346907994 0.0542986425339367 0.0512820512820513 0.0588235294117647 0 0.10105580693816 0.0618401206636501 0.0497737556561086 0.0950226244343891 0.117647058823529 0.0950226244343891 0.0437405731523379 0.113122171945701 0.0452488687782805
"emySub" 0.116138763197587 0.104072398190045 0.0829562594268477 0.0965309200603318 0.0889894419306184 0.0904977375565611 0.0920060331825038 0.0980392156862745 0.10105580693816 0 0.105580693815988 0.085972850678733 0.0512820512820513 0.0904977375565611 0.105580693815988 0.0844645550527904 0.0769230769230769 0.0829562594268477
"gopAga" 0.0995475113122172 0.0331825037707391 0.057315233785822 0.0558069381598793 0.0422322775263952 0.0346907993966818 0.0316742081447964 0.0678733031674208 0.0618401206636501 0.105580693815988 0 0.0392156862745098 0.108597285067873 0.119155354449472 0.0995475113122172 0.0407239819004525 0.116138763197587 0.0392156862745098
"malTer" 0.0995475113122172 0.0422322775263952 0.0361990950226244 0.0346907993966818 0.00603318250377074 0.0271493212669683 0.028657616892911 0.0452488687782805 0.0497737556561086 0.085972850678733 0.0392156862745098 0 0.085972850678733 0.0995475113122172 0.0799396681749623 0.0211161387631976 0.0935143288084465 0.00904977375565611
"mesTub" 0.111613876319759 0.105580693815988 0.0844645550527904 0.0950226244343891 0.0889894419306184 0.0920060331825038 0.0965309200603318 0.0965309200603318 0.0950226244343891 0.0512820512820513 0.108597285067873 0.085972850678733 0 0.085972850678733 0.0920060331825038 0.0829562594268477 0.0799396681749623 0.0844645550527904
"pelCas" 0.129713423831071 0.1236802413273 0.102564102564103 0.114630467571644 0.0995475113122172 0.107088989441931 0.107088989441931 0.113122171945701 0.117647058823529 0.0904977375565611 0.119155354449472 0.0995475113122172 0.085972850678733 0 0.120663650075415 0.10105580693816 0.0754147812971342 0.0995475113122172
"pelSin" 0.104072398190045 0.10105580693816 0.0874811463046757 0.0904977375565611 0.0829562594268477 0.0920060331825038 0.0920060331825038 0.0935143288084465 0.0950226244343891 0.105580693815988 0.0995475113122172 0.0799396681749623 0.0920060331825038 0.120663650075415 0 0.0844645550527904 0.117647058823529 0.0769230769230769
"plaMeg" 0.0995475113122172 0.0407239819004525 0.0256410256410256 0.0301659125188537 0.0256410256410256 0.0271493212669683 0.0271493212669683 0.0331825037707391 0.0437405731523379 0.0844645550527904 0.0407239819004525 0.0211161387631976 0.0829562594268477 0.10105580693816 0.0844645550527904 0 0.0935143288084465 0.0196078431372549
"podExp" 0.122171945701357 0.116138763197587 0.0995475113122172 0.108597285067873 0.0995475113122172 0.0995475113122172 0.105580693815988 0.110105580693816 0.113122171945701 0.0769230769230769 0.116138763197587 0.0935143288084465 0.0799396681749623 0.0754147812971342 0.117647058823529 0.0935143288084465 0 0.0935143288084465
"terMex" 0.0965309200603318 0.0422322775263952 0.0316742081447964 0.0301659125188537 0.0120663650075415 0.0316742081447964 0.028657616892911 0.0422322775263952 0.0452488687782805 0.0829562594268477 0.0392156862745098 0.00904977375565611 0.0844645550527904 0.0995475113122172 0.0769230769230769 0.0196078431372549 0.0935143288084465 0
