"carIns" "cheAbi" "cheMyd" "cheSer" "chrPic" "cuoAmb" "cuoMcc" "derCor" "derMaw" "emySub" "gopAga" "malTer" "mesTub" "pelCas" "pelSin" "plaMeg" "podExp" "terMex"
"carIns" 0 0.0718232044198895 0.0939226519337017 0.0552486187845304 0.0570902394106814 0.0497237569060773 0.0497237569060773 0.0497237569060773 0.0552486187845304 0.0534069981583794 0.0460405156537753 0.0534069981583794 0.0497237569060773 0.0755064456721915 0.117863720073665 0.0497237569060773 0.0681399631675875 0.167587476979742
"cheAbi" 0.0718232044198895 0 0.0791896869244936 0.0515653775322284 0.0368324125230203 0.0294659300184162 0.0294659300184162 0.0368324125230203 0.0497237569060773 0.0534069981583794 0.0257826887661142 0.0331491712707182 0.0607734806629834 0.0773480662983425 0.110497237569061 0.0331491712707182 0.0681399631675875 0.16390423572744
"cheMyd" 0.0939226519337017 0.0791896869244936 0 0.0644567219152855 0.0662983425414365 0.0626151012891344 0.0626151012891344 0.0515653775322284 0.0644567219152855 0.0662983425414365 0.0626151012891344 0.0626151012891344 0.0773480662983425 0.0939226519337017 0.117863720073665 0.0626151012891344 0.0920810313075506 0.189686924493554
"cheSer" 0.0552486187845304 0.0515653775322284 0.0644567219152855 0 0.0294659300184162 0.0257826887661142 0.0257826887661142 0.0220994475138122 0.0313075506445672 0.0313075506445672 0.0257826887661142 0.0257826887661142 0.0386740331491713 0.0515653775322284 0.112338858195212 0.0257826887661142 0.0570902394106814 0.154696132596685
"chrPic" 0.0570902394106814 0.0368324125230203 0.0662983425414365 0.0294659300184162 0 0.0110497237569061 0.0110497237569061 0.0184162062615101 0.0239410681399632 0.0313075506445672 0.0110497237569061 0.00368324125230203 0.0386740331491713 0.0478821362799263 0.0994475138121547 0.0110497237569061 0.0497237569060773 0.134438305709024
"cuoAmb" 0.0497237569060773 0.0294659300184162 0.0626151012891344 0.0257826887661142 0.0110497237569061 0 0 0.0147329650092081 0.0239410681399632 0.0276243093922652 0.00368324125230203 0.00736648250460405 0.0349907918968692 0.0515653775322284 0.0957642725598527 0.00736648250460405 0.0460405156537753 0.138121546961326
"cuoMcc" 0.0497237569060773 0.0294659300184162 0.0626151012891344 0.0257826887661142 0.0110497237569061 0 0 0.0147329650092081 0.0239410681399632 0.0276243093922652 0.00368324125230203 0.00736648250460405 0.0349907918968692 0.0515653775322284 0.0957642725598527 0.00736648250460405 0.0460405156537753 0.138121546961326
"derCor" 0.0497237569060773 0.0368324125230203 0.0515653775322284 0.0220994475138122 0.0184162062615101 0.0147329650092081 0.0147329650092081 0 0.0202578268876611 0.0257826887661142 0.0110497237569061 0.0147329650092081 0.0331491712707182 0.0497237569060773 0.101289134438306 0.0147329650092081 0.0405156537753223 0.14548802946593
"derMaw" 0.0552486187845304 0.0497237569060773 0.0644567219152855 0.0313075506445672 0.0239410681399632 0.0239410681399632 0.0239410681399632 0.0202578268876611 0 0.0294659300184162 0.0239410681399632 0.0202578268876611 0.0331491712707182 0.0515653775322284 0.103130755064457 0.0202578268876611 0.0478821362799263 0.143646408839779
"emySub" 0.0534069981583794 0.0534069981583794 0.0662983425414365 0.0313075506445672 0.0313075506445672 0.0276243093922652 0.0276243093922652 0.0257826887661142 0.0294659300184162 0 0.0276243093922652 0.0276243093922652 0.0184162062615101 0.0497237569060773 0.10865561694291 0.0276243093922652 0.0423572744014733 0.151012891344383
"gopAga" 0.0460405156537753 0.0257826887661142 0.0626151012891344 0.0257826887661142 0.0110497237569061 0.00368324125230203 0.00368324125230203 0.0110497237569061 0.0239410681399632 0.0276243093922652 0 0.00736648250460405 0.0349907918968692 0.0515653775322284 0.0957642725598527 0.00736648250460405 0.0423572744014733 0.138121546961326
"malTer" 0.0534069981583794 0.0331491712707182 0.0626151012891344 0.0257826887661142 0.00368324125230203 0.00736648250460405 0.00736648250460405 0.0147329650092081 0.0202578268876611 0.0276243093922652 0.00736648250460405 0 0.0349907918968692 0.0441988950276243 0.0957642725598527 0.00736648250460405 0.0460405156537753 0.134438305709024
"mesTub" 0.0497237569060773 0.0607734806629834 0.0773480662983425 0.0386740331491713 0.0386740331491713 0.0349907918968692 0.0349907918968692 0.0331491712707182 0.0331491712707182 0.0184162062615101 0.0349907918968692 0.0349907918968692 0 0.0552486187845304 0.10865561694291 0.0313075506445672 0.0497237569060773 0.162062615101289
"pelCas" 0.0755064456721915 0.0773480662983425 0.0939226519337017 0.0515653775322284 0.0478821362799263 0.0515653775322284 0.0515653775322284 0.0497237569060773 0.0515653775322284 0.0497237569060773 0.0515653775322284 0.0441988950276243 0.0552486187845304 0 0.114180478821363 0.0478821362799263 0.0441988950276243 0.16390423572744
"pelSin" 0.117863720073665 0.110497237569061 0.117863720073665 0.112338858195212 0.0994475138121547 0.0957642725598527 0.0957642725598527 0.101289134438306 0.103130755064457 0.10865561694291 0.0957642725598527 0.0957642725598527 0.10865561694291 0.114180478821363 0 0.0957642725598527 0.110497237569061 0.211786372007366
"plaMeg" 0.0497237569060773 0.0331491712707182 0.0626151012891344 0.0257826887661142 0.0110497237569061 0.00736648250460405 0.00736648250460405 0.0147329650092081 0.0202578268876611 0.0276243093922652 0.00736648250460405 0.00736648250460405 0.0313075506445672 0.0478821362799263 0.0957642725598527 0 0.0423572744014733 0.141804788213628
"podExp" 0.0681399631675875 0.0681399631675875 0.0920810313075506 0.0570902394106814 0.0497237569060773 0.0460405156537753 0.0460405156537753 0.0405156537753223 0.0478821362799263 0.0423572744014733 0.0423572744014733 0.0460405156537753 0.0497237569060773 0.0441988950276243 0.110497237569061 0.0423572744014733 0 0.160220994475138
"terMex" 0.167587476979742 0.16390423572744 0.189686924493554 0.154696132596685 0.134438305709024 0.138121546961326 0.138121546961326 0.14548802946593 0.143646408839779 0.151012891344383 0.138121546961326 0.134438305709024 0.162062615101289 0.16390423572744 0.211786372007366 0.141804788213628 0.160220994475138 0
