"carIns" "cheAbi" "cheMyd" "derMaw" "emySub" "gopAga" "malTer" "mesTub" "pelCas" "pelSin" "podExp" "terMex"
"carIns" 0 0.0887690044139284 0.0622854340362923 0.0711132908288377 0.0912211868563021 0.145659637076999 0.0603236880823933 0.0750367827366356 0.0823933300637567 0.0809220205983325 0.121137812653261 0.0632663070132418
"cheAbi" 0.0887690044139284 0 0.0465914664051005 0.0529671407552722 0.0765080922020598 0.108876900441393 0.0367827366356057 0.0593428151054438 0.0711132908288377 0.0858263854830799 0.111329082883767 0.0358018636586562
"cheMyd" 0.0622854340362923 0.0465914664051005 0 0.032368808239333 0.0573810691515449 0.115252574791564 0.017165277096616 0.0407062285434036 0.0485532123589995 0.0617949975478176 0.0946542422756253 0.0186365865620402
"derMaw" 0.0711132908288377 0.0529671407552722 0.032368808239333 0 0.062775870524767 0.115743011280039 0.0245218244237371 0.0461010299166258 0.0529671407552722 0.0671897989210397 0.0951446787641 0.0250122609122119
"emySub" 0.0912211868563021 0.0765080922020598 0.0573810691515449 0.062775870524767 0 0.140264835703776 0.049534085335949 0.0348209906817067 0.0578715056400196 0.0907307503678274 0.099068170671898 0.0490436488474743
"gopAga" 0.145659637076999 0.108876900441393 0.115252574791564 0.115743011280039 0.140264835703776 0 0.10544384502207 0.12309955860716 0.131927415399706 0.14271701814615 0.15203531142717 0.10544384502207
"malTer" 0.0603236880823933 0.0367827366356057 0.017165277096616 0.0245218244237371 0.049534085335949 0.10544384502207 0 0.0328592447278077 0.0431584109857773 0.0608141245708681 0.0887690044139284 0.00588523786169691
"mesTub" 0.0750367827366356 0.0593428151054438 0.0407062285434036 0.0461010299166258 0.0348209906817067 0.12309955860716 0.0328592447278077 0 0.0407062285434036 0.0755272192251104 0.0823933300637567 0.0333496812162825
"pelCas" 0.0823933300637567 0.0711132908288377 0.0485532123589995 0.0529671407552722 0.0578715056400196 0.131927415399706 0.0431584109857773 0.0407062285434036 0 0.081902893575282 0.0784698381559588 0.0446297204512016
"pelSin" 0.0809220205983325 0.0858263854830799 0.0617949975478176 0.0671897989210397 0.0907307503678274 0.14271701814615 0.0608141245708681 0.0755272192251104 0.081902893575282 0 0.12309955860716 0.0613045610593428
"podExp" 0.121137812653261 0.111329082883767 0.0946542422756253 0.0951446787641 0.099068170671898 0.15203531142717 0.0887690044139284 0.0823933300637567 0.0784698381559588 0.12309955860716 0 0.0897498773908779
"terMex" 0.0632663070132418 0.0358018636586562 0.0186365865620402 0.0250122609122119 0.0490436488474743 0.10544384502207 0.00588523786169691 0.0333496812162825 0.0446297204512016 0.0613045610593428 0.0897498773908779 0
