"carIns" "cheAbi" "cheMyd" "cheSer" "chrPic" "cuoAmb" "cuoMcc" "derCor" "derMaw" "emySub" "gopAga" "malTer" "mesTub" "pelCas" "pelSin" "plaMeg" "podExp"
"carIns" 0 0.130658436213992 0.12962962962963 0.126543209876543 0.123456790123457 0.131687242798354 0.132716049382716 0.138888888888889 0.127572016460905 0.145061728395062 0.12962962962963 0.123456790123457 0.1440329218107 0.171810699588477 0.126543209876543 0.126543209876543 0.167695473251029
"cheAbi" 0.130658436213992 0 0.058641975308642 0.051440329218107 0.0267489711934156 0.0246913580246914 0.0195473251028807 0.058641975308642 0.0462962962962963 0.095679012345679 0.0185185185185185 0.0267489711934156 0.0946502057613169 0.117283950617284 0.103909465020576 0.0411522633744856 0.112139917695473
"cheMyd" 0.12962962962963 0.058641975308642 0 0.0473251028806584 0.0504115226337449 0.0545267489711934 0.0555555555555556 0.0390946502057613 0.051440329218107 0.0997942386831276 0.0545267489711934 0.0483539094650206 0.0997942386831276 0.125514403292181 0.1059670781893 0.044238683127572 0.119341563786008
"cheSer" 0.126543209876543 0.051440329218107 0.0473251028806584 0 0.0421810699588477 0.0483539094650206 0.0483539094650206 0.0534979423868313 0.0411522633744856 0.088477366255144 0.0493827160493827 0.0421810699588477 0.088477366255144 0.11522633744856 0.101851851851852 0.0401234567901235 0.110082304526749
"chrPic" 0.123456790123457 0.0267489711934156 0.0504115226337449 0.0421810699588477 0 0.0277777777777778 0.0288065843621399 0.0473251028806584 0.037037037037037 0.0895061728395062 0.0277777777777778 0.00205761316872428 0.0864197530864197 0.111111111111111 0.0977366255144033 0.0298353909465021 0.10082304526749
"cuoAmb" 0.131687242798354 0.0246913580246914 0.0545267489711934 0.0483539094650206 0.0277777777777778 0 0.0102880658436214 0.0545267489711934 0.044238683127572 0.0936213991769547 0.0246913580246914 0.0277777777777778 0.0946502057613169 0.112139917695473 0.104938271604938 0.0401234567901235 0.109053497942387
"cuoMcc" 0.132716049382716 0.0195473251028807 0.0555555555555556 0.0483539094650206 0.0288065843621399 0.0102880658436214 0 0.0524691358024691 0.0452674897119342 0.0946502057613169 0.0216049382716049 0.0288065843621399 0.095679012345679 0.116255144032922 0.1059670781893 0.0411522633744856 0.110082304526749
"derCor" 0.138888888888889 0.058641975308642 0.0390946502057613 0.0534979423868313 0.0473251028806584 0.0545267489711934 0.0524691358024691 0 0.051440329218107 0.103909465020576 0.0555555555555556 0.0473251028806584 0.104938271604938 0.126543209876543 0.1059670781893 0.0462962962962963 0.12037037037037
"derMaw" 0.127572016460905 0.0462962962962963 0.051440329218107 0.0411522633744856 0.037037037037037 0.044238683127572 0.0452674897119342 0.051440329218107 0 0.0905349794238683 0.0462962962962963 0.037037037037037 0.0874485596707819 0.104938271604938 0.0997942386831276 0.0360082304526749 0.104938271604938
"emySub" 0.145061728395062 0.095679012345679 0.0997942386831276 0.088477366255144 0.0895061728395062 0.0936213991769547 0.0946502057613169 0.103909465020576 0.0905349794238683 0 0.0977366255144033 0.0895061728395062 0.037037037037037 0.106995884773663 0.12037037037037 0.0874485596707819 0.10082304526749
"gopAga" 0.12962962962963 0.0185185185185185 0.0545267489711934 0.0493827160493827 0.0277777777777778 0.0246913580246914 0.0216049382716049 0.0555555555555556 0.0462962962962963 0.0977366255144033 0 0.0277777777777778 0.0946502057613169 0.118312757201646 0.106995884773663 0.044238683127572 0.108024691358025
"malTer" 0.123456790123457 0.0267489711934156 0.0483539094650206 0.0421810699588477 0.00205761316872428 0.0277777777777778 0.0288065843621399 0.0473251028806584 0.037037037037037 0.0895061728395062 0.0277777777777778 0 0.0864197530864197 0.111111111111111 0.0977366255144033 0.0298353909465021 0.10082304526749
"mesTub" 0.1440329218107 0.0946502057613169 0.0997942386831276 0.088477366255144 0.0864197530864197 0.0946502057613169 0.095679012345679 0.104938271604938 0.0874485596707819 0.037037037037037 0.0946502057613169 0.0864197530864197 0 0.106995884773663 0.126543209876543 0.0895061728395062 0.0987654320987654
"pelCas" 0.171810699588477 0.117283950617284 0.125514403292181 0.11522633744856 0.111111111111111 0.112139917695473 0.116255144032922 0.126543209876543 0.104938271604938 0.106995884773663 0.118312757201646 0.111111111111111 0.106995884773663 0 0.148148148148148 0.114197530864198 0.0730452674897119
"pelSin" 0.126543209876543 0.103909465020576 0.1059670781893 0.101851851851852 0.0977366255144033 0.104938271604938 0.1059670781893 0.1059670781893 0.0997942386831276 0.12037037037037 0.106995884773663 0.0977366255144033 0.126543209876543 0.148148148148148 0 0.0977366255144033 0.138888888888889
"plaMeg" 0.126543209876543 0.0411522633744856 0.044238683127572 0.0401234567901235 0.0298353909465021 0.0401234567901235 0.0411522633744856 0.0462962962962963 0.0360082304526749 0.0874485596707819 0.044238683127572 0.0298353909465021 0.0895061728395062 0.114197530864198 0.0977366255144033 0 0.106995884773663
"podExp" 0.167695473251029 0.112139917695473 0.119341563786008 0.110082304526749 0.10082304526749 0.109053497942387 0.110082304526749 0.12037037037037 0.104938271604938 0.10082304526749 0.108024691358025 0.10082304526749 0.0987654320987654 0.0730452674897119 0.138888888888889 0.106995884773663 0
