"carIns" "cheMyd" "derCor" "gopAga" "mesTub" "pelCas" "pelSin" "plaMeg" "podExp"
"carIns" 0 0.0710188473094783 0.0486205954657198 0.0871346626604753 0.065555859054903 0.0734771920240371 0.0508057907675498 0.0658290084676318 0.0710188473094783
"cheMyd" 0.0710188473094783 0 0.0387872166074843 0.0893198579623054 0.0682873531821907 0.0753892379131385 0.0641901119912592 0.0680142037694619 0.0704725484840208
"derCor" 0.0486205954657198 0.0387872166074843 0 0.0669216061185468 0.0447965036875171 0.0510789401802786 0.0406992624965856 0.0442502048620595 0.0565419284348539
"gopAga" 0.0871346626604753 0.0893198579623054 0.0669216061185468 0 0.086315214422289 0.0945096968041519 0.0822179732313576 0.0811253755804425 0.0912319038514067
"mesTub" 0.065555859054903 0.0682873531821907 0.0447965036875171 0.086315214422289 0 0.0456159519257034 0.0527178366566512 0.059819721387599 0.0633706637530729
"pelCas" 0.0734771920240371 0.0753892379131385 0.0510789401802786 0.0945096968041519 0.0456159519257034 0 0.0617317672767004 0.069106801420377 0.0658290084676318
"pelSin" 0.0508057907675498 0.0641901119912592 0.0406992624965856 0.0822179732313576 0.0527178366566512 0.0617317672767004 0 0.0551761813712101 0.0685605025949194
"plaMeg" 0.0658290084676318 0.0680142037694619 0.0442502048620595 0.0811253755804425 0.059819721387599 0.069106801420377 0.0551761813712101 0 0.0726577437858509
"podExp" 0.0710188473094783 0.0704725484840208 0.0565419284348539 0.0912319038514067 0.0633706637530729 0.0658290084676318 0.0685605025949194 0.0726577437858509 0
