"carIns" "cheAbi" "cheMyd" "cheSer" "chrPic" "cuoAmb" "cuoMcc" "derCor" "derMaw" "emySub" "gopAga" "malTer" "mesTub" "pelCas" "pelSin" "plaMeg" "podExp" "terMex"
"carIns" 0 0.0740740740740741 0.108262108262108 0.0769230769230769 0.0712250712250712 0.0698005698005698 0.0683760683760684 0.105413105413105 0.0826210826210826 0.084045584045584 0.0754985754985755 0.0997150997150997 0.0982905982905983 0.0982905982905983 0.123931623931624 0.0683760683760684 0.121082621082621 0.0698005698005698
"cheAbi" 0.0740740740740741 0 0.0754985754985755 0.0356125356125356 0.0270655270655271 0.0227920227920228 0.0199430199430199 0.0726495726495727 0.0427350427350427 0.0612535612535613 0.0242165242165242 0.0555555555555556 0.0683760683760684 0.0826210826210826 0.106837606837607 0.0199430199430199 0.103988603988604 0.0242165242165242
"cheMyd" 0.108262108262108 0.0754985754985755 0 0.066951566951567 0.0712250712250712 0.0641025641025641 0.0612535612535613 0.0384615384615385 0.0783475783475783 0.0997150997150997 0.0740740740740741 0.102564102564103 0.10968660968661 0.116809116809117 0.105413105413105 0.0612535612535613 0.138176638176638 0.0641025641025641
"cheSer" 0.0769230769230769 0.0356125356125356 0.066951566951567 0 0.0284900284900285 0.0242165242165242 0.0213675213675214 0.0683760683760684 0.0398860398860399 0.0626780626780627 0.0341880341880342 0.0626780626780627 0.0740740740740741 0.0797720797720798 0.094017094017094 0.0213675213675214 0.105413105413105 0.0227920227920228
"chrPic" 0.0712250712250712 0.0270655270655271 0.0712250712250712 0.0284900284900285 0 0.0213675213675214 0.0185185185185185 0.0712250712250712 0.0398860398860399 0.066951566951567 0.0284900284900285 0.0427350427350427 0.0769230769230769 0.0854700854700855 0.0997150997150997 0.0156695156695157 0.106837606837607 0.0170940170940171
"cuoAmb" 0.0698005698005698 0.0227920227920228 0.0641025641025641 0.0242165242165242 0.0213675213675214 0 0.00854700854700855 0.066951566951567 0.0356125356125356 0.066951566951567 0.0213675213675214 0.0498575498575499 0.0712250712250712 0.084045584045584 0.0954415954415954 0.0113960113960114 0.102564102564103 0.0156695156695157
"cuoMcc" 0.0683760683760684 0.0199430199430199 0.0612535612535613 0.0213675213675214 0.0185185185185185 0.00854700854700855 0 0.0641025641025641 0.0356125356125356 0.0641025641025641 0.0185185185185185 0.0498575498575499 0.0683760683760684 0.084045584045584 0.0954415954415954 0.00854700854700855 0.105413105413105 0.0128205128205128
"derCor" 0.105413105413105 0.0726495726495727 0.0384615384615385 0.0683760683760684 0.0712250712250712 0.066951566951567 0.0641025641025641 0 0.0769230769230769 0.0954415954415954 0.0769230769230769 0.102564102564103 0.105413105413105 0.111111111111111 0.102564102564103 0.0641025641025641 0.135327635327635 0.0626780626780627
"derMaw" 0.0826210826210826 0.0427350427350427 0.0783475783475783 0.0398860398860399 0.0398860398860399 0.0356125356125356 0.0356125356125356 0.0769230769230769 0 0.0769230769230769 0.0455840455840456 0.0641025641025641 0.0783475783475783 0.0911680911680912 0.105413105413105 0.0356125356125356 0.108262108262108 0.0341880341880342
"emySub" 0.084045584045584 0.0612535612535613 0.0997150997150997 0.0626780626780627 0.066951566951567 0.066951566951567 0.0641025641025641 0.0954415954415954 0.0769230769230769 0 0.0712250712250712 0.094017094017094 0.0598290598290598 0.0584045584045584 0.118233618233618 0.0641025641025641 0.0797720797720798 0.0626780626780627
"gopAga" 0.0754985754985755 0.0242165242165242 0.0740740740740741 0.0341880341880342 0.0284900284900285 0.0213675213675214 0.0185185185185185 0.0769230769230769 0.0455840455840456 0.0712250712250712 0 0.0555555555555556 0.0683760683760684 0.0925925925925926 0.108262108262108 0.0185185185185185 0.115384615384615 0.0256410256410256
"malTer" 0.0997150997150997 0.0555555555555556 0.102564102564103 0.0626780626780627 0.0427350427350427 0.0498575498575499 0.0498575498575499 0.102564102564103 0.0641025641025641 0.094017094017094 0.0555555555555556 0 0.0997150997150997 0.10968660968661 0.128205128205128 0.047008547008547 0.131054131054131 0.047008547008547
"mesTub" 0.0982905982905983 0.0683760683760684 0.10968660968661 0.0740740740740741 0.0769230769230769 0.0712250712250712 0.0683760683760684 0.105413105413105 0.0783475783475783 0.0598290598290598 0.0683760683760684 0.0997150997150997 0 0.0826210826210826 0.123931623931624 0.0698005698005698 0.106837606837607 0.0683760683760684
"pelCas" 0.0982905982905983 0.0826210826210826 0.116809116809117 0.0797720797720798 0.0854700854700855 0.084045584045584 0.084045584045584 0.111111111111111 0.0911680911680912 0.0584045584045584 0.0925925925925926 0.10968660968661 0.0826210826210826 0 0.138176638176638 0.0826210826210826 0.0698005698005698 0.0797720797720798
"pelSin" 0.123931623931624 0.106837606837607 0.105413105413105 0.094017094017094 0.0997150997150997 0.0954415954415954 0.0954415954415954 0.102564102564103 0.105413105413105 0.118233618233618 0.108262108262108 0.128205128205128 0.123931623931624 0.138176638176638 0 0.0925925925925926 0.158119658119658 0.0968660968660969
"plaMeg" 0.0683760683760684 0.0199430199430199 0.0612535612535613 0.0213675213675214 0.0156695156695157 0.0113960113960114 0.00854700854700855 0.0641025641025641 0.0356125356125356 0.0641025641025641 0.0185185185185185 0.047008547008547 0.0698005698005698 0.0826210826210826 0.0925925925925926 0 0.105413105413105 0.0128205128205128
"podExp" 0.121082621082621 0.103988603988604 0.138176638176638 0.105413105413105 0.106837606837607 0.102564102564103 0.105413105413105 0.135327635327635 0.108262108262108 0.0797720797720798 0.115384615384615 0.131054131054131 0.106837606837607 0.0698005698005698 0.158119658119658 0.105413105413105 0 0.102564102564103
"terMex" 0.0698005698005698 0.0242165242165242 0.0641025641025641 0.0227920227920228 0.0170940170940171 0.0156695156695157 0.0128205128205128 0.0626780626780627 0.0341880341880342 0.0626780626780627 0.0256410256410256 0.047008547008547 0.0683760683760684 0.0797720797720798 0.0968660968660969 0.0128205128205128 0.102564102564103 0
