"carIns" "cheAbi" "cheMyd" "chrPic" "cuoAmb" "cuoMcc" "derCor" "derMaw" "emySub" "gopAga" "malTer" "mesTub" "pelCas" "pelSin" "plaMeg" "podExp"
"carIns" 0 0.104432757325319 0.105184072126221 0.108189331329827 0.137490608564989 0.0984222389181067 0.104432757325319 0.12396694214876 0.125469571750563 0.103681442524418 0.105935386927122 0.129226145755071 0.120961682945154 0.119459053343351 0.113448534936138 0.135236664162284
"cheAbi" 0.104432757325319 0 0.039068369646882 0.0360631104432757 0.0766341096919609 0.0247933884297521 0.0405709992486852 0.0608564988730278 0.081893313298272 0.0172802404207363 0.0360631104432757 0.0864012021036814 0.0916604057099925 0.0946656649135988 0.0518407212622089 0.108940646130729
"cheMyd" 0.105184072126221 0.039068369646882 0 0.039068369646882 0.0833959429000751 0.033809166040571 0.0180315552216379 0.0631104432757325 0.0856498873027799 0.0353117956423742 0.039068369646882 0.0924117205108941 0.0924117205108941 0.0984222389181067 0.053343350864012 0.105184072126221
"chrPic" 0.108189331329827 0.0360631104432757 0.039068369646882 0 0.0833959429000751 0.0353117956423742 0.039068369646882 0.0616078136739294 0.0811419984973704 0.0353117956423742 0.0067618332081142 0.0864012021036814 0.0984222389181067 0.096168294515402 0.0443275732531931 0.110443275732532
"cuoAmb" 0.137490608564989 0.0766341096919609 0.0833959429000751 0.0833959429000751 0 0.0555972952667168 0.0841472577009767 0.104432757325319 0.117956423741548 0.0721262208865515 0.0841472577009767 0.123215627347859 0.126972201352367 0.132982719759579 0.0826446280991736 0.141998497370398
"cuoMcc" 0.0984222389181067 0.0247933884297521 0.033809166040571 0.0353117956423742 0.0555972952667168 0 0.0360631104432757 0.0563486100676183 0.0788880540946657 0.0202854996243426 0.0353117956423742 0.0856498873027799 0.0909090909090909 0.0916604057099925 0.048084147257701 0.106686701728024
"derCor" 0.104432757325319 0.0405709992486852 0.0180315552216379 0.039068369646882 0.0841472577009767 0.0360631104432757 0 0.0646130728775357 0.081893313298272 0.0368144252441773 0.0405709992486852 0.0909090909090909 0.0931630353117956 0.0984222389181067 0.053343350864012 0.108189331329827
"derMaw" 0.12396694214876 0.0608564988730278 0.0631104432757325 0.0616078136739294 0.104432757325319 0.0563486100676183 0.0646130728775357 0 0.101427498121713 0.0555972952667168 0.0616078136739294 0.111194590533434 0.108940646130729 0.114951164537941 0.0758827948910594 0.126972201352367
"emySub" 0.125469571750563 0.081893313298272 0.0856498873027799 0.0811419984973704 0.117956423741548 0.0788880540946657 0.081893313298272 0.101427498121713 0 0.0781367392937641 0.0841472577009767 0.0428249436513899 0.0766341096919609 0.117956423741548 0.0924117205108941 0.0984222389181067
"gopAga" 0.103681442524418 0.0172802404207363 0.0353117956423742 0.0353117956423742 0.0721262208865515 0.0202854996243426 0.0368144252441773 0.0555972952667168 0.0781367392937641 0 0.0353117956423742 0.0856498873027799 0.0916604057099925 0.096168294515402 0.0495867768595041 0.106686701728024
"malTer" 0.105935386927122 0.0360631104432757 0.039068369646882 0.0067618332081142 0.0841472577009767 0.0353117956423742 0.0405709992486852 0.0616078136739294 0.0841472577009767 0.0353117956423742 0 0.0879038317054846 0.0984222389181067 0.0946656649135988 0.0450788880540947 0.108940646130729
"mesTub" 0.129226145755071 0.0864012021036814 0.0924117205108941 0.0864012021036814 0.123215627347859 0.0856498873027799 0.0909090909090909 0.111194590533434 0.0428249436513899 0.0856498873027799 0.0879038317054846 0 0.0773854244928625 0.119459053343351 0.0991735537190083 0.105184072126221
"pelCas" 0.120961682945154 0.0916604057099925 0.0924117205108941 0.0984222389181067 0.126972201352367 0.0909090909090909 0.0931630353117956 0.108940646130729 0.0766341096919609 0.0916604057099925 0.0984222389181067 0.0773854244928625 0 0.12396694214876 0.100676183320811 0.081893313298272
"pelSin" 0.119459053343351 0.0946656649135988 0.0984222389181067 0.096168294515402 0.132982719759579 0.0916604057099925 0.0984222389181067 0.114951164537941 0.117956423741548 0.096168294515402 0.0946656649135988 0.119459053343351 0.12396694214876 0 0.110443275732532 0.140495867768595
"plaMeg" 0.113448534936138 0.0518407212622089 0.053343350864012 0.0443275732531931 0.0826446280991736 0.048084147257701 0.053343350864012 0.0758827948910594 0.0924117205108941 0.0495867768595041 0.0450788880540947 0.0991735537190083 0.100676183320811 0.110443275732532 0 0.11419984973704
"podExp" 0.135236664162284 0.108940646130729 0.105184072126221 0.110443275732532 0.141998497370398 0.106686701728024 0.108189331329827 0.126972201352367 0.0984222389181067 0.106686701728024 0.108940646130729 0.105184072126221 0.081893313298272 0.140495867768595 0.11419984973704 0
