"carIns" "cheAbi" "cheMyd" "cheSer" "chrPic" "cuoAmb" "cuoMcc" "derCor" "derMaw" "emySub" "gopAga" "malTer" "mesTub" "pelCas" "pelSin" "plaMeg" "podExp" "terMex"
"carIns" 0 0.0972222222222222 0.214285714285714 0.0873015873015873 0.0932539682539683 0.0972222222222222 0.0912698412698413 0.0972222222222222 0.0932539682539683 0.111111111111111 0.0932539682539683 0.101190476190476 0.125 0.134920634920635 0.168650793650794 0.0952380952380952 0.130952380952381 0.0873015873015873
"cheAbi" 0.0972222222222222 0 0.176587301587302 0.0218253968253968 0.0277777777777778 0.0198412698412698 0.0138888888888889 0.0357142857142857 0.0396825396825397 0.0773809523809524 0.0158730158730159 0.0277777777777778 0.0813492063492064 0.0892857142857143 0.152777777777778 0.0257936507936508 0.101190476190476 0.0178571428571429
"cheMyd" 0.214285714285714 0.176587301587302 0 0.168650793650794 0.180555555555556 0.176587301587302 0.170634920634921 0.160714285714286 0.180555555555556 0.206349206349206 0.176587301587302 0.182539682539683 0.216269841269841 0.214285714285714 0.277777777777778 0.176587301587302 0.226190476190476 0.176587301587302
"cheSer" 0.0873015873015873 0.0218253968253968 0.168650793650794 0 0.0257936507936508 0.0218253968253968 0.0158730158730159 0.0218253968253968 0.0257936507936508 0.0674603174603175 0.0218253968253968 0.0297619047619048 0.0734126984126984 0.0813492063492064 0.148809523809524 0.0198412698412698 0.0972222222222222 0.0158730158730159
"chrPic" 0.0932539682539683 0.0277777777777778 0.180555555555556 0.0257936507936508 0 0.0277777777777778 0.0218253968253968 0.0396825396825397 0.0416666666666667 0.0833333333333333 0.0238095238095238 0.0119047619047619 0.0873015873015873 0.0912698412698413 0.154761904761905 0.0297619047619048 0.107142857142857 0.0138888888888889
"cuoAmb" 0.0972222222222222 0.0198412698412698 0.176587301587302 0.0218253968253968 0.0277777777777778 0 0.00595238095238095 0.0357142857142857 0.0357142857142857 0.0773809523809524 0.0198412698412698 0.0317460317460317 0.0813492063492064 0.0892857142857143 0.156746031746032 0.0257936507936508 0.10515873015873 0.0178571428571429
"cuoMcc" 0.0912698412698413 0.0138888888888889 0.170634920634921 0.0158730158730159 0.0218253968253968 0.00595238095238095 0 0.0297619047619048 0.0337301587301587 0.0714285714285714 0.0138888888888889 0.0257936507936508 0.0753968253968254 0.0833333333333333 0.150793650793651 0.0198412698412698 0.0992063492063492 0.0119047619047619
"derCor" 0.0972222222222222 0.0357142857142857 0.160714285714286 0.0218253968253968 0.0396825396825397 0.0357142857142857 0.0297619047619048 0 0.0357142857142857 0.0833333333333333 0.0357142857142857 0.0396825396825397 0.0892857142857143 0.0932539682539683 0.158730158730159 0.0337301587301587 0.10515873015873 0.0297619047619048
"derMaw" 0.0932539682539683 0.0396825396825397 0.180555555555556 0.0257936507936508 0.0416666666666667 0.0357142857142857 0.0337301587301587 0.0357142857142857 0 0.0873015873015873 0.0396825396825397 0.0456349206349206 0.0952380952380952 0.0992063492063492 0.158730158730159 0.0376984126984127 0.115079365079365 0.0317460317460317
"emySub" 0.111111111111111 0.0773809523809524 0.206349206349206 0.0674603174603175 0.0833333333333333 0.0773809523809524 0.0714285714285714 0.0833333333333333 0.0873015873015873 0 0.0694444444444444 0.0833333333333333 0.0515873015873016 0.0694444444444444 0.16468253968254 0.0734126984126984 0.0773809523809524 0.0694444444444444
"gopAga" 0.0932539682539683 0.0158730158730159 0.176587301587302 0.0218253968253968 0.0238095238095238 0.0198412698412698 0.0138888888888889 0.0357142857142857 0.0396825396825397 0.0694444444444444 0 0.0238095238095238 0.0734126984126984 0.0892857142857143 0.150793650793651 0.0257936507936508 0.0972222222222222 0.0178571428571429
"malTer" 0.101190476190476 0.0277777777777778 0.182539682539683 0.0297619047619048 0.0119047619047619 0.0317460317460317 0.0257936507936508 0.0396825396825397 0.0456349206349206 0.0833333333333333 0.0238095238095238 0 0.0912698412698413 0.0952380952380952 0.156746031746032 0.0337301587301587 0.115079365079365 0.0178571428571429
"mesTub" 0.125 0.0813492063492064 0.216269841269841 0.0734126984126984 0.0873015873015873 0.0813492063492064 0.0753968253968254 0.0892857142857143 0.0952380952380952 0.0515873015873016 0.0734126984126984 0.0912698412698413 0 0.0714285714285714 0.174603174603175 0.0833333333333333 0.0813492063492064 0.0734126984126984
"pelCas" 0.134920634920635 0.0892857142857143 0.214285714285714 0.0813492063492064 0.0912698412698413 0.0892857142857143 0.0833333333333333 0.0932539682539683 0.0992063492063492 0.0694444444444444 0.0892857142857143 0.0952380952380952 0.0714285714285714 0 0.178571428571429 0.0873015873015873 0.0773809523809524 0.0813492063492064
"pelSin" 0.168650793650794 0.152777777777778 0.277777777777778 0.148809523809524 0.154761904761905 0.156746031746032 0.150793650793651 0.158730158730159 0.158730158730159 0.16468253968254 0.150793650793651 0.156746031746032 0.174603174603175 0.178571428571429 0 0.150793650793651 0.182539682539683 0.146825396825397
"plaMeg" 0.0952380952380952 0.0257936507936508 0.176587301587302 0.0198412698412698 0.0297619047619048 0.0257936507936508 0.0198412698412698 0.0337301587301587 0.0376984126984127 0.0734126984126984 0.0257936507936508 0.0337301587301587 0.0833333333333333 0.0873015873015873 0.150793650793651 0 0.103174603174603 0.0198412698412698
"podExp" 0.130952380952381 0.101190476190476 0.226190476190476 0.0972222222222222 0.107142857142857 0.10515873015873 0.0992063492063492 0.10515873015873 0.115079365079365 0.0773809523809524 0.0972222222222222 0.115079365079365 0.0813492063492064 0.0773809523809524 0.182539682539683 0.103174603174603 0 0.0972222222222222
"terMex" 0.0873015873015873 0.0178571428571429 0.176587301587302 0.0158730158730159 0.0138888888888889 0.0178571428571429 0.0119047619047619 0.0297619047619048 0.0317460317460317 0.0694444444444444 0.0178571428571429 0.0178571428571429 0.0734126984126984 0.0813492063492064 0.146825396825397 0.0198412698412698 0.0972222222222222 0
