"carIns" "cheAbi" "cheMyd" "cheSer" "chrPic" "cuoMcc" "derCor" "derMaw" "emySub" "gopAga" "malTer" "mesTub" "pelSin" "plaMeg" "podExp" "terMex"
"carIns" 0 0.0714285714285714 0.0833333333333333 0.0753968253968254 0.0853174603174603 0.101190476190476 0.0853174603174603 0.0753968253968254 0.0972222222222222 0.0714285714285714 0.117063492063492 0.101190476190476 0.128968253968254 0.125 0.138888888888889 0.0694444444444444
"cheAbi" 0.0714285714285714 0 0.0218253968253968 0.0218253968253968 0.0218253968253968 0.0376984126984127 0.0238095238095238 0.0198412698412698 0.0634920634920635 0.00396825396825397 0.0595238095238095 0.0694444444444444 0.101190476190476 0.0634920634920635 0.10515873015873 0.0178571428571429
"cheMyd" 0.0833333333333333 0.0218253968253968 0 0.0317460317460317 0.0357142857142857 0.0555555555555556 0.0119047619047619 0.0257936507936508 0.0753968253968254 0.0218253968253968 0.0734126984126984 0.0813492063492064 0.113095238095238 0.0753968253968254 0.111111111111111 0.0277777777777778
"cheSer" 0.0753968253968254 0.0218253968253968 0.0317460317460317 0 0.0317460317460317 0.0515873015873016 0.0337301587301587 0.0257936507936508 0.0674603174603175 0.0218253968253968 0.0714285714285714 0.0734126984126984 0.115079365079365 0.0793650793650794 0.107142857142857 0.0238095238095238
"chrPic" 0.0853174603174603 0.0218253968253968 0.0357142857142857 0.0317460317460317 0 0.0555555555555556 0.0376984126984127 0.0337301587301587 0.0773809523809524 0.0218253968253968 0.0515873015873016 0.0833333333333333 0.119047619047619 0.0753968253968254 0.115079365079365 0.0238095238095238
"cuoMcc" 0.101190476190476 0.0376984126984127 0.0555555555555556 0.0515873015873016 0.0555555555555556 0 0.0575396825396825 0.0456349206349206 0.0853174603174603 0.0376984126984127 0.0892857142857143 0.0773809523809524 0.126984126984127 0.0932539682539683 0.126984126984127 0.0476190476190476
"derCor" 0.0853174603174603 0.0238095238095238 0.0119047619047619 0.0337301587301587 0.0376984126984127 0.0575396825396825 0 0.0297619047619048 0.0734126984126984 0.0238095238095238 0.0753968253968254 0.0793650793650794 0.119047619047619 0.0773809523809524 0.111111111111111 0.0297619047619048
"derMaw" 0.0753968253968254 0.0198412698412698 0.0257936507936508 0.0257936507936508 0.0337301587301587 0.0456349206349206 0.0297619047619048 0 0.0714285714285714 0.0198412698412698 0.0714285714285714 0.0734126984126984 0.107142857142857 0.0753968253968254 0.103174603174603 0.0257936507936508
"emySub" 0.0972222222222222 0.0634920634920635 0.0753968253968254 0.0674603174603175 0.0773809523809524 0.0853174603174603 0.0734126984126984 0.0714285714285714 0 0.0634920634920635 0.117063492063492 0.0476190476190476 0.140873015873016 0.117063492063492 0.0773809523809524 0.0634920634920635
"gopAga" 0.0714285714285714 0.00396825396825397 0.0218253968253968 0.0218253968253968 0.0218253968253968 0.0376984126984127 0.0238095238095238 0.0198412698412698 0.0634920634920635 0 0.0615079365079365 0.0694444444444444 0.0992063492063492 0.0654761904761905 0.10515873015873 0.0178571428571429
"malTer" 0.117063492063492 0.0595238095238095 0.0734126984126984 0.0714285714285714 0.0515873015873016 0.0892857142857143 0.0753968253968254 0.0714285714285714 0.117063492063492 0.0615079365079365 0 0.123015873015873 0.0813492063492064 0.0277777777777778 0.138888888888889 0.0634920634920635
"mesTub" 0.101190476190476 0.0694444444444444 0.0813492063492064 0.0734126984126984 0.0833333333333333 0.0773809523809524 0.0793650793650794 0.0734126984126984 0.0476190476190476 0.0694444444444444 0.123015873015873 0 0.152777777777778 0.123015873015873 0.0952380952380952 0.0734126984126984
"pelSin" 0.128968253968254 0.101190476190476 0.113095238095238 0.115079365079365 0.119047619047619 0.126984126984127 0.119047619047619 0.107142857142857 0.140873015873016 0.0992063492063492 0.0813492063492064 0.152777777777778 0 0.0853174603174603 0.166666666666667 0.111111111111111
"plaMeg" 0.125 0.0634920634920635 0.0753968253968254 0.0793650793650794 0.0753968253968254 0.0932539682539683 0.0773809523809524 0.0753968253968254 0.117063492063492 0.0654761904761905 0.0277777777777778 0.123015873015873 0.0853174603174603 0 0.142857142857143 0.0753968253968254
"podExp" 0.138888888888889 0.10515873015873 0.111111111111111 0.107142857142857 0.115079365079365 0.126984126984127 0.111111111111111 0.103174603174603 0.0773809523809524 0.10515873015873 0.138888888888889 0.0952380952380952 0.166666666666667 0.142857142857143 0 0.109126984126984
"terMex" 0.0694444444444444 0.0178571428571429 0.0277777777777778 0.0238095238095238 0.0238095238095238 0.0476190476190476 0.0297619047619048 0.0257936507936508 0.0634920634920635 0.0178571428571429 0.0634920634920635 0.0734126984126984 0.111111111111111 0.0753968253968254 0.109126984126984 0
