"carIns" "cheMyd" "cheSer" "chrPic" "cuoAmb" "cuoMcc" "derCor" "derMaw" "emySub" "gopAga" "malTer" "mesTub" "pelCas" "pelSin" "plaMeg" "podExp"
"carIns" 0 0.110456553755523 0.120765832106038 0.213549337260677 0.117820324005891 0.119293078055965 0.191458026509573 0.120765832106038 0.136966126656848 0.139911634756996 0.104565537555228 0.132547864506627 0.142857142857143 0.128129602356406 0.103092783505155 0.148748159057437
"cheMyd" 0.110456553755523 0 0.03240058910162 0.154639175257732 0.0500736377025037 0.0500736377025037 0.0986745213549337 0.0500736377025037 0.0810014727540501 0.0765832106038292 0.03240058910162 0.0736377025036819 0.0839469808541973 0.0883652430044183 0.0294550810014728 0.0942562592047128
"cheSer" 0.120765832106038 0.03240058910162 0 0.151693667157585 0.04860088365243 0.04860088365243 0.111929307805596 0.0500736377025037 0.0898379970544919 0.0736377025036819 0.03240058910162 0.0839469808541973 0.0927835051546392 0.0957290132547865 0.0279823269513991 0.106038291605302
"chrPic" 0.213549337260677 0.154639175257732 0.151693667157585 0 0.154639175257732 0.153166421207658 0.179675994108984 0.166421207658321 0.197349042709867 0.179675994108984 0.126656848306333 0.191458026509573 0.203240058910162 0.213549337260677 0.134020618556701 0.213549337260677
"cuoAmb" 0.117820324005891 0.0500736377025037 0.04860088365243 0.154639175257732 0 0.0147275405007364 0.125184094256259 0.0618556701030928 0.0972017673048601 0.0500736377025037 0.0353460972017673 0.0913107511045655 0.103092783505155 0.106038291605302 0.03240058910162 0.108983799705449
"cuoMcc" 0.119293078055965 0.0500736377025037 0.04860088365243 0.153166421207658 0.0147275405007364 0 0.128129602356406 0.0603829160530191 0.100147275405007 0.053019145802651 0.0353460972017673 0.0883652430044183 0.100147275405007 0.103092783505155 0.03240058910162 0.106038291605302
"derCor" 0.191458026509573 0.0986745213549337 0.111929307805596 0.179675994108984 0.125184094256259 0.128129602356406 0 0.12960235640648 0.1620029455081 0.151693667157585 0.110456553755523 0.150220913107511 0.167893961708395 0.167893961708395 0.110456553755523 0.172312223858616
"derMaw" 0.120765832106038 0.0500736377025037 0.0500736377025037 0.166421207658321 0.0618556701030928 0.0603829160530191 0.12960235640648 0 0.100147275405007 0.085419734904271 0.0456553755522828 0.0898379970544919 0.101620029455081 0.103092783505155 0.0412371134020619 0.111929307805596
"emySub" 0.136966126656848 0.0810014727540501 0.0898379970544919 0.197349042709867 0.0972017673048601 0.100147275405007 0.1620029455081 0.100147275405007 0 0.117820324005891 0.0810014727540501 0.0412371134020619 0.0662739322533137 0.111929307805596 0.0810014727540501 0.0824742268041237
"gopAga" 0.139911634756996 0.0765832106038292 0.0736377025036819 0.179675994108984 0.0500736377025037 0.053019145802651 0.151693667157585 0.085419734904271 0.117820324005891 0 0.0618556701030928 0.111929307805596 0.126656848306333 0.131075110456554 0.0589101620029455 0.12960235640648
"malTer" 0.104565537555228 0.03240058910162 0.03240058910162 0.126656848306333 0.0353460972017673 0.0353460972017673 0.110456553755523 0.0456553755522828 0.0810014727540501 0.0618556701030928 0 0.0721649484536082 0.0824742268041237 0.0898379970544919 0.0132547864506627 0.0942562592047128
"mesTub" 0.132547864506627 0.0736377025036819 0.0839469808541973 0.191458026509573 0.0913107511045655 0.0883652430044183 0.150220913107511 0.0898379970544919 0.0412371134020619 0.111929307805596 0.0721649484536082 0 0.0471281296023564 0.104565537555228 0.0721649484536082 0.0589101620029455
"pelCas" 0.142857142857143 0.0839469808541973 0.0927835051546392 0.203240058910162 0.103092783505155 0.100147275405007 0.167893961708395 0.101620029455081 0.0662739322533137 0.126656848306333 0.0824742268041237 0.0471281296023564 0 0.106038291605302 0.0839469808541973 0.0589101620029455
"pelSin" 0.128129602356406 0.0883652430044183 0.0957290132547865 0.213549337260677 0.106038291605302 0.103092783505155 0.167893961708395 0.103092783505155 0.111929307805596 0.131075110456554 0.0898379970544919 0.104565537555228 0.106038291605302 0 0.0898379970544919 0.123711340206186
"plaMeg" 0.103092783505155 0.0294550810014728 0.0279823269513991 0.134020618556701 0.03240058910162 0.03240058910162 0.110456553755523 0.0412371134020619 0.0810014727540501 0.0589101620029455 0.0132547864506627 0.0721649484536082 0.0839469808541973 0.0898379970544919 0 0.0942562592047128
"podExp" 0.148748159057437 0.0942562592047128 0.106038291605302 0.213549337260677 0.108983799705449 0.106038291605302 0.172312223858616 0.111929307805596 0.0824742268041237 0.12960235640648 0.0942562592047128 0.0589101620029455 0.0589101620029455 0.123711340206186 0.0942562592047128 0
