"cheAbi" "cheMyd" "cheSer" "chrPic" "cuoMcc" "derMaw" "emySub" "malTer" "mesTub" "pelCas" "pelSin" "plaMeg" "podExp" "terMex"
"cheAbi" 0 0.0595533498759305 0.0421836228287841 0.00248138957816377 0.0397022332506203 0.0471464019851117 0.054590570719603 0.032258064516129 0.0297766749379653 0.0620347394540943 0.0521091811414392 0.0372208436724566 0.0942928039702233 0.15136476426799
"cheMyd" 0.0595533498759305 0 0.0645161290322581 0.0570719602977667 0.0570719602977667 0.0595533498759305 0.0669975186104218 0.054590570719603 0.0719602977667494 0.0744416873449131 0.0967741935483871 0.054590570719603 0.0967741935483871 0.161290322580645
"cheSer" 0.0421836228287841 0.0645161290322581 0 0.0397022332506203 0.0521091811414392 0.054590570719603 0.0669975186104218 0.0496277915632754 0.0595533498759305 0.0744416873449131 0.0843672456575682 0.0496277915632754 0.0967741935483871 0.163771712158809
"chrPic" 0.00248138957816377 0.0570719602977667 0.0397022332506203 0 0.0372208436724566 0.0446650124069479 0.0521091811414392 0.0297766749379653 0.0272952853598015 0.0595533498759305 0.0496277915632754 0.0347394540942928 0.0918114143920596 0.148883374689826
"cuoMcc" 0.0397022332506203 0.0570719602977667 0.0521091811414392 0.0372208436724566 0 0.0173697270471464 0.0248138957816377 0.00744416873449132 0.0521091811414392 0.032258064516129 0.0794044665012407 0.00744416873449132 0.0645161290322581 0.121588089330025
"derMaw" 0.0471464019851117 0.0595533498759305 0.054590570719603 0.0446650124069479 0.0173697270471464 0 0.032258064516129 0.0148883374689826 0.0595533498759305 0.0397022332506203 0.086848635235732 0.0148883374689826 0.0669975186104218 0.129032258064516
"emySub" 0.054590570719603 0.0669975186104218 0.0669975186104218 0.0521091811414392 0.0248138957816377 0.032258064516129 0 0.0223325062034739 0.0372208436724566 0.032258064516129 0.0843672456575682 0.0223325062034739 0.0645161290322581 0.136476426799007
"malTer" 0.032258064516129 0.054590570719603 0.0496277915632754 0.0297766749379653 0.00744416873449132 0.0148883374689826 0.0223325062034739 0 0.0496277915632754 0.0297766749379653 0.0769230769230769 0.00496277915632754 0.0620347394540943 0.119106699751861
"mesTub" 0.0297766749379653 0.0719602977667494 0.0595533498759305 0.0272952853598015 0.0521091811414392 0.0595533498759305 0.0372208436724566 0.0496277915632754 0 0.0595533498759305 0.0570719602977667 0.0496277915632754 0.0918114143920596 0.163771712158809
"pelCas" 0.0620347394540943 0.0744416873449131 0.0744416873449131 0.0595533498759305 0.032258064516129 0.0397022332506203 0.032258064516129 0.0297766749379653 0.0595533498759305 0 0.0893300248138958 0.0248138957816377 0.0719602977667494 0.143920595533499
"pelSin" 0.0521091811414392 0.0967741935483871 0.0843672456575682 0.0496277915632754 0.0794044665012407 0.086848635235732 0.0843672456575682 0.0769230769230769 0.0570719602977667 0.0893300248138958 0 0.0744416873449131 0.119106699751861 0.186104218362283
"plaMeg" 0.0372208436724566 0.054590570719603 0.0496277915632754 0.0347394540942928 0.00744416873449132 0.0148883374689826 0.0223325062034739 0.00496277915632754 0.0496277915632754 0.0248138957816377 0.0744416873449131 0 0.0620347394540943 0.119106699751861
"podExp" 0.0942928039702233 0.0967741935483871 0.0967741935483871 0.0918114143920596 0.0645161290322581 0.0669975186104218 0.0645161290322581 0.0620347394540943 0.0918114143920596 0.0719602977667494 0.119106699751861 0.0620347394540943 0 0.138957816377171
"terMex" 0.15136476426799 0.161290322580645 0.163771712158809 0.148883374689826 0.121588089330025 0.129032258064516 0.136476426799007 0.119106699751861 0.163771712158809 0.143920595533499 0.186104218362283 0.119106699751861 0.138957816377171 0
