"carIns" "cheAbi" "cheMyd" "chrPic" "cuoAmb" "cuoMcc" "derCor" "emySub" "gopAga" "malTer" "mesTub" "pelCas" "pelSin" "plaMeg" "podExp" "terMex"
"carIns" 0 0.0463917525773196 0.0515463917525773 0.0481099656357388 0.0515463917525773 0.0498281786941581 0.0446735395189003 0.056701030927835 0.0481099656357388 0.0515463917525773 0.063573883161512 0.056701030927835 0.0584192439862543 0.0429553264604811 0.0670103092783505 0.0463917525773196
"cheAbi" 0.0463917525773196 0 0.0189003436426117 0.0120274914089347 0.0171821305841924 0.0154639175257732 0.0120274914089347 0.0395189003436426 0.00515463917525773 0.0120274914089347 0.0429553264604811 0.0412371134020619 0.0463917525773196 0.00687285223367698 0.0463917525773196 0.0120274914089347
"cheMyd" 0.0515463917525773 0.0189003436426117 0 0.0171821305841924 0.0223367697594502 0.0206185567010309 0.0103092783505155 0.0378006872852234 0.0171821305841924 0.0206185567010309 0.0446735395189003 0.0395189003436426 0.0481099656357388 0.0120274914089347 0.0481099656357388 0.0171821305841924
"chrPic" 0.0481099656357388 0.0120274914089347 0.0171821305841924 0 0.0154639175257732 0.013745704467354 0.0103092783505155 0.0378006872852234 0.0103092783505155 0.00343642611683849 0.0412371134020619 0.0395189003436426 0.0481099656357388 0.00515463917525773 0.0481099656357388 0.00343642611683849
"cuoAmb" 0.0515463917525773 0.0171821305841924 0.0223367697594502 0.0154639175257732 0 0.00515463917525773 0.0154639175257732 0.0412371134020619 0.0154639175257732 0.0189003436426117 0.0412371134020619 0.0429553264604811 0.0515463917525773 0.0103092783505155 0.0515463917525773 0.0154639175257732
"cuoMcc" 0.0498281786941581 0.0154639175257732 0.0206185567010309 0.013745704467354 0.00515463917525773 0 0.013745704467354 0.0395189003436426 0.013745704467354 0.0171821305841924 0.0395189003436426 0.0412371134020619 0.0498281786941581 0.00859106529209622 0.0498281786941581 0.013745704467354
"derCor" 0.0446735395189003 0.0120274914089347 0.0103092783505155 0.0103092783505155 0.0154639175257732 0.013745704467354 0 0.0343642611683849 0.0103092783505155 0.013745704467354 0.0378006872852234 0.0360824742268041 0.0446735395189003 0.00515463917525773 0.0446735395189003 0.0103092783505155
"emySub" 0.056701030927835 0.0395189003436426 0.0378006872852234 0.0378006872852234 0.0412371134020619 0.0395189003436426 0.0343642611683849 0 0.0378006872852234 0.0412371134020619 0.0240549828178694 0.0326460481099656 0.0584192439862543 0.0326460481099656 0.0412371134020619 0.0378006872852234
"gopAga" 0.0481099656357388 0.00515463917525773 0.0171821305841924 0.0103092783505155 0.0154639175257732 0.013745704467354 0.0103092783505155 0.0378006872852234 0 0.013745704467354 0.0412371134020619 0.0395189003436426 0.0481099656357388 0.00515463917525773 0.0481099656357388 0.0103092783505155
"malTer" 0.0515463917525773 0.0120274914089347 0.0206185567010309 0.00343642611683849 0.0189003436426117 0.0171821305841924 0.013745704467354 0.0412371134020619 0.013745704467354 0 0.0446735395189003 0.0429553264604811 0.0515463917525773 0.00859106529209622 0.0515463917525773 0.00687285223367698
"mesTub" 0.063573883161512 0.0429553264604811 0.0446735395189003 0.0412371134020619 0.0412371134020619 0.0395189003436426 0.0378006872852234 0.0240549828178694 0.0412371134020619 0.0446735395189003 0 0.0395189003436426 0.0584192439862543 0.0360824742268041 0.0515463917525773 0.0412371134020619
"pelCas" 0.056701030927835 0.0412371134020619 0.0395189003436426 0.0395189003436426 0.0429553264604811 0.0412371134020619 0.0360824742268041 0.0326460481099656 0.0395189003436426 0.0429553264604811 0.0395189003436426 0 0.0601374570446735 0.0343642611683849 0.0360824742268041 0.0395189003436426
"pelSin" 0.0584192439862543 0.0463917525773196 0.0481099656357388 0.0481099656357388 0.0515463917525773 0.0498281786941581 0.0446735395189003 0.0584192439862543 0.0481099656357388 0.0515463917525773 0.0584192439862543 0.0601374570446735 0 0.0429553264604811 0.0687285223367698 0.0446735395189003
"plaMeg" 0.0429553264604811 0.00687285223367698 0.0120274914089347 0.00515463917525773 0.0103092783505155 0.00859106529209622 0.00515463917525773 0.0326460481099656 0.00515463917525773 0.00859106529209622 0.0360824742268041 0.0343642611683849 0.0429553264604811 0 0.0429553264604811 0.00515463917525773
"podExp" 0.0670103092783505 0.0463917525773196 0.0481099656357388 0.0481099656357388 0.0515463917525773 0.0498281786941581 0.0446735395189003 0.0412371134020619 0.0481099656357388 0.0515463917525773 0.0515463917525773 0.0360824742268041 0.0687285223367698 0.0429553264604811 0 0.0481099656357388
"terMex" 0.0463917525773196 0.0120274914089347 0.0171821305841924 0.00343642611683849 0.0154639175257732 0.013745704467354 0.0103092783505155 0.0378006872852234 0.0103092783505155 0.00687285223367698 0.0412371134020619 0.0395189003436426 0.0446735395189003 0.00515463917525773 0.0481099656357388 0
