"carIns" "cheAbi" "cheMyd" "cheSer" "chrPic" "cuoAmb" "cuoMcc" "derCor" "derMaw" "emySub" "gopAga" "malTer" "mesTub" "pelCas" "pelSin" "plaMeg" "podExp" "terMex"
"carIns" 0 0.211382113821138 0.195121951219512 0.214092140921409 0.192411924119241 0.203252032520325 0.197831978319783 0.186991869918699 0.208672086720867 0.227642276422764 0.260162601626016 0.192411924119241 0.257452574525745 0.238482384823848 0.200542005420054 0.18970189701897 0.249322493224932 0.186991869918699
"cheAbi" 0.211382113821138 0 0.105691056910569 0.130081300813008 0.0813008130081301 0.0785907859078591 0.0731707317073171 0.0867208672086721 0.140921409214092 0.208672086720867 0.157181571815718 0.0813008130081301 0.254742547425474 0.224932249322493 0.211382113821138 0.0894308943089431 0.249322493224932 0.0813008130081301
"cheMyd" 0.195121951219512 0.105691056910569 0 0.0758807588075881 0.0623306233062331 0.0704607046070461 0.0704607046070461 0.0514905149051491 0.0894308943089431 0.178861788617886 0.176151761517615 0.0623306233062331 0.230352303523035 0.208672086720867 0.184281842818428 0.0677506775067751 0.233062330623306 0.0596205962059621
"cheSer" 0.214092140921409 0.130081300813008 0.0758807588075881 0 0.0921409214092141 0.0975609756097561 0.0975609756097561 0.0813008130081301 0.121951219512195 0.197831978319783 0.195121951219512 0.0867208672086721 0.241192411924119 0.227642276422764 0.192411924119241 0.0975609756097561 0.254742547425474 0.0731707317073171
"chrPic" 0.192411924119241 0.0813008130081301 0.0623306233062331 0.0921409214092141 0 0.048780487804878 0.046070460704607 0.0542005420054201 0.100271002710027 0.16260162601626 0.157181571815718 0.00542005420054201 0.227642276422764 0.192411924119241 0.178861788617886 0.037940379403794 0.219512195121951 0.029810298102981
"cuoAmb" 0.203252032520325 0.0785907859078591 0.0704607046070461 0.0975609756097561 0.048780487804878 0 0.010840108401084 0.0623306233062331 0.111111111111111 0.184281842818428 0.157181571815718 0.048780487804878 0.227642276422764 0.208672086720867 0.184281842818428 0.056910569105691 0.235772357723577 0.040650406504065
"cuoMcc" 0.197831978319783 0.0731707317073171 0.0704607046070461 0.0975609756097561 0.046070460704607 0.010840108401084 0 0.056910569105691 0.111111111111111 0.184281842818428 0.149051490514905 0.046070460704607 0.227642276422764 0.208672086720867 0.184281842818428 0.056910569105691 0.235772357723577 0.040650406504065
"derCor" 0.186991869918699 0.0867208672086721 0.0514905149051491 0.0813008130081301 0.0542005420054201 0.0623306233062331 0.056910569105691 0 0.0948509485094851 0.170731707317073 0.149051490514905 0.0542005420054201 0.222222222222222 0.205962059620596 0.170731707317073 0.0623306233062331 0.224932249322493 0.0542005420054201
"derMaw" 0.208672086720867 0.140921409214092 0.0894308943089431 0.121951219512195 0.100271002710027 0.111111111111111 0.111111111111111 0.0948509485094851 0 0.18970189701897 0.200542005420054 0.100271002710027 0.246612466124661 0.235772357723577 0.186991869918699 0.105691056910569 0.252032520325203 0.0921409214092141
"emySub" 0.227642276422764 0.208672086720867 0.178861788617886 0.197831978319783 0.16260162601626 0.184281842818428 0.184281842818428 0.170731707317073 0.18970189701897 0 0.241192411924119 0.16260162601626 0.146341463414634 0.176151761517615 0.197831978319783 0.168021680216802 0.184281842818428 0.157181571815718
"gopAga" 0.260162601626016 0.157181571815718 0.176151761517615 0.195121951219512 0.157181571815718 0.157181571815718 0.149051490514905 0.149051490514905 0.200542005420054 0.241192411924119 0 0.157181571815718 0.303523035230352 0.265582655826558 0.254742547425474 0.165311653116531 0.300813008130081 0.165311653116531
"malTer" 0.192411924119241 0.0813008130081301 0.0623306233062331 0.0867208672086721 0.00542005420054201 0.048780487804878 0.046070460704607 0.0542005420054201 0.100271002710027 0.16260162601626 0.157181571815718 0 0.224932249322493 0.192411924119241 0.176151761517615 0.043360433604336 0.219512195121951 0.024390243902439
"mesTub" 0.257452574525745 0.254742547425474 0.230352303523035 0.241192411924119 0.227642276422764 0.227642276422764 0.227642276422764 0.222222222222222 0.246612466124661 0.146341463414634 0.303523035230352 0.224932249322493 0 0.230352303523035 0.249322493224932 0.219512195121951 0.224932249322493 0.208672086720867
"pelCas" 0.238482384823848 0.224932249322493 0.208672086720867 0.227642276422764 0.192411924119241 0.208672086720867 0.208672086720867 0.205962059620596 0.235772357723577 0.176151761517615 0.265582655826558 0.192411924119241 0.230352303523035 0 0.235772357723577 0.195121951219512 0.178861788617886 0.195121951219512
"pelSin" 0.200542005420054 0.211382113821138 0.184281842818428 0.192411924119241 0.178861788617886 0.184281842818428 0.184281842818428 0.170731707317073 0.186991869918699 0.197831978319783 0.254742547425474 0.176151761517615 0.249322493224932 0.235772357723577 0 0.176151761517615 0.257452574525745 0.16260162601626
"plaMeg" 0.18970189701897 0.0894308943089431 0.0677506775067751 0.0975609756097561 0.037940379403794 0.056910569105691 0.056910569105691 0.0623306233062331 0.105691056910569 0.168021680216802 0.165311653116531 0.043360433604336 0.219512195121951 0.195121951219512 0.176151761517615 0 0.219512195121951 0.040650406504065
"podExp" 0.249322493224932 0.249322493224932 0.233062330623306 0.254742547425474 0.219512195121951 0.235772357723577 0.235772357723577 0.224932249322493 0.252032520325203 0.184281842818428 0.300813008130081 0.219512195121951 0.224932249322493 0.178861788617886 0.257452574525745 0.219512195121951 0 0.214092140921409
"terMex" 0.186991869918699 0.0813008130081301 0.0596205962059621 0.0731707317073171 0.029810298102981 0.040650406504065 0.040650406504065 0.0542005420054201 0.0921409214092141 0.157181571815718 0.165311653116531 0.024390243902439 0.208672086720867 0.195121951219512 0.16260162601626 0.040650406504065 0.214092140921409 0
