"carIns" "cheAbi" "cheMyd" "cheSer" "chrPic" "cuoAmb" "cuoMcc" "derCor" "derMaw" "emySub" "gopAga" "malTer" "mesTub" "pelCas" "pelSin" "plaMeg" "podExp" "terMex"
"carIns" 0 0.213091922005571 0.21100278551532 0.213788300835655 0.206824512534819 0.207520891364903 0.208217270194986 0.232590529247911 0.223537604456825 0.231197771587744 0.212395543175487 0.206128133704735 0.232590529247911 0.334958217270195 0.243732590529248 0.204735376044568 0.358635097493036 0.205431754874652
"cheAbi" 0.213091922005571 0 0.0598885793871866 0.0633704735376045 0.0383008356545961 0.0222841225626741 0.0271587743732591 0.0793871866295265 0.0814763231197772 0.114902506963788 0.0257660167130919 0.0376044568245125 0.116991643454039 0.238857938718663 0.146239554317549 0.0327298050139276 0.249303621169916 0.0355153203342618
"cheMyd" 0.21100278551532 0.0598885793871866 0 0.0550139275766017 0.0459610027855153 0.048050139275766 0.0487465181058496 0.0431754874651811 0.0724233983286908 0.112813370473538 0.0557103064066852 0.0466573816155989 0.113509749303621 0.237465181058496 0.146935933147632 0.0417827298050139 0.255571030640669 0.0438718662952646
"cheSer" 0.213788300835655 0.0633704735376045 0.0550139275766017 0 0.0508356545961003 0.0522284122562674 0.052924791086351 0.0724233983286908 0.0766016713091922 0.11142061281337 0.0612813370473538 0.0515320334261838 0.117688022284123 0.246518105849582 0.145543175487465 0.0494428969359332 0.254874651810585 0.0501392757660167
"chrPic" 0.206824512534819 0.0383008356545961 0.0459610027855153 0.0508356545961003 0 0.0271587743732591 0.0264623955431755 0.0654596100278552 0.068941504178273 0.105849582172702 0.0355153203342618 0.00487465181058496 0.108635097493036 0.237465181058496 0.134401114206128 0.0201949860724234 0.252785515320334 0.0118384401114206
"cuoAmb" 0.207520891364903 0.0222841225626741 0.048050139275766 0.0522284122562674 0.0271587743732591 0 0.00905292479108635 0.0675487465181058 0.0696378830083565 0.107938718662953 0.0243732590529248 0.0278551532033426 0.112116991643454 0.236768802228412 0.135097493036212 0.0201949860724234 0.245821727019499 0.0243732590529248
"cuoMcc" 0.208217270194986 0.0271587743732591 0.0487465181058496 0.052924791086351 0.0264623955431755 0.00905292479108635 0 0.0682451253481894 0.0717270194986072 0.108635097493036 0.0250696378830084 0.0271587743732591 0.112813370473538 0.238161559888579 0.133008356545961 0.020891364902507 0.247910863509749 0.0236768802228412
"derCor" 0.232590529247911 0.0793871866295265 0.0431754874651811 0.0724233983286908 0.0654596100278552 0.0675487465181058 0.0682451253481894 0 0.0884401114206128 0.128133704735376 0.0710306406685237 0.0661559888579387 0.127437325905292 0.253481894150418 0.158077994428969 0.0612813370473538 0.266713091922006 0.0633704735376045
"derMaw" 0.223537604456825 0.0814763231197772 0.0724233983286908 0.0766016713091922 0.068941504178273 0.0696378830083565 0.0717270194986072 0.0884401114206128 0 0.123955431754875 0.0759052924791086 0.0696378830083565 0.12883008356546 0.25 0.162952646239554 0.068941504178273 0.261838440111421 0.0661559888579387
"emySub" 0.231197771587744 0.114902506963788 0.112813370473538 0.11142061281337 0.105849582172702 0.107938718662953 0.108635097493036 0.128133704735376 0.123955431754875 0 0.112116991643454 0.105153203342618 0.0515320334261838 0.224233983286908 0.173398328690808 0.101671309192201 0.231197771587744 0.104456824512535
"gopAga" 0.212395543175487 0.0257660167130919 0.0557103064066852 0.0612813370473538 0.0355153203342618 0.0243732590529248 0.0250696378830084 0.0710306406685237 0.0759052924791086 0.112116991643454 0 0.0362116991643454 0.114206128133705 0.24025069637883 0.143454038997214 0.0278551532033426 0.252089136490251 0.0334261838440111
"malTer" 0.206128133704735 0.0376044568245125 0.0466573816155989 0.0515320334261838 0.00487465181058496 0.0278551532033426 0.0271587743732591 0.0661559888579387 0.0696378830083565 0.105153203342618 0.0362116991643454 0 0.107938718662953 0.238161559888579 0.133704735376045 0.020891364902507 0.252089136490251 0.0125348189415042
"mesTub" 0.232590529247911 0.116991643454039 0.113509749303621 0.117688022284123 0.108635097493036 0.112116991643454 0.112813370473538 0.127437325905292 0.12883008356546 0.0515320334261838 0.114206128133705 0.107938718662953 0 0.224930362116992 0.182451253481894 0.103760445682451 0.226323119777159 0.107242339832869
"pelCas" 0.334958217270195 0.238857938718663 0.237465181058496 0.246518105849582 0.237465181058496 0.236768802228412 0.238161559888579 0.253481894150418 0.25 0.224233983286908 0.24025069637883 0.238161559888579 0.224930362116992 0 0.286211699164345 0.235376044568245 0.177576601671309 0.238161559888579
"pelSin" 0.243732590529248 0.146239554317549 0.146935933147632 0.145543175487465 0.134401114206128 0.135097493036212 0.133008356545961 0.158077994428969 0.162952646239554 0.173398328690808 0.143454038997214 0.133704735376045 0.182451253481894 0.286211699164345 0 0.133704735376045 0.293871866295265 0.135097493036212
"plaMeg" 0.204735376044568 0.0327298050139276 0.0417827298050139 0.0494428969359332 0.0201949860724234 0.0201949860724234 0.020891364902507 0.0612813370473538 0.068941504178273 0.101671309192201 0.0278551532033426 0.020891364902507 0.103760445682451 0.235376044568245 0.133704735376045 0 0.248607242339833 0.0174094707520891
"podExp" 0.358635097493036 0.249303621169916 0.255571030640669 0.254874651810585 0.252785515320334 0.245821727019499 0.247910863509749 0.266713091922006 0.261838440111421 0.231197771587744 0.252089136490251 0.252089136490251 0.226323119777159 0.177576601671309 0.293871866295265 0.248607242339833 0 0.252785515320334
"terMex" 0.205431754874652 0.0355153203342618 0.0438718662952646 0.0501392757660167 0.0118384401114206 0.0243732590529248 0.0236768802228412 0.0633704735376045 0.0661559888579387 0.104456824512535 0.0334261838440111 0.0125348189415042 0.107242339832869 0.238161559888579 0.135097493036212 0.0174094707520891 0.252785515320334 0
