"carIns" "cheAbi" "cheMyd" "chrPic" "cuoMcc" "derCor" "derMaw" "emySub" "gopAga" "malTer" "mesTub" "pelCas" "plaMeg" "podExp" "terMex"
"carIns" 0 0.0693430656934307 0.109489051094891 0.0583941605839416 0.0547445255474453 0.0583941605839416 0.083941605839416 0.083941605839416 0.0547445255474453 0.0656934306569343 0.0948905109489051 0.124087591240876 0.0656934306569343 0.102189781021898 0.0547445255474453
"cheAbi" 0.0693430656934307 0 0.0948905109489051 0.0255474452554745 0.0218978102189781 0.0364963503649635 0.0547445255474453 0.0583941605839416 0.0218978102189781 0.0328467153284672 0.072992700729927 0.0948905109489051 0.0328467153284672 0.0985401459854015 0.0218978102189781
"cheMyd" 0.109489051094891 0.0948905109489051 0 0.083941605839416 0.0766423357664234 0.0912408759124088 0.109489051094891 0.105839416058394 0.0766423357664234 0.0912408759124088 0.12043795620438 0.142335766423358 0.083941605839416 0.124087591240876 0.0802919708029197
"chrPic" 0.0583941605839416 0.0255474452554745 0.083941605839416 0 0.0109489051094891 0.0255474452554745 0.0437956204379562 0.0510948905109489 0.0109489051094891 0.0072992700729927 0.062043795620438 0.0875912408759124 0.0291970802919708 0.0875912408759124 0.00364963503649635
"cuoMcc" 0.0547445255474453 0.0218978102189781 0.0766423357664234 0.0109489051094891 0 0.0218978102189781 0.0401459854014599 0.0474452554744526 0.0072992700729927 0.0182481751824818 0.0583941605839416 0.083941605839416 0.0182481751824818 0.0766423357664234 0.0072992700729927
"derCor" 0.0583941605839416 0.0364963503649635 0.0912408759124088 0.0255474452554745 0.0218978102189781 0 0.0364963503649635 0.0474452554744526 0.0218978102189781 0.0328467153284672 0.0583941605839416 0.0948905109489051 0.0401459854014599 0.0912408759124088 0.0218978102189781
"derMaw" 0.083941605839416 0.0547445255474453 0.109489051094891 0.0437956204379562 0.0401459854014599 0.0364963503649635 0 0.072992700729927 0.0401459854014599 0.0510948905109489 0.083941605839416 0.0985401459854015 0.0583941605839416 0.109489051094891 0.0401459854014599
"emySub" 0.083941605839416 0.0583941605839416 0.105839416058394 0.0510948905109489 0.0474452554744526 0.0474452554744526 0.072992700729927 0 0.0474452554744526 0.0583941605839416 0.0328467153284672 0.0875912408759124 0.0510948905109489 0.083941605839416 0.0474452554744526
"gopAga" 0.0547445255474453 0.0218978102189781 0.0766423357664234 0.0109489051094891 0.0072992700729927 0.0218978102189781 0.0401459854014599 0.0474452554744526 0 0.0182481751824818 0.0583941605839416 0.083941605839416 0.0218978102189781 0.0802919708029197 0.0072992700729927
"malTer" 0.0656934306569343 0.0328467153284672 0.0912408759124088 0.0072992700729927 0.0182481751824818 0.0328467153284672 0.0510948905109489 0.0583941605839416 0.0182481751824818 0 0.0693430656934307 0.0948905109489051 0.0364963503649635 0.0948905109489051 0.0109489051094891
"mesTub" 0.0948905109489051 0.072992700729927 0.12043795620438 0.062043795620438 0.0583941605839416 0.0583941605839416 0.083941605839416 0.0328467153284672 0.0583941605839416 0.0693430656934307 0 0.102189781021898 0.0656934306569343 0.0912408759124088 0.0583941605839416
"pelCas" 0.124087591240876 0.0948905109489051 0.142335766423358 0.0875912408759124 0.083941605839416 0.0948905109489051 0.0985401459854015 0.0875912408759124 0.083941605839416 0.0948905109489051 0.102189781021898 0 0.102189781021898 0.0948905109489051 0.083941605839416
"plaMeg" 0.0656934306569343 0.0328467153284672 0.083941605839416 0.0291970802919708 0.0182481751824818 0.0401459854014599 0.0583941605839416 0.0510948905109489 0.0218978102189781 0.0364963503649635 0.0656934306569343 0.102189781021898 0 0.0693430656934307 0.0255474452554745
"podExp" 0.102189781021898 0.0985401459854015 0.124087591240876 0.0875912408759124 0.0766423357664234 0.0912408759124088 0.109489051094891 0.083941605839416 0.0802919708029197 0.0948905109489051 0.0912408759124088 0.0948905109489051 0.0693430656934307 0 0.083941605839416
"terMex" 0.0547445255474453 0.0218978102189781 0.0802919708029197 0.00364963503649635 0.0072992700729927 0.0218978102189781 0.0401459854014599 0.0474452554744526 0.0072992700729927 0.0109489051094891 0.0583941605839416 0.083941605839416 0.0255474452554745 0.083941605839416 0
