"carIns" "cheAbi" "cheMyd" "cheSer" "chrPic" "cuoAmb" "cuoMcc" "derCor" "derMaw" "emySub" "gopAga" "malTer" "mesTub" "pelCas" "pelSin" "plaMeg" "podExp" "terMex"
"carIns" 0 0.145408163265306 0.0994897959183673 0.0663265306122449 0.0663265306122449 0.285714285714286 0.0688775510204082 0.0637755102040816 0.255102040816327 0.0994897959183673 0.0739795918367347 0.150510204081633 0.086734693877551 0.0994897959183673 0.122448979591837 0.0612244897959184 0.107142857142857 0.0688775510204082
"cheAbi" 0.145408163265306 0 0.14030612244898 0.0969387755102041 0.0918367346938776 0.313775510204082 0.0892857142857143 0.0969387755102041 0.308673469387755 0.130102040816327 0.0943877551020408 0.183673469387755 0.13265306122449 0.137755102040816 0.181122448979592 0.0918367346938776 0.142857142857143 0.0943877551020408
"cheMyd" 0.0994897959183673 0.14030612244898 0 0.0586734693877551 0.0586734693877551 0.239795918367347 0.0612244897959184 0.0586734693877551 0.232142857142857 0.102040816326531 0.0714285714285714 0.11734693877551 0.102040816326531 0.112244897959184 0.0790816326530612 0.0535714285714286 0.11734693877551 0.0612244897959184
"cheSer" 0.0663265306122449 0.0969387755102041 0.0586734693877551 0 0.0153061224489796 0.239795918367347 0.0178571428571429 0.0153061224489796 0.237244897959184 0.0586734693877551 0.0280612244897959 0.10969387755102 0.0612244897959184 0.0688775510204082 0.0994897959183673 0.0102040816326531 0.076530612244898 0.0178571428571429
"chrPic" 0.0663265306122449 0.0918367346938776 0.0586734693877551 0.0153061224489796 0 0.24234693877551 0.0178571428571429 0.0153061224489796 0.239795918367347 0.0535714285714286 0.0280612244897959 0.0943877551020408 0.0561224489795918 0.0688775510204082 0.104591836734694 0.0102040816326531 0.076530612244898 0.00255102040816327
"cuoAmb" 0.285714285714286 0.313775510204082 0.239795918367347 0.239795918367347 0.24234693877551 0 0.23469387755102 0.24234693877551 0.267857142857143 0.26530612244898 0.237244897959184 0.25765306122449 0.272959183673469 0.267857142857143 0.25 0.237244897959184 0.262755102040816 0.244897959183673
"cuoMcc" 0.0688775510204082 0.0892857142857143 0.0612244897959184 0.0178571428571429 0.0178571428571429 0.23469387755102 0 0.0178571428571429 0.232142857142857 0.0612244897959184 0.0204081632653061 0.107142857142857 0.0637755102040816 0.0612244897959184 0.102040816326531 0.0127551020408163 0.0688775510204082 0.0204081632653061
"derCor" 0.0637755102040816 0.0969387755102041 0.0586734693877551 0.0153061224489796 0.0153061224489796 0.24234693877551 0.0178571428571429 0 0.239795918367347 0.0586734693877551 0.0280612244897959 0.10969387755102 0.0612244897959184 0.0688775510204082 0.104591836734694 0.0102040816326531 0.076530612244898 0.0178571428571429
"derMaw" 0.255102040816327 0.308673469387755 0.232142857142857 0.237244897959184 0.239795918367347 0.267857142857143 0.232142857142857 0.239795918367347 0 0.255102040816327 0.239795918367347 0.252551020408163 0.255102040816327 0.255102040816327 0.25 0.23469387755102 0.260204081632653 0.24234693877551
"emySub" 0.0994897959183673 0.130102040816327 0.102040816326531 0.0586734693877551 0.0535714285714286 0.26530612244898 0.0612244897959184 0.0586734693877551 0.255102040816327 0 0.0663265306122449 0.137755102040816 0.0433673469387755 0.0663265306122449 0.137755102040816 0.0535714285714286 0.0739795918367347 0.0561224489795918
"gopAga" 0.0739795918367347 0.0943877551020408 0.0714285714285714 0.0280612244897959 0.0280612244897959 0.237244897959184 0.0204081632653061 0.0280612244897959 0.239795918367347 0.0663265306122449 0 0.122448979591837 0.0688775510204082 0.0714285714285714 0.107142857142857 0.0229591836734694 0.0790816326530612 0.0306122448979592
"malTer" 0.150510204081633 0.183673469387755 0.11734693877551 0.10969387755102 0.0943877551020408 0.25765306122449 0.107142857142857 0.10969387755102 0.252551020408163 0.137755102040816 0.122448979591837 0 0.145408163265306 0.153061224489796 0.160714285714286 0.104591836734694 0.158163265306122 0.0969387755102041
"mesTub" 0.086734693877551 0.13265306122449 0.102040816326531 0.0612244897959184 0.0561224489795918 0.272959183673469 0.0637755102040816 0.0612244897959184 0.255102040816327 0.0433673469387755 0.0688775510204082 0.145408163265306 0 0.0739795918367347 0.130102040816327 0.0561224489795918 0.0816326530612245 0.0586734693877551
"pelCas" 0.0994897959183673 0.137755102040816 0.112244897959184 0.0688775510204082 0.0688775510204082 0.267857142857143 0.0612244897959184 0.0688775510204082 0.255102040816327 0.0663265306122449 0.0714285714285714 0.153061224489796 0.0739795918367347 0 0.14030612244898 0.0637755102040816 0.0688775510204082 0.0714285714285714
"pelSin" 0.122448979591837 0.181122448979592 0.0790816326530612 0.0994897959183673 0.104591836734694 0.25 0.102040816326531 0.104591836734694 0.25 0.137755102040816 0.107142857142857 0.160714285714286 0.130102040816327 0.14030612244898 0 0.0994897959183673 0.14030612244898 0.107142857142857
"plaMeg" 0.0612244897959184 0.0918367346938776 0.0535714285714286 0.0102040816326531 0.0102040816326531 0.237244897959184 0.0127551020408163 0.0102040816326531 0.23469387755102 0.0535714285714286 0.0229591836734694 0.104591836734694 0.0561224489795918 0.0637755102040816 0.0994897959183673 0 0.0714285714285714 0.0127551020408163
"podExp" 0.107142857142857 0.142857142857143 0.11734693877551 0.076530612244898 0.076530612244898 0.262755102040816 0.0688775510204082 0.076530612244898 0.260204081632653 0.0739795918367347 0.0790816326530612 0.158163265306122 0.0816326530612245 0.0688775510204082 0.14030612244898 0.0714285714285714 0 0.0790816326530612
"terMex" 0.0688775510204082 0.0943877551020408 0.0612244897959184 0.0178571428571429 0.00255102040816327 0.244897959183673 0.0204081632653061 0.0178571428571429 0.24234693877551 0.0561224489795918 0.0306122448979592 0.0969387755102041 0.0586734693877551 0.0714285714285714 0.107142857142857 0.0127551020408163 0.0790816326530612 0
