"cheAbi" "cheMyd" "cheSer" "chrPic" "cuoAmb" "derCor" "derMaw" "emySub" "gopAga" "malTer" "mesTub" "pelCas" "pelSin" "plaMeg" "podExp" "terMex"
"cheAbi" 0 0.0613668061366806 0.0571827057182706 0.0404463040446304 0.0362622036262204 0.0920502092050209 0.0920502092050209 0.122733612273361 0.0195258019525802 0.0432357043235704 0.156206415620642 0.199442119944212 0.152022315202232 0.0404463040446304 0.218967921896792 0.0362622036262204
"cheMyd" 0.0613668061366806 0 0.0613668061366806 0.0571827057182706 0.0641562064156206 0.0655509065550907 0.103207810320781 0.122733612273361 0.0641562064156206 0.0585774058577406 0.160390516039052 0.199442119944212 0.163179916317992 0.0571827057182706 0.224546722454672 0.0502092050209205
"cheSer" 0.0571827057182706 0.0613668061366806 0 0.0529986052998605 0.0641562064156206 0.0864714086471409 0.0878661087866109 0.118549511854951 0.0585774058577406 0.0543933054393305 0.153417015341702 0.202231520223152 0.161785216178522 0.0488145048814505 0.221757322175732 0.0488145048814505
"chrPic" 0.0404463040446304 0.0571827057182706 0.0529986052998605 0 0.0460251046025105 0.0850767085076709 0.0920502092050209 0.111576011157601 0.0460251046025105 0.0111576011157601 0.147838214783821 0.198047419804742 0.156206415620642 0.0362622036262204 0.217573221757322 0.0181311018131102
"cuoAmb" 0.0362622036262204 0.0641562064156206 0.0641562064156206 0.0460251046025105 0 0.096234309623431 0.104602510460251 0.121338912133891 0.0362622036262204 0.0474198047419805 0.156206415620642 0.203626220362622 0.152022315202232 0.0460251046025105 0.227336122733612 0.0418410041841004
"derCor" 0.0920502092050209 0.0655509065550907 0.0864714086471409 0.0850767085076709 0.096234309623431 0 0.129707112970711 0.150627615062762 0.0934449093444909 0.0878661087866109 0.186889818688982 0.232914923291492 0.191073919107392 0.0850767085076709 0.258019525801953 0.0808926080892608
"derMaw" 0.0920502092050209 0.103207810320781 0.0878661087866109 0.0920502092050209 0.104602510460251 0.129707112970711 0 0.145048814504881 0.0892608089260809 0.0920502092050209 0.175732217573222 0.218967921896792 0.178521617852162 0.0892608089260809 0.237099023709902 0.0850767085076709
"emySub" 0.122733612273361 0.122733612273361 0.118549511854951 0.111576011157601 0.121338912133891 0.150627615062762 0.145048814504881 0 0.121338912133891 0.118549511854951 0.0864714086471409 0.172942817294282 0.175732217573222 0.111576011157601 0.195258019525802 0.105997210599721
"gopAga" 0.0195258019525802 0.0641562064156206 0.0585774058577406 0.0460251046025105 0.0362622036262204 0.0934449093444909 0.0892608089260809 0.121338912133891 0 0.0488145048814505 0.153417015341702 0.202231520223152 0.156206415620642 0.0488145048814505 0.223152022315202 0.0418410041841004
"malTer" 0.0432357043235704 0.0585774058577406 0.0543933054393305 0.0111576011157601 0.0474198047419805 0.0878661087866109 0.0920502092050209 0.118549511854951 0.0488145048814505 0 0.156206415620642 0.203626220362622 0.157601115760112 0.0376569037656904 0.220362622036262 0.0209205020920502
"mesTub" 0.156206415620642 0.160390516039052 0.153417015341702 0.147838214783821 0.156206415620642 0.186889818688982 0.175732217573222 0.0864714086471409 0.153417015341702 0.156206415620642 0 0.210599721059972 0.210599721059972 0.150627615062762 0.232914923291492 0.143654114365411
"pelCas" 0.199442119944212 0.199442119944212 0.202231520223152 0.198047419804742 0.203626220362622 0.232914923291492 0.218967921896792 0.172942817294282 0.202231520223152 0.203626220362622 0.210599721059972 0 0.234309623430962 0.195258019525802 0.218967921896792 0.189679218967922
"pelSin" 0.152022315202232 0.163179916317992 0.161785216178522 0.156206415620642 0.152022315202232 0.191073919107392 0.178521617852162 0.175732217573222 0.156206415620642 0.157601115760112 0.210599721059972 0.234309623430962 0 0.156206415620642 0.248256624825662 0.150627615062762
"plaMeg" 0.0404463040446304 0.0571827057182706 0.0488145048814505 0.0362622036262204 0.0460251046025105 0.0850767085076709 0.0892608089260809 0.111576011157601 0.0488145048814505 0.0376569037656904 0.150627615062762 0.195258019525802 0.156206415620642 0 0.216178521617852 0.0320781032078103
"podExp" 0.218967921896792 0.224546722454672 0.221757322175732 0.217573221757322 0.227336122733612 0.258019525801953 0.237099023709902 0.195258019525802 0.223152022315202 0.220362622036262 0.232914923291492 0.218967921896792 0.248256624825662 0.216178521617852 0 0.207810320781032
"terMex" 0.0362622036262204 0.0502092050209205 0.0488145048814505 0.0181311018131102 0.0418410041841004 0.0808926080892608 0.0850767085076709 0.105997210599721 0.0418410041841004 0.0209205020920502 0.143654114365411 0.189679218967922 0.150627615062762 0.0320781032078103 0.207810320781032 0
