"carIns" "cheAbi" "cheSer" "cuoAmb" "cuoMcc" "derMaw" "malTer" "mesTub" "pelSin"
"carIns" 0 0.134891485809683 0.0480801335559265 0.0507512520868114 0.131552587646077 0.0524207011686144 0.134223706176962 0.144908180300501 0.0524207011686144
"cheAbi" 0.134891485809683 0 0.112520868113523 0.0998330550918197 0.109849749582638 0.11652754590985 0.128547579298831 0.151585976627713 0.125542570951586
"cheSer" 0.0480801335559265 0.112520868113523 0 0.0240400667779633 0.108848080133556 0.0237061769616027 0.107846410684474 0.128547579298831 0.0370617696160267
"cuoAmb" 0.0507512520868114 0.0998330550918197 0.0240400667779633 0 0.0928213689482471 0.0283806343906511 0.107178631051753 0.132554257095159 0.0420701168614357
"cuoMcc" 0.131552587646077 0.109849749582638 0.108848080133556 0.0928213689482471 0 0.11085141903172 0.112854757929883 0.143572621035058 0.123873121869783
"derMaw" 0.0524207011686144 0.11652754590985 0.0237061769616027 0.0283806343906511 0.11085141903172 0 0.111519198664441 0.13322203672788 0.0437395659432387
"malTer" 0.134223706176962 0.128547579298831 0.107846410684474 0.107178631051753 0.112854757929883 0.111519198664441 0 0.14424040066778 0.121202003338898
"mesTub" 0.144908180300501 0.151585976627713 0.128547579298831 0.132554257095159 0.143572621035058 0.13322203672788 0.14424040066778 0 0.137896494156928
"pelSin" 0.0524207011686144 0.125542570951586 0.0370617696160267 0.0420701168614357 0.123873121869783 0.0437395659432387 0.121202003338898 0.137896494156928 0
