"carIns" "cheAbi" "cheMyd" "cheSer" "chrPic" "cuoAmb" "cuoMcc" "derCor" "derMaw" "emySub" "gopAga" "malTer" "mesTub" "pelCas" "pelSin" "plaMeg" "podExp" "terMex"
"carIns" 0 0.0919540229885057 0.0804597701149425 0.078544061302682 0.0766283524904215 0.0804597701149425 0.0823754789272031 0.0823754789272031 0.0842911877394636 0.103448275862069 0.0938697318007663 0.0766283524904215 0.10536398467433 0.0900383141762452 0.0766283524904215 0.078544061302682 0.116858237547893 0.0804597701149425
"cheAbi" 0.0919540229885057 0 0.0421455938697318 0.0325670498084291 0.024904214559387 0.028735632183908 0.0268199233716475 0.0517241379310345 0.0440613026819923 0.0881226053639847 0.0210727969348659 0.0268199233716475 0.0881226053639847 0.0747126436781609 0.0823754789272031 0.0344827586206897 0.0996168582375479 0.028735632183908
"cheMyd" 0.0804597701149425 0.0421455938697318 0 0.0344827586206897 0.0268199233716475 0.0325670498084291 0.0306513409961686 0.0172413793103448 0.0421455938697318 0.078544061302682 0.0421455938697318 0.028735632183908 0.0881226053639847 0.0747126436781609 0.0747126436781609 0.0363984674329502 0.0938697318007663 0.0306513409961686
"cheSer" 0.078544061302682 0.0325670498084291 0.0344827586206897 0 0.024904214559387 0.024904214559387 0.0268199233716475 0.0402298850574713 0.0383141762452107 0.0727969348659004 0.0306513409961686 0.0268199233716475 0.0842911877394636 0.0670498084291188 0.0708812260536398 0.0344827586206897 0.0919540229885057 0.028735632183908
"chrPic" 0.0766283524904215 0.024904214559387 0.0268199233716475 0.024904214559387 0 0.0191570881226054 0.0172413793103448 0.0344827586206897 0.0363984674329502 0.0747126436781609 0.024904214559387 0.00574712643678161 0.078544061302682 0.0613026819923372 0.0708812260536398 0.0134099616858238 0.0900383141762452 0.00574712643678161
"cuoAmb" 0.0804597701149425 0.028735632183908 0.0325670498084291 0.024904214559387 0.0191570881226054 0 0.00574712643678161 0.0383141762452107 0.0363984674329502 0.0823754789272031 0.028735632183908 0.0210727969348659 0.0900383141762452 0.0727969348659004 0.0708812260536398 0.028735632183908 0.0977011494252874 0.0229885057471264
"cuoMcc" 0.0823754789272031 0.0268199233716475 0.0306513409961686 0.0268199233716475 0.0172413793103448 0.00574712643678161 0 0.0363984674329502 0.0306513409961686 0.0766283524904215 0.0268199233716475 0.0191570881226054 0.0842911877394636 0.0708812260536398 0.0727969348659004 0.0268199233716475 0.0938697318007663 0.0210727969348659
"derCor" 0.0823754789272031 0.0517241379310345 0.0172413793103448 0.0402298850574713 0.0344827586206897 0.0383141762452107 0.0363984674329502 0 0.0459770114942529 0.0842911877394636 0.0517241379310345 0.0363984674329502 0.0938697318007663 0.0804597701149425 0.0804597701149425 0.0421455938697318 0.0996168582375479 0.0383141762452107
"derMaw" 0.0842911877394636 0.0440613026819923 0.0421455938697318 0.0383141762452107 0.0363984674329502 0.0363984674329502 0.0306513409961686 0.0459770114942529 0 0.0862068965517241 0.0459770114942529 0.0344827586206897 0.0938697318007663 0.0727969348659004 0.0842911877394636 0.0459770114942529 0.0919540229885057 0.0402298850574713
"emySub" 0.103448275862069 0.0881226053639847 0.078544061302682 0.0727969348659004 0.0747126436781609 0.0823754789272031 0.0766283524904215 0.0842911877394636 0.0862068965517241 0 0.0900383141762452 0.0747126436781609 0.0440613026819923 0.0440613026819923 0.101532567049808 0.0804597701149425 0.0651340996168582 0.078544061302682
"gopAga" 0.0938697318007663 0.0210727969348659 0.0421455938697318 0.0306513409961686 0.024904214559387 0.028735632183908 0.0268199233716475 0.0517241379310345 0.0459770114942529 0.0900383141762452 0 0.0268199233716475 0.0957854406130268 0.078544061302682 0.0862068965517241 0.0344827586206897 0.103448275862069 0.028735632183908
"malTer" 0.0766283524904215 0.0268199233716475 0.028735632183908 0.0268199233716475 0.00574712643678161 0.0210727969348659 0.0191570881226054 0.0363984674329502 0.0344827586206897 0.0747126436781609 0.0268199233716475 0 0.0823754789272031 0.0613026819923372 0.0747126436781609 0.0153256704980843 0.0862068965517241 0.00957854406130268
"mesTub" 0.10536398467433 0.0881226053639847 0.0881226053639847 0.0842911877394636 0.078544061302682 0.0900383141762452 0.0842911877394636 0.0938697318007663 0.0938697318007663 0.0440613026819923 0.0957854406130268 0.0823754789272031 0 0.0478927203065134 0.10536398467433 0.0881226053639847 0.0708812260536398 0.0842911877394636
"pelCas" 0.0900383141762452 0.0747126436781609 0.0747126436781609 0.0670498084291188 0.0613026819923372 0.0727969348659004 0.0708812260536398 0.0804597701149425 0.0727969348659004 0.0440613026819923 0.078544061302682 0.0613026819923372 0.0478927203065134 0 0.0881226053639847 0.0708812260536398 0.0478927203065134 0.0670498084291188
"pelSin" 0.0766283524904215 0.0823754789272031 0.0747126436781609 0.0708812260536398 0.0708812260536398 0.0708812260536398 0.0727969348659004 0.0804597701149425 0.0842911877394636 0.101532567049808 0.0862068965517241 0.0747126436781609 0.10536398467433 0.0881226053639847 0 0.0747126436781609 0.111111111111111 0.0747126436781609
"plaMeg" 0.078544061302682 0.0344827586206897 0.0363984674329502 0.0344827586206897 0.0134099616858238 0.028735632183908 0.0268199233716475 0.0421455938697318 0.0459770114942529 0.0804597701149425 0.0344827586206897 0.0153256704980843 0.0881226053639847 0.0708812260536398 0.0747126436781609 0 0.0996168582375479 0.0172413793103448
"podExp" 0.116858237547893 0.0996168582375479 0.0938697318007663 0.0919540229885057 0.0900383141762452 0.0977011494252874 0.0938697318007663 0.0996168582375479 0.0919540229885057 0.0651340996168582 0.103448275862069 0.0862068965517241 0.0708812260536398 0.0478927203065134 0.111111111111111 0.0996168582375479 0 0.0919540229885057
"terMex" 0.0804597701149425 0.028735632183908 0.0306513409961686 0.028735632183908 0.00574712643678161 0.0229885057471264 0.0210727969348659 0.0383141762452107 0.0402298850574713 0.078544061302682 0.028735632183908 0.00957854406130268 0.0842911877394636 0.0670498084291188 0.0747126436781609 0.0172413793103448 0.0919540229885057 0
