"carIns" "cheAbi" "cheMyd" "cheSer" "chrPic" "cuoMcc" "derCor" "derMaw" "emySub" "gopAga" "malTer" "mesTub" "pelCas" "pelSin" "plaMeg" "podExp" "terMex"
"carIns" 0 0.0359712230215827 0.0383693045563549 0.0335731414868106 0.0311750599520384 0.0335731414868106 0.0383693045563549 0.0359712230215827 0.0479616306954436 0.0311750599520384 0.0599520383693046 0.0551558752997602 0.0551558752997602 0.0551558752997602 0.0383693045563549 0.0695443645083933 0.0383693045563549
"cheAbi" 0.0359712230215827 0 0.0119904076738609 0.0119904076738609 0.00479616306954436 0.00239808153477218 0.0167865707434053 0.0143884892086331 0.0311750599520384 0.00479616306954436 0.0287769784172662 0.0383693045563549 0.052757793764988 0.0407673860911271 0.00719424460431655 0.0575539568345324 0.00719424460431655
"cheMyd" 0.0383693045563549 0.0119904076738609 0 0.00959232613908873 0.0119904076738609 0.00959232613908873 0.00959232613908873 0.0119904076738609 0.0287769784172662 0.0119904076738609 0.0359712230215827 0.0359712230215827 0.0503597122302158 0.0479616306954436 0.0143884892086331 0.0551558752997602 0.0143884892086331
"cheSer" 0.0335731414868106 0.0119904076738609 0.00959232613908873 0 0.0119904076738609 0.00959232613908873 0.0143884892086331 0.0119904076738609 0.026378896882494 0.0119904076738609 0.0359712230215827 0.0335731414868106 0.0479616306954436 0.0479616306954436 0.0143884892086331 0.052757793764988 0.0143884892086331
"chrPic" 0.0311750599520384 0.00479616306954436 0.0119904076738609 0.0119904076738609 0 0.00239808153477218 0.0119904076738609 0.0143884892086331 0.026378896882494 0 0.0287769784172662 0.0335731414868106 0.0479616306954436 0.0383693045563549 0.00719424460431655 0.052757793764988 0.00719424460431655
"cuoMcc" 0.0335731414868106 0.00239808153477218 0.00959232613908873 0.00959232613908873 0.00239808153477218 0 0.0143884892086331 0.0119904076738609 0.0287769784172662 0.00239808153477218 0.026378896882494 0.0359712230215827 0.0503597122302158 0.0383693045563549 0.00479616306954436 0.0551558752997602 0.00479616306954436
"derCor" 0.0383693045563549 0.0167865707434053 0.00959232613908873 0.0143884892086331 0.0119904076738609 0.0143884892086331 0 0.0167865707434053 0.0239808153477218 0.0119904076738609 0.0407673860911271 0.0359712230215827 0.0503597122302158 0.0503597122302158 0.0191846522781775 0.0551558752997602 0.0191846522781775
"derMaw" 0.0359712230215827 0.0143884892086331 0.0119904076738609 0.0119904076738609 0.0143884892086331 0.0119904076738609 0.0167865707434053 0 0.0311750599520384 0.0143884892086331 0.0383693045563549 0.0383693045563549 0.0479616306954436 0.0455635491606715 0.0167865707434053 0.0575539568345324 0.0167865707434053
"emySub" 0.0479616306954436 0.0311750599520384 0.0287769784172662 0.026378896882494 0.026378896882494 0.0287769784172662 0.0239808153477218 0.0311750599520384 0 0.026378896882494 0.0551558752997602 0.0167865707434053 0.0359712230215827 0.052757793764988 0.0335731414868106 0.0431654676258993 0.0335731414868106
"gopAga" 0.0311750599520384 0.00479616306954436 0.0119904076738609 0.0119904076738609 0 0.00239808153477218 0.0119904076738609 0.0143884892086331 0.026378896882494 0 0.0287769784172662 0.0335731414868106 0.0479616306954436 0.0383693045563549 0.00719424460431655 0.052757793764988 0.00719424460431655
"malTer" 0.0599520383693046 0.0287769784172662 0.0359712230215827 0.0359712230215827 0.0287769784172662 0.026378896882494 0.0407673860911271 0.0383693045563549 0.0551558752997602 0.0287769784172662 0 0.0623501199040767 0.0743405275779376 0.0647482014388489 0.0311750599520384 0.0815347721822542 0.0311750599520384
"mesTub" 0.0551558752997602 0.0383693045563549 0.0359712230215827 0.0335731414868106 0.0335731414868106 0.0359712230215827 0.0359712230215827 0.0383693045563549 0.0167865707434053 0.0335731414868106 0.0623501199040767 0 0.0431654676258993 0.0599520383693046 0.0383693045563549 0.0551558752997602 0.0407673860911271
"pelCas" 0.0551558752997602 0.052757793764988 0.0503597122302158 0.0479616306954436 0.0479616306954436 0.0503597122302158 0.0503597122302158 0.0479616306954436 0.0359712230215827 0.0479616306954436 0.0743405275779376 0.0431654676258993 0 0.0695443645083933 0.0551558752997602 0.0503597122302158 0.0551558752997602
"pelSin" 0.0551558752997602 0.0407673860911271 0.0479616306954436 0.0479616306954436 0.0383693045563549 0.0383693045563549 0.0503597122302158 0.0455635491606715 0.052757793764988 0.0383693045563549 0.0647482014388489 0.0599520383693046 0.0695443645083933 0 0.0407673860911271 0.0719424460431655 0.0431654676258993
"plaMeg" 0.0383693045563549 0.00719424460431655 0.0143884892086331 0.0143884892086331 0.00719424460431655 0.00479616306954436 0.0191846522781775 0.0167865707434053 0.0335731414868106 0.00719424460431655 0.0311750599520384 0.0383693045563549 0.0551558752997602 0.0407673860911271 0 0.0599520383693046 0.00959232613908873
"podExp" 0.0695443645083933 0.0575539568345324 0.0551558752997602 0.052757793764988 0.052757793764988 0.0551558752997602 0.0551558752997602 0.0575539568345324 0.0431654676258993 0.052757793764988 0.0815347721822542 0.0551558752997602 0.0503597122302158 0.0719424460431655 0.0599520383693046 0 0.0599520383693046
"terMex" 0.0383693045563549 0.00719424460431655 0.0143884892086331 0.0143884892086331 0.00719424460431655 0.00479616306954436 0.0191846522781775 0.0167865707434053 0.0335731414868106 0.00719424460431655 0.0311750599520384 0.0407673860911271 0.0551558752997602 0.0431654676258993 0.00959232613908873 0.0599520383693046 0
