"cheAbi" "cheMyd" "chrPic" "cuoMcc" "derCor" "derMaw" "emySub" "gopAga" "malTer" "mesTub" "pelCas" "pelSin" "plaMeg" "podExp" "terMex"
"cheAbi" 0 0.0174291938997821 0.0196078431372549 0.0217864923747277 0.0196078431372549 0.0217864923747277 0.0588235294117647 0.0108932461873638 0.0152505446623094 0.0675381263616558 0.183006535947712 0.065359477124183 0.0196078431372549 0.0806100217864924 0.0174291938997821
"cheMyd" 0.0174291938997821 0 0.0152505446623094 0.0305010893246187 0.0065359477124183 0.0174291938997821 0.0544662309368192 0.0152505446623094 0.0108932461873638 0.0631808278867102 0.169934640522876 0.0631808278867102 0.0174291938997821 0.0675381263616558 0.0130718954248366
"chrPic" 0.0196078431372549 0.0152505446623094 0 0.0217864923747277 0.0174291938997821 0.0196078431372549 0.0435729847494553 0.00871459694989107 0.00435729847494553 0.0566448801742919 0.176470588235294 0.0566448801742919 0.0108932461873638 0.0740740740740741 0.00217864923747277
"cuoMcc" 0.0217864923747277 0.0305010893246187 0.0217864923747277 0 0.0326797385620915 0.0305010893246187 0.0610021786492375 0.0174291938997821 0.0217864923747277 0.0718954248366013 0.189542483660131 0.0675381263616558 0.0239651416122004 0.0915032679738562 0.0196078431372549
"derCor" 0.0196078431372549 0.0065359477124183 0.0174291938997821 0.0326797385620915 0 0.0196078431372549 0.0566448801742919 0.0174291938997821 0.0130718954248366 0.065359477124183 0.172113289760349 0.065359477124183 0.0196078431372549 0.0718954248366013 0.0152505446623094
"derMaw" 0.0217864923747277 0.0174291938997821 0.0196078431372549 0.0305010893246187 0.0196078431372549 0 0.0588235294117647 0.0196078431372549 0.0152505446623094 0.065359477124183 0.178649237472767 0.0675381263616558 0.0174291938997821 0.0762527233115468 0.0174291938997821
"emySub" 0.0588235294117647 0.0544662309368192 0.0435729847494553 0.0610021786492375 0.0566448801742919 0.0588235294117647 0 0.0479302832244009 0.0435729847494553 0.0435729847494553 0.169934640522876 0.0784313725490196 0.0501089324618736 0.0784313725490196 0.0413943355119826
"gopAga" 0.0108932461873638 0.0152505446623094 0.00871459694989107 0.0174291938997821 0.0174291938997821 0.0196078431372549 0.0479302832244009 0 0.00435729847494553 0.0610021786492375 0.178649237472767 0.0588235294117647 0.0152505446623094 0.0740740740740741 0.0065359477124183
"malTer" 0.0152505446623094 0.0108932461873638 0.00435729847494553 0.0217864923747277 0.0130718954248366 0.0152505446623094 0.0435729847494553 0.00435729847494553 0 0.0566448801742919 0.174291938997821 0.0566448801742919 0.0108932461873638 0.0697167755991285 0.00217864923747277
"mesTub" 0.0675381263616558 0.0631808278867102 0.0566448801742919 0.0718954248366013 0.065359477124183 0.065359477124183 0.0435729847494553 0.0610021786492375 0.0566448801742919 0 0.187363834422658 0.0827886710239651 0.0631808278867102 0.093681917211329 0.0544662309368192
"pelCas" 0.183006535947712 0.169934640522876 0.176470588235294 0.189542483660131 0.172113289760349 0.178649237472767 0.169934640522876 0.178649237472767 0.174291938997821 0.187363834422658 0 0.191721132897603 0.176470588235294 0.178649237472767 0.176470588235294
"pelSin" 0.065359477124183 0.0631808278867102 0.0566448801742919 0.0675381263616558 0.065359477124183 0.0675381263616558 0.0784313725490196 0.0588235294117647 0.0566448801742919 0.0827886710239651 0.191721132897603 0 0.0588235294117647 0.0980392156862745 0.0544662309368192
"plaMeg" 0.0196078431372549 0.0174291938997821 0.0108932461873638 0.0239651416122004 0.0196078431372549 0.0174291938997821 0.0501089324618736 0.0152505446623094 0.0108932461873638 0.0631808278867102 0.176470588235294 0.0588235294117647 0 0.0762527233115468 0.00871459694989107
"podExp" 0.0806100217864924 0.0675381263616558 0.0740740740740741 0.0915032679738562 0.0718954248366013 0.0762527233115468 0.0784313725490196 0.0740740740740741 0.0697167755991285 0.093681917211329 0.178649237472767 0.0980392156862745 0.0762527233115468 0 0.0718954248366013
"terMex" 0.0174291938997821 0.0130718954248366 0.00217864923747277 0.0196078431372549 0.0152505446623094 0.0174291938997821 0.0413943355119826 0.0065359477124183 0.00217864923747277 0.0544662309368192 0.176470588235294 0.0544662309368192 0.00871459694989107 0.0718954248366013 0
