"carIns" "cheAbi" "cheMyd" "cheSer" "chrPic" "cuoAmb" "cuoMcc" "derCor" "derMaw" "emySub" "gopAga" "malTer" "mesTub" "pelCas" "pelSin" "plaMeg" "podExp" "terMex"
"carIns" 0 0.122448979591837 0.11873840445269 0.116883116883117 0.116883116883117 0.121212121212121 0.121212121212121 0.121212121212121 0.174397031539889 0.138528138528139 0.122448979591837 0.115027829313544 0.142238713667285 0.160791589363018 0.128014842300557 0.11317254174397 0.164502164502165 0.116883116883117
"cheAbi" 0.122448979591837 0 0.0531849103277675 0.0500927643784787 0.0352504638218924 0.0278293135435993 0.0278293135435993 0.0525664811379097 0.112554112554113 0.0841063698206555 0.0272108843537415 0.0340136054421769 0.0952380952380952 0.110080395794682 0.105751391465677 0.0309214594928881 0.121830550401979 0.0364873222016079
"cheMyd" 0.11873840445269 0.0531849103277675 0 0.0401978973407545 0.0395794681508967 0.0470006184291899 0.0482374768089054 0.0228818800247372 0.110698824984539 0.0859616573902288 0.0494743351886209 0.0371057513914657 0.0946196660482375 0.110698824984539 0.102040816326531 0.0358688930117502 0.116883116883117 0.0395794681508967
"cheSer" 0.116883116883117 0.0500927643784787 0.0401978973407545 0 0.0383426097711812 0.0451453308596166 0.0451453308596166 0.0426716141001855 0.105132962275819 0.0865800865800866 0.0482374768089054 0.0371057513914657 0.0952380952380952 0.10760667903525 0.100185528756957 0.0321583178726036 0.115027829313544 0.0371057513914657
"chrPic" 0.116883116883117 0.0352504638218924 0.0395794681508967 0.0383426097711812 0 0.0327767470624614 0.0333951762523191 0.0408163265306122 0.105751391465677 0.0791589363017935 0.0346320346320346 0.00494743351886209 0.0890538033395176 0.104514533085962 0.098330241187384 0.0204081632653061 0.114409400123686 0.0160791589363018
"cuoAmb" 0.121212121212121 0.0278293135435993 0.0470006184291899 0.0451453308596166 0.0327767470624614 0 0.00680272108843537 0.0470006184291899 0.109461966604824 0.0834879406307978 0.0241187384044527 0.0315398886827458 0.0921459492888064 0.106988249845393 0.0989486703772418 0.0272108843537415 0.115027829313544 0.0327767470624614
"cuoMcc" 0.121212121212121 0.0278293135435993 0.0482374768089054 0.0451453308596166 0.0333951762523191 0.00680272108843537 0 0.0482374768089054 0.108225108225108 0.0834879406307978 0.0253555967841682 0.0321583178726036 0.0921459492888064 0.106988249845393 0.100185528756957 0.0253555967841682 0.115646258503401 0.0333951762523191
"derCor" 0.121212121212121 0.0525664811379097 0.0228818800247372 0.0426716141001855 0.0408163265306122 0.0470006184291899 0.0482374768089054 0 0.112554112554113 0.0859616573902288 0.0500927643784787 0.0383426097711812 0.0964749536178108 0.109461966604824 0.0977118119975263 0.0371057513914657 0.116883116883117 0.0401978973407545
"derMaw" 0.174397031539889 0.112554112554113 0.110698824984539 0.105132962275819 0.105751391465677 0.109461966604824 0.108225108225108 0.112554112554113 0 0.142238713667285 0.110698824984539 0.104514533085962 0.153988868274583 0.16573902288188 0.159554730983302 0.102040816326531 0.176252319109462 0.106369820655535
"emySub" 0.138528138528139 0.0841063698206555 0.0859616573902288 0.0865800865800866 0.0791589363017935 0.0834879406307978 0.0834879406307978 0.0859616573902288 0.142238713667285 0 0.0878169449598021 0.0785405071119357 0.0439084724799011 0.0779220779220779 0.124922696351268 0.0766852195423624 0.0909090909090909 0.0810142238713667
"gopAga" 0.122448979591837 0.0272108843537415 0.0494743351886209 0.0482374768089054 0.0346320346320346 0.0241187384044527 0.0253555967841682 0.0500927643784787 0.110698824984539 0.0878169449598021 0 0.0321583178726036 0.095856524427953 0.110698824984539 0.102040816326531 0.0290661719233148 0.121212121212121 0.0346320346320346
"malTer" 0.115027829313544 0.0340136054421769 0.0371057513914657 0.0371057513914657 0.00494743351886209 0.0315398886827458 0.0321583178726036 0.0383426097711812 0.104514533085962 0.0785405071119357 0.0321583178726036 0 0.0884353741496599 0.102659245516388 0.095856524427953 0.0191713048855906 0.113790970933828 0.0148423005565863
"mesTub" 0.142238713667285 0.0952380952380952 0.0946196660482375 0.0952380952380952 0.0890538033395176 0.0921459492888064 0.0921459492888064 0.0964749536178108 0.153988868274583 0.0439084724799011 0.095856524427953 0.0884353741496599 0 0.0878169449598021 0.128014842300557 0.0834879406307978 0.0995670995670996 0.0878169449598021
"pelCas" 0.160791589363018 0.110080395794682 0.110698824984539 0.10760667903525 0.104514533085962 0.106988249845393 0.106988249845393 0.109461966604824 0.16573902288188 0.0779220779220779 0.110698824984539 0.102659245516388 0.0878169449598021 0 0.142238713667285 0.102040816326531 0.0847247990105133 0.10760667903525
"pelSin" 0.128014842300557 0.105751391465677 0.102040816326531 0.100185528756957 0.098330241187384 0.0989486703772418 0.100185528756957 0.0977118119975263 0.159554730983302 0.124922696351268 0.102040816326531 0.095856524427953 0.128014842300557 0.142238713667285 0 0.0927643784786642 0.152133580705009 0.098330241187384
"plaMeg" 0.11317254174397 0.0309214594928881 0.0358688930117502 0.0321583178726036 0.0204081632653061 0.0272108843537415 0.0253555967841682 0.0371057513914657 0.102040816326531 0.0766852195423624 0.0290661719233148 0.0191713048855906 0.0834879406307978 0.102040816326531 0.0927643784786642 0 0.111317254174397 0.0204081632653061
"podExp" 0.164502164502165 0.121830550401979 0.116883116883117 0.115027829313544 0.114409400123686 0.115027829313544 0.115646258503401 0.116883116883117 0.176252319109462 0.0909090909090909 0.121212121212121 0.113790970933828 0.0995670995670996 0.0847247990105133 0.152133580705009 0.111317254174397 0 0.116264687693259
"terMex" 0.116883116883117 0.0364873222016079 0.0395794681508967 0.0371057513914657 0.0160791589363018 0.0327767470624614 0.0333951762523191 0.0401978973407545 0.106369820655535 0.0810142238713667 0.0346320346320346 0.0148423005565863 0.0878169449598021 0.10760667903525 0.098330241187384 0.0204081632653061 0.116264687693259 0
