"carIns" "cheAbi" "cheMyd" "cheSer" "chrPic" "cuoAmb" "cuoMcc" "derCor" "derMaw" "emySub" "gopAga" "mesTub" "pelCas" "plaMeg" "terMex"
"carIns" 0 0.0443117536140792 0.0430546825895663 0.0436832181018228 0.0414833438089252 0.0433689503456945 0.0443117536140792 0.0521684475172847 0.0562539283469516 0.0587680703959774 0.0433689503456945 0.0474544311753614 0.0534255185417976 0.0417976115650534 0.0436832181018228
"cheAbi" 0.0443117536140792 0 0.0235700817096166 0.0210559396605908 0.0153991200502828 0.0135135135135135 0.0138277812696417 0.0311125078566939 0.0367693274670019 0.0477686989314896 0.0125707102451289 0.0389692017598994 0.046825895663105 0.0157133878064111 0.0172847265870522
"cheMyd" 0.0430546825895663 0.0235700817096166 0 0.0163419233186675 0.0191703331238215 0.0204274041483344 0.0207416719044626 0.0216844751728473 0.0342551854179761 0.0465116279069767 0.0232558139534884 0.0380263984915148 0.0424261470773099 0.0191703331238215 0.0191703331238215
"cheSer" 0.0436832181018228 0.0210559396605908 0.0163419233186675 0 0.0160276555625393 0.0172847265870522 0.0188560653676933 0.0276555625392835 0.0304839723444375 0.0433689503456945 0.021370207416719 0.0358265241986172 0.0417976115650534 0.0160276555625393 0.016970458830924
"chrPic" 0.0414833438089252 0.0153991200502828 0.0191703331238215 0.0160276555625393 0 0.0125707102451289 0.0119421747328724 0.0279698302954117 0.0339409176618479 0.0433689503456945 0.0153991200502828 0.0351979886863608 0.0424261470773099 0.00848522941546197 0.00565681961030798
"cuoAmb" 0.0433689503456945 0.0135135135135135 0.0204274041483344 0.0172847265870522 0.0125707102451289 0 0.00377121307353866 0.0311125078566939 0.0364550597108737 0.0471401634192332 0.0135135135135135 0.0377121307353865 0.0443117536140792 0.0128849780012571 0.0135135135135135
"cuoMcc" 0.0443117536140792 0.0138277812696417 0.0207416719044626 0.0188560653676933 0.0119421747328724 0.00377121307353866 0 0.0307982401005657 0.0370835952231301 0.0471401634192332 0.0135135135135135 0.0373978629792583 0.0455688246385921 0.0122564424890006 0.0138277812696417
"derCor" 0.0521684475172847 0.0311125078566939 0.0216844751728473 0.0276555625392835 0.0279698302954117 0.0311125078566939 0.0307982401005657 0 0.0436832181018228 0.0465116279069767 0.0329981143934632 0.0446260213702074 0.0515399120050283 0.0279698302954117 0.0289126335637964
"derMaw" 0.0562539283469516 0.0367693274670019 0.0342551854179761 0.0304839723444375 0.0339409176618479 0.0364550597108737 0.0370835952231301 0.0436832181018228 0 0.0603394091766185 0.035512256442489 0.0531112507856694 0.0587680703959774 0.0339409176618479 0.035512256442489
"emySub" 0.0587680703959774 0.0477686989314896 0.0465116279069767 0.0433689503456945 0.0433689503456945 0.0471401634192332 0.0471401634192332 0.0465116279069767 0.0603394091766185 0 0.0487115021998743 0.0314267756128221 0.0471401634192332 0.0446260213702074 0.0455688246385921
"gopAga" 0.0433689503456945 0.0125707102451289 0.0232558139534884 0.021370207416719 0.0153991200502828 0.0135135135135135 0.0135135135135135 0.0329981143934632 0.035512256442489 0.0487115021998743 0 0.0380263984915148 0.0465116279069767 0.0147705845380264 0.016970458830924
"mesTub" 0.0474544311753614 0.0389692017598994 0.0380263984915148 0.0358265241986172 0.0351979886863608 0.0377121307353865 0.0373978629792583 0.0446260213702074 0.0531112507856694 0.0314267756128221 0.0380263984915148 0 0.0361407919547454 0.0358265241986172 0.0373978629792583
"pelCas" 0.0534255185417976 0.046825895663105 0.0424261470773099 0.0417976115650534 0.0424261470773099 0.0443117536140792 0.0455688246385921 0.0515399120050283 0.0587680703959774 0.0471401634192332 0.0465116279069767 0.0361407919547454 0 0.0443117536140792 0.0424261470773099
"plaMeg" 0.0417976115650534 0.0157133878064111 0.0191703331238215 0.0160276555625393 0.00848522941546197 0.0128849780012571 0.0122564424890006 0.0279698302954117 0.0339409176618479 0.0446260213702074 0.0147705845380264 0.0358265241986172 0.0443117536140792 0 0.00974230043997486
"terMex" 0.0436832181018228 0.0172847265870522 0.0191703331238215 0.016970458830924 0.00565681961030798 0.0135135135135135 0.0138277812696417 0.0289126335637964 0.035512256442489 0.0455688246385921 0.016970458830924 0.0373978629792583 0.0424261470773099 0.00974230043997486 0
