"carIns" "cheAbi" "cheMyd" "cheSer" "chrPic" "cuoAmb" "cuoMcc" "derCor" "derMaw" "emySub" "gopAga" "malTer" "mesTub" "pelCas" "pelSin" "plaMeg" "podExp" "terMex"
"carIns" 0 0.0758169934640523 0.073202614379085 0.069281045751634 0.069281045751634 0.069281045751634 0.0562091503267974 0.0640522875816993 0.0679738562091503 0.0784313725490196 0.0640522875816993 0.0535947712418301 0.0758169934640523 0.105882352941176 0.0745098039215686 0.0470588235294118 0.109803921568627 0.0509803921568627
"cheAbi" 0.0758169934640523 0 0.0601307189542484 0.0718954248366013 0.0496732026143791 0.0313725490196078 0.0431372549019608 0.0627450980392157 0.0640522875816993 0.0888888888888889 0.0405228758169935 0.0522875816993464 0.0810457516339869 0.118954248366013 0.0941176470588235 0.0431372549019608 0.101960784313725 0.0522875816993464
"cheMyd" 0.073202614379085 0.0601307189542484 0 0.0627450980392157 0.0535947712418301 0.0496732026143791 0.0496732026143791 0.0366013071895425 0.0601307189542484 0.0810457516339869 0.057516339869281 0.0496732026143791 0.077124183006536 0.105882352941176 0.0862745098039216 0.0405228758169935 0.0980392156862745 0.0470588235294118
"cheSer" 0.069281045751634 0.0718954248366013 0.0627450980392157 0 0.061437908496732 0.0588235294117647 0.0457516339869281 0.0522875816993464 0.0522875816993464 0.077124183006536 0.0535947712418301 0.0470588235294118 0.0718954248366013 0.111111111111111 0.0875816993464052 0.0366013071895425 0.115032679738562 0.0457516339869281
"chrPic" 0.069281045751634 0.0496732026143791 0.0535947712418301 0.061437908496732 0 0.0392156862745098 0.0431372549019608 0.0535947712418301 0.0588235294117647 0.0797385620915033 0.0483660130718954 0.0222222222222222 0.0745098039215686 0.0967320261437909 0.0823529411764706 0.0366013071895425 0.0915032679738562 0.0352941176470588
"cuoAmb" 0.069281045751634 0.0313725490196078 0.0496732026143791 0.0588235294117647 0.0392156862745098 0 0.0130718954248366 0.0483660130718954 0.0509803921568627 0.0797385620915033 0.0339869281045752 0.0392156862745098 0.0718954248366013 0.109803921568627 0.077124183006536 0.0300653594771242 0.0954248366013072 0.0366013071895425
"cuoMcc" 0.0562091503267974 0.0431372549019608 0.0496732026143791 0.0457516339869281 0.0431372549019608 0.0130718954248366 0 0.0352941176470588 0.0379084967320261 0.0666666666666667 0.0209150326797386 0.0261437908496732 0.0588235294117647 0.0993464052287582 0.0679738562091503 0.0169934640522876 0.0980392156862745 0.0235294117647059
"derCor" 0.0640522875816993 0.0627450980392157 0.0366013071895425 0.0522875816993464 0.0535947712418301 0.0483660130718954 0.0352941176470588 0 0.0483660130718954 0.0679738562091503 0.0431372549019608 0.0366013071895425 0.0627450980392157 0.103267973856209 0.0797385620915033 0.0300653594771242 0.104575163398693 0.0339869281045752
"derMaw" 0.0679738562091503 0.0640522875816993 0.0601307189542484 0.0522875816993464 0.0588235294117647 0.0509803921568627 0.0379084967320261 0.0483660130718954 0 0.0758169934640523 0.0457516339869281 0.0418300653594771 0.069281045751634 0.100653594771242 0.0862745098039216 0.0287581699346405 0.0993464052287582 0.0405228758169935
"emySub" 0.0784313725490196 0.0888888888888889 0.0810457516339869 0.077124183006536 0.0797385620915033 0.0797385620915033 0.0666666666666667 0.0679738562091503 0.0758169934640523 0 0.0718954248366013 0.0640522875816993 0.0366013071895425 0.0993464052287582 0.0980392156862745 0.0601307189542484 0.0954248366013072 0.061437908496732
"gopAga" 0.0640522875816993 0.0405228758169935 0.057516339869281 0.0535947712418301 0.0483660130718954 0.0339869281045752 0.0209150326797386 0.0431372549019608 0.0457516339869281 0.0718954248366013 0 0.0339869281045752 0.0640522875816993 0.10718954248366 0.0797385620915033 0.0248366013071895 0.105882352941176 0.0287581699346405
"malTer" 0.0535947712418301 0.0522875816993464 0.0496732026143791 0.0470588235294118 0.0222222222222222 0.0392156862745098 0.0261437908496732 0.0366013071895425 0.0418300653594771 0.0640522875816993 0.0339869281045752 0 0.0588235294117647 0.0928104575163399 0.0745098039215686 0.0196078431372549 0.0967320261437909 0.0183006535947712
"mesTub" 0.0758169934640523 0.0810457516339869 0.077124183006536 0.0718954248366013 0.0745098039215686 0.0718954248366013 0.0588235294117647 0.0627450980392157 0.069281045751634 0.0366013071895425 0.0640522875816993 0.0588235294117647 0 0.100653594771242 0.0901960784313725 0.0522875816993464 0.0954248366013072 0.0562091503267974
"pelCas" 0.105882352941176 0.118954248366013 0.105882352941176 0.111111111111111 0.0967320261437909 0.109803921568627 0.0993464052287582 0.103267973856209 0.100653594771242 0.0993464052287582 0.10718954248366 0.0928104575163399 0.100653594771242 0 0.10718954248366 0.0915032679738562 0.0862745098039216 0.0980392156862745
"pelSin" 0.0745098039215686 0.0941176470588235 0.0862745098039216 0.0875816993464052 0.0823529411764706 0.077124183006536 0.0679738562091503 0.0797385620915033 0.0862745098039216 0.0980392156862745 0.0797385620915033 0.0745098039215686 0.0901960784313725 0.10718954248366 0 0.069281045751634 0.115032679738562 0.073202614379085
"plaMeg" 0.0470588235294118 0.0431372549019608 0.0405228758169935 0.0366013071895425 0.0366013071895425 0.0300653594771242 0.0169934640522876 0.0300653594771242 0.0287581699346405 0.0601307189542484 0.0248366013071895 0.0196078431372549 0.0522875816993464 0.0915032679738562 0.069281045751634 0 0.0888888888888889 0.0169934640522876
"podExp" 0.109803921568627 0.101960784313725 0.0980392156862745 0.115032679738562 0.0915032679738562 0.0954248366013072 0.0980392156862745 0.104575163398693 0.0993464052287582 0.0954248366013072 0.105882352941176 0.0967320261437909 0.0954248366013072 0.0862745098039216 0.115032679738562 0.0888888888888889 0 0.0954248366013072
"terMex" 0.0509803921568627 0.0522875816993464 0.0470588235294118 0.0457516339869281 0.0352941176470588 0.0366013071895425 0.0235294117647059 0.0339869281045752 0.0405228758169935 0.061437908496732 0.0287581699346405 0.0183006535947712 0.0562091503267974 0.0980392156862745 0.073202614379085 0.0169934640522876 0.0954248366013072 0
