"carIns" "cheAbi" "cheMyd" "cheSer" "chrPic" "cuoAmb" "cuoMcc" "derCor" "derMaw" "emySub" "gopAga" "malTer" "mesTub" "pelCas" "pelSin" "plaMeg" "podExp" "terMex"
"carIns" 0 0.0901098901098901 0.0835164835164835 0.0593406593406593 0.0571428571428571 0.101098901098901 0.16043956043956 0.0791208791208791 0.0593406593406593 0.0989010989010989 0.0923076923076923 0.0549450549450549 0.0571428571428571 0.0593406593406593 0.0879120879120879 0.0549450549450549 0.0637362637362637 0.0549450549450549
"cheAbi" 0.0901098901098901 0 0.0571428571428571 0.0461538461538462 0.0461538461538462 0.0571428571428571 0.184615384615385 0.0505494505494506 0.0527472527472527 0.043956043956044 0.0615384615384615 0.043956043956044 0.0747252747252747 0.0769230769230769 0.0769230769230769 0.0483516483516484 0.0791208791208791 0.043956043956044
"cheMyd" 0.0835164835164835 0.0571428571428571 0 0.0483516483516484 0.0483516483516484 0.0615384615384615 0.175824175824176 0.010989010989011 0.0549450549450549 0.0681318681318681 0.0527472527472527 0.0461538461538462 0.0681318681318681 0.0681318681318681 0.0725274725274725 0.0505494505494506 0.0769230769230769 0.0461538461538462
"cheSer" 0.0593406593406593 0.0461538461538462 0.0483516483516484 0 0.00879120879120879 0.0505494505494506 0.153846153846154 0.0461538461538462 0.0153846153846154 0.0703296703296703 0.043956043956044 0.00659340659340659 0.0417582417582418 0.0417582417582418 0.0637362637362637 0.010989010989011 0.0461538461538462 0.00659340659340659
"chrPic" 0.0571428571428571 0.0461538461538462 0.0483516483516484 0.00879120879120879 0 0.0527472527472527 0.149450549450549 0.0461538461538462 0.0153846153846154 0.0703296703296703 0.0395604395604396 0.0021978021978022 0.0417582417582418 0.0417582417582418 0.0637362637362637 0.00659340659340659 0.043956043956044 0.0021978021978022
"cuoAmb" 0.101098901098901 0.0571428571428571 0.0615384615384615 0.0505494505494506 0.0527472527472527 0 0.186813186813187 0.0593406593406593 0.0615384615384615 0.0725274725274725 0.0549450549450549 0.0505494505494506 0.0857142857142857 0.0813186813186813 0.0857142857142857 0.0549450549450549 0.0835164835164835 0.0505494505494506
"cuoMcc" 0.16043956043956 0.184615384615385 0.175824175824176 0.153846153846154 0.149450549450549 0.186813186813187 0 0.175824175824176 0.16043956043956 0.173626373626374 0.178021978021978 0.149450549450549 0.140659340659341 0.138461538461538 0.171428571428571 0.149450549450549 0.140659340659341 0.149450549450549
"derCor" 0.0791208791208791 0.0505494505494506 0.010989010989011 0.0461538461538462 0.0461538461538462 0.0593406593406593 0.175824175824176 0 0.0483516483516484 0.0703296703296703 0.0505494505494506 0.043956043956044 0.0659340659340659 0.0703296703296703 0.0747252747252747 0.0483516483516484 0.0791208791208791 0.043956043956044
"derMaw" 0.0593406593406593 0.0527472527472527 0.0549450549450549 0.0153846153846154 0.0153846153846154 0.0615384615384615 0.16043956043956 0.0483516483516484 0 0.0769230769230769 0.0505494505494506 0.0131868131868132 0.043956043956044 0.0483516483516484 0.0703296703296703 0.0175824175824176 0.0483516483516484 0.0131868131868132
"emySub" 0.0989010989010989 0.043956043956044 0.0681318681318681 0.0703296703296703 0.0703296703296703 0.0725274725274725 0.173626373626374 0.0703296703296703 0.0769230769230769 0 0.0879120879120879 0.0681318681318681 0.0593406593406593 0.0571428571428571 0.0791208791208791 0.0725274725274725 0.0659340659340659 0.0681318681318681
"gopAga" 0.0923076923076923 0.0615384615384615 0.0527472527472527 0.043956043956044 0.0395604395604396 0.0549450549450549 0.178021978021978 0.0505494505494506 0.0505494505494506 0.0879120879120879 0 0.0417582417582418 0.0791208791208791 0.0747252747252747 0.0835164835164835 0.0461538461538462 0.0769230769230769 0.0417582417582418
"malTer" 0.0549450549450549 0.043956043956044 0.0461538461538462 0.00659340659340659 0.0021978021978022 0.0505494505494506 0.149450549450549 0.043956043956044 0.0131868131868132 0.0681318681318681 0.0417582417582418 0 0.0395604395604396 0.0395604395604396 0.0615384615384615 0.0043956043956044 0.0417582417582418 0
"mesTub" 0.0571428571428571 0.0747252747252747 0.0681318681318681 0.0417582417582418 0.0417582417582418 0.0857142857142857 0.140659340659341 0.0659340659340659 0.043956043956044 0.0593406593406593 0.0791208791208791 0.0395604395604396 0 0.0241758241758242 0.0703296703296703 0.043956043956044 0.032967032967033 0.0395604395604396
"pelCas" 0.0593406593406593 0.0769230769230769 0.0681318681318681 0.0417582417582418 0.0417582417582418 0.0813186813186813 0.138461538461538 0.0703296703296703 0.0483516483516484 0.0571428571428571 0.0747252747252747 0.0395604395604396 0.0241758241758242 0 0.0659340659340659 0.043956043956044 0.0175824175824176 0.0395604395604396
"pelSin" 0.0879120879120879 0.0769230769230769 0.0725274725274725 0.0637362637362637 0.0637362637362637 0.0857142857142857 0.171428571428571 0.0747252747252747 0.0703296703296703 0.0791208791208791 0.0835164835164835 0.0615384615384615 0.0703296703296703 0.0659340659340659 0 0.0659340659340659 0.0791208791208791 0.0615384615384615
"plaMeg" 0.0549450549450549 0.0483516483516484 0.0505494505494506 0.010989010989011 0.00659340659340659 0.0549450549450549 0.149450549450549 0.0483516483516484 0.0175824175824176 0.0725274725274725 0.0461538461538462 0.0043956043956044 0.043956043956044 0.043956043956044 0.0659340659340659 0 0.0461538461538462 0.0043956043956044
"podExp" 0.0637362637362637 0.0791208791208791 0.0769230769230769 0.0461538461538462 0.043956043956044 0.0835164835164835 0.140659340659341 0.0791208791208791 0.0483516483516484 0.0659340659340659 0.0769230769230769 0.0417582417582418 0.032967032967033 0.0175824175824176 0.0791208791208791 0.0461538461538462 0 0.0417582417582418
"terMex" 0.0549450549450549 0.043956043956044 0.0461538461538462 0.00659340659340659 0.0021978021978022 0.0505494505494506 0.149450549450549 0.043956043956044 0.0131868131868132 0.0681318681318681 0.0417582417582418 0 0.0395604395604396 0.0395604395604396 0.0615384615384615 0.0043956043956044 0.0417582417582418 0
