"carIns" "cheAbi" "cheMyd" "cheSer" "chrPic" "cuoMcc" "derCor" "derMaw" "emySub" "malTer" "mesTub" "pelCas" "pelSin" "plaMeg" "podExp" "terMex"
"carIns" 0 0.106038291605302 0.128129602356406 0.111929307805596 0.123711340206186 0.106038291605302 0.131075110456554 0.154639175257732 0.11340206185567 0.122238586156112 0.119293078055965 0.123711340206186 0.128129602356406 0.101620029455081 0.123711340206186 0.122238586156112
"cheAbi" 0.106038291605302 0 0.0883652430044183 0.0338733431516937 0.0795287187039764 0.0132547864506627 0.0913107511045655 0.116347569955817 0.0972017673048601 0.0780559646539028 0.0648011782032401 0.0706921944035346 0.0898379970544919 0.0633284241531664 0.122238586156112 0.0810014727540501
"cheMyd" 0.128129602356406 0.0883652430044183 0 0.0839469808541973 0.0368188512518409 0.085419734904271 0.0706921944035346 0.0957290132547865 0.107511045655376 0.0353460972017673 0.116347569955817 0.117820324005891 0.142857142857143 0.0810014727540501 0.123711340206186 0.0368188512518409
"cheSer" 0.111929307805596 0.0338733431516937 0.0839469808541973 0 0.085419734904271 0.0294550810014728 0.0839469808541973 0.108983799705449 0.0957290132547865 0.0839469808541973 0.0515463917525773 0.0574374079528719 0.0898379970544919 0.0736377025036819 0.116347569955817 0.085419734904271
"chrPic" 0.123711340206186 0.0795287187039764 0.0368188512518409 0.085419734904271 0 0.0736377025036819 0.101620029455081 0.104565537555228 0.100147275405007 0.00441826215022091 0.110456553755523 0.11340206185567 0.136966126656848 0.0662739322533137 0.122238586156112 0.0117820324005891
"cuoMcc" 0.106038291605302 0.0132547864506627 0.085419734904271 0.0294550810014728 0.0736377025036819 0 0.0898379970544919 0.110456553755523 0.0957290132547865 0.0721649484536082 0.0618556701030928 0.069219440353461 0.0868924889543446 0.0589101620029455 0.120765832106038 0.0751104565537555
"derCor" 0.131075110456554 0.0913107511045655 0.0706921944035346 0.0839469808541973 0.101620029455081 0.0898379970544919 0 0.116347569955817 0.107511045655376 0.100147275405007 0.114874815905744 0.117820324005891 0.144329896907216 0.0927835051546392 0.12960235640648 0.0986745213549337
"derMaw" 0.154639175257732 0.116347569955817 0.0957290132547865 0.108983799705449 0.104565537555228 0.110456553755523 0.116347569955817 0 0.128129602356406 0.103092783505155 0.141384388807069 0.139911634756996 0.176730486008837 0.107511045655376 0.154639175257732 0.103092783505155
"emySub" 0.11340206185567 0.0972017673048601 0.107511045655376 0.0957290132547865 0.100147275405007 0.0957290132547865 0.107511045655376 0.128129602356406 0 0.0986745213549337 0.0780559646539028 0.0942562592047128 0.134020618556701 0.0913107511045655 0.108983799705449 0.0986745213549337
"malTer" 0.122238586156112 0.0780559646539028 0.0353460972017673 0.0839469808541973 0.00441826215022091 0.0721649484536082 0.100147275405007 0.103092783505155 0.0986745213549337 0 0.108983799705449 0.114874815905744 0.135493372606775 0.0648011782032401 0.120765832106038 0.0103092783505155
"mesTub" 0.119293078055965 0.0648011782032401 0.116347569955817 0.0515463917525773 0.110456553755523 0.0618556701030928 0.114874815905744 0.141384388807069 0.0780559646539028 0.108983799705449 0 0.0589101620029455 0.0957290132547865 0.101620029455081 0.116347569955817 0.110456553755523
"pelCas" 0.123711340206186 0.0706921944035346 0.117820324005891 0.0574374079528719 0.11340206185567 0.069219440353461 0.117820324005891 0.139911634756996 0.0942562592047128 0.114874815905744 0.0589101620029455 0 0.106038291605302 0.110456553755523 0.0883652430044183 0.117820324005891
"pelSin" 0.128129602356406 0.0898379970544919 0.142857142857143 0.0898379970544919 0.136966126656848 0.0868924889543446 0.144329896907216 0.176730486008837 0.134020618556701 0.135493372606775 0.0957290132547865 0.106038291605302 0 0.120765832106038 0.139911634756996 0.138438880706922
"plaMeg" 0.101620029455081 0.0633284241531664 0.0810014727540501 0.0736377025036819 0.0662739322533137 0.0589101620029455 0.0927835051546392 0.107511045655376 0.0913107511045655 0.0648011782032401 0.101620029455081 0.110456553755523 0.120765832106038 0 0.120765832106038 0.0677466863033873
"podExp" 0.123711340206186 0.122238586156112 0.123711340206186 0.116347569955817 0.122238586156112 0.120765832106038 0.12960235640648 0.154639175257732 0.108983799705449 0.120765832106038 0.116347569955817 0.0883652430044183 0.139911634756996 0.120765832106038 0 0.125184094256259
"terMex" 0.122238586156112 0.0810014727540501 0.0368188512518409 0.085419734904271 0.0117820324005891 0.0751104565537555 0.0986745213549337 0.103092783505155 0.0986745213549337 0.0103092783505155 0.110456553755523 0.117820324005891 0.138438880706922 0.0677466863033873 0.125184094256259 0
