"cheAbi" "cheSer" "chrPic" "cuoAmb" "cuoMcc" "derCor" "derMaw" "emySub" "gopAga" "malTer" "mesTub" "pelCas" "pelSin" "plaMeg" "podExp" "terMex"
"cheAbi" 0 0.0185185185185185 0.0199430199430199 0.0185185185185185 0.138176638176638 0.393162393162393 0.0299145299145299 0.0541310541310541 0.0128205128205128 0.0256410256410256 0.0512820512820513 0.0512820512820513 0.0541310541310541 0.0170940170940171 0.411680911680912 0.0170940170940171
"cheSer" 0.0185185185185185 0 0.0156695156695157 0.0199430199430199 0.12962962962963 0.386039886039886 0.0199430199430199 0.0498575498575499 0.0199430199430199 0.0213675213675214 0.0498575498575499 0.0455840455840456 0.0498575498575499 0.00997150997150997 0.41025641025641 0.0128205128205128
"chrPic" 0.0199430199430199 0.0156695156695157 0 0.0156695156695157 0.136752136752137 0.387464387464387 0.0270655270655271 0.0484330484330484 0.0156695156695157 0.0056980056980057 0.0484330484330484 0.0541310541310541 0.0498575498575499 0.00854700854700855 0.414529914529915 0.0056980056980057
"cuoAmb" 0.0185185185185185 0.0199430199430199 0.0156695156695157 0 0.136752136752137 0.391737891737892 0.0313390313390313 0.0441595441595442 0.0113960113960114 0.0213675213675214 0.047008547008547 0.0555555555555556 0.047008547008547 0.0156695156695157 0.411680911680912 0.0128205128205128
"cuoMcc" 0.138176638176638 0.12962962962963 0.136752136752137 0.136752136752137 0 0.42022792022792 0.128205128205128 0.138176638176638 0.138176638176638 0.141025641025641 0.135327635327635 0.133903133903134 0.142450142450142 0.132478632478632 0.44017094017094 0.131054131054131
"derCor" 0.393162393162393 0.386039886039886 0.387464387464387 0.391737891737892 0.42022792022792 0 0.391737891737892 0.381766381766382 0.393162393162393 0.388888888888889 0.393162393162393 0.384615384615385 0.397435897435897 0.39031339031339 0.105413105413105 0.387464387464387
"derMaw" 0.0299145299145299 0.0199430199430199 0.0270655270655271 0.0313390313390313 0.128205128205128 0.391737891737892 0 0.0527065527065527 0.0284900284900285 0.0327635327635328 0.0441595441595442 0.0512820512820513 0.0527065527065527 0.0213675213675214 0.413105413105413 0.0242165242165242
"emySub" 0.0541310541310541 0.0498575498575499 0.0484330484330484 0.0441595441595442 0.138176638176638 0.381766381766382 0.0527065527065527 0 0.0455840455840456 0.0541310541310541 0.0313390313390313 0.0413105413105413 0.0598290598290598 0.0484330484330484 0.407407407407407 0.0455840455840456
"gopAga" 0.0128205128205128 0.0199430199430199 0.0156695156695157 0.0113960113960114 0.138176638176638 0.393162393162393 0.0284900284900285 0.0455840455840456 0 0.0213675213675214 0.047008547008547 0.0498575498575499 0.0498575498575499 0.0156695156695157 0.415954415954416 0.0128205128205128
"malTer" 0.0256410256410256 0.0213675213675214 0.0056980056980057 0.0213675213675214 0.141025641025641 0.388888888888889 0.0327635327635328 0.0541310541310541 0.0213675213675214 0 0.0541310541310541 0.0598290598290598 0.0555555555555556 0.0142450142450142 0.418803418803419 0.0113960113960114
"mesTub" 0.0512820512820513 0.0498575498575499 0.0484330484330484 0.047008547008547 0.135327635327635 0.393162393162393 0.0441595441595442 0.0313390313390313 0.047008547008547 0.0541310541310541 0 0.0455840455840456 0.0612535612535613 0.0484330484330484 0.418803418803419 0.0455840455840456
"pelCas" 0.0512820512820513 0.0455840455840456 0.0541310541310541 0.0555555555555556 0.133903133903134 0.384615384615385 0.0512820512820513 0.0413105413105413 0.0498575498575499 0.0598290598290598 0.0455840455840456 0 0.0754985754985755 0.0498575498575499 0.41025641025641 0.0512820512820513
"pelSin" 0.0541310541310541 0.0498575498575499 0.0498575498575499 0.047008547008547 0.142450142450142 0.397435897435897 0.0527065527065527 0.0598290598290598 0.0498575498575499 0.0555555555555556 0.0612535612535613 0.0754985754985755 0 0.047008547008547 0.414529914529915 0.0441595441595442
"plaMeg" 0.0170940170940171 0.00997150997150997 0.00854700854700855 0.0156695156695157 0.132478632478632 0.39031339031339 0.0213675213675214 0.0484330484330484 0.0156695156695157 0.0142450142450142 0.0484330484330484 0.0498575498575499 0.047008547008547 0 0.411680911680912 0.0056980056980057
"podExp" 0.411680911680912 0.41025641025641 0.414529914529915 0.411680911680912 0.44017094017094 0.105413105413105 0.413105413105413 0.407407407407407 0.415954415954416 0.418803418803419 0.418803418803419 0.41025641025641 0.414529914529915 0.411680911680912 0 0.411680911680912
"terMex" 0.0170940170940171 0.0128205128205128 0.0056980056980057 0.0128205128205128 0.131054131054131 0.387464387464387 0.0242165242165242 0.0455840455840456 0.0128205128205128 0.0113960113960114 0.0455840455840456 0.0512820512820513 0.0441595441595442 0.0056980056980057 0.411680911680912 0
