"carIns" "cheAbi" "cheMyd" "cheSer" "cuoAmb" "cuoMcc" "derCor" "derMaw" "mesTub" "pelCas" "podExp"
"carIns" 0 0.226190476190476 0.113095238095238 0.0595238095238095 0.169642857142857 0.0863095238095238 0.151785714285714 0.107142857142857 0.113095238095238 0.0654761904761905 0.0595238095238095
"cheAbi" 0.226190476190476 0 0.181547619047619 0.178571428571429 0.169642857142857 0.166666666666667 0.205357142857143 0.18452380952381 0.196428571428571 0.193452380952381 0.199404761904762
"cheMyd" 0.113095238095238 0.181547619047619 0 0.0654761904761905 0.178571428571429 0.0922619047619048 0.157738095238095 0.0744047619047619 0.0922619047619048 0.0952380952380952 0.0952380952380952
"cheSer" 0.0595238095238095 0.178571428571429 0.0654761904761905 0 0.12797619047619 0.0327380952380952 0.119047619047619 0.0654761904761905 0.0744047619047619 0.0357142857142857 0.0357142857142857
"cuoAmb" 0.169642857142857 0.169642857142857 0.178571428571429 0.12797619047619 0 0.101190476190476 0.0714285714285714 0.175595238095238 0.193452380952381 0.142857142857143 0.142857142857143
"cuoMcc" 0.0863095238095238 0.166666666666667 0.0922619047619048 0.0327380952380952 0.101190476190476 0 0.139880952380952 0.0922619047619048 0.101190476190476 0.056547619047619 0.056547619047619
"derCor" 0.151785714285714 0.205357142857143 0.157738095238095 0.119047619047619 0.0714285714285714 0.139880952380952 0 0.169642857142857 0.181547619047619 0.136904761904762 0.136904761904762
"derMaw" 0.107142857142857 0.18452380952381 0.0744047619047619 0.0654761904761905 0.175595238095238 0.0922619047619048 0.169642857142857 0 0.0922619047619048 0.0863095238095238 0.0892857142857143
"mesTub" 0.113095238095238 0.196428571428571 0.0922619047619048 0.0744047619047619 0.193452380952381 0.101190476190476 0.181547619047619 0.0922619047619048 0 0.0744047619047619 0.0803571428571429
"pelCas" 0.0654761904761905 0.193452380952381 0.0952380952380952 0.0357142857142857 0.142857142857143 0.056547619047619 0.136904761904762 0.0863095238095238 0.0744047619047619 0 0.0297619047619048
"podExp" 0.0595238095238095 0.199404761904762 0.0952380952380952 0.0357142857142857 0.142857142857143 0.056547619047619 0.136904761904762 0.0892857142857143 0.0803571428571429 0.0297619047619048 0
