"carIns" "cheAbi" "cheMyd" "cheSer" "chrPic" "cuoAmb" "cuoMcc" "derCor" "derMaw" "emySub" "gopAga" "malTer" "mesTub" "pelCas" "pelSin" "plaMeg" "podExp" "terMex"
"carIns" 0 0.0943396226415094 0.0849056603773585 0.0864779874213836 0.089622641509434 0.0833333333333333 0.0911949685534591 0.0974842767295598 0.105345911949686 0.0959119496855346 0.0864779874213836 0.0911949685534591 0.10377358490566 0.10377358490566 0.089622641509434 0.0817610062893082 0.127358490566038 0.0770440251572327
"cheAbi" 0.0943396226415094 0 0.0440251572327044 0.050314465408805 0.0424528301886792 0.0235849056603774 0.029874213836478 0.0613207547169811 0.0676100628930818 0.0833333333333333 0.0220125786163522 0.0424528301886792 0.0833333333333333 0.0943396226415094 0.0911949685534591 0.0330188679245283 0.111635220125786 0.0314465408805031
"cheMyd" 0.0849056603773585 0.0440251572327044 0 0.0283018867924528 0.0393081761006289 0.029874213836478 0.0361635220125786 0.0314465408805031 0.0455974842767296 0.0676100628930818 0.0393081761006289 0.0361635220125786 0.0691823899371069 0.0770440251572327 0.0723270440251572 0.0267295597484277 0.0974842767295598 0.0267295597484277
"cheSer" 0.0864779874213836 0.050314465408805 0.0283018867924528 0 0.0393081761006289 0.0361635220125786 0.0424528301886792 0.0393081761006289 0.0424528301886792 0.0644654088050314 0.0440251572327044 0.0393081761006289 0.0707547169811321 0.0864779874213836 0.0754716981132075 0.0330188679245283 0.10377358490566 0.029874213836478
"chrPic" 0.089622641509434 0.0424528301886792 0.0393081761006289 0.0393081761006289 0 0.0345911949685535 0.0408805031446541 0.0581761006289308 0.0550314465408805 0.0738993710691824 0.0393081761006289 0.00943396226415094 0.0738993710691824 0.089622641509434 0.0786163522012579 0.0251572327044025 0.106918238993711 0.0188679245283019
"cuoAmb" 0.0833333333333333 0.0235849056603774 0.029874213836478 0.0361635220125786 0.0345911949685535 0 0.00943396226415094 0.0487421383647799 0.0534591194968553 0.0738993710691824 0.020440251572327 0.0345911949685535 0.0738993710691824 0.0864779874213836 0.0786163522012579 0.0220125786163522 0.102201257861635 0.0220125786163522
"cuoMcc" 0.0911949685534591 0.029874213836478 0.0361635220125786 0.0424528301886792 0.0408805031446541 0.00943396226415094 0 0.0550314465408805 0.059748427672956 0.080188679245283 0.0267295597484277 0.0408805031446541 0.0770440251572327 0.0927672955974843 0.0864779874213836 0.0283018867924528 0.108490566037736 0.0283018867924528
"derCor" 0.0974842767295598 0.0613207547169811 0.0314465408805031 0.0393081761006289 0.0581761006289308 0.0487421383647799 0.0550314465408805 0 0.0581761006289308 0.0786163522012579 0.0550314465408805 0.0550314465408805 0.0849056603773585 0.0990566037735849 0.0927672955974843 0.0487421383647799 0.119496855345912 0.0424528301886792
"derMaw" 0.105345911949686 0.0676100628930818 0.0455974842767296 0.0424528301886792 0.0550314465408805 0.0534591194968553 0.059748427672956 0.0581761006289308 0 0.0849056603773585 0.0613207547169811 0.0550314465408805 0.0833333333333333 0.10062893081761 0.0849056603773585 0.050314465408805 0.117924528301887 0.0471698113207547
"emySub" 0.0959119496855346 0.0833333333333333 0.0676100628930818 0.0644654088050314 0.0738993710691824 0.0738993710691824 0.080188679245283 0.0786163522012579 0.0849056603773585 0 0.080188679245283 0.0738993710691824 0.0455974842767296 0.0723270440251572 0.089622641509434 0.0644654088050314 0.0880503144654088 0.0613207547169811
"gopAga" 0.0864779874213836 0.0220125786163522 0.0393081761006289 0.0440251572327044 0.0393081761006289 0.020440251572327 0.0267295597484277 0.0550314465408805 0.0613207547169811 0.080188679245283 0 0.0393081761006289 0.0817610062893082 0.089622641509434 0.0833333333333333 0.029874213836478 0.110062893081761 0.0267295597484277
"malTer" 0.0911949685534591 0.0424528301886792 0.0361635220125786 0.0393081761006289 0.00943396226415094 0.0345911949685535 0.0408805031446541 0.0550314465408805 0.0550314465408805 0.0738993710691824 0.0393081761006289 0 0.0738993710691824 0.089622641509434 0.0770440251572327 0.0251572327044025 0.108490566037736 0.0188679245283019
"mesTub" 0.10377358490566 0.0833333333333333 0.0691823899371069 0.0707547169811321 0.0738993710691824 0.0738993710691824 0.0770440251572327 0.0849056603773585 0.0833333333333333 0.0455974842767296 0.0817610062893082 0.0738993710691824 0 0.0738993710691824 0.0943396226415094 0.0644654088050314 0.0880503144654088 0.0581761006289308
"pelCas" 0.10377358490566 0.0943396226415094 0.0770440251572327 0.0864779874213836 0.089622641509434 0.0864779874213836 0.0927672955974843 0.0990566037735849 0.10062893081761 0.0723270440251572 0.089622641509434 0.089622641509434 0.0738993710691824 0 0.0974842767295598 0.0786163522012579 0.0770440251572327 0.0738993710691824
"pelSin" 0.089622641509434 0.0911949685534591 0.0723270440251572 0.0754716981132075 0.0786163522012579 0.0786163522012579 0.0864779874213836 0.0927672955974843 0.0849056603773585 0.089622641509434 0.0833333333333333 0.0770440251572327 0.0943396226415094 0.0974842767295598 0 0.0691823899371069 0.117924528301887 0.0723270440251572
"plaMeg" 0.0817610062893082 0.0330188679245283 0.0267295597484277 0.0330188679245283 0.0251572327044025 0.0220125786163522 0.0283018867924528 0.0487421383647799 0.050314465408805 0.0644654088050314 0.029874213836478 0.0251572327044025 0.0644654088050314 0.0786163522012579 0.0691823899371069 0 0.0943396226415094 0.0157232704402516
"podExp" 0.127358490566038 0.111635220125786 0.0974842767295598 0.10377358490566 0.106918238993711 0.102201257861635 0.108490566037736 0.119496855345912 0.117924528301887 0.0880503144654088 0.110062893081761 0.108490566037736 0.0880503144654088 0.0770440251572327 0.117924528301887 0.0943396226415094 0 0.0959119496855346
"terMex" 0.0770440251572327 0.0314465408805031 0.0267295597484277 0.029874213836478 0.0188679245283019 0.0220125786163522 0.0283018867924528 0.0424528301886792 0.0471698113207547 0.0613207547169811 0.0267295597484277 0.0188679245283019 0.0581761006289308 0.0738993710691824 0.0723270440251572 0.0157232704402516 0.0959119496855346 0
