"carIns" "cheAbi" "cheMyd" "cheSer" "chrPic" "cuoAmb" "cuoMcc" "derMaw" "emySub" "gopAga" "malTer" "mesTub" "pelCas" "pelSin" "plaMeg" "podExp" "terMex"
"carIns" 0 0.0870206489675516 0.0958702064896755 0.0958702064896755 0.0811209439528024 0.261061946902655 0.0825958702064897 0.084070796460177 0.0973451327433628 0.0855457227138643 0.0825958702064897 0.107669616519174 0.0943952802359882 0.0958702064896755 0.0825958702064897 0.122418879056047 0.0870206489675516
"cheAbi" 0.0870206489675516 0 0.0589970501474926 0.0501474926253687 0.0162241887905605 0.228613569321534 0.051622418879056 0.0324483775811209 0.0442477876106195 0.0117994100294985 0.0147492625368732 0.056047197640118 0.0899705014749263 0.0929203539823009 0.0471976401179941 0.0722713864306785 0.0191740412979351
"cheMyd" 0.0958702064896755 0.0589970501474926 0 0.0678466076696165 0.0530973451327434 0.250737463126844 0.0648967551622419 0.0604719764011799 0.0663716814159292 0.0575221238938053 0.051622418879056 0.0781710914454277 0.084070796460177 0.0914454277286136 0.0604719764011799 0.0929203539823009 0.056047197640118
"cheSer" 0.0958702064896755 0.0501474926253687 0.0678466076696165 0 0.0442477876106195 0.244837758112094 0.0634218289085546 0.0575221238938053 0.0648967551622419 0.0501474926253687 0.0427728613569322 0.0752212389380531 0.0958702064896755 0.0855457227138643 0.0575221238938053 0.0943952802359882 0.0457227138643068
"chrPic" 0.0811209439528024 0.0162241887905605 0.0530973451327434 0.0442477876106195 0 0.23598820058997 0.0530973451327434 0.0250737463126844 0.0368731563421829 0.0132743362831858 0.00442477876106195 0.0457227138643068 0.0855457227138643 0.0884955752212389 0.0427728613569322 0.0678466076696165 0.0103244837758112
"cuoAmb" 0.261061946902655 0.228613569321534 0.250737463126844 0.244837758112094 0.23598820058997 0 0.234513274336283 0.244837758112094 0.246312684365782 0.234513274336283 0.234513274336283 0.250737463126844 0.25811209439528 0.25811209439528 0.230088495575221 0.259587020648968 0.234513274336283
"cuoMcc" 0.0825958702064897 0.051622418879056 0.0648967551622419 0.0634218289085546 0.0530973451327434 0.234513274336283 0 0.0678466076696165 0.0766961651917404 0.0501474926253687 0.051622418879056 0.0870206489675516 0.0899705014749263 0.0855457227138643 0.0530973451327434 0.106194690265487 0.0575221238938053
"derMaw" 0.084070796460177 0.0324483775811209 0.0604719764011799 0.0575221238938053 0.0250737463126844 0.244837758112094 0.0678466076696165 0 0.0486725663716814 0.0294985250737463 0.023598820058997 0.056047197640118 0.0899705014749263 0.0914454277286136 0.0545722713864307 0.079646017699115 0.0265486725663717
"emySub" 0.0973451327433628 0.0442477876106195 0.0663716814159292 0.0648967551622419 0.0368731563421829 0.246312684365782 0.0766961651917404 0.0486725663716814 0 0.0383480825958702 0.0353982300884956 0.0398230088495575 0.0870206489675516 0.103244837758112 0.0648967551622419 0.0722713864306785 0.0412979351032448
"gopAga" 0.0855457227138643 0.0117994100294985 0.0575221238938053 0.0501474926253687 0.0132743362831858 0.234513274336283 0.0501474926253687 0.0294985250737463 0.0383480825958702 0 0.0117994100294985 0.0501474926253687 0.0870206489675516 0.0899705014749263 0.0471976401179941 0.0707964601769911 0.0176991150442478
"malTer" 0.0825958702064897 0.0147492625368732 0.051622418879056 0.0427728613569322 0.00442477876106195 0.234513274336283 0.051622418879056 0.023598820058997 0.0353982300884956 0.0117994100294985 0 0.0442477876106195 0.084070796460177 0.0870206489675516 0.0412979351032448 0.0663716814159292 0.00884955752212389
"mesTub" 0.107669616519174 0.056047197640118 0.0781710914454277 0.0752212389380531 0.0457227138643068 0.250737463126844 0.0870206489675516 0.056047197640118 0.0398230088495575 0.0501474926253687 0.0442477876106195 0 0.0929203539823009 0.106194690265487 0.0766961651917404 0.0752212389380531 0.0471976401179941
"pelCas" 0.0943952802359882 0.0899705014749263 0.084070796460177 0.0958702064896755 0.0855457227138643 0.25811209439528 0.0899705014749263 0.0899705014749263 0.0870206489675516 0.0870206489675516 0.084070796460177 0.0929203539823009 0 0.109144542772861 0.084070796460177 0.0943952802359882 0.0899705014749263
"pelSin" 0.0958702064896755 0.0929203539823009 0.0914454277286136 0.0855457227138643 0.0884955752212389 0.25811209439528 0.0855457227138643 0.0914454277286136 0.103244837758112 0.0899705014749263 0.0870206489675516 0.106194690265487 0.109144542772861 0 0.0678466076696165 0.123893805309735 0.0870206489675516
"plaMeg" 0.0825958702064897 0.0471976401179941 0.0604719764011799 0.0575221238938053 0.0427728613569322 0.230088495575221 0.0530973451327434 0.0545722713864307 0.0648967551622419 0.0471976401179941 0.0412979351032448 0.0766961651917404 0.084070796460177 0.0678466076696165 0 0.0943952802359882 0.0442477876106195
"podExp" 0.122418879056047 0.0722713864306785 0.0929203539823009 0.0943952802359882 0.0678466076696165 0.259587020648968 0.106194690265487 0.079646017699115 0.0722713864306785 0.0707964601769911 0.0663716814159292 0.0752212389380531 0.0943952802359882 0.123893805309735 0.0943952802359882 0 0.0707964601769911
"terMex" 0.0870206489675516 0.0191740412979351 0.056047197640118 0.0457227138643068 0.0103244837758112 0.234513274336283 0.0575221238938053 0.0265486725663717 0.0412979351032448 0.0176991150442478 0.00884955752212389 0.0471976401179941 0.0899705014749263 0.0870206489675516 0.0442477876106195 0.0707964601769911 0
