"carIns" "cheAbi" "cheMyd" "cheSer" "chrPic" "cuoAmb" "cuoMcc" "derCor" "derMaw" "emySub" "gopAga" "malTer" "mesTub" "pelCas" "pelSin" "plaMeg" "podExp" "terMex"
"carIns" 0 0.20817843866171 0.193308550185874 0.213754646840149 0.204460966542751 0.215613382899628 0.213754646840149 0.198884758364312 0.215613382899628 0.280669144981413 0.198884758364312 0.193308550185874 0.271375464684015 0.315985130111524 0.217472118959108 0.230483271375465 0.284386617100372 0.21003717472119
"cheAbi" 0.20817843866171 0 0.0631970260223048 0.102230483271375 0.0762081784386617 0.0650557620817844 0.0650557620817844 0.070631970260223 0.105947955390335 0.213754646840149 0.0371747211895911 0.0669144981412639 0.221189591078067 0.239776951672862 0.184014869888476 0.0855018587360595 0.226765799256506 0.0743494423791822
"cheMyd" 0.193308550185874 0.0631970260223048 0 0.0947955390334572 0.0687732342007435 0.070631970260223 0.0743494423791822 0.0408921933085502 0.0892193308550186 0.204460966542751 0.0464684014869888 0.070631970260223 0.202602230483271 0.237918215613383 0.172862453531599 0.0817843866171004 0.224907063197026 0.0724907063197026
"cheSer" 0.213754646840149 0.102230483271375 0.0947955390334572 0 0.122676579925651 0.115241635687732 0.118959107806691 0.104089219330855 0.135687732342007 0.234200743494424 0.0985130111524164 0.118959107806691 0.230483271375465 0.25092936802974 0.200743494423792 0.115241635687732 0.245353159851301 0.12639405204461
"chrPic" 0.204460966542751 0.0762081784386617 0.0687732342007435 0.122676579925651 0 0.0780669144981413 0.0762081784386617 0.0762081784386617 0.0985130111524164 0.217472118959108 0.0613382899628253 0.016728624535316 0.211895910780669 0.252788104089219 0.195167286245353 0.087360594795539 0.236059479553903 0.0390334572490706
"cuoAmb" 0.215613382899628 0.0650557620817844 0.070631970260223 0.115241635687732 0.0780669144981413 0 0.0185873605947955 0.0817843866171004 0.102230483271375 0.230483271375465 0.0427509293680297 0.0687732342007435 0.232342007434944 0.263940520446097 0.187732342007435 0.0817843866171004 0.25092936802974 0.0780669144981413
"cuoMcc" 0.213754646840149 0.0650557620817844 0.0743494423791822 0.118959107806691 0.0762081784386617 0.0185873605947955 0 0.0836431226765799 0.100371747211896 0.232342007434944 0.0427509293680297 0.0669144981412639 0.237918215613383 0.269516728624535 0.185873605947955 0.0817843866171004 0.262081784386617 0.0762081784386617
"derCor" 0.198884758364312 0.070631970260223 0.0408921933085502 0.104089219330855 0.0762081784386617 0.0817843866171004 0.0836431226765799 0 0.0799256505576208 0.204460966542751 0.0576208178438662 0.0780669144981413 0.200743494423792 0.241635687732342 0.189591078066914 0.087360594795539 0.226765799256506 0.0799256505576208
"derMaw" 0.215613382899628 0.105947955390335 0.0892193308550186 0.135687732342007 0.0985130111524164 0.102230483271375 0.100371747211896 0.0799256505576208 0 0.20631970260223 0.0817843866171004 0.0966542750929368 0.21003717472119 0.241635687732342 0.202602230483271 0.120817843866171 0.232342007434944 0.100371747211896
"emySub" 0.280669144981413 0.213754646840149 0.204460966542751 0.234200743494424 0.217472118959108 0.230483271375465 0.232342007434944 0.204460966542751 0.20631970260223 0 0.211895910780669 0.223048327137546 0.087360594795539 0.180297397769517 0.263940520446097 0.230483271375465 0.185873605947955 0.213754646840149
"gopAga" 0.198884758364312 0.0371747211895911 0.0464684014869888 0.0985130111524164 0.0613382899628253 0.0427509293680297 0.0427509293680297 0.0576208178438662 0.0817843866171004 0.211895910780669 0 0.0557620817843866 0.219330855018587 0.241635687732342 0.169144981412639 0.070631970260223 0.230483271375465 0.0613382899628253
"malTer" 0.193308550185874 0.0669144981412639 0.070631970260223 0.118959107806691 0.016728624535316 0.0687732342007435 0.0669144981412639 0.0780669144981413 0.0966542750929368 0.223048327137546 0.0557620817843866 0 0.217472118959108 0.256505576208178 0.185873605947955 0.0817843866171004 0.236059479553903 0.0371747211895911
"mesTub" 0.271375464684015 0.221189591078067 0.202602230483271 0.230483271375465 0.211895910780669 0.232342007434944 0.237918215613383 0.200743494423792 0.21003717472119 0.087360594795539 0.219330855018587 0.217472118959108 0 0.189591078066914 0.275092936802974 0.234200743494424 0.172862453531599 0.21003717472119
"pelCas" 0.315985130111524 0.239776951672862 0.237918215613383 0.25092936802974 0.252788104089219 0.263940520446097 0.269516728624535 0.241635687732342 0.241635687732342 0.180297397769517 0.241635687732342 0.256505576208178 0.189591078066914 0 0.302973977695167 0.24907063197026 0.154275092936803 0.258364312267658
"pelSin" 0.217472118959108 0.184014869888476 0.172862453531599 0.200743494423792 0.195167286245353 0.187732342007435 0.185873605947955 0.189591078066914 0.202602230483271 0.263940520446097 0.169144981412639 0.185873605947955 0.275092936802974 0.302973977695167 0 0.200743494423792 0.284386617100372 0.195167286245353
"plaMeg" 0.230483271375465 0.0855018587360595 0.0817843866171004 0.115241635687732 0.087360594795539 0.0817843866171004 0.0817843866171004 0.087360594795539 0.120817843866171 0.230483271375465 0.070631970260223 0.0817843866171004 0.234200743494424 0.24907063197026 0.200743494423792 0 0.245353159851301 0.0929368029739777
"podExp" 0.284386617100372 0.226765799256506 0.224907063197026 0.245353159851301 0.236059479553903 0.25092936802974 0.262081784386617 0.226765799256506 0.232342007434944 0.185873605947955 0.230483271375465 0.236059479553903 0.172862453531599 0.154275092936803 0.284386617100372 0.245353159851301 0 0.237918215613383
"terMex" 0.21003717472119 0.0743494423791822 0.0724907063197026 0.12639405204461 0.0390334572490706 0.0780669144981413 0.0762081784386617 0.0799256505576208 0.100371747211896 0.213754646840149 0.0613382899628253 0.0371747211895911 0.21003717472119 0.258364312267658 0.195167286245353 0.0929368029739777 0.237918215613383 0
