"carIns" "cheAbi" "cheMyd" "cheSer" "chrPic" "cuoAmb" "derCor" "derMaw" "emySub" "gopAga" "malTer" "mesTub" "pelCas" "pelSin" "plaMeg" "podExp" "terMex"
"carIns" 0 0.107456140350877 0.111842105263158 0.0921052631578947 0.100877192982456 0.0986842105263158 0.100877192982456 0.109649122807018 0.133771929824561 0.111842105263158 0.103070175438596 0.138157894736842 0.129385964912281 0.107456140350877 0.0921052631578947 0.125 0.0964912280701754
"cheAbi" 0.107456140350877 0 0.0548245614035088 0.0482456140350877 0.037280701754386 0.037280701754386 0.0570175438596491 0.0548245614035088 0.0942982456140351 0.0350877192982456 0.0394736842105263 0.100877192982456 0.0942982456140351 0.0767543859649123 0.0285087719298246 0.0964912280701754 0.037280701754386
"cheMyd" 0.111842105263158 0.0548245614035088 0 0.0482456140350877 0.0548245614035088 0.0416666666666667 0.0219298245614035 0.0592105263157895 0.0942982456140351 0.0701754385964912 0.0526315789473684 0.0986842105263158 0.0964912280701754 0.081140350877193 0.0460526315789474 0.0964912280701754 0.0482456140350877
"cheSer" 0.0921052631578947 0.0482456140350877 0.0482456140350877 0 0.0504385964912281 0.043859649122807 0.0504385964912281 0.0548245614035088 0.087719298245614 0.0570175438596491 0.0526315789473684 0.087719298245614 0.0855263157894737 0.0679824561403509 0.0328947368421053 0.0921052631578947 0.037280701754386
"chrPic" 0.100877192982456 0.037280701754386 0.0548245614035088 0.0504385964912281 0 0.0350877192982456 0.0570175438596491 0.0526315789473684 0.0899122807017544 0.0504385964912281 0.0109649122807018 0.0899122807017544 0.0899122807017544 0.0723684210526316 0.0263157894736842 0.0942982456140351 0.0241228070175439
"cuoAmb" 0.0986842105263158 0.037280701754386 0.0416666666666667 0.043859649122807 0.0350877192982456 0 0.0504385964912281 0.0482456140350877 0.081140350877193 0.0460526315789474 0.0328947368421053 0.081140350877193 0.0789473684210526 0.0745614035087719 0.0219298245614035 0.087719298245614 0.0285087719298246
"derCor" 0.100877192982456 0.0570175438596491 0.0219298245614035 0.0504385964912281 0.0570175438596491 0.0504385964912281 0 0.0570175438596491 0.0964912280701754 0.0745614035087719 0.0592105263157895 0.105263157894737 0.103070175438596 0.0789473684210526 0.0482456140350877 0.0986842105263158 0.0504385964912281
"derMaw" 0.109649122807018 0.0548245614035088 0.0592105263157895 0.0548245614035088 0.0526315789473684 0.0482456140350877 0.0570175438596491 0 0.0964912280701754 0.0701754385964912 0.0548245614035088 0.103070175438596 0.100877192982456 0.0833333333333333 0.043859649122807 0.0899122807017544 0.043859649122807
"emySub" 0.133771929824561 0.0942982456140351 0.0942982456140351 0.087719298245614 0.0899122807017544 0.081140350877193 0.0964912280701754 0.0964912280701754 0 0.107456140350877 0.0921052631578947 0.0548245614035088 0.0548245614035088 0.111842105263158 0.081140350877193 0.0789473684210526 0.0855263157894737
"gopAga" 0.111842105263158 0.0350877192982456 0.0701754385964912 0.0570175438596491 0.0504385964912281 0.0460526315789474 0.0745614035087719 0.0701754385964912 0.107456140350877 0 0.0548245614035088 0.100877192982456 0.100877192982456 0.0855263157894737 0.037280701754386 0.111842105263158 0.0416666666666667
"malTer" 0.103070175438596 0.0394736842105263 0.0526315789473684 0.0526315789473684 0.0109649122807018 0.0328947368421053 0.0592105263157895 0.0548245614035088 0.0921052631578947 0.0548245614035088 0 0.087719298245614 0.0921052631578947 0.0745614035087719 0.0285087719298246 0.0964912280701754 0.0285087719298246
"mesTub" 0.138157894736842 0.100877192982456 0.0986842105263158 0.087719298245614 0.0899122807017544 0.081140350877193 0.105263157894737 0.103070175438596 0.0548245614035088 0.100877192982456 0.087719298245614 0 0.0745614035087719 0.103070175438596 0.081140350877193 0.0899122807017544 0.0855263157894737
"pelCas" 0.129385964912281 0.0942982456140351 0.0964912280701754 0.0855263157894737 0.0899122807017544 0.0789473684210526 0.103070175438596 0.100877192982456 0.0548245614035088 0.100877192982456 0.0921052631578947 0.0745614035087719 0 0.114035087719298 0.081140350877193 0.0635964912280702 0.0789473684210526
"pelSin" 0.107456140350877 0.0767543859649123 0.081140350877193 0.0679824561403509 0.0723684210526316 0.0745614035087719 0.0789473684210526 0.0833333333333333 0.111842105263158 0.0855263157894737 0.0745614035087719 0.103070175438596 0.114035087719298 0 0.0635964912280702 0.111842105263158 0.0679824561403509
"plaMeg" 0.0921052631578947 0.0285087719298246 0.0460526315789474 0.0328947368421053 0.0263157894736842 0.0219298245614035 0.0482456140350877 0.043859649122807 0.081140350877193 0.037280701754386 0.0285087719298246 0.081140350877193 0.081140350877193 0.0635964912280702 0 0.0899122807017544 0.0175438596491228
"podExp" 0.125 0.0964912280701754 0.0964912280701754 0.0921052631578947 0.0942982456140351 0.087719298245614 0.0986842105263158 0.0899122807017544 0.0789473684210526 0.111842105263158 0.0964912280701754 0.0899122807017544 0.0635964912280702 0.111842105263158 0.0899122807017544 0 0.0921052631578947
"terMex" 0.0964912280701754 0.037280701754386 0.0482456140350877 0.037280701754386 0.0241228070175439 0.0285087719298246 0.0504385964912281 0.043859649122807 0.0855263157894737 0.0416666666666667 0.0285087719298246 0.0855263157894737 0.0789473684210526 0.0679824561403509 0.0175438596491228 0.0921052631578947 0
