"carIns" "cheAbi" "cheMyd" "cheSer" "chrPic" "cuoMcc" "derCor" "derMaw" "emySub" "gopAga" "malTer" "mesTub" "pelCas" "pelSin" "plaMeg" "terMex"
"carIns" 0 0.110197368421053 0.116776315789474 0.110197368421053 0.113486842105263 0.115131578947368 0.115131578947368 0.113486842105263 0.134868421052632 0.108552631578947 0.113486842105263 0.136513157894737 0.136513157894737 0.182565789473684 0.365131578947368 0.241776315789474
"cheAbi" 0.110197368421053 0 0.0509868421052632 0.0427631578947368 0.0279605263157895 0.0279605263157895 0.0509868421052632 0.055921052631579 0.0822368421052632 0.0213815789473684 0.0279605263157895 0.0871710526315789 0.0904605263157895 0.161184210526316 0.335526315789474 0.171052631578947
"cheMyd" 0.116776315789474 0.0509868421052632 0 0.0608552631578947 0.0575657894736842 0.0592105263157895 0.0230263157894737 0.0657894736842105 0.0921052631578947 0.055921052631579 0.0542763157894737 0.0953947368421053 0.0970394736842105 0.162828947368421 0.360197368421053 0.189144736842105
"cheSer" 0.110197368421053 0.0427631578947368 0.0608552631578947 0 0.0526315789473684 0.0444078947368421 0.0542763157894737 0.0674342105263158 0.0789473684210526 0.0411184210526316 0.0526315789473684 0.0921052631578947 0.0953947368421053 0.159539473684211 0.356907894736842 0.177631578947368
"chrPic" 0.113486842105263 0.0279605263157895 0.0575657894736842 0.0526315789473684 0 0.0361842105263158 0.055921052631579 0.0608552631578947 0.0904605263157895 0.0296052631578947 0.00328947368421053 0.0986842105263158 0.0953947368421053 0.161184210526316 0.34375 0.15625
"cuoMcc" 0.115131578947368 0.0279605263157895 0.0592105263157895 0.0444078947368421 0.0361842105263158 0 0.0592105263157895 0.0608552631578947 0.0888157894736842 0.0263157894736842 0.0361842105263158 0.0970394736842105 0.0953947368421053 0.166118421052632 0.34375 0.169407894736842
"derCor" 0.115131578947368 0.0509868421052632 0.0230263157894737 0.0542763157894737 0.055921052631579 0.0592105263157895 0 0.0756578947368421 0.0921052631578947 0.0526315789473684 0.0575657894736842 0.0986842105263158 0.0904605263157895 0.161184210526316 0.358552631578947 0.1875
"derMaw" 0.113486842105263 0.055921052631579 0.0657894736842105 0.0674342105263158 0.0608552631578947 0.0608552631578947 0.0756578947368421 0 0.101973684210526 0.0575657894736842 0.0608552631578947 0.110197368421053 0.100328947368421 0.167763157894737 0.353618421052632 0.192434210526316
"emySub" 0.134868421052632 0.0822368421052632 0.0921052631578947 0.0789473684210526 0.0904605263157895 0.0888157894736842 0.0921052631578947 0.101973684210526 0 0.0805921052631579 0.0871710526315789 0.0592105263157895 0.0740131578947368 0.169407894736842 0.350328947368421 0.226973684210526
"gopAga" 0.108552631578947 0.0213815789473684 0.055921052631579 0.0411184210526316 0.0296052631578947 0.0263157894736842 0.0526315789473684 0.0575657894736842 0.0805921052631579 0 0.0296052631578947 0.0888157894736842 0.0904605263157895 0.154605263157895 0.342105263157895 0.166118421052632
"malTer" 0.113486842105263 0.0279605263157895 0.0542763157894737 0.0526315789473684 0.00328947368421053 0.0361842105263158 0.0575657894736842 0.0608552631578947 0.0871710526315789 0.0296052631578947 0 0.0953947368421053 0.0953947368421053 0.164473684210526 0.34375 0.15625
"mesTub" 0.136513157894737 0.0871710526315789 0.0953947368421053 0.0921052631578947 0.0986842105263158 0.0970394736842105 0.0986842105263158 0.110197368421053 0.0592105263157895 0.0888157894736842 0.0953947368421053 0 0.0756578947368421 0.172697368421053 0.355263157894737 0.235197368421053
"pelCas" 0.136513157894737 0.0904605263157895 0.0970394736842105 0.0953947368421053 0.0953947368421053 0.0953947368421053 0.0904605263157895 0.100328947368421 0.0740131578947368 0.0904605263157895 0.0953947368421053 0.0756578947368421 0 0.1875 0.356907894736842 0.225328947368421
"pelSin" 0.182565789473684 0.161184210526316 0.162828947368421 0.159539473684211 0.161184210526316 0.166118421052632 0.161184210526316 0.167763157894737 0.169407894736842 0.154605263157895 0.164473684210526 0.172697368421053 0.1875 0 0.416118421052632 0.28453947368421
"plaMeg" 0.365131578947368 0.335526315789474 0.360197368421053 0.356907894736842 0.34375 0.34375 0.358552631578947 0.353618421052632 0.350328947368421 0.342105263157895 0.34375 0.355263157894737 0.356907894736842 0.416118421052632 0 0.478618421052632
"terMex" 0.241776315789474 0.171052631578947 0.189144736842105 0.177631578947368 0.15625 0.169407894736842 0.1875 0.192434210526316 0.226973684210526 0.166118421052632 0.15625 0.235197368421053 0.225328947368421 0.28453947368421 0.478618421052632 0
