"carIns" "cheAbi" "cheMyd" "cheSer" "chrPic" "cuoAmb" "cuoMcc" "derCor" "derMaw" "gopAga" "malTer" "mesTub" "pelCas" "pelSin" "plaMeg" "podExp" "terMex"
"carIns" 0 0.0839506172839506 0.0790123456790123 0.091358024691358 0.0962962962962963 0.0864197530864197 0.0839506172839506 0.0765432098765432 0.0888888888888889 0.0864197530864197 0.0987654320987654 0.0864197530864197 0.0839506172839506 0.516049382716049 0.0888888888888889 0.091358024691358 0.0938271604938272
"cheAbi" 0.0839506172839506 0 0.0320987654320988 0.0345679012345679 0.0345679012345679 0.0271604938271605 0.0271604938271605 0.0395061728395062 0.0444444444444444 0.017283950617284 0.037037037037037 0.0716049382716049 0.0716049382716049 0.516049382716049 0.0296296296296296 0.091358024691358 0.0320987654320988
"cheMyd" 0.0790123456790123 0.0320987654320988 0 0.0345679012345679 0.037037037037037 0.0345679012345679 0.0296296296296296 0.00987654320987654 0.0395061728395062 0.0320987654320988 0.0395061728395062 0.0691358024691358 0.0641975308641975 0.525925925925926 0.0296296296296296 0.0839506172839506 0.0345679012345679
"cheSer" 0.091358024691358 0.0345679012345679 0.0345679012345679 0 0.0469135802469136 0.0395061728395062 0.0395061728395062 0.0395061728395062 0.0444444444444444 0.0395061728395062 0.0493827160493827 0.0691358024691358 0.0691358024691358 0.523456790123457 0.0345679012345679 0.0888888888888889 0.0444444444444444
"chrPic" 0.0962962962962963 0.0345679012345679 0.037037037037037 0.0469135802469136 0 0.0320987654320988 0.0320987654320988 0.0469135802469136 0.0493827160493827 0.0320987654320988 0.00246913580246914 0.0790123456790123 0.0765432098765432 0.518518518518518 0.037037037037037 0.101234567901235 0.00740740740740741
"cuoAmb" 0.0864197530864197 0.0271604938271605 0.0345679012345679 0.0395061728395062 0.0320987654320988 0 0.0148148148148148 0.0444444444444444 0.0469135802469136 0.0246913580246914 0.0345679012345679 0.0666666666666667 0.0691358024691358 0.518518518518518 0.0296296296296296 0.0888888888888889 0.0296296296296296
"cuoMcc" 0.0839506172839506 0.0271604938271605 0.0296296296296296 0.0395061728395062 0.0320987654320988 0.0148148148148148 0 0.0395061728395062 0.037037037037037 0.0246913580246914 0.0345679012345679 0.0691358024691358 0.0641975308641975 0.523456790123457 0.0246913580246914 0.0839506172839506 0.0296296296296296
"derCor" 0.0765432098765432 0.0395061728395062 0.00987654320987654 0.0395061728395062 0.0469135802469136 0.0444444444444444 0.0395061728395062 0 0.0493827160493827 0.0419753086419753 0.0493827160493827 0.0691358024691358 0.0641975308641975 0.518518518518518 0.0345679012345679 0.0839506172839506 0.0444444444444444
"derMaw" 0.0888888888888889 0.0444444444444444 0.0395061728395062 0.0444444444444444 0.0493827160493827 0.0469135802469136 0.037037037037037 0.0493827160493827 0 0.0469135802469136 0.0518518518518519 0.0790123456790123 0.0740740740740741 0.520987654320988 0.0444444444444444 0.091358024691358 0.0469135802469136
"gopAga" 0.0864197530864197 0.017283950617284 0.0320987654320988 0.0395061728395062 0.0320987654320988 0.0246913580246914 0.0246913580246914 0.0419753086419753 0.0469135802469136 0 0.0345679012345679 0.0617283950617284 0.0691358024691358 0.520987654320988 0.0296296296296296 0.0864197530864197 0.0296296296296296
"malTer" 0.0987654320987654 0.037037037037037 0.0395061728395062 0.0493827160493827 0.00246913580246914 0.0345679012345679 0.0345679012345679 0.0493827160493827 0.0518518518518519 0.0345679012345679 0 0.0790123456790123 0.0790123456790123 0.518518518518518 0.0395061728395062 0.103703703703704 0.00987654320987654
"mesTub" 0.0864197530864197 0.0716049382716049 0.0691358024691358 0.0691358024691358 0.0790123456790123 0.0666666666666667 0.0691358024691358 0.0691358024691358 0.0790123456790123 0.0617283950617284 0.0790123456790123 0 0.0518518518518519 0.51358024691358 0.0691358024691358 0.0641975308641975 0.0765432098765432
"pelCas" 0.0839506172839506 0.0716049382716049 0.0641975308641975 0.0691358024691358 0.0765432098765432 0.0691358024691358 0.0641975308641975 0.0641975308641975 0.0740740740740741 0.0691358024691358 0.0790123456790123 0.0518518518518519 0 0.520987654320988 0.0641975308641975 0.0469135802469136 0.0740740740740741
"pelSin" 0.516049382716049 0.516049382716049 0.525925925925926 0.523456790123457 0.518518518518518 0.518518518518518 0.523456790123457 0.518518518518518 0.520987654320988 0.520987654320988 0.518518518518518 0.51358024691358 0.520987654320988 0 0.516049382716049 0.516049382716049 0.516049382716049
"plaMeg" 0.0888888888888889 0.0296296296296296 0.0296296296296296 0.0345679012345679 0.037037037037037 0.0296296296296296 0.0246913580246914 0.0345679012345679 0.0444444444444444 0.0296296296296296 0.0395061728395062 0.0691358024691358 0.0641975308641975 0.516049382716049 0 0.0839506172839506 0.0345679012345679
"podExp" 0.091358024691358 0.091358024691358 0.0839506172839506 0.0888888888888889 0.101234567901235 0.0888888888888889 0.0839506172839506 0.0839506172839506 0.091358024691358 0.0864197530864197 0.103703703703704 0.0641975308641975 0.0469135802469136 0.516049382716049 0.0839506172839506 0 0.0987654320987654
"terMex" 0.0938271604938272 0.0320987654320988 0.0345679012345679 0.0444444444444444 0.00740740740740741 0.0296296296296296 0.0296296296296296 0.0444444444444444 0.0469135802469136 0.0296296296296296 0.00987654320987654 0.0765432098765432 0.0740740740740741 0.516049382716049 0.0345679012345679 0.0987654320987654 0
