"carIns" "cheAbi" "cheMyd" "cheSer" "chrPic" "cuoAmb" "cuoMcc" "derCor" "derMaw" "emySub" "gopAga" "malTer" "mesTub" "pelCas" "pelSin" "plaMeg" "podExp" "terMex"
"carIns" 0 0.104895104895105 0.0955710955710956 0.0932400932400932 0.0955710955710956 0.0955710955710956 0.0979020979020979 0.188811188811189 0.17948717948718 0.102564102564103 0.102564102564103 0.0955710955710956 0.102564102564103 0.116550116550117 0.0885780885780886 0.0979020979020979 0.188811188811189 0.0932400932400932
"cheAbi" 0.104895104895105 0 0.0372960372960373 0.0256410256410256 0.0163170163170163 0.0116550116550117 0.00932400932400932 0.144522144522145 0.130536130536131 0.0559440559440559 0.020979020979021 0.020979020979021 0.0652680652680653 0.0792540792540792 0.0559440559440559 0.0186480186480186 0.158508158508158 0.013986013986014
"cheMyd" 0.0955710955710956 0.0372960372960373 0 0.0256410256410256 0.0256410256410256 0.0303030303030303 0.027972027972028 0.146853146853147 0.137529137529138 0.048951048951049 0.041958041958042 0.0256410256410256 0.0536130536130536 0.0699300699300699 0.0536130536130536 0.027972027972028 0.165501165501166 0.0233100233100233
"cheSer" 0.0932400932400932 0.0256410256410256 0.0256410256410256 0 0.013986013986014 0.0186480186480186 0.0163170163170163 0.132867132867133 0.123543123543124 0.0372960372960373 0.034965034965035 0.0186480186480186 0.0466200466200466 0.0582750582750583 0.041958041958042 0.0163170163170163 0.153846153846154 0.0116550116550117
"chrPic" 0.0955710955710956 0.0163170163170163 0.0256410256410256 0.013986013986014 0 0.00932400932400932 0.00699300699300699 0.13986013986014 0.123543123543124 0.0442890442890443 0.0256410256410256 0.00932400932400932 0.0536130536130536 0.0675990675990676 0.0466200466200466 0.00699300699300699 0.156177156177156 0.00233100233100233
"cuoAmb" 0.0955710955710956 0.0116550116550117 0.0303030303030303 0.0186480186480186 0.00932400932400932 0 0.00233100233100233 0.135198135198135 0.121212121212121 0.048951048951049 0.020979020979021 0.013986013986014 0.0582750582750583 0.0722610722610723 0.048951048951049 0.0116550116550117 0.153846153846154 0.00699300699300699
"cuoMcc" 0.0979020979020979 0.00932400932400932 0.027972027972028 0.0163170163170163 0.00699300699300699 0.00233100233100233 0 0.137529137529138 0.123543123543124 0.0466200466200466 0.0186480186480186 0.0116550116550117 0.0559440559440559 0.0699300699300699 0.0466200466200466 0.00932400932400932 0.153846153846154 0.00466200466200466
"derCor" 0.188811188811189 0.144522144522145 0.146853146853147 0.132867132867133 0.13986013986014 0.135198135198135 0.137529137529138 0 0.0909090909090909 0.158508158508158 0.149184149184149 0.144522144522145 0.163170163170163 0.17948717948718 0.163170163170163 0.142191142191142 0.17948717948718 0.137529137529138
"derMaw" 0.17948717948718 0.130536130536131 0.137529137529138 0.123543123543124 0.123543123543124 0.121212121212121 0.123543123543124 0.0909090909090909 0 0.149184149184149 0.135198135198135 0.130536130536131 0.156177156177156 0.167832167832168 0.151515151515152 0.128205128205128 0.165501165501166 0.123543123543124
"emySub" 0.102564102564103 0.0559440559440559 0.048951048951049 0.0372960372960373 0.0442890442890443 0.048951048951049 0.0466200466200466 0.158508158508158 0.149184149184149 0 0.0582750582750583 0.0442890442890443 0.0233100233100233 0.0559440559440559 0.0559440559440559 0.0466200466200466 0.160839160839161 0.041958041958042
"gopAga" 0.102564102564103 0.020979020979021 0.041958041958042 0.034965034965035 0.0256410256410256 0.020979020979021 0.0186480186480186 0.149184149184149 0.135198135198135 0.0582750582750583 0 0.0256410256410256 0.0675990675990676 0.0769230769230769 0.0629370629370629 0.027972027972028 0.165501165501166 0.0233100233100233
"malTer" 0.0955710955710956 0.020979020979021 0.0256410256410256 0.0186480186480186 0.00932400932400932 0.013986013986014 0.0116550116550117 0.144522144522145 0.130536130536131 0.0442890442890443 0.0256410256410256 0 0.0512820512820513 0.0629370629370629 0.0466200466200466 0.0116550116550117 0.160839160839161 0.00699300699300699
"mesTub" 0.102564102564103 0.0652680652680653 0.0536130536130536 0.0466200466200466 0.0536130536130536 0.0582750582750583 0.0559440559440559 0.163170163170163 0.156177156177156 0.0233100233100233 0.0675990675990676 0.0512820512820513 0 0.0699300699300699 0.0699300699300699 0.0559440559440559 0.163170163170163 0.0512820512820513
"pelCas" 0.116550116550117 0.0792540792540792 0.0699300699300699 0.0582750582750583 0.0675990675990676 0.0722610722610723 0.0699300699300699 0.17948717948718 0.167832167832168 0.0559440559440559 0.0769230769230769 0.0629370629370629 0.0699300699300699 0 0.0722610722610723 0.0699300699300699 0.177156177156177 0.0652680652680653
"pelSin" 0.0885780885780886 0.0559440559440559 0.0536130536130536 0.041958041958042 0.0466200466200466 0.048951048951049 0.0466200466200466 0.163170163170163 0.151515151515152 0.0559440559440559 0.0629370629370629 0.0466200466200466 0.0699300699300699 0.0722610722610723 0 0.048951048951049 0.163170163170163 0.0442890442890443
"plaMeg" 0.0979020979020979 0.0186480186480186 0.027972027972028 0.0163170163170163 0.00699300699300699 0.0116550116550117 0.00932400932400932 0.142191142191142 0.128205128205128 0.0466200466200466 0.027972027972028 0.0116550116550117 0.0559440559440559 0.0699300699300699 0.048951048951049 0 0.158508158508158 0.00466200466200466
"podExp" 0.188811188811189 0.158508158508158 0.165501165501166 0.153846153846154 0.156177156177156 0.153846153846154 0.153846153846154 0.17948717948718 0.165501165501166 0.160839160839161 0.165501165501166 0.160839160839161 0.163170163170163 0.177156177156177 0.163170163170163 0.158508158508158 0 0.153846153846154
"terMex" 0.0932400932400932 0.013986013986014 0.0233100233100233 0.0116550116550117 0.00233100233100233 0.00699300699300699 0.00466200466200466 0.137529137529138 0.123543123543124 0.041958041958042 0.0233100233100233 0.00699300699300699 0.0512820512820513 0.0652680652680653 0.0442890442890443 0.00466200466200466 0.153846153846154 0
