"carIns" "cheAbi" "cheMyd" "cheSer" "chrPic" "cuoAmb" "cuoMcc" "derMaw" "emySub" "gopAga" "malTer" "mesTub" "pelCas" "pelSin" "plaMeg" "podExp" "terMex"
"carIns" 0 0.103498542274052 0.0827259475218659 0.0947521865889213 0.0674198250728863 0.162900874635569 0.155612244897959 0.138848396501458 0.0692419825072886 0.0670553935860058 0.0688775510204082 0.0699708454810496 0.0750728862973761 0.0849125364431487 0.0637755102040816 0.0743440233236152 0.17930029154519
"cheAbi" 0.103498542274052 0 0.0634110787172012 0.0863702623906706 0.0528425655976676 0.163629737609329 0.141034985422741 0.122084548104956 0.07033527696793 0.0495626822157434 0.053935860058309 0.0732507288629738 0.0776239067055394 0.0936588921282799 0.0495626822157434 0.0841836734693878 0.1716472303207
"cheMyd" 0.0827259475218659 0.0634110787172012 0 0.060131195335277 0.0338921282798834 0.151967930029155 0.123906705539359 0.100947521865889 0.0481049562682216 0.0364431486880466 0.0349854227405248 0.049198250728863 0.0568513119533528 0.0706997084548105 0.032069970845481 0.0645043731778426 0.152696793002915
"cheSer" 0.0947521865889213 0.0863702623906706 0.060131195335277 0 0.0459183673469388 0.162172011661808 0.146501457725948 0.122813411078717 0.0579446064139942 0.0470116618075802 0.0470116618075802 0.0590379008746356 0.0670553935860058 0.092930029154519 0.043002915451895 0.0728862973760933 0.145772594752187
"chrPic" 0.0674198250728863 0.0528425655976676 0.0338921282798834 0.0459183673469388 0 0.129737609329446 0.112609329446064 0.0936588921282799 0.0306122448979592 0.0134839650145773 0.00182215743440233 0.032798833819242 0.0371720116618076 0.0670553935860058 0.0098396501457726 0.0451895043731778 0.128644314868805
"cuoAmb" 0.162900874635569 0.163629737609329 0.151967930029155 0.162172011661808 0.129737609329446 0 0.200801749271137 0.19497084548105 0.145043731778426 0.127186588921283 0.130102040816327 0.146137026239067 0.150145772594752 0.174562682215743 0.126822157434402 0.15634110787172 0.24963556851312
"cuoMcc" 0.155612244897959 0.141034985422741 0.123906705539359 0.146501457725948 0.112609329446064 0.200801749271137 0 0.150510204081633 0.129737609329446 0.111880466472303 0.113702623906706 0.130466472303207 0.134110787172012 0.146865889212828 0.111880466472303 0.142857142857143 0.231413994169096
"derMaw" 0.138848396501458 0.122084548104956 0.100947521865889 0.122813411078717 0.0936588921282799 0.19497084548105 0.150510204081633 0 0.10932944606414 0.0969387755102041 0.0954810495626822 0.10932944606414 0.114795918367347 0.127186588921283 0.0932944606413994 0.122448979591837 0.211734693877551
"emySub" 0.0692419825072886 0.07033527696793 0.0481049562682216 0.0579446064139942 0.0306122448979592 0.145043731778426 0.129737609329446 0.10932944606414 0 0.0324344023323615 0.0317055393586006 0.0149416909620991 0.0313411078717201 0.0688775510204082 0.0258746355685131 0.0389941690962099 0.142857142857143
"gopAga" 0.0670553935860058 0.0495626822157434 0.0364431486880466 0.0470116618075802 0.0134839650145773 0.127186588921283 0.111880466472303 0.0969387755102041 0.0324344023323615 0 0.0145772594752187 0.0353498542274052 0.0400874635568513 0.0670553935860058 0.0116618075801749 0.0477405247813411 0.13301749271137
"malTer" 0.0688775510204082 0.053935860058309 0.0349854227405248 0.0470116618075802 0.00182215743440233 0.130102040816327 0.113702623906706 0.0954810495626822 0.0317055393586006 0.0145772594752187 0 0.0338921282798834 0.0386297376093294 0.0681486880466472 0.010932944606414 0.0448250728862974 0.129008746355685
"mesTub" 0.0699708454810496 0.0732507288629738 0.049198250728863 0.0590379008746356 0.032798833819242 0.146137026239067 0.130466472303207 0.10932944606414 0.0149416909620991 0.0353498542274052 0.0338921282798834 0 0.0346209912536443 0.0692419825072886 0.0295189504373178 0.043002915451895 0.147594752186589
"pelCas" 0.0750728862973761 0.0776239067055394 0.0568513119533528 0.0670553935860058 0.0371720116618076 0.150145772594752 0.134110787172012 0.114795918367347 0.0313411078717201 0.0400874635568513 0.0386297376093294 0.0346209912536443 0 0.0783527696793003 0.0346209912536443 0.0419096209912536 0.151603498542274
"pelSin" 0.0849125364431487 0.0936588921282799 0.0706997084548105 0.092930029154519 0.0670553935860058 0.174562682215743 0.146865889212828 0.127186588921283 0.0688775510204082 0.0670553935860058 0.0681486880466472 0.0692419825072886 0.0783527696793003 0 0.0626822157434402 0.0787172011661808 0.17966472303207
"plaMeg" 0.0637755102040816 0.0495626822157434 0.032069970845481 0.043002915451895 0.0098396501457726 0.126822157434402 0.111880466472303 0.0932944606413994 0.0258746355685131 0.0116618075801749 0.010932944606414 0.0295189504373178 0.0346209912536443 0.0626822157434402 0 0.0422740524781341 0.129008746355685
"podExp" 0.0743440233236152 0.0841836734693878 0.0645043731778426 0.0728862973760933 0.0451895043731778 0.15634110787172 0.142857142857143 0.122448979591837 0.0389941690962099 0.0477405247813411 0.0448250728862974 0.043002915451895 0.0419096209912536 0.0787172011661808 0.0422740524781341 0 0.152332361516035
"terMex" 0.17930029154519 0.1716472303207 0.152696793002915 0.145772594752187 0.128644314868805 0.24963556851312 0.231413994169096 0.211734693877551 0.142857142857143 0.13301749271137 0.129008746355685 0.147594752186589 0.151603498542274 0.17966472303207 0.129008746355685 0.152332361516035 0
