"carIns" "cheAbi" "cheMyd" "cheSer" "chrPic" "cuoMcc" "derCor" "derMaw" "emySub" "gopAga" "malTer" "mesTub" "pelCas" "pelSin" "plaMeg" "podExp"
"carIns" 0 0.0743405275779376 0.0695443645083933 0.258992805755396 0.0695443645083933 0.0647482014388489 0.0719424460431655 0.0767386091127098 0.0623501199040767 0.0671462829736211 0.0695443645083933 0.0671462829736211 0.079136690647482 0.0695443645083933 0.0623501199040767 0.0815347721822542
"cheAbi" 0.0743405275779376 0 0.0335731414868106 0.239808153477218 0.0335731414868106 0.026378896882494 0.0359712230215827 0.052757793764988 0.0599520383693046 0.0191846522781775 0.0335731414868106 0.0599520383693046 0.0743405275779376 0.0623501199040767 0.0239808153477218 0.0743405275779376
"cheMyd" 0.0695443645083933 0.0335731414868106 0 0.237410071942446 0.026378896882494 0.0239808153477218 0.0143884892086331 0.0407673860911271 0.0503597122302158 0.026378896882494 0.026378896882494 0.0479616306954436 0.0623501199040767 0.052757793764988 0.0167865707434053 0.0647482014388489
"cheSer" 0.258992805755396 0.239808153477218 0.237410071942446 0 0.235011990407674 0.232613908872902 0.239808153477218 0.232613908872902 0.251798561151079 0.232613908872902 0.235011990407674 0.251798561151079 0.268585131894484 0.237410071942446 0.225419664268585 0.258992805755396
"chrPic" 0.0695443645083933 0.0335731414868106 0.026378896882494 0.235011990407674 0 0.0215827338129496 0.0287769784172662 0.0407673860911271 0.052757793764988 0.0239808153477218 0 0.052757793764988 0.0671462829736211 0.052757793764988 0.0143884892086331 0.0695443645083933
"cuoMcc" 0.0647482014388489 0.026378896882494 0.0239808153477218 0.232613908872902 0.0215827338129496 0 0.0215827338129496 0.0383693045563549 0.0455635491606715 0.0167865707434053 0.0215827338129496 0.0455635491606715 0.0599520383693046 0.0503597122302158 0.0119904076738609 0.0623501199040767
"derCor" 0.0719424460431655 0.0359712230215827 0.0143884892086331 0.239808153477218 0.0287769784172662 0.0215827338129496 0 0.0455635491606715 0.052757793764988 0.0287769784172662 0.0287769784172662 0.052757793764988 0.0647482014388489 0.0575539568345324 0.0191846522781775 0.0671462829736211
"derMaw" 0.0767386091127098 0.052757793764988 0.0407673860911271 0.232613908872902 0.0407673860911271 0.0383693045563549 0.0455635491606715 0 0.0599520383693046 0.0455635491606715 0.0407673860911271 0.0599520383693046 0.0743405275779376 0.0647482014388489 0.0359712230215827 0.079136690647482
"emySub" 0.0623501199040767 0.0599520383693046 0.0503597122302158 0.251798561151079 0.052757793764988 0.0455635491606715 0.052757793764988 0.0599520383693046 0 0.052757793764988 0.052757793764988 0.0287769784172662 0.052757793764988 0.052757793764988 0.0431654676258993 0.0551558752997602
"gopAga" 0.0671462829736211 0.0191846522781775 0.026378896882494 0.232613908872902 0.0239808153477218 0.0167865707434053 0.0287769784172662 0.0455635491606715 0.052757793764988 0 0.0239808153477218 0.052757793764988 0.0671462829736211 0.0503597122302158 0.0143884892086331 0.0671462829736211
"malTer" 0.0695443645083933 0.0335731414868106 0.026378896882494 0.235011990407674 0 0.0215827338129496 0.0287769784172662 0.0407673860911271 0.052757793764988 0.0239808153477218 0 0.052757793764988 0.0671462829736211 0.052757793764988 0.0143884892086331 0.0695443645083933
"mesTub" 0.0671462829736211 0.0599520383693046 0.0479616306954436 0.251798561151079 0.052757793764988 0.0455635491606715 0.052757793764988 0.0599520383693046 0.0287769784172662 0.052757793764988 0.052757793764988 0 0.052757793764988 0.0503597122302158 0.0431654676258993 0.0551558752997602
"pelCas" 0.079136690647482 0.0743405275779376 0.0623501199040767 0.268585131894484 0.0671462829736211 0.0599520383693046 0.0647482014388489 0.0743405275779376 0.052757793764988 0.0671462829736211 0.0671462829736211 0.052757793764988 0 0.0743405275779376 0.0575539568345324 0.0503597122302158
"pelSin" 0.0695443645083933 0.0623501199040767 0.052757793764988 0.237410071942446 0.052757793764988 0.0503597122302158 0.0575539568345324 0.0647482014388489 0.052757793764988 0.0503597122302158 0.052757793764988 0.0503597122302158 0.0743405275779376 0 0.0479616306954436 0.0767386091127098
"plaMeg" 0.0623501199040767 0.0239808153477218 0.0167865707434053 0.225419664268585 0.0143884892086331 0.0119904076738609 0.0191846522781775 0.0359712230215827 0.0431654676258993 0.0143884892086331 0.0143884892086331 0.0431654676258993 0.0575539568345324 0.0479616306954436 0 0.0599520383693046
"podExp" 0.0815347721822542 0.0743405275779376 0.0647482014388489 0.258992805755396 0.0695443645083933 0.0623501199040767 0.0671462829736211 0.079136690647482 0.0551558752997602 0.0671462829736211 0.0695443645083933 0.0551558752997602 0.0503597122302158 0.0767386091127098 0.0599520383693046 0
