"carIns" "cheAbi" "cheMyd" "cheSer" "chrPic" "cuoMcc" "derCor" "derMaw" "emySub" "gopAga" "pelCas" "plaMeg" "podExp" "terMex"
"carIns" 0 0.108045977011494 0.273563218390805 0.114942528735632 0.117241379310345 0.117241379310345 0.126436781609195 0.128735632183908 0.142528735632184 0.110344827586207 0.273563218390805 0.119540229885057 0.154022988505747 0.114942528735632
"cheAbi" 0.108045977011494 0 0.220689655172414 0.0298850574712644 0.0275862068965517 0.0206896551724138 0.0367816091954023 0.0597701149425287 0.0827586206896552 0.0252873563218391 0.245977011494253 0.0390804597701149 0.108045977011494 0.0275862068965517
"cheMyd" 0.273563218390805 0.220689655172414 0 0.216091954022989 0.211494252873563 0.222988505747126 0.204597701149425 0.229885057471264 0.257471264367816 0.229885057471264 0.296551724137931 0.216091954022989 0.268965517241379 0.211494252873563
"cheSer" 0.114942528735632 0.0298850574712644 0.216091954022989 0 0.0252873563218391 0.0367816091954023 0.0298850574712644 0.0459770114942529 0.0919540229885057 0.0459770114942529 0.236781609195402 0.032183908045977 0.110344827586207 0.0206896551724138
"chrPic" 0.117241379310345 0.0275862068965517 0.211494252873563 0.0252873563218391 0 0.0344827586206897 0.032183908045977 0.0528735632183908 0.0827586206896552 0.0436781609195402 0.236781609195402 0.0298850574712644 0.101149425287356 0.0137931034482759
"cuoMcc" 0.117241379310345 0.0206896551724138 0.222988505747126 0.0367816091954023 0.0344827586206897 0 0.0482758620689655 0.0620689655172414 0.0919540229885057 0.0275862068965517 0.248275862068966 0.0459770114942529 0.114942528735632 0.0344827586206897
"derCor" 0.126436781609195 0.0367816091954023 0.204597701149425 0.0298850574712644 0.032183908045977 0.0482758620689655 0 0.0574712643678161 0.096551724137931 0.0574712643678161 0.245977011494253 0.0390804597701149 0.11264367816092 0.032183908045977
"derMaw" 0.128735632183908 0.0597701149425287 0.229885057471264 0.0459770114942529 0.0528735632183908 0.0620689655172414 0.0574712643678161 0 0.105747126436782 0.0758620689655172 0.255172413793103 0.0597701149425287 0.119540229885057 0.0436781609195402
"emySub" 0.142528735632184 0.0827586206896552 0.257471264367816 0.0919540229885057 0.0827586206896552 0.0919540229885057 0.096551724137931 0.105747126436782 0 0.0896551724137931 0.268965517241379 0.0919540229885057 0.12183908045977 0.0850574712643678
"gopAga" 0.110344827586207 0.0252873563218391 0.229885057471264 0.0459770114942529 0.0436781609195402 0.0275862068965517 0.0574712643678161 0.0758620689655172 0.0896551724137931 0 0.257471264367816 0.0551724137931034 0.119540229885057 0.0436781609195402
"pelCas" 0.273563218390805 0.245977011494253 0.296551724137931 0.236781609195402 0.236781609195402 0.248275862068966 0.245977011494253 0.255172413793103 0.268965517241379 0.257471264367816 0 0.241379310344828 0.280459770114943 0.236781609195402
"plaMeg" 0.119540229885057 0.0390804597701149 0.216091954022989 0.032183908045977 0.0298850574712644 0.0459770114942529 0.0390804597701149 0.0597701149425287 0.0919540229885057 0.0551724137931034 0.241379310344828 0 0.110344827586207 0.0252873563218391
"podExp" 0.154022988505747 0.108045977011494 0.268965517241379 0.110344827586207 0.101149425287356 0.114942528735632 0.11264367816092 0.119540229885057 0.12183908045977 0.119540229885057 0.280459770114943 0.110344827586207 0 0.103448275862069
"terMex" 0.114942528735632 0.0275862068965517 0.211494252873563 0.0206896551724138 0.0137931034482759 0.0344827586206897 0.032183908045977 0.0436781609195402 0.0850574712643678 0.0436781609195402 0.236781609195402 0.0252873563218391 0.103448275862069 0
