"carIns" "cheAbi" "cheMyd" "cheSer" "chrPic" "cuoAmb" "derCor" "emySub" "gopAga" "malTer" "mesTub" "pelSin" "plaMeg" "podExp" "terMex"
"carIns" 0 0.0664010624169987 0.0571049136786189 0.050464807436919 0.0544488711819389 0.0571049136786189 0.0610889774236388 0.185922974767596 0.0597609561752988 0.0544488711819389 0.181938911022576 0.050464807436919 0.0464807436918991 0.0796812749003984 0.0557768924302789
"cheAbi" 0.0664010624169987 0 0.0411686586985392 0.0371845949535193 0.0278884462151394 0.0239043824701195 0.0464807436918991 0.169986719787517 0.0212483399734396 0.0305444887118194 0.169986719787517 0.049136786188579 0.0292164674634794 0.0624169986719788 0.0318725099601594
"cheMyd" 0.0571049136786189 0.0411686586985392 0 0.0278884462151394 0.0278884462151394 0.0305444887118194 0.0159362549800797 0.169986719787517 0.0371845949535193 0.0278884462151394 0.168658698539177 0.050464807436919 0.0292164674634794 0.0730411686586985 0.0292164674634794
"cheSer" 0.050464807436919 0.0371845949535193 0.0278884462151394 0 0.0265604249667995 0.0278884462151394 0.0332005312084993 0.167330677290837 0.0305444887118194 0.0265604249667995 0.167330677290837 0.0464807436918991 0.0252324037184595 0.0664010624169987 0.0278884462151394
"chrPic" 0.0544488711819389 0.0278884462151394 0.0278884462151394 0.0265604249667995 0 0.0199203187250996 0.0332005312084993 0.163346613545817 0.0225763612217795 0.00531208499335989 0.164674634794157 0.049136786188579 0.0172642762284197 0.0624169986719788 0.00929614873837981
"cuoAmb" 0.0571049136786189 0.0239043824701195 0.0305444887118194 0.0278884462151394 0.0199203187250996 0 0.0371845949535193 0.160690571049137 0.0212483399734396 0.0199203187250996 0.162018592297477 0.0451527224435591 0.0185922974767596 0.0624169986719788 0.0212483399734396
"derCor" 0.0610889774236388 0.0464807436918991 0.0159362549800797 0.0332005312084993 0.0332005312084993 0.0371845949535193 0 0.173970783532537 0.0411686586985392 0.0332005312084993 0.171314741035857 0.0557768924302789 0.0332005312084993 0.0770252324037185 0.0345285524568393
"emySub" 0.185922974767596 0.169986719787517 0.169986719787517 0.167330677290837 0.163346613545817 0.160690571049137 0.173970783532537 0 0.166002656042497 0.166002656042497 0.176626826029216 0.187250996015936 0.166002656042497 0.180610889774236 0.167330677290837
"gopAga" 0.0597609561752988 0.0212483399734396 0.0371845949535193 0.0305444887118194 0.0225763612217795 0.0212483399734396 0.0411686586985392 0.166002656042497 0 0.0252324037184595 0.167330677290837 0.050464807436919 0.0212483399734396 0.0584329349269588 0.0265604249667995
"malTer" 0.0544488711819389 0.0305444887118194 0.0278884462151394 0.0265604249667995 0.00531208499335989 0.0199203187250996 0.0332005312084993 0.166002656042497 0.0252324037184595 0 0.166002656042497 0.049136786188579 0.0172642762284197 0.0650730411686587 0.00664010624169987
"mesTub" 0.181938911022576 0.169986719787517 0.168658698539177 0.167330677290837 0.164674634794157 0.162018592297477 0.171314741035857 0.176626826029216 0.167330677290837 0.166002656042497 0 0.172642762284197 0.167330677290837 0.175298804780877 0.168658698539177
"pelSin" 0.050464807436919 0.049136786188579 0.050464807436919 0.0464807436918991 0.049136786188579 0.0451527224435591 0.0557768924302789 0.187250996015936 0.050464807436919 0.049136786188579 0.172642762284197 0 0.047808764940239 0.0730411686586985 0.050464807436919
"plaMeg" 0.0464807436918991 0.0292164674634794 0.0292164674634794 0.0252324037184595 0.0172642762284197 0.0185922974767596 0.0332005312084993 0.166002656042497 0.0212483399734396 0.0172642762284197 0.167330677290837 0.047808764940239 0 0.0610889774236388 0.0185922974767596
"podExp" 0.0796812749003984 0.0624169986719788 0.0730411686586985 0.0664010624169987 0.0624169986719788 0.0624169986719788 0.0770252324037185 0.180610889774236 0.0584329349269588 0.0650730411686587 0.175298804780877 0.0730411686586985 0.0610889774236388 0 0.0664010624169987
"terMex" 0.0557768924302789 0.0318725099601594 0.0292164674634794 0.0278884462151394 0.00929614873837981 0.0212483399734396 0.0345285524568393 0.167330677290837 0.0265604249667995 0.00664010624169987 0.168658698539177 0.050464807436919 0.0185922974767596 0.0664010624169987 0
