"cheAbi" "cheMyd" "cheSer" "chrPic" "cuoMcc" "derCor" "derMaw" "emySub" "gopAga" "malTer" "mesTub" "pelCas" "pelSin" "plaMeg" "podExp" "terMex"
"cheAbi" 0 0.148351648351648 0.032967032967033 0.0412087912087912 0.0384615384615385 0.0467032967032967 0.0412087912087912 0.0851648351648352 0.0164835164835165 0.0521978021978022 0.101648351648352 0.0741758241758242 0.167582417582418 0.10989010989011 0.0714285714285714 0.043956043956044
"cheMyd" 0.148351648351648 0 0.142857142857143 0.159340659340659 0.175824175824176 0.131868131868132 0.145604395604396 0.186813186813187 0.153846153846154 0.17032967032967 0.203296703296703 0.184065934065934 0.178571428571429 0.233516483516484 0.178571428571429 0.164835164835165
"cheSer" 0.032967032967033 0.142857142857143 0 0.0412087912087912 0.0549450549450549 0.0384615384615385 0.0247252747252747 0.0741758241758242 0.032967032967033 0.0521978021978022 0.0906593406593407 0.0741758241758242 0.164835164835165 0.120879120879121 0.0659340659340659 0.043956043956044
"chrPic" 0.0412087912087912 0.159340659340659 0.0412087912087912 0 0.0274725274725275 0.0576923076923077 0.0494505494505494 0.0714285714285714 0.0357142857142857 0.0137362637362637 0.0824175824175824 0.0906593406593407 0.178571428571429 0.123626373626374 0.0741758241758242 0.010989010989011
"cuoMcc" 0.0384615384615385 0.175824175824176 0.0549450549450549 0.0274725274725275 0 0.0714285714285714 0.0631868131868132 0.0741758241758242 0.032967032967033 0.032967032967033 0.0879120879120879 0.0934065934065934 0.192307692307692 0.126373626373626 0.0824175824175824 0.0274725274725275
"derCor" 0.0467032967032967 0.131868131868132 0.0384615384615385 0.0576923076923077 0.0714285714285714 0 0.0412087912087912 0.0851648351648352 0.0494505494505494 0.0631868131868132 0.107142857142857 0.0934065934065934 0.17032967032967 0.134615384615385 0.0824175824175824 0.0549450549450549
"derMaw" 0.0412087912087912 0.145604395604396 0.0247252747252747 0.0494505494505494 0.0631868131868132 0.0412087912087912 0 0.0824175824175824 0.0412087912087912 0.0549450549450549 0.0989010989010989 0.0796703296703297 0.17032967032967 0.129120879120879 0.0741758241758242 0.0467032967032967
"emySub" 0.0851648351648352 0.186813186813187 0.0741758241758242 0.0714285714285714 0.0741758241758242 0.0851648351648352 0.0824175824175824 0 0.0851648351648352 0.0769230769230769 0.0467032967032967 0.0934065934065934 0.214285714285714 0.162087912087912 0.0879120879120879 0.0714285714285714
"gopAga" 0.0164835164835165 0.153846153846154 0.032967032967033 0.0357142857142857 0.032967032967033 0.0494505494505494 0.0412087912087912 0.0851648351648352 0 0.0467032967032967 0.101648351648352 0.0769230769230769 0.17032967032967 0.101648351648352 0.0659340659340659 0.0384615384615385
"malTer" 0.0521978021978022 0.17032967032967 0.0521978021978022 0.0137362637362637 0.032967032967033 0.0631868131868132 0.0549450549450549 0.0769230769230769 0.0467032967032967 0 0.0824175824175824 0.101648351648352 0.18956043956044 0.134615384615385 0.0851648351648352 0.0137362637362637
"mesTub" 0.101648351648352 0.203296703296703 0.0906593406593407 0.0824175824175824 0.0879120879120879 0.107142857142857 0.0989010989010989 0.0467032967032967 0.101648351648352 0.0824175824175824 0 0.104395604395604 0.228021978021978 0.184065934065934 0.0934065934065934 0.0824175824175824
"pelCas" 0.0741758241758242 0.184065934065934 0.0741758241758242 0.0906593406593407 0.0934065934065934 0.0934065934065934 0.0796703296703297 0.0934065934065934 0.0769230769230769 0.101648351648352 0.104395604395604 0 0.203296703296703 0.156593406593407 0.0686813186813187 0.0934065934065934
"pelSin" 0.167582417582418 0.178571428571429 0.164835164835165 0.178571428571429 0.192307692307692 0.17032967032967 0.17032967032967 0.214285714285714 0.17032967032967 0.18956043956044 0.228021978021978 0.203296703296703 0 0.260989010989011 0.200549450549451 0.184065934065934
"plaMeg" 0.10989010989011 0.233516483516484 0.120879120879121 0.123626373626374 0.126373626373626 0.134615384615385 0.129120879120879 0.162087912087912 0.101648351648352 0.134615384615385 0.184065934065934 0.156593406593407 0.260989010989011 0 0.145604395604396 0.126373626373626
"podExp" 0.0714285714285714 0.178571428571429 0.0659340659340659 0.0741758241758242 0.0824175824175824 0.0824175824175824 0.0741758241758242 0.0879120879120879 0.0659340659340659 0.0851648351648352 0.0934065934065934 0.0686813186813187 0.200549450549451 0.145604395604396 0 0.0769230769230769
"terMex" 0.043956043956044 0.164835164835165 0.043956043956044 0.010989010989011 0.0274725274725275 0.0549450549450549 0.0467032967032967 0.0714285714285714 0.0384615384615385 0.0137362637362637 0.0824175824175824 0.0934065934065934 0.184065934065934 0.126373626373626 0.0769230769230769 0
