"carIns" "cheAbi" "cheMyd" "cheSer" "chrPic" "cuoAmb" "cuoMcc" "derCor" "derMaw" "emySub" "gopAga" "malTer" "mesTub" "pelCas" "pelSin" "plaMeg" "podExp" "terMex"
"carIns" 0 0.114583333333333 0.114583333333333 0.114583333333333 0.105902777777778 0.104166666666667 0.102430555555556 0.105902777777778 0.111111111111111 0.137152777777778 0.107638888888889 0.107638888888889 0.147569444444444 0.144097222222222 0.112847222222222 0.107638888888889 0.144097222222222 0.107638888888889
"cheAbi" 0.114583333333333 0 0.0590277777777778 0.0451388888888889 0.0329861111111111 0.0277777777777778 0.0208333333333333 0.0486111111111111 0.0625 0.105902777777778 0.0260416666666667 0.0347222222222222 0.109375 0.116319444444444 0.0972222222222222 0.0347222222222222 0.121527777777778 0.0329861111111111
"cheMyd" 0.114583333333333 0.0590277777777778 0 0.0555555555555556 0.0434027777777778 0.0486111111111111 0.0416666666666667 0.0277777777777778 0.0625 0.100694444444444 0.0538194444444444 0.046875 0.0972222222222222 0.116319444444444 0.0972222222222222 0.0486111111111111 0.119791666666667 0.0451388888888889
"cheSer" 0.114583333333333 0.0451388888888889 0.0555555555555556 0 0.0399305555555556 0.0381944444444444 0.0347222222222222 0.0434027777777778 0.0590277777777778 0.104166666666667 0.0399305555555556 0.0399305555555556 0.107638888888889 0.114583333333333 0.0954861111111111 0.0416666666666667 0.119791666666667 0.0347222222222222
"chrPic" 0.105902777777778 0.0329861111111111 0.0434027777777778 0.0399305555555556 0 0.0225694444444444 0.0225694444444444 0.0364583333333333 0.0486111111111111 0.09375 0.03125 0.0104166666666667 0.0972222222222222 0.109375 0.0833333333333333 0.0295138888888889 0.112847222222222 0.0225694444444444
"cuoAmb" 0.104166666666667 0.0277777777777778 0.0486111111111111 0.0381944444444444 0.0225694444444444 0 0.0138888888888889 0.0381944444444444 0.046875 0.09375 0.0225694444444444 0.0208333333333333 0.100694444444444 0.107638888888889 0.0833333333333333 0.03125 0.116319444444444 0.0225694444444444
"cuoMcc" 0.102430555555556 0.0208333333333333 0.0416666666666667 0.0347222222222222 0.0225694444444444 0.0138888888888889 0 0.0347222222222222 0.0486111111111111 0.0954861111111111 0.015625 0.0208333333333333 0.0954861111111111 0.104166666666667 0.0833333333333333 0.0277777777777778 0.114583333333333 0.0190972222222222
"derCor" 0.105902777777778 0.0486111111111111 0.0277777777777778 0.0434027777777778 0.0364583333333333 0.0381944444444444 0.0347222222222222 0 0.0520833333333333 0.0989583333333333 0.0434027777777778 0.0364583333333333 0.102430555555556 0.107638888888889 0.0868055555555556 0.0381944444444444 0.116319444444444 0.03125
"derMaw" 0.111111111111111 0.0625 0.0625 0.0590277777777778 0.0486111111111111 0.046875 0.0486111111111111 0.0520833333333333 0 0.0954861111111111 0.0572916666666667 0.0486111111111111 0.105902777777778 0.109375 0.0868055555555556 0.0538194444444444 0.118055555555556 0.0486111111111111
"emySub" 0.137152777777778 0.105902777777778 0.100694444444444 0.104166666666667 0.09375 0.09375 0.0954861111111111 0.0989583333333333 0.0954861111111111 0 0.104166666666667 0.0920138888888889 0.0572916666666667 0.0746527777777778 0.116319444444444 0.102430555555556 0.0850694444444444 0.0920138888888889
"gopAga" 0.107638888888889 0.0260416666666667 0.0538194444444444 0.0399305555555556 0.03125 0.0225694444444444 0.015625 0.0434027777777778 0.0572916666666667 0.104166666666667 0 0.0295138888888889 0.107638888888889 0.112847222222222 0.0902777777777778 0.0364583333333333 0.121527777777778 0.0260416666666667
"malTer" 0.107638888888889 0.0347222222222222 0.046875 0.0399305555555556 0.0104166666666667 0.0208333333333333 0.0208333333333333 0.0364583333333333 0.0486111111111111 0.0920138888888889 0.0295138888888889 0 0.100694444444444 0.107638888888889 0.0868055555555556 0.0329861111111111 0.114583333333333 0.0190972222222222
"mesTub" 0.147569444444444 0.109375 0.0972222222222222 0.107638888888889 0.0972222222222222 0.100694444444444 0.0954861111111111 0.102430555555556 0.105902777777778 0.0572916666666667 0.107638888888889 0.100694444444444 0 0.0902777777777778 0.114583333333333 0.102430555555556 0.0920138888888889 0.0954861111111111
"pelCas" 0.144097222222222 0.116319444444444 0.116319444444444 0.114583333333333 0.109375 0.107638888888889 0.104166666666667 0.107638888888889 0.109375 0.0746527777777778 0.112847222222222 0.107638888888889 0.0902777777777778 0 0.123263888888889 0.114583333333333 0.0798611111111111 0.102430555555556
"pelSin" 0.112847222222222 0.0972222222222222 0.0972222222222222 0.0954861111111111 0.0833333333333333 0.0833333333333333 0.0833333333333333 0.0868055555555556 0.0868055555555556 0.116319444444444 0.0902777777777778 0.0868055555555556 0.114583333333333 0.123263888888889 0 0.0885416666666667 0.128472222222222 0.0815972222222222
"plaMeg" 0.107638888888889 0.0347222222222222 0.0486111111111111 0.0416666666666667 0.0295138888888889 0.03125 0.0277777777777778 0.0381944444444444 0.0538194444444444 0.102430555555556 0.0364583333333333 0.0329861111111111 0.102430555555556 0.114583333333333 0.0885416666666667 0 0.121527777777778 0.0277777777777778
"podExp" 0.144097222222222 0.121527777777778 0.119791666666667 0.119791666666667 0.112847222222222 0.116319444444444 0.114583333333333 0.116319444444444 0.118055555555556 0.0850694444444444 0.121527777777778 0.114583333333333 0.0920138888888889 0.0798611111111111 0.128472222222222 0.121527777777778 0 0.114583333333333
"terMex" 0.107638888888889 0.0329861111111111 0.0451388888888889 0.0347222222222222 0.0225694444444444 0.0225694444444444 0.0190972222222222 0.03125 0.0486111111111111 0.0920138888888889 0.0260416666666667 0.0190972222222222 0.0954861111111111 0.102430555555556 0.0815972222222222 0.0277777777777778 0.114583333333333 0
