"carIns" "cheAbi" "cheSer" "chrPic" "cuoMcc" "derCor" "derMaw" "emySub" "malTer" "mesTub" "plaMeg" "podExp" "terMex"
"carIns" 0 0.0837606837606838 0.0341880341880342 0.0393162393162393 0.345299145299145 0.0341880341880342 0.041025641025641 0.064957264957265 0.377777777777778 0.0598290598290598 0.0376068376068376 0.0786324786324786 0.37948717948718
"cheAbi" 0.0837606837606838 0 0.0598290598290598 0.0564102564102564 0.376068376068376 0.0581196581196581 0.0632478632478632 0.0786324786324786 0.393162393162393 0.0837606837606838 0.0564102564102564 0.094017094017094 0.394871794871795
"cheSer" 0.0341880341880342 0.0598290598290598 0 0.0136752136752137 0.343589743589744 0.00854700854700855 0.0170940170940171 0.0393162393162393 0.374358974358974 0.0358974358974359 0.0153846153846154 0.0700854700854701 0.37948717948718
"chrPic" 0.0393162393162393 0.0564102564102564 0.0136752136752137 0 0.345299145299145 0.011965811965812 0.0205128205128205 0.0393162393162393 0.376068376068376 0.0427350427350427 0.011965811965812 0.0700854700854701 0.382905982905983
"cuoMcc" 0.345299145299145 0.376068376068376 0.343589743589744 0.345299145299145 0 0.343589743589744 0.345299145299145 0.34017094017094 0.153846153846154 0.343589743589744 0.341880341880342 0.362393162393162 0.170940170940171
"derCor" 0.0341880341880342 0.0581196581196581 0.00854700854700855 0.011965811965812 0.343589743589744 0 0.0153846153846154 0.0376068376068376 0.372649572649573 0.0376068376068376 0.0136752136752137 0.0683760683760684 0.37948717948718
"derMaw" 0.041025641025641 0.0632478632478632 0.0170940170940171 0.0205128205128205 0.345299145299145 0.0153846153846154 0 0.0461538461538462 0.372649572649573 0.0461538461538462 0.0222222222222222 0.0735042735042735 0.37948717948718
"emySub" 0.064957264957265 0.0786324786324786 0.0393162393162393 0.0393162393162393 0.34017094017094 0.0376068376068376 0.0461538461538462 0 0.369230769230769 0.0205128205128205 0.0393162393162393 0.0786324786324786 0.376068376068376
"malTer" 0.377777777777778 0.393162393162393 0.374358974358974 0.376068376068376 0.153846153846154 0.372649572649573 0.372649572649573 0.369230769230769 0 0.376068376068376 0.376068376068376 0.372649572649573 0.147008547008547
"mesTub" 0.0598290598290598 0.0837606837606838 0.0358974358974359 0.0427350427350427 0.343589743589744 0.0376068376068376 0.0461538461538462 0.0205128205128205 0.376068376068376 0 0.0427350427350427 0.0837606837606838 0.381196581196581
"plaMeg" 0.0376068376068376 0.0564102564102564 0.0153846153846154 0.011965811965812 0.341880341880342 0.0136752136752137 0.0222222222222222 0.0393162393162393 0.376068376068376 0.0427350427350427 0 0.0683760683760684 0.386324786324786
"podExp" 0.0786324786324786 0.094017094017094 0.0700854700854701 0.0700854700854701 0.362393162393162 0.0683760683760684 0.0735042735042735 0.0786324786324786 0.372649572649573 0.0837606837606838 0.0683760683760684 0 0.386324786324786
"terMex" 0.37948717948718 0.394871794871795 0.37948717948718 0.382905982905983 0.170940170940171 0.37948717948718 0.37948717948718 0.376068376068376 0.147008547008547 0.381196581196581 0.386324786324786 0.386324786324786 0
