"carIns" "cheAbi" "cheSer" "chrPic" "cuoAmb" "cuoMcc" "derCor" "derMaw" "emySub" "pelCas" "plaMeg" "podExp" "terMex"
"carIns" 0 0.153488372093023 0.172093023255814 0.148837209302326 0.190697674418605 0.176744186046512 0.251162790697674 0.148837209302326 0.162790697674419 0.158139534883721 0.167441860465116 0.181395348837209 0.158139534883721
"cheAbi" 0.153488372093023 0 0.0744186046511628 0.0418604651162791 0.102325581395349 0.0790697674418605 0.223255813953488 0.0604651162790698 0.12093023255814 0.13953488372093 0.0418604651162791 0.158139534883721 0.0465116279069767
"cheSer" 0.172093023255814 0.0744186046511628 0 0.0651162790697674 0.12093023255814 0.0976744186046512 0.227906976744186 0.0837209302325581 0.12093023255814 0.13953488372093 0.0744186046511628 0.167441860465116 0.0790697674418605
"chrPic" 0.148837209302326 0.0418604651162791 0.0651162790697674 0 0.106976744186047 0.0837209302325581 0.218604651162791 0.0511627906976744 0.111627906976744 0.134883720930233 0.0465116279069767 0.144186046511628 0.0232558139534884
"cuoAmb" 0.190697674418605 0.102325581395349 0.12093023255814 0.106976744186047 0 0.0604651162790698 0.255813953488372 0.116279069767442 0.148837209302326 0.190697674418605 0.102325581395349 0.190697674418605 0.102325581395349
"cuoMcc" 0.176744186046512 0.0790697674418605 0.0976744186046512 0.0837209302325581 0.0604651162790698 0 0.265116279069767 0.106976744186047 0.130232558139535 0.172093023255814 0.0837209302325581 0.186046511627907 0.0837209302325581
"derCor" 0.251162790697674 0.223255813953488 0.227906976744186 0.218604651162791 0.255813953488372 0.265116279069767 0 0.232558139534884 0.255813953488372 0.283720930232558 0.209302325581395 0.265116279069767 0.232558139534884
"derMaw" 0.148837209302326 0.0604651162790698 0.0837209302325581 0.0511627906976744 0.116279069767442 0.106976744186047 0.232558139534884 0 0.116279069767442 0.134883720930233 0.0651162790697674 0.134883720930233 0.0511627906976744
"emySub" 0.162790697674419 0.12093023255814 0.12093023255814 0.111627906976744 0.148837209302326 0.130232558139535 0.255813953488372 0.116279069767442 0 0.106976744186047 0.111627906976744 0.12093023255814 0.116279069767442
"pelCas" 0.158139534883721 0.13953488372093 0.13953488372093 0.134883720930233 0.190697674418605 0.172093023255814 0.283720930232558 0.134883720930233 0.106976744186047 0 0.148837209302326 0.111627906976744 0.144186046511628
"plaMeg" 0.167441860465116 0.0418604651162791 0.0744186046511628 0.0465116279069767 0.102325581395349 0.0837209302325581 0.209302325581395 0.0651162790697674 0.111627906976744 0.148837209302326 0 0.144186046511628 0.0418604651162791
"podExp" 0.181395348837209 0.158139534883721 0.167441860465116 0.144186046511628 0.190697674418605 0.186046511627907 0.265116279069767 0.134883720930233 0.12093023255814 0.111627906976744 0.144186046511628 0 0.148837209302326
"terMex" 0.158139534883721 0.0465116279069767 0.0790697674418605 0.0232558139534884 0.102325581395349 0.0837209302325581 0.232558139534884 0.0511627906976744 0.116279069767442 0.144186046511628 0.0418604651162791 0.148837209302326 0
