"carIns" "cheAbi" "cheMyd" "cheSer" "chrPic" "cuoAmb" "cuoMcc" "derCor" "derMaw" "emySub" "gopAga" "malTer" "mesTub" "pelCas" "pelSin" "plaMeg" "podExp" "terMex"
"carIns" 0 0.037940379403794 0.021680216802168 0.029810298102981 0.032520325203252 0.132791327913279 0.035230352303523 0.024390243902439 0.0542005420054201 0.02710027100271 0.037940379403794 0.029810298102981 0.035230352303523 0.040650406504065 0.035230352303523 0.024390243902439 0.043360433604336 0.02710027100271
"cheAbi" 0.037940379403794 0 0.021680216802168 0.024390243902439 0.021680216802168 0.111111111111111 0.00813008130081301 0.024390243902439 0.0542005420054201 0.032520325203252 0.00542005420054201 0.018970189701897 0.040650406504065 0.046070460704607 0.040650406504065 0.013550135501355 0.0542005420054201 0.016260162601626
"cheMyd" 0.021680216802168 0.021680216802168 0 0.013550135501355 0.016260162601626 0.116531165311653 0.018970189701897 0.00542005420054201 0.043360433604336 0.021680216802168 0.021680216802168 0.013550135501355 0.029810298102981 0.035230352303523 0.029810298102981 0.00813008130081301 0.037940379403794 0.010840108401084
"cheSer" 0.029810298102981 0.024390243902439 0.013550135501355 0 0.013550135501355 0.116531165311653 0.016260162601626 0.016260162601626 0.040650406504065 0.021680216802168 0.024390243902439 0.010840108401084 0.029810298102981 0.037940379403794 0.032520325203252 0.010840108401084 0.046070460704607 0.013550135501355
"chrPic" 0.032520325203252 0.021680216802168 0.016260162601626 0.013550135501355 0 0.10840108401084 0.013550135501355 0.018970189701897 0.037940379403794 0.024390243902439 0.021680216802168 0.002710027100271 0.032520325203252 0.040650406504065 0.035230352303523 0.00813008130081301 0.048780487804878 0.00542005420054201
"cuoAmb" 0.132791327913279 0.111111111111111 0.116531165311653 0.116531165311653 0.10840108401084 0 0.105691056910569 0.119241192411924 0.138211382113821 0.121951219512195 0.111111111111111 0.105691056910569 0.130081300813008 0.138211382113821 0.132791327913279 0.10840108401084 0.149051490514905 0.105691056910569
"cuoMcc" 0.035230352303523 0.00813008130081301 0.018970189701897 0.016260162601626 0.013550135501355 0.105691056910569 0 0.021680216802168 0.046070460704607 0.02710027100271 0.00813008130081301 0.010840108401084 0.035230352303523 0.043360433604336 0.037940379403794 0.010840108401084 0.0514905149051491 0.013550135501355
"derCor" 0.024390243902439 0.024390243902439 0.00542005420054201 0.016260162601626 0.018970189701897 0.119241192411924 0.021680216802168 0 0.046070460704607 0.024390243902439 0.024390243902439 0.016260162601626 0.032520325203252 0.037940379403794 0.032520325203252 0.010840108401084 0.040650406504065 0.013550135501355
"derMaw" 0.0542005420054201 0.0542005420054201 0.043360433604336 0.040650406504065 0.037940379403794 0.138211382113821 0.046070460704607 0.046070460704607 0 0.0514905149051491 0.0542005420054201 0.040650406504065 0.0596205962059621 0.0677506775067751 0.0596205962059621 0.040650406504065 0.0758807588075881 0.043360433604336
"emySub" 0.02710027100271 0.032520325203252 0.021680216802168 0.021680216802168 0.024390243902439 0.121951219512195 0.02710027100271 0.024390243902439 0.0514905149051491 0 0.032520325203252 0.021680216802168 0.00813008130081301 0.018970189701897 0.029810298102981 0.018970189701897 0.035230352303523 0.021680216802168
"gopAga" 0.037940379403794 0.00542005420054201 0.021680216802168 0.024390243902439 0.021680216802168 0.111111111111111 0.00813008130081301 0.024390243902439 0.0542005420054201 0.032520325203252 0 0.018970189701897 0.040650406504065 0.046070460704607 0.040650406504065 0.013550135501355 0.0542005420054201 0.016260162601626
"malTer" 0.029810298102981 0.018970189701897 0.013550135501355 0.010840108401084 0.002710027100271 0.105691056910569 0.010840108401084 0.016260162601626 0.040650406504065 0.021680216802168 0.018970189701897 0 0.029810298102981 0.037940379403794 0.032520325203252 0.00542005420054201 0.046070460704607 0.002710027100271
"mesTub" 0.035230352303523 0.040650406504065 0.029810298102981 0.029810298102981 0.032520325203252 0.130081300813008 0.035230352303523 0.032520325203252 0.0596205962059621 0.00813008130081301 0.040650406504065 0.029810298102981 0 0.024390243902439 0.035230352303523 0.02710027100271 0.040650406504065 0.029810298102981
"pelCas" 0.040650406504065 0.046070460704607 0.035230352303523 0.037940379403794 0.040650406504065 0.138211382113821 0.043360433604336 0.037940379403794 0.0677506775067751 0.018970189701897 0.046070460704607 0.037940379403794 0.024390243902439 0 0.037940379403794 0.032520325203252 0.021680216802168 0.035230352303523
"pelSin" 0.035230352303523 0.040650406504065 0.029810298102981 0.032520325203252 0.035230352303523 0.132791327913279 0.037940379403794 0.032520325203252 0.0596205962059621 0.029810298102981 0.040650406504065 0.032520325203252 0.035230352303523 0.037940379403794 0 0.02710027100271 0.046070460704607 0.029810298102981
"plaMeg" 0.024390243902439 0.013550135501355 0.00813008130081301 0.010840108401084 0.00813008130081301 0.10840108401084 0.010840108401084 0.010840108401084 0.040650406504065 0.018970189701897 0.013550135501355 0.00542005420054201 0.02710027100271 0.032520325203252 0.02710027100271 0 0.040650406504065 0.002710027100271
"podExp" 0.043360433604336 0.0542005420054201 0.037940379403794 0.046070460704607 0.048780487804878 0.149051490514905 0.0514905149051491 0.040650406504065 0.0758807588075881 0.035230352303523 0.0542005420054201 0.046070460704607 0.040650406504065 0.021680216802168 0.046070460704607 0.040650406504065 0 0.043360433604336
"terMex" 0.02710027100271 0.016260162601626 0.010840108401084 0.013550135501355 0.00542005420054201 0.105691056910569 0.013550135501355 0.013550135501355 0.043360433604336 0.021680216802168 0.016260162601626 0.002710027100271 0.029810298102981 0.035230352303523 0.029810298102981 0.002710027100271 0.043360433604336 0
