"carIns" "cheAbi" "cheMyd" "cuoAmb" "cuoMcc" "derCor" "derMaw" "emySub" "gopAga" "malTer" "pelCas" "pelSin" "plaMeg" "podExp"
"carIns" 0 0.0823798627002288 0.116704805491991 0.244851258581236 0.0755148741418764 0.0938215102974828 0.0961098398169336 0.0961098398169336 0.0778032036613272 0.0755148741418764 0.139588100686499 0.130434782608696 0.080091533180778 0.1441647597254
"cheAbi" 0.0823798627002288 0 0.0732265446224256 0.20137299771167 0.0274599542334096 0.0503432494279176 0.0549199084668192 0.0709382151029748 0.022883295194508 0.022883295194508 0.107551487414188 0.112128146453089 0.0320366132723112 0.121281464530892
"cheMyd" 0.116704805491991 0.0732265446224256 0 0.251716247139588 0.0778032036613272 0.05720823798627 0.0778032036613272 0.0983981693363844 0.0823798627002288 0.0732265446224256 0.128146453089245 0.148741418764302 0.0640732265446224 0.157894736842105
"cuoAmb" 0.244851258581236 0.20137299771167 0.251716247139588 0 0.189931350114416 0.219679633867277 0.217391304347826 0.233409610983982 0.19908466819222 0.192219679633867 0.270022883295195 0.25858123569794 0.208237986270023 0.270022883295195
"cuoMcc" 0.0755148741418764 0.0274599542334096 0.0778032036613272 0.189931350114416 0 0.0526315789473684 0.045766590389016 0.0617848970251716 0.0274599542334096 0.0183066361556064 0.107551487414188 0.121281464530892 0.0274599542334096 0.121281464530892
"derCor" 0.0938215102974828 0.0503432494279176 0.05720823798627 0.219679633867277 0.0526315789473684 0 0.05720823798627 0.0732265446224256 0.0549199084668192 0.0480549199084668 0.109839816933638 0.132723112128146 0.0434782608695652 0.137299771167048
"derMaw" 0.0961098398169336 0.0549199084668192 0.0778032036613272 0.217391304347826 0.045766590389016 0.05720823798627 0 0.068649885583524 0.0549199084668192 0.0411899313501144 0.116704805491991 0.135011441647597 0.045766590389016 0.130434782608696
"emySub" 0.0961098398169336 0.0709382151029748 0.0983981693363844 0.233409610983982 0.0617848970251716 0.0732265446224256 0.068649885583524 0 0.0640732265446224 0.05720823798627 0.0938215102974828 0.14187643020595 0.068649885583524 0.118993135011442
"gopAga" 0.0778032036613272 0.022883295194508 0.0823798627002288 0.19908466819222 0.0274599542334096 0.0549199084668192 0.0549199084668192 0.0640732265446224 0 0.022883295194508 0.105263157894737 0.116704805491991 0.0297482837528604 0.118993135011442
"malTer" 0.0755148741418764 0.022883295194508 0.0732265446224256 0.192219679633867 0.0183066361556064 0.0480549199084668 0.0411899313501144 0.05720823798627 0.022883295194508 0 0.107551487414188 0.109839816933638 0.022883295194508 0.116704805491991
"pelCas" 0.139588100686499 0.107551487414188 0.128146453089245 0.270022883295195 0.107551487414188 0.109839816933638 0.116704805491991 0.0938215102974828 0.105263157894737 0.107551487414188 0 0.162471395881007 0.0961098398169336 0.107551487414188
"pelSin" 0.130434782608696 0.112128146453089 0.148741418764302 0.25858123569794 0.121281464530892 0.132723112128146 0.135011441647597 0.14187643020595 0.116704805491991 0.109839816933638 0.162471395881007 0 0.116704805491991 0.157894736842105
"plaMeg" 0.080091533180778 0.0320366132723112 0.0640732265446224 0.208237986270023 0.0274599542334096 0.0434782608695652 0.045766590389016 0.068649885583524 0.0297482837528604 0.022883295194508 0.0961098398169336 0.116704805491991 0 0.128146453089245
"podExp" 0.1441647597254 0.121281464530892 0.157894736842105 0.270022883295195 0.121281464530892 0.137299771167048 0.130434782608696 0.118993135011442 0.118993135011442 0.116704805491991 0.107551487414188 0.157894736842105 0.128146453089245 0
