"carIns" "cheAbi" "cheMyd" "cheSer" "chrPic" "cuoAmb" "cuoMcc" "derCor" "derMaw" "emySub" "gopAga" "malTer" "pelCas" "pelSin" "plaMeg" "podExp" "terMex"
"carIns" 0 0.0628654970760234 0.0694444444444444 0.0646929824561404 0.0625 0.0610380116959064 0.0595760233918129 0.064327485380117 0.0720029239766082 0.126827485380117 0.0610380116959064 0.064327485380117 0.10453216374269 0.0968567251461988 0.055921052631579 0.0975877192982456 0.060672514619883
"cheAbi" 0.0628654970760234 0 0.0361842105263158 0.0310672514619883 0.0208333333333333 0.0138888888888889 0.0127923976608187 0.0343567251461988 0.0387426900584795 0.105263157894737 0.0157163742690058 0.0219298245614035 0.0855263157894737 0.0888157894736842 0.0175438596491228 0.079312865497076 0.0190058479532164
"cheMyd" 0.0694444444444444 0.0361842105263158 0 0.033625730994152 0.0314327485380117 0.0325292397660819 0.0321637426900585 0.0230263157894737 0.0434941520467836 0.111111111111111 0.0358187134502924 0.0325292397660819 0.0891812865497076 0.0924707602339181 0.0277777777777778 0.0829678362573099 0.028874269005848
"cheSer" 0.0646929824561404 0.0310672514619883 0.033625730994152 0 0.0274122807017544 0.0266812865497076 0.0255847953216374 0.0321637426900585 0.0339912280701754 0.109649122807018 0.0307017543859649 0.0285087719298246 0.0833333333333333 0.0884502923976608 0.0230263157894737 0.0822368421052632 0.0255847953216374
"chrPic" 0.0625 0.0208333333333333 0.0314327485380117 0.0274122807017544 0 0.0160818713450292 0.0160818713450292 0.0266812865497076 0.0358187134502924 0.104897660818713 0.0211988304093567 0.00584795321637427 0.0818713450292398 0.0855263157894737 0.0120614035087719 0.0785818713450292 0.00986842105263158
"cuoAmb" 0.0610380116959064 0.0138888888888889 0.0325292397660819 0.0266812865497076 0.0160818713450292 0 0.00328947368421053 0.0303362573099415 0.035453216374269 0.104897660818713 0.0127923976608187 0.0171783625730994 0.0822368421052632 0.0844298245614035 0.0120614035087719 0.0774853801169591 0.0146198830409357
"cuoMcc" 0.0595760233918129 0.0127923976608187 0.0321637426900585 0.0255847953216374 0.0160818713450292 0.00328947368421053 0 0.0299707602339181 0.033625730994152 0.106359649122807 0.0116959064327485 0.0171783625730994 0.0822368421052632 0.0851608187134503 0.0120614035087719 0.0782163742690059 0.0146198830409357
"derCor" 0.064327485380117 0.0343567251461988 0.0230263157894737 0.0321637426900585 0.0266812865497076 0.0303362573099415 0.0299707602339181 0 0.0402046783625731 0.109649122807018 0.0325292397660819 0.0299707602339181 0.0858918128654971 0.0902777777777778 0.0255847953216374 0.0796783625730994 0.027046783625731
"derMaw" 0.0720029239766082 0.0387426900584795 0.0434941520467836 0.0339912280701754 0.0358187134502924 0.035453216374269 0.033625730994152 0.0402046783625731 0 0.114766081871345 0.0402046783625731 0.0380116959064327 0.0924707602339181 0.0950292397660819 0.0332602339181287 0.0855263157894737 0.0350877192982456
"emySub" 0.126827485380117 0.105263157894737 0.111111111111111 0.109649122807018 0.104897660818713 0.104897660818713 0.106359649122807 0.109649122807018 0.114766081871345 0 0.10672514619883 0.105263157894737 0.111476608187135 0.140716374269006 0.10453216374269 0.100146198830409 0.10343567251462
"gopAga" 0.0610380116959064 0.0157163742690058 0.0358187134502924 0.0307017543859649 0.0211988304093567 0.0127923976608187 0.0116959064327485 0.0325292397660819 0.0402046783625731 0.10672514619883 0 0.0222953216374269 0.0836988304093567 0.0884502923976608 0.0171783625730994 0.0785818713450292 0.0201023391812865
"malTer" 0.064327485380117 0.0219298245614035 0.0325292397660819 0.0285087719298246 0.00584795321637427 0.0171783625730994 0.0171783625730994 0.0299707602339181 0.0380116959064327 0.105263157894737 0.0222953216374269 0 0.0822368421052632 0.0858918128654971 0.0131578947368421 0.079312865497076 0.0109649122807018
"pelCas" 0.10453216374269 0.0855263157894737 0.0891812865497076 0.0833333333333333 0.0818713450292398 0.0822368421052632 0.0822368421052632 0.0858918128654971 0.0924707602339181 0.111476608187135 0.0836988304093567 0.0822368421052632 0 0.108187134502924 0.0800438596491228 0.0683479532163743 0.0822368421052632
"pelSin" 0.0968567251461988 0.0888157894736842 0.0924707602339181 0.0884502923976608 0.0855263157894737 0.0844298245614035 0.0851608187134503 0.0902777777777778 0.0950292397660819 0.140716374269006 0.0884502923976608 0.0858918128654971 0.108187134502924 0 0.0836988304093567 0.113304093567251 0.0873538011695906
"plaMeg" 0.055921052631579 0.0175438596491228 0.0277777777777778 0.0230263157894737 0.0120614035087719 0.0120614035087719 0.0120614035087719 0.0255847953216374 0.0332602339181287 0.10453216374269 0.0171783625730994 0.0131578947368421 0.0800438596491228 0.0836988304093567 0 0.0774853801169591 0.010233918128655
"podExp" 0.0975877192982456 0.079312865497076 0.0829678362573099 0.0822368421052632 0.0785818713450292 0.0774853801169591 0.0782163742690059 0.0796783625730994 0.0855263157894737 0.100146198830409 0.0785818713450292 0.079312865497076 0.0683479532163743 0.113304093567251 0.0774853801169591 0 0.0767543859649123
"terMex" 0.060672514619883 0.0190058479532164 0.028874269005848 0.0255847953216374 0.00986842105263158 0.0146198830409357 0.0146198830409357 0.027046783625731 0.0350877192982456 0.10343567251462 0.0201023391812865 0.0109649122807018 0.0822368421052632 0.0873538011695906 0.010233918128655 0.0767543859649123 0
