"carIns" "cheAbi" "cheSer" "chrPic" "cuoAmb" "cuoMcc" "derCor" "emySub" "gopAga" "mesTub" "pelCas" "pelSin" "plaMeg" "podExp"
"carIns" 0 0.0981912144702842 0.0878552971576227 0.111111111111111 0.10077519379845 0.10077519379845 0.0852713178294574 0.0956072351421189 0.0981912144702842 0.0878552971576227 0.121447028423773 0.118863049095607 0.0878552971576227 0.129198966408269
"cheAbi" 0.0981912144702842 0 0.0387596899224806 0.0645994832041344 0.020671834625323 0.020671834625323 0.0387596899224806 0.0801033591731266 0.0284237726098191 0.0878552971576227 0.103359173126615 0.10594315245478 0.0361757105943152 0.116279069767442
"cheSer" 0.0878552971576227 0.0387596899224806 0 0.0439276485788114 0.0387596899224806 0.0387596899224806 0.020671834625323 0.0671834625322997 0.0439276485788114 0.0723514211886305 0.0981912144702842 0.0956072351421189 0.0258397932816537 0.10594315245478
"chrPic" 0.111111111111111 0.0645994832041344 0.0439276485788114 0 0.0594315245478036 0.0594315245478036 0.0490956072351421 0.0956072351421189 0.0697674418604651 0.0956072351421189 0.108527131782946 0.121447028423773 0.0465116279069767 0.118863049095607
"cuoAmb" 0.10077519379845 0.020671834625323 0.0387596899224806 0.0594315245478036 0 0.00258397932816537 0.0387596899224806 0.0801033591731266 0.0284237726098191 0.0878552971576227 0.103359173126615 0.10594315245478 0.0361757105943152 0.116279069767442
"cuoMcc" 0.10077519379845 0.020671834625323 0.0387596899224806 0.0594315245478036 0.00258397932816537 0 0.0387596899224806 0.0801033591731266 0.0284237726098191 0.0878552971576227 0.103359173126615 0.10594315245478 0.0361757105943152 0.116279069767442
"derCor" 0.0852713178294574 0.0387596899224806 0.020671834625323 0.0490956072351421 0.0387596899224806 0.0387596899224806 0 0.0749354005167959 0.0439276485788114 0.0801033591731266 0.10077519379845 0.0981912144702842 0.0232558139534884 0.108527131782946
"emySub" 0.0956072351421189 0.0801033591731266 0.0671834625322997 0.0956072351421189 0.0801033591731266 0.0801033591731266 0.0749354005167959 0 0.0852713178294574 0.0465116279069767 0.0878552971576227 0.118863049095607 0.0723514211886305 0.0904392764857881
"gopAga" 0.0981912144702842 0.0284237726098191 0.0439276485788114 0.0697674418604651 0.0284237726098191 0.0284237726098191 0.0439276485788114 0.0852713178294574 0 0.0878552971576227 0.108527131782946 0.10077519379845 0.041343669250646 0.116279069767442
"mesTub" 0.0878552971576227 0.0878552971576227 0.0723514211886305 0.0956072351421189 0.0878552971576227 0.0878552971576227 0.0801033591731266 0.0465116279069767 0.0878552971576227 0 0.0852713178294574 0.10077519379845 0.0775193798449612 0.0852713178294574
"pelCas" 0.121447028423773 0.103359173126615 0.0981912144702842 0.108527131782946 0.103359173126615 0.103359173126615 0.10077519379845 0.0878552971576227 0.108527131782946 0.0852713178294574 0 0.131782945736434 0.0981912144702842 0.0594315245478036
"pelSin" 0.118863049095607 0.10594315245478 0.0956072351421189 0.121447028423773 0.10594315245478 0.10594315245478 0.0981912144702842 0.118863049095607 0.10077519379845 0.10077519379845 0.131782945736434 0 0.0956072351421189 0.134366925064599
"plaMeg" 0.0878552971576227 0.0361757105943152 0.0258397932816537 0.0465116279069767 0.0361757105943152 0.0361757105943152 0.0232558139534884 0.0723514211886305 0.041343669250646 0.0775193798449612 0.0981912144702842 0.0956072351421189 0 0.10594315245478
"podExp" 0.129198966408269 0.116279069767442 0.10594315245478 0.118863049095607 0.116279069767442 0.116279069767442 0.108527131782946 0.0904392764857881 0.116279069767442 0.0852713178294574 0.0594315245478036 0.134366925064599 0.10594315245478 0
