"carIns" "cheAbi" "cheMyd" "cheSer" "chrPic" "cuoAmb" "cuoMcc" "derCor" "derMaw" "emySub" "gopAga" "malTer" "mesTub" "pelCas" "pelSin" "plaMeg" "podExp" "terMex"
"carIns" 0 0.119878603945372 0.106221547799697 0.104704097116844 0.100151745068285 0.115326251896813 0.109256449165402 0.113808801213961 0.142640364188164 0.139605462822458 0.103186646433991 0.100151745068285 0.150227617602428 0.154779969650986 0.127465857359636 0.0971168437025797 0.156297420333839 0.0986342943854325
"cheAbi" 0.119878603945372 0 0.047040971168437 0.0409711684370258 0.039453717754173 0.0303490136570561 0.031866464339909 0.0500758725341426 0.0986342943854325 0.0955993930197269 0.0257966616084977 0.0424886191198786 0.110773899848255 0.115326251896813 0.110773899848255 0.031866464339909 0.125948406676783 0.0379362670713202
"cheMyd" 0.106221547799697 0.047040971168437 0 0.039453717754173 0.0288315629742033 0.0440060698027314 0.0364188163884674 0.0197268588770865 0.0834597875569044 0.0834597875569044 0.0333839150227618 0.031866464339909 0.0910470409711684 0.110773899848255 0.0986342943854325 0.0257966616084977 0.121396054628225 0.0273141122913505
"cheSer" 0.104704097116844 0.0409711684370258 0.039453717754173 0 0.0333839150227618 0.0379362670713202 0.0379362670713202 0.0379362670713202 0.0834597875569044 0.0819423368740516 0.031866464339909 0.0333839150227618 0.101669195751138 0.104704097116844 0.101669195751138 0.0288315629742033 0.115326251896813 0.0273141122913505
"chrPic" 0.100151745068285 0.039453717754173 0.0288315629742033 0.0333839150227618 0 0.0333839150227618 0.0257966616084977 0.0379362670713202 0.0804248861911988 0.0804248861911988 0.0227617602427921 0.00606980273141123 0.0880121396054628 0.101669195751138 0.0955993930197269 0.0136570561456753 0.112291350531108 0.0106221547799697
"cuoAmb" 0.115326251896813 0.0303490136570561 0.0440060698027314 0.0379362670713202 0.0333839150227618 0 0.0106221547799697 0.0440060698027314 0.0940819423368741 0.0895295902883156 0.0227617602427921 0.0364188163884674 0.103186646433991 0.110773899848255 0.106221547799697 0.0257966616084977 0.122913505311077 0.031866464339909
"cuoMcc" 0.109256449165402 0.031866464339909 0.0364188163884674 0.0379362670713202 0.0257966616084977 0.0106221547799697 0 0.0424886191198786 0.0880121396054628 0.0895295902883156 0.0151745068285281 0.0288315629742033 0.0955993930197269 0.110773899848255 0.103186646433991 0.0182094081942337 0.121396054628225 0.0242792109256449
"derCor" 0.113808801213961 0.0500758725341426 0.0197268588770865 0.0379362670713202 0.0379362670713202 0.0440060698027314 0.0424886191198786 0 0.0940819423368741 0.0895295902883156 0.0424886191198786 0.0379362670713202 0.101669195751138 0.113808801213961 0.104704097116844 0.0349013657056146 0.121396054628225 0.0364188163884674
"derMaw" 0.142640364188164 0.0986342943854325 0.0834597875569044 0.0834597875569044 0.0804248861911988 0.0940819423368741 0.0880121396054628 0.0940819423368741 0 0.136570561456753 0.0819423368740516 0.0849772382397572 0.139605462822458 0.148710166919575 0.133535660091047 0.0743550834597876 0.160849772382398 0.0773899848254932
"emySub" 0.139605462822458 0.0955993930197269 0.0834597875569044 0.0819423368740516 0.0804248861911988 0.0895295902883156 0.0895295902883156 0.0895295902883156 0.136570561456753 0 0.08649468892261 0.08649468892261 0.0531107738998483 0.08649468892261 0.132018209408194 0.078907435508346 0.107738998482549 0.0819423368740516
"gopAga" 0.103186646433991 0.0257966616084977 0.0333839150227618 0.031866464339909 0.0227617602427921 0.0227617602427921 0.0151745068285281 0.0424886191198786 0.0819423368740516 0.08649468892261 0 0.0257966616084977 0.0940819423368741 0.107738998482549 0.0986342943854325 0.0151745068285281 0.118361153262519 0.0212443095599393
"malTer" 0.100151745068285 0.0424886191198786 0.031866464339909 0.0333839150227618 0.00606980273141123 0.0364188163884674 0.0288315629742033 0.0379362670713202 0.0849772382397572 0.08649468892261 0.0257966616084977 0 0.0940819423368741 0.104704097116844 0.0986342943854325 0.0166919575113809 0.116843702579666 0.0136570561456753
"mesTub" 0.150227617602428 0.110773899848255 0.0910470409711684 0.101669195751138 0.0880121396054628 0.103186646433991 0.0955993930197269 0.101669195751138 0.139605462822458 0.0531107738998483 0.0940819423368741 0.0940819423368741 0 0.0986342943854325 0.136570561456753 0.08649468892261 0.121396054628225 0.0895295902883156
"pelCas" 0.154779969650986 0.115326251896813 0.110773899848255 0.104704097116844 0.101669195751138 0.110773899848255 0.110773899848255 0.113808801213961 0.148710166919575 0.08649468892261 0.107738998482549 0.104704097116844 0.0986342943854325 0 0.14567526555387 0.0986342943854325 0.100151745068285 0.101669195751138
"pelSin" 0.127465857359636 0.110773899848255 0.0986342943854325 0.101669195751138 0.0955993930197269 0.106221547799697 0.103186646433991 0.104704097116844 0.133535660091047 0.132018209408194 0.0986342943854325 0.0986342943854325 0.136570561456753 0.14567526555387 0 0.0895295902883156 0.156297420333839 0.0955993930197269
"plaMeg" 0.0971168437025797 0.031866464339909 0.0257966616084977 0.0288315629742033 0.0136570561456753 0.0257966616084977 0.0182094081942337 0.0349013657056146 0.0743550834597876 0.078907435508346 0.0151745068285281 0.0166919575113809 0.08649468892261 0.0986342943854325 0.0895295902883156 0 0.109256449165402 0.0121396054628225
"podExp" 0.156297420333839 0.125948406676783 0.121396054628225 0.115326251896813 0.112291350531108 0.122913505311077 0.121396054628225 0.121396054628225 0.160849772382398 0.107738998482549 0.118361153262519 0.116843702579666 0.121396054628225 0.100151745068285 0.156297420333839 0.109256449165402 0 0.112291350531108
"terMex" 0.0986342943854325 0.0379362670713202 0.0273141122913505 0.0273141122913505 0.0106221547799697 0.031866464339909 0.0242792109256449 0.0364188163884674 0.0773899848254932 0.0819423368740516 0.0212443095599393 0.0136570561456753 0.0895295902883156 0.101669195751138 0.0955993930197269 0.0121396054628225 0.112291350531108 0
