"carIns" "cheAbi" "cheMyd" "cheSer" "chrPic" "cuoAmb" "cuoMcc" "derCor" "derMaw" "emySub" "gopAga" "malTer" "mesTub" "pelCas" "pelSin" "plaMeg" "podExp" "terMex"
"carIns" 0 0.151595744680851 0.140957446808511 0.074468085106383 0.0877659574468085 0.0877659574468085 0.0904255319148936 0.0824468085106383 0.0877659574468085 0.0957446808510638 0.0877659574468085 0.0877659574468085 0.143617021276596 0.103723404255319 0.0771276595744681 0.0851063829787234 0.0797872340425532 0.0824468085106383
"cheAbi" 0.151595744680851 0 0.11436170212766 0.109042553191489 0.103723404255319 0.103723404255319 0.101063829787234 0.106382978723404 0.122340425531915 0.13563829787234 0.0797872340425532 0.0957446808510638 0.0824468085106383 0.13563829787234 0.143617021276596 0.101063829787234 0.140957446808511 0.0984042553191489
"cheMyd" 0.140957446808511 0.11436170212766 0 0.0957446808510638 0.103723404255319 0.111702127659574 0.103723404255319 0.0904255319148936 0.109042553191489 0.117021276595745 0.103723404255319 0.0984042553191489 0.125 0.132978723404255 0.13031914893617 0.101063829787234 0.138297872340426 0.0984042553191489
"cheSer" 0.074468085106383 0.109042553191489 0.0957446808510638 0 0.0292553191489362 0.0398936170212766 0.0319148936170213 0.0292553191489362 0.0345744680851064 0.0478723404255319 0.0345744680851064 0.0292553191489362 0.101063829787234 0.0691489361702128 0.074468085106383 0.0265957446808511 0.0771276595744681 0.023936170212766
"chrPic" 0.0877659574468085 0.103723404255319 0.103723404255319 0.0292553191489362 0 0.0319148936170213 0.023936170212766 0.0345744680851064 0.0452127659574468 0.0478723404255319 0.0292553191489362 0.0106382978723404 0.111702127659574 0.074468085106383 0.0824468085106383 0.0132978723404255 0.0824468085106383 0.00531914893617021
"cuoAmb" 0.0877659574468085 0.103723404255319 0.111702127659574 0.0398936170212766 0.0319148936170213 0 0.00797872340425532 0.0452127659574468 0.050531914893617 0.0558510638297872 0.023936170212766 0.0265957446808511 0.111702127659574 0.0718085106382979 0.0824468085106383 0.0292553191489362 0.074468085106383 0.0265957446808511
"cuoMcc" 0.0904255319148936 0.101063829787234 0.103723404255319 0.0319148936170213 0.023936170212766 0.00797872340425532 0 0.0372340425531915 0.0425531914893617 0.0531914893617021 0.0212765957446809 0.0186170212765957 0.109042553191489 0.0691489361702128 0.0797872340425532 0.0212765957446809 0.0771276595744681 0.0186170212765957
"derCor" 0.0824468085106383 0.106382978723404 0.0904255319148936 0.0292553191489362 0.0345744680851064 0.0452127659574468 0.0372340425531915 0 0.0478723404255319 0.0558510638297872 0.0319148936170213 0.0292553191489362 0.111702127659574 0.0718085106382979 0.074468085106383 0.0345744680851064 0.074468085106383 0.0292553191489362
"derMaw" 0.0877659574468085 0.122340425531915 0.109042553191489 0.0345744680851064 0.0452127659574468 0.050531914893617 0.0425531914893617 0.0478723404255319 0 0.0585106382978723 0.0531914893617021 0.0452127659574468 0.111702127659574 0.0718085106382979 0.0904255319148936 0.0425531914893617 0.0824468085106383 0.0398936170212766
"emySub" 0.0957446808510638 0.13563829787234 0.117021276595745 0.0478723404255319 0.0478723404255319 0.0558510638297872 0.0531914893617021 0.0558510638297872 0.0585106382978723 0 0.0611702127659574 0.0558510638297872 0.0797872340425532 0.0718085106382979 0.0851063829787234 0.0558510638297872 0.0771276595744681 0.0531914893617021
"gopAga" 0.0877659574468085 0.0797872340425532 0.103723404255319 0.0345744680851064 0.0292553191489362 0.023936170212766 0.0212765957446809 0.0319148936170213 0.0531914893617021 0.0611702127659574 0 0.023936170212766 0.117021276595745 0.0771276595744681 0.0797872340425532 0.0265957446808511 0.0797872340425532 0.023936170212766
"malTer" 0.0877659574468085 0.0957446808510638 0.0984042553191489 0.0292553191489362 0.0106382978723404 0.0265957446808511 0.0186170212765957 0.0292553191489362 0.0452127659574468 0.0558510638297872 0.023936170212766 0 0.109042553191489 0.0718085106382979 0.0771276595744681 0.0132978723404255 0.0718085106382979 0.00531914893617021
"mesTub" 0.143617021276596 0.0824468085106383 0.125 0.101063829787234 0.111702127659574 0.111702127659574 0.109042553191489 0.111702127659574 0.111702127659574 0.0797872340425532 0.117021276595745 0.109042553191489 0 0.11968085106383 0.138297872340426 0.109042553191489 0.125 0.106382978723404
"pelCas" 0.103723404255319 0.13563829787234 0.132978723404255 0.0691489361702128 0.074468085106383 0.0718085106382979 0.0691489361702128 0.0718085106382979 0.0718085106382979 0.0718085106382979 0.0771276595744681 0.0718085106382979 0.11968085106383 0 0.0771276595744681 0.074468085106383 0.0664893617021277 0.0718085106382979
"pelSin" 0.0771276595744681 0.143617021276596 0.13031914893617 0.074468085106383 0.0824468085106383 0.0824468085106383 0.0797872340425532 0.074468085106383 0.0904255319148936 0.0851063829787234 0.0797872340425532 0.0771276595744681 0.138297872340426 0.0771276595744681 0 0.0797872340425532 0.0771276595744681 0.0771276595744681
"plaMeg" 0.0851063829787234 0.101063829787234 0.101063829787234 0.0265957446808511 0.0132978723404255 0.0292553191489362 0.0212765957446809 0.0345744680851064 0.0425531914893617 0.0558510638297872 0.0265957446808511 0.0132978723404255 0.109042553191489 0.074468085106383 0.0797872340425532 0 0.0824468085106383 0.00797872340425532
"podExp" 0.0797872340425532 0.140957446808511 0.138297872340426 0.0771276595744681 0.0824468085106383 0.074468085106383 0.0771276595744681 0.074468085106383 0.0824468085106383 0.0771276595744681 0.0797872340425532 0.0718085106382979 0.125 0.0664893617021277 0.0771276595744681 0.0824468085106383 0 0.0771276595744681
"terMex" 0.0824468085106383 0.0984042553191489 0.0984042553191489 0.023936170212766 0.00531914893617021 0.0265957446808511 0.0186170212765957 0.0292553191489362 0.0398936170212766 0.0531914893617021 0.023936170212766 0.00531914893617021 0.106382978723404 0.0718085106382979 0.0771276595744681 0.00797872340425532 0.0771276595744681 0
