"carIns" "cheAbi" "cheMyd" "cheSer" "chrPic" "cuoAmb" "cuoMcc" "derCor" "derMaw" "emySub" "gopAga" "malTer" "mesTub" "pelCas" "pelSin" "plaMeg" "podExp" "terMex"
"carIns" 0 0.0788177339901478 0.640394088669951 0.0492610837438424 0.0492610837438424 0.172413793103448 0.0394088669950739 0.0591133004926108 0.0492610837438424 0.0541871921182266 0.123152709359606 0.0492610837438424 0.576354679802956 0.103448275862069 0.571428571428571 0.0541871921182266 0.246305418719212 0.0492610837438424
"cheAbi" 0.0788177339901478 0 0.645320197044335 0.0394088669950739 0.0394088669950739 0.157635467980296 0.0443349753694581 0.0394088669950739 0.0394088669950739 0.0541871921182266 0.0886699507389163 0.0394088669950739 0.596059113300493 0.0935960591133005 0.54679802955665 0.0443349753694581 0.241379310344828 0.0394088669950739
"cheMyd" 0.640394088669951 0.645320197044335 0 0.630541871921182 0.630541871921182 0.640394088669951 0.640394088669951 0.635467980295567 0.630541871921182 0.625615763546798 0.669950738916256 0.630541871921182 0.625615763546798 0.625615763546798 0.635467980295567 0.630541871921182 0.640394088669951 0.630541871921182
"cheSer" 0.0492610837438424 0.0394088669950739 0.630541871921182 0 0 0.152709359605911 0.0197044334975369 0.0197044334975369 0 0.0295566502463054 0.083743842364532 0 0.58128078817734 0.0738916256157636 0.551724137931034 0.00492610837438424 0.236453201970443 0
"chrPic" 0.0492610837438424 0.0394088669950739 0.630541871921182 0 0 0.152709359605911 0.0197044334975369 0.0197044334975369 0 0.0295566502463054 0.083743842364532 0 0.58128078817734 0.0738916256157636 0.551724137931034 0.00492610837438424 0.236453201970443 0
"cuoAmb" 0.172413793103448 0.157635467980296 0.640394088669951 0.152709359605911 0.152709359605911 0 0.133004926108374 0.157635467980296 0.152709359605911 0.157635467980296 0.177339901477833 0.152709359605911 0.600985221674877 0.187192118226601 0.561576354679803 0.157635467980296 0.280788177339901 0.152709359605911
"cuoMcc" 0.0394088669950739 0.0443349753694581 0.640394088669951 0.0197044334975369 0.0197044334975369 0.133004926108374 0 0.0295566502463054 0.0197044334975369 0.0295566502463054 0.0886699507389163 0.0197044334975369 0.586206896551724 0.0738916256157636 0.556650246305419 0.0246305418719212 0.236453201970443 0.0197044334975369
"derCor" 0.0591133004926108 0.0394088669950739 0.635467980295567 0.0197044334975369 0.0197044334975369 0.157635467980296 0.0295566502463054 0 0.0197044334975369 0.0394088669950739 0.083743842364532 0.0197044334975369 0.586206896551724 0.0541871921182266 0.566502463054187 0.0246305418719212 0.226600985221675 0.0197044334975369
"derMaw" 0.0492610837438424 0.0394088669950739 0.630541871921182 0 0 0.152709359605911 0.0197044334975369 0.0197044334975369 0 0.0295566502463054 0.083743842364532 0 0.58128078817734 0.0738916256157636 0.551724137931034 0.00492610837438424 0.236453201970443 0
"emySub" 0.0541871921182266 0.0541871921182266 0.625615763546798 0.0295566502463054 0.0295566502463054 0.157635467980296 0.0295566502463054 0.0394088669950739 0.0295566502463054 0 0.0935960591133005 0.0295566502463054 0.561576354679803 0.0689655172413793 0.561576354679803 0.0344827586206897 0.226600985221675 0.0295566502463054
"gopAga" 0.123152709359606 0.0886699507389163 0.669950738916256 0.083743842364532 0.083743842364532 0.177339901477833 0.0886699507389163 0.083743842364532 0.083743842364532 0.0935960591133005 0 0.083743842364532 0.610837438423645 0.123152709359606 0.571428571428571 0.0886699507389163 0.246305418719212 0.083743842364532
"malTer" 0.0492610837438424 0.0394088669950739 0.630541871921182 0 0 0.152709359605911 0.0197044334975369 0.0197044334975369 0 0.0295566502463054 0.083743842364532 0 0.58128078817734 0.0738916256157636 0.551724137931034 0.00492610837438424 0.236453201970443 0
"mesTub" 0.576354679802956 0.596059113300493 0.625615763546798 0.58128078817734 0.58128078817734 0.600985221674877 0.586206896551724 0.586206896551724 0.58128078817734 0.561576354679803 0.610837438423645 0.58128078817734 0 0.571428571428571 0.660098522167488 0.58128078817734 0.591133004926108 0.58128078817734
"pelCas" 0.103448275862069 0.0935960591133005 0.625615763546798 0.0738916256157636 0.0738916256157636 0.187192118226601 0.0738916256157636 0.0541871921182266 0.0738916256157636 0.0689655172413793 0.123152709359606 0.0738916256157636 0.571428571428571 0 0.571428571428571 0.0788177339901478 0.206896551724138 0.0738916256157636
"pelSin" 0.571428571428571 0.54679802955665 0.635467980295567 0.551724137931034 0.551724137931034 0.561576354679803 0.556650246305419 0.566502463054187 0.551724137931034 0.561576354679803 0.571428571428571 0.551724137931034 0.660098522167488 0.571428571428571 0 0.551724137931034 0.576354679802956 0.551724137931034
"plaMeg" 0.0541871921182266 0.0443349753694581 0.630541871921182 0.00492610837438424 0.00492610837438424 0.157635467980296 0.0246305418719212 0.0246305418719212 0.00492610837438424 0.0344827586206897 0.0886699507389163 0.00492610837438424 0.58128078817734 0.0788177339901478 0.551724137931034 0 0.231527093596059 0.00492610837438424
"podExp" 0.246305418719212 0.241379310344828 0.640394088669951 0.236453201970443 0.236453201970443 0.280788177339901 0.236453201970443 0.226600985221675 0.236453201970443 0.226600985221675 0.246305418719212 0.236453201970443 0.591133004926108 0.206896551724138 0.576354679802956 0.231527093596059 0 0.236453201970443
"terMex" 0.0492610837438424 0.0394088669950739 0.630541871921182 0 0 0.152709359605911 0.0197044334975369 0.0197044334975369 0 0.0295566502463054 0.083743842364532 0 0.58128078817734 0.0738916256157636 0.551724137931034 0.00492610837438424 0.236453201970443 0
