"carIns" "cheAbi" "cheMyd" "cheSer" "chrPic" "cuoMcc" "derCor" "derMaw" "gopAga" "malTer" "mesTub" "pelCas" "pelSin" "plaMeg" "podExp" "terMex"
"carIns" 0 0.121212121212121 0.142857142857143 0.123376623376623 0.116883116883117 0.125541125541126 0.114718614718615 0.123376623376623 0.16017316017316 0.121212121212121 0.142857142857143 0.158008658008658 0.140692640692641 0.119047619047619 0.153679653679654 0.119047619047619
"cheAbi" 0.121212121212121 0 0.0606060606060606 0.0346320346320346 0.0173160173160173 0.0303030303030303 0.0324675324675325 0.0606060606060606 0.0541125541125541 0.0216450216450216 0.0714285714285714 0.0865800865800866 0.101731601731602 0.0281385281385281 0.0800865800865801 0.0238095238095238
"cheMyd" 0.142857142857143 0.0606060606060606 0 0.0584415584415584 0.0476190476190476 0.0606060606060606 0.0476190476190476 0.0822510822510823 0.0714285714285714 0.051948051948052 0.0779220779220779 0.0909090909090909 0.11038961038961 0.0627705627705628 0.106060606060606 0.0497835497835498
"cheSer" 0.123376623376623 0.0346320346320346 0.0584415584415584 0 0.025974025974026 0.0411255411255411 0.0303030303030303 0.0627705627705628 0.0670995670995671 0.0303030303030303 0.0714285714285714 0.0844155844155844 0.119047619047619 0.0367965367965368 0.0909090909090909 0.0324675324675325
"chrPic" 0.116883116883117 0.0173160173160173 0.0476190476190476 0.025974025974026 0 0.0194805194805195 0.0194805194805195 0.0562770562770563 0.0497835497835498 0.00432900432900433 0.0627705627705628 0.0779220779220779 0.106060606060606 0.0194805194805195 0.0779220779220779 0.00865800865800866
"cuoMcc" 0.125541125541126 0.0303030303030303 0.0606060606060606 0.0411255411255411 0.0194805194805195 0 0.0346320346320346 0.0670995670995671 0.0649350649350649 0.0238095238095238 0.0714285714285714 0.0887445887445888 0.11038961038961 0.0346320346320346 0.0909090909090909 0.025974025974026
"derCor" 0.114718614718615 0.0324675324675325 0.0476190476190476 0.0303030303030303 0.0194805194805195 0.0346320346320346 0 0.0606060606060606 0.0649350649350649 0.0238095238095238 0.0649350649350649 0.0800865800865801 0.106060606060606 0.0346320346320346 0.0844155844155844 0.025974025974026
"derMaw" 0.123376623376623 0.0606060606060606 0.0822510822510823 0.0627705627705628 0.0562770562770563 0.0670995670995671 0.0606060606060606 0 0.0952380952380952 0.0606060606060606 0.0909090909090909 0.11038961038961 0.112554112554113 0.0714285714285714 0.121212121212121 0.0584415584415584
"gopAga" 0.16017316017316 0.0541125541125541 0.0714285714285714 0.0670995670995671 0.0497835497835498 0.0649350649350649 0.0649350649350649 0.0952380952380952 0 0.0541125541125541 0.0995670995670996 0.114718614718615 0.119047619047619 0.0649350649350649 0.108225108225108 0.0541125541125541
"malTer" 0.121212121212121 0.0216450216450216 0.051948051948052 0.0303030303030303 0.00432900432900433 0.0238095238095238 0.0238095238095238 0.0606060606060606 0.0541125541125541 0 0.0670995670995671 0.0822510822510823 0.11038961038961 0.0238095238095238 0.0822510822510823 0.012987012987013
"mesTub" 0.142857142857143 0.0714285714285714 0.0779220779220779 0.0714285714285714 0.0627705627705628 0.0714285714285714 0.0649350649350649 0.0909090909090909 0.0995670995670996 0.0670995670995671 0 0.0800865800865801 0.123376623376623 0.0735930735930736 0.0930735930735931 0.0649350649350649
"pelCas" 0.158008658008658 0.0865800865800866 0.0909090909090909 0.0844155844155844 0.0779220779220779 0.0887445887445888 0.0800865800865801 0.11038961038961 0.114718614718615 0.0822510822510823 0.0800865800865801 0 0.147186147186147 0.0909090909090909 0.0627705627705628 0.0844155844155844
"pelSin" 0.140692640692641 0.101731601731602 0.11038961038961 0.119047619047619 0.106060606060606 0.11038961038961 0.106060606060606 0.112554112554113 0.119047619047619 0.11038961038961 0.123376623376623 0.147186147186147 0 0.114718614718615 0.153679653679654 0.108225108225108
"plaMeg" 0.119047619047619 0.0281385281385281 0.0627705627705628 0.0367965367965368 0.0194805194805195 0.0346320346320346 0.0346320346320346 0.0714285714285714 0.0649350649350649 0.0238095238095238 0.0735930735930736 0.0909090909090909 0.114718614718615 0 0.0909090909090909 0.0216450216450216
"podExp" 0.153679653679654 0.0800865800865801 0.106060606060606 0.0909090909090909 0.0779220779220779 0.0909090909090909 0.0844155844155844 0.121212121212121 0.108225108225108 0.0822510822510823 0.0930735930735931 0.0627705627705628 0.153679653679654 0.0909090909090909 0 0.0844155844155844
"terMex" 0.119047619047619 0.0238095238095238 0.0497835497835498 0.0324675324675325 0.00865800865800866 0.025974025974026 0.025974025974026 0.0584415584415584 0.0541125541125541 0.012987012987013 0.0649350649350649 0.0844155844155844 0.108225108225108 0.0216450216450216 0.0844155844155844 0
