"chrPic" "cuoAmb" "cuoMcc" "derMaw" "emySub" "gopAga" "malTer" "mesTub" "pelCas" "pelSin" "plaMeg" "podExp"
"chrPic" 0 0.0147874306839187 0.0147874306839187 0.077634011090573 0.066543438077634 0.0166358595194085 0.00924214417744917 0.0591497227356747 0.0609981515711645 0.182994454713494 0.0240295748613678 0.0794824399260629
"cuoAmb" 0.0147874306839187 0 0.00369685767097967 0.0794824399260629 0.0702402957486137 0.011090573012939 0.00924214417744917 0.055452865064695 0.0609981515711645 0.181146025878004 0.0314232902033272 0.0794824399260629
"cuoMcc" 0.0147874306839187 0.00369685767097967 0 0.0794824399260629 0.066543438077634 0.011090573012939 0.00924214417744917 0.0591497227356747 0.0573012939001848 0.179297597042514 0.0277264325323475 0.0757855822550832
"derMaw" 0.077634011090573 0.0794824399260629 0.0794824399260629 0 0.0868761552680222 0.0813308687615527 0.0739371534195934 0.0961182994454713 0.0942698706099815 0.203327171903882 0.0850277264325323 0.11645101663586
"emySub" 0.066543438077634 0.0702402957486137 0.066543438077634 0.0868761552680222 0 0.0739371534195934 0.0646950092421442 0.055452865064695 0.0720887245841035 0.195933456561922 0.0702402957486137 0.088724584103512
"gopAga" 0.0166358595194085 0.011090573012939 0.011090573012939 0.0813308687615527 0.0739371534195934 0 0.0129390018484288 0.0628465804066543 0.0646950092421442 0.186691312384473 0.0351201478743068 0.0813308687615527
"malTer" 0.00924214417744917 0.00924214417744917 0.00924214417744917 0.0739371534195934 0.0646950092421442 0.0129390018484288 0 0.0536044362292052 0.055452865064695 0.177449168207024 0.0258780036968577 0.0720887245841035
"mesTub" 0.0591497227356747 0.055452865064695 0.0591497227356747 0.0961182994454713 0.055452865064695 0.0628465804066543 0.0536044362292052 0 0.0609981515711645 0.182994454713494 0.0683918669131238 0.0739371534195934
"pelCas" 0.0609981515711645 0.0609981515711645 0.0573012939001848 0.0942698706099815 0.0720887245841035 0.0646950092421442 0.055452865064695 0.0609981515711645 0 0.184842883548983 0.0702402957486137 0.0702402957486137
"pelSin" 0.182994454713494 0.181146025878004 0.179297597042514 0.203327171903882 0.195933456561922 0.186691312384473 0.177449168207024 0.182994454713494 0.184842883548983 0 0.184842883548983 0.203327171903882
"plaMeg" 0.0240295748613678 0.0314232902033272 0.0277264325323475 0.0850277264325323 0.0702402957486137 0.0351201478743068 0.0258780036968577 0.0683918669131238 0.0702402957486137 0.184842883548983 0 0.0868761552680222
"podExp" 0.0794824399260629 0.0794824399260629 0.0757855822550832 0.11645101663586 0.088724584103512 0.0813308687615527 0.0720887245841035 0.0739371534195934 0.0702402957486137 0.203327171903882 0.0868761552680222 0
