"carIns" "cheAbi" "cheMyd" "cheSer" "chrPic" "cuoAmb" "cuoMcc" "derCor" "derMaw" "emySub" "gopAga" "malTer" "mesTub" "pelCas" "pelSin" "plaMeg" "podExp" "terMex"
"carIns" 0 0.0952380952380952 0.093167701863354 0.0786749482401656 0.0973084886128364 0.0890269151138716 0.0890269151138716 0.101449275362319 0.0973084886128364 0.093167701863354 0.0869565217391304 0.0952380952380952 0.101449275362319 0.118012422360248 0.107660455486542 0.0848861283643892 0.122153209109731 0.0869565217391304
"cheAbi" 0.0952380952380952 0 0.0538302277432712 0.0434782608695652 0.0559006211180124 0.0393374741200828 0.0393374741200828 0.0641821946169772 0.0662525879917184 0.0766045548654244 0.0248447204968944 0.0538302277432712 0.093167701863354 0.118012422360248 0.118012422360248 0.0351966873706004 0.118012422360248 0.0455486542443064
"cheMyd" 0.093167701863354 0.0538302277432712 0 0.0331262939958592 0.0600414078674948 0.0476190476190476 0.0476190476190476 0.0372670807453416 0.0579710144927536 0.0807453416149068 0.0455486542443064 0.0579710144927536 0.0973084886128364 0.118012422360248 0.118012422360248 0.041407867494824 0.115942028985507 0.0496894409937888
"cheSer" 0.0786749482401656 0.0434782608695652 0.0331262939958592 0 0.041407867494824 0.0372670807453416 0.0372670807453416 0.0455486542443064 0.0372670807453416 0.062111801242236 0.0351966873706004 0.0393374741200828 0.0745341614906832 0.101449275362319 0.0952380952380952 0.031055900621118 0.101449275362319 0.031055900621118
"chrPic" 0.0973084886128364 0.0559006211180124 0.0600414078674948 0.041407867494824 0 0.0434782608695652 0.0434782608695652 0.0600414078674948 0.0579710144927536 0.0766045548654244 0.0496894409937888 0.0020703933747412 0.0848861283643892 0.115942028985507 0.107660455486542 0.0434782608695652 0.115942028985507 0.0144927536231884
"cuoAmb" 0.0890269151138716 0.0393374741200828 0.0476190476190476 0.0372670807453416 0.0434782608695652 0 0 0.0600414078674948 0.0559006211180124 0.0786749482401656 0.0351966873706004 0.041407867494824 0.0786749482401656 0.113871635610766 0.10351966873706 0.0289855072463768 0.115942028985507 0.0331262939958592
"cuoMcc" 0.0890269151138716 0.0393374741200828 0.0476190476190476 0.0372670807453416 0.0434782608695652 0 0 0.0600414078674948 0.0559006211180124 0.0786749482401656 0.0351966873706004 0.041407867494824 0.0786749482401656 0.113871635610766 0.10351966873706 0.0289855072463768 0.115942028985507 0.0331262939958592
"derCor" 0.101449275362319 0.0641821946169772 0.0372670807453416 0.0455486542443064 0.0600414078674948 0.0600414078674948 0.0600414078674948 0 0.0662525879917184 0.0890269151138716 0.062111801242236 0.0579710144927536 0.10351966873706 0.109730848861284 0.12008281573499 0.0538302277432712 0.126293995859213 0.0496894409937888
"derMaw" 0.0973084886128364 0.0662525879917184 0.0579710144927536 0.0372670807453416 0.0579710144927536 0.0559006211180124 0.0559006211180124 0.0662525879917184 0 0.0869565217391304 0.0579710144927536 0.0559006211180124 0.0952380952380952 0.118012422360248 0.118012422360248 0.05175983436853 0.118012422360248 0.05175983436853
"emySub" 0.093167701863354 0.0766045548654244 0.0807453416149068 0.062111801242236 0.0766045548654244 0.0786749482401656 0.0786749482401656 0.0890269151138716 0.0869565217391304 0 0.0766045548654244 0.0745341614906832 0.0455486542443064 0.0848861283643892 0.109730848861284 0.0662525879917184 0.0890269151138716 0.0683229813664596
"gopAga" 0.0869565217391304 0.0248447204968944 0.0455486542443064 0.0351966873706004 0.0496894409937888 0.0351966873706004 0.0351966873706004 0.062111801242236 0.0579710144927536 0.0766045548654244 0 0.0476190476190476 0.0890269151138716 0.115942028985507 0.109730848861284 0.0331262939958592 0.118012422360248 0.0393374741200828
"malTer" 0.0952380952380952 0.0538302277432712 0.0579710144927536 0.0393374741200828 0.0020703933747412 0.041407867494824 0.041407867494824 0.0579710144927536 0.0559006211180124 0.0745341614906832 0.0476190476190476 0 0.082815734989648 0.113871635610766 0.105590062111801 0.041407867494824 0.115942028985507 0.0124223602484472
"mesTub" 0.101449275362319 0.093167701863354 0.0973084886128364 0.0745341614906832 0.0848861283643892 0.0786749482401656 0.0786749482401656 0.10351966873706 0.0952380952380952 0.0455486542443064 0.0890269151138716 0.082815734989648 0 0.0973084886128364 0.113871635610766 0.0786749482401656 0.105590062111801 0.0766045548654244
"pelCas" 0.118012422360248 0.118012422360248 0.118012422360248 0.101449275362319 0.115942028985507 0.113871635610766 0.113871635610766 0.109730848861284 0.118012422360248 0.0848861283643892 0.115942028985507 0.113871635610766 0.0973084886128364 0 0.144927536231884 0.101449275362319 0.0848861283643892 0.107660455486542
"pelSin" 0.107660455486542 0.118012422360248 0.118012422360248 0.0952380952380952 0.107660455486542 0.10351966873706 0.10351966873706 0.12008281573499 0.118012422360248 0.109730848861284 0.109730848861284 0.105590062111801 0.113871635610766 0.144927536231884 0 0.109730848861284 0.15527950310559 0.0952380952380952
"plaMeg" 0.0848861283643892 0.0351966873706004 0.041407867494824 0.031055900621118 0.0434782608695652 0.0289855072463768 0.0289855072463768 0.0538302277432712 0.05175983436853 0.0662525879917184 0.0331262939958592 0.041407867494824 0.0786749482401656 0.101449275362319 0.109730848861284 0 0.107660455486542 0.0331262939958592
"podExp" 0.122153209109731 0.118012422360248 0.115942028985507 0.101449275362319 0.115942028985507 0.115942028985507 0.115942028985507 0.126293995859213 0.118012422360248 0.0890269151138716 0.118012422360248 0.115942028985507 0.105590062111801 0.0848861283643892 0.15527950310559 0.107660455486542 0 0.109730848861284
"terMex" 0.0869565217391304 0.0455486542443064 0.0496894409937888 0.031055900621118 0.0144927536231884 0.0331262939958592 0.0331262939958592 0.0496894409937888 0.05175983436853 0.0683229813664596 0.0393374741200828 0.0124223602484472 0.0766045548654244 0.107660455486542 0.0952380952380952 0.0331262939958592 0.109730848861284 0
