"carIns" "cheAbi" "cheMyd" "cheSer" "chrPic" "cuoAmb" "cuoMcc" "derCor" "derMaw" "emySub" "gopAga" "malTer" "mesTub" "pelCas" "pelSin" "plaMeg" "podExp" "terMex"
"carIns" 0 0.108626198083067 0.156549520766773 0.113418530351438 0.10702875399361 0.119808306709265 0.118210862619808 0.129392971246006 0.123003194888179 0.118210862619808 0.119808306709265 0.108626198083067 0.123003194888179 0.135782747603834 0.10223642172524 0.110223642172524 0.145367412140575 0.111821086261981
"cheAbi" 0.108626198083067 0 0.0830670926517572 0.0335463258785942 0.0287539936102236 0.0287539936102236 0.023961661341853 0.0447284345047923 0.060702875399361 0.0623003194888179 0.0303514376996805 0.0303514376996805 0.0638977635782748 0.0878594249201278 0.0814696485623003 0.0303514376996805 0.0990415335463259 0.0319488817891374
"cheMyd" 0.156549520766773 0.0830670926517572 0 0.0862619808306709 0.0798722044728434 0.0894568690095847 0.0846645367412141 0.073482428115016 0.103833865814696 0.115015974440895 0.0878594249201278 0.0814696485623003 0.105431309904153 0.135782747603834 0.13258785942492 0.0814696485623003 0.134185303514377 0.0814696485623003
"cheSer" 0.113418530351438 0.0335463258785942 0.0862619808306709 0 0.023961661341853 0.0335463258785942 0.0287539936102236 0.0447284345047923 0.0527156549520767 0.0702875399361022 0.0415335463258786 0.0255591054313099 0.0686900958466454 0.0990415335463259 0.0878594249201278 0.0287539936102236 0.0958466453674121 0.0319488817891374
"chrPic" 0.10702875399361 0.0287539936102236 0.0798722044728434 0.023961661341853 0 0.0255591054313099 0.0207667731629393 0.0399361022364217 0.0447284345047923 0.0686900958466454 0.0303514376996805 0.00159744408945687 0.0638977635782748 0.0894568690095847 0.0878594249201278 0.0175718849840256 0.0990415335463259 0.012779552715655
"cuoAmb" 0.119808306709265 0.0287539936102236 0.0894568690095847 0.0335463258785942 0.0255591054313099 0 0.00479233226837061 0.0463258785942492 0.0575079872204473 0.0718849840255591 0.0335463258785942 0.0271565495207668 0.0670926517571885 0.0990415335463259 0.0910543130990415 0.0303514376996805 0.100638977635783 0.0319488817891374
"cuoMcc" 0.118210862619808 0.023961661341853 0.0846645367412141 0.0287539936102236 0.0207667731629393 0.00479233226837061 0 0.0415335463258786 0.0527156549520767 0.0702875399361022 0.0287539936102236 0.0223642172523962 0.0654952076677316 0.097444089456869 0.0894568690095847 0.0255591054313099 0.0990415335463259 0.0271565495207668
"derCor" 0.129392971246006 0.0447284345047923 0.073482428115016 0.0447284345047923 0.0399361022364217 0.0463258785942492 0.0415335463258786 0 0.060702875399361 0.0830670926517572 0.0479233226837061 0.0415335463258786 0.0830670926517572 0.100638977635783 0.097444089456869 0.0415335463258786 0.100638977635783 0.0415335463258786
"derMaw" 0.123003194888179 0.060702875399361 0.103833865814696 0.0527156549520767 0.0447284345047923 0.0575079872204473 0.0527156549520767 0.060702875399361 0 0.0814696485623003 0.0575079872204473 0.0463258785942492 0.0782747603833866 0.108626198083067 0.0942492012779553 0.0527156549520767 0.108626198083067 0.0495207667731629
"emySub" 0.118210862619808 0.0623003194888179 0.115015974440895 0.0702875399361022 0.0686900958466454 0.0718849840255591 0.0702875399361022 0.0830670926517572 0.0814696485623003 0 0.0702875399361022 0.0702875399361022 0.0463258785942492 0.0766773162939297 0.100638977635783 0.0702875399361022 0.0814696485623003 0.073482428115016
"gopAga" 0.119808306709265 0.0303514376996805 0.0878594249201278 0.0415335463258786 0.0303514376996805 0.0335463258785942 0.0287539936102236 0.0479233226837061 0.0575079872204473 0.0702875399361022 0 0.0319488817891374 0.0686900958466454 0.0942492012779553 0.0894568690095847 0.0351437699680511 0.100638977635783 0.0351437699680511
"malTer" 0.108626198083067 0.0303514376996805 0.0814696485623003 0.0255591054313099 0.00159744408945687 0.0271565495207668 0.0223642172523962 0.0415335463258786 0.0463258785942492 0.0702875399361022 0.0319488817891374 0 0.0654952076677316 0.0910543130990415 0.0894568690095847 0.0191693290734824 0.100638977635783 0.0143769968051118
"mesTub" 0.123003194888179 0.0638977635782748 0.105431309904153 0.0686900958466454 0.0638977635782748 0.0670926517571885 0.0654952076677316 0.0830670926517572 0.0782747603833866 0.0463258785942492 0.0686900958466454 0.0654952076677316 0 0.0830670926517572 0.10702875399361 0.0686900958466454 0.0894568690095847 0.0686900958466454
"pelCas" 0.135782747603834 0.0878594249201278 0.135782747603834 0.0990415335463259 0.0894568690095847 0.0990415335463259 0.097444089456869 0.100638977635783 0.108626198083067 0.0766773162939297 0.0942492012779553 0.0910543130990415 0.0830670926517572 0 0.118210862619808 0.0942492012779553 0.0782747603833866 0.0958466453674121
"pelSin" 0.10223642172524 0.0814696485623003 0.13258785942492 0.0878594249201278 0.0878594249201278 0.0910543130990415 0.0894568690095847 0.097444089456869 0.0942492012779553 0.100638977635783 0.0894568690095847 0.0894568690095847 0.10702875399361 0.118210862619808 0 0.0910543130990415 0.130990415335463 0.0926517571884984
"plaMeg" 0.110223642172524 0.0303514376996805 0.0814696485623003 0.0287539936102236 0.0175718849840256 0.0303514376996805 0.0255591054313099 0.0415335463258786 0.0527156549520767 0.0702875399361022 0.0351437699680511 0.0191693290734824 0.0686900958466454 0.0942492012779553 0.0910543130990415 0 0.097444089456869 0.023961661341853
"podExp" 0.145367412140575 0.0990415335463259 0.134185303514377 0.0958466453674121 0.0990415335463259 0.100638977635783 0.0990415335463259 0.100638977635783 0.108626198083067 0.0814696485623003 0.100638977635783 0.100638977635783 0.0894568690095847 0.0782747603833866 0.130990415335463 0.097444089456869 0 0.103833865814696
"terMex" 0.111821086261981 0.0319488817891374 0.0814696485623003 0.0319488817891374 0.012779552715655 0.0319488817891374 0.0271565495207668 0.0415335463258786 0.0495207667731629 0.073482428115016 0.0351437699680511 0.0143769968051118 0.0686900958466454 0.0958466453674121 0.0926517571884984 0.023961661341853 0.103833865814696 0
