"carIns" "cheAbi" "cheMyd" "chrPic" "cuoAmb" "cuoMcc" "derMaw" "emySub" "gopAga" "malTer" "mesTub" "pelCas" "pelSin" "plaMeg" "podExp" "terMex"
"carIns" 0 0.0706371191135734 0.0650969529085873 0.07202216066482 0.0789473684210526 0.0775623268698061 0.0858725761772853 0.105263157894737 0.0706371191135734 0.0886426592797784 0.113573407202216 0.145429362880886 0.0706371191135734 0.0734072022160665 0.121883656509695 0.0623268698060942
"cheAbi" 0.0706371191135734 0 0.0346260387811634 0.0193905817174515 0.0152354570637119 0.0138504155124654 0.054016620498615 0.0789473684210526 0.0138504155124654 0.0443213296398892 0.0969529085872576 0.116343490304709 0.0581717451523546 0.0221606648199446 0.114958448753463 0.0138504155124654
"cheMyd" 0.0650969529085873 0.0346260387811634 0 0.038781163434903 0.0443213296398892 0.0429362880886427 0.0554016620498615 0.0817174515235457 0.0346260387811634 0.0623268698060942 0.0955678670360111 0.120498614958449 0.0554016620498615 0.0346260387811634 0.109418282548476 0.0290858725761773
"chrPic" 0.07202216066482 0.0193905817174515 0.038781163434903 0 0.0304709141274238 0.0290858725761773 0.0595567867036011 0.0844875346260388 0.0263157894736842 0.0346260387811634 0.101108033240997 0.120498614958449 0.056786703601108 0.0263157894736842 0.117728531855956 0.0124653739612188
"cuoAmb" 0.0789473684210526 0.0152354570637119 0.0443213296398892 0.0304709141274238 0 0.00415512465373961 0.0637119113573407 0.0844875346260388 0.0235457063711911 0.054016620498615 0.10387811634349 0.123268698060942 0.0664819944598338 0.0318559556786704 0.120498614958449 0.0235457063711911
"cuoMcc" 0.0775623268698061 0.0138504155124654 0.0429362880886427 0.0290858725761773 0.00415512465373961 0 0.0623268698060942 0.0844875346260388 0.0221606648199446 0.054016620498615 0.102493074792244 0.121883656509695 0.0650969529085873 0.0304709141274238 0.119113573407202 0.0221606648199446
"derMaw" 0.0858725761772853 0.054016620498615 0.0554016620498615 0.0595567867036011 0.0637119113573407 0.0623268698060942 0 0.092797783933518 0.054016620498615 0.0831024930747922 0.119113573407202 0.127423822714681 0.0803324099722992 0.0581717451523546 0.126038781163435 0.0498614958448753
"emySub" 0.105263157894737 0.0789473684210526 0.0817174515235457 0.0844875346260388 0.0844875346260388 0.0844875346260388 0.092797783933518 0 0.0789473684210526 0.101108033240997 0.0761772853185596 0.106648199445983 0.0997229916897507 0.0817174515235457 0.10803324099723 0.0761772853185596
"gopAga" 0.0706371191135734 0.0138504155124654 0.0346260387811634 0.0263157894736842 0.0235457063711911 0.0221606648199446 0.054016620498615 0.0789473684210526 0 0.0498614958448753 0.0983379501385042 0.116343490304709 0.0609418282548476 0.0249307479224377 0.114958448753463 0.0166204986149584
"malTer" 0.0886426592797784 0.0443213296398892 0.0623268698060942 0.0346260387811634 0.054016620498615 0.054016620498615 0.0831024930747922 0.101108033240997 0.0498614958448753 0 0.109418282548476 0.145429362880886 0.0803324099722992 0.0498614958448753 0.1398891966759 0.03601108033241
"mesTub" 0.113573407202216 0.0969529085872576 0.0955678670360111 0.101108033240997 0.10387811634349 0.102493074792244 0.119113573407202 0.0761772853185596 0.0983379501385042 0.109418282548476 0 0.113573407202216 0.109418282548476 0.0955678670360111 0.127423822714681 0.0941828254847645
"pelCas" 0.145429362880886 0.116343490304709 0.120498614958449 0.120498614958449 0.123268698060942 0.121883656509695 0.127423822714681 0.106648199445983 0.116343490304709 0.145429362880886 0.113573407202216 0 0.134349030470914 0.117728531855956 0.124653739612188 0.110803324099723
"pelSin" 0.0706371191135734 0.0581717451523546 0.0554016620498615 0.056786703601108 0.0664819944598338 0.0650969529085873 0.0803324099722992 0.0997229916897507 0.0609418282548476 0.0803324099722992 0.109418282548476 0.134349030470914 0 0.0609418282548476 0.123268698060942 0.0498614958448753
"plaMeg" 0.0734072022160665 0.0221606648199446 0.0346260387811634 0.0263157894736842 0.0318559556786704 0.0304709141274238 0.0581717451523546 0.0817174515235457 0.0249307479224377 0.0498614958448753 0.0955678670360111 0.117728531855956 0.0609418282548476 0 0.120498614958449 0.0166204986149584
"podExp" 0.121883656509695 0.114958448753463 0.109418282548476 0.117728531855956 0.120498614958449 0.119113573407202 0.126038781163435 0.10803324099723 0.114958448753463 0.1398891966759 0.127423822714681 0.124653739612188 0.123268698060942 0.120498614958449 0 0.109418282548476
"terMex" 0.0623268698060942 0.0138504155124654 0.0290858725761773 0.0124653739612188 0.0235457063711911 0.0221606648199446 0.0498614958448753 0.0761772853185596 0.0166204986149584 0.03601108033241 0.0941828254847645 0.110803324099723 0.0498614958448753 0.0166204986149584 0.109418282548476 0
