"carIns" "cheAbi" "cheMyd" "cheSer" "chrPic" "cuoAmb" "cuoMcc" "derCor" "derMaw" "emySub" "gopAga" "malTer" "mesTub" "pelCas" "pelSin" "plaMeg" "podExp" "terMex"
"carIns" 0 0.139146567717996 0.217068645640074 0.0946196660482375 0.0890538033395176 0.222634508348794 0.098330241187384 0.0964749536178108 0.103896103896104 0.115027829313544 0.10760667903525 0.0909090909090909 0.111317254174397 0.116883116883117 0.224489795918367 0.0890538033395176 0.256029684601113 0.0871985157699443
"cheAbi" 0.139146567717996 0 0.168831168831169 0.0816326530612245 0.0649350649350649 0.187384044526902 0.0723562152133581 0.0760667903525046 0.0909090909090909 0.10760667903525 0.0742115027829314 0.0649350649350649 0.10760667903525 0.120593692022263 0.226345083487941 0.0705009276437848 0.230055658627087 0.0649350649350649
"cheMyd" 0.217068645640074 0.168831168831169 0 0.168831168831169 0.163265306122449 0.0834879406307978 0.168831168831169 0.165120593692022 0.179962894248609 0.174397031539889 0.172541743970315 0.161410018552876 0.181818181818182 0.183673469387755 0.189239332096475 0.168831168831169 0.204081632653061 0.159554730983302
"cheSer" 0.0946196660482375 0.0816326530612245 0.168831168831169 0 0.0204081632653061 0.181818181818182 0.0278293135435993 0.0296846011131725 0.038961038961039 0.0612244897959184 0.0371057513914657 0.0204081632653061 0.0723562152133581 0.0760667903525046 0.202226345083488 0.0222634508348794 0.226345083487941 0.0166975881261596
"chrPic" 0.0890538033395176 0.0649350649350649 0.163265306122449 0.0204081632653061 0 0.170686456400742 0.0148423005565863 0.0166975881261596 0.0333951762523191 0.0575139146567718 0.0278293135435993 0.00371057513914657 0.0649350649350649 0.0705009276437848 0.205936920222635 0.00927643784786642 0.222634508348794 0.00371057513914657
"cuoAmb" 0.222634508348794 0.187384044526902 0.0834879406307978 0.181818181818182 0.170686456400742 0 0.170686456400742 0.178107606679035 0.189239332096475 0.187384044526902 0.176252319109462 0.170686456400742 0.196660482374768 0.196660482374768 0.185528756957328 0.176252319109462 0.211502782931354 0.168831168831169
"cuoMcc" 0.098330241187384 0.0723562152133581 0.168831168831169 0.0278293135435993 0.0148423005565863 0.170686456400742 0 0.0241187384044527 0.038961038961039 0.0649350649350649 0.0278293135435993 0.0148423005565863 0.0686456400742115 0.0797773654916512 0.205936920222635 0.0166975881261596 0.226345083487941 0.0111317254174397
"derCor" 0.0964749536178108 0.0760667903525046 0.165120593692022 0.0296846011131725 0.0166975881261596 0.178107606679035 0.0241187384044527 0 0.0408163265306122 0.0593692022263451 0.0371057513914657 0.0166975881261596 0.0667903525046382 0.0705009276437848 0.205936920222635 0.0222634508348794 0.230055658627087 0.012987012987013
"derMaw" 0.103896103896104 0.0909090909090909 0.179962894248609 0.038961038961039 0.0333951762523191 0.189239332096475 0.038961038961039 0.0408163265306122 0 0.0686456400742115 0.051948051948052 0.0352504638218924 0.0742115027829314 0.0816326530612245 0.211502782931354 0.0333951762523191 0.222634508348794 0.0315398886827458
"emySub" 0.115027829313544 0.10760667903525 0.174397031539889 0.0612244897959184 0.0575139146567718 0.187384044526902 0.0649350649350649 0.0593692022263451 0.0686456400742115 0 0.0723562152133581 0.0556586270871985 0.0333951762523191 0.0779220779220779 0.228200371057514 0.0630797773654917 0.230055658627087 0.0538033395176252
"gopAga" 0.10760667903525 0.0742115027829314 0.172541743970315 0.0371057513914657 0.0278293135435993 0.176252319109462 0.0278293135435993 0.0371057513914657 0.051948051948052 0.0723562152133581 0 0.0278293135435993 0.0797773654916512 0.0871985157699443 0.217068645640074 0.0296846011131725 0.226345083487941 0.0241187384044527
"malTer" 0.0909090909090909 0.0649350649350649 0.161410018552876 0.0204081632653061 0.00371057513914657 0.170686456400742 0.0148423005565863 0.0166975881261596 0.0352504638218924 0.0556586270871985 0.0278293135435993 0 0.0630797773654917 0.0723562152133581 0.204081632653061 0.00927643784786642 0.224489795918367 0.00371057513914657
"mesTub" 0.111317254174397 0.10760667903525 0.181818181818182 0.0723562152133581 0.0649350649350649 0.196660482374768 0.0686456400742115 0.0667903525046382 0.0742115027829314 0.0333951762523191 0.0797773654916512 0.0630797773654917 0 0.0834879406307978 0.228200371057514 0.0705009276437848 0.241187384044527 0.0612244897959184
"pelCas" 0.116883116883117 0.120593692022263 0.183673469387755 0.0760667903525046 0.0705009276437848 0.196660482374768 0.0797773654916512 0.0705009276437848 0.0816326530612245 0.0779220779220779 0.0871985157699443 0.0723562152133581 0.0834879406307978 0 0.217068645640074 0.0742115027829314 0.205936920222635 0.0686456400742115
"pelSin" 0.224489795918367 0.226345083487941 0.189239332096475 0.202226345083488 0.205936920222635 0.185528756957328 0.205936920222635 0.205936920222635 0.211502782931354 0.228200371057514 0.217068645640074 0.204081632653061 0.228200371057514 0.217068645640074 0 0.205936920222635 0.202226345083488 0.204081632653061
"plaMeg" 0.0890538033395176 0.0705009276437848 0.168831168831169 0.0222634508348794 0.00927643784786642 0.176252319109462 0.0166975881261596 0.0222634508348794 0.0333951762523191 0.0630797773654917 0.0296846011131725 0.00927643784786642 0.0705009276437848 0.0742115027829314 0.205936920222635 0 0.226345083487941 0.00927643784786642
"podExp" 0.256029684601113 0.230055658627087 0.204081632653061 0.226345083487941 0.222634508348794 0.211502782931354 0.226345083487941 0.230055658627087 0.222634508348794 0.230055658627087 0.226345083487941 0.224489795918367 0.241187384044527 0.205936920222635 0.202226345083488 0.226345083487941 0 0.224489795918367
"terMex" 0.0871985157699443 0.0649350649350649 0.159554730983302 0.0166975881261596 0.00371057513914657 0.168831168831169 0.0111317254174397 0.012987012987013 0.0315398886827458 0.0538033395176252 0.0241187384044527 0.00371057513914657 0.0612244897959184 0.0686456400742115 0.204081632653061 0.00927643784786642 0.224489795918367 0
