"cheMyd" "cheSer" "cuoMcc" "derCor" "derMaw" "emySub" "malTer" "mesTub" "pelCas" "pelSin" "podExp" "terMex"
"cheMyd" 0 0.0251046025104603 0.0439330543933054 0.0271966527196653 0.0292887029288703 0.0606694560669456 0.148535564853556 0.0690376569037657 0.0920502092050209 0.0794979079497908 0.0899581589958159 0.121338912133891
"cheSer" 0.0251046025104603 0 0.0313807531380753 0.0230125523012552 0.0209205020920502 0.0481171548117155 0.140167364016736 0.0564853556485356 0.0857740585774059 0.0732217573221757 0.0794979079497908 0.110878661087866
"cuoMcc" 0.0439330543933054 0.0313807531380753 0 0.0418410041841004 0.0397489539748954 0.0648535564853557 0.144351464435146 0.0732217573221757 0.0920502092050209 0.0794979079497908 0.096234309623431 0.123430962343096
"derCor" 0.0271966527196653 0.0230125523012552 0.0418410041841004 0 0.0355648535564854 0.0564853556485356 0.150627615062762 0.0606694560669456 0.0857740585774059 0.0690376569037657 0.0836820083682008 0.121338912133891
"derMaw" 0.0292887029288703 0.0209205020920502 0.0397489539748954 0.0355648535564854 0 0.0627615062761506 0.140167364016736 0.0711297071129707 0.0941422594142259 0.0753138075313808 0.0899581589958159 0.117154811715481
"emySub" 0.0606694560669456 0.0481171548117155 0.0648535564853557 0.0564853556485356 0.0627615062761506 0 0.163179916317992 0.0292887029288703 0.0585774058577406 0.0774058577405858 0.0585774058577406 0.135983263598326
"malTer" 0.148535564853556 0.140167364016736 0.144351464435146 0.150627615062762 0.140167364016736 0.163179916317992 0 0.169456066945607 0.190376569037657 0.188284518828452 0.186192468619247 0.138075313807531
"mesTub" 0.0690376569037657 0.0564853556485356 0.0732217573221757 0.0606694560669456 0.0711297071129707 0.0292887029288703 0.169456066945607 0 0.0753138075313808 0.0753138075313808 0.0753138075313808 0.148535564853556
"pelCas" 0.0920502092050209 0.0857740585774059 0.0920502092050209 0.0857740585774059 0.0941422594142259 0.0585774058577406 0.190376569037657 0.0753138075313808 0 0.100418410041841 0.0857740585774059 0.165271966527197
"pelSin" 0.0794979079497908 0.0732217573221757 0.0794979079497908 0.0690376569037657 0.0753138075313808 0.0774058577405858 0.188284518828452 0.0753138075313808 0.100418410041841 0 0.098326359832636 0.161087866108787
"podExp" 0.0899581589958159 0.0794979079497908 0.096234309623431 0.0836820083682008 0.0899581589958159 0.0585774058577406 0.186192468619247 0.0753138075313808 0.0857740585774059 0.098326359832636 0 0.156903765690377
"terMex" 0.121338912133891 0.110878661087866 0.123430962343096 0.121338912133891 0.117154811715481 0.135983263598326 0.138075313807531 0.148535564853556 0.165271966527197 0.161087866108787 0.156903765690377 0
