"carIns" "cheAbi" "cheMyd" "cheSer" "chrPic" "cuoMcc" "derCor" "derMaw" "emySub" "gopAga" "malTer" "mesTub" "pelCas" "pelSin" "plaMeg" "podExp" "terMex"
"carIns" 0 0.0733725234051818 0.07228391029828 0.0677117352492924 0.0755497496189854 0.0748965817548443 0.0716307424341389 0.0799042020465926 0.0818637056390159 0.0768560853472676 0.0751143043762247 0.0822991508817766 0.0964511212715001 0.0748965817548443 0.0681471804920531 0.0947093403004572 0.0729370781624211
"cheAbi" 0.0733725234051818 0 0.0276507729153059 0.0250381014587416 0.0248203788373612 0.0137165251469628 0.0261267145656434 0.0376660134988025 0.0500762029174831 0.0113215763117788 0.0237317657304594 0.0502939255388635 0.0677117352492924 0.0524711517526671 0.0172000870890486 0.0627041149575441 0.0237317657304594
"cheMyd" 0.07228391029828 0.0276507729153059 0 0.0191595906814718 0.0241672109732201 0.0250381014587416 0.0128456346614413 0.0317875027215328 0.0468103635967777 0.0272153276725452 0.0241672109732201 0.046374918354017 0.0629218375789244 0.0476812540822992 0.0174178097104289 0.0611800566078816 0.0224254300021772
"cheSer" 0.0677117352492924 0.0250381014587416 0.0191595906814718 0 0.0239494883518398 0.0237317657304594 0.0193773133028522 0.0296102765077292 0.0437622468974526 0.0272153276725452 0.0228608752449379 0.0428913564119312 0.0618332244720226 0.0457217504898759 0.0165469192249075 0.0581319399085565 0.0226431526235576
"chrPic" 0.0755497496189854 0.0248203788373612 0.0241672109732201 0.0239494883518398 0 0.0222077073807969 0.0254735467015023 0.0365774003919007 0.0476812540822992 0.0254735467015023 0.00544306553450904 0.0476812540822992 0.0657522316568692 0.0511648160243849 0.0137165251469628 0.0607446113651208 0.0115392989331592
"cuoMcc" 0.0748965817548443 0.0137165251469628 0.0250381014587416 0.0237317657304594 0.0222077073807969 0 0.0246026562159808 0.0359242325277596 0.0502939255388635 0.0139342477683431 0.0211190942738951 0.049423035053342 0.067494012627912 0.0507293707816242 0.0141519703897235 0.0622686697147834 0.0211190942738951
"derCor" 0.0716307424341389 0.0261267145656434 0.0128456346614413 0.0193773133028522 0.0254735467015023 0.0246026562159808 0 0.0326583932070542 0.0470280862181581 0.0280862181580666 0.0254735467015023 0.046374918354017 0.0627041149575441 0.0483344219464402 0.0182887001959504 0.0607446113651208 0.0243849335946005
"derMaw" 0.0799042020465926 0.0376660134988025 0.0317875027215328 0.0296102765077292 0.0365774003919007 0.0359242325277596 0.0326583932070542 0 0.0522534291312867 0.0394077944698454 0.0359242325277596 0.0526888743740475 0.0690180709775746 0.0585673851513172 0.0296102765077292 0.0670585673851513 0.0359242325277596
"emySub" 0.0818637056390159 0.0500762029174831 0.0468103635967777 0.0437622468974526 0.0476812540822992 0.0502939255388635 0.0470280862181581 0.0522534291312867 0 0.0520357065099064 0.0472458088395384 0.0228608752449379 0.0561724363161332 0.0631395602003048 0.0424559111691705 0.0550838232092314 0.0472458088395384
"gopAga" 0.0768560853472676 0.0113215763117788 0.0272153276725452 0.0272153276725452 0.0254735467015023 0.0139342477683431 0.0280862181580666 0.0394077944698454 0.0520357065099064 0 0.0248203788373612 0.0520357065099064 0.0685826257348138 0.0537774874809493 0.0178532549531896 0.0640104506858263 0.0243849335946005
"malTer" 0.0751143043762247 0.0237317657304594 0.0241672109732201 0.0228608752449379 0.00544306553450904 0.0211190942738951 0.0254735467015023 0.0359242325277596 0.0472458088395384 0.0248203788373612 0 0.0474635314609188 0.0653167864141084 0.0507293707816242 0.0130633572828217 0.0609623339865012 0.0104506858262573
"mesTub" 0.0822991508817766 0.0502939255388635 0.046374918354017 0.0428913564119312 0.0476812540822992 0.049423035053342 0.046374918354017 0.0526888743740475 0.0228608752449379 0.0520357065099064 0.0474635314609188 0 0.0581319399085565 0.0616155018506423 0.0424559111691705 0.0570433268016547 0.0474635314609188
"pelCas" 0.0964511212715001 0.0677117352492924 0.0629218375789244 0.0618332244720226 0.0657522316568692 0.067494012627912 0.0627041149575441 0.0690180709775746 0.0561724363161332 0.0685826257348138 0.0653167864141084 0.0581319399085565 0 0.0790333115610712 0.059655998258219 0.0594382756368387 0.0648813411713477
"pelSin" 0.0748965817548443 0.0524711517526671 0.0476812540822992 0.0457217504898759 0.0511648160243849 0.0507293707816242 0.0483344219464402 0.0585673851513172 0.0631395602003048 0.0537774874809493 0.0507293707816242 0.0616155018506423 0.0790333115610712 0 0.0448508600043545 0.0740256912693229 0.0511648160243849
"plaMeg" 0.0681471804920531 0.0172000870890486 0.0174178097104289 0.0165469192249075 0.0137165251469628 0.0141519703897235 0.0182887001959504 0.0296102765077292 0.0424559111691705 0.0178532549531896 0.0130633572828217 0.0424559111691705 0.059655998258219 0.0448508600043545 0 0.0563901589375136 0.0121924667973002
"podExp" 0.0947093403004572 0.0627041149575441 0.0611800566078816 0.0581319399085565 0.0607446113651208 0.0622686697147834 0.0607446113651208 0.0670585673851513 0.0550838232092314 0.0640104506858263 0.0609623339865012 0.0570433268016547 0.0594382756368387 0.0740256912693229 0.0563901589375136 0 0.0613977792292619
"terMex" 0.0729370781624211 0.0237317657304594 0.0224254300021772 0.0226431526235576 0.0115392989331592 0.0211190942738951 0.0243849335946005 0.0359242325277596 0.0472458088395384 0.0243849335946005 0.0104506858262573 0.0474635314609188 0.0648813411713477 0.0511648160243849 0.0121924667973002 0.0613977792292619 0
