"carIns" "cheAbi" "cheMyd" "chrPic" "cuoAmb" "cuoMcc" "derCor" "derMaw" "emySub" "malTer" "mesTub" "pelCas" "pelSin" "plaMeg" "podExp"
"carIns" 0 0.0792349726775956 0.0983606557377049 0.0819672131147541 0.0901639344262295 0.087431693989071 0.092896174863388 0.0983606557377049 0.0983606557377049 0.092896174863388 0.120218579234973 0.158469945355191 0.0737704918032787 0.0819672131147541 0.120218579234973
"cheAbi" 0.0792349726775956 0 0.0573770491803279 0.0355191256830601 0.0273224043715847 0.0245901639344262 0.0519125683060109 0.0573770491803279 0.0819672131147541 0.040983606557377 0.092896174863388 0.131147540983607 0.0765027322404372 0.0300546448087432 0.0983606557377049
"cheMyd" 0.0983606557377049 0.0573770491803279 0 0.0491803278688525 0.0519125683060109 0.0519125683060109 0.0218579234972678 0.0519125683060109 0.0846994535519126 0.0546448087431694 0.101092896174863 0.133879781420765 0.0819672131147541 0.046448087431694 0.109289617486339
"chrPic" 0.0819672131147541 0.0355191256830601 0.0491803278688525 0 0.0300546448087432 0.0273224043715847 0.0437158469945355 0.0491803278688525 0.0765027322404372 0.0218579234972678 0.087431693989071 0.117486338797814 0.0628415300546448 0.0273224043715847 0.092896174863388
"cuoAmb" 0.0901639344262295 0.0273224043715847 0.0519125683060109 0.0300546448087432 0 0.00273224043715847 0.046448087431694 0.046448087431694 0.0737704918032787 0.0355191256830601 0.0846994535519126 0.128415300546448 0.0683060109289618 0.0191256830601093 0.0956284153005464
"cuoMcc" 0.087431693989071 0.0245901639344262 0.0519125683060109 0.0273224043715847 0.00273224043715847 0 0.046448087431694 0.0437158469945355 0.0710382513661202 0.0327868852459016 0.0819672131147541 0.12568306010929 0.0683060109289618 0.0163934426229508 0.092896174863388
"derCor" 0.092896174863388 0.0519125683060109 0.0218579234972678 0.0437158469945355 0.046448087431694 0.046448087431694 0 0.0491803278688525 0.0765027322404372 0.0491803278688525 0.092896174863388 0.133879781420765 0.0765027322404372 0.040983606557377 0.101092896174863
"derMaw" 0.0983606557377049 0.0573770491803279 0.0519125683060109 0.0491803278688525 0.046448087431694 0.0437158469945355 0.0491803278688525 0 0.0819672131147541 0.0491803278688525 0.0983606557377049 0.147540983606557 0.0819672131147541 0.0437158469945355 0.103825136612022
"emySub" 0.0983606557377049 0.0819672131147541 0.0846994535519126 0.0765027322404372 0.0737704918032787 0.0710382513661202 0.0765027322404372 0.0819672131147541 0 0.0846994535519126 0.0218579234972678 0.0901639344262295 0.0956284153005464 0.0710382513661202 0.0491803278688525
"malTer" 0.092896174863388 0.040983606557377 0.0546448087431694 0.0218579234972678 0.0355191256830601 0.0327868852459016 0.0491803278688525 0.0491803278688525 0.0846994535519126 0 0.0956284153005464 0.117486338797814 0.0737704918032787 0.0327868852459016 0.0956284153005464
"mesTub" 0.120218579234973 0.092896174863388 0.101092896174863 0.087431693989071 0.0846994535519126 0.0819672131147541 0.092896174863388 0.0983606557377049 0.0218579234972678 0.0956284153005464 0 0.10655737704918 0.109289617486339 0.087431693989071 0.0710382513661202
"pelCas" 0.158469945355191 0.131147540983607 0.133879781420765 0.117486338797814 0.128415300546448 0.12568306010929 0.133879781420765 0.147540983606557 0.0901639344262295 0.117486338797814 0.10655737704918 0 0.131147540983607 0.120218579234973 0.0956284153005464
"pelSin" 0.0737704918032787 0.0765027322404372 0.0819672131147541 0.0628415300546448 0.0683060109289618 0.0683060109289618 0.0765027322404372 0.0819672131147541 0.0956284153005464 0.0737704918032787 0.109289617486339 0.131147540983607 0 0.0683060109289618 0.101092896174863
"plaMeg" 0.0819672131147541 0.0300546448087432 0.046448087431694 0.0273224043715847 0.0191256830601093 0.0163934426229508 0.040983606557377 0.0437158469945355 0.0710382513661202 0.0327868852459016 0.087431693989071 0.120218579234973 0.0683060109289618 0 0.092896174863388
"podExp" 0.120218579234973 0.0983606557377049 0.109289617486339 0.092896174863388 0.0956284153005464 0.092896174863388 0.101092896174863 0.103825136612022 0.0491803278688525 0.0956284153005464 0.0710382513661202 0.0956284153005464 0.101092896174863 0.092896174863388 0
