"carIns" "cheAbi" "cheMyd" "cheSer" "chrPic" "cuoAmb" "cuoMcc" "derCor" "derMaw" "emySub" "gopAga" "malTer" "mesTub" "pelCas" "pelSin" "podExp" "terMex"
"carIns" 0 0.0355987055016181 0.0226537216828479 0.0258899676375405 0.029126213592233 0.029126213592233 0.226537216828479 0.0226537216828479 0.029126213592233 0.0355987055016181 0.0226537216828479 0.0323624595469256 0.161812297734628 0.0388349514563107 0.0614886731391586 0.0388349514563107 0.0420711974110032
"cheAbi" 0.0355987055016181 0 0.0226537216828479 0.0258899676375405 0.0161812297734628 0.00970873786407767 0.223300970873786 0.0226537216828479 0.0355987055016181 0.0323624595469256 0.0129449838187702 0.0194174757281553 0.16504854368932 0.0420711974110032 0.0711974110032362 0.0420711974110032 0.029126213592233
"cheMyd" 0.0226537216828479 0.0226537216828479 0 0.0129449838187702 0.0129449838187702 0.0129449838187702 0.220064724919094 0.00647249190938511 0.0194174757281553 0.0258899676375405 0.0161812297734628 0.0161812297734628 0.145631067961165 0.029126213592233 0.058252427184466 0.0226537216828479 0.0258899676375405
"cheSer" 0.0258899676375405 0.0258899676375405 0.0129449838187702 0 0.0161812297734628 0.0194174757281553 0.216828478964401 0.0129449838187702 0.0258899676375405 0.029126213592233 0.0194174757281553 0.0194174757281553 0.155339805825243 0.0323624595469256 0.0614886731391586 0.0323624595469256 0.029126213592233
"chrPic" 0.029126213592233 0.0161812297734628 0.0129449838187702 0.0161812297734628 0 0.00647249190938511 0.220064724919094 0.0129449838187702 0.0258899676375405 0.0323624595469256 0.0161812297734628 0.00323624595469256 0.158576051779935 0.0355987055016181 0.0647249190938511 0.0355987055016181 0.0129449838187702
"cuoAmb" 0.029126213592233 0.00970873786407767 0.0129449838187702 0.0194174757281553 0.00647249190938511 0 0.226537216828479 0.0129449838187702 0.0258899676375405 0.0323624595469256 0.00970873786407767 0.00970873786407767 0.158576051779935 0.0355987055016181 0.0647249190938511 0.0355987055016181 0.0194174757281553
"cuoMcc" 0.226537216828479 0.223300970873786 0.220064724919094 0.216828478964401 0.220064724919094 0.226537216828479 0 0.220064724919094 0.223300970873786 0.223300970873786 0.220064724919094 0.223300970873786 0.300970873786408 0.233009708737864 0.216828478964401 0.216828478964401 0.233009708737864
"derCor" 0.0226537216828479 0.0226537216828479 0.00647249190938511 0.0129449838187702 0.0129449838187702 0.0129449838187702 0.220064724919094 0 0.0194174757281553 0.0194174757281553 0.0161812297734628 0.0161812297734628 0.145631067961165 0.029126213592233 0.058252427184466 0.029126213592233 0.0258899676375405
"derMaw" 0.029126213592233 0.0355987055016181 0.0194174757281553 0.0258899676375405 0.0258899676375405 0.0258899676375405 0.223300970873786 0.0194174757281553 0 0.0388349514563107 0.029126213592233 0.029126213592233 0.158576051779935 0.0420711974110032 0.0679611650485437 0.0388349514563107 0.0388349514563107
"emySub" 0.0355987055016181 0.0323624595469256 0.0258899676375405 0.029126213592233 0.0323624595469256 0.0323624595469256 0.223300970873786 0.0194174757281553 0.0388349514563107 0 0.0323624595469256 0.0355987055016181 0.135922330097087 0.029126213592233 0.0647249190938511 0.029126213592233 0.0453074433656958
"gopAga" 0.0226537216828479 0.0129449838187702 0.0161812297734628 0.0194174757281553 0.0161812297734628 0.00970873786407767 0.220064724919094 0.0161812297734628 0.029126213592233 0.0323624595469256 0 0.0194174757281553 0.158576051779935 0.0355987055016181 0.0647249190938511 0.0355987055016181 0.029126213592233
"malTer" 0.0323624595469256 0.0194174757281553 0.0161812297734628 0.0194174757281553 0.00323624595469256 0.00970873786407767 0.223300970873786 0.0161812297734628 0.029126213592233 0.0355987055016181 0.0194174757281553 0 0.161812297734628 0.0388349514563107 0.0647249190938511 0.0388349514563107 0.0161812297734628
"mesTub" 0.161812297734628 0.16504854368932 0.145631067961165 0.155339805825243 0.158576051779935 0.158576051779935 0.300970873786408 0.145631067961165 0.158576051779935 0.135922330097087 0.158576051779935 0.161812297734628 0 0.142394822006472 0.171521035598705 0.135922330097087 0.158576051779935
"pelCas" 0.0388349514563107 0.0420711974110032 0.029126213592233 0.0323624595469256 0.0355987055016181 0.0355987055016181 0.233009708737864 0.029126213592233 0.0420711974110032 0.029126213592233 0.0355987055016181 0.0388349514563107 0.142394822006472 0 0.0614886731391586 0.0323624595469256 0.0323624595469256
"pelSin" 0.0614886731391586 0.0711974110032362 0.058252427184466 0.0614886731391586 0.0647249190938511 0.0647249190938511 0.216828478964401 0.058252427184466 0.0679611650485437 0.0647249190938511 0.0647249190938511 0.0647249190938511 0.171521035598705 0.0614886731391586 0 0.0614886731391586 0.0711974110032362
"podExp" 0.0388349514563107 0.0420711974110032 0.0226537216828479 0.0323624595469256 0.0355987055016181 0.0355987055016181 0.216828478964401 0.029126213592233 0.0388349514563107 0.029126213592233 0.0355987055016181 0.0388349514563107 0.135922330097087 0.0323624595469256 0.0614886731391586 0 0.0485436893203883
"terMex" 0.0420711974110032 0.029126213592233 0.0258899676375405 0.029126213592233 0.0129449838187702 0.0194174757281553 0.233009708737864 0.0258899676375405 0.0388349514563107 0.0453074433656958 0.029126213592233 0.0161812297734628 0.158576051779935 0.0323624595469256 0.0711974110032362 0.0485436893203883 0
