"carIns" "cheAbi" "cheMyd" "cheSer" "chrPic" "cuoAmb" "cuoMcc" "derCor" "derMaw" "emySub" "gopAga" "malTer" "mesTub" "pelCas" "pelSin" "plaMeg" "podExp" "terMex"
"carIns" 0 0.0799086757990868 0.107305936073059 0.089041095890411 0.093607305936073 0.0707762557077626 0.0753424657534247 0.093607305936073 0.0844748858447489 0.0981735159817352 0.091324200913242 0.0753424657534247 0.105022831050228 0.13013698630137 0.157534246575342 0.0707762557077626 0.114155251141553 0.0730593607305936
"cheAbi" 0.0799086757990868 0 0.0662100456621005 0.0410958904109589 0.0570776255707763 0.0182648401826484 0.0228310502283105 0.0593607305936073 0.0410958904109589 0.0547945205479452 0.045662100456621 0.0273972602739726 0.0707762557077626 0.0958904109589041 0.141552511415525 0.0228310502283105 0.0753424657534247 0.0273972602739726
"cheMyd" 0.107305936073059 0.0662100456621005 0 0.0570776255707763 0.045662100456621 0.0525114155251142 0.0570776255707763 0.0547945205479452 0.0639269406392694 0.0821917808219178 0.0547945205479452 0.047945205479452 0.0821917808219178 0.091324200913242 0.148401826484018 0.0525114155251142 0.105022831050228 0.047945205479452
"cheSer" 0.089041095890411 0.0410958904109589 0.0570776255707763 0 0.0502283105022831 0.0273972602739726 0.0319634703196347 0.0547945205479452 0.0365296803652968 0.0593607305936073 0.0593607305936073 0.0205479452054795 0.0753424657534247 0.102739726027397 0.132420091324201 0.0228310502283105 0.0776255707762557 0.0205479452054795
"chrPic" 0.093607305936073 0.0570776255707763 0.045662100456621 0.0502283105022831 0 0.04337899543379 0.047945205479452 0.0525114155251142 0.0502283105022831 0.0799086757990868 0.0525114155251142 0.0342465753424658 0.0753424657534247 0.091324200913242 0.143835616438356 0.04337899543379 0.0958904109589041 0.0342465753424658
"cuoAmb" 0.0707762557077626 0.0182648401826484 0.0525114155251142 0.0273972602739726 0.04337899543379 0 0.0045662100456621 0.045662100456621 0.0273972602739726 0.045662100456621 0.0410958904109589 0.0136986301369863 0.0662100456621005 0.093607305936073 0.134703196347032 0.0136986301369863 0.0707762557077626 0.0136986301369863
"cuoMcc" 0.0753424657534247 0.0228310502283105 0.0570776255707763 0.0319634703196347 0.047945205479452 0.0045662100456621 0 0.0502283105022831 0.0319634703196347 0.0502283105022831 0.045662100456621 0.0182648401826484 0.0707762557077626 0.0981735159817352 0.139269406392694 0.0182648401826484 0.0753424657534247 0.0182648401826484
"derCor" 0.093607305936073 0.0593607305936073 0.0547945205479452 0.0547945205479452 0.0525114155251142 0.045662100456621 0.0502283105022831 0 0.0616438356164384 0.0753424657534247 0.0616438356164384 0.045662100456621 0.0662100456621005 0.0958904109589041 0.143835616438356 0.045662100456621 0.0958904109589041 0.045662100456621
"derMaw" 0.0844748858447489 0.0410958904109589 0.0639269406392694 0.0365296803652968 0.0502283105022831 0.0273972602739726 0.0319634703196347 0.0616438356164384 0 0.0593607305936073 0.0616438356164384 0.0251141552511416 0.0730593607305936 0.100456621004566 0.139269406392694 0.0319634703196347 0.0799086757990868 0.0251141552511416
"emySub" 0.0981735159817352 0.0547945205479452 0.0821917808219178 0.0593607305936073 0.0799086757990868 0.045662100456621 0.0502283105022831 0.0753424657534247 0.0593607305936073 0 0.0776255707762557 0.0502283105022831 0.0388127853881279 0.0707762557077626 0.157534246575342 0.045662100456621 0.047945205479452 0.047945205479452
"gopAga" 0.091324200913242 0.045662100456621 0.0547945205479452 0.0593607305936073 0.0525114155251142 0.0410958904109589 0.045662100456621 0.0616438356164384 0.0616438356164384 0.0776255707762557 0 0.045662100456621 0.0799086757990868 0.102739726027397 0.15296803652968 0.0410958904109589 0.0981735159817352 0.045662100456621
"malTer" 0.0753424657534247 0.0273972602739726 0.047945205479452 0.0205479452054795 0.0342465753424658 0.0136986301369863 0.0182648401826484 0.045662100456621 0.0251141552511416 0.0502283105022831 0.045662100456621 0 0.0662100456621005 0.093607305936073 0.13013698630137 0.0136986301369863 0.0707762557077626 0.0045662100456621
"mesTub" 0.105022831050228 0.0707762557077626 0.0821917808219178 0.0753424657534247 0.0753424657534247 0.0662100456621005 0.0707762557077626 0.0662100456621005 0.0730593607305936 0.0388127853881279 0.0799086757990868 0.0662100456621005 0 0.0684931506849315 0.159817351598174 0.0616438356164384 0.0639269406392694 0.0639269406392694
"pelCas" 0.13013698630137 0.0958904109589041 0.091324200913242 0.102739726027397 0.091324200913242 0.093607305936073 0.0981735159817352 0.0958904109589041 0.100456621004566 0.0707762557077626 0.102739726027397 0.093607305936073 0.0684931506849315 0 0.175799086757991 0.089041095890411 0.0821917808219178 0.091324200913242
"pelSin" 0.157534246575342 0.141552511415525 0.148401826484018 0.132420091324201 0.143835616438356 0.134703196347032 0.139269406392694 0.143835616438356 0.139269406392694 0.157534246575342 0.15296803652968 0.13013698630137 0.159817351598174 0.175799086757991 0 0.134703196347032 0.178082191780822 0.127853881278539
"plaMeg" 0.0707762557077626 0.0228310502283105 0.0525114155251142 0.0228310502283105 0.04337899543379 0.0136986301369863 0.0182648401826484 0.045662100456621 0.0319634703196347 0.045662100456621 0.0410958904109589 0.0136986301369863 0.0616438356164384 0.089041095890411 0.134703196347032 0 0.0662100456621005 0.0136986301369863
"podExp" 0.114155251141553 0.0753424657534247 0.105022831050228 0.0776255707762557 0.0958904109589041 0.0707762557077626 0.0753424657534247 0.0958904109589041 0.0799086757990868 0.047945205479452 0.0981735159817352 0.0707762557077626 0.0639269406392694 0.0821917808219178 0.178082191780822 0.0662100456621005 0 0.0684931506849315
"terMex" 0.0730593607305936 0.0273972602739726 0.047945205479452 0.0205479452054795 0.0342465753424658 0.0136986301369863 0.0182648401826484 0.045662100456621 0.0251141552511416 0.047945205479452 0.045662100456621 0.0045662100456621 0.0639269406392694 0.091324200913242 0.127853881278539 0.0136986301369863 0.0684931506849315 0
