"carIns" "cheAbi" "cheMyd" "cheSer" "chrPic" "cuoAmb" "cuoMcc" "derCor" "derMaw" "emySub" "gopAga" "malTer" "pelCas" "pelSin" "plaMeg" "podExp" "terMex"
"carIns" 0 0.0742574257425743 0.0767326732673267 0.0717821782178218 0.0816831683168317 0.0816831683168317 0.0668316831683168 0.0742574257425743 0.0866336633663366 0.0940594059405941 0.0767326732673267 0.0841584158415842 0.0891089108910891 0.0792079207920792 0.0742574257425743 0.099009900990099 0.0767326732673267
"cheAbi" 0.0742574257425743 0 0.0321782178217822 0.0297029702970297 0.0297029702970297 0.0173267326732673 0.0173267326732673 0.0297029702970297 0.047029702970297 0.0618811881188119 0.0247524752475248 0.0321782178217822 0.0792079207920792 0.0618811881188119 0.0247524752475248 0.0767326732673267 0.0247524752475248
"cheMyd" 0.0767326732673267 0.0321782178217822 0 0.0173267326732673 0.0297029702970297 0.0396039603960396 0.0247524752475248 0.0123762376237624 0.0346534653465347 0.0495049504950495 0.0321782178217822 0.0321782178217822 0.0717821782178218 0.0569306930693069 0.0247524752475248 0.0643564356435644 0.0247524752475248
"cheSer" 0.0717821782178218 0.0297029702970297 0.0173267326732673 0 0.0272277227722772 0.0371287128712871 0.0222772277227723 0.0148514851485149 0.0321782178217822 0.0569306930693069 0.0297029702970297 0.0297029702970297 0.0717821782178218 0.051980198019802 0.0222772277227723 0.0618811881188119 0.0222772277227723
"chrPic" 0.0816831683168317 0.0297029702970297 0.0297029702970297 0.0272277227722772 0 0.0321782178217822 0.0173267326732673 0.0272277227722772 0.0445544554455446 0.0618811881188119 0.0247524752475248 0.00247524752475248 0.0792079207920792 0.0643564356435644 0.0148514851485149 0.0693069306930693 0.00495049504950495
"cuoAmb" 0.0816831683168317 0.0173267326732673 0.0396039603960396 0.0371287128712871 0.0321782178217822 0 0.0148514851485149 0.0371287128712871 0.0495049504950495 0.0693069306930693 0.0247524752475248 0.0346534653465347 0.0841584158415842 0.0693069306930693 0.0272277227722772 0.0841584158415842 0.0272277227722772
"cuoMcc" 0.0668316831683168 0.0173267326732673 0.0247524752475248 0.0222772277227723 0.0173267326732673 0.0148514851485149 0 0.0222772277227723 0.0346534653465347 0.0544554455445545 0.0099009900990099 0.0198019801980198 0.0693069306930693 0.0544554455445545 0.0123762376237624 0.0693069306930693 0.0123762376237624
"derCor" 0.0742574257425743 0.0297029702970297 0.0123762376237624 0.0148514851485149 0.0272277227722772 0.0371287128712871 0.0222772277227723 0 0.0272277227722772 0.051980198019802 0.0297029702970297 0.0297029702970297 0.0693069306930693 0.0569306930693069 0.0222772277227723 0.0594059405940594 0.0222772277227723
"derMaw" 0.0866336633663366 0.047029702970297 0.0346534653465347 0.0321782178217822 0.0445544554455446 0.0495049504950495 0.0346534653465347 0.0272277227722772 0 0.0742574257425743 0.0445544554455446 0.047029702970297 0.0891089108910891 0.0742574257425743 0.0396039603960396 0.0841584158415842 0.0396039603960396
"emySub" 0.0940594059405941 0.0618811881188119 0.0495049504950495 0.0569306930693069 0.0618811881188119 0.0693069306930693 0.0544554455445545 0.051980198019802 0.0742574257425743 0 0.0618811881188119 0.0643564356435644 0.051980198019802 0.0792079207920792 0.0594059405940594 0.0495049504950495 0.0594059405940594
"gopAga" 0.0767326732673267 0.0247524752475248 0.0321782178217822 0.0297029702970297 0.0247524752475248 0.0247524752475248 0.0099009900990099 0.0297029702970297 0.0445544554455446 0.0618811881188119 0 0.0272277227722772 0.0742574257425743 0.0618811881188119 0.0198019801980198 0.0767326732673267 0.0198019801980198
"malTer" 0.0841584158415842 0.0321782178217822 0.0321782178217822 0.0297029702970297 0.00247524752475248 0.0346534653465347 0.0198019801980198 0.0297029702970297 0.047029702970297 0.0643564356435644 0.0272277227722772 0 0.0816831683168317 0.0668316831683168 0.0173267326732673 0.0717821782178218 0.00742574257425743
"pelCas" 0.0891089108910891 0.0792079207920792 0.0717821782178218 0.0717821782178218 0.0792079207920792 0.0841584158415842 0.0693069306930693 0.0693069306930693 0.0891089108910891 0.051980198019802 0.0742574257425743 0.0816831683168317 0 0.0915841584158416 0.0767326732673267 0.0371287128712871 0.0767326732673267
"pelSin" 0.0792079207920792 0.0618811881188119 0.0569306930693069 0.051980198019802 0.0643564356435644 0.0693069306930693 0.0544554455445545 0.0569306930693069 0.0742574257425743 0.0792079207920792 0.0618811881188119 0.0668316831683168 0.0915841584158416 0 0.0594059405940594 0.0891089108910891 0.0594059405940594
"plaMeg" 0.0742574257425743 0.0247524752475248 0.0247524752475248 0.0222772277227723 0.0148514851485149 0.0272277227722772 0.0123762376237624 0.0222772277227723 0.0396039603960396 0.0594059405940594 0.0198019801980198 0.0173267326732673 0.0767326732673267 0.0594059405940594 0 0.0693069306930693 0.0099009900990099
"podExp" 0.099009900990099 0.0767326732673267 0.0643564356435644 0.0618811881188119 0.0693069306930693 0.0841584158415842 0.0693069306930693 0.0594059405940594 0.0841584158415842 0.0495049504950495 0.0767326732673267 0.0717821782178218 0.0371287128712871 0.0891089108910891 0.0693069306930693 0 0.0668316831683168
"terMex" 0.0767326732673267 0.0247524752475248 0.0247524752475248 0.0222772277227723 0.00495049504950495 0.0272277227722772 0.0123762376237624 0.0222772277227723 0.0396039603960396 0.0594059405940594 0.0198019801980198 0.00742574257425743 0.0767326732673267 0.0594059405940594 0.0099009900990099 0.0668316831683168 0
