"carIns" "cheAbi" "cheMyd" "cheSer" "chrPic" "cuoAmb" "cuoMcc" "derCor" "derMaw" "emySub" "gopAga" "malTer" "mesTub" "pelCas" "pelSin" "plaMeg" "podExp" "terMex"
"carIns" 0 0.214532871972318 0.0726643598615917 0.0830449826989619 0.0795847750865052 0.0761245674740484 0.0761245674740484 0.0899653979238754 0.0795847750865052 0.0968858131487889 0.224913494809689 0.0830449826989619 0.0899653979238754 0.228373702422145 0.0761245674740484 0.0795847750865052 0.145328719723183 0.0761245674740484
"cheAbi" 0.214532871972318 0 0.179930795847751 0.193771626297578 0.186851211072664 0.183391003460208 0.183391003460208 0.186851211072664 0.204152249134948 0.221453287197232 0.207612456747405 0.179930795847751 0.207612456747405 0.273356401384083 0.217993079584775 0.186851211072664 0.262975778546713 0.179930795847751
"cheMyd" 0.0726643598615917 0.179930795847751 0 0.0380622837370242 0.041522491349481 0.0346020761245675 0.0346020761245675 0.027681660899654 0.041522491349481 0.0865051903114187 0.179930795847751 0.0311418685121107 0.0726643598615917 0.228373702422145 0.0726643598615917 0.0346020761245675 0.134948096885813 0.0242214532871972
"cheSer" 0.0830449826989619 0.193771626297578 0.0380622837370242 0 0.0588235294117647 0.0519031141868512 0.0519031141868512 0.0519031141868512 0.0449826989619377 0.103806228373702 0.186851211072664 0.0484429065743945 0.0899653979238754 0.231833910034602 0.0899653979238754 0.0449826989619377 0.13840830449827 0.041522491349481
"chrPic" 0.0795847750865052 0.186851211072664 0.041522491349481 0.0588235294117647 0 0.0449826989619377 0.0449826989619377 0.0622837370242214 0.0622837370242214 0.103806228373702 0.186851211072664 0.0207612456747405 0.0899653979238754 0.235294117647059 0.0899653979238754 0.0484429065743945 0.13840830449827 0.0207612456747405
"cuoAmb" 0.0761245674740484 0.183391003460208 0.0346020761245675 0.0519031141868512 0.0449826989619377 0 0.013840830449827 0.055363321799308 0.0484429065743945 0.0830449826989619 0.179930795847751 0.0380622837370242 0.0761245674740484 0.214532871972318 0.0726643598615917 0.041522491349481 0.131487889273356 0.0311418685121107
"cuoMcc" 0.0761245674740484 0.183391003460208 0.0346020761245675 0.0519031141868512 0.0449826989619377 0.013840830449827 0 0.055363321799308 0.0484429065743945 0.0865051903114187 0.179930795847751 0.0380622837370242 0.0795847750865052 0.217993079584775 0.0761245674740484 0.041522491349481 0.134948096885813 0.0311418685121107
"derCor" 0.0899653979238754 0.186851211072664 0.027681660899654 0.0519031141868512 0.0622837370242214 0.055363321799308 0.055363321799308 0 0.0622837370242214 0.100346020761246 0.183391003460208 0.0519031141868512 0.0865051903114187 0.242214532871972 0.0865051903114187 0.0519031141868512 0.145328719723183 0.0449826989619377
"derMaw" 0.0795847750865052 0.204152249134948 0.041522491349481 0.0449826989619377 0.0622837370242214 0.0484429065743945 0.0484429065743945 0.0622837370242214 0 0.100346020761246 0.197231833910035 0.0519031141868512 0.0934256055363322 0.242214532871972 0.0865051903114187 0.0484429065743945 0.14878892733564 0.0449826989619377
"emySub" 0.0968858131487889 0.221453287197232 0.0865051903114187 0.103806228373702 0.103806228373702 0.0830449826989619 0.0865051903114187 0.100346020761246 0.100346020761246 0 0.221453287197232 0.0934256055363322 0.027681660899654 0.214532871972318 0.0761245674740484 0.0968858131487889 0.103806228373702 0.0865051903114187
"gopAga" 0.224913494809689 0.207612456747405 0.179930795847751 0.186851211072664 0.186851211072664 0.179930795847751 0.179930795847751 0.183391003460208 0.197231833910035 0.221453287197232 0 0.169550173010381 0.200692041522491 0.311418685121107 0.217993079584775 0.173010380622837 0.252595155709343 0.173010380622837
"malTer" 0.0830449826989619 0.179930795847751 0.0311418685121107 0.0484429065743945 0.0207612456747405 0.0380622837370242 0.0380622837370242 0.0519031141868512 0.0519031141868512 0.0934256055363322 0.169550173010381 0 0.0795847750865052 0.224913494809689 0.0795847750865052 0.0380622837370242 0.134948096885813 0.0103806228373702
"mesTub" 0.0899653979238754 0.207612456747405 0.0726643598615917 0.0899653979238754 0.0899653979238754 0.0761245674740484 0.0795847750865052 0.0865051903114187 0.0934256055363322 0.027681660899654 0.200692041522491 0.0795847750865052 0 0.207612456747405 0.0657439446366782 0.0830449826989619 0.100346020761246 0.0726643598615917
"pelCas" 0.228373702422145 0.273356401384083 0.228373702422145 0.231833910034602 0.235294117647059 0.214532871972318 0.217993079584775 0.242214532871972 0.242214532871972 0.214532871972318 0.311418685121107 0.224913494809689 0.207612456747405 0 0.235294117647059 0.231833910034602 0.217993079584775 0.224913494809689
"pelSin" 0.0761245674740484 0.217993079584775 0.0726643598615917 0.0899653979238754 0.0899653979238754 0.0726643598615917 0.0761245674740484 0.0865051903114187 0.0865051903114187 0.0761245674740484 0.217993079584775 0.0795847750865052 0.0657439446366782 0.235294117647059 0 0.0865051903114187 0.121107266435986 0.0726643598615917
"plaMeg" 0.0795847750865052 0.186851211072664 0.0346020761245675 0.0449826989619377 0.0484429065743945 0.041522491349481 0.041522491349481 0.0519031141868512 0.0484429065743945 0.0968858131487889 0.173010380622837 0.0380622837370242 0.0830449826989619 0.231833910034602 0.0865051903114187 0 0.131487889273356 0.0311418685121107
"podExp" 0.145328719723183 0.262975778546713 0.134948096885813 0.13840830449827 0.13840830449827 0.131487889273356 0.134948096885813 0.145328719723183 0.14878892733564 0.103806228373702 0.252595155709343 0.134948096885813 0.100346020761246 0.217993079584775 0.121107266435986 0.131487889273356 0 0.1280276816609
"terMex" 0.0761245674740484 0.179930795847751 0.0242214532871972 0.041522491349481 0.0207612456747405 0.0311418685121107 0.0311418685121107 0.0449826989619377 0.0449826989619377 0.0865051903114187 0.173010380622837 0.0103806228373702 0.0726643598615917 0.224913494809689 0.0726643598615917 0.0311418685121107 0.1280276816609 0
