"carIns" "cheAbi" "cheMyd" "cheSer" "chrPic" "cuoAmb" "cuoMcc" "derCor" "derMaw" "emySub" "gopAga" "malTer" "mesTub" "pelSin" "plaMeg" "podExp" "terMex"
"carIns" 0 0.0823170731707317 0.0670731707317073 0.0731707317073171 0.0731707317073171 0.0884146341463415 0.0853658536585366 0.0701219512195122 0.076219512195122 0.0914634146341463 0.0823170731707317 0.076219512195122 0.0945121951219512 0.0945121951219512 0.0701219512195122 0.128048780487805 0.076219512195122
"cheAbi" 0.0823170731707317 0 0.048780487804878 0.0396341463414634 0.0274390243902439 0.024390243902439 0.0213414634146341 0.0365853658536585 0.0548780487804878 0.0823170731707317 0.0213414634146341 0.024390243902439 0.0823170731707317 0.0853658536585366 0.0304878048780488 0.115853658536585 0.024390243902439
"cheMyd" 0.0670731707317073 0.048780487804878 0 0.0396341463414634 0.0396341463414634 0.0548780487804878 0.0518292682926829 0.0182926829268293 0.0426829268292683 0.0670731707317073 0.0518292682926829 0.0426829268292683 0.0823170731707317 0.0884146341463415 0.0426829268292683 0.11280487804878 0.0426829268292683
"cheSer" 0.0731707317073171 0.0396341463414634 0.0396341463414634 0 0.0304878048780488 0.0396341463414634 0.0426829268292683 0.0335365853658537 0.0396341463414634 0.0792682926829268 0.0426829268292683 0.0335365853658537 0.0731707317073171 0.0792682926829268 0.0335365853658537 0.11890243902439 0.0335365853658537
"chrPic" 0.0731707317073171 0.0274390243902439 0.0396341463414634 0.0304878048780488 0 0.0335365853658537 0.0304878048780488 0.0274390243902439 0.0457317073170732 0.0731707317073171 0.0304878048780488 0.00304878048780488 0.0731707317073171 0.0792682926829268 0.0213414634146341 0.109756097560976 0.0152439024390244
"cuoAmb" 0.0884146341463415 0.024390243902439 0.0548780487804878 0.0396341463414634 0.0335365853658537 0 0.00304878048780488 0.0426829268292683 0.0518292682926829 0.0945121951219512 0.0274390243902439 0.0365853658536585 0.0884146341463415 0.0884146341463415 0.0365853658536585 0.125 0.0304878048780488
"cuoMcc" 0.0853658536585366 0.0213414634146341 0.0518292682926829 0.0426829268292683 0.0304878048780488 0.00304878048780488 0 0.0396341463414634 0.048780487804878 0.0914634146341463 0.024390243902439 0.0335365853658537 0.0914634146341463 0.0884146341463415 0.0335365853658537 0.121951219512195 0.0274390243902439
"derCor" 0.0701219512195122 0.0365853658536585 0.0182926829268293 0.0335365853658537 0.0274390243902439 0.0426829268292683 0.0396341463414634 0 0.048780487804878 0.0701219512195122 0.0396341463414634 0.0304878048780488 0.076219512195122 0.0823170731707317 0.0304878048780488 0.11280487804878 0.0304878048780488
"derMaw" 0.076219512195122 0.0548780487804878 0.0426829268292683 0.0396341463414634 0.0457317073170732 0.0518292682926829 0.048780487804878 0.048780487804878 0 0.0853658536585366 0.0579268292682927 0.048780487804878 0.0945121951219512 0.0975609756097561 0.048780487804878 0.121951219512195 0.048780487804878
"emySub" 0.0914634146341463 0.0823170731707317 0.0670731707317073 0.0792682926829268 0.0731707317073171 0.0945121951219512 0.0914634146341463 0.0701219512195122 0.0853658536585366 0 0.0853658536585366 0.076219512195122 0.048780487804878 0.100609756097561 0.076219512195122 0.0792682926829268 0.0823170731707317
"gopAga" 0.0823170731707317 0.0213414634146341 0.0518292682926829 0.0426829268292683 0.0304878048780488 0.0274390243902439 0.024390243902439 0.0396341463414634 0.0579268292682927 0.0853658536585366 0 0.0335365853658537 0.0853658536585366 0.076219512195122 0.0335365853658537 0.115853658536585 0.0274390243902439
"malTer" 0.076219512195122 0.024390243902439 0.0426829268292683 0.0335365853658537 0.00304878048780488 0.0365853658536585 0.0335365853658537 0.0304878048780488 0.048780487804878 0.076219512195122 0.0335365853658537 0 0.076219512195122 0.0823170731707317 0.024390243902439 0.11280487804878 0.0182926829268293
"mesTub" 0.0945121951219512 0.0823170731707317 0.0823170731707317 0.0731707317073171 0.0731707317073171 0.0884146341463415 0.0914634146341463 0.076219512195122 0.0945121951219512 0.048780487804878 0.0853658536585366 0.076219512195122 0 0.0975609756097561 0.076219512195122 0.0823170731707317 0.0823170731707317
"pelSin" 0.0945121951219512 0.0853658536585366 0.0884146341463415 0.0792682926829268 0.0792682926829268 0.0884146341463415 0.0884146341463415 0.0823170731707317 0.0975609756097561 0.100609756097561 0.076219512195122 0.0823170731707317 0.0975609756097561 0 0.076219512195122 0.143292682926829 0.0823170731707317
"plaMeg" 0.0701219512195122 0.0304878048780488 0.0426829268292683 0.0335365853658537 0.0213414634146341 0.0365853658536585 0.0335365853658537 0.0304878048780488 0.048780487804878 0.076219512195122 0.0335365853658537 0.024390243902439 0.076219512195122 0.076219512195122 0 0.106707317073171 0.0182926829268293
"podExp" 0.128048780487805 0.115853658536585 0.11280487804878 0.11890243902439 0.109756097560976 0.125 0.121951219512195 0.11280487804878 0.121951219512195 0.0792682926829268 0.115853658536585 0.11280487804878 0.0823170731707317 0.143292682926829 0.106707317073171 0 0.11280487804878
"terMex" 0.076219512195122 0.024390243902439 0.0426829268292683 0.0335365853658537 0.0152439024390244 0.0304878048780488 0.0274390243902439 0.0304878048780488 0.048780487804878 0.0823170731707317 0.0274390243902439 0.0182926829268293 0.0823170731707317 0.0823170731707317 0.0182926829268293 0.11280487804878 0
