"carIns" "cheAbi" "cheMyd" "chrPic" "cuoAmb" "cuoMcc" "derCor" "derMaw" "emySub" "gopAga" "mesTub" "pelCas" "pelSin" "plaMeg" "terMex"
"carIns" 0 0.093984962406015 0.0789473684210526 0.0676691729323308 0.0714285714285714 0.075187969924812 0.0864661654135338 0.093984962406015 0.0789473684210526 0.0864661654135338 0.0827067669172932 0.093984962406015 0.278195488721804 0.0714285714285714 0.075187969924812
"cheAbi" 0.093984962406015 0 0.0225563909774436 0.0263157894736842 0.0225563909774436 0.018796992481203 0.037593984962406 0.0451127819548872 0.0526315789473684 0.0075187969924812 0.0413533834586466 0.0601503759398496 0.278195488721804 0.0263157894736842 0.0263157894736842
"cheMyd" 0.0789473684210526 0.0225563909774436 0 0.0112781954887218 0.0150375939849624 0.0112781954887218 0.0150375939849624 0.0225563909774436 0.0300751879699248 0.0150375939849624 0.0263157894736842 0.0526315789473684 0.263157894736842 0.0112781954887218 0.0112781954887218
"chrPic" 0.0676691729323308 0.0263157894736842 0.0112781954887218 0 0.0112781954887218 0.0075187969924812 0.0263157894736842 0.0263157894736842 0.0263157894736842 0.018796992481203 0.0225563909774436 0.056390977443609 0.266917293233083 0.0075187969924812 0.0075187969924812
"cuoAmb" 0.0714285714285714 0.0225563909774436 0.0150375939849624 0.0112781954887218 0 0.0037593984962406 0.0300751879699248 0.0300751879699248 0.037593984962406 0.0150375939849624 0.0263157894736842 0.0601503759398496 0.270676691729323 0.0112781954887218 0.0112781954887218
"cuoMcc" 0.075187969924812 0.018796992481203 0.0112781954887218 0.0075187969924812 0.0037593984962406 0 0.0263157894736842 0.0263157894736842 0.0338345864661654 0.0112781954887218 0.0225563909774436 0.056390977443609 0.274436090225564 0.0075187969924812 0.0075187969924812
"derCor" 0.0864661654135338 0.037593984962406 0.0150375939849624 0.0263157894736842 0.0300751879699248 0.0263157894736842 0 0.037593984962406 0.0451127819548872 0.0300751879699248 0.0413533834586466 0.0676691729323308 0.266917293233083 0.0263157894736842 0.0263157894736842
"derMaw" 0.093984962406015 0.0451127819548872 0.0225563909774436 0.0263157894736842 0.0300751879699248 0.0263157894736842 0.037593984962406 0 0.037593984962406 0.037593984962406 0.0263157894736842 0.056390977443609 0.285714285714286 0.0263157894736842 0.0263157894736842
"emySub" 0.0789473684210526 0.0526315789473684 0.0300751879699248 0.0263157894736842 0.037593984962406 0.0338345864661654 0.0451127819548872 0.037593984962406 0 0.0451127819548872 0.0263157894736842 0.056390977443609 0.263157894736842 0.0338345864661654 0.0338345864661654
"gopAga" 0.0864661654135338 0.0075187969924812 0.0150375939849624 0.018796992481203 0.0150375939849624 0.0112781954887218 0.0300751879699248 0.037593984962406 0.0451127819548872 0 0.0338345864661654 0.0601503759398496 0.274436090225564 0.018796992481203 0.018796992481203
"mesTub" 0.0827067669172932 0.0413533834586466 0.0263157894736842 0.0225563909774436 0.0263157894736842 0.0225563909774436 0.0413533834586466 0.0263157894736842 0.0263157894736842 0.0338345864661654 0 0.0526315789473684 0.281954887218045 0.0225563909774436 0.0225563909774436
"pelCas" 0.093984962406015 0.0601503759398496 0.0526315789473684 0.056390977443609 0.0601503759398496 0.056390977443609 0.0676691729323308 0.056390977443609 0.056390977443609 0.0601503759398496 0.0526315789473684 0 0.281954887218045 0.056390977443609 0.056390977443609
"pelSin" 0.278195488721804 0.278195488721804 0.263157894736842 0.266917293233083 0.270676691729323 0.274436090225564 0.266917293233083 0.285714285714286 0.263157894736842 0.274436090225564 0.281954887218045 0.281954887218045 0 0.270676691729323 0.274436090225564
"plaMeg" 0.0714285714285714 0.0263157894736842 0.0112781954887218 0.0075187969924812 0.0112781954887218 0.0075187969924812 0.0263157894736842 0.0263157894736842 0.0338345864661654 0.018796992481203 0.0225563909774436 0.056390977443609 0.270676691729323 0 0.0075187969924812
"terMex" 0.075187969924812 0.0263157894736842 0.0112781954887218 0.0075187969924812 0.0112781954887218 0.0075187969924812 0.0263157894736842 0.0263157894736842 0.0338345864661654 0.018796992481203 0.0225563909774436 0.056390977443609 0.274436090225564 0.0075187969924812 0
