"carIns" "cheAbi" "cheMyd" "cheSer" "chrPic" "cuoMcc" "derCor" "derMaw" "emySub" "gopAga" "malTer" "mesTub" "pelCas" "pelSin" "plaMeg" "podExp" "terMex"
"carIns" 0 0.0530612244897959 0.0489795918367347 0.106122448979592 0.0448979591836735 0.110204081632653 0.155102040816327 0.0530612244897959 0.0530612244897959 0.110204081632653 0.0489795918367347 0.0489795918367347 0.0775510204081633 0.0653061224489796 0.106122448979592 0.130612244897959 0.0408163265306122
"cheAbi" 0.0530612244897959 0 0.0204081632653061 0.0775510204081633 0.0163265306122449 0.073469387755102 0.13469387755102 0.0326530612244898 0.0489795918367347 0.073469387755102 0.0204081632653061 0.036734693877551 0.0653061224489796 0.0530612244897959 0.0857142857142857 0.118367346938776 0.0122448979591837
"cheMyd" 0.0489795918367347 0.0204081632653061 0 0.0653061224489796 0.0122448979591837 0.0693877551020408 0.130612244897959 0.0285714285714286 0.0448979591836735 0.073469387755102 0.0163265306122449 0.0326530612244898 0.0612244897959184 0.0448979591836735 0.073469387755102 0.0979591836734694 0.00816326530612245
"cheSer" 0.106122448979592 0.0775510204081633 0.0653061224489796 0 0.0693877551020408 0.0816326530612245 0.138775510204082 0.0857142857142857 0.102040816326531 0.0653061224489796 0.073469387755102 0.0897959183673469 0.114285714285714 0.0938775510204082 0.0775510204081633 0.118367346938776 0.0653061224489796
"chrPic" 0.0448979591836735 0.0163265306122449 0.0122448979591837 0.0693877551020408 0 0.073469387755102 0.126530612244898 0.0244897959183673 0.0408163265306122 0.073469387755102 0.0122448979591837 0.0285714285714286 0.0571428571428571 0.0448979591836735 0.0775510204081633 0.110204081632653 0.00408163265306122
"cuoMcc" 0.110204081632653 0.073469387755102 0.0693877551020408 0.0816326530612245 0.073469387755102 0 0.163265306122449 0.0897959183673469 0.106122448979592 0.036734693877551 0.0775510204081633 0.0938775510204082 0.122448979591837 0.0979591836734694 0.0530612244897959 0.118367346938776 0.0693877551020408
"derCor" 0.155102040816327 0.13469387755102 0.130612244897959 0.138775510204082 0.126530612244898 0.163265306122449 0 0.142857142857143 0.159183673469388 0.163265306122449 0.130612244897959 0.142857142857143 0.175510204081633 0.159183673469388 0.151020408163265 0.187755102040816 0.122448979591837
"derMaw" 0.0530612244897959 0.0326530612244898 0.0285714285714286 0.0857142857142857 0.0244897959183673 0.0897959183673469 0.142857142857143 0 0.0571428571428571 0.0897959183673469 0.0285714285714286 0.0448979591836735 0.073469387755102 0.0612244897959184 0.0938775510204082 0.126530612244898 0.0204081632653061
"emySub" 0.0530612244897959 0.0489795918367347 0.0448979591836735 0.102040816326531 0.0408163265306122 0.106122448979592 0.159183673469388 0.0571428571428571 0 0.106122448979592 0.0448979591836735 0.0204081632653061 0.0448979591836735 0.0612244897959184 0.102040816326531 0.0938775510204082 0.036734693877551
"gopAga" 0.110204081632653 0.073469387755102 0.073469387755102 0.0653061224489796 0.073469387755102 0.036734693877551 0.163265306122449 0.0897959183673469 0.106122448979592 0 0.0775510204081633 0.0938775510204082 0.118367346938776 0.106122448979592 0.0489795918367347 0.126530612244898 0.0693877551020408
"malTer" 0.0489795918367347 0.0204081632653061 0.0163265306122449 0.073469387755102 0.0122448979591837 0.0775510204081633 0.130612244897959 0.0285714285714286 0.0448979591836735 0.0775510204081633 0 0.0326530612244898 0.0612244897959184 0.0489795918367347 0.0816326530612245 0.114285714285714 0.00816326530612245
"mesTub" 0.0489795918367347 0.036734693877551 0.0326530612244898 0.0897959183673469 0.0285714285714286 0.0938775510204082 0.142857142857143 0.0448979591836735 0.0204081632653061 0.0938775510204082 0.0326530612244898 0 0.036734693877551 0.0489795918367347 0.0979591836734694 0.0897959183673469 0.0244897959183673
"pelCas" 0.0775510204081633 0.0653061224489796 0.0612244897959184 0.114285714285714 0.0571428571428571 0.122448979591837 0.175510204081633 0.073469387755102 0.0448979591836735 0.118367346938776 0.0612244897959184 0.036734693877551 0 0.0775510204081633 0.122448979591837 0.0938775510204082 0.0530612244897959
"pelSin" 0.0653061224489796 0.0530612244897959 0.0448979591836735 0.0938775510204082 0.0448979591836735 0.0979591836734694 0.159183673469388 0.0612244897959184 0.0612244897959184 0.106122448979592 0.0489795918367347 0.0489795918367347 0.0775510204081633 0 0.106122448979592 0.122448979591837 0.0408163265306122
"plaMeg" 0.106122448979592 0.0857142857142857 0.073469387755102 0.0775510204081633 0.0775510204081633 0.0530612244897959 0.151020408163265 0.0938775510204082 0.102040816326531 0.0489795918367347 0.0816326530612245 0.0979591836734694 0.122448979591837 0.106122448979592 0 0.106122448979592 0.073469387755102
"podExp" 0.130612244897959 0.118367346938776 0.0979591836734694 0.118367346938776 0.110204081632653 0.118367346938776 0.187755102040816 0.126530612244898 0.0938775510204082 0.126530612244898 0.114285714285714 0.0897959183673469 0.0938775510204082 0.122448979591837 0.106122448979592 0 0.106122448979592
"terMex" 0.0408163265306122 0.0122448979591837 0.00816326530612245 0.0653061224489796 0.00408163265306122 0.0693877551020408 0.122448979591837 0.0204081632653061 0.036734693877551 0.0693877551020408 0.00816326530612245 0.0244897959183673 0.0530612244897959 0.0408163265306122 0.073469387755102 0.106122448979592 0
