"carIns" "cheAbi" "cheMyd" "cheSer" "chrPic" "cuoAmb" "cuoMcc" "derCor" "derMaw" "emySub" "gopAga" "malTer" "mesTub" "pelCas" "pelSin" "plaMeg" "podExp" "terMex"
"carIns" 0 0.0843373493975904 0.072289156626506 0.0671256454388985 0.0705679862306368 0.173838209982788 0.0774526678141136 0.0740103270223752 0.0654044750430293 0.0877796901893287 0.080895008605852 0.0654044750430293 0.0981067125645439 0.0860585197934595 0.0877796901893287 0.0688468158347676 0.0929432013769363 0.0654044750430293
"cheAbi" 0.0843373493975904 0 0.0499139414802065 0.0395869191049914 0.0309810671256454 0.130808950086059 0.0413080895008606 0.0516351118760757 0.0499139414802065 0.080895008605852 0.0240963855421687 0.0292598967297762 0.0826161790017212 0.0791738382099828 0.080895008605852 0.0327022375215146 0.0843373493975904 0.0309810671256454
"cheMyd" 0.072289156626506 0.0499139414802065 0 0.0275387263339071 0.0327022375215146 0.137693631669535 0.0499139414802065 0.0137693631669535 0.0395869191049914 0.0688468158347676 0.0430292598967298 0.0275387263339071 0.0791738382099828 0.0688468158347676 0.0688468158347676 0.0309810671256454 0.0791738382099828 0.0292598967297762
"cheSer" 0.0671256454388985 0.0395869191049914 0.0275387263339071 0 0.0240963855421687 0.134251290877797 0.0413080895008606 0.0275387263339071 0.0292598967297762 0.0619621342512909 0.036144578313253 0.0189328743545611 0.0688468158347676 0.0602409638554217 0.0602409638554217 0.0223752151462995 0.0757314974182444 0.0206540447504303
"chrPic" 0.0705679862306368 0.0309810671256454 0.0327022375215146 0.0240963855421687 0 0.123924268502582 0.0344234079173838 0.0344234079173838 0.0327022375215146 0.0688468158347676 0.0309810671256454 0.00516351118760757 0.0757314974182444 0.0671256454388985 0.0619621342512909 0.0154905335628227 0.0757314974182444 0.00860585197934595
"cuoAmb" 0.173838209982788 0.130808950086059 0.137693631669535 0.134251290877797 0.123924268502582 0 0.117039586919105 0.139414802065404 0.142857142857143 0.17039586919105 0.123924268502582 0.122203098106713 0.172117039586919 0.161790017211704 0.168674698795181 0.120481927710843 0.175559380378657 0.123924268502582
"cuoMcc" 0.0774526678141136 0.0413080895008606 0.0499139414802065 0.0413080895008606 0.0344234079173838 0.117039586919105 0 0.0516351118760757 0.0499139414802065 0.0826161790017212 0.0344234079173838 0.0292598967297762 0.0826161790017212 0.0740103270223752 0.0826161790017212 0.0327022375215146 0.0860585197934595 0.0309810671256454
"derCor" 0.0740103270223752 0.0516351118760757 0.0137693631669535 0.0275387263339071 0.0344234079173838 0.139414802065404 0.0516351118760757 0 0.0395869191049914 0.0688468158347676 0.044750430292599 0.0292598967297762 0.0791738382099828 0.0688468158347676 0.0740103270223752 0.0327022375215146 0.0791738382099828 0.0309810671256454
"derMaw" 0.0654044750430293 0.0499139414802065 0.0395869191049914 0.0292598967297762 0.0327022375215146 0.142857142857143 0.0499139414802065 0.0395869191049914 0 0.0654044750430293 0.0430292598967298 0.0275387263339071 0.072289156626506 0.0619621342512909 0.0654044750430293 0.0309810671256454 0.0705679862306368 0.0292598967297762
"emySub" 0.0877796901893287 0.080895008605852 0.0688468158347676 0.0619621342512909 0.0688468158347676 0.17039586919105 0.0826161790017212 0.0688468158347676 0.0654044750430293 0 0.080895008605852 0.0636833046471601 0.0344234079173838 0.0619621342512909 0.0843373493975904 0.0671256454388985 0.0757314974182444 0.0654044750430293
"gopAga" 0.080895008605852 0.0240963855421687 0.0430292598967298 0.036144578313253 0.0309810671256454 0.123924268502582 0.0344234079173838 0.044750430292599 0.0430292598967298 0.080895008605852 0 0.0258175559380379 0.0826161790017212 0.0757314974182444 0.0791738382099828 0.0292598967297762 0.0843373493975904 0.0275387263339071
"malTer" 0.0654044750430293 0.0292598967297762 0.0275387263339071 0.0189328743545611 0.00516351118760757 0.122203098106713 0.0292598967297762 0.0292598967297762 0.0275387263339071 0.0636833046471601 0.0258175559380379 0 0.0705679862306368 0.0619621342512909 0.0602409638554217 0.0103270223752151 0.0740103270223752 0.00344234079173838
"mesTub" 0.0981067125645439 0.0826161790017212 0.0791738382099828 0.0688468158347676 0.0757314974182444 0.172117039586919 0.0826161790017212 0.0791738382099828 0.072289156626506 0.0344234079173838 0.0826161790017212 0.0705679862306368 0 0.0671256454388985 0.0963855421686747 0.0740103270223752 0.0774526678141136 0.072289156626506
"pelCas" 0.0860585197934595 0.0791738382099828 0.0688468158347676 0.0602409638554217 0.0671256454388985 0.161790017211704 0.0740103270223752 0.0688468158347676 0.0619621342512909 0.0619621342512909 0.0757314974182444 0.0619621342512909 0.0671256454388985 0 0.0912220309810671 0.0654044750430293 0.0550774526678141 0.0636833046471601
"pelSin" 0.0877796901893287 0.080895008605852 0.0688468158347676 0.0602409638554217 0.0619621342512909 0.168674698795181 0.0826161790017212 0.0740103270223752 0.0654044750430293 0.0843373493975904 0.0791738382099828 0.0602409638554217 0.0963855421686747 0.0912220309810671 0 0.0671256454388985 0.103270223752151 0.0636833046471601
"plaMeg" 0.0688468158347676 0.0327022375215146 0.0309810671256454 0.0223752151462995 0.0154905335628227 0.120481927710843 0.0327022375215146 0.0327022375215146 0.0309810671256454 0.0671256454388985 0.0292598967297762 0.0103270223752151 0.0740103270223752 0.0654044750430293 0.0671256454388985 0 0.0774526678141136 0.0120481927710843
"podExp" 0.0929432013769363 0.0843373493975904 0.0791738382099828 0.0757314974182444 0.0757314974182444 0.175559380378657 0.0860585197934595 0.0791738382099828 0.0705679862306368 0.0757314974182444 0.0843373493975904 0.0740103270223752 0.0774526678141136 0.0550774526678141 0.103270223752151 0.0774526678141136 0 0.0757314974182444
"terMex" 0.0654044750430293 0.0309810671256454 0.0292598967297762 0.0206540447504303 0.00860585197934595 0.123924268502582 0.0309810671256454 0.0309810671256454 0.0292598967297762 0.0654044750430293 0.0275387263339071 0.00344234079173838 0.072289156626506 0.0636833046471601 0.0636833046471601 0.0120481927710843 0.0757314974182444 0
