"carIns" "cheAbi" "cheMyd" "cheSer" "chrPic" "cuoAmb" "cuoMcc" "derCor" "derMaw" "gopAga" "malTer" "mesTub" "pelCas" "pelSin" "plaMeg" "podExp" "terMex"
"carIns" 0 0.145631067961165 0.116504854368932 0.121359223300971 0.135922330097087 0.140776699029126 0.116504854368932 0.563106796116505 0.150485436893204 0.131067961165049 0.145631067961165 0.160194174757282 0.16504854368932 0.155339805825243 0.12621359223301 0.160194174757282 0.155339805825243
"cheAbi" 0.145631067961165 0 0.087378640776699 0.0922330097087379 0.0825242718446602 0.12621359223301 0.0679611650485437 0.553398058252427 0.111650485436893 0.0388349514563107 0.0776699029126214 0.155339805825243 0.145631067961165 0.150485436893204 0.0436893203883495 0.150485436893204 0.106796116504854
"cheMyd" 0.116504854368932 0.087378640776699 0 0.029126213592233 0.0242718446601942 0.0728155339805825 0.0533980582524272 0.548543689320388 0.058252427184466 0.0679611650485437 0.0679611650485437 0.0922330097087379 0.0922330097087379 0.116504854368932 0.0728155339805825 0.0970873786407767 0.101941747572816
"cheSer" 0.121359223300971 0.0922330097087379 0.029126213592233 0 0.0388349514563107 0.0825242718446602 0.0679611650485437 0.563106796116505 0.0679611650485437 0.0631067961165049 0.0728155339805825 0.101941747572816 0.0825242718446602 0.106796116504854 0.0679611650485437 0.087378640776699 0.106796116504854
"chrPic" 0.135922330097087 0.0825242718446602 0.0242718446601942 0.0388349514563107 0 0.0679611650485437 0.0485436893203883 0.533980582524272 0.0436893203883495 0.0728155339805825 0.0533980582524272 0.0970873786407767 0.0922330097087379 0.116504854368932 0.0776699029126214 0.0825242718446602 0.087378640776699
"cuoAmb" 0.140776699029126 0.12621359223301 0.0728155339805825 0.0825242718446602 0.0679611650485437 0 0.087378640776699 0.592233009708738 0.0533980582524272 0.116504854368932 0.101941747572816 0.0970873786407767 0.116504854368932 0.135922330097087 0.121359223300971 0.116504854368932 0.0922330097087379
"cuoMcc" 0.116504854368932 0.0679611650485437 0.0533980582524272 0.0679611650485437 0.0485436893203883 0.087378640776699 0 0.533980582524272 0.0825242718446602 0.058252427184466 0.058252427184466 0.135922330097087 0.111650485436893 0.116504854368932 0.0631067961165049 0.121359223300971 0.0776699029126214
"derCor" 0.563106796116505 0.553398058252427 0.548543689320388 0.563106796116505 0.533980582524272 0.592233009708738 0.533980582524272 0 0.567961165048544 0.553398058252427 0.548543689320388 0.563106796116505 0.567961165048544 0.567961165048544 0.558252427184466 0.577669902912621 0.558252427184466
"derMaw" 0.150485436893204 0.111650485436893 0.058252427184466 0.0679611650485437 0.0436893203883495 0.0533980582524272 0.0825242718446602 0.567961165048544 0 0.101941747572816 0.087378640776699 0.101941747572816 0.101941747572816 0.145631067961165 0.106796116504854 0.121359223300971 0.106796116504854
"gopAga" 0.131067961165049 0.0388349514563107 0.0679611650485437 0.0631067961165049 0.0728155339805825 0.116504854368932 0.058252427184466 0.553398058252427 0.101941747572816 0 0.0679611650485437 0.135922330097087 0.121359223300971 0.121359223300971 0.0145631067961165 0.116504854368932 0.0970873786407767
"malTer" 0.145631067961165 0.0776699029126214 0.0679611650485437 0.0728155339805825 0.0533980582524272 0.101941747572816 0.058252427184466 0.548543689320388 0.087378640776699 0.0679611650485437 0 0.131067961165049 0.12621359223301 0.12621359223301 0.0728155339805825 0.116504854368932 0.0825242718446602
"mesTub" 0.160194174757282 0.155339805825243 0.0922330097087379 0.101941747572816 0.0970873786407767 0.0970873786407767 0.135922330097087 0.563106796116505 0.101941747572816 0.135922330097087 0.131067961165049 0 0.135922330097087 0.155339805825243 0.150485436893204 0.12621359223301 0.12621359223301
"pelCas" 0.16504854368932 0.145631067961165 0.0922330097087379 0.0825242718446602 0.0922330097087379 0.116504854368932 0.111650485436893 0.567961165048544 0.101941747572816 0.121359223300971 0.12621359223301 0.135922330097087 0 0.150485436893204 0.12621359223301 0.116504854368932 0.135922330097087
"pelSin" 0.155339805825243 0.150485436893204 0.116504854368932 0.106796116504854 0.116504854368932 0.135922330097087 0.116504854368932 0.567961165048544 0.145631067961165 0.121359223300971 0.12621359223301 0.155339805825243 0.150485436893204 0 0.12621359223301 0.145631067961165 0.12621359223301
"plaMeg" 0.12621359223301 0.0436893203883495 0.0728155339805825 0.0679611650485437 0.0776699029126214 0.121359223300971 0.0631067961165049 0.558252427184466 0.106796116504854 0.0145631067961165 0.0728155339805825 0.150485436893204 0.12621359223301 0.12621359223301 0 0.131067961165049 0.101941747572816
"podExp" 0.160194174757282 0.150485436893204 0.0970873786407767 0.087378640776699 0.0825242718446602 0.116504854368932 0.121359223300971 0.577669902912621 0.121359223300971 0.116504854368932 0.116504854368932 0.12621359223301 0.116504854368932 0.145631067961165 0.131067961165049 0 0.145631067961165
"terMex" 0.155339805825243 0.106796116504854 0.101941747572816 0.106796116504854 0.087378640776699 0.0922330097087379 0.0776699029126214 0.558252427184466 0.106796116504854 0.0970873786407767 0.0825242718446602 0.12621359223301 0.135922330097087 0.12621359223301 0.101941747572816 0.145631067961165 0
