"cheAbi" "cheMyd" "cheSer" "chrPic" "cuoAmb" "cuoMcc" "derMaw" "emySub" "gopAga" "malTer" "mesTub" "pelCas" "pelSin" "plaMeg" "podExp"
"cheAbi" 0 0.0357142857142857 0.25 0.0357142857142857 0.030952380952381 0.121428571428571 0.0380952380952381 0.0523809523809524 0.0214285714285714 0.0380952380952381 0.0523809523809524 0.0547619047619048 0.119047619047619 0.030952380952381 0.0666666666666667
"cheMyd" 0.0357142857142857 0 0.228571428571429 0.019047619047619 0.019047619047619 0.114285714285714 0.0119047619047619 0.030952380952381 0.0285714285714286 0.0166666666666667 0.0357142857142857 0.030952380952381 0.1 0.0166666666666667 0.0452380952380952
"cheSer" 0.25 0.228571428571429 0 0.235714285714286 0.24047619047619 0.254761904761905 0.238095238095238 0.245238095238095 0.247619047619048 0.233333333333333 0.252380952380952 0.247619047619048 0.288095238095238 0.233333333333333 0.261904761904762
"chrPic" 0.0357142857142857 0.019047619047619 0.235714285714286 0 0.0238095238095238 0.116666666666667 0.0214285714285714 0.0404761904761905 0.0285714285714286 0.00714285714285714 0.0452380952380952 0.0357142857142857 0.102380952380952 0.0214285714285714 0.05
"cuoAmb" 0.030952380952381 0.019047619047619 0.24047619047619 0.0238095238095238 0 0.102380952380952 0.0261904761904762 0.0404761904761905 0.0238095238095238 0.0261904761904762 0.0452380952380952 0.0452380952380952 0.111904761904762 0.0214285714285714 0.0547619047619048
"cuoMcc" 0.121428571428571 0.114285714285714 0.254761904761905 0.116666666666667 0.102380952380952 0 0.119047619047619 0.130952380952381 0.114285714285714 0.116666666666667 0.133333333333333 0.135714285714286 0.197619047619048 0.10952380952381 0.147619047619048
"derMaw" 0.0380952380952381 0.0119047619047619 0.238095238095238 0.0214285714285714 0.0261904761904762 0.119047619047619 0 0.0380952380952381 0.0261904761904762 0.019047619047619 0.0428571428571429 0.0380952380952381 0.0952380952380952 0.0214285714285714 0.0476190476190476
"emySub" 0.0523809523809524 0.030952380952381 0.245238095238095 0.0404761904761905 0.0404761904761905 0.130952380952381 0.0380952380952381 0 0.0404761904761905 0.0428571428571429 0.0285714285714286 0.0380952380952381 0.107142857142857 0.0380952380952381 0.0523809523809524
"gopAga" 0.0214285714285714 0.0285714285714286 0.247619047619048 0.0285714285714286 0.0238095238095238 0.114285714285714 0.0261904761904762 0.0404761904761905 0 0.030952380952381 0.0452380952380952 0.05 0.116666666666667 0.0238095238095238 0.0547619047619048
"malTer" 0.0380952380952381 0.0166666666666667 0.233333333333333 0.00714285714285714 0.0261904761904762 0.116666666666667 0.019047619047619 0.0428571428571429 0.030952380952381 0 0.0476190476190476 0.0380952380952381 0.1 0.019047619047619 0.0523809523809524
"mesTub" 0.0523809523809524 0.0357142857142857 0.252380952380952 0.0452380952380952 0.0452380952380952 0.133333333333333 0.0428571428571429 0.0285714285714286 0.0452380952380952 0.0476190476190476 0 0.0428571428571429 0.111904761904762 0.0428571428571429 0.0571428571428571
"pelCas" 0.0547619047619048 0.030952380952381 0.247619047619048 0.0357142857142857 0.0452380952380952 0.135714285714286 0.0380952380952381 0.0380952380952381 0.05 0.0380952380952381 0.0428571428571429 0 0.107142857142857 0.0476190476190476 0.0380952380952381
"pelSin" 0.119047619047619 0.1 0.288095238095238 0.102380952380952 0.111904761904762 0.197619047619048 0.0952380952380952 0.107142857142857 0.116666666666667 0.1 0.111904761904762 0.107142857142857 0 0.0976190476190476 0.114285714285714
"plaMeg" 0.030952380952381 0.0166666666666667 0.233333333333333 0.0214285714285714 0.0214285714285714 0.10952380952381 0.0214285714285714 0.0380952380952381 0.0238095238095238 0.019047619047619 0.0428571428571429 0.0476190476190476 0.0976190476190476 0 0.0523809523809524
"podExp" 0.0666666666666667 0.0452380952380952 0.261904761904762 0.05 0.0547619047619048 0.147619047619048 0.0476190476190476 0.0523809523809524 0.0547619047619048 0.0523809523809524 0.0571428571428571 0.0380952380952381 0.114285714285714 0.0523809523809524 0
