"cheAbi" "cheMyd" "cheSer" "chrPic" "cuoAmb" "cuoMcc" "derCor" "derMaw" "emySub" "gopAga" "malTer" "mesTub" "pelCas" "pelSin" "plaMeg" "podExp" "terMex"
"cheAbi" 0 0.155844155844156 0.0337662337662338 0.0285714285714286 0.012987012987013 0.0103896103896104 0.0467532467532468 0.0467532467532468 0.0597402597402597 0.0155844155844156 0.0285714285714286 0.0649350649350649 0.0727272727272727 0.303896103896104 0.0207792207792208 0.0675324675324675 0.0207792207792208
"cheMyd" 0.155844155844156 0 0.163636363636364 0.158441558441558 0.163636363636364 0.161038961038961 0.137662337662338 0.168831168831169 0.176623376623377 0.161038961038961 0.163636363636364 0.174025974025974 0.184415584415584 0.332467532467532 0.155844155844156 0.18961038961039 0.155844155844156
"cheSer" 0.0337662337662338 0.163636363636364 0 0.0285714285714286 0.0311688311688312 0.0285714285714286 0.0467532467532468 0.038961038961039 0.0571428571428571 0.0441558441558442 0.0337662337662338 0.0623376623376623 0.0831168831168831 0.301298701298701 0.0233766233766234 0.0857142857142857 0.0207792207792208
"chrPic" 0.0285714285714286 0.158441558441558 0.0285714285714286 0 0.025974025974026 0.0233766233766234 0.038961038961039 0.038961038961039 0.0675324675324675 0.038961038961039 0.0103896103896104 0.0727272727272727 0.0831168831168831 0.296103896103896 0.0181818181818182 0.0727272727272727 0.00779220779220779
"cuoAmb" 0.012987012987013 0.163636363636364 0.0311688311688312 0.025974025974026 0 0.0051948051948052 0.0441558441558442 0.0441558441558442 0.0597402597402597 0.0233766233766234 0.025974025974026 0.0623376623376623 0.0857142857142857 0.301298701298701 0.0181818181818182 0.0675324675324675 0.0181818181818182
"cuoMcc" 0.0103896103896104 0.161038961038961 0.0285714285714286 0.0233766233766234 0.0051948051948052 0 0.0415584415584416 0.0415584415584416 0.0597402597402597 0.0207792207792208 0.0285714285714286 0.0623376623376623 0.0831168831168831 0.301298701298701 0.0155844155844156 0.0675324675324675 0.0155844155844156
"derCor" 0.0467532467532468 0.137662337662338 0.0467532467532468 0.038961038961039 0.0441558441558442 0.0415584415584416 0 0.0597402597402597 0.0701298701298701 0.0571428571428571 0.0493506493506494 0.0753246753246753 0.0935064935064935 0.306493506493506 0.0363636363636364 0.0909090909090909 0.0363636363636364
"derMaw" 0.0467532467532468 0.168831168831169 0.038961038961039 0.038961038961039 0.0441558441558442 0.0415584415584416 0.0597402597402597 0 0.0649350649350649 0.0467532467532468 0.0441558441558442 0.0753246753246753 0.0909090909090909 0.314285714285714 0.0363636363636364 0.0909090909090909 0.0363636363636364
"emySub" 0.0597402597402597 0.176623376623377 0.0571428571428571 0.0675324675324675 0.0597402597402597 0.0597402597402597 0.0701298701298701 0.0649350649350649 0 0.0649350649350649 0.0701298701298701 0.0415584415584416 0.0883116883116883 0.311688311688312 0.0597402597402597 0.0831168831168831 0.0597402597402597
"gopAga" 0.0155844155844156 0.161038961038961 0.0441558441558442 0.038961038961039 0.0233766233766234 0.0207792207792208 0.0571428571428571 0.0467532467532468 0.0649350649350649 0 0.0441558441558442 0.0701298701298701 0.0831168831168831 0.306493506493506 0.0311688311688312 0.0727272727272727 0.0311688311688312
"malTer" 0.0285714285714286 0.163636363636364 0.0337662337662338 0.0103896103896104 0.025974025974026 0.0285714285714286 0.0493506493506494 0.0441558441558442 0.0701298701298701 0.0441558441558442 0 0.0779220779220779 0.0883116883116883 0.301298701298701 0.0233766233766234 0.0779220779220779 0.012987012987013
"mesTub" 0.0649350649350649 0.174025974025974 0.0623376623376623 0.0727272727272727 0.0623376623376623 0.0623376623376623 0.0753246753246753 0.0753246753246753 0.0415584415584416 0.0701298701298701 0.0779220779220779 0 0.0987012987012987 0.316883116883117 0.0649350649350649 0.0857142857142857 0.0649350649350649
"pelCas" 0.0727272727272727 0.184415584415584 0.0831168831168831 0.0831168831168831 0.0857142857142857 0.0831168831168831 0.0935064935064935 0.0909090909090909 0.0883116883116883 0.0831168831168831 0.0883116883116883 0.0987012987012987 0 0.314285714285714 0.0831168831168831 0.0727272727272727 0.0805194805194805
"pelSin" 0.303896103896104 0.332467532467532 0.301298701298701 0.296103896103896 0.301298701298701 0.301298701298701 0.306493506493506 0.314285714285714 0.311688311688312 0.306493506493506 0.301298701298701 0.316883116883117 0.314285714285714 0 0.296103896103896 0.314285714285714 0.293506493506493
"plaMeg" 0.0207792207792208 0.155844155844156 0.0233766233766234 0.0181818181818182 0.0181818181818182 0.0155844155844156 0.0363636363636364 0.0363636363636364 0.0597402597402597 0.0311688311688312 0.0233766233766234 0.0649350649350649 0.0831168831168831 0.296103896103896 0 0.0779220779220779 0.0103896103896104
"podExp" 0.0675324675324675 0.18961038961039 0.0857142857142857 0.0727272727272727 0.0675324675324675 0.0675324675324675 0.0909090909090909 0.0909090909090909 0.0831168831168831 0.0727272727272727 0.0779220779220779 0.0857142857142857 0.0727272727272727 0.314285714285714 0.0779220779220779 0 0.0701298701298701
"terMex" 0.0207792207792208 0.155844155844156 0.0207792207792208 0.00779220779220779 0.0181818181818182 0.0155844155844156 0.0363636363636364 0.0363636363636364 0.0597402597402597 0.0311688311688312 0.012987012987013 0.0649350649350649 0.0805194805194805 0.293506493506493 0.0103896103896104 0.0701298701298701 0
