"carIns" "cheAbi" "cheMyd" "chrPic" "cuoAmb" "cuoMcc" "derMaw" "emySub" "gopAga" "malTer" "mesTub" "pelCas" "pelSin" "plaMeg" "podExp"
"carIns" 0 0.0970047651463581 0.0946221919673247 0.0953029271613342 0.153846153846154 0.0929203539823009 0.126616746085773 0.105854322668482 0.0932607215793056 0.0953029271613342 0.118447923757658 0.133083730428863 0.116065350578625 0.0990469707283867 0.147038801906059
"cheAbi" 0.0970047651463581 0 0.0343771272974813 0.0255275697753574 0.0959836623553438 0.0197413206262764 0.0776038121170865 0.0650102110279101 0.015997277059224 0.0258679373723622 0.0779441797140912 0.0990469707283867 0.0922396187882914 0.0323349217154527 0.113342409802587
"cheMyd" 0.0946221919673247 0.0343771272974813 0 0.0282505105513955 0.10142954390742 0.0272294077603812 0.0728386657590197 0.0592239618788291 0.0306330837304289 0.027569775357386 0.072498298162015 0.0976855003403676 0.0929203539823009 0.0340367597004765 0.109938733832539
"chrPic" 0.0953029271613342 0.0255275697753574 0.0282505105513955 0 0.0963240299523485 0.0194009530292716 0.0721579305650102 0.0599046970728387 0.0234853641933288 0.00748808713410483 0.0735194009530293 0.0942818243703199 0.091218515997277 0.0265486725663717 0.107215793056501
"cuoAmb" 0.153846153846154 0.0959836623553438 0.10142954390742 0.0963240299523485 0 0.0850918992511913 0.143635125936011 0.126276378488768 0.0915588835942818 0.0959836623553438 0.138529611980939 0.158951667801225 0.155207624234173 0.0997277059223962 0.167460857726344
"cuoMcc" 0.0929203539823009 0.0197413206262764 0.0272294077603812 0.0194009530292716 0.0850918992511913 0 0.0714771953710007 0.0599046970728387 0.017358747447243 0.0194009530292716 0.0728386657590197 0.0942818243703199 0.0915588835942818 0.0255275697753574 0.105173587474472
"derMaw" 0.126616746085773 0.0776038121170865 0.0728386657590197 0.0721579305650102 0.143635125936011 0.0714771953710007 0 0.101089176310415 0.073859768550034 0.0707964601769911 0.113342409802587 0.134785568413887 0.129339686861811 0.078284547311096 0.142614023144997
"emySub" 0.105854322668482 0.0650102110279101 0.0592239618788291 0.0599046970728387 0.126276378488768 0.0599046970728387 0.101089176310415 0 0.062287270251872 0.0595643294758339 0.0432266848196052 0.0810074880871341 0.100068073519401 0.0653505786249149 0.0932607215793056
"gopAga" 0.0932607215793056 0.015997277059224 0.0306330837304289 0.0234853641933288 0.0915588835942818 0.017358747447243 0.073859768550034 0.062287270251872 0 0.0221238938053097 0.0748808713410483 0.0959836623553438 0.089857045609258 0.0292716133424098 0.108236895847515
"malTer" 0.0953029271613342 0.0258679373723622 0.027569775357386 0.00748808713410483 0.0959836623553438 0.0194009530292716 0.0707964601769911 0.0595643294758339 0.0221238938053097 0 0.0731790333560245 0.0949625595643295 0.0932607215793056 0.0251872021783526 0.107556160653506
"mesTub" 0.118447923757658 0.0779441797140912 0.072498298162015 0.0735194009530293 0.138529611980939 0.0728386657590197 0.113342409802587 0.0432266848196052 0.0748808713410483 0.0731790333560245 0 0.0908781484002723 0.103471749489449 0.0789652825051055 0.103471749489449
"pelCas" 0.133083730428863 0.0990469707283867 0.0976855003403676 0.0942818243703199 0.158951667801225 0.0942818243703199 0.134785568413887 0.0810074880871341 0.0959836623553438 0.0949625595643295 0.0908781484002723 0 0.129680054458816 0.100408441116406 0.0949625595643295
"pelSin" 0.116065350578625 0.0922396187882914 0.0929203539823009 0.091218515997277 0.155207624234173 0.0915588835942818 0.129339686861811 0.100068073519401 0.089857045609258 0.0932607215793056 0.103471749489449 0.129680054458816 0 0.0970047651463581 0.143975493533016
"plaMeg" 0.0990469707283867 0.0323349217154527 0.0340367597004765 0.0265486725663717 0.0997277059223962 0.0255275697753574 0.078284547311096 0.0653505786249149 0.0292716133424098 0.0251872021783526 0.0789652825051055 0.100408441116406 0.0970047651463581 0 0.110619469026549
"podExp" 0.147038801906059 0.113342409802587 0.109938733832539 0.107215793056501 0.167460857726344 0.105173587474472 0.142614023144997 0.0932607215793056 0.108236895847515 0.107556160653506 0.103471749489449 0.0949625595643295 0.143975493533016 0.110619469026549 0
