"carIns" "cheAbi" "cheMyd" "cheSer" "chrPic" "derMaw" "emySub" "gopAga" "malTer" "pelSin" "plaMeg" "podExp" "terMex"
"carIns" 0 0.08 0.09 0.085 0.085 0.08 0.115 0.085 0.085 0.09 0.23 0.12 0.08
"cheAbi" 0.08 0 0.04 0.025 0.005 0.03 0.085 0.005 0.005 0.08 0.18 0.09 0
"cheMyd" 0.09 0.04 0 0.055 0.045 0.05 0.09 0.045 0.045 0.09 0.21 0.095 0.04
"cheSer" 0.085 0.025 0.055 0 0.03 0.045 0.09 0.03 0.03 0.095 0.185 0.095 0.025
"chrPic" 0.085 0.005 0.045 0.03 0 0.025 0.09 0.01 0 0.085 0.185 0.085 0.005
"derMaw" 0.08 0.03 0.05 0.045 0.025 0 0.065 0.035 0.025 0.07 0.2 0.08 0.03
"emySub" 0.115 0.085 0.09 0.09 0.09 0.065 0 0.09 0.09 0.12 0.235 0.07 0.085
"gopAga" 0.085 0.005 0.045 0.03 0.01 0.035 0.09 0 0.01 0.085 0.185 0.095 0.005
"malTer" 0.085 0.005 0.045 0.03 0 0.025 0.09 0.01 0 0.085 0.185 0.085 0.005
"pelSin" 0.09 0.08 0.09 0.095 0.085 0.07 0.12 0.085 0.085 0 0.215 0.13 0.08
"plaMeg" 0.23 0.18 0.21 0.185 0.185 0.2 0.235 0.185 0.185 0.215 0 0.235 0.18
"podExp" 0.12 0.09 0.095 0.095 0.085 0.08 0.07 0.095 0.085 0.13 0.235 0 0.09
"terMex" 0.08 0 0.04 0.025 0.005 0.03 0.085 0.005 0.005 0.08 0.18 0.09 0
