"carIns" "cheAbi" "cheMyd" "cheSer" "chrPic" "cuoAmb" "cuoMcc" "derMaw" "emySub" "gopAga" "malTer" "mesTub" "pelCas" "pelSin" "plaMeg" "podExp" "terMex"
"carIns" 0 0.0643637437260112 0.0625922645408916 0.059639799232359 0.0605255388249188 0.0617065249483319 0.0614112784174786 0.0643637437260112 0.072040153528196 0.0631827576025982 0.0608207853557721 0.0744021257750221 0.0853262474165929 0.0699734278122232 0.0587540596397992 0.0903454384410983 0.0575730735163862
"cheAbi" 0.0643637437260112 0 0.0283436669619132 0.0250959551225273 0.0209625036905816 0.0132860938883968 0.0138765869501033 0.0295246530853262 0.0425155004428698 0.0144670800118099 0.0200767640980218 0.048420431059935 0.0605255388249188 0.0566873339238264 0.0186005314437555 0.065249483318571 0.0183052849129023
"cheMyd" 0.0625922645408916 0.0283436669619132 0 0.0200767640980218 0.0233244759374077 0.024800708591674 0.0250959551225273 0.0259816947150871 0.0431059935045763 0.0277531739002067 0.023619722468261 0.0475346914673753 0.0569825804546797 0.0569825804546797 0.0227339828757012 0.0646589902568645 0.0203720106288751
"cheSer" 0.059639799232359 0.0250959551225273 0.0200767640980218 0 0.0203720106288751 0.0215529967522882 0.0218482432831414 0.0215529967522882 0.0380868024800709 0.0245054620608208 0.0206672571597284 0.0425155004428698 0.054030115146147 0.0537348686152938 0.0194862710363153 0.059639799232359 0.0183052849129023
"chrPic" 0.0605255388249188 0.0209625036905816 0.0233244759374077 0.0203720106288751 0 0.0171242987894892 0.0177147918511957 0.024800708591674 0.040448774726897 0.0194862710363153 0.00324771183938589 0.0436964865662828 0.0572778269855329 0.0525538824918807 0.0141718334809566 0.0625922645408916 0.00915264245645114
"cuoAmb" 0.0617065249483319 0.0132860938883968 0.024800708591674 0.0215529967522882 0.0171242987894892 0 0.00295246530853262 0.0256864481842338 0.0401535281960437 0.0135813404192501 0.0162385591969294 0.0457632122822557 0.0575730735163862 0.0549158547387068 0.0147623265426631 0.0625922645408916 0.0150575730735164
"cuoMcc" 0.0614112784174786 0.0138765869501033 0.0250959551225273 0.0218482432831414 0.0177147918511957 0.00295246530853262 0 0.0265721877767936 0.0398582816651904 0.0141718334809566 0.016829052258636 0.0454679657514024 0.0575730735163862 0.0546206082078536 0.0153528196043696 0.0625922645408916 0.0156480661352229
"derMaw" 0.0643637437260112 0.0295246530853262 0.0259816947150871 0.0215529967522882 0.024800708591674 0.0256864481842338 0.0265721877767936 0 0.0439917330971361 0.029229406554473 0.0245054620608208 0.0478299379982285 0.0599350457632123 0.0590493061706525 0.023619722468261 0.0646589902568645 0.0227339828757012
"emySub" 0.072040153528196 0.0425155004428698 0.0431059935045763 0.0380868024800709 0.040448774726897 0.0401535281960437 0.0398582816651904 0.0439917330971361 0 0.0436964865662828 0.0401535281960437 0.0212577502214349 0.0457632122822557 0.0622970180100384 0.0395630351343372 0.0519633894301742 0.0369058163566578
"gopAga" 0.0631827576025982 0.0144670800118099 0.0277531739002067 0.0245054620608208 0.0194862710363153 0.0135813404192501 0.0141718334809566 0.029229406554473 0.0436964865662828 0 0.0197815175671686 0.0481251845290818 0.0602302922940655 0.0569825804546797 0.0177147918511957 0.0670209625036906 0.0174195453203425
"malTer" 0.0608207853557721 0.0200767640980218 0.023619722468261 0.0206672571597284 0.00324771183938589 0.0162385591969294 0.016829052258636 0.0245054620608208 0.0401535281960437 0.0197815175671686 0 0.0434012400354296 0.0563920873929731 0.0516681428993209 0.0138765869501033 0.0617065249483319 0.00885739592559787
"mesTub" 0.0744021257750221 0.048420431059935 0.0475346914673753 0.0425155004428698 0.0436964865662828 0.0457632122822557 0.0454679657514024 0.0478299379982285 0.0212577502214349 0.0481251845290818 0.0434012400354296 0 0.0513728963684677 0.0673162090345438 0.0434012400354296 0.0563920873929731 0.0410392677886035
"pelCas" 0.0853262474165929 0.0605255388249188 0.0569825804546797 0.054030115146147 0.0572778269855329 0.0575730735163862 0.0575730735163862 0.0599350457632123 0.0457632122822557 0.0602302922940655 0.0563920873929731 0.0513728963684677 0 0.0767640980218482 0.0552111012695601 0.0516681428993209 0.054030115146147
"pelSin" 0.0699734278122232 0.0566873339238264 0.0569825804546797 0.0537348686152938 0.0525538824918807 0.0549158547387068 0.0546206082078536 0.0590493061706525 0.0622970180100384 0.0569825804546797 0.0516681428993209 0.0673162090345438 0.0767640980218482 0 0.054030115146147 0.0794213167995276 0.0510776498376144
"plaMeg" 0.0587540596397992 0.0186005314437555 0.0227339828757012 0.0194862710363153 0.0141718334809566 0.0147623265426631 0.0153528196043696 0.023619722468261 0.0395630351343372 0.0177147918511957 0.0138765869501033 0.0434012400354296 0.0552111012695601 0.054030115146147 0 0.0608207853557721 0.0118098612341305
"podExp" 0.0903454384410983 0.065249483318571 0.0646589902568645 0.059639799232359 0.0625922645408916 0.0625922645408916 0.0625922645408916 0.0646589902568645 0.0519633894301742 0.0670209625036906 0.0617065249483319 0.0563920873929731 0.0516681428993209 0.0794213167995276 0.0608207853557721 0 0.0593445527015058
"terMex" 0.0575730735163862 0.0183052849129023 0.0203720106288751 0.0183052849129023 0.00915264245645114 0.0150575730735164 0.0156480661352229 0.0227339828757012 0.0369058163566578 0.0174195453203425 0.00885739592559787 0.0410392677886035 0.054030115146147 0.0510776498376144 0.0118098612341305 0.0593445527015058 0
