"carIns" "cheSer" "chrPic" "cuoAmb" "cuoMcc" "derMaw" "emySub" "malTer" "mesTub" "pelCas" "pelSin" "terMex"
"carIns" 0 0.0859349855165755 0.0830383006115224 0.0872224010299324 0.0878661087866109 0.0910846475700032 0.0997747022851625 0.157708400386225 0.101705825555198 0.224654007080785 0.0910846475700032 0.0836820083682008
"cheSer" 0.0859349855165755 0 0.026070164145478 0.0299324106855488 0.0296105568072095 0.0337946572256196 0.065980045059543 0.112970711297071 0.0679111683295784 0.203089797232057 0.0733826842613454 0.0244608947537818
"chrPic" 0.0830383006115224 0.026070164145478 0 0.0202767943353717 0.0199549404570325 0.034438364982298 0.0627615062761506 0.0930157708400386 0.0656581911812037 0.203411651110396 0.0704859993562922 0.00740263920180238
"cuoAmb" 0.0872224010299324 0.0299324106855488 0.0202767943353717 0 0.00482780817508851 0.039909880914065 0.0666237528162214 0.105568072095269 0.0685548760862568 0.20598648213711 0.0766012230447377 0.0199549404570325
"cuoMcc" 0.0878661087866109 0.0296105568072095 0.0199549404570325 0.00482780817508851 0 0.0402317347924043 0.0663018989378822 0.105889925973608 0.0695204377212745 0.206308336015449 0.0769230769230769 0.0196330865786933
"derMaw" 0.0910846475700032 0.0337946572256196 0.034438364982298 0.039909880914065 0.0402317347924043 0 0.0733826842613454 0.120051496620534 0.0753138075313808 0.205020920502092 0.0788542001931123 0.0347602188606373
"emySub" 0.0997747022851625 0.065980045059543 0.0627615062761506 0.0666237528162214 0.0663018989378822 0.0733826842613454 0 0.143546829739298 0.0315416800772449 0.192468619246862 0.0901190859349855 0.0627615062761506
"malTer" 0.157708400386225 0.112970711297071 0.0930157708400386 0.105568072095269 0.105889925973608 0.120051496620534 0.143546829739298 0 0.146443514644351 0.246218216929514 0.152558738332797 0.0975217251367879
"mesTub" 0.101705825555198 0.0679111683295784 0.0656581911812037 0.0685548760862568 0.0695204377212745 0.0753138075313808 0.0315416800772449 0.146443514644351 0 0.195687158030254 0.0943031863533956 0.0650144834245253
"pelCas" 0.224654007080785 0.203089797232057 0.203411651110396 0.20598648213711 0.206308336015449 0.205020920502092 0.192468619246862 0.246218216929514 0.195687158030254 0 0.219182491149018 0.203411651110396
"pelSin" 0.0910846475700032 0.0733826842613454 0.0704859993562922 0.0766012230447377 0.0769230769230769 0.0788542001931123 0.0901190859349855 0.152558738332797 0.0943031863533956 0.219182491149018 0 0.0727389765046669
"terMex" 0.0836820083682008 0.0244608947537818 0.00740263920180238 0.0199549404570325 0.0196330865786933 0.0347602188606373 0.0627615062761506 0.0975217251367879 0.0650144834245253 0.203411651110396 0.0727389765046669 0
