"carIns" "cheAbi" "cheMyd" "cheSer" "chrPic" "cuoAmb" "cuoMcc" "derCor" "derMaw" "emySub" "gopAga" "malTer" "mesTub" "pelCas" "pelSin" "plaMeg" "podExp"
"carIns" 0 0.0515384615384615 0.0511538461538462 0.0484615384615385 0.05 0.0523076923076923 0.0473076923076923 0.0507692307692308 0.168076923076923 0.0538461538461538 0.0488461538461538 0.0680769230769231 0.0553846153846154 0.0630769230769231 0.0480769230769231 0.045 0.0703846153846154
"cheAbi" 0.0515384615384615 0 0.0226923076923077 0.0242307692307692 0.0176923076923077 0.0165384615384615 0.0123076923076923 0.0242307692307692 0.151923076923077 0.0369230769230769 0.0111538461538462 0.0380769230769231 0.0403846153846154 0.0484615384615385 0.0419230769230769 0.0119230769230769 0.0553846153846154
"cheMyd" 0.0511538461538462 0.0226923076923077 0 0.0215384615384615 0.0230769230769231 0.0226923076923077 0.0192307692307692 0.0119230769230769 0.148846153846154 0.0334615384615385 0.0211538461538462 0.0407692307692308 0.035 0.0469230769230769 0.0388461538461538 0.0169230769230769 0.0530769230769231
"cheSer" 0.0484615384615385 0.0242307692307692 0.0215384615384615 0 0.0230769230769231 0.0230769230769231 0.0196153846153846 0.0234615384615385 0.148846153846154 0.0338461538461538 0.0207692307692308 0.0419230769230769 0.0369230769230769 0.0488461538461538 0.0411538461538462 0.0180769230769231 0.0546153846153846
"chrPic" 0.05 0.0176923076923077 0.0230769230769231 0.0230769230769231 0 0.0188461538461538 0.0146153846153846 0.0234615384615385 0.151538461538462 0.0357692307692308 0.0173076923076923 0.0234615384615385 0.0376923076923077 0.0488461538461538 0.0419230769230769 0.00961538461538462 0.0534615384615385
"cuoAmb" 0.0523076923076923 0.0165384615384615 0.0226923076923077 0.0230769230769231 0.0188461538461538 0 0.00576923076923077 0.0238461538461538 0.154615384615385 0.0365384615384615 0.0146153846153846 0.0376923076923077 0.0384615384615385 0.0473076923076923 0.04 0.0123076923076923 0.0538461538461538
"cuoMcc" 0.0473076923076923 0.0123076923076923 0.0192307692307692 0.0196153846153846 0.0146153846153846 0.00576923076923077 0 0.0196153846153846 0.150384615384615 0.0323076923076923 0.0111538461538462 0.0334615384615385 0.0357692307692308 0.0453846153846154 0.0373076923076923 0.00807692307692308 0.0515384615384615
"derCor" 0.0507692307692308 0.0242307692307692 0.0119230769230769 0.0234615384615385 0.0234615384615385 0.0238461538461538 0.0196153846153846 0 0.148076923076923 0.0323076923076923 0.0219230769230769 0.0423076923076923 0.0357692307692308 0.0461538461538462 0.0388461538461538 0.0180769230769231 0.0492307692307692
"derMaw" 0.168076923076923 0.151923076923077 0.148846153846154 0.148846153846154 0.151538461538462 0.154615384615385 0.150384615384615 0.148076923076923 0 0.161153846153846 0.151153846153846 0.169230769230769 0.161538461538462 0.169615384615385 0.158846153846154 0.148461538461538 0.171153846153846
"emySub" 0.0538461538461538 0.0369230769230769 0.0334615384615385 0.0338461538461538 0.0357692307692308 0.0365384615384615 0.0323076923076923 0.0323076923076923 0.161153846153846 0 0.0346153846153846 0.0526923076923077 0.0203846153846154 0.0330769230769231 0.0442307692307692 0.0284615384615385 0.0423076923076923
"gopAga" 0.0488461538461538 0.0111538461538462 0.0211538461538462 0.0207692307692308 0.0173076923076923 0.0146153846153846 0.0111538461538462 0.0219230769230769 0.151153846153846 0.0346153846153846 0 0.0369230769230769 0.0380769230769231 0.0461538461538462 0.0376923076923077 0.0107692307692308 0.0534615384615385
"malTer" 0.0680769230769231 0.0380769230769231 0.0407692307692308 0.0419230769230769 0.0234615384615385 0.0376923076923077 0.0334615384615385 0.0423076923076923 0.169230769230769 0.0526923076923077 0.0369230769230769 0 0.0557692307692308 0.0657692307692308 0.06 0.0292307692307692 0.0707692307692308
"mesTub" 0.0553846153846154 0.0403846153846154 0.035 0.0369230769230769 0.0376923076923077 0.0384615384615385 0.0357692307692308 0.0357692307692308 0.161538461538462 0.0203846153846154 0.0380769230769231 0.0557692307692308 0 0.0373076923076923 0.0496153846153846 0.0326923076923077 0.0461538461538462
"pelCas" 0.0630769230769231 0.0484615384615385 0.0469230769230769 0.0488461538461538 0.0488461538461538 0.0473076923076923 0.0453846153846154 0.0461538461538462 0.169615384615385 0.0330769230769231 0.0461538461538462 0.0657692307692308 0.0373076923076923 0 0.0561538461538462 0.0430769230769231 0.0396153846153846
"pelSin" 0.0480769230769231 0.0419230769230769 0.0388461538461538 0.0411538461538462 0.0419230769230769 0.04 0.0373076923076923 0.0388461538461538 0.158846153846154 0.0442307692307692 0.0376923076923077 0.06 0.0496153846153846 0.0561538461538462 0 0.0361538461538462 0.0607692307692308
"plaMeg" 0.045 0.0119230769230769 0.0169230769230769 0.0180769230769231 0.00961538461538462 0.0123076923076923 0.00807692307692308 0.0180769230769231 0.148461538461538 0.0284615384615385 0.0107692307692308 0.0292307692307692 0.0326923076923077 0.0430769230769231 0.0361538461538462 0 0.0492307692307692
"podExp" 0.0703846153846154 0.0553846153846154 0.0530769230769231 0.0546153846153846 0.0534615384615385 0.0538461538461538 0.0515384615384615 0.0492307692307692 0.171153846153846 0.0423076923076923 0.0534615384615385 0.0707692307692308 0.0461538461538462 0.0396153846153846 0.0607692307692308 0.0492307692307692 0
