"carIns" "cheAbi" "cheMyd" "cheSer" "chrPic" "cuoMcc" "derMaw" "emySub" "malTer" "mesTub" "pelCas" "pelSin" "plaMeg" "podExp" "terMex"
"carIns" 0 0.0730005367686527 0.0831991411701557 0.0772946859903382 0.0821256038647343 0.0703166935050993 0.0874932903918411 0.0998389694041868 0.0703166935050993 0.0966183574879227 0.105206655931294 0.100375738056897 0.0810520665593129 0.103596349973162 0.0762211486849168
"cheAbi" 0.0730005367686527 0 0.0445517981749866 0.0391841116478798 0.0359634997316157 0.022007514761138 0.0552871712292002 0.0692431561996779 0.0230810520665593 0.0670960815888352 0.0719269994632313 0.0853462157809984 0.0386473429951691 0.0762211486849168 0.0300590445517982
"cheMyd" 0.0831991411701557 0.0445517981749866 0 0.0440150295222759 0.0445517981749866 0.0386473429951691 0.0542136339237788 0.0654857756307032 0.0375738056897477 0.0676328502415459 0.0805152979066023 0.0917874396135266 0.0429414922168545 0.0805152979066023 0.035426731078905
"cheSer" 0.0772946859903382 0.0391841116478798 0.0440150295222759 0 0.0381105743424584 0.0322061191626409 0.0493827160493827 0.0660225442834139 0.0322061191626409 0.0654857756307032 0.0751476113794954 0.0837359098228663 0.0397208803005904 0.0778314546430488 0.0359634997316157
"chrPic" 0.0821256038647343 0.0359634997316157 0.0445517981749866 0.0381105743424584 0 0.0300590445517982 0.0531400966183575 0.0681696188942566 0.0203972088030059 0.0681696188942566 0.0740740740740741 0.0864197530864197 0.0359634997316157 0.0821256038647343 0.02361782071927
"cuoMcc" 0.0703166935050993 0.022007514761138 0.0386473429951691 0.0322061191626409 0.0300590445517982 0 0.0477724100912507 0.0638754696725711 0.0155662909286098 0.0654857756307032 0.0692431561996779 0.0783682232957595 0.0305958132045089 0.072463768115942 0.0230810520665593
"derMaw" 0.0874932903918411 0.0552871712292002 0.0542136339237788 0.0493827160493827 0.0531400966183575 0.0477724100912507 0 0.0751476113794954 0.0456253354804079 0.0799785292538916 0.0848094471282877 0.0982286634460548 0.0526033279656468 0.0912506709608159 0.048845947396672
"emySub" 0.0998389694041868 0.0692431561996779 0.0654857756307032 0.0660225442834139 0.0681696188942566 0.0638754696725711 0.0751476113794954 0 0.0628019323671498 0.0434782608695652 0.0692431561996779 0.109500805152979 0.0633387010198604 0.0713902308105207 0.0628019323671498
"malTer" 0.0703166935050993 0.0230810520665593 0.0375738056897477 0.0322061191626409 0.0203972088030059 0.0155662909286098 0.0456253354804079 0.0628019323671498 0 0.0649490069779925 0.0687063875469673 0.0815888352120236 0.0295222758990875 0.072463768115942 0.0187869028448739
"mesTub" 0.0966183574879227 0.0670960815888352 0.0676328502415459 0.0654857756307032 0.0681696188942566 0.0654857756307032 0.0799785292538916 0.0434782608695652 0.0649490069779925 0 0.07085346215781 0.111111111111111 0.0676328502415459 0.0730005367686527 0.0676328502415459
"pelCas" 0.105206655931294 0.0719269994632313 0.0805152979066023 0.0751476113794954 0.0740740740740741 0.0692431561996779 0.0848094471282877 0.0692431561996779 0.0687063875469673 0.07085346215781 0 0.114868491680086 0.0772946859903382 0.0595813204508857 0.0687063875469673
"pelSin" 0.100375738056897 0.0853462157809984 0.0917874396135266 0.0837359098228663 0.0864197530864197 0.0783682232957595 0.0982286634460548 0.109500805152979 0.0815888352120236 0.111111111111111 0.114868491680086 0 0.0837359098228663 0.114331723027375 0.0837359098228663
"plaMeg" 0.0810520665593129 0.0386473429951691 0.0429414922168545 0.0397208803005904 0.0359634997316157 0.0305958132045089 0.0526033279656468 0.0633387010198604 0.0295222758990875 0.0676328502415459 0.0772946859903382 0.0837359098228663 0 0.0789049919484702 0.0284487385936661
"podExp" 0.103596349973162 0.0762211486849168 0.0805152979066023 0.0778314546430488 0.0821256038647343 0.072463768115942 0.0912506709608159 0.0713902308105207 0.072463768115942 0.0730005367686527 0.0595813204508857 0.114331723027375 0.0789049919484702 0 0.0719269994632313
"terMex" 0.0762211486849168 0.0300590445517982 0.035426731078905 0.0359634997316157 0.02361782071927 0.0230810520665593 0.048845947396672 0.0628019323671498 0.0187869028448739 0.0676328502415459 0.0687063875469673 0.0837359098228663 0.0284487385936661 0.0719269994632313 0
