"carIns" "cheAbi" "cheMyd" "cheSer" "chrPic" "cuoAmb" "cuoMcc" "derMaw" "emySub" "gopAga" "mesTub" "pelCas" "pelSin" "plaMeg" "podExp" "terMex"
"carIns" 0 0.054856641310708 0.057489760093622 0.053540081919251 0.0507606787595085 0.0536863662960796 0.0541252194265652 0.0579286132241077 0.0585137507314219 0.0539789350497367 0.0615857226448215 0.110590988882387 0.0531012287887654 0.0510532475131656 0.0724107665301346 0.0504681100058514
"cheAbi" 0.054856641310708 0 0.027940315974254 0.0248683440608543 0.018724400234055 0.0163838502047981 0.0168227033352838 0.0302808660035108 0.0384727911059099 0.0125804564072557 0.0428613224107665 0.0956699824458748 0.0491515506143944 0.0169689877121123 0.0571971913399649 0.0175541252194266
"cheMyd" 0.057489760093622 0.027940315974254 0 0.0264774722059684 0.0238443534230544 0.0269163253364541 0.0272088940901112 0.0327677004095963 0.0418373317729666 0.0270626097132826 0.0471035693387946 0.094938560561732 0.0533937975424225 0.0223815096547689 0.0604154476301931 0.0212112346401404
"cheSer" 0.053540081919251 0.0248683440608543 0.0264774722059684 0 0.020040959625512 0.0244294909303686 0.0247220596840257 0.0261849034523113 0.0370099473376243 0.0241369221767115 0.0434464599180808 0.0950848449385606 0.0485664131070802 0.0197483908718549 0.0560269163253365 0.0184318314803979
"chrPic" 0.0507606787595085 0.018724400234055 0.0238443534230544 0.020040959625512 0 0.0181392627267408 0.0185781158572264 0.0261849034523113 0.0337916910473961 0.0182855471035693 0.0392042129900527 0.0928905792861322 0.0450555880631949 0.010825043885313 0.0547103569338795 0.00643651258045641
"cuoAmb" 0.0536863662960796 0.0163838502047981 0.0269163253364541 0.0244294909303686 0.0181392627267408 0 0.00702165008777063 0.030866003510825 0.0375950848449386 0.016091281451141 0.0434464599180808 0.0958162668227033 0.0492978349912229 0.0163838502047981 0.057489760093622 0.0156524283206554
"cuoMcc" 0.0541252194265652 0.0168227033352838 0.0272088940901112 0.0247220596840257 0.0185781158572264 0.00702165008777063 0 0.0311585722644822 0.038765359859567 0.0168227033352838 0.0443241661790521 0.0964014043300176 0.0507606787595085 0.0168227033352838 0.0586600351082504 0.0163838502047981
"derMaw" 0.0579286132241077 0.0302808660035108 0.0327677004095963 0.0261849034523113 0.0261849034523113 0.030866003510825 0.0311585722644822 0 0.0443241661790521 0.0298420128730252 0.0476887068461088 0.098888238736103 0.052223522527794 0.0244294909303686 0.0607080163838502 0.0247220596840257
"emySub" 0.0585137507314219 0.0384727911059099 0.0418373317729666 0.0370099473376243 0.0337916910473961 0.0375950848449386 0.038765359859567 0.0443241661790521 0 0.0384727911059099 0.0210649502633119 0.0858689291983616 0.054856641310708 0.034815681685196 0.0456407255705091 0.033499122293739
"gopAga" 0.0539789350497367 0.0125804564072557 0.0270626097132826 0.0241369221767115 0.0182855471035693 0.016091281451141 0.0168227033352838 0.0298420128730252 0.0384727911059099 0 0.0437390286717379 0.0952311293153891 0.0503218256290228 0.0163838502047981 0.0570509069631363 0.0159449970743125
"mesTub" 0.0615857226448215 0.0428613224107665 0.0471035693387946 0.0434464599180808 0.0392042129900527 0.0434464599180808 0.0443241661790521 0.0476887068461088 0.0210649502633119 0.0437390286717379 0 0.0892334698654184 0.0583674663545933 0.0397893504973669 0.0469572849619661 0.0392042129900527
"pelCas" 0.110590988882387 0.0956699824458748 0.094938560561732 0.0950848449385606 0.0928905792861322 0.0958162668227033 0.0964014043300176 0.098888238736103 0.0858689291983616 0.0952311293153891 0.0892334698654184 0 0.107519016968988 0.0933294324166179 0.0864540667056758 0.0931831480397893
"pelSin" 0.0531012287887654 0.0491515506143944 0.0533937975424225 0.0485664131070802 0.0450555880631949 0.0492978349912229 0.0507606787595085 0.052223522527794 0.054856641310708 0.0503218256290228 0.0583674663545933 0.107519016968988 0 0.0460795787009947 0.0672908133411352 0.0447630193095377
"plaMeg" 0.0510532475131656 0.0169689877121123 0.0223815096547689 0.0197483908718549 0.010825043885313 0.0163838502047981 0.0168227033352838 0.0244294909303686 0.034815681685196 0.0163838502047981 0.0397893504973669 0.0933294324166179 0.0460795787009947 0 0.0536863662960796 0.00921591574019895
"podExp" 0.0724107665301346 0.0571971913399649 0.0604154476301931 0.0560269163253365 0.0547103569338795 0.057489760093622 0.0586600351082504 0.0607080163838502 0.0456407255705091 0.0570509069631363 0.0469572849619661 0.0864540667056758 0.0672908133411352 0.0536863662960796 0 0.0541252194265652
"terMex" 0.0504681100058514 0.0175541252194266 0.0212112346401404 0.0184318314803979 0.00643651258045641 0.0156524283206554 0.0163838502047981 0.0247220596840257 0.033499122293739 0.0159449970743125 0.0392042129900527 0.0931831480397893 0.0447630193095377 0.00921591574019895 0.0541252194265652 0
