"carIns" "cheAbi" "cheMyd" "cheSer" "chrPic" "cuoAmb" "cuoMcc" "derMaw" "emySub" "gopAga" "malTer" "mesTub" "pelCas" "pelSin" "plaMeg" "podExp" "terMex"
"carIns" 0 0.0471950133570792 0.0534283170080142 0.0458593054318789 0.0454140694568121 0.0467497773820125 0.0463045414069457 0.04986642920748 0.0525378450578807 0.0471950133570792 0.0449688334817453 0.0516473731077471 0.0627782724844167 0.0525378450578807 0.041406945681211 0.066340160284951 0.0440783615316118
"cheAbi" 0.0471950133570792 0 0.031166518254675 0.0244879786286732 0.0169189670525378 0.00979519145146928 0.00934995547640249 0.0267141585040071 0.0400712377560107 0.00845948352626892 0.0164737310774711 0.041406945681211 0.0520926090828139 0.043633125556545 0.0151380231522707 0.0583259127337489 0.0160284951024043
"cheMyd" 0.0534283170080142 0.031166518254675 0 0.0258236865538736 0.0276046304541407 0.0284951024042743 0.0271593944790739 0.0302760463045414 0.0431878895814782 0.028940338379341 0.0284951024042743 0.0449688334817453 0.0565449688334817 0.0471950133570792 0.0231522707034728 0.0632235084594835 0.0262689225289403
"cheSer" 0.0458593054318789 0.0244879786286732 0.0258236865538736 0 0.0200356188780053 0.0218165627782725 0.0204808548530721 0.0235975066785396 0.0360641139804096 0.0231522707034728 0.0209260908281389 0.0356188780053428 0.0480854853072128 0.0409617097061443 0.0173642030276046 0.0534283170080142 0.018699910952805
"chrPic" 0.0454140694568121 0.0169189670525378 0.0276046304541407 0.0200356188780053 0 0.0129118432769368 0.0138023152270703 0.0240427426536064 0.0378450578806768 0.0169189670525378 0.0031166518254675 0.0396260017809439 0.0512021371326803 0.0409617097061443 0.0111308993766696 0.0565449688334817 0.00534283170080142
"cuoAmb" 0.0467497773820125 0.00979519145146928 0.0284951024042743 0.0218165627782725 0.0129118432769368 0 0.0031166518254675 0.02493321460374 0.0382902938557435 0.0111308993766696 0.0142475512021371 0.0400712377560107 0.0503116651825467 0.0400712377560107 0.0120213713268032 0.0569902048085485 0.01246660730187
"cuoMcc" 0.0463045414069457 0.00934995547640249 0.0271593944790739 0.0204808548530721 0.0138023152270703 0.0031166518254675 0 0.0244879786286732 0.0378450578806768 0.0106856634016028 0.0151380231522707 0.0387355298308103 0.04986642920748 0.041406945681211 0.01246660730187 0.0556544968833482 0.0129118432769368
"derMaw" 0.04986642920748 0.0267141585040071 0.0302760463045414 0.0235975066785396 0.0240427426536064 0.02493321460374 0.0244879786286732 0 0.0400712377560107 0.0262689225289403 0.02493321460374 0.0422974176313446 0.0552092609082814 0.0427426536064114 0.0195903829029386 0.0578806767586821 0.0227070347284061
"emySub" 0.0525378450578807 0.0400712377560107 0.0431878895814782 0.0360641139804096 0.0378450578806768 0.0382902938557435 0.0378450578806768 0.0400712377560107 0 0.0382902938557435 0.0378450578806768 0.018699910952805 0.0409617097061443 0.0529830810329475 0.0325022261798753 0.0467497773820125 0.0365093499554764
"gopAga" 0.0471950133570792 0.00845948352626892 0.028940338379341 0.0231522707034728 0.0169189670525378 0.0111308993766696 0.0106856634016028 0.0262689225289403 0.0382902938557435 0 0.0173642030276046 0.0405164737310775 0.0520926090828139 0.0418521816562778 0.0146927871772039 0.0556544968833482 0.0164737310774711
"malTer" 0.0449688334817453 0.0164737310774711 0.0284951024042743 0.0209260908281389 0.0031166518254675 0.0142475512021371 0.0151380231522707 0.02493321460374 0.0378450578806768 0.0173642030276046 0 0.0396260017809439 0.0503116651825467 0.0400712377560107 0.0115761353517364 0.0547640249332146 0.00578806767586821
"mesTub" 0.0516473731077471 0.041406945681211 0.0449688334817453 0.0356188780053428 0.0396260017809439 0.0400712377560107 0.0387355298308103 0.0422974176313446 0.018699910952805 0.0405164737310775 0.0396260017809439 0 0.0427426536064114 0.0529830810329475 0.035173642030276 0.0463045414069457 0.0382902938557435
"pelCas" 0.0627782724844167 0.0520926090828139 0.0565449688334817 0.0480854853072128 0.0512021371326803 0.0503116651825467 0.04986642920748 0.0552092609082814 0.0409617097061443 0.0520926090828139 0.0503116651825467 0.0427426536064114 0 0.0627782724844167 0.0471950133570792 0.0449688334817453 0.04986642920748
"pelSin" 0.0525378450578807 0.043633125556545 0.0471950133570792 0.0409617097061443 0.0409617097061443 0.0400712377560107 0.041406945681211 0.0427426536064114 0.0529830810329475 0.0418521816562778 0.0400712377560107 0.0529830810329475 0.0627782724844167 0 0.03739982190561 0.0681211041852182 0.0400712377560107
"plaMeg" 0.041406945681211 0.0151380231522707 0.0231522707034728 0.0173642030276046 0.0111308993766696 0.0120213713268032 0.01246660730187 0.0195903829029386 0.0325022261798753 0.0146927871772039 0.0115761353517364 0.035173642030276 0.0471950133570792 0.03739982190561 0 0.0507569011576135 0.00845948352626892
"podExp" 0.066340160284951 0.0583259127337489 0.0632235084594835 0.0534283170080142 0.0565449688334817 0.0569902048085485 0.0556544968833482 0.0578806767586821 0.0467497773820125 0.0556544968833482 0.0547640249332146 0.0463045414069457 0.0449688334817453 0.0681211041852182 0.0507569011576135 0 0.0556544968833482
"terMex" 0.0440783615316118 0.0160284951024043 0.0262689225289403 0.018699910952805 0.00534283170080142 0.01246660730187 0.0129118432769368 0.0227070347284061 0.0365093499554764 0.0164737310774711 0.00578806767586821 0.0382902938557435 0.04986642920748 0.0400712377560107 0.00845948352626892 0.0556544968833482 0
