"carIns" "cheAbi" "cheMyd" "chrPic" "cuoAmb" "derCor" "derMaw" "emySub" "gopAga" "malTer" "mesTub" "pelCas" "pelSin" "plaMeg" "podExp"
"carIns" 0 0.0452285105375326 0.048070092351409 0.0421501302391665 0.113426474070566 0.0468860999289605 0.0494908832583471 0.0679611650485437 0.0544636514326308 0.045702107506512 0.0591996211224248 0.0670139711105849 0.0570684347620175 0.0435709211461047 0.0755387165522141
"cheAbi" 0.0452285105375326 0 0.022022259057542 0.0161022969452995 0.087378640776699 0.0203646696661141 0.0262846317783566 0.0542268529481411 0.0187070802746862 0.0182334833057068 0.0419133317546768 0.0497276817428368 0.0518588681032441 0.0144447075538717 0.0575420317309969
"cheMyd" 0.048070092351409 0.022022259057542 0 0.0198910726971347 0.0935354013734312 0.0123135211934644 0.0255742363248875 0.0539900544636514 0.0303102060146815 0.022022259057542 0.0419133317546768 0.0520956665877338 0.0502012787118162 0.0179966848212171 0.0584892256689557
"chrPic" 0.0421501302391665 0.0161022969452995 0.0198910726971347 0 0.0895098271371063 0.0189438787591759 0.0227326545110111 0.0532796590101823 0.0246270423869287 0.00402557423632489 0.0412029363012077 0.0494908832583471 0.0471228984134502 0.0123135211934644 0.0573052332465072
"cuoAmb" 0.113426474070566 0.087378640776699 0.0935354013734312 0.0895098271371063 0 0.0925882074354724 0.096850580156287 0.123608808903623 0.0961401847028179 0.0909306180440445 0.112952877101587 0.11816244376036 0.120293630120767 0.0887994316836372 0.122424816481175
"derCor" 0.0468860999289605 0.0203646696661141 0.0123135211934644 0.0189438787591759 0.0925882074354724 0 0.0251006393559081 0.053516457494672 0.029126213592233 0.0210750651195832 0.0404925408477386 0.0502012787118162 0.0504380771963059 0.0170494908832583 0.0575420317309969
"derMaw" 0.0494908832583471 0.0262846317783566 0.0255742363248875 0.0227326545110111 0.096850580156287 0.0251006393559081 0 0.058252427184466 0.0343357802510064 0.0253374378403978 0.0447549135685532 0.0542268529481411 0.0528060620412029 0.0215486620885626 0.0622780014207909
"emySub" 0.0679611650485437 0.0542268529481411 0.0539900544636514 0.0532796590101823 0.123608808903623 0.053516457494672 0.058252427184466 0 0.0620412029363012 0.0551740468860999 0.0336253847975373 0.053516457494672 0.0743547241297656 0.0523324650722235 0.0603836135448733
"gopAga" 0.0544636514326308 0.0187070802746862 0.0303102060146815 0.0246270423869287 0.0961401847028179 0.029126213592233 0.0343357802510064 0.0620412029363012 0 0.0272318257163154 0.0499644802273265 0.0591996211224248 0.0584892256689557 0.0224958560265214 0.0658299786881364
"malTer" 0.045702107506512 0.0182334833057068 0.022022259057542 0.00402557423632489 0.0909306180440445 0.0210750651195832 0.0253374378403978 0.0551740468860999 0.0272318257163154 0 0.043334122661615 0.0525692635567132 0.0506748756807956 0.0144447075538717 0.0601468150603836
"mesTub" 0.0591996211224248 0.0419133317546768 0.0419133317546768 0.0412029363012077 0.112952877101587 0.0404925408477386 0.0447549135685532 0.0336253847975373 0.0499644802273265 0.043334122661615 0 0.0412029363012077 0.0615676059673218 0.0397821453942695 0.0490172862893677
"pelCas" 0.0670139711105849 0.0497276817428368 0.0520956665877338 0.0494908832583471 0.11816244376036 0.0502012787118162 0.0542268529481411 0.053516457494672 0.0591996211224248 0.0525692635567132 0.0412029363012077 0 0.0717499408003789 0.0478332938669193 0.043334122661615
"pelSin" 0.0570684347620175 0.0518588681032441 0.0502012787118162 0.0471228984134502 0.120293630120767 0.0504380771963059 0.0528060620412029 0.0743547241297656 0.0584892256689557 0.0506748756807956 0.0615676059673218 0.0717499408003789 0 0.0485436893203883 0.0764859104901729
"plaMeg" 0.0435709211461047 0.0144447075538717 0.0179966848212171 0.0123135211934644 0.0887994316836372 0.0170494908832583 0.0215486620885626 0.0523324650722235 0.0224958560265214 0.0144447075538717 0.0397821453942695 0.0478332938669193 0.0485436893203883 0 0.0554108453705896
"podExp" 0.0755387165522141 0.0575420317309969 0.0584892256689557 0.0573052332465072 0.122424816481175 0.0575420317309969 0.0622780014207909 0.0603836135448733 0.0658299786881364 0.0601468150603836 0.0490172862893677 0.043334122661615 0.0764859104901729 0.0554108453705896 0
