"carIns" "cheAbi" "cheMyd" "cheSer" "chrPic" "cuoAmb" "cuoMcc" "derCor" "derMaw" "emySub" "gopAga" "malTer" "mesTub" "pelCas" "pelSin" "plaMeg" "podExp" "terMex"
"carIns" 0 0.0627962085308057 0.0742496050552923 0.0639810426540284 0.061216429699842 0.0675355450236967 0.0620063191153239 0.0714849921011058 0.0616113744075829 0.0722748815165877 0.0647709320695103 0.0627962085308057 0.0833333333333333 0.0845181674565561 0.065955766192733 0.0588467614533965 0.0872827804107425 0.0588467614533965
"cheAbi" 0.0627962085308057 0 0.0387045813586098 0.0308056872037915 0.0213270142180095 0.0256714060031596 0.0209320695102686 0.0363349131121643 0.0323854660347551 0.0446287519747235 0.014218009478673 0.0248815165876777 0.0584518167456556 0.0627962085308057 0.0584518167456556 0.0197472353870458 0.0687203791469194 0.0169826224328594
"cheMyd" 0.0742496050552923 0.0387045813586098 0 0.0398894154818325 0.0390995260663507 0.0442338072669826 0.0371248025276461 0.0288309636650869 0.0418641390205371 0.0580568720379147 0.0387045813586098 0.0387045813586098 0.0679304897314376 0.0746445497630332 0.0703001579778831 0.0367298578199052 0.0778041074249605 0.0351500789889415
"cheSer" 0.0639810426540284 0.0308056872037915 0.0398894154818325 0 0.0276461295418641 0.028436018957346 0.0292259083728278 0.0367298578199052 0.0315955766192733 0.04739336492891 0.0292259083728278 0.0315955766192733 0.0596366508688784 0.0651658767772512 0.0608214849921011 0.0248815165876777 0.0734597156398104 0.0244865718799368
"chrPic" 0.061216429699842 0.0213270142180095 0.0390995260663507 0.0276461295418641 0 0.0229067930489731 0.018957345971564 0.0367298578199052 0.0319905213270142 0.0434439178515008 0.0205371248025276 0.00671406003159558 0.0572669826224329 0.0604265402843602 0.0560821484992101 0.0157977883096366 0.0671406003159558 0.00868878357030016
"cuoAmb" 0.0675355450236967 0.0256714060031596 0.0442338072669826 0.028436018957346 0.0229067930489731 0 0.0126382306477093 0.0402843601895735 0.0359399684044234 0.0481832543443918 0.0240916271721959 0.0268562401263823 0.061216429699842 0.0651658767772512 0.0608214849921011 0.0197472353870458 0.0738546603475513 0.0193522906793049
"cuoMcc" 0.0620063191153239 0.0209320695102686 0.0371248025276461 0.0292259083728278 0.018957345971564 0.0126382306477093 0 0.0347551342812006 0.0304107424960506 0.042654028436019 0.018957345971564 0.0205371248025276 0.0545023696682464 0.0592417061611374 0.0548973143759874 0.0150078988941548 0.0675355450236967 0.0146129541864139
"derCor" 0.0714849921011058 0.0363349131121643 0.0288309636650869 0.0367298578199052 0.0367298578199052 0.0402843601895735 0.0347551342812006 0 0.0398894154818325 0.0545023696682464 0.0383096366508689 0.037519747235387 0.0671406003159558 0.0722748815165877 0.0671406003159558 0.0315955766192733 0.0766192733017378 0.0327804107424961
"derMaw" 0.0616113744075829 0.0323854660347551 0.0418641390205371 0.0315955766192733 0.0319905213270142 0.0359399684044234 0.0304107424960506 0.0398894154818325 0 0.0497630331753555 0.0335703001579779 0.0355450236966825 0.0624012638230648 0.0635860979462875 0.0600315955766193 0.0280410742496051 0.0722748815165877 0.0272511848341232
"emySub" 0.0722748815165877 0.0446287519747235 0.0580568720379147 0.04739336492891 0.0434439178515008 0.0481832543443918 0.042654028436019 0.0545023696682464 0.0497630331753555 0 0.0450236966824645 0.0462085308056872 0.0244865718799368 0.0430489731437599 0.0667456556082149 0.0383096366508689 0.0537124802527646 0.0410742496050553
"gopAga" 0.0647709320695103 0.014218009478673 0.0387045813586098 0.0292259083728278 0.0205371248025276 0.0240916271721959 0.018957345971564 0.0383096366508689 0.0335703001579779 0.0450236966824645 0 0.0233017377567141 0.0588467614533965 0.0608214849921011 0.0596366508688784 0.018957345971564 0.0667456556082149 0.0161927330173776
"malTer" 0.0627962085308057 0.0248815165876777 0.0387045813586098 0.0315955766192733 0.00671406003159558 0.0268562401263823 0.0205371248025276 0.037519747235387 0.0355450236966825 0.0462085308056872 0.0233017377567141 0 0.0596366508688784 0.0639810426540284 0.0576619273301738 0.018957345971564 0.0699052132701422 0.0118483412322275
"mesTub" 0.0833333333333333 0.0584518167456556 0.0679304897314376 0.0596366508688784 0.0572669826224329 0.061216429699842 0.0545023696682464 0.0671406003159558 0.0624012638230648 0.0244865718799368 0.0588467614533965 0.0596366508688784 0 0.0545023696682464 0.0766192733017378 0.0537124802527646 0.0616113744075829 0.0537124802527646
"pelCas" 0.0845181674565561 0.0627962085308057 0.0746445497630332 0.0651658767772512 0.0604265402843602 0.0651658767772512 0.0592417061611374 0.0722748815165877 0.0635860979462875 0.0430489731437599 0.0608214849921011 0.0639810426540284 0.0545023696682464 0 0.0762243285939968 0.0548973143759874 0.05173775671406 0.0580568720379147
"pelSin" 0.065955766192733 0.0584518167456556 0.0703001579778831 0.0608214849921011 0.0560821484992101 0.0608214849921011 0.0548973143759874 0.0671406003159558 0.0600315955766193 0.0667456556082149 0.0596366508688784 0.0576619273301738 0.0766192733017378 0.0762243285939968 0 0.0529225908372828 0.080173775671406 0.0545023696682464
"plaMeg" 0.0588467614533965 0.0197472353870458 0.0367298578199052 0.0248815165876777 0.0157977883096366 0.0197472353870458 0.0150078988941548 0.0315955766192733 0.0280410742496051 0.0383096366508689 0.018957345971564 0.018957345971564 0.0537124802527646 0.0548973143759874 0.0529225908372828 0 0.0631911532385466 0.0118483412322275
"podExp" 0.0872827804107425 0.0687203791469194 0.0778041074249605 0.0734597156398104 0.0671406003159558 0.0738546603475513 0.0675355450236967 0.0766192733017378 0.0722748815165877 0.0537124802527646 0.0667456556082149 0.0699052132701422 0.0616113744075829 0.05173775671406 0.080173775671406 0.0631911532385466 0 0.065955766192733
"terMex" 0.0588467614533965 0.0169826224328594 0.0351500789889415 0.0244865718799368 0.00868878357030016 0.0193522906793049 0.0146129541864139 0.0327804107424961 0.0272511848341232 0.0410742496050553 0.0161927330173776 0.0118483412322275 0.0537124802527646 0.0580568720379147 0.0545023696682464 0.0118483412322275 0.065955766192733 0
