"carIns" "cheAbi" "cheMyd" "cheSer" "chrPic" "cuoAmb" "cuoMcc" "derCor" "derMaw" "emySub" "gopAga" "malTer" "mesTub" "pelCas" "pelSin" "plaMeg" "podExp" "terMex"
"carIns" 0 0.0912762520193861 0.0883144857296715 0.0912762520193861 0.0845449649973075 0.089122240172321 0.0893914916532041 0.0931610123855681 0.0971997845988153 0.0982767905223479 0.100969305331179 0.128971459343026 0.110931610123856 0.119547657512116 0.113624124932687 0.0845449649973075 0.12412493268713 0.0893914916532041
"cheAbi" 0.0912762520193861 0 0.0393107162089391 0.0422724824986537 0.0290791599353796 0.0234248788368336 0.0215401184706516 0.0449649973074852 0.0549273021001615 0.0667743672590199 0.031502423263328 0.07619816908993 0.0807754442649435 0.0934302638664513 0.0971997845988153 0.0290791599353796 0.100430802369413 0.03338718362951
"cheMyd" 0.0883144857296715 0.0393107162089391 0 0.035271943995692 0.0290791599353796 0.0366182014001077 0.035271943995692 0.0193861066235864 0.0479267635971998 0.0608508346795907 0.0525040387722132 0.0753904146472806 0.0751211631663974 0.0899299946149704 0.0942380183091007 0.0282714054927302 0.0958535271943996 0.0344641895530425
"cheSer" 0.0912762520193861 0.0422724824986537 0.035271943995692 0 0.0306946688206785 0.0376952073236403 0.0363489499192246 0.039041464728056 0.0473882606354335 0.0630048465266559 0.0578890683898761 0.07619816908993 0.0775444264943457 0.0926225094238018 0.0982767905223479 0.0298869143780291 0.0996230479267636 0.035271943995692
"chrPic" 0.0845449649973075 0.0290791599353796 0.0290791599353796 0.0306946688206785 0 0.0255788906838988 0.024232633279483 0.0320409262250942 0.0441572428648358 0.0589660743134087 0.0438879913839526 0.051965535810447 0.0735056542810986 0.089122240172321 0.0936995153473344 0.0142703284868067 0.0945072697899838 0.0123855681206247
"cuoAmb" 0.089122240172321 0.0234248788368336 0.0366182014001077 0.0376952073236403 0.0255788906838988 0 0.0078082929456112 0.0401184706515886 0.0500807754442649 0.0646203554119548 0.039041464728056 0.072428648357566 0.0796984383414109 0.0926225094238018 0.0988152934841142 0.0228863758750673 0.100700053850296 0.0298869143780291
"cuoMcc" 0.0893914916532041 0.0215401184706516 0.035271943995692 0.0363489499192246 0.024232633279483 0.0078082929456112 0 0.0393107162089391 0.0498115239633818 0.0635433494884222 0.0376952073236403 0.0713516424340334 0.078082929456112 0.0926225094238018 0.0963920301561659 0.0215401184706516 0.0993537964458805 0.0280021540118471
"derCor" 0.0931610123855681 0.0449649973074852 0.0193861066235864 0.039041464728056 0.0320409262250942 0.0401184706515886 0.0393107162089391 0 0.0522347872913301 0.0654281098546042 0.057619816908993 0.078082929456112 0.079967689822294 0.0923532579429187 0.10016155088853 0.0323101777059774 0.100430802369413 0.037156704361874
"derMaw" 0.0971997845988153 0.0549273021001615 0.0479267635971998 0.0473882606354335 0.0441572428648358 0.0500807754442649 0.0498115239633818 0.0522347872913301 0 0.0770059235325794 0.0681206246634356 0.0866989768443726 0.0904684975767367 0.0974690360796984 0.10527732902531 0.0436187399030695 0.106085083467959 0.0476575121163166
"emySub" 0.0982767905223479 0.0667743672590199 0.0608508346795907 0.0630048465266559 0.0589660743134087 0.0646203554119548 0.0635433494884222 0.0654281098546042 0.0770059235325794 0 0.079967689822294 0.103661820140011 0.0420032310177706 0.0691976305869682 0.106892837910609 0.059504577275175 0.0772751750134626 0.0627355950457728
"gopAga" 0.100969305331179 0.031502423263328 0.0525040387722132 0.0578890683898761 0.0438879913839526 0.039041464728056 0.0376952073236403 0.057619816908993 0.0681206246634356 0.079967689822294 0 0.0915455035002693 0.0945072697899838 0.106085083467959 0.112277867528271 0.0441572428648358 0.107969843834141 0.0468497576736672
"malTer" 0.128971459343026 0.07619816908993 0.0753904146472806 0.07619816908993 0.051965535810447 0.072428648357566 0.0713516424340334 0.078082929456112 0.0866989768443726 0.103661820140011 0.0915455035002693 0 0.113624124932687 0.127625201938611 0.130586968228325 0.0616585891222402 0.135164243403339 0.0605815831987076
"mesTub" 0.110931610123856 0.0807754442649435 0.0751211631663974 0.0775444264943457 0.0735056542810986 0.0796984383414109 0.078082929456112 0.079967689822294 0.0904684975767367 0.0420032310177706 0.0945072697899838 0.113624124932687 0 0.0775444264943457 0.117932148626817 0.0729671513193323 0.0918147549811524 0.0778136779752289
"pelCas" 0.119547657512116 0.0934302638664513 0.0899299946149704 0.0926225094238018 0.089122240172321 0.0926225094238018 0.0926225094238018 0.0923532579429187 0.0974690360796984 0.0691976305869682 0.106085083467959 0.127625201938611 0.0775444264943457 0 0.123047926763597 0.0875067312870221 0.0788906838987614 0.0915455035002693
"pelSin" 0.113624124932687 0.0971997845988153 0.0942380183091007 0.0982767905223479 0.0936995153473344 0.0988152934841142 0.0963920301561659 0.10016155088853 0.10527732902531 0.106892837910609 0.112277867528271 0.130586968228325 0.117932148626817 0.123047926763597 0 0.0942380183091007 0.134625740441572 0.0969305331179321
"plaMeg" 0.0845449649973075 0.0290791599353796 0.0282714054927302 0.0298869143780291 0.0142703284868067 0.0228863758750673 0.0215401184706516 0.0323101777059774 0.0436187399030695 0.059504577275175 0.0441572428648358 0.0616585891222402 0.0729671513193323 0.0875067312870221 0.0942380183091007 0 0.096661281637049 0.0193861066235864
"podExp" 0.12412493268713 0.100430802369413 0.0958535271943996 0.0996230479267636 0.0945072697899838 0.100700053850296 0.0993537964458805 0.100430802369413 0.106085083467959 0.0772751750134626 0.107969843834141 0.135164243403339 0.0918147549811524 0.0788906838987614 0.134625740441572 0.096661281637049 0 0.0969305331179321
"terMex" 0.0893914916532041 0.03338718362951 0.0344641895530425 0.035271943995692 0.0123855681206247 0.0298869143780291 0.0280021540118471 0.037156704361874 0.0476575121163166 0.0627355950457728 0.0468497576736672 0.0605815831987076 0.0778136779752289 0.0915455035002693 0.0969305331179321 0.0193861066235864 0.0969305331179321 0
