"cheMyd" "cheSer" "chrPic" "cuoMcc" "derCor" "derMaw" "emySub" "gopAga" "malTer" "mesTub" "pelCas" "pelSin" "plaMeg" "podExp" "terMex"
"cheMyd" 0 0.125971143174251 0.127635960044395 0.140954495005549 0.120976692563818 0.130410654827969 0.132075471698113 0.127635960044395 0.122086570477247 0.133740288568257 0.145948945615982 0.140954495005549 0.144839067702553 0.159267480577137 0.12708102108768
"cheSer" 0.125971143174251 0 0.0177580466148724 0.0299667036625971 0.0210876803551609 0.0160932297447281 0.0299667036625971 0.0205327413984462 0.0144284128745838 0.0305216426193119 0.0427302996670366 0.0355160932297447 0.0332963374028857 0.0571587125416204 0.0177580466148724
"chrPic" 0.127635960044395 0.0177580466148724 0 0.0266370699223085 0.025527192008879 0.02330743618202 0.0294117647058824 0.0172031076581576 0.00665926748057714 0.0338512763596004 0.0427302996670366 0.0366259711431743 0.0238623751387347 0.0549389567147614 0.00332963374028857
"cuoMcc" 0.140954495005549 0.0299667036625971 0.0266370699223085 0 0.0366259711431743 0.03496115427303 0.0394006659267481 0.0260821309655938 0.0221975582685905 0.0460599334073252 0.0549389567147614 0.0471698113207547 0.0438401775804661 0.0688124306326304 0.0266370699223085
"derCor" 0.120976692563818 0.0210876803551609 0.025527192008879 0.0366259711431743 0 0.0271920088790233 0.0332963374028857 0.0260821309655938 0.0199778024417314 0.0377358490566038 0.0471698113207547 0.0405105438401776 0.0421753607103219 0.060488346281909 0.025527192008879
"derMaw" 0.130410654827969 0.0160932297447281 0.02330743618202 0.03496115427303 0.0271920088790233 0 0.0332963374028857 0.02330743618202 0.0177580466148724 0.03496115427303 0.0432852386237514 0.0399556048834628 0.0388457269700333 0.0560488346281909 0.02330743618202
"emySub" 0.132075471698113 0.0299667036625971 0.0294117647058824 0.0394006659267481 0.0332963374028857 0.0332963374028857 0 0.0294117647058824 0.0238623751387347 0.02330743618202 0.0360710321864595 0.0327413984461709 0.0443951165371809 0.0493895671476138 0.0294117647058824
"gopAga" 0.127635960044395 0.0205327413984462 0.0172031076581576 0.0260821309655938 0.0260821309655938 0.02330743618202 0.0294117647058824 0 0.01165371809101 0.0338512763596004 0.0410654827968923 0.0338512763596004 0.0344062153163152 0.0566037735849057 0.0172031076581576
"malTer" 0.122086570477247 0.0144284128745838 0.00665926748057714 0.0221975582685905 0.0199778024417314 0.0177580466148724 0.0238623751387347 0.01165371809101 0 0.0294117647058824 0.0382907880133185 0.0316315205327414 0.0271920088790233 0.0504994450610433 0.00665926748057714
"mesTub" 0.133740288568257 0.0305216426193119 0.0338512763596004 0.0460599334073252 0.0377358490566038 0.03496115427303 0.02330743618202 0.0338512763596004 0.0294117647058824 0 0.0405105438401776 0.0416204217536071 0.0493895671476138 0.0549389567147614 0.0338512763596004
"pelCas" 0.145948945615982 0.0427302996670366 0.0427302996670366 0.0549389567147614 0.0471698113207547 0.0432852386237514 0.0360710321864595 0.0410654827968923 0.0382907880133185 0.0405105438401776 0 0.048834628190899 0.05826859045505 0.0438401775804661 0.0405105438401776
"pelSin" 0.140954495005549 0.0355160932297447 0.0366259711431743 0.0471698113207547 0.0405105438401776 0.0399556048834628 0.0327413984461709 0.0338512763596004 0.0316315205327414 0.0416204217536071 0.048834628190899 0 0.0527192008879023 0.0615982241953385 0.0366259711431743
"plaMeg" 0.144839067702553 0.0332963374028857 0.0238623751387347 0.0438401775804661 0.0421753607103219 0.0388457269700333 0.0443951165371809 0.0344062153163152 0.0271920088790233 0.0493895671476138 0.05826859045505 0.0527192008879023 0 0.0699223085460599 0.0238623751387347
"podExp" 0.159267480577137 0.0571587125416204 0.0549389567147614 0.0688124306326304 0.060488346281909 0.0560488346281909 0.0493895671476138 0.0566037735849057 0.0504994450610433 0.0549389567147614 0.0438401775804661 0.0615982241953385 0.0699223085460599 0 0.0527192008879023
"terMex" 0.12708102108768 0.0177580466148724 0.00332963374028857 0.0266370699223085 0.025527192008879 0.02330743618202 0.0294117647058824 0.0172031076581576 0.00665926748057714 0.0338512763596004 0.0405105438401776 0.0366259711431743 0.0238623751387347 0.0527192008879023 0
