"carIns" "cheAbi" "cheSer" "chrPic" "cuoAmb" "cuoMcc" "derCor" "derMaw" "gopAga" "mesTub" "pelCas" "plaMeg" "podExp" "terMex"
"carIns" 0 0.104245164531525 0.134388344637026 0.0838985179603115 0.0886711881436825 0.0874152223059533 0.0964581763376036 0.0911831198191409 0.0939462446621452 0.101733232856066 0.127103742778196 0.0828937452901281 0.123335845265009 0.0841497111278573
"cheAbi" 0.104245164531525 0 0.106254709871891 0.0459683496608892 0.0336598844511429 0.0316503391107762 0.0668173825671942 0.0680733484049234 0.0311479527756845 0.0826425521225823 0.113288118563175 0.0411956794775182 0.112785732228083 0.0434564179854308
"cheSer" 0.134388344637026 0.106254709871891 0 0.0881688018085908 0.0916855061542326 0.0904295403165034 0.0999748806832454 0.0954534036674203 0.0972117558402412 0.117056016076363 0.145440844009043 0.0859080633006782 0.142928912333585 0.087917608641045
"chrPic" 0.0838985179603115 0.0459683496608892 0.0881688018085908 0 0.0278824415975885 0.0263752825923135 0.0512434061793519 0.0499874403416227 0.0356694297915097 0.0720924390856569 0.100477267018337 0.0218538055764883 0.0982165285104245 0.0130620447123838
"cuoAmb" 0.0886711881436825 0.0336598844511429 0.0916855061542326 0.0278824415975885 0 0.0070334086912836 0.0509922130118061 0.0524993720170811 0.0228585782466717 0.0693293142426526 0.101984426023612 0.0238633509168551 0.0999748806832454 0.0243657372519467
"cuoMcc" 0.0874152223059533 0.0316503391107762 0.0904295403165034 0.0263752825923135 0.0070334086912836 0 0.0502386335091686 0.0514945993468978 0.0205978397387591 0.0690781210751068 0.101230846520975 0.0221049987440342 0.100728460185883 0.0228585782466717
"derCor" 0.0964581763376036 0.0668173825671942 0.0999748806832454 0.0512434061793519 0.0509922130118061 0.0502386335091686 0 0.0600351670434564 0.057523235367998 0.0803818136146697 0.107761868877167 0.0467219291635268 0.110776186887717 0.0492338608389852
"derMaw" 0.0911831198191409 0.0680733484049234 0.0954534036674203 0.0499874403416227 0.0524993720170811 0.0514945993468978 0.0600351670434564 0 0.0580256217030897 0.0833961316252198 0.10876664154735 0.0459683496608892 0.109017834714896 0.0482290881688018
"gopAga" 0.0939462446621452 0.0311479527756845 0.0972117558402412 0.0356694297915097 0.0228585782466717 0.0205978397387591 0.057523235367998 0.0580256217030897 0 0.0778698819392113 0.107510675709621 0.031901532278322 0.1057523235368 0.0326551117809596
"mesTub" 0.101733232856066 0.0826425521225823 0.117056016076363 0.0720924390856569 0.0693293142426526 0.0690781210751068 0.0803818136146697 0.0833961316252198 0.0778698819392113 0 0.0916855061542326 0.0690781210751068 0.0844009042954032 0.0700828937452901
"pelCas" 0.127103742778196 0.113288118563175 0.145440844009043 0.100477267018337 0.101984426023612 0.101230846520975 0.107761868877167 0.10876664154735 0.107510675709621 0.0916855061542326 0 0.100477267018337 0.0901783471489575 0.0997236875156996
"plaMeg" 0.0828937452901281 0.0411956794775182 0.0859080633006782 0.0218538055764883 0.0238633509168551 0.0221049987440342 0.0467219291635268 0.0459683496608892 0.031901532278322 0.0690781210751068 0.100477267018337 0 0.0977141421753328 0.0183371012308465
"podExp" 0.123335845265009 0.112785732228083 0.142928912333585 0.0982165285104245 0.0999748806832454 0.100728460185883 0.110776186887717 0.109017834714896 0.1057523235368 0.0844009042954032 0.0901783471489575 0.0977141421753328 0 0.0987189148455162
"terMex" 0.0841497111278573 0.0434564179854308 0.087917608641045 0.0130620447123838 0.0243657372519467 0.0228585782466717 0.0492338608389852 0.0482290881688018 0.0326551117809596 0.0700828937452901 0.0997236875156996 0.0183371012308465 0.0987189148455162 0
