"carIns" "cheAbi" "cheMyd" "cheSer" "chrPic" "cuoAmb" "cuoMcc" "derMaw" "emySub" "gopAga" "malTer" "mesTub" "pelCas" "pelSin" "plaMeg" "podExp" "terMex"
"carIns" 0 0.0770877944325482 0.0623661670235546 0.0620985010706638 0.0639721627408994 0.0666488222698073 0.0650428265524625 0.0685224839400428 0.0808351177730193 0.0717344753747323 0.0687901498929336 0.0856531049250535 0.0936830835117773 0.0687901498929336 0.077355460385439 0.0971627408993576 0.0623661670235546
"cheAbi" 0.0770877944325482 0 0.0433618843683084 0.0417558886509636 0.0372055674518201 0.028372591006424 0.0275695931477516 0.0473768736616702 0.0658458244111349 0.0208779443254818 0.0420235546038544 0.0693254817987152 0.0776231263383298 0.0706638115631692 0.0492505353319058 0.0832441113490364 0.0355995717344754
"cheMyd" 0.0623661670235546 0.0433618843683084 0 0.0254282655246253 0.0254282655246253 0.0299785867237687 0.0286402569593148 0.0321199143468951 0.0524625267665953 0.0369379014989293 0.0307815845824411 0.056745182012848 0.0666488222698073 0.0570128479657388 0.0393468950749465 0.0728051391862955 0.0238222698072805
"cheSer" 0.0620985010706638 0.0417558886509636 0.0254282655246253 0 0.0246252676659529 0.028372591006424 0.0275695931477516 0.0291755888650964 0.050321199143469 0.0353319057815846 0.0299785867237687 0.0532655246252677 0.0639721627408994 0.0575481798715203 0.0364025695931477 0.0706638115631692 0.0224839400428266
"chrPic" 0.0639721627408994 0.0372055674518201 0.0254282655246253 0.0246252676659529 0 0.0230192719486081 0.0222162740899358 0.0326552462526767 0.0519271948608137 0.0310492505353319 0.0101713062098501 0.0556745182012848 0.0650428265524625 0.0588865096359743 0.028372591006424 0.0722698072805139 0.00910064239828694
"cuoAmb" 0.0666488222698073 0.028372591006424 0.0299785867237687 0.028372591006424 0.0230192719486081 0 0.0034796573875803 0.0366702355460385 0.0543361884368308 0.021948608137045 0.0289079229122056 0.0575481798715203 0.069593147751606 0.0607601713062099 0.0350642398286938 0.0754817987152034 0.021948608137045
"cuoMcc" 0.0650428265524625 0.0275695931477516 0.0286402569593148 0.0275695931477516 0.0222162740899358 0.0034796573875803 0 0.0353319057815846 0.0543361884368308 0.020610278372591 0.0281049250535332 0.0570128479657388 0.0685224839400428 0.0599571734475375 0.0345289079229122 0.0749464668094218 0.0211456102783726
"derMaw" 0.0685224839400428 0.0473768736616702 0.0321199143468951 0.0291755888650964 0.0326552462526767 0.0366702355460385 0.0353319057815846 0 0.056745182012848 0.0414882226980728 0.0380085653104925 0.0610278372591006 0.0701284796573876 0.0623661670235546 0.0457708779443255 0.076017130620985 0.0315845824411135
"emySub" 0.0808351177730193 0.0658458244111349 0.0524625267665953 0.050321199143469 0.0519271948608137 0.0543361884368308 0.0543361884368308 0.056745182012848 0 0.061830835117773 0.0572805139186296 0.0329229122055675 0.05406852248394 0.0725374732334047 0.0645074946466809 0.0626338329764454 0.0513918629550321
"gopAga" 0.0717344753747323 0.0208779443254818 0.0369379014989293 0.0353319057815846 0.0310492505353319 0.021948608137045 0.020610278372591 0.0414882226980728 0.061830835117773 0 0.0358672376873662 0.0647751605995717 0.0733404710920771 0.0663811563169165 0.0430942184154176 0.0800321199143469 0.0294432548179872
"malTer" 0.0687901498929336 0.0420235546038544 0.0307815845824411 0.0299785867237687 0.0101713062098501 0.0289079229122056 0.0281049250535332 0.0380085653104925 0.0572805139186296 0.0358672376873662 0 0.0604925053533191 0.0703961456102784 0.0642398286937901 0.0337259100642398 0.0770877944325482 0.0149892933618844
"mesTub" 0.0856531049250535 0.0693254817987152 0.056745182012848 0.0532655246252677 0.0556745182012848 0.0575481798715203 0.0570128479657388 0.0610278372591006 0.0329229122055675 0.0647751605995717 0.0604925053533191 0 0.0580835117773019 0.0768201284796574 0.0674518201284797 0.0658458244111349 0.0546038543897216
"pelCas" 0.0936830835117773 0.0776231263383298 0.0666488222698073 0.0639721627408994 0.0650428265524625 0.069593147751606 0.0685224839400428 0.0701284796573876 0.05406852248394 0.0733404710920771 0.0703961456102784 0.0580835117773019 0 0.0867237687366167 0.0770877944325482 0.0481798715203426 0.0629014989293362
"pelSin" 0.0687901498929336 0.0706638115631692 0.0570128479657388 0.0575481798715203 0.0588865096359743 0.0607601713062099 0.0599571734475375 0.0623661670235546 0.0725374732334047 0.0663811563169165 0.0642398286937901 0.0768201284796574 0.0867237687366167 0 0.0706638115631692 0.090203426124197 0.056745182012848
"plaMeg" 0.077355460385439 0.0492505353319058 0.0393468950749465 0.0364025695931477 0.028372591006424 0.0350642398286938 0.0345289079229122 0.0457708779443255 0.0645074946466809 0.0430942184154176 0.0337259100642398 0.0674518201284797 0.0770877944325482 0.0706638115631692 0 0.0848501070663812 0.0264989293361884
"podExp" 0.0971627408993576 0.0832441113490364 0.0728051391862955 0.0706638115631692 0.0722698072805139 0.0754817987152034 0.0749464668094218 0.076017130620985 0.0626338329764454 0.0800321199143469 0.0770877944325482 0.0658458244111349 0.0481798715203426 0.090203426124197 0.0848501070663812 0 0.069593147751606
"terMex" 0.0623661670235546 0.0355995717344754 0.0238222698072805 0.0224839400428266 0.00910064239828694 0.021948608137045 0.0211456102783726 0.0315845824411135 0.0513918629550321 0.0294432548179872 0.0149892933618844 0.0546038543897216 0.0629014989293362 0.056745182012848 0.0264989293361884 0.069593147751606 0
