"cheAbi" "cheMyd" "cheSer" "chrPic" "cuoMcc" "derCor" "derMaw" "emySub" "gopAga" "malTer" "mesTub" "pelSin" "plaMeg" "terMex"
"cheAbi" 0 0.0191152375750956 0.0174767886400874 0.014199890770071 0.0131075914800655 0.0191152375750956 0.0240305843801202 0.0431458219552157 0.0125614418350628 0.0147460404150737 0.0699071545603495 0.0906608410704533 0.0136537411250683 0.014199890770071
"cheMyd" 0.0191152375750956 0 0.0147460404150737 0.0147460404150737 0.0147460404150737 0.0131075914800655 0.0245767340251229 0.0415073730202075 0.0185690879300928 0.0163844893500819 0.070999453850355 0.0922992900054615 0.0125614418350628 0.0147460404150737
"cheSer" 0.0174767886400874 0.0147460404150737 0 0.0120152921900601 0.0131075914800655 0.0169306389950847 0.0218459858001092 0.0404150737302021 0.0158383397050792 0.0136537411250683 0.070999453850355 0.0928454396504642 0.0103768432550519 0.0120152921900601
"chrPic" 0.014199890770071 0.0147460404150737 0.0120152921900601 0 0.0109229929000546 0.0158383397050792 0.0196613872200983 0.0398689240851993 0.0136537411250683 0.00382304751501912 0.0677225559803386 0.0895685417804478 0.00819224467504096 0.00436919716002185
"cuoMcc" 0.0131075914800655 0.0147460404150737 0.0131075914800655 0.0109229929000546 0 0.0169306389950847 0.0218459858001092 0.0404150737302021 0.0114691425450573 0.0114691425450573 0.0677225559803386 0.0901146914254506 0.00928454396504642 0.0109229929000546
"derCor" 0.0191152375750956 0.0131075914800655 0.0169306389950847 0.0158383397050792 0.0169306389950847 0 0.0245767340251229 0.0420535226652103 0.0196613872200983 0.0163844893500819 0.0715456034953577 0.0944838885854724 0.0147460404150737 0.0158383397050792
"derMaw" 0.0240305843801202 0.0245767340251229 0.0218459858001092 0.0196613872200983 0.0218459858001092 0.0245767340251229 0 0.0458765701802294 0.0245767340251229 0.022392135445112 0.0748225013653741 0.0950300382304752 0.0191152375750956 0.0196613872200983
"emySub" 0.0431458219552157 0.0415073730202075 0.0404150737302021 0.0398689240851993 0.0404150737302021 0.0420535226652103 0.0458765701802294 0 0.0409612233752048 0.0415073730202075 0.0458765701802294 0.103768432550519 0.0382304751501912 0.0387766247951939
"gopAga" 0.0125614418350628 0.0185690879300928 0.0158383397050792 0.0136537411250683 0.0114691425450573 0.0196613872200983 0.0245767340251229 0.0409612233752048 0 0.014199890770071 0.0682687056253413 0.0922992900054615 0.0120152921900601 0.0136537411250683
"malTer" 0.0147460404150737 0.0163844893500819 0.0136537411250683 0.00382304751501912 0.0114691425450573 0.0163844893500819 0.022392135445112 0.0415073730202075 0.014199890770071 0 0.0660841070453304 0.091206990715456 0.00983069361004915 0.00600764609503004
"mesTub" 0.0699071545603495 0.070999453850355 0.070999453850355 0.0677225559803386 0.0677225559803386 0.0715456034953577 0.0748225013653741 0.0458765701802294 0.0682687056253413 0.0660841070453304 0 0.126706717640634 0.0682687056253413 0.0666302566903332
"pelSin" 0.0906608410704533 0.0922992900054615 0.0928454396504642 0.0895685417804478 0.0901146914254506 0.0944838885854724 0.0950300382304752 0.103768432550519 0.0922992900054615 0.091206990715456 0.126706717640634 0 0.0895685417804478 0.0906608410704533
"plaMeg" 0.0136537411250683 0.0125614418350628 0.0103768432550519 0.00819224467504096 0.00928454396504642 0.0147460404150737 0.0191152375750956 0.0382304751501912 0.0120152921900601 0.00983069361004915 0.0682687056253413 0.0895685417804478 0 0.00819224467504096
"terMex" 0.014199890770071 0.0147460404150737 0.0120152921900601 0.00436919716002185 0.0109229929000546 0.0158383397050792 0.0196613872200983 0.0387766247951939 0.0136537411250683 0.00600764609503004 0.0666302566903332 0.0906608410704533 0.00819224467504096 0
