"carIns" "cheAbi" "cheMyd" "cheSer" "chrPic" "cuoAmb" "cuoMcc" "derCor" "derMaw" "emySub" "gopAga" "malTer" "mesTub" "pelCas" "pelSin" "plaMeg" "podExp" "terMex"
"carIns" 0 0.0444806075400054 0.0504475183075671 0.0466503932736642 0.042582045023054 0.0455655004068348 0.0461079468402495 0.0499050718741524 0.0518036343911039 0.0539734201247627 0.0450230539734201 0.0439381611065907 0.0537021969080553 0.0612964469758611 0.0461079468402495 0.0412259289395172 0.0667209113100081 0.0414971521562246
"cheAbi" 0.0444806075400054 0 0.0249525359370762 0.0227827502034174 0.016273393002441 0.0143748304854896 0.0135611608353675 0.0254949823704909 0.0306482234879306 0.0368863574721996 0.0092215893680499 0.0187144019528072 0.0398698128559805 0.0444806075400054 0.0374288039056143 0.016273393002441 0.0526173040412259 0.0170870626525631
"cheMyd" 0.0504475183075671 0.0249525359370762 0 0.0219690805532954 0.0238676430702468 0.0252237591537836 0.0244100895036615 0.0187144019528072 0.032546786004882 0.0404122592893952 0.0252237591537836 0.0252237591537836 0.0431244914564687 0.0471928397070789 0.0395985896392731 0.0200705180363439 0.0564144290751288 0.0230539734201248
"cheSer" 0.0466503932736642 0.0227827502034174 0.0219690805532954 0 0.0189856251695145 0.0206129644697586 0.020884187686466 0.0235964198535395 0.0265798752373203 0.0360726878220776 0.0214266341198807 0.020884187686466 0.037971250339029 0.0450230539734201 0.0387849199891511 0.016273393002441 0.0509899647409818 0.0181719555193925
"chrPic" 0.042582045023054 0.016273393002441 0.0238676430702468 0.0189856251695145 0 0.0173582858692704 0.0170870626525631 0.0233251966368321 0.0282072145375644 0.0344453485218335 0.015459723352319 0.00298345538378085 0.0355302413886629 0.0431244914564687 0.0341741253051261 0.0122050447518308 0.0496338486574451 0.0059669107675617
"cuoAmb" 0.0455655004068348 0.0143748304854896 0.0252237591537836 0.0206129644697586 0.0173582858692704 0 0.00569568755085435 0.0244100895036615 0.0301057770545159 0.032546786004882 0.0138323840520749 0.0192568483862219 0.0374288039056143 0.0417683753729319 0.0366151342554923 0.015459723352319 0.0509899647409818 0.0170870626525631
"cuoMcc" 0.0461079468402495 0.0135611608353675 0.0244100895036615 0.020884187686466 0.0170870626525631 0.00569568755085435 0 0.0235964198535395 0.0301057770545159 0.0344453485218335 0.0124762679685381 0.0189856251695145 0.0366151342554923 0.0417683753729319 0.0366151342554923 0.0151885001356116 0.0496338486574451 0.0168158394358557
"derCor" 0.0499050718741524 0.0254949823704909 0.0187144019528072 0.0235964198535395 0.0233251966368321 0.0244100895036615 0.0235964198535395 0 0.0309194467046379 0.0404122592893952 0.0246813127203689 0.0246813127203689 0.0439381611065907 0.0477352861404936 0.0401410360726878 0.0211554109031733 0.0580417683753729 0.0225115269867101
"derMaw" 0.0518036343911039 0.0306482234879306 0.032546786004882 0.0265798752373203 0.0282072145375644 0.0301057770545159 0.0301057770545159 0.0309194467046379 0 0.0428532682397613 0.0301057770545159 0.0301057770545159 0.0447518307567128 0.0507187415242745 0.0452942771901275 0.0254949823704909 0.0574993219419582 0.027122321670735
"emySub" 0.0539734201247627 0.0368863574721996 0.0404122592893952 0.0360726878220776 0.0344453485218335 0.032546786004882 0.0344453485218335 0.0404122592893952 0.0428532682397613 0 0.0366151342554923 0.0360726878220776 0.020884187686466 0.0387849199891511 0.0463791700569569 0.0320043395714673 0.0482777325739083 0.0339029020884188
"gopAga" 0.0450230539734201 0.0092215893680499 0.0252237591537836 0.0214266341198807 0.015459723352319 0.0138323840520749 0.0124762679685381 0.0246813127203689 0.0301057770545159 0.0366151342554923 0 0.0179007323026851 0.0390561432058584 0.0455655004068348 0.0377000271223217 0.0165446162191484 0.0528885272579333 0.0165446162191484
"malTer" 0.0439381611065907 0.0187144019528072 0.0252237591537836 0.020884187686466 0.00298345538378085 0.0192568483862219 0.0189856251695145 0.0246813127203689 0.0301057770545159 0.0360726878220776 0.0179007323026851 0 0.0366151342554923 0.0447518307567128 0.0360726878220776 0.0135611608353675 0.0518036343911039 0.00732302685109845
"mesTub" 0.0537021969080553 0.0398698128559805 0.0431244914564687 0.037971250339029 0.0355302413886629 0.0374288039056143 0.0366151342554923 0.0439381611065907 0.0447518307567128 0.020884187686466 0.0390561432058584 0.0366151342554923 0 0.042582045023054 0.0471928397070789 0.0328180092215894 0.0496338486574451 0.0352590181719555
"pelCas" 0.0612964469758611 0.0444806075400054 0.0471928397070789 0.0450230539734201 0.0431244914564687 0.0417683753729319 0.0417683753729319 0.0477352861404936 0.0507187415242745 0.0387849199891511 0.0455655004068348 0.0447518307567128 0.042582045023054 0 0.0545158665581774 0.0395985896392731 0.0417683753729319 0.0423108218063466
"pelSin" 0.0461079468402495 0.0374288039056143 0.0395985896392731 0.0387849199891511 0.0341741253051261 0.0366151342554923 0.0366151342554923 0.0401410360726878 0.0452942771901275 0.0463791700569569 0.0377000271223217 0.0360726878220776 0.0471928397070789 0.0545158665581774 0 0.0336316788717114 0.0621101166259832 0.0333604556550041
"plaMeg" 0.0412259289395172 0.016273393002441 0.0200705180363439 0.016273393002441 0.0122050447518308 0.015459723352319 0.0151885001356116 0.0211554109031733 0.0254949823704909 0.0320043395714673 0.0165446162191484 0.0135611608353675 0.0328180092215894 0.0395985896392731 0.0336316788717114 0 0.0474640629237863 0.0111201518850014
"podExp" 0.0667209113100081 0.0526173040412259 0.0564144290751288 0.0509899647409818 0.0496338486574451 0.0509899647409818 0.0496338486574451 0.0580417683753729 0.0574993219419582 0.0482777325739083 0.0528885272579333 0.0518036343911039 0.0496338486574451 0.0417683753729319 0.0621101166259832 0.0474640629237863 0 0.0493626254407377
"terMex" 0.0414971521562246 0.0170870626525631 0.0230539734201248 0.0181719555193925 0.0059669107675617 0.0170870626525631 0.0168158394358557 0.0225115269867101 0.027122321670735 0.0339029020884188 0.0165446162191484 0.00732302685109845 0.0352590181719555 0.0423108218063466 0.0333604556550041 0.0111201518850014 0.0493626254407377 0
