"carIns" "cheAbi" "cheMyd" "cheSer" "chrPic" "cuoMcc" "derCor" "derMaw" "emySub" "gopAga" "malTer" "mesTub" "pelCas" "pelSin" "podExp" "terMex"
"carIns" 0 0.120148856990962 0.121743753322701 0.116427432216906 0.115364167995747 0.120148856990962 0.161084529505582 0.126528442317916 0.129186602870813 0.116959064327485 0.128654970760234 0.127060074428495 0.140350877192982 0.125465178096757 0.143540669856459 0.113237639553429
"cheAbi" 0.120148856990962 0 0.0675172780435938 0.0287081339712919 0.0228601807549176 0.0164805954279638 0.0792131844763424 0.0494417862838915 0.0648591174906964 0.0170122275385433 0.0361509835194046 0.0664540138224349 0.108452950558214 0.0691121743753323 0.0871876661350345 0.0223285486443381
"cheMyd" 0.121743753322701 0.0675172780435938 0 0.0675172780435938 0.0648591174906964 0.0685805422647528 0.102604997341839 0.0797448165869219 0.0951621477937267 0.0685805422647528 0.0792131844763424 0.0940988835725678 0.0994152046783626 0.0972886762360447 0.113769271664009 0.0637958532695375
"cheSer" 0.116427432216906 0.0287081339712919 0.0675172780435938 0 0.0313662945241893 0.0313662945241893 0.0797448165869219 0.0451887293992557 0.0627325890483785 0.0340244550770867 0.0441254651780968 0.062200956937799 0.104199893673578 0.0659223817118554 0.0781499202551834 0.0297713981924508
"chrPic" 0.115364167995747 0.0228601807549176 0.0648591174906964 0.0313662945241893 0 0.024455077086656 0.0770866560340245 0.0446570972886762 0.0600744284954811 0.0249867091972355 0.0223285486443381 0.063264221158958 0.107389686337055 0.062200956937799 0.0829346092503987 0.0116959064327485
"cuoMcc" 0.120148856990962 0.0164805954279638 0.0685805422647528 0.0313662945241893 0.024455077086656 0 0.0792131844763424 0.0483785220627326 0.0653907496012759 0.0196703880914407 0.037745879851143 0.0675172780435938 0.108984582668793 0.0685805422647528 0.088782562466773 0.0239234449760766
"derCor" 0.161084529505582 0.0792131844763424 0.102604997341839 0.0797448165869219 0.0770866560340245 0.0792131844763424 0 0.0925039872408294 0.111111111111111 0.0808080808080808 0.0903774587985114 0.113237639553429 0.149920255183413 0.11217437533227 0.131844763423711 0.0760233918128655
"derMaw" 0.126528442317916 0.0494417862838915 0.0797448165869219 0.0451887293992557 0.0446570972886762 0.0483785220627326 0.0925039872408294 0 0.0728335991493886 0.0494417862838915 0.0584795321637427 0.0728335991493886 0.113769271664009 0.0770866560340245 0.088782562466773 0.0457203615098352
"emySub" 0.129186602870813 0.0648591174906964 0.0951621477937267 0.0627325890483785 0.0600744284954811 0.0653907496012759 0.111111111111111 0.0728335991493886 0 0.0664540138224349 0.0738968633705476 0.0292397660818713 0.0978203083466241 0.0824029771398192 0.0792131844763424 0.0595427963849016
"gopAga" 0.116959064327485 0.0170122275385433 0.0685805422647528 0.0340244550770867 0.0249867091972355 0.0196703880914407 0.0808080808080808 0.0494417862838915 0.0664540138224349 0 0.038809144072302 0.0691121743753323 0.107921318447634 0.0712387028176502 0.0871876661350345 0.025518341307815
"malTer" 0.128654970760234 0.0361509835194046 0.0792131844763424 0.0441254651780968 0.0223285486443381 0.037745879851143 0.0903774587985114 0.0584795321637427 0.0738968633705476 0.038809144072302 0 0.0770866560340245 0.121212121212121 0.0749601275917065 0.0935672514619883 0.0260499734183945
"mesTub" 0.127060074428495 0.0664540138224349 0.0940988835725678 0.062200956937799 0.063264221158958 0.0675172780435938 0.113237639553429 0.0728335991493886 0.0292397660818713 0.0691121743753323 0.0770866560340245 0 0.0946305156831473 0.0834662413609782 0.0717703349282297 0.064327485380117
"pelCas" 0.140350877192982 0.108452950558214 0.0994152046783626 0.104199893673578 0.107389686337055 0.108984582668793 0.149920255183413 0.113769271664009 0.0978203083466241 0.107921318447634 0.121212121212121 0.0946305156831473 0 0.118553960659224 0.0994152046783626 0.105263157894737
"pelSin" 0.125465178096757 0.0691121743753323 0.0972886762360447 0.0659223817118554 0.062200956937799 0.0685805422647528 0.11217437533227 0.0770866560340245 0.0824029771398192 0.0712387028176502 0.0749601275917065 0.0834662413609782 0.118553960659224 0 0.0962254120148857 0.0606060606060606
"podExp" 0.143540669856459 0.0871876661350345 0.113769271664009 0.0781499202551834 0.0829346092503987 0.088782562466773 0.131844763423711 0.088782562466773 0.0792131844763424 0.0871876661350345 0.0935672514619883 0.0717703349282297 0.0994152046783626 0.0962254120148857 0 0.0834662413609782
"terMex" 0.113237639553429 0.0223285486443381 0.0637958532695375 0.0297713981924508 0.0116959064327485 0.0239234449760766 0.0760233918128655 0.0457203615098352 0.0595427963849016 0.025518341307815 0.0260499734183945 0.064327485380117 0.105263157894737 0.0606060606060606 0.0834662413609782 0
