"carIns" "cheAbi" "cheMyd" "cheSer" "chrPic" "cuoAmb" "cuoMcc" "derCor" "derMaw" "emySub" "gopAga" "malTer" "mesTub" "pelCas" "pelSin" "plaMeg" "podExp" "terMex"
"carIns" 0 0.0502455610124669 0.0476010578012845 0.044956554590102 0.0476010578012845 0.0483566301473366 0.0468454854552323 0.0494899886664148 0.0491122024933887 0.0578012844729883 0.0476010578012845 0.0472232716282584 0.0604457876841708 0.0638458632414054 0.0536456365697015 0.0472232716282584 0.0646014355874575 0.0460899131091802
"cheAbi" 0.0502455610124669 0 0.022289384208538 0.0185115224782773 0.0185115224782773 0.0147336607480166 0.0128447298828863 0.0272006044578768 0.0253116735927465 0.0415564790328674 0.0124669437098602 0.0181337363052512 0.0442009822440499 0.0483566301473366 0.0408009066868153 0.0173781639591991 0.0521344918775973 0.016622591613147
"cheMyd" 0.0476010578012845 0.022289384208538 0 0.0162448054401209 0.0185115224782773 0.0204004533434076 0.0181337363052512 0.0132225160559124 0.0234227427276162 0.0381564034756328 0.022289384208538 0.0181337363052512 0.0400453343407631 0.0483566301473366 0.0408009066868153 0.0162448054401209 0.0498677748394409 0.0154892330940688
"cheSer" 0.044956554590102 0.0185115224782773 0.0162448054401209 0 0.0128447298828863 0.016622591613147 0.0136003022289384 0.0204004533434076 0.0181337363052512 0.03362296939932 0.0173781639591991 0.0124669437098602 0.0366452587835285 0.0445787684170759 0.034000755572346 0.0124669437098602 0.0472232716282584 0.0102002266717038
"chrPic" 0.0476010578012845 0.0185115224782773 0.0185115224782773 0.0128447298828863 0 0.0158670192670948 0.0132225160559124 0.022667170381564 0.0196448809973555 0.0374008311295807 0.0188893086513034 0.00491122024933887 0.0396675481677371 0.0468454854552323 0.0358896864374764 0.0117113713638081 0.0494899886664148 0.00642236494144314
"cuoAmb" 0.0483566301473366 0.0147336607480166 0.0204004533434076 0.016622591613147 0.0158670192670948 0 0.00566679259539101 0.0238005289006422 0.022667170381564 0.0408009066868153 0.0128447298828863 0.0154892330940688 0.0426898375519456 0.0472232716282584 0.039289761994711 0.0139780884019645 0.050623347185493 0.0132225160559124
"cuoMcc" 0.0468454854552323 0.0128447298828863 0.0181337363052512 0.0136003022289384 0.0132225160559124 0.00566679259539101 0 0.022667170381564 0.0196448809973555 0.0377786173026067 0.0124669437098602 0.0128447298828863 0.039289761994711 0.0457121269361541 0.0370230449565546 0.0128447298828863 0.0476010578012845 0.011333585190782
"derCor" 0.0494899886664148 0.0272006044578768 0.0132225160559124 0.0204004533434076 0.022667170381564 0.0238005289006422 0.022667170381564 0 0.0256894597657726 0.0419342652058935 0.0256894597657726 0.0215338118624858 0.0445787684170759 0.0528900642236494 0.0430676237249717 0.0211560256894598 0.0555345674348319 0.0200226671703816
"derMaw" 0.0491122024933887 0.0253116735927465 0.0234227427276162 0.0181337363052512 0.0196448809973555 0.022667170381564 0.0196448809973555 0.0256894597657726 0 0.0404231205137892 0.0241783150736683 0.0192670948243294 0.0426898375519456 0.0494899886664148 0.0415564790328674 0.0188893086513034 0.0521344918775973 0.0162448054401209
"emySub" 0.0578012844729883 0.0415564790328674 0.0381564034756328 0.03362296939932 0.0374008311295807 0.0408009066868153 0.0377786173026067 0.0419342652058935 0.0404231205137892 0 0.0411786928598413 0.0377786173026067 0.0188893086513034 0.0381564034756328 0.0487344163203627 0.0377786173026067 0.0396675481677371 0.0351341140914243
"gopAga" 0.0476010578012845 0.0124669437098602 0.022289384208538 0.0173781639591991 0.0188893086513034 0.0128447298828863 0.0124669437098602 0.0256894597657726 0.0241783150736683 0.0411786928598413 0 0.0185115224782773 0.0434454098979977 0.0472232716282584 0.0419342652058935 0.0177559501322252 0.0502455610124669 0.0162448054401209
"malTer" 0.0472232716282584 0.0181337363052512 0.0181337363052512 0.0124669437098602 0.00491122024933887 0.0154892330940688 0.0128447298828863 0.0215338118624858 0.0192670948243294 0.0377786173026067 0.0185115224782773 0 0.0400453343407631 0.0472232716282584 0.0362674726105025 0.011333585190782 0.0498677748394409 0.00604457876841708
"mesTub" 0.0604457876841708 0.0442009822440499 0.0400453343407631 0.0366452587835285 0.0396675481677371 0.0426898375519456 0.039289761994711 0.0445787684170759 0.0426898375519456 0.0188893086513034 0.0434454098979977 0.0400453343407631 0 0.0377786173026067 0.050623347185493 0.0404231205137892 0.0377786173026067 0.0389119758216849
"pelCas" 0.0638458632414054 0.0483566301473366 0.0483566301473366 0.0445787684170759 0.0468454854552323 0.0472232716282584 0.0457121269361541 0.0528900642236494 0.0494899886664148 0.0381564034756328 0.0472232716282584 0.0472232716282584 0.0377786173026067 0 0.0585568568190404 0.0453343407631281 0.039289761994711 0.0457121269361541
"pelSin" 0.0536456365697015 0.0408009066868153 0.0408009066868153 0.034000755572346 0.0358896864374764 0.039289761994711 0.0370230449565546 0.0430676237249717 0.0415564790328674 0.0487344163203627 0.0419342652058935 0.0362674726105025 0.050623347185493 0.0585568568190404 0 0.0362674726105025 0.0612013600302229 0.0355119002644503
"plaMeg" 0.0472232716282584 0.0173781639591991 0.0162448054401209 0.0124669437098602 0.0117113713638081 0.0139780884019645 0.0128447298828863 0.0211560256894598 0.0188893086513034 0.0377786173026067 0.0177559501322252 0.011333585190782 0.0404231205137892 0.0453343407631281 0.0362674726105025 0 0.0491122024933887 0.00868908197959955
"podExp" 0.0646014355874575 0.0521344918775973 0.0498677748394409 0.0472232716282584 0.0494899886664148 0.050623347185493 0.0476010578012845 0.0555345674348319 0.0521344918775973 0.0396675481677371 0.0502455610124669 0.0498677748394409 0.0377786173026067 0.039289761994711 0.0612013600302229 0.0491122024933887 0 0.0491122024933887
"terMex" 0.0460899131091802 0.016622591613147 0.0154892330940688 0.0102002266717038 0.00642236494144314 0.0132225160559124 0.011333585190782 0.0200226671703816 0.0162448054401209 0.0351341140914243 0.0162448054401209 0.00604457876841708 0.0389119758216849 0.0457121269361541 0.0355119002644503 0.00868908197959955 0.0491122024933887 0
