"carIns" "cheAbi" "cheMyd" "cheSer" "chrPic" "derCor" "derMaw" "emySub" "gopAga" "malTer" "mesTub" "pelCas" "pelSin" "plaMeg" "podExp" "terMex"
"carIns" 0 0.219125420470927 0.214800576645843 0.208073041806824 0.211436809226333 0.212878423834695 0.220567035079289 0.241710716001922 0.21864488226814 0.219605958673715 0.267659778952427 0.248918789043729 0.246035559827006 0.209034118212398 0.26045170591062 0.208073041806824
"cheAbi" 0.219125420470927 0 0.0677558865929841 0.0706391158097069 0.0403652090341182 0.0543008169149447 0.0788082652570879 0.111004324843825 0.0302739067755887 0.0533397405093705 0.135031234983181 0.146564151850072 0.180682364247958 0.035559827006247 0.13022585295531 0.0350792888034599
"cheMyd" 0.214800576645843 0.0677558865929841 0 0.0773666506487266 0.0557424315233061 0.0427679000480538 0.090821720326766 0.116290245074483 0.0629505045651129 0.067275348390197 0.147044690052859 0.150888995675156 0.187890437289765 0.0523786641037963 0.140797693416627 0.0523786641037963
"cheSer" 0.208073041806824 0.0706391158097069 0.0773666506487266 0 0.0605478135511773 0.0643921191734743 0.0783277270543008 0.116290245074483 0.0696780394041326 0.0735223450264296 0.145122537241711 0.148005766458433 0.169629985583854 0.0543008169149447 0.140797693416627 0.055261893320519
"chrPic" 0.211436809226333 0.0403652090341182 0.0557424315233061 0.0605478135511773 0 0.0451705910619894 0.0720807304180682 0.103796251802018 0.0389235944257568 0.023546371936569 0.132628543969246 0.136472849591543 0.171071600192215 0.0264296011532917 0.125420470927439 0.0168188370975493
"derCor" 0.212878423834695 0.0543008169149447 0.0427679000480538 0.0643921191734743 0.0451705910619894 0 0.0744834214320038 0.10523786641038 0.0509370494954349 0.0571840461316675 0.135992311388755 0.142719846227775 0.178279673234022 0.0403652090341182 0.131186929360884 0.039404132628544
"derMaw" 0.220567035079289 0.0788082652570879 0.090821720326766 0.0783277270543008 0.0720807304180682 0.0744834214320038 0 0.120615088899568 0.0812109562710236 0.0816914944738107 0.155694377703027 0.159058145122537 0.184526669870255 0.071119654012494 0.148966842864008 0.0658337337818357
"emySub" 0.241710716001922 0.111004324843825 0.116290245074483 0.116290245074483 0.103796251802018 0.10523786641038 0.120615088899568 0 0.109082172032677 0.113887554060548 0.0860163382988948 0.123978856319077 0.195098510331571 0.100432484382508 0.107640557424315 0.0975492551657857
"gopAga" 0.21864488226814 0.0302739067755887 0.0629505045651129 0.0696780394041326 0.0389235944257568 0.0509370494954349 0.0812109562710236 0.109082172032677 0 0.0538202787121576 0.136472849591543 0.142719846227775 0.179721287842383 0.035559827006247 0.132628543969246 0.0336376741950985
"malTer" 0.219605958673715 0.0533397405093705 0.067275348390197 0.0735223450264296 0.023546371936569 0.0571840461316675 0.0816914944738107 0.113887554060548 0.0538202787121576 0 0.141758769822201 0.145603075444498 0.176357520422874 0.0408457472369053 0.131186929360884 0.0321960595867371
"mesTub" 0.267659778952427 0.135031234983181 0.147044690052859 0.145122537241711 0.132628543969246 0.135992311388755 0.155694377703027 0.0860163382988948 0.136472849591543 0.141758769822201 0 0.154252763094666 0.219125420470927 0.126381547333013 0.138395002402691 0.125901009130226
"pelCas" 0.248918789043729 0.146564151850072 0.150888995675156 0.148005766458433 0.136472849591543 0.142719846227775 0.159058145122537 0.123978856319077 0.142719846227775 0.145603075444498 0.154252763094666 0 0.215761653051418 0.135511773185968 0.124939932724652 0.131667467563671
"pelSin" 0.246035559827006 0.180682364247958 0.187890437289765 0.169629985583854 0.171071600192215 0.178279673234022 0.184526669870255 0.195098510331571 0.179721287842383 0.176357520422874 0.219125420470927 0.215761653051418 0 0.16866890917828 0.210956271023546 0.167707832772705
"plaMeg" 0.209034118212398 0.035559827006247 0.0523786641037963 0.0543008169149447 0.0264296011532917 0.0403652090341182 0.071119654012494 0.100432484382508 0.035559827006247 0.0408457472369053 0.126381547333013 0.135511773185968 0.16866890917828 0 0.124459394521864 0.0201826045170591
"podExp" 0.26045170591062 0.13022585295531 0.140797693416627 0.140797693416627 0.125420470927439 0.131186929360884 0.148966842864008 0.107640557424315 0.132628543969246 0.131186929360884 0.138395002402691 0.124939932724652 0.210956271023546 0.124459394521864 0 0.12013455069678
"terMex" 0.208073041806824 0.0350792888034599 0.0523786641037963 0.055261893320519 0.0168188370975493 0.039404132628544 0.0658337337818357 0.0975492551657857 0.0336376741950985 0.0321960595867371 0.125901009130226 0.131667467563671 0.167707832772705 0.0201826045170591 0.12013455069678 0
