"carIns" "cheAbi" "cheMyd" "cheSer" "chrPic" "cuoAmb" "cuoMcc" "derCor" "derMaw" "emySub" "gopAga" "malTer" "mesTub" "pelCas" "pelSin" "plaMeg" "podExp" "terMex"
"carIns" 0 0.0668559628291172 0.0609189468249871 0.0642746515229737 0.0627258647392876 0.122096024780589 0.0614352090862158 0.0640165203923593 0.0764068146618482 0.0758905524006195 0.0671140939597315 0.0629839958699019 0.0815694372741353 0.0836344863190501 0.0756324212700052 0.0575632421270005 0.0913784202374806 0.073309241094476
"cheAbi" 0.0668559628291172 0 0.0325245224574084 0.0317501290655653 0.0265875064532783 0.0823438306659783 0.0167785234899329 0.0363964894166236 0.0513680949922561 0.0573051109963862 0.0193598347960764 0.0281362932369644 0.0632421270005163 0.0650490449148167 0.0727929788332473 0.0237480640165204 0.0720185854414042 0.0387196695921528
"cheMyd" 0.0609189468249871 0.0325245224574084 0 0.0229736706246773 0.0281362932369644 0.0931853381517811 0.0273618998451213 0.0160041300980898 0.0449148167268973 0.0516262261228704 0.0353639648941662 0.0276200309757357 0.0567888487351575 0.0598864223025297 0.064532782653588 0.022715539494063 0.0704697986577181 0.0384615384615385
"cheSer" 0.0642746515229737 0.0317501290655653 0.0229736706246773 0 0.0273618998451213 0.0913784202374806 0.0260712441920496 0.0265875064532783 0.0425916365513681 0.0511099638616417 0.0330407847186371 0.0283944243675787 0.0557563242127001 0.060144553433144 0.0640165203923593 0.022715539494063 0.0691791430046464 0.0376871450696954
"chrPic" 0.0627258647392876 0.0265875064532783 0.0281362932369644 0.0273618998451213 0 0.0849251419721218 0.0211667527103769 0.0304594734124935 0.0467217346411977 0.0500774393391843 0.0286525554981931 0.00671140939597315 0.0575632421270005 0.0591120289106866 0.0665978316985028 0.0172947857511616 0.0699535363964894 0.0252968508002065
"cuoAmb" 0.122096024780589 0.0823438306659783 0.0931853381517811 0.0913784202374806 0.0849251419721218 0 0.0707279297883325 0.0934434692823955 0.10738255033557 0.114352090862158 0.0836344863190501 0.0867320598864223 0.120030975735674 0.121321631388745 0.128291171915333 0.0815694372741353 0.130614352090862 0.0957666494579246
"cuoMcc" 0.0614352090862158 0.0167785234899329 0.0273618998451213 0.0260712441920496 0.0211667527103769 0.0707279297883325 0 0.0302013422818792 0.0441404233350542 0.050593701600413 0.0185854414042333 0.022715539494063 0.0578213732576149 0.0609189468249871 0.068146618482189 0.0162622612287042 0.0686628807434177 0.0317501290655653
"derCor" 0.0640165203923593 0.0363964894166236 0.0160041300980898 0.0265875064532783 0.0304594734124935 0.0934434692823955 0.0302013422818792 0 0.0467217346411977 0.0536912751677852 0.0379452762003098 0.0309757356737223 0.059370160041301 0.0609189468249871 0.0653071760454311 0.0260712441920496 0.0720185854414042 0.0413009808982963
"derMaw" 0.0764068146618482 0.0513680949922561 0.0449148167268973 0.0425916365513681 0.0467217346411977 0.10738255033557 0.0441404233350542 0.0467217346411977 0 0.0650490449148167 0.0518843572534848 0.0487867836861125 0.0686628807434177 0.074083634486319 0.0802787816210635 0.0423335054207537 0.0838926174496644 0.0562725864739288
"emySub" 0.0758905524006195 0.0573051109963862 0.0516262261228704 0.0511099638616417 0.0500774393391843 0.114352090862158 0.050593701600413 0.0536912751677852 0.0650490449148167 0 0.0562725864739288 0.0511099638616417 0.0345895715023232 0.0500774393391843 0.0743417656169334 0.0472379969024264 0.0614352090862158 0.059370160041301
"gopAga" 0.0671140939597315 0.0193598347960764 0.0353639648941662 0.0330407847186371 0.0286525554981931 0.0836344863190501 0.0185854414042333 0.0379452762003098 0.0518843572534848 0.0562725864739288 0 0.0307176045431079 0.0635002581311306 0.0671140939597315 0.0722767165720186 0.0242643262777491 0.0727929788332473 0.0382034073309241
"malTer" 0.0629839958699019 0.0281362932369644 0.0276200309757357 0.0283944243675787 0.00671140939597315 0.0867320598864223 0.022715539494063 0.0309757356737223 0.0487867836861125 0.0511099638616417 0.0307176045431079 0 0.0585957666494579 0.0609189468249871 0.0671140939597315 0.0188435725348477 0.0707279297883325 0.0268456375838926
"mesTub" 0.0815694372741353 0.0632421270005163 0.0567888487351575 0.0557563242127001 0.0575632421270005 0.120030975735674 0.0578213732576149 0.059370160041301 0.0686628807434177 0.0345895715023232 0.0635002581311306 0.0585957666494579 0 0.0575632421270005 0.0789881259679917 0.0542075374290139 0.0671140939597315 0.0671140939597315
"pelCas" 0.0836344863190501 0.0650490449148167 0.0598864223025297 0.060144553433144 0.0591120289106866 0.121321631388745 0.0609189468249871 0.0609189468249871 0.074083634486319 0.0500774393391843 0.0671140939597315 0.0609189468249871 0.0575632421270005 0 0.0815694372741353 0.0573051109963862 0.0534331440371709 0.0704697986577181
"pelSin" 0.0756324212700052 0.0727929788332473 0.064532782653588 0.0640165203923593 0.0665978316985028 0.128291171915333 0.068146618482189 0.0653071760454311 0.0802787816210635 0.0743417656169334 0.0722767165720186 0.0671140939597315 0.0789881259679917 0.0815694372741353 0 0.063758389261745 0.0931853381517811 0.0756324212700052
"plaMeg" 0.0575632421270005 0.0237480640165204 0.022715539494063 0.022715539494063 0.0172947857511616 0.0815694372741353 0.0162622612287042 0.0260712441920496 0.0423335054207537 0.0472379969024264 0.0242643262777491 0.0188435725348477 0.0542075374290139 0.0573051109963862 0.063758389261745 0 0.0676303562209603 0.0283944243675787
"podExp" 0.0913784202374806 0.0720185854414042 0.0704697986577181 0.0691791430046464 0.0699535363964894 0.130614352090862 0.0686628807434177 0.0720185854414042 0.0838926174496644 0.0614352090862158 0.0727929788332473 0.0707279297883325 0.0671140939597315 0.0534331440371709 0.0931853381517811 0.0676303562209603 0 0.0807950438822922
"terMex" 0.073309241094476 0.0387196695921528 0.0384615384615385 0.0376871450696954 0.0252968508002065 0.0957666494579246 0.0317501290655653 0.0413009808982963 0.0562725864739288 0.059370160041301 0.0382034073309241 0.0268456375838926 0.0671140939597315 0.0704697986577181 0.0756324212700052 0.0283944243675787 0.0807950438822922 0
