"carIns" "cheAbi" "cheMyd" "cheSer" "chrPic" "cuoMcc" "derCor" "derMaw" "emySub" "gopAga" "malTer" "mesTub" "pelCas" "pelSin" "plaMeg" "podExp" "terMex"
"carIns" 0 0.0662617338487024 0.0557702926559912 0.056322473771397 0.0519050248481502 0.0552181115405853 0.0657095527332965 0.0635008282716731 0.0668139149641082 0.0546659304251795 0.12644947542794 0.0745444505797902 0.0784097183876311 0.0612921038100497 0.052457205963556 0.0839315295416897 0.0530093870789619
"cheAbi" 0.0662617338487024 0 0.0381004969630039 0.0358917725013805 0.0231916068470458 0.0215350635008283 0.0502484815019326 0.04527885146328 0.056322473771397 0.0182219768083932 0.0944229707344009 0.0623964660408614 0.0723357261181668 0.0657095527332965 0.0248481501932634 0.0739922694643843 0.026504693539481
"cheMyd" 0.0557702926559912 0.0381004969630039 0 0.0259525124240751 0.0242959690778575 0.0237437879624517 0.0303699613473219 0.0347874102705687 0.0485919381557151 0.0287134180011044 0.100496963003865 0.0519050248481502 0.0623964660408614 0.0574268360022087 0.0237437879624517 0.0723357261181668 0.0276090557702927
"cheSer" 0.056322473771397 0.0358917725013805 0.0259525124240751 0 0.0182219768083932 0.0254003313086692 0.0358917725013805 0.0314743235781336 0.0463832136940917 0.0248481501932634 0.093870789618995 0.0513528437327443 0.0623964660408614 0.0568746548868029 0.0182219768083932 0.0679182771949199 0.0215350635008283
"chrPic" 0.0519050248481502 0.0231916068470458 0.0242959690778575 0.0182219768083932 0 0.0132523467697405 0.033683048039757 0.0298177802319161 0.0441744892324683 0.0132523467697405 0.078961899503037 0.0485919381557151 0.0596355604638321 0.0502484815019326 0.00717835450027609 0.0635008282716731 0.00552181115405853
"cuoMcc" 0.0552181115405853 0.0215350635008283 0.0237437879624517 0.0254003313086692 0.0132523467697405 0 0.0386526780784097 0.0358917725013805 0.0463832136940917 0.0121479845389288 0.0889011595803424 0.0535615681943678 0.0612921038100497 0.0574268360022087 0.014908890115958 0.0706791827719492 0.0165654334621756
"derCor" 0.0657095527332965 0.0502484815019326 0.0303699613473219 0.0358917725013805 0.033683048039757 0.0386526780784097 0 0.0463832136940917 0.0590833793484263 0.037548315847598 0.110988404196576 0.0629486471562673 0.0745444505797902 0.0701270016565433 0.0342352291551629 0.0784097183876311 0.0369961347321922
"derMaw" 0.0635008282716731 0.04527885146328 0.0347874102705687 0.0314743235781336 0.0298177802319161 0.0358917725013805 0.0463832136940917 0 0.0541137493097736 0.0342352291551629 0.103257868580895 0.0590833793484263 0.0717835450027609 0.0579790171176146 0.0314743235781336 0.0723357261181668 0.0331308669243512
"emySub" 0.0668139149641082 0.056322473771397 0.0485919381557151 0.0463832136940917 0.0441744892324683 0.0463832136940917 0.0590833793484263 0.0541137493097736 0 0.0474875759249034 0.117614577581447 0.0209828823854224 0.04527885146328 0.0646051905024848 0.0436223081170624 0.0519050248481502 0.0474875759249034
"gopAga" 0.0546659304251795 0.0182219768083932 0.0287134180011044 0.0248481501932634 0.0132523467697405 0.0121479845389288 0.037548315847598 0.0342352291551629 0.0474875759249034 0 0.0916620651573716 0.0530093870789619 0.0635008282716731 0.0574268360022087 0.0160132523467697 0.0679182771949199 0.0165654334621756
"malTer" 0.12644947542794 0.0944229707344009 0.100496963003865 0.093870789618995 0.078961899503037 0.0889011595803424 0.110988404196576 0.103257868580895 0.117614577581447 0.0916620651573716 0 0.122584207620099 0.129762562120375 0.123688569850911 0.0839315295416897 0.135284373274434 0.0844837106570955
"mesTub" 0.0745444505797902 0.0623964660408614 0.0519050248481502 0.0513528437327443 0.0485919381557151 0.0535615681943678 0.0629486471562673 0.0590833793484263 0.0209828823854224 0.0530093870789619 0.122584207620099 0 0.0508006626173385 0.0701270016565433 0.0496963003865268 0.056322473771397 0.0519050248481502
"pelCas" 0.0784097183876311 0.0723357261181668 0.0623964660408614 0.0623964660408614 0.0596355604638321 0.0612921038100497 0.0745444505797902 0.0717835450027609 0.04527885146328 0.0635008282716731 0.129762562120375 0.0508006626173385 0 0.0822749861954721 0.0607399226946438 0.0557702926559912 0.0629486471562673
"pelSin" 0.0612921038100497 0.0657095527332965 0.0574268360022087 0.0568746548868029 0.0502484815019326 0.0574268360022087 0.0701270016565433 0.0579790171176146 0.0646051905024848 0.0574268360022087 0.123688569850911 0.0701270016565433 0.0822749861954721 0 0.0530093870789619 0.0822749861954721 0.0546659304251795
"plaMeg" 0.052457205963556 0.0248481501932634 0.0237437879624517 0.0182219768083932 0.00717835450027609 0.014908890115958 0.0342352291551629 0.0314743235781336 0.0436223081170624 0.0160132523467697 0.0839315295416897 0.0496963003865268 0.0607399226946438 0.0530093870789619 0 0.0651573716178907 0.0115958034235229
"podExp" 0.0839315295416897 0.0739922694643843 0.0723357261181668 0.0679182771949199 0.0635008282716731 0.0706791827719492 0.0784097183876311 0.0723357261181668 0.0519050248481502 0.0679182771949199 0.135284373274434 0.056322473771397 0.0557702926559912 0.0822749861954721 0.0651573716178907 0 0.0673660960795141
"terMex" 0.0530093870789619 0.026504693539481 0.0276090557702927 0.0215350635008283 0.00552181115405853 0.0165654334621756 0.0369961347321922 0.0331308669243512 0.0474875759249034 0.0165654334621756 0.0844837106570955 0.0519050248481502 0.0629486471562673 0.0546659304251795 0.0115958034235229 0.0673660960795141 0
