"cheAbi" "cheMyd" "cheSer" "chrPic" "cuoAmb" "cuoMcc" "derCor" "derMaw" "emySub" "gopAga" "malTer" "mesTub" "pelCas" "pelSin" "plaMeg" "podExp"
"cheAbi" 0 0.0271445710857828 0.0241451709658068 0.0220455908818236 0.01499700059988 0.0161967606478704 0.0319436112777444 0.0323935212957408 0.0623875224955009 0.0115476904619076 0.0226454709058188 0.0524895020995801 0.0554889022195561 0.0685362927414517 0.0206958608278344 0.0628374325134973
"cheMyd" 0.0271445710857828 0 0.0212957408518296 0.0178464307138572 0.0229454109178164 0.023245350929814 0.01874625074985 0.0293941211757648 0.0608878224355129 0.027744451109778 0.0190461907618476 0.0500899820035993 0.0532393521295741 0.0691361727654469 0.015746850629874 0.0625374925014997
"cheSer" 0.0241451709658068 0.0212957408518296 0 0.0176964607078584 0.0197960407918416 0.0197960407918416 0.0250449910017996 0.0238452309538092 0.0574385122975405 0.0242951409718056 0.0197960407918416 0.0455908818236353 0.0503899220155969 0.0662867426514697 0.0158968206358728 0.0587882423515297
"chrPic" 0.0220455908818236 0.0178464307138572 0.0176964607078584 0 0.0167966406718656 0.0167966406718656 0.0260947810437912 0.02624475104979 0.0589382123575285 0.0223455308938212 0.00464907018596281 0.0475404919016197 0.0520395920815837 0.0676364727054589 0.00899820035992801 0.0602879424115177
"cuoAmb" 0.01499700059988 0.0229454109178164 0.0197960407918416 0.0167966406718656 0 0.00389922015596881 0.027744451109778 0.0280443911217756 0.0575884823035393 0.0158968206358728 0.017996400719856 0.0479904019196161 0.0503899220155969 0.0664367126574685 0.015746850629874 0.0590881823635273
"cuoMcc" 0.0161967606478704 0.023245350929814 0.0197960407918416 0.0167966406718656 0.00389922015596881 0 0.0272945410917816 0.0283443311337732 0.0581883623275345 0.016496700659868 0.017996400719856 0.0482903419316137 0.0503899220155969 0.0671865626874625 0.015746850629874 0.0599880023995201
"derCor" 0.0319436112777444 0.01874625074985 0.0250449910017996 0.0260947810437912 0.027744451109778 0.0272945410917816 0 0.0344931013797241 0.0635872825434913 0.0328434313137373 0.0278944211157768 0.0550389922015597 0.0586382723455309 0.0704859028194361 0.0238452309538092 0.0671865626874625
"derMaw" 0.0323935212957408 0.0293941211757648 0.0238452309538092 0.02624475104979 0.0280443911217756 0.0283443311337732 0.0344931013797241 0 0.0635872825434913 0.0326934613077385 0.027744451109778 0.0523395320935813 0.0580383923215357 0.0724355128974205 0.0257948410317936 0.0656868626274745
"emySub" 0.0623875224955009 0.0608878224355129 0.0574385122975405 0.0589382123575285 0.0575884823035393 0.0581883623275345 0.0635872825434913 0.0635872825434913 0 0.0629874025194961 0.0604379124175165 0.0482903419316137 0.0625374925014997 0.0745350929814037 0.0572885422915417 0.0716856628674265
"gopAga" 0.0115476904619076 0.027744451109778 0.0242951409718056 0.0223455308938212 0.0158968206358728 0.016496700659868 0.0328434313137373 0.0326934613077385 0.0629874025194961 0 0.023245350929814 0.0520395920815837 0.0556388722255549 0.0704859028194361 0.020995800839832 0.0628374325134973
"malTer" 0.0226454709058188 0.0190461907618476 0.0197960407918416 0.00464907018596281 0.017996400719856 0.017996400719856 0.0278944211157768 0.027744451109778 0.0604379124175165 0.023245350929814 0 0.0493401319736053 0.0542891421715657 0.0683863227354529 0.0103479304139172 0.0628374325134973
"mesTub" 0.0524895020995801 0.0500899820035993 0.0455908818236353 0.0475404919016197 0.0479904019196161 0.0482903419316137 0.0550389922015597 0.0523395320935813 0.0482903419316137 0.0520395920815837 0.0493401319736053 0 0.0517396520695861 0.0770845830833833 0.0460407918416317 0.0592381523695261
"pelCas" 0.0554889022195561 0.0532393521295741 0.0503899220155969 0.0520395920815837 0.0503899220155969 0.0503899220155969 0.0586382723455309 0.0580383923215357 0.0625374925014997 0.0556388722255549 0.0542891421715657 0.0517396520695861 0 0.0812837432513497 0.0506898620275945 0.0472405518896221
"pelSin" 0.0685362927414517 0.0691361727654469 0.0662867426514697 0.0676364727054589 0.0664367126574685 0.0671865626874625 0.0704859028194361 0.0724355128974205 0.0745350929814037 0.0704859028194361 0.0683863227354529 0.0770845830833833 0.0812837432513497 0 0.0661367726454709 0.087882423515297
"plaMeg" 0.0206958608278344 0.015746850629874 0.0158968206358728 0.00899820035992801 0.015746850629874 0.015746850629874 0.0238452309538092 0.0257948410317936 0.0572885422915417 0.020995800839832 0.0103479304139172 0.0460407918416317 0.0506898620275945 0.0661367726454709 0 0.0598380323935213
"podExp" 0.0628374325134973 0.0625374925014997 0.0587882423515297 0.0602879424115177 0.0590881823635273 0.0599880023995201 0.0671865626874625 0.0656868626274745 0.0716856628674265 0.0628374325134973 0.0628374325134973 0.0592381523695261 0.0472405518896221 0.087882423515297 0.0598380323935213 0
