"carIns" "cheAbi" "cheMyd" "chrPic" "cuoAmb" "cuoMcc" "derCor" "derMaw" "emySub" "gopAga" "malTer" "mesTub" "pelCas" "pelSin" "plaMeg" "podExp"
"carIns" 0 0.0685194058457115 0.0646861523718256 0.0646861523718256 0.0646861523718256 0.0646861523718256 0.0704360325826545 0.0718735026353618 0.0776233828461907 0.071394345951126 0.06756109247724 0.0824149496885482 0.099664590321035 0.0613320555821754 0.0627695256348826 0.0987062769525635
"cheAbi" 0.0685194058457115 0 0.0392908481073311 0.0215620507906085 0.0177287973167226 0.0172496406324868 0.0368950646861524 0.0407283181600383 0.0555821753713464 0.0172496406324868 0.0253953042644945 0.0551030186871107 0.075227599425012 0.0637278390033541 0.0191662673694298 0.0757067561092477
"cheMyd" 0.0646861523718256 0.0392908481073311 0 0.0349784379492094 0.0330618112122664 0.0325826545280307 0.0229995208433158 0.0397700047915668 0.0613320555821754 0.0402491614758026 0.0378533780546239 0.0637278390033541 0.0776233828461907 0.0632486823191184 0.0335409678965022 0.0747484427407762
"chrPic" 0.0646861523718256 0.0215620507906085 0.0349784379492094 0 0.0153330138955438 0.0148538572113081 0.0325826545280307 0.0364159080019166 0.052707235265932 0.024436990896023 0.00670819357930043 0.0512697652132247 0.0699568758984188 0.0627695256348826 0.0119789171058936 0.0737901293723047
"cuoAmb" 0.0646861523718256 0.0177287973167226 0.0330618112122664 0.0153330138955438 0 0.0052707235265932 0.0287494010541447 0.0368950646861524 0.0541447053186392 0.020603737422137 0.0191662673694298 0.052707235265932 0.0718735026353618 0.0594154288452324 0.0134163871586009 0.0718735026353618
"cuoMcc" 0.0646861523718256 0.0172496406324868 0.0325826545280307 0.0148538572113081 0.0052707235265932 0 0.0292285577383804 0.0354575946334451 0.0536655486344034 0.0201245807379013 0.0186871106851941 0.0522280785816962 0.071394345951126 0.0579779587925252 0.0134163871586009 0.0704360325826545
"derCor" 0.0704360325826545 0.0368950646861524 0.0229995208433158 0.0325826545280307 0.0287494010541447 0.0292285577383804 0 0.0412074748442741 0.0598945855294681 0.0388116914230954 0.0364159080019166 0.0622903689506469 0.0781025395304265 0.0685194058457115 0.0311451844753234 0.0776233828461907
"derMaw" 0.0718735026353618 0.0407283181600383 0.0397700047915668 0.0364159080019166 0.0368950646861524 0.0354575946334451 0.0412074748442741 0 0.0618112122664111 0.0440824149496886 0.0392908481073311 0.0627695256348826 0.0795400095831337 0.0723526593195975 0.0364159080019166 0.0804983229516052
"emySub" 0.0776233828461907 0.0555821753713464 0.0613320555821754 0.052707235265932 0.0541447053186392 0.0536655486344034 0.0598945855294681 0.0618112122664111 0 0.0574988021082894 0.0574988021082894 0.0330618112122664 0.0685194058457115 0.0785816962146622 0.0512697652132247 0.0723526593195975
"gopAga" 0.071394345951126 0.0172496406324868 0.0402491614758026 0.024436990896023 0.020603737422137 0.0201245807379013 0.0388116914230954 0.0440824149496886 0.0574988021082894 0 0.028270244369909 0.0565404887398179 0.0737901293723047 0.06756109247724 0.0210828941063728 0.0781025395304265
"malTer" 0.06756109247724 0.0253953042644945 0.0378533780546239 0.00670819357930043 0.0191662673694298 0.0186871106851941 0.0364159080019166 0.0392908481073311 0.0574988021082894 0.028270244369909 0 0.0560613320555822 0.0747484427407762 0.0661236224245328 0.0167704839482511 0.0776233828461907
"mesTub" 0.0824149496885482 0.0551030186871107 0.0637278390033541 0.0512697652132247 0.052707235265932 0.0522280785816962 0.0622903689506469 0.0627695256348826 0.0330618112122664 0.0565404887398179 0.0560613320555822 0 0.0627695256348826 0.0781025395304265 0.050790608528989 0.0666027791087686
"pelCas" 0.099664590321035 0.075227599425012 0.0776233828461907 0.0699568758984188 0.0718735026353618 0.071394345951126 0.0781025395304265 0.0795400095831337 0.0685194058457115 0.0737901293723047 0.0747484427407762 0.0627695256348826 0 0.0953521801629133 0.0699568758984188 0.0670819357930043
"pelSin" 0.0613320555821754 0.0637278390033541 0.0632486823191184 0.0627695256348826 0.0594154288452324 0.0579779587925252 0.0685194058457115 0.0723526593195975 0.0785816962146622 0.06756109247724 0.0661236224245328 0.0781025395304265 0.0953521801629133 0 0.0594154288452324 0.093914710110206
"plaMeg" 0.0627695256348826 0.0191662673694298 0.0335409678965022 0.0119789171058936 0.0134163871586009 0.0134163871586009 0.0311451844753234 0.0364159080019166 0.0512697652132247 0.0210828941063728 0.0167704839482511 0.050790608528989 0.0699568758984188 0.0594154288452324 0 0.0728318160038332
"podExp" 0.0987062769525635 0.0757067561092477 0.0747484427407762 0.0737901293723047 0.0718735026353618 0.0704360325826545 0.0776233828461907 0.0804983229516052 0.0723526593195975 0.0781025395304265 0.0776233828461907 0.0666027791087686 0.0670819357930043 0.093914710110206 0.0728318160038332 0
