"carIns" "cheAbi" "cheMyd" "cheSer" "chrPic" "cuoAmb" "cuoMcc" "derCor" "derMaw" "emySub" "gopAga" "malTer" "mesTub" "pelCas" "pelSin" "plaMeg" "podExp"
"carIns" 0 0.0506230529595016 0.0490654205607477 0.0486760124610592 0.0486760124610592 0.0463395638629283 0.0467289719626168 0.0506230529595016 0.0599688473520249 0.0611370716510903 0.0506230529595016 0.0490654205607477 0.0619158878504673 0.0704828660436137 0.0693146417445483 0.0486760124610592 0.0817757009345794
"cheAbi" 0.0506230529595016 0 0.0198598130841121 0.0186915887850467 0.0151869158878505 0.0101246105919003 0.00934579439252336 0.0229750778816199 0.0327102803738318 0.043613707165109 0.0116822429906542 0.0159657320872274 0.044392523364486 0.0545171339563863 0.0595794392523364 0.0155763239875389 0.0654205607476635
"cheMyd" 0.0490654205607477 0.0198598130841121 0 0.0120716510903427 0.0151869158878505 0.0167445482866044 0.0159657320872274 0.0101246105919003 0.0276479750778816 0.0397196261682243 0.0198598130841121 0.0155763239875389 0.0385514018691589 0.0478971962616822 0.0564641744548287 0.0155763239875389 0.059190031152648
"cheSer" 0.0486760124610592 0.0186915887850467 0.0120716510903427 0 0.014018691588785 0.0163551401869159 0.0155763239875389 0.0144080996884735 0.0249221183800623 0.0381619937694704 0.0186915887850467 0.0144080996884735 0.0381619937694704 0.0482866043613707 0.0549065420560748 0.0136292834890966 0.0572429906542056
"chrPic" 0.0486760124610592 0.0151869158878505 0.0151869158878505 0.014018691588785 0 0.0120716510903427 0.0112928348909657 0.0183021806853583 0.0299844236760125 0.0401090342679128 0.0151869158878505 0.00155763239875389 0.0401090342679128 0.051791277258567 0.0572429906542056 0.0105140186915888 0.0626947040498442
"cuoAmb" 0.0463395638629283 0.0101246105919003 0.0167445482866044 0.0163551401869159 0.0120716510903427 0 0.00233644859813084 0.0190809968847352 0.0319314641744548 0.0393302180685358 0.0101246105919003 0.0128504672897196 0.0397196261682243 0.05101246105919 0.0552959501557632 0.0124610591900312 0.0619158878504673
"cuoMcc" 0.0467289719626168 0.00934579439252336 0.0159657320872274 0.0155763239875389 0.0112928348909657 0.00233644859813084 0 0.0190809968847352 0.0311526479750779 0.0381619937694704 0.00934579439252336 0.0120716510903427 0.0389408099688473 0.0498442367601246 0.0552959501557632 0.0116822429906542 0.0615264797507788
"derCor" 0.0506230529595016 0.0229750778816199 0.0101246105919003 0.0144080996884735 0.0183021806853583 0.0190809968847352 0.0190809968847352 0 0.0307632398753894 0.0420560747663551 0.0229750778816199 0.0183021806853583 0.0416666666666667 0.0525700934579439 0.0564641744548287 0.0186915887850467 0.0607476635514019
"derMaw" 0.0599688473520249 0.0327102803738318 0.0276479750778816 0.0249221183800623 0.0299844236760125 0.0319314641744548 0.0311526479750779 0.0307632398753894 0 0.0537383177570093 0.0342679127725857 0.0303738317757009 0.0549065420560748 0.0607476635514019 0.0685358255451713 0.029595015576324 0.0720404984423676
"emySub" 0.0611370716510903 0.043613707165109 0.0397196261682243 0.0381619937694704 0.0401090342679128 0.0393302180685358 0.0381619937694704 0.0420560747663551 0.0537383177570093 0 0.043613707165109 0.0404984423676012 0.0272585669781931 0.044392523364486 0.0669781931464174 0.0393302180685358 0.0537383177570093
"gopAga" 0.0506230529595016 0.0116822429906542 0.0198598130841121 0.0186915887850467 0.0151869158878505 0.0101246105919003 0.00934579439252336 0.0229750778816199 0.0342679127725857 0.043613707165109 0 0.0159657320872274 0.044392523364486 0.0541277258566978 0.058411214953271 0.0155763239875389 0.0669781931464174
"malTer" 0.0490654205607477 0.0159657320872274 0.0155763239875389 0.0144080996884735 0.00155763239875389 0.0128504672897196 0.0120716510903427 0.0183021806853583 0.0303738317757009 0.0404984423676012 0.0159657320872274 0 0.0404984423676012 0.0521806853582555 0.0576323987538941 0.0105140186915888 0.0630841121495327
"mesTub" 0.0619158878504673 0.044392523364486 0.0385514018691589 0.0381619937694704 0.0401090342679128 0.0397196261682243 0.0389408099688473 0.0416666666666667 0.0549065420560748 0.0272585669781931 0.044392523364486 0.0404984423676012 0 0.0408878504672897 0.0697040498442368 0.0393302180685358 0.051791277258567
"pelCas" 0.0704828660436137 0.0545171339563863 0.0478971962616822 0.0482866043613707 0.051791277258567 0.05101246105919 0.0498442367601246 0.0525700934579439 0.0607476635514019 0.044392523364486 0.0541277258566978 0.0521806853582555 0.0408878504672897 0 0.0767133956386293 0.0514018691588785 0.0432242990654206
"pelSin" 0.0693146417445483 0.0595794392523364 0.0564641744548287 0.0549065420560748 0.0572429906542056 0.0552959501557632 0.0552959501557632 0.0564641744548287 0.0685358255451713 0.0669781931464174 0.058411214953271 0.0576323987538941 0.0697040498442368 0.0767133956386293 0 0.0549065420560748 0.0837227414330218
"plaMeg" 0.0486760124610592 0.0155763239875389 0.0155763239875389 0.0136292834890966 0.0105140186915888 0.0124610591900312 0.0116822429906542 0.0186915887850467 0.029595015576324 0.0393302180685358 0.0155763239875389 0.0105140186915888 0.0393302180685358 0.0514018691588785 0.0549065420560748 0 0.0619158878504673
"podExp" 0.0817757009345794 0.0654205607476635 0.059190031152648 0.0572429906542056 0.0626947040498442 0.0619158878504673 0.0615264797507788 0.0607476635514019 0.0720404984423676 0.0537383177570093 0.0669781931464174 0.0630841121495327 0.051791277258567 0.0432242990654206 0.0837227414330218 0.0619158878504673 0
