"carIns" "cheAbi" "cheMyd" "cheSer" "chrPic" "cuoAmb" "cuoMcc" "derCor" "derMaw" "emySub" "gopAga" "malTer" "pelCas" "pelSin" "podExp"
"carIns" 0 0.0667483159828536 0.0630740967544397 0.060012247397428 0.0642988364972443 0.29210042865891 0.0630740967544397 0.0649112063686467 0.067360685854256 0.0649112063686467 0.0985915492957746 0.0808328230251072 0.121249234537661 0.0667483159828536 0.103490508266993
"cheAbi" 0.0667483159828536 0 0.0404164115125536 0.033680342927128 0.0275566442131047 0.260257195345989 0.0226576852418861 0.0385793018983466 0.0416411512553582 0.0630740967544397 0.0679730557256583 0.0453153704837722 0.115125535823637 0.0661359461114513 0.0985915492957746
"cheMyd" 0.0630740967544397 0.0404164115125536 0 0.0238824249846908 0.0312308634415187 0.260869565217391 0.0324556031843233 0.0220453153704838 0.033680342927128 0.0624617268830374 0.0796080832823025 0.0489895897121862 0.116962645437844 0.060012247397428 0.0979791794243723
"cheSer" 0.060012247397428 0.033680342927128 0.0238824249846908 0 0.0232700551132884 0.262706674831598 0.0251071647274954 0.0251071647274954 0.0220453153704838 0.0538885486834048 0.0716472749540723 0.0422535211267606 0.108389467238212 0.0581751377832211 0.0906307409675444
"chrPic" 0.0642988364972443 0.0275566442131047 0.0312308634415187 0.0232700551132884 0 0.258420085731782 0.0177587262706675 0.0306184935701164 0.031843233312921 0.0538885486834048 0.067360685854256 0.0214329454990814 0.108389467238212 0.060012247397428 0.0943049601959584
"cuoAmb" 0.29210042865891 0.260257195345989 0.260869565217391 0.262706674831598 0.258420085731782 0 0.252908756889161 0.264543784445805 0.270667483159829 0.28413962033068 0.307409675443968 0.262706674831598 0.307409675443968 0.28169014084507 0.312921004286589
"cuoMcc" 0.0630740967544397 0.0226576852418861 0.0324556031843233 0.0251071647274954 0.0177587262706675 0.252908756889161 0 0.0324556031843233 0.033680342927128 0.0569503980404164 0.065523576240049 0.035517452541335 0.110838946723821 0.0563380281690141 0.0961420698101653
"derCor" 0.0649112063686467 0.0385793018983466 0.0220453153704838 0.0251071647274954 0.0306184935701164 0.264543784445805 0.0324556031843233 0 0.0324556031843233 0.0624617268830374 0.0783833435394979 0.0496019595835885 0.11573790569504 0.0593998775260257 0.0967544396815677
"derMaw" 0.067360685854256 0.0416411512553582 0.033680342927128 0.0220453153704838 0.031843233312921 0.270667483159829 0.033680342927128 0.0324556031843233 0 0.0581751377832211 0.0808328230251072 0.0502143294549908 0.112063686466626 0.063686466625842 0.101653398652786
"emySub" 0.0649112063686467 0.0630740967544397 0.0624617268830374 0.0538885486834048 0.0538885486834048 0.28413962033068 0.0569503980404164 0.0624617268830374 0.0581751377832211 0 0.101041028781384 0.0716472749540723 0.095529699938763 0.0642988364972443 0.0777709736680955
"gopAga" 0.0985915492957746 0.0679730557256583 0.0796080832823025 0.0716472749540723 0.067360685854256 0.307409675443968 0.065523576240049 0.0783833435394979 0.0808328230251072 0.101041028781384 0 0.0851194121249235 0.145744029393754 0.0998162890385793 0.13410900183711
"malTer" 0.0808328230251072 0.0453153704837722 0.0489895897121862 0.0422535211267606 0.0214329454990814 0.262706674831598 0.035517452541335 0.0496019595835885 0.0502143294549908 0.0716472749540723 0.0851194121249235 0 0.128597672994489 0.0777709736680955 0.113900796080833
"pelCas" 0.121249234537661 0.115125535823637 0.116962645437844 0.108389467238212 0.108389467238212 0.307409675443968 0.110838946723821 0.11573790569504 0.112063686466626 0.095529699938763 0.145744029393754 0.128597672994489 0 0.116350275566442 0.0979791794243723
"pelSin" 0.0667483159828536 0.0661359461114513 0.060012247397428 0.0581751377832211 0.060012247397428 0.28169014084507 0.0563380281690141 0.0593998775260257 0.063686466625842 0.0642988364972443 0.0998162890385793 0.0777709736680955 0.116350275566442 0 0.0998162890385793
"podExp" 0.103490508266993 0.0985915492957746 0.0979791794243723 0.0906307409675444 0.0943049601959584 0.312921004286589 0.0961420698101653 0.0967544396815677 0.101653398652786 0.0777709736680955 0.13410900183711 0.113900796080833 0.0979791794243723 0.0998162890385793 0
