"carIns" "cheAbi" "cheMyd" "cheSer" "chrPic" "derCor" "derMaw" "emySub" "gopAga" "malTer" "mesTub" "pelCas" "pelSin" "plaMeg" "podExp" "terMex"
"carIns" 0 0.0913513513513513 0.0713513513513514 0.0697297297297297 0.0627027027027027 0.0740540540540541 0.0783783783783784 0.0805405405405405 0.0956756756756757 0.122162162162162 0.0789189189189189 0.0886486486486486 0.0924324324324324 0.0643243243243243 0.1 0.0664864864864865
"cheAbi" 0.0913513513513513 0 0.0491891891891892 0.0443243243243243 0.0437837837837838 0.0508108108108108 0.0562162162162162 0.0718918918918919 0.0367567567567568 0.103783783783784 0.0724324324324324 0.0789189189189189 0.08 0.0394594594594595 0.0881081081081081 0.0454054054054054
"cheMyd" 0.0713513513513514 0.0491891891891892 0 0.0216216216216216 0.0237837837837838 0.0205405405405405 0.0351351351351351 0.0502702702702703 0.0508108108108108 0.0854054054054054 0.0513513513513514 0.0594594594594595 0.0756756756756757 0.0194594594594595 0.0708108108108108 0.0254054054054054
"cheSer" 0.0697297297297297 0.0443243243243243 0.0216216216216216 0 0.0210810810810811 0.0264864864864865 0.0313513513513514 0.0481081081081081 0.0508108108108108 0.0816216216216216 0.0491891891891892 0.0583783783783784 0.0735135135135135 0.0162162162162162 0.0681081081081081 0.0232432432432432
"chrPic" 0.0627027027027027 0.0437837837837838 0.0237837837837838 0.0210810810810811 0 0.0286486486486486 0.0297297297297297 0.0491891891891892 0.0475675675675676 0.065945945945946 0.0481081081081081 0.0572972972972973 0.0745945945945946 0.012972972972973 0.0654054054054054 0.00810810810810811
"derCor" 0.0740540540540541 0.0508108108108108 0.0205405405405405 0.0264864864864865 0.0286486486486486 0 0.0394594594594595 0.0545945945945946 0.0524324324324324 0.0886486486486486 0.0562162162162162 0.0621621621621622 0.0767567567567567 0.0243243243243243 0.0735135135135135 0.0308108108108108
"derMaw" 0.0783783783783784 0.0562162162162162 0.0351351351351351 0.0313513513513514 0.0297297297297297 0.0394594594594595 0 0.0594594594594595 0.06 0.0902702702702703 0.0589189189189189 0.0686486486486487 0.0854054054054054 0.0275675675675676 0.0783783783783784 0.032972972972973
"emySub" 0.0805405405405405 0.0718918918918919 0.0502702702702703 0.0481081081081081 0.0491891891891892 0.0545945945945946 0.0594594594594595 0 0.0778378378378378 0.105945945945946 0.0291891891891892 0.0464864864864865 0.0864864864864865 0.045945945945946 0.0583783783783784 0.0497297297297297
"gopAga" 0.0956756756756757 0.0367567567567568 0.0508108108108108 0.0508108108108108 0.0475675675675676 0.0524324324324324 0.06 0.0778378378378378 0 0.107567567567568 0.0778378378378378 0.0843243243243243 0.0832432432432432 0.0443243243243243 0.0951351351351351 0.0502702702702703
"malTer" 0.122162162162162 0.103783783783784 0.0854054054054054 0.0816216216216216 0.065945945945946 0.0886486486486486 0.0902702702702703 0.105945945945946 0.107567567567568 0 0.107027027027027 0.116756756756757 0.12972972972973 0.0740540540540541 0.117837837837838 0.0691891891891892
"mesTub" 0.0789189189189189 0.0724324324324324 0.0513513513513514 0.0491891891891892 0.0481081081081081 0.0562162162162162 0.0589189189189189 0.0291891891891892 0.0778378378378378 0.107027027027027 0 0.0481081081081081 0.087027027027027 0.047027027027027 0.06 0.0497297297297297
"pelCas" 0.0886486486486486 0.0789189189189189 0.0594594594594595 0.0583783783783784 0.0572972972972973 0.0621621621621622 0.0686486486486487 0.0464864864864865 0.0843243243243243 0.116756756756757 0.0481081081081081 0 0.0962162162162162 0.0567567567567568 0.0486486486486487 0.0594594594594595
"pelSin" 0.0924324324324324 0.08 0.0756756756756757 0.0735135135135135 0.0745945945945946 0.0767567567567567 0.0854054054054054 0.0864864864864865 0.0832432432432432 0.12972972972973 0.087027027027027 0.0962162162162162 0 0.0697297297297297 0.101621621621622 0.0751351351351351
"plaMeg" 0.0643243243243243 0.0394594594594595 0.0194594594594595 0.0162162162162162 0.012972972972973 0.0243243243243243 0.0275675675675676 0.045945945945946 0.0443243243243243 0.0740540540540541 0.047027027027027 0.0567567567567568 0.0697297297297297 0 0.065945945945946 0.0140540540540541
"podExp" 0.1 0.0881081081081081 0.0708108108108108 0.0681081081081081 0.0654054054054054 0.0735135135135135 0.0783783783783784 0.0583783783783784 0.0951351351351351 0.117837837837838 0.06 0.0486486486486487 0.101621621621622 0.065945945945946 0 0.0681081081081081
"terMex" 0.0664864864864865 0.0454054054054054 0.0254054054054054 0.0232432432432432 0.00810810810810811 0.0308108108108108 0.032972972972973 0.0497297297297297 0.0502702702702703 0.0691891891891892 0.0497297297297297 0.0594594594594595 0.0751351351351351 0.0140540540540541 0.0681081081081081 0
