"carIns" "cheAbi" "cheMyd" "cheSer" "chrPic" "cuoAmb" "cuoMcc" "derCor" "derMaw" "emySub" "gopAga" "malTer" "mesTub" "pelCas" "plaMeg" "podExp" "terMex"
"carIns" 0 0.0847651775486827 0.0756013745704467 0.108820160366552 0.0687285223367698 0.0675830469644903 0.0664375715922108 0.0790378006872852 0.0767468499427262 0.0847651775486827 0.0801832760595647 0.0687285223367698 0.264604810996564 0.0927835051546392 0.0687285223367698 0.11340206185567 0.0664375715922108
"cheAbi" 0.0847651775486827 0 0.0458190148911798 0.0927835051546392 0.0458190148911798 0.0309278350515464 0.0274914089347079 0.0458190148911798 0.0538373424971363 0.0630011454753723 0.0229095074455899 0.0423825887743414 0.239404352806415 0.0664375715922108 0.0366552119129439 0.0904925544100802 0.0378006872852234
"cheMyd" 0.0756013745704467 0.0458190148911798 0 0.0778923253150057 0.0297823596792669 0.0286368843069874 0.0252004581901489 0.0183276059564719 0.0378006872852234 0.0538373424971363 0.0343642611683849 0.0263459335624284 0.239404352806415 0.0664375715922108 0.0252004581901489 0.0939289805269187 0.0217640320733104
"cheSer" 0.108820160366552 0.0927835051546392 0.0778923253150057 0 0.0801832760595647 0.0801832760595647 0.0767468499427262 0.0824742268041237 0.0801832760595647 0.0973654066437572 0.0882016036655212 0.0733104238258877 0.284077892325315 0.111111111111111 0.0721649484536082 0.138602520045819 0.0710194730813287
"chrPic" 0.0687285223367698 0.0458190148911798 0.0297823596792669 0.0801832760595647 0 0.0217640320733104 0.0229095074455899 0.0366552119129439 0.0366552119129439 0.0572737686139748 0.0343642611683849 0.0217640320733104 0.238258877434135 0.0721649484536082 0.0194730813287514 0.0950744558991982 0.0160366552119129
"cuoAmb" 0.0675830469644903 0.0309278350515464 0.0286368843069874 0.0801832760595647 0.0217640320733104 0 0.00572737686139748 0.0343642611683849 0.0378006872852234 0.0549828178694158 0.0194730813287514 0.0274914089347079 0.242840778923253 0.0630011454753723 0.0194730813287514 0.0882016036655212 0.0171821305841924
"cuoMcc" 0.0664375715922108 0.0274914089347079 0.0252004581901489 0.0767468499427262 0.0229095074455899 0.00572737686139748 0 0.0309278350515464 0.0343642611683849 0.0515463917525773 0.0160366552119129 0.0240549828178694 0.239404352806415 0.0595647193585338 0.0160366552119129 0.0893470790378007 0.0160366552119129
"derCor" 0.0790378006872852 0.0458190148911798 0.0183276059564719 0.0824742268041237 0.0366552119129439 0.0343642611683849 0.0309278350515464 0 0.0458190148911798 0.0618556701030928 0.0389461626575029 0.0355097365406644 0.243986254295533 0.0664375715922108 0.0309278350515464 0.0962199312714777 0.0309278350515464
"derMaw" 0.0767468499427262 0.0538373424971363 0.0378006872852234 0.0801832760595647 0.0366552119129439 0.0378006872852234 0.0343642611683849 0.0458190148911798 0 0.0561282932416953 0.0423825887743414 0.0355097365406644 0.243986254295533 0.0687285223367698 0.0297823596792669 0.100801832760596 0.0274914089347079
"emySub" 0.0847651775486827 0.0630011454753723 0.0538373424971363 0.0973654066437572 0.0572737686139748 0.0549828178694158 0.0515463917525773 0.0618556701030928 0.0561282932416953 0 0.0572737686139748 0.0504009163802978 0.224513172966781 0.0561282932416953 0.0492554410080183 0.0790378006872852 0.0481099656357388
"gopAga" 0.0801832760595647 0.0229095074455899 0.0343642611683849 0.0882016036655212 0.0343642611683849 0.0194730813287514 0.0160366552119129 0.0389461626575029 0.0423825887743414 0.0572737686139748 0 0.0355097365406644 0.241695303550974 0.0652920962199313 0.0252004581901489 0.0904925544100802 0.0274914089347079
"malTer" 0.0687285223367698 0.0423825887743414 0.0263459335624284 0.0733104238258877 0.0217640320733104 0.0274914089347079 0.0240549828178694 0.0355097365406644 0.0355097365406644 0.0504009163802978 0.0355097365406644 0 0.238258877434135 0.0664375715922108 0.0194730813287514 0.0962199312714777 0.0171821305841924
"mesTub" 0.264604810996564 0.239404352806415 0.239404352806415 0.284077892325315 0.238258877434135 0.242840778923253 0.239404352806415 0.243986254295533 0.243986254295533 0.224513172966781 0.241695303550974 0.238258877434135 0 0.247422680412371 0.237113402061856 0.252004581901489 0.233676975945017
"pelCas" 0.0927835051546392 0.0664375715922108 0.0664375715922108 0.111111111111111 0.0721649484536082 0.0630011454753723 0.0595647193585338 0.0664375715922108 0.0687285223367698 0.0561282932416953 0.0652920962199313 0.0664375715922108 0.247422680412371 0 0.0618556701030928 0.0664375715922108 0.0607101947308133
"plaMeg" 0.0687285223367698 0.0366552119129439 0.0252004581901489 0.0721649484536082 0.0194730813287514 0.0194730813287514 0.0160366552119129 0.0309278350515464 0.0297823596792669 0.0492554410080183 0.0252004581901489 0.0194730813287514 0.237113402061856 0.0618556701030928 0 0.0927835051546392 0.011454753722795
"podExp" 0.11340206185567 0.0904925544100802 0.0939289805269187 0.138602520045819 0.0950744558991982 0.0882016036655212 0.0893470790378007 0.0962199312714777 0.100801832760596 0.0790378006872852 0.0904925544100802 0.0962199312714777 0.252004581901489 0.0664375715922108 0.0927835051546392 0 0.0870561282932417
"terMex" 0.0664375715922108 0.0378006872852234 0.0217640320733104 0.0710194730813287 0.0160366552119129 0.0171821305841924 0.0160366552119129 0.0309278350515464 0.0274914089347079 0.0481099656357388 0.0274914089347079 0.0171821305841924 0.233676975945017 0.0607101947308133 0.011454753722795 0.0870561282932417 0
