"carIns" "cheAbi" "cheMyd" "cheSer" "chrPic" "cuoAmb" "cuoMcc" "derCor" "derMaw" "emySub" "gopAga" "malTer" "mesTub" "pelCas" "pelSin" "plaMeg" "podExp" "terMex"
"carIns" 0 0.0735895339329518 0.0690923957481603 0.0690923957481603 0.0735895339329518 0.0748160261651676 0.0870809484873262 0.0682747342600164 0.0768601798855274 0.0821749795584628 0.0744071954210957 0.0907604251839738 0.0813573180703189 0.102207686017989 0.0682747342600164 0.0735895339329518 0.0952575633687653 0.0703188879803761
"cheAbi" 0.0735895339329518 0 0.0343417825020442 0.0339329517579722 0.0245298446443173 0.0196238757154538 0.0318887980376124 0.0343417825020442 0.044562551103843 0.0596892886345053 0.0159443990188062 0.0433360588716271 0.0596892886345053 0.080130825838103 0.0564186426819297 0.0224856909239575 0.0735895339329518 0.0204415372035977
"cheMyd" 0.0690923957481603 0.0343417825020442 0 0.0298446443172527 0.0318887980376124 0.0343417825020442 0.0486508585445626 0.0126737530662306 0.0380212591986917 0.0551921504497138 0.0372035977105478 0.0502861815208504 0.0576451349141455 0.0784955028618152 0.053556827473426 0.0310711365494685 0.0752248569092396 0.0273916598528209
"cheSer" 0.0690923957481603 0.0339329517579722 0.0298446443172527 0 0.0322976287816844 0.0335241210139002 0.0453802125919869 0.0282093213409648 0.0351594439901881 0.0547833197056419 0.035977105478332 0.0502861815208504 0.0543744889615699 0.0768601798855274 0.0519215044971382 0.0314799672935405 0.071954210956664 0.0278004905968929
"chrPic" 0.0735895339329518 0.0245298446443173 0.0318887980376124 0.0322976287816844 0 0.0245298446443173 0.0367947669664759 0.0302534750613246 0.0425183973834832 0.0568274734260016 0.0273916598528209 0.0257563368765331 0.0592804578904334 0.0772690106295993 0.0584627964022894 0.0208503679476697 0.071954210956664 0.00899427636958299
"cuoAmb" 0.0748160261651676 0.0196238757154538 0.0343417825020442 0.0335241210139002 0.0245298446443173 0 0.0204415372035977 0.0335241210139002 0.0453802125919869 0.0588716271463614 0.0224856909239575 0.0433360588716271 0.0596892886345053 0.0821749795584628 0.0600981193785773 0.0241210139002453 0.0739983646770237 0.0204415372035977
"cuoMcc" 0.0870809484873262 0.0318887980376124 0.0486508585445626 0.0453802125919869 0.0367947669664759 0.0204415372035977 0 0.0478331970564186 0.0580539656582175 0.0699100572363042 0.0363859362224039 0.0556009811937858 0.0703188879803761 0.0940310711365495 0.07113654946852 0.0380212591986917 0.0878986099754702 0.0327064595257563
"derCor" 0.0682747342600164 0.0343417825020442 0.0126737530662306 0.0282093213409648 0.0302534750613246 0.0335241210139002 0.0478331970564186 0 0.0380212591986917 0.053965658217498 0.0372035977105478 0.0490596892886345 0.0556009811937858 0.0756336876533115 0.053965658217498 0.0302534750613246 0.07113654946852 0.0257563368765331
"derMaw" 0.0768601798855274 0.044562551103843 0.0380212591986917 0.0351594439901881 0.0425183973834832 0.0453802125919869 0.0580539656582175 0.0380212591986917 0 0.062142273098937 0.0478331970564186 0.0613246116107931 0.0633687653311529 0.0846279640228945 0.062142273098937 0.0408830744071954 0.0793131643499591 0.0380212591986917
"emySub" 0.0821749795584628 0.0596892886345053 0.0551921504497138 0.0547833197056419 0.0568274734260016 0.0588716271463614 0.0699100572363042 0.053965658217498 0.062142273098937 0 0.0609157808667212 0.0752248569092396 0.0343417825020442 0.0682747342600164 0.0654129190515127 0.0596892886345053 0.0690923957481603 0.053965658217498
"gopAga" 0.0744071954210957 0.0159443990188062 0.0372035977105478 0.035977105478332 0.0273916598528209 0.0224856909239575 0.0363859362224039 0.0372035977105478 0.0478331970564186 0.0609157808667212 0 0.0470155355682747 0.062142273098937 0.0821749795584628 0.0613246116107931 0.0261651676206051 0.0768601798855274 0.0233033524121014
"malTer" 0.0907604251839738 0.0433360588716271 0.0502861815208504 0.0502861815208504 0.0257563368765331 0.0433360588716271 0.0556009811937858 0.0490596892886345 0.0613246116107931 0.0752248569092396 0.0470155355682747 0 0.0776778413736713 0.0948487326246934 0.0752248569092396 0.0388389206868356 0.089533932951758 0.0286181520850368
"mesTub" 0.0813573180703189 0.0596892886345053 0.0576451349141455 0.0543744889615699 0.0592804578904334 0.0596892886345053 0.0703188879803761 0.0556009811937858 0.0633687653311529 0.0343417825020442 0.062142273098937 0.0776778413736713 0 0.0658217497955846 0.0645952575633688 0.0596892886345053 0.0666394112837285 0.0560098119378577
"pelCas" 0.102207686017989 0.080130825838103 0.0784955028618152 0.0768601798855274 0.0772690106295993 0.0821749795584628 0.0940310711365495 0.0756336876533115 0.0846279640228945 0.0682747342600164 0.0821749795584628 0.0948487326246934 0.0658217497955846 0 0.0858544562551104 0.0793131643499591 0.0674570727718724 0.0760425183973835
"pelSin" 0.0682747342600164 0.0564186426819297 0.053556827473426 0.0519215044971382 0.0584627964022894 0.0600981193785773 0.07113654946852 0.053965658217498 0.062142273098937 0.0654129190515127 0.0613246116107931 0.0752248569092396 0.0645952575633688 0.0858544562551104 0 0.0564186426819297 0.0838103025347506 0.0551921504497138
"plaMeg" 0.0735895339329518 0.0224856909239575 0.0310711365494685 0.0314799672935405 0.0208503679476697 0.0241210139002453 0.0380212591986917 0.0302534750613246 0.0408830744071954 0.0596892886345053 0.0261651676206051 0.0388389206868356 0.0596892886345053 0.0793131643499591 0.0564186426819297 0 0.0739983646770237 0.0167620605069501
"podExp" 0.0952575633687653 0.0735895339329518 0.0752248569092396 0.071954210956664 0.071954210956664 0.0739983646770237 0.0878986099754702 0.07113654946852 0.0793131643499591 0.0690923957481603 0.0768601798855274 0.089533932951758 0.0666394112837285 0.0674570727718724 0.0838103025347506 0.0739983646770237 0 0.0707277187244481
"terMex" 0.0703188879803761 0.0204415372035977 0.0273916598528209 0.0278004905968929 0.00899427636958299 0.0204415372035977 0.0327064595257563 0.0257563368765331 0.0380212591986917 0.053965658217498 0.0233033524121014 0.0286181520850368 0.0560098119378577 0.0760425183973835 0.0551921504497138 0.0167620605069501 0.0707277187244481 0
