"carIns" "cheAbi" "cheMyd" "cheSer" "chrPic" "cuoAmb" "cuoMcc" "derCor" "derMaw" "emySub" "gopAga" "malTer" "pelCas" "pelSin" "plaMeg" "podExp" "terMex"
"carIns" 0 0.0808229243203527 0.0837619397501837 0.0815576781778104 0.0822924320352682 0.0815576781778104 0.0830271858927259 0.0830271858927259 0.0848640705363703 0.0911094783247612 0.085966201322557 0.0815576781778104 0.10139603232917 0.0988243938280676 0.0808229243203527 0.113519470977223 0.076781778104335
"cheAbi" 0.0808229243203527 0 0.0506980161645849 0.0470242468772961 0.038574577516532 0.0194709772226304 0.020573108008817 0.050330639235856 0.053269654665687 0.0778839088905217 0.0191036002939015 0.0393093313739897 0.085966201322557 0.0896399706098457 0.0404114621601763 0.0973548861131521 0.0363703159441587
"cheMyd" 0.0837619397501837 0.0506980161645849 0 0.0349008082292432 0.0440852314474651 0.0488611315209405 0.0506980161645849 0.0286554004408523 0.0426157237325496 0.0749448934606907 0.0514327700220426 0.0437178545187362 0.0789860396767083 0.0892725936811168 0.0400440852314475 0.0907421013960323 0.0418809698750918
"cheSer" 0.0815576781778104 0.0470242468772961 0.0349008082292432 0 0.0374724467303453 0.0455547391623806 0.0466568699485672 0.0352681851579721 0.0396767083027186 0.0720058780308597 0.0495958853783982 0.0382072005878031 0.0804555473916238 0.0874357090374724 0.0360029390154298 0.0933137398971345 0.0352681851579721
"chrPic" 0.0822924320352682 0.038574577516532 0.0440852314474651 0.0374724467303453 0 0.0363703159441587 0.0382072005878031 0.044452608376194 0.050330639235856 0.0753122703894195 0.0411462160176341 0.00587803085966201 0.0797207935341661 0.0867009551800147 0.0264511388684791 0.0966201322556943 0.0139603232916973
"cuoAmb" 0.0815576781778104 0.0194709772226304 0.0488611315209405 0.0455547391623806 0.0363703159441587 0 0.00844966936076414 0.0488611315209405 0.0525349008082292 0.0749448934606907 0.0216752387950037 0.0367376928728876 0.0848640705363703 0.085966201322557 0.0367376928728876 0.0966201322556943 0.0349008082292432
"cuoMcc" 0.0830271858927259 0.020573108008817 0.0506980161645849 0.0466568699485672 0.0382072005878031 0.00844966936076414 0 0.050330639235856 0.0529022777369581 0.0760470242468773 0.0220426157237326 0.038574577516532 0.0852314474650992 0.0878030859662013 0.038574577516532 0.0955180014695077 0.0352681851579721
"derCor" 0.0830271858927259 0.050330639235856 0.0286554004408523 0.0352681851579721 0.044452608376194 0.0488611315209405 0.050330639235856 0 0.0466568699485672 0.0804555473916238 0.0510653930933137 0.0451873622336517 0.0837619397501837 0.0911094783247612 0.0429831006612785 0.0925789860396767 0.041513592946363
"derMaw" 0.0848640705363703 0.053269654665687 0.0426157237325496 0.0396767083027186 0.050330639235856 0.0525349008082292 0.0529022777369581 0.0466568699485672 0 0.0782512858192505 0.0554739162380603 0.0499632623071271 0.0852314474650992 0.0936811168258633 0.0481263776634827 0.0940484937545922 0.047391623806025
"emySub" 0.0911094783247612 0.0778839088905217 0.0749448934606907 0.0720058780308597 0.0753122703894195 0.0749448934606907 0.0760470242468773 0.0804555473916238 0.0782512858192505 0 0.0789860396767083 0.0753122703894195 0.0753122703894195 0.100661278471712 0.0720058780308597 0.0811903012490816 0.0734753857457752
"gopAga" 0.085966201322557 0.0191036002939015 0.0514327700220426 0.0495958853783982 0.0411462160176341 0.0216752387950037 0.0220426157237326 0.0510653930933137 0.0554739162380603 0.0789860396767083 0 0.041513592946363 0.0867009551800147 0.0878030859662013 0.0422483468038207 0.0984570168993387 0.0374724467303453
"malTer" 0.0815576781778104 0.0393093313739897 0.0437178545187362 0.0382072005878031 0.00587803085966201 0.0367376928728876 0.038574577516532 0.0451873622336517 0.0499632623071271 0.0753122703894195 0.041513592946363 0 0.0800881704628949 0.0863335782512858 0.0271858927259368 0.0958853783982366 0.0139603232916973
"pelCas" 0.10139603232917 0.085966201322557 0.0789860396767083 0.0804555473916238 0.0797207935341661 0.0848640705363703 0.0852314474650992 0.0837619397501837 0.0852314474650992 0.0753122703894195 0.0867009551800147 0.0800881704628949 0 0.0988243938280676 0.0808229243203527 0.070903747244673 0.0760470242468773
"pelSin" 0.0988243938280676 0.0896399706098457 0.0892725936811168 0.0874357090374724 0.0867009551800147 0.085966201322557 0.0878030859662013 0.0911094783247612 0.0936811168258633 0.100661278471712 0.0878030859662013 0.0863335782512858 0.0988243938280676 0 0.0837619397501837 0.11094783247612 0.0844966936076414
"plaMeg" 0.0808229243203527 0.0404114621601763 0.0400440852314475 0.0360029390154298 0.0264511388684791 0.0367376928728876 0.038574577516532 0.0429831006612785 0.0481263776634827 0.0720058780308597 0.0422483468038207 0.0271858927259368 0.0808229243203527 0.0837619397501837 0 0.0944158706833211 0.0264511388684791
"podExp" 0.113519470977223 0.0973548861131521 0.0907421013960323 0.0933137398971345 0.0966201322556943 0.0966201322556943 0.0955180014695077 0.0925789860396767 0.0940484937545922 0.0811903012490816 0.0984570168993387 0.0958853783982366 0.070903747244673 0.11094783247612 0.0944158706833211 0 0.0933137398971345
"terMex" 0.076781778104335 0.0363703159441587 0.0418809698750918 0.0352681851579721 0.0139603232916973 0.0349008082292432 0.0352681851579721 0.041513592946363 0.047391623806025 0.0734753857457752 0.0374724467303453 0.0139603232916973 0.0760470242468773 0.0844966936076414 0.0264511388684791 0.0933137398971345 0
