"carIns" "cheAbi" "cheMyd" "cheSer" "chrPic" "cuoAmb" "cuoMcc" "derCor" "derMaw" "emySub" "gopAga" "malTer" "mesTub" "pelCas" "pelSin" "plaMeg" "podExp" "terMex"
"carIns" 0 0.0651294498381877 0.058252427184466 0.0598705501618123 0.061084142394822 0.0655339805825243 0.0606796116504854 0.0614886731391586 0.0622977346278317 0.0622977346278317 0.0622977346278317 0.0618932038834951 0.0651294498381877 0.06957928802589 0.063915857605178 0.0602750809061489 0.0679611650485437 0.0594660194174757
"cheAbi" 0.0651294498381877 0 0.0242718446601942 0.023462783171521 0.0186084142394822 0.0157766990291262 0.0129449838187702 0.0275080906148867 0.0258899676375405 0.0380258899676375 0.0133495145631068 0.0198220064724919 0.0416666666666667 0.0497572815533981 0.0453074433656958 0.0169902912621359 0.0509708737864078 0.0161812297734628
"cheMyd" 0.058252427184466 0.0242718446601942 0 0.0198220064724919 0.0169902912621359 0.0210355987055016 0.0182038834951456 0.0113268608414239 0.0230582524271845 0.0327669902912621 0.020631067961165 0.0190129449838188 0.0364077669902913 0.0432847896440129 0.0449029126213592 0.0182038834951456 0.0440938511326861 0.0153721682847896
"cheSer" 0.0598705501618123 0.023462783171521 0.0198220064724919 0 0.0190129449838188 0.0222491909385113 0.0194174757281553 0.0226537216828479 0.0198220064724919 0.0339805825242718 0.0210355987055016 0.0202265372168285 0.0368122977346278 0.0428802588996764 0.0444983818770227 0.0190129449838188 0.0449029126213592 0.0165857605177994
"chrPic" 0.061084142394822 0.0186084142394822 0.0169902912621359 0.0190129449838188 0 0.0165857605177994 0.0137540453074434 0.0222491909385113 0.023462783171521 0.034789644012945 0.0157766990291262 0.00444983818770227 0.037621359223301 0.0440938511326861 0.0440938511326861 0.0109223300970874 0.0465210355987055 0.0040453074433657
"cuoAmb" 0.0655339805825243 0.0157766990291262 0.0210355987055016 0.0222491909385113 0.0165857605177994 0 0.00687702265372168 0.0254854368932039 0.0246763754045307 0.037621359223301 0.0145631067961165 0.0177993527508091 0.0408576051779935 0.0481391585760518 0.0449029126213592 0.0149676375404531 0.0497572815533981 0.0141585760517799
"cuoMcc" 0.0606796116504854 0.0129449838187702 0.0182038834951456 0.0194174757281553 0.0137540453074434 0.00687702265372168 0 0.0230582524271845 0.0218446601941748 0.0331715210355987 0.0117313915857605 0.0141585760517799 0.037621359223301 0.0453074433656958 0.0412621359223301 0.0125404530744337 0.0465210355987055 0.0113268608414239
"derCor" 0.0614886731391586 0.0275080906148867 0.0113268608414239 0.0226537216828479 0.0222491909385113 0.0254854368932039 0.0230582524271845 0 0.0271035598705502 0.034789644012945 0.0246763754045307 0.0242718446601942 0.0384304207119741 0.0469255663430421 0.0477346278317152 0.0222491909385113 0.0469255663430421 0.020631067961165
"derMaw" 0.0622977346278317 0.0258899676375405 0.0230582524271845 0.0198220064724919 0.023462783171521 0.0246763754045307 0.0218446601941748 0.0271035598705502 0 0.0368122977346278 0.0230582524271845 0.0230582524271845 0.0372168284789644 0.0461165048543689 0.0485436893203883 0.0226537216828479 0.0473300970873786 0.0202265372168285
"emySub" 0.0622977346278317 0.0380258899676375 0.0327669902912621 0.0339805825242718 0.034789644012945 0.037621359223301 0.0331715210355987 0.034789644012945 0.0368122977346278 0 0.0368122977346278 0.0360032362459547 0.020631067961165 0.0331715210355987 0.0497572815533981 0.0351941747572816 0.0368122977346278 0.0331715210355987
"gopAga" 0.0622977346278317 0.0133495145631068 0.020631067961165 0.0210355987055016 0.0157766990291262 0.0145631067961165 0.0117313915857605 0.0246763754045307 0.0230582524271845 0.0368122977346278 0 0.0161812297734628 0.0396440129449838 0.0469255663430421 0.0444983818770227 0.0149676375404531 0.0473300970873786 0.0133495145631068
"malTer" 0.0618932038834951 0.0198220064724919 0.0190129449838188 0.0202265372168285 0.00444983818770227 0.0177993527508091 0.0141585760517799 0.0242718446601942 0.0230582524271845 0.0360032362459547 0.0161812297734628 0 0.0396440129449838 0.0453074433656958 0.0449029126213592 0.0129449838187702 0.0485436893203883 0.00606796116504854
"mesTub" 0.0651294498381877 0.0416666666666667 0.0364077669902913 0.0368122977346278 0.037621359223301 0.0408576051779935 0.037621359223301 0.0384304207119741 0.0372168284789644 0.020631067961165 0.0396440129449838 0.0396440129449838 0 0.0364077669902913 0.0513754045307443 0.0380258899676375 0.0380258899676375 0.0360032362459547
"pelCas" 0.06957928802589 0.0497572815533981 0.0432847896440129 0.0428802588996764 0.0440938511326861 0.0481391585760518 0.0453074433656958 0.0469255663430421 0.0461165048543689 0.0331715210355987 0.0469255663430421 0.0453074433656958 0.0364077669902913 0 0.0590614886731392 0.0449029126213592 0.0335760517799353 0.0432847896440129
"pelSin" 0.063915857605178 0.0453074433656958 0.0449029126213592 0.0444983818770227 0.0440938511326861 0.0449029126213592 0.0412621359223301 0.0477346278317152 0.0485436893203883 0.0497572815533981 0.0444983818770227 0.0449029126213592 0.0513754045307443 0.0590614886731392 0 0.0453074433656958 0.063915857605178 0.0424757281553398
"plaMeg" 0.0602750809061489 0.0169902912621359 0.0182038834951456 0.0190129449838188 0.0109223300970874 0.0149676375404531 0.0125404530744337 0.0222491909385113 0.0226537216828479 0.0351941747572816 0.0149676375404531 0.0129449838187702 0.0380258899676375 0.0449029126213592 0.0453074433656958 0 0.0473300970873786 0.00849514563106796
"podExp" 0.0679611650485437 0.0509708737864078 0.0440938511326861 0.0449029126213592 0.0465210355987055 0.0497572815533981 0.0465210355987055 0.0469255663430421 0.0473300970873786 0.0368122977346278 0.0473300970873786 0.0485436893203883 0.0380258899676375 0.0335760517799353 0.063915857605178 0.0473300970873786 0 0.0457119741100324
"terMex" 0.0594660194174757 0.0161812297734628 0.0153721682847896 0.0165857605177994 0.0040453074433657 0.0141585760517799 0.0113268608414239 0.020631067961165 0.0202265372168285 0.0331715210355987 0.0133495145631068 0.00606796116504854 0.0360032362459547 0.0432847896440129 0.0424757281553398 0.00849514563106796 0.0457119741100324 0
