"carIns" "cheAbi" "cheMyd" "cheSer" "chrPic" "cuoAmb" "cuoMcc" "derCor" "derMaw" "emySub" "gopAga" "malTer" "mesTub" "pelCas" "pelSin" "plaMeg" "podExp" "terMex"
"carIns" 0 0.0676086095338703 0.067872705664862 0.0654958404859369 0.0619305427175492 0.0681368017958537 0.0676086095338703 0.0699854747127955 0.0751353492671332 0.0753994453981249 0.067872705664862 0.0650996962894494 0.0810775122144461 0.0913772613231216 0.0669483692063911 0.0599498217351116 0.0971873762049386 0.0607421101280866
"cheAbi" 0.0676086095338703 0 0.0305031031295392 0.0311633434570184 0.0232404595272679 0.0224481711342929 0.0216558827413178 0.0323517760464809 0.0404067080417272 0.0516307936088736 0.0167701043179717 0.0264096130991681 0.0575729565561865 0.0713059553677539 0.0607421101280866 0.0200713059553678 0.0771160702495708 0.0212597385448303
"cheMyd" 0.067872705664862 0.0305031031295392 0 0.0291826224745807 0.0252211805097055 0.0301069589330516 0.0295787666710683 0.0187508253004093 0.0394823715832563 0.0499141687574277 0.0305031031295392 0.0282582860161099 0.0563845239667239 0.0720982437607289 0.0592895814076324 0.0220520269378054 0.0767199260530833 0.0237686517892513
"cheSer" 0.0654958404859369 0.0311633434570184 0.0291826224745807 0 0.0244288921167305 0.0295787666710683 0.0287864782780932 0.0328799683084643 0.0365773141423478 0.048857784233461 0.0301069589330516 0.0278621418196223 0.0561204278357322 0.0702495708437871 0.060478013997095 0.0212597385448303 0.0751353492671332 0.0227122672652846
"chrPic" 0.0619305427175492 0.0232404595272679 0.0252211805097055 0.0244288921167305 0 0.0220520269378054 0.021523834675822 0.0278621418196223 0.0357850257493728 0.0467450151855275 0.0232404595272679 0.00792288392975043 0.0536115145913112 0.0677406575993662 0.0559883797702364 0.0133368546150799 0.0730225802191998 0.00924336458470883
"cuoAmb" 0.0681368017958537 0.0224481711342929 0.0301069589330516 0.0295787666710683 0.0220520269378054 0 0.00528192261983362 0.0328799683084643 0.0401426119107355 0.0522910339363528 0.0217879308068137 0.0246929882477222 0.0592895814076324 0.0720982437607289 0.06127030239007 0.0191469694968969 0.0783045028390334 0.0192790175623927
"cuoMcc" 0.0676086095338703 0.0216558827413178 0.0295787666710683 0.0287864782780932 0.021523834675822 0.00528192261983362 0 0.0323517760464809 0.0394823715832563 0.0517628416743695 0.0209956424138386 0.0241647959857388 0.0588934372111449 0.0720982437607289 0.0608741581935825 0.0186187772349135 0.0781724547735376 0.019014921431401
"derCor" 0.0699854747127955 0.0323517760464809 0.0187508253004093 0.0328799683084643 0.0278621418196223 0.0328799683084643 0.0323517760464809 0 0.0426515251551565 0.0522910339363528 0.0327479202429684 0.0316915357190017 0.0592895814076324 0.0727584840882081 0.0629869272415159 0.0250891324442097 0.0773801663805625 0.0269378053611515
"derMaw" 0.0751353492671332 0.0404067080417272 0.0394823715832563 0.0365773141423478 0.0357850257493728 0.0401426119107355 0.0394823715832563 0.0426515251551565 0 0.0611382543245741 0.0409349003037106 0.0380298428628021 0.067872705664862 0.080285223821471 0.0693252343853163 0.0323517760464809 0.0851710022448171 0.0335402086359435
"emySub" 0.0753994453981249 0.0516307936088736 0.0499141687574277 0.048857784233461 0.0467450151855275 0.0522910339363528 0.0517628416743695 0.0522910339363528 0.0611382543245741 0 0.0517628416743695 0.0504423610194111 0.0327479202429684 0.0627228311105242 0.0684008979268454 0.0441040538756107 0.0681368017958537 0.0452924864650733
"gopAga" 0.067872705664862 0.0167701043179717 0.0305031031295392 0.0301069589330516 0.0232404595272679 0.0217879308068137 0.0209956424138386 0.0327479202429684 0.0409349003037106 0.0517628416743695 0 0.0257493727716889 0.0588934372111449 0.0717020995642414 0.0616664465865575 0.0200713059553678 0.0783045028390334 0.0211276904793345
"malTer" 0.0650996962894494 0.0264096130991681 0.0282582860161099 0.0278621418196223 0.00792288392975043 0.0246929882477222 0.0241647959857388 0.0316915357190017 0.0380298428628021 0.0504423610194111 0.0257493727716889 0 0.0571768123596989 0.0710418592367622 0.0594216294731282 0.0161098639904925 0.076984022184075 0.0121484220256173
"mesTub" 0.0810775122144461 0.0575729565561865 0.0563845239667239 0.0561204278357322 0.0536115145913112 0.0592895814076324 0.0588934372111449 0.0592895814076324 0.067872705664862 0.0327479202429684 0.0588934372111449 0.0571768123596989 0 0.0680047537303578 0.0759276376601083 0.0511026013468903 0.0732866763501915 0.0525551300673445
"pelCas" 0.0913772613231216 0.0713059553677539 0.0720982437607289 0.0702495708437871 0.0677406575993662 0.0720982437607289 0.0720982437607289 0.0727584840882081 0.080285223821471 0.0627228311105242 0.0717020995642414 0.0710418592367622 0.0680047537303578 0 0.0863594348342797 0.0658919846824244 0.065363792420441 0.0658919846824244
"pelSin" 0.0669483692063911 0.0607421101280866 0.0592895814076324 0.060478013997095 0.0559883797702364 0.06127030239007 0.0608741581935825 0.0629869272415159 0.0693252343853163 0.0684008979268454 0.0616664465865575 0.0594216294731282 0.0759276376601083 0.0863594348342797 0 0.0544038029842863 0.0934900303710551 0.055460187508253
"plaMeg" 0.0599498217351116 0.0200713059553678 0.0220520269378054 0.0212597385448303 0.0133368546150799 0.0191469694968969 0.0186187772349135 0.0250891324442097 0.0323517760464809 0.0441040538756107 0.0200713059553678 0.0161098639904925 0.0511026013468903 0.0658919846824244 0.0544038029842863 0 0.0713059553677539 0.0109599894361548
"podExp" 0.0971873762049386 0.0771160702495708 0.0767199260530833 0.0751353492671332 0.0730225802191998 0.0783045028390334 0.0781724547735376 0.0773801663805625 0.0851710022448171 0.0681368017958537 0.0783045028390334 0.076984022184075 0.0732866763501915 0.065363792420441 0.0934900303710551 0.0713059553677539 0 0.0724943879572164
"terMex" 0.0607421101280866 0.0212597385448303 0.0237686517892513 0.0227122672652846 0.00924336458470883 0.0192790175623927 0.019014921431401 0.0269378053611515 0.0335402086359435 0.0452924864650733 0.0211276904793345 0.0121484220256173 0.0525551300673445 0.0658919846824244 0.055460187508253 0.0109599894361548 0.0724943879572164 0
