"carIns" "cheAbi" "cheMyd" "cheSer" "cuoAmb" "cuoMcc" "derMaw" "emySub" "gopAga" "malTer" "mesTub" "pelCas" "pelSin" "plaMeg" "podExp" "terMex"
"carIns" 0 0.0810176125244618 0.0814090019569472 0.0778864970645793 0.089628180039139 0.0755381604696673 0.086105675146771 0.0841487279843444 0.0794520547945206 0.116242661448141 0.0845401174168297 0.164383561643836 0.0849315068493151 0.0778864970645793 0.1146771037182 0.0774951076320939
"cheAbi" 0.0810176125244618 0 0.0383561643835616 0.0297455968688845 0.0309197651663405 0.0140900195694716 0.0422700587084149 0.0653620352250489 0.0207436399217221 0.0649706457925636 0.0598825831702544 0.135812133072407 0.0782778864970646 0.0238747553816047 0.0923679060665362 0.0246575342465753
"cheMyd" 0.0814090019569472 0.0383561643835616 0 0.0258317025440313 0.0489236790606654 0.0320939334637965 0.0426614481409002 0.060665362035225 0.0379647749510763 0.0727984344422701 0.060665362035225 0.134637964774951 0.0712328767123288 0.0317025440313112 0.0927592954990215 0.0324853228962818
"cheSer" 0.0778864970645793 0.0297455968688845 0.0258317025440313 0 0.0418786692759296 0.02426614481409 0.0348336594911937 0.0571428571428571 0.0309197651663405 0.0657534246575342 0.0547945205479452 0.131898238747554 0.0708414872798434 0.0238747553816047 0.089628180039139 0.0246575342465753
"cuoAmb" 0.089628180039139 0.0309197651663405 0.0489236790606654 0.0418786692759296 0 0.0187866927592955 0.0520547945205479 0.0731898238747554 0.0313111545988258 0.0727984344422701 0.0684931506849315 0.143248532289628 0.0876712328767123 0.0324853228962818 0.0958904109589041 0.0332681017612524
"cuoMcc" 0.0755381604696673 0.0140900195694716 0.0320939334637965 0.02426614481409 0.0187866927592955 0 0.0367906066536203 0.0587084148727984 0.0156555772994129 0.0563600782778865 0.0528375733855186 0.131115459882583 0.0731898238747554 0.0160469667318982 0.0849315068493151 0.0168297455968689
"derMaw" 0.086105675146771 0.0422700587084149 0.0426614481409002 0.0348336594911937 0.0520547945205479 0.0367906066536203 0 0.0681017612524462 0.0418786692759296 0.0802348336594912 0.0622309197651663 0.142857142857143 0.0810176125244618 0.036399217221135 0.0947162426614481 0.038747553816047
"emySub" 0.0841487279843444 0.0653620352250489 0.060665362035225 0.0571428571428571 0.0731898238747554 0.0587084148727984 0.0681017612524462 0 0.0614481409001957 0.0962818003913894 0.0344422700587084 0.126418786692759 0.0849315068493151 0.0590998043052838 0.0814090019569472 0.0590998043052838
"gopAga" 0.0794520547945206 0.0207436399217221 0.0379647749510763 0.0309197651663405 0.0313111545988258 0.0156555772994129 0.0418786692759296 0.0614481409001957 0 0.0653620352250489 0.0594911937377691 0.135420743639922 0.0767123287671233 0.02426614481409 0.0919765166340509 0.0250489236790607
"malTer" 0.116242661448141 0.0649706457925636 0.0727984344422701 0.0657534246575342 0.0727984344422701 0.0563600782778865 0.0802348336594912 0.0962818003913894 0.0653620352250489 0 0.0923679060665362 0.16986301369863 0.110763209393346 0.0540117416829746 0.124853228962818 0.0481409001956947
"mesTub" 0.0845401174168297 0.0598825831702544 0.060665362035225 0.0547945205479452 0.0684931506849315 0.0528375733855186 0.0622309197651663 0.0344422700587084 0.0594911937377691 0.0923679060665362 0 0.122896281800391 0.0837573385518591 0.0540117416829746 0.0716242661448141 0.0532289628180039
"pelCas" 0.164383561643836 0.135812133072407 0.134637964774951 0.131898238747554 0.143248532289628 0.131115459882583 0.142857142857143 0.126418786692759 0.135420743639922 0.16986301369863 0.122896281800391 0 0.161252446183953 0.13307240704501 0.117416829745597 0.133463796477495
"pelSin" 0.0849315068493151 0.0782778864970646 0.0712328767123288 0.0708414872798434 0.0876712328767123 0.0731898238747554 0.0810176125244618 0.0849315068493151 0.0767123287671233 0.110763209393346 0.0837573385518591 0.161252446183953 0 0.0712328767123288 0.108414872798434 0.0735812133072407
"plaMeg" 0.0778864970645793 0.0238747553816047 0.0317025440313112 0.0238747553816047 0.0324853228962818 0.0160469667318982 0.036399217221135 0.0590998043052838 0.02426614481409 0.0540117416829746 0.0540117416829746 0.13307240704501 0.0712328767123288 0 0.0853228962818004 0.013307240704501
"podExp" 0.1146771037182 0.0923679060665362 0.0927592954990215 0.089628180039139 0.0958904109589041 0.0849315068493151 0.0947162426614481 0.0814090019569472 0.0919765166340509 0.124853228962818 0.0716242661448141 0.117416829745597 0.108414872798434 0.0853228962818004 0 0.0876712328767123
"terMex" 0.0774951076320939 0.0246575342465753 0.0324853228962818 0.0246575342465753 0.0332681017612524 0.0168297455968689 0.038747553816047 0.0590998043052838 0.0250489236790607 0.0481409001956947 0.0532289628180039 0.133463796477495 0.0735812133072407 0.013307240704501 0.0876712328767123 0
