"carIns" "cheAbi" "cheMyd" "cheSer" "chrPic" "cuoAmb" "cuoMcc" "derMaw" "emySub" "gopAga" "malTer" "mesTub" "pelCas" "pelSin" "plaMeg" "podExp"
"carIns" 0 0.0551654964894684 0.0526579739217653 0.0526579739217653 0.0511534603811434 0.0531594784353059 0.0536609829488465 0.0526579739217653 0.0581745235707121 0.055667001003009 0.0937813440320963 0.0566700100300903 0.0752256770310933 0.0922768304914744 0.0486459378134403 0.0667001003009027
"cheAbi" 0.0551654964894684 0 0.0315947843530592 0.0255767301905717 0.0175526579739218 0.0115346038114343 0.0135406218655968 0.033099297893681 0.0391173520561685 0.014543630892678 0.0626880641925777 0.0416248746238716 0.0586760280842528 0.0842527582748245 0.0135406218655968 0.0581745235707121
"cheMyd" 0.0526579739217653 0.0315947843530592 0 0.0270812437311936 0.0245737211634905 0.0270812437311936 0.0285857572718154 0.0300902708124373 0.0426278836509529 0.0320962888665998 0.0672016048144433 0.0431293881644935 0.0621865596790371 0.0847542627883651 0.0230692076228686 0.055667001003009
"cheSer" 0.0526579739217653 0.0255767301905717 0.0270812437311936 0 0.0215646940822467 0.0210631895687061 0.022567703109328 0.0250752256770311 0.0396188565697091 0.0290872617853561 0.0651955867602808 0.0431293881644935 0.0611835506519559 0.086258776328987 0.0180541624874624 0.0546639919759278
"chrPic" 0.0511534603811434 0.0175526579739218 0.0245737211634905 0.0215646940822467 0 0.0135406218655968 0.0150451354062187 0.0260782347041123 0.0356068204613842 0.0200601805416249 0.0481444332998997 0.0386158475426279 0.0546639919759278 0.0842527582748245 0.00802407221664995 0.0526579739217653
"cuoAmb" 0.0531594784353059 0.0115346038114343 0.0270812437311936 0.0210631895687061 0.0135406218655968 0 0.00200601805416249 0.0275827482447342 0.0351053159478435 0.0140421263791374 0.0586760280842528 0.0396188565697091 0.0566700100300903 0.0817452357071214 0.00902708124373119 0.0526579739217653
"cuoMcc" 0.0536609829488465 0.0135406218655968 0.0285857572718154 0.022567703109328 0.0150451354062187 0.00200601805416249 0 0.0290872617853561 0.0356068204613842 0.0160481444332999 0.0601805416248746 0.0401203610832497 0.0571715145436309 0.0802407221664995 0.0110330992978937 0.0536609829488465
"derMaw" 0.0526579739217653 0.033099297893681 0.0300902708124373 0.0250752256770311 0.0260782347041123 0.0275827482447342 0.0290872617853561 0 0.0426278836509529 0.0325977933801404 0.0646940822467402 0.0441323971915747 0.0631895687061184 0.0817452357071214 0.0245737211634905 0.0546639919759278
"emySub" 0.0581745235707121 0.0391173520561685 0.0426278836509529 0.0396188565697091 0.0356068204613842 0.0351053159478435 0.0356068204613842 0.0426278836509529 0 0.041123370110331 0.078234704112337 0.0230692076228686 0.0481444332998997 0.0887662988966901 0.0325977933801404 0.0476429287863591
"gopAga" 0.055667001003009 0.014543630892678 0.0320962888665998 0.0290872617853561 0.0200601805416249 0.0140421263791374 0.0160481444332999 0.0325977933801404 0.041123370110331 0 0.0631895687061184 0.0426278836509529 0.0581745235707121 0.0842527582748245 0.0160481444332999 0.0536609829488465
"malTer" 0.0937813440320963 0.0626880641925777 0.0672016048144433 0.0651955867602808 0.0481444332998997 0.0586760280842528 0.0601805416248746 0.0646940822467402 0.078234704112337 0.0631895687061184 0 0.0817452357071214 0.0942828485456369 0.0917753259779338 0.0521564694082247 0.0907723169508526
"mesTub" 0.0566700100300903 0.0416248746238716 0.0431293881644935 0.0431293881644935 0.0386158475426279 0.0396188565697091 0.0401203610832497 0.0441323971915747 0.0230692076228686 0.0426278836509529 0.0817452357071214 0 0.0516549648946841 0.0902708124373119 0.0361083249749248 0.0466399197592778
"pelCas" 0.0752256770310933 0.0586760280842528 0.0621865596790371 0.0611835506519559 0.0546639919759278 0.0566700100300903 0.0571715145436309 0.0631895687061184 0.0481444332998997 0.0581745235707121 0.0942828485456369 0.0516549648946841 0 0.107321965897693 0.0536609829488465 0.0521564694082247
"pelSin" 0.0922768304914744 0.0842527582748245 0.0847542627883651 0.086258776328987 0.0842527582748245 0.0817452357071214 0.0802407221664995 0.0817452357071214 0.0887662988966901 0.0842527582748245 0.0917753259779338 0.0902708124373119 0.107321965897693 0 0.0802407221664995 0.09679037111334
"plaMeg" 0.0486459378134403 0.0135406218655968 0.0230692076228686 0.0180541624874624 0.00802407221664995 0.00902708124373119 0.0110330992978937 0.0245737211634905 0.0325977933801404 0.0160481444332999 0.0521564694082247 0.0361083249749248 0.0536609829488465 0.0802407221664995 0 0.0491474423269809
"podExp" 0.0667001003009027 0.0581745235707121 0.055667001003009 0.0546639919759278 0.0526579739217653 0.0526579739217653 0.0536609829488465 0.0546639919759278 0.0476429287863591 0.0536609829488465 0.0907723169508526 0.0466399197592778 0.0521564694082247 0.09679037111334 0.0491474423269809 0
