"carIns" "cheAbi" "cheMyd" "cheSer" "chrPic" "cuoAmb" "cuoMcc" "derCor" "derMaw" "emySub" "malTer" "mesTub" "pelCas" "pelSin" "plaMeg" "podExp" "terMex"
"carIns" 0 0.0708762886597938 0.0682989690721649 0.0682989690721649 0.0657216494845361 0.063573883161512 0.0627147766323024 0.0725945017182131 0.0738831615120275 0.0807560137457045 0.0682989690721649 0.0889175257731959 0.0902061855670103 0.0764604810996564 0.0640034364261168 0.0987972508591065 0.0627147766323024
"cheAbi" 0.0708762886597938 0 0.0343642611683849 0.0309278350515464 0.0262027491408935 0.0206185567010309 0.0201890034364261 0.0373711340206186 0.0433848797250859 0.0536941580756014 0.0274914089347079 0.0652920962199313 0.0695876288659794 0.0597079037800687 0.0253436426116838 0.0786082474226804 0.0240549828178694
"cheMyd" 0.0682989690721649 0.0343642611683849 0 0.024914089347079 0.0244845360824742 0.0231958762886598 0.0219072164948454 0.0223367697594502 0.0356529209621993 0.0511168384879725 0.0274914089347079 0.0609965635738832 0.0640034364261168 0.0554123711340206 0.0206185567010309 0.0730240549828179 0.0210481099656357
"cheSer" 0.0682989690721649 0.0309278350515464 0.024914089347079 0 0.022766323024055 0.0197594501718213 0.0193298969072165 0.0270618556701031 0.0335051546391753 0.0489690721649485 0.0257731958762887 0.0597079037800687 0.063573883161512 0.056701030927835 0.0180412371134021 0.070446735395189 0.0189003436426117
"chrPic" 0.0657216494845361 0.0262027491408935 0.0244845360824742 0.022766323024055 0 0.0141752577319588 0.0146048109965636 0.0274914089347079 0.0304982817869416 0.0446735395189003 0.0038659793814433 0.0575601374570447 0.061426116838488 0.0528350515463918 0.0167525773195876 0.0708762886597938 0.00987972508591065
"cuoAmb" 0.063573883161512 0.0206185567010309 0.0231958762886598 0.0197594501718213 0.0141752577319588 0 0.00472508591065292 0.0262027491408935 0.0326460481099656 0.0433848797250859 0.0163230240549828 0.054553264604811 0.0579896907216495 0.0519759450171821 0.0146048109965636 0.0691580756013746 0.0120274914089347
"cuoMcc" 0.0627147766323024 0.0201890034364261 0.0219072164948454 0.0193298969072165 0.0146048109965636 0.00472508591065292 0 0.024914089347079 0.031786941580756 0.0425257731958763 0.0167525773195876 0.0536941580756014 0.0575601374570447 0.0519759450171821 0.0141752577319588 0.0682989690721649 0.0115979381443299
"derCor" 0.0725945017182131 0.0373711340206186 0.0223367697594502 0.0270618556701031 0.0274914089347079 0.0262027491408935 0.024914089347079 0 0.0390893470790378 0.054553264604811 0.0304982817869416 0.063573883161512 0.0670103092783505 0.0605670103092784 0.0236254295532646 0.0756013745704467 0.0240549828178694
"derMaw" 0.0738831615120275 0.0433848797250859 0.0356529209621993 0.0335051546391753 0.0304982817869416 0.0326460481099656 0.031786941580756 0.0390893470790378 0 0.0579896907216495 0.0335051546391753 0.0670103092783505 0.0713058419243986 0.0648625429553265 0.0292096219931271 0.0781786941580756 0.0300687285223368
"emySub" 0.0807560137457045 0.0536941580756014 0.0511168384879725 0.0489690721649485 0.0446735395189003 0.0433848797250859 0.0425257731958763 0.054553264604811 0.0579896907216495 0 0.0468213058419244 0.0326460481099656 0.0554123711340206 0.0691580756013746 0.0446735395189003 0.0644329896907216 0.0446735395189003
"malTer" 0.0682989690721649 0.0274914089347079 0.0274914089347079 0.0257731958762887 0.0038659793814433 0.0163230240549828 0.0167525773195876 0.0304982817869416 0.0335051546391753 0.0468213058419244 0 0.0597079037800687 0.0631443298969072 0.0549828178694158 0.0197594501718213 0.0734536082474227 0.0128865979381443
"mesTub" 0.0889175257731959 0.0652920962199313 0.0609965635738832 0.0597079037800687 0.0575601374570447 0.054553264604811 0.0536941580756014 0.063573883161512 0.0670103092783505 0.0326460481099656 0.0597079037800687 0 0.0627147766323024 0.0803264604810997 0.0558419243986254 0.0764604810996564 0.0554123711340206
"pelCas" 0.0902061855670103 0.0695876288659794 0.0640034364261168 0.063573883161512 0.061426116838488 0.0579896907216495 0.0575601374570447 0.0670103092783505 0.0713058419243986 0.0554123711340206 0.0631443298969072 0.0627147766323024 0 0.0854810996563574 0.0592783505154639 0.0562714776632302 0.0601374570446735
"pelSin" 0.0764604810996564 0.0597079037800687 0.0554123711340206 0.056701030927835 0.0528350515463918 0.0519759450171821 0.0519759450171821 0.0605670103092784 0.0648625429553265 0.0691580756013746 0.0549828178694158 0.0803264604810997 0.0854810996563574 0 0.0506872852233677 0.0906357388316151 0.0506872852233677
"plaMeg" 0.0640034364261168 0.0253436426116838 0.0206185567010309 0.0180412371134021 0.0167525773195876 0.0146048109965636 0.0141752577319588 0.0236254295532646 0.0292096219931271 0.0446735395189003 0.0197594501718213 0.0558419243986254 0.0592783505154639 0.0506872852233677 0 0.0674398625429553 0.0128865979381443
"podExp" 0.0987972508591065 0.0786082474226804 0.0730240549828179 0.070446735395189 0.0708762886597938 0.0691580756013746 0.0682989690721649 0.0756013745704467 0.0781786941580756 0.0644329896907216 0.0734536082474227 0.0764604810996564 0.0562714776632302 0.0906357388316151 0.0674398625429553 0 0.0691580756013746
"terMex" 0.0627147766323024 0.0240549828178694 0.0210481099656357 0.0189003436426117 0.00987972508591065 0.0120274914089347 0.0115979381443299 0.0240549828178694 0.0300687285223368 0.0446735395189003 0.0128865979381443 0.0554123711340206 0.0601374570446735 0.0506872852233677 0.0128865979381443 0.0691580756013746 0
