"cheAbi" "cheMyd" "chrPic" "cuoAmb" "derCor" "derMaw" "emySub" "gopAga" "malTer" "mesTub" "pelCas" "pelSin" "podExp" "terMex"
"cheAbi" 0 0.0220311660397636 0.0370768404083826 0.015583019881784 0.141321869962386 0.031166039763568 0.0585706609349812 0.0112842557764643 0.0182697474476088 0.0580333154218162 0.060720042987641 0.061257388500806 0.0639441160666308 0.016120365394949
"cheMyd" 0.0220311660397636 0 0.0419129500268673 0.0279419666845782 0.132724341751746 0.0343901128425578 0.0601826974744761 0.0257925846319183 0.0247178936055884 0.0585706609349812 0.0628694250403009 0.0628694250403009 0.0639441160666308 0.0220311660397636
"chrPic" 0.0370768404083826 0.0419129500268673 0 0.0403009134873724 0.15905427189683 0.0548092423428264 0.0666308436324557 0.0408382590005373 0.0274046211714132 0.0752283718430951 0.0784524449220849 0.0757657173562601 0.0822138635142397 0.030091348737238
"cuoAmb" 0.015583019881784 0.0279419666845782 0.0403009134873724 0 0.145620634067706 0.0381515314347125 0.0580333154218162 0.0182697474476088 0.0236432025792585 0.0628694250403009 0.0655561526061257 0.0671681891456206 0.0660934981192907 0.0209564750134336
"derCor" 0.141321869962386 0.132724341751746 0.15905427189683 0.145620634067706 0 0.148844707146695 0.174099946265449 0.144545943041376 0.144545943041376 0.169263836646964 0.178398710370768 0.168726491133799 0.174099946265449 0.143471252015046
"derMaw" 0.031166039763568 0.0343901128425578 0.0548092423428264 0.0381515314347125 0.148844707146695 0 0.0655561526061257 0.0354648038688877 0.0360021493820527 0.0591080064481462 0.0644814615797958 0.0703922622246104 0.0682428801719506 0.0322407307898979
"emySub" 0.0585706609349812 0.0601826974744761 0.0666308436324557 0.0580333154218162 0.174099946265449 0.0655561526061257 0 0.0591080064481462 0.0596453519613111 0.0429876410531972 0.0591080064481462 0.077377753895755 0.0634067705534659 0.0564212788823213
"gopAga" 0.0112842557764643 0.0257925846319183 0.0408382590005373 0.0182697474476088 0.144545943041376 0.0354648038688877 0.0591080064481462 0 0.0214938205265986 0.0585706609349812 0.061257388500806 0.0628694250403009 0.0650188070929608 0.0188070929607738
"malTer" 0.0182697474476088 0.0247178936055884 0.0274046211714132 0.0236432025792585 0.144545943041376 0.0360021493820527 0.0596453519613111 0.0214938205265986 0 0.0574959699086513 0.060720042987641 0.0601826974744761 0.0644814615797958 0.00913487372380441
"mesTub" 0.0580333154218162 0.0585706609349812 0.0752283718430951 0.0628694250403009 0.169263836646964 0.0591080064481462 0.0429876410531972 0.0585706609349812 0.0574959699086513 0 0.0591080064481462 0.0757657173562601 0.0655561526061257 0.0553465878559914
"pelCas" 0.060720042987641 0.0628694250403009 0.0784524449220849 0.0655561526061257 0.178398710370768 0.0644814615797958 0.0591080064481462 0.061257388500806 0.060720042987641 0.0591080064481462 0 0.0779150994089199 0.0542718968296615 0.0596453519613111
"pelSin" 0.061257388500806 0.0628694250403009 0.0757657173562601 0.0671681891456206 0.168726491133799 0.0703922622246104 0.077377753895755 0.0628694250403009 0.0601826974744761 0.0757657173562601 0.0779150994089199 0 0.0811391724879097 0.0591080064481462
"podExp" 0.0639441160666308 0.0639441160666308 0.0822138635142397 0.0660934981192907 0.174099946265449 0.0682428801719506 0.0634067705534659 0.0650188070929608 0.0644814615797958 0.0655561526061257 0.0542718968296615 0.0811391724879097 0 0.0628694250403009
"terMex" 0.016120365394949 0.0220311660397636 0.030091348737238 0.0209564750134336 0.143471252015046 0.0322407307898979 0.0564212788823213 0.0188070929607738 0.00913487372380441 0.0553465878559914 0.0596453519613111 0.0591080064481462 0.0628694250403009 0
