"carIns" "cheAbi" "cheMyd" "cheSer" "chrPic" "cuoAmb" "cuoMcc" "derCor" "derMaw" "emySub" "gopAga" "malTer" "mesTub" "pelCas" "pelSin" "plaMeg" "podExp" "terMex"
"carIns" 0 0.0601279317697228 0.202558635394456 0.0520255863539446 0.0533049040511727 0.0554371002132196 0.0771855010660981 0.0831556503198294 0.059275053304904 0.0695095948827292 0.0579957356076759 0.0545842217484009 0.0805970149253731 0.0695095948827292 0.0571428571428571 0.055863539445629 0.0869936034115139 0.0524520255863539
"cheAbi" 0.0601279317697228 0 0.174413646055437 0.0213219616204691 0.0191897654584222 0.0162046908315565 0.0400852878464819 0.0507462686567164 0.0298507462686567 0.0477611940298507 0.0149253731343284 0.0204690831556503 0.0584221748400853 0.0515991471215352 0.0434968017057569 0.0208955223880597 0.0660980810234542 0.0183368869936034
"cheMyd" 0.202558635394456 0.174413646055437 0 0.171855010660981 0.171855010660981 0.173134328358209 0.176119402985075 0.168443496801706 0.17910447761194 0.189765458422175 0.174413646055437 0.17228144989339 0.195309168443497 0.192324093816631 0.18592750533049 0.170575692963753 0.199573560767591 0.170575692963753
"cheSer" 0.0520255863539446 0.0213219616204691 0.171855010660981 0 0.0136460554371002 0.0174840085287846 0.0383795309168444 0.0434968017057569 0.0208955223880597 0.0392324093816631 0.0196162046908316 0.0149253731343284 0.0524520255863539 0.0430703624733475 0.0358208955223881 0.0157782515991471 0.0588486140724947 0.0119402985074627
"chrPic" 0.0533049040511727 0.0191897654584222 0.171855010660981 0.0136460554371002 0 0.0157782515991471 0.0383795309168444 0.0447761194029851 0.0226012793176972 0.0405117270788913 0.0174840085287846 0.00383795309168444 0.0528784648187633 0.0464818763326226 0.037953091684435 0.0123667377398721 0.0618336886993603 0.00383795309168444
"cuoAmb" 0.0554371002132196 0.0162046908315565 0.173134328358209 0.0174840085287846 0.0157782515991471 0 0.0272921108742004 0.046908315565032 0.0264392324093817 0.0439232409381663 0.0162046908315565 0.0170575692963753 0.0541577825159915 0.046908315565032 0.0405117270788913 0.0170575692963753 0.0643923240938166 0.0140724946695096
"cuoMcc" 0.0771855010660981 0.0400852878464819 0.176119402985075 0.0383795309168444 0.0383795309168444 0.0272921108742004 0 0.0533049040511727 0.0473347547974414 0.0660980810234542 0.0392324093816631 0.0396588486140725 0.0750533049040512 0.0699360341151386 0.0609808102345416 0.0396588486140725 0.0861407249466951 0.0366737739872068
"derCor" 0.0831556503198294 0.0507462686567164 0.168443496801706 0.0434968017057569 0.0447761194029851 0.046908315565032 0.0533049040511727 0 0.0498933901918977 0.0673773987206823 0.0486140724946695 0.0456289978678038 0.0784648187633262 0.0720682302771855 0.0652452025586354 0.0460554371002132 0.0886993603411514 0.0430703624733475
"derMaw" 0.059275053304904 0.0298507462686567 0.17910447761194 0.0208955223880597 0.0226012793176972 0.0264392324093817 0.0473347547974414 0.0498933901918977 0 0.0464818763326226 0.0302771855010661 0.0247334754797441 0.0579957356076759 0.0515991471215352 0.0417910447761194 0.0251599147121535 0.0639658848614073 0.0217484008528785
"emySub" 0.0695095948827292 0.0477611940298507 0.189765458422175 0.0392324093816631 0.0405117270788913 0.0439232409381663 0.0660980810234542 0.0673773987206823 0.0464818763326226 0 0.0460554371002132 0.0417910447761194 0.0400852878464819 0.0405117270788913 0.0541577825159915 0.0405117270788913 0.0550106609808102 0.0392324093816631
"gopAga" 0.0579957356076759 0.0149253731343284 0.174413646055437 0.0196162046908316 0.0174840085287846 0.0162046908315565 0.0392324093816631 0.0486140724946695 0.0302771855010661 0.0460554371002132 0 0.0187633262260128 0.055863539445629 0.0511727078891258 0.0417910447761194 0.0196162046908316 0.0669509594882729 0.0166311300639659
"malTer" 0.0545842217484009 0.0204690831556503 0.17228144989339 0.0149253731343284 0.00383795309168444 0.0170575692963753 0.0396588486140725 0.0456289978678038 0.0247334754797441 0.0417910447761194 0.0187633262260128 0 0.0545842217484009 0.0477611940298507 0.0383795309168444 0.0136460554371002 0.0631130063965885 0.00511727078891258
"mesTub" 0.0805970149253731 0.0584221748400853 0.195309168443497 0.0524520255863539 0.0528784648187633 0.0541577825159915 0.0750533049040512 0.0784648187633262 0.0579957356076759 0.0400852878464819 0.055863539445629 0.0545842217484009 0 0.0550106609808102 0.0631130063965885 0.0545842217484009 0.0665245202558635 0.0524520255863539
"pelCas" 0.0695095948827292 0.0515991471215352 0.192324093816631 0.0430703624733475 0.0464818763326226 0.046908315565032 0.0699360341151386 0.0720682302771855 0.0515991471215352 0.0405117270788913 0.0511727078891258 0.0477611940298507 0.0550106609808102 0 0.0609808102345416 0.0477611940298507 0.0507462686567164 0.0447761194029851
"pelSin" 0.0571428571428571 0.0434968017057569 0.18592750533049 0.0358208955223881 0.037953091684435 0.0405117270788913 0.0609808102345416 0.0652452025586354 0.0417910447761194 0.0541577825159915 0.0417910447761194 0.0383795309168444 0.0631130063965885 0.0609808102345416 0 0.0396588486140725 0.0733475479744136 0.0362473347547974
"plaMeg" 0.055863539445629 0.0208955223880597 0.170575692963753 0.0157782515991471 0.0123667377398721 0.0170575692963753 0.0396588486140725 0.0460554371002132 0.0251599147121535 0.0405117270788913 0.0196162046908316 0.0136460554371002 0.0545842217484009 0.0477611940298507 0.0396588486140725 0 0.0626865671641791 0.0106609808102345
"podExp" 0.0869936034115139 0.0660980810234542 0.199573560767591 0.0588486140724947 0.0618336886993603 0.0643923240938166 0.0861407249466951 0.0886993603411514 0.0639658848614073 0.0550106609808102 0.0669509594882729 0.0631130063965885 0.0665245202558635 0.0507462686567164 0.0733475479744136 0.0626865671641791 0 0.0601279317697228
"terMex" 0.0524520255863539 0.0183368869936034 0.170575692963753 0.0119402985074627 0.00383795309168444 0.0140724946695096 0.0366737739872068 0.0430703624733475 0.0217484008528785 0.0392324093816631 0.0166311300639659 0.00511727078891258 0.0524520255863539 0.0447761194029851 0.0362473347547974 0.0106609808102345 0.0601279317697228 0
