"cheAbi" "cheMyd" "chrPic" "cuoAmb" "cuoMcc" "derCor" "derMaw" "emySub" "gopAga" "malTer" "mesTub" "pelCas" "pelSin" "plaMeg" "podExp"
"cheAbi" 0 0.0603813559322034 0.0291313559322034 0.0280720338983051 0.0272775423728814 0.0378707627118644 0.0429025423728814 0.0550847457627119 0.022510593220339 0.0288665254237288 0.0569385593220339 0.0738877118644068 0.076271186440678 0.0352224576271186 0.0786546610169492
"cheMyd" 0.0603813559322034 0 0.0505826271186441 0.0527012711864407 0.0529661016949153 0.0421080508474576 0.0550847457627119 0.0696504237288136 0.0545550847457627 0.0508474576271186 0.0709745762711864 0.0879237288135593 0.0865995762711864 0.0627648305084746 0.0916313559322034
"chrPic" 0.0291313559322034 0.0505826271186441 0 0.0214512711864407 0.0211864406779661 0.0288665254237288 0.0336334745762712 0.0458156779661017 0.0235699152542373 0.00291313559322034 0.0471398305084746 0.0638241525423729 0.0670021186440678 0.0301906779661017 0.0696504237288136
"cuoAmb" 0.0280720338983051 0.0527012711864407 0.0214512711864407 0 0.00529661016949153 0.0315148305084746 0.0325741525423729 0.0471398305084746 0.0198622881355932 0.020656779661017 0.0492584745762712 0.0672669491525424 0.0664724576271186 0.0328389830508475 0.0728283898305085
"cuoMcc" 0.0272775423728814 0.0529661016949153 0.0211864406779661 0.00529661016949153 0 0.03125 0.0333686440677966 0.0463453389830508 0.0201271186440678 0.0203919491525424 0.0495233050847458 0.0667372881355932 0.0670021186440678 0.0323093220338983 0.071239406779661
"derCor" 0.0378707627118644 0.0421080508474576 0.0288665254237288 0.0315148305084746 0.03125 0 0.0341631355932203 0.0455508474576271 0.0328389830508475 0.0291313559322034 0.0452860169491525 0.0667372881355932 0.0654131355932203 0.0386652542372881 0.0717690677966102
"derMaw" 0.0429025423728814 0.0550847457627119 0.0336334745762712 0.0325741525423729 0.0333686440677966 0.0341631355932203 0 0.0511122881355932 0.0368114406779661 0.033103813559322 0.0542902542372881 0.0701800847457627 0.071239406779661 0.0439618644067797 0.0717690677966102
"emySub" 0.0550847457627119 0.0696504237288136 0.0458156779661017 0.0471398305084746 0.0463453389830508 0.0455508474576271 0.0511122881355932 0 0.048728813559322 0.0463453389830508 0.0246292372881356 0.0545550847457627 0.0768008474576271 0.0558792372881356 0.060646186440678
"gopAga" 0.022510593220339 0.0545550847457627 0.0235699152542373 0.0198622881355932 0.0201271186440678 0.0328389830508475 0.0368114406779661 0.048728813559322 0 0.0233050847457627 0.0503177966101695 0.067531779661017 0.069385593220339 0.0349576271186441 0.073093220338983
"malTer" 0.0288665254237288 0.0508474576271186 0.00291313559322034 0.020656779661017 0.0203919491525424 0.0291313559322034 0.033103813559322 0.0463453389830508 0.0233050847457627 0 0.0471398305084746 0.0632944915254237 0.0667372881355932 0.0299258474576271 0.069385593220339
"mesTub" 0.0569385593220339 0.0709745762711864 0.0471398305084746 0.0492584745762712 0.0495233050847458 0.0452860169491525 0.0542902542372881 0.0246292372881356 0.0503177966101695 0.0471398305084746 0 0.0558792372881356 0.076271186440678 0.0577330508474576 0.0646186440677966
"pelCas" 0.0738877118644068 0.0879237288135593 0.0638241525423729 0.0672669491525424 0.0667372881355932 0.0667372881355932 0.0701800847457627 0.0545550847457627 0.067531779661017 0.0632944915254237 0.0558792372881356 0 0.0876588983050847 0.0768008474576271 0.0550847457627119
"pelSin" 0.076271186440678 0.0865995762711864 0.0670021186440678 0.0664724576271186 0.0670021186440678 0.0654131355932203 0.071239406779661 0.0768008474576271 0.069385593220339 0.0667372881355932 0.076271186440678 0.0876588983050847 0 0.0786546610169492 0.0958686440677966
"plaMeg" 0.0352224576271186 0.0627648305084746 0.0301906779661017 0.0328389830508475 0.0323093220338983 0.0386652542372881 0.0439618644067797 0.0558792372881356 0.0349576271186441 0.0299258474576271 0.0577330508474576 0.0768008474576271 0.0786546610169492 0 0.0823622881355932
"podExp" 0.0786546610169492 0.0916313559322034 0.0696504237288136 0.0728283898305085 0.071239406779661 0.0717690677966102 0.0717690677966102 0.060646186440678 0.073093220338983 0.069385593220339 0.0646186440677966 0.0550847457627119 0.0958686440677966 0.0823622881355932 0
