"carIns" "cheAbi" "cheMyd" "cheSer" "chrPic" "cuoAmb" "cuoMcc" "derCor" "derMaw" "emySub" "gopAga" "malTer" "mesTub" "pelCas" "pelSin" "plaMeg" "podExp"
"carIns" 0 0.0662181303116147 0.0548866855524079 0.0531161473087819 0.0538243626062323 0.0587818696883853 0.056657223796034 0.05842776203966 0.0651558073654391 0.0648016997167139 0.0644475920679887 0.0555949008498584 0.0715297450424929 0.0867563739376771 0.0729461756373938 0.0573654390934844 0.0888810198300283
"cheAbi" 0.0662181303116147 0 0.0286827195467422 0.0279745042492918 0.0237252124645892 0.0194759206798867 0.0169971671388102 0.0325779036827195 0.0417847025495751 0.0460339943342776 0.0219546742209632 0.0247875354107649 0.051699716713881 0.0665722379603399 0.0637393767705382 0.0226628895184136 0.0718838526912181
"cheMyd" 0.0548866855524079 0.0286827195467422 0 0.0152266288951841 0.0173512747875354 0.0201841359773371 0.0177053824362606 0.0109773371104816 0.028328611898017 0.0343484419263456 0.0247875354107649 0.0177053824362606 0.0403682719546742 0.0587818696883853 0.0541784702549575 0.0173512747875354 0.0619688385269122
"cheSer" 0.0531161473087819 0.0279745042492918 0.0152266288951841 0 0.0162889518413598 0.0191218130311615 0.016643059490085 0.0191218130311615 0.0262039660056657 0.0339943342776204 0.0244334277620397 0.0173512747875354 0.0407223796033994 0.0577195467422096 0.0524079320113314 0.0159348441926346 0.0601983002832861
"chrPic" 0.0538243626062323 0.0237252124645892 0.0173512747875354 0.0162889518413598 0 0.0141643059490085 0.011685552407932 0.0208923512747875 0.0297450424929178 0.0343484419263456 0.0201841359773371 0.00389518413597734 0.040014164305949 0.0598441926345609 0.0545325779036827 0.0113314447592068 0.0619688385269122
"cuoAmb" 0.0587818696883853 0.0194759206798867 0.0201841359773371 0.0191218130311615 0.0141643059490085 0 0.00318696883852691 0.0230169971671388 0.0329320113314448 0.0371813031161473 0.0152266288951841 0.0152266288951841 0.0442634560906516 0.063385269121813 0.05842776203966 0.0134560906515581 0.0655099150141643
"cuoMcc" 0.056657223796034 0.0169971671388102 0.0177053824362606 0.016643059490085 0.011685552407932 0.00318696883852691 0 0.0212464589235127 0.0304532577903683 0.0347025495750708 0.0127478753541076 0.0127478753541076 0.0417847025495751 0.0609065155807365 0.0559490084985836 0.0109773371104816 0.063385269121813
"derCor" 0.05842776203966 0.0325779036827195 0.0109773371104816 0.0191218130311615 0.0208923512747875 0.0230169971671388 0.0212464589235127 0 0.0325779036827195 0.0378895184135977 0.0290368271954674 0.0212464589235127 0.0439093484419263 0.0619688385269122 0.0570113314447592 0.0208923512747875 0.0658640226628895
"derMaw" 0.0651558073654391 0.0417847025495751 0.028328611898017 0.0262039660056657 0.0297450424929178 0.0329320113314448 0.0304532577903683 0.0325779036827195 0 0.0463881019830028 0.0361189801699717 0.0308073654390935 0.051699716713881 0.0701133144475921 0.0644475920679887 0.0311614730878187 0.0736543909348442
"emySub" 0.0648016997167139 0.0460339943342776 0.0343484419263456 0.0339943342776204 0.0343484419263456 0.0371813031161473 0.0347025495750708 0.0378895184135977 0.0463881019830028 0 0.0424929178470255 0.0354107648725212 0.0230169971671388 0.049929178470255 0.0623229461756374 0.0357648725212465 0.051699716713881
"gopAga" 0.0644475920679887 0.0219546742209632 0.0247875354107649 0.0244334277620397 0.0201841359773371 0.0152266288951841 0.0127478753541076 0.0290368271954674 0.0361189801699717 0.0424929178470255 0 0.0212464589235127 0.0481586402266289 0.0669263456090652 0.0630311614730878 0.018413597733711 0.0690509915014164
"malTer" 0.0555949008498584 0.0247875354107649 0.0177053824362606 0.0173512747875354 0.00389518413597734 0.0152266288951841 0.0127478753541076 0.0212464589235127 0.0308073654390935 0.0354107648725212 0.0212464589235127 0 0.0410764872521246 0.0598441926345609 0.0555949008498584 0.0123937677053824 0.0630311614730878
"mesTub" 0.0715297450424929 0.051699716713881 0.0403682719546742 0.0407223796033994 0.040014164305949 0.0442634560906516 0.0417847025495751 0.0439093484419263 0.051699716713881 0.0230169971671388 0.0481586402266289 0.0410764872521246 0 0.05842776203966 0.068342776203966 0.0428470254957507 0.0577195467422096
"pelCas" 0.0867563739376771 0.0665722379603399 0.0587818696883853 0.0577195467422096 0.0598441926345609 0.063385269121813 0.0609065155807365 0.0619688385269122 0.0701133144475921 0.049929178470255 0.0669263456090652 0.0598441926345609 0.05842776203966 0 0.0764872521246459 0.0612606232294618 0.0513456090651558
"pelSin" 0.0729461756373938 0.0637393767705382 0.0541784702549575 0.0524079320113314 0.0545325779036827 0.05842776203966 0.0559490084985836 0.0570113314447592 0.0644475920679887 0.0623229461756374 0.0630311614730878 0.0555949008498584 0.068342776203966 0.0764872521246459 0 0.0555949008498584 0.084985835694051
"plaMeg" 0.0573654390934844 0.0226628895184136 0.0173512747875354 0.0159348441926346 0.0113314447592068 0.0134560906515581 0.0109773371104816 0.0208923512747875 0.0311614730878187 0.0357648725212465 0.018413597733711 0.0123937677053824 0.0428470254957507 0.0612606232294618 0.0555949008498584 0 0.0640934844192634
"podExp" 0.0888810198300283 0.0718838526912181 0.0619688385269122 0.0601983002832861 0.0619688385269122 0.0655099150141643 0.063385269121813 0.0658640226628895 0.0736543909348442 0.051699716713881 0.0690509915014164 0.0630311614730878 0.0577195467422096 0.0513456090651558 0.084985835694051 0.0640934844192634 0
