"carIns" "cheAbi" "cheSer" "chrPic" "cuoAmb" "cuoMcc" "derMaw" "emySub" "gopAga" "malTer" "mesTub" "pelCas" "pelSin" "plaMeg" "podExp" "terMex"
"carIns" 0 0.0951374207188161 0.104651162790698 0.0859760394644116 0.0856236786469345 0.0859760394644116 0.0944326990838619 0.091261451726568 0.0972515856236787 0.211768851303735 0.0954897815362932 0.105355884425652 0.0968992248062016 0.0835095137420719 0.115221987315011 0.119450317124736
"cheAbi" 0.0951374207188161 0 0.0725863284002819 0.0352360817477097 0.0285412262156448 0.0313601127554616 0.0662438336856942 0.0701198026779422 0.0303030303030303 0.181465821000705 0.0722339675828048 0.0891472868217054 0.0933756166314306 0.036645525017618 0.0972515856236787 0.0761099365750529
"cheSer" 0.104651162790698 0.0725863284002819 0 0.0567300916138125 0.0641296687808316 0.0651867512332629 0.0651867512332629 0.0775193798449612 0.0743481324876674 0.200140944326991 0.0799859055673009 0.0940803382663848 0.0990133897110641 0.0528541226215645 0.107470049330514 0.0842142353770261
"chrPic" 0.0859760394644116 0.0352360817477097 0.0567300916138125 0 0.0271317829457364 0.0274841437632135 0.05461592670895 0.0602536997885835 0.0369978858350951 0.156800563777308 0.0623678646934461 0.0813953488372093 0.0824524312896406 0.0211416490486258 0.0902043692741367 0.05461592670895
"cuoAmb" 0.0856236786469345 0.0285412262156448 0.0641296687808316 0.0271317829457364 0 0.00845665961945032 0.0581395348837209 0.0637773079633545 0.0278365045806906 0.172656800563777 0.0676532769556025 0.0852713178294574 0.0866807610993657 0.0264270613107822 0.0909090909090909 0.0697674418604651
"cuoMcc" 0.0859760394644116 0.0313601127554616 0.0651867512332629 0.0274841437632135 0.00845665961945032 0 0.0595489781536293 0.0637773079633545 0.0313601127554616 0.173009161381254 0.0683579985905567 0.0863284002818887 0.0884425651867512 0.0278365045806906 0.0926708949964764 0.0711768851303735
"derMaw" 0.0944326990838619 0.0662438336856942 0.0651867512332629 0.05461592670895 0.0581395348837209 0.0595489781536293 0 0.07646229739253 0.0673009161381254 0.194503171247357 0.0789288231148696 0.0930232558139535 0.0923185341789993 0.0496828752642706 0.101127554615927 0.0926708949964764
"emySub" 0.091261451726568 0.0701198026779422 0.0775193798449612 0.0602536997885835 0.0637773079633545 0.0637773079633545 0.07646229739253 0 0.0722339675828048 0.198731501057082 0.0338266384778013 0.0704721634954193 0.0859760394644116 0.0616631430584919 0.076814658210007 0.0997181113460183
"gopAga" 0.0972515856236787 0.0303030303030303 0.0743481324876674 0.0369978858350951 0.0278365045806906 0.0313601127554616 0.0673009161381254 0.0722339675828048 0 0.180408738548273 0.076814658210007 0.0905567300916138 0.0940803382663848 0.0359408033826638 0.094785059901339 0.0778717406624383
"malTer" 0.211768851303735 0.181465821000705 0.200140944326991 0.156800563777308 0.172656800563777 0.173009161381254 0.194503171247357 0.198731501057082 0.180408738548273 0 0.199436222692037 0.207892882311487 0.21599718111346 0.167019027484144 0.216701902748414 0.202255109231853
"mesTub" 0.0954897815362932 0.0722339675828048 0.0799859055673009 0.0623678646934461 0.0676532769556025 0.0683579985905567 0.0789288231148696 0.0338266384778013 0.076814658210007 0.199436222692037 0 0.0761099365750529 0.0894996476391825 0.0634249471458774 0.0835095137420719 0.101127554615927
"pelCas" 0.105355884425652 0.0891472868217054 0.0940803382663848 0.0813953488372093 0.0852713178294574 0.0863284002818887 0.0930232558139535 0.0704721634954193 0.0905567300916138 0.207892882311487 0.0761099365750529 0 0.110288935870331 0.0789288231148696 0.0658914728682171 0.12015503875969
"pelSin" 0.0968992248062016 0.0933756166314306 0.0990133897110641 0.0824524312896406 0.0866807610993657 0.0884425651867512 0.0923185341789993 0.0859760394644116 0.0940803382663848 0.21599718111346 0.0894996476391825 0.110288935870331 0 0.0799859055673009 0.117336152219873 0.121564482029598
"plaMeg" 0.0835095137420719 0.036645525017618 0.0528541226215645 0.0211416490486258 0.0264270613107822 0.0278365045806906 0.0496828752642706 0.0616631430584919 0.0359408033826638 0.167019027484144 0.0634249471458774 0.0789288231148696 0.0799859055673009 0 0.0884425651867512 0.0627202255109232
"podExp" 0.115221987315011 0.0972515856236787 0.107470049330514 0.0902043692741367 0.0909090909090909 0.0926708949964764 0.101127554615927 0.076814658210007 0.094785059901339 0.216701902748414 0.0835095137420719 0.0658914728682171 0.117336152219873 0.0884425651867512 0 0.127202255109232
"terMex" 0.119450317124736 0.0761099365750529 0.0842142353770261 0.05461592670895 0.0697674418604651 0.0711768851303735 0.0926708949964764 0.0997181113460183 0.0778717406624383 0.202255109231853 0.101127554615927 0.12015503875969 0.121564482029598 0.0627202255109232 0.127202255109232 0
