"carIns" "cheAbi" "cheMyd" "cheSer" "cuoAmb" "cuoMcc" "derCor" "derMaw" "emySub" "gopAga" "mesTub" "pelCas" "pelSin" "plaMeg" "podExp" "terMex"
"carIns" 0 0.0816186556927298 0.0709876543209877 0.0699588477366255 0.0720164609053498 0.0716735253772291 0.204046639231824 0.0761316872427984 0.0840192043895748 0.0847050754458162 0.093278463648834 0.0871056241426612 0.0847050754458162 0.068244170096022 0.111796982167353 0.0661865569272977
"cheAbi" 0.0816186556927298 0 0.0425240054869684 0.0432098765432099 0.0281207133058985 0.0274348422496571 0.184156378600823 0.0493827160493827 0.0668724279835391 0.0260631001371742 0.0771604938271605 0.0747599451303155 0.0771604938271605 0.0291495198902606 0.0960219478737997 0.0281207133058985
"cheMyd" 0.0709876543209877 0.0425240054869684 0 0.0284636488340192 0.0339506172839506 0.0318930041152263 0.161522633744856 0.0356652949245542 0.0558984910836763 0.0445816186556927 0.0675582990397805 0.0620713305898491 0.0699588477366255 0.0253772290809328 0.0864197530864197 0.0236625514403292
"cheSer" 0.0699588477366255 0.0432098765432099 0.0284636488340192 0 0.0332647462277092 0.0332647462277092 0.170781893004115 0.037037037037037 0.0569272976680384 0.0462962962962963 0.0685871056241427 0.0613854595336077 0.070644718792867 0.0267489711934156 0.0864197530864197 0.0246913580246914
"cuoAmb" 0.0720164609053498 0.0281207133058985 0.0339506172839506 0.0332647462277092 0 0.00445816186556927 0.176611796982167 0.0408093278463649 0.0576131687242798 0.0315500685871056 0.0675582990397805 0.0655006858710562 0.0716735253772291 0.0188614540466392 0.0874485596707819 0.0178326474622771
"cuoMcc" 0.0716735253772291 0.0274348422496571 0.0318930041152263 0.0332647462277092 0.00445816186556927 0 0.175582990397805 0.039437585733882 0.0569272976680384 0.0305212620027435 0.068244170096022 0.0637860082304527 0.070644718792867 0.0181755829903978 0.0867626886145405 0.016803840877915
"derCor" 0.204046639231824 0.184156378600823 0.161522633744856 0.170781893004115 0.176611796982167 0.175582990397805 0 0.178669410150892 0.189300411522634 0.185528120713306 0.201646090534979 0.19718792866941 0.201646090534979 0.16838134430727 0.215363511659808 0.167695473251029
"derMaw" 0.0761316872427984 0.0493827160493827 0.0356652949245542 0.037037037037037 0.0408093278463649 0.039437585733882 0.178669410150892 0 0.0631001371742112 0.0510973936899863 0.0740740740740741 0.070644718792867 0.0785322359396433 0.0329218106995885 0.0915637860082305 0.0312071330589849
"emySub" 0.0840192043895748 0.0668724279835391 0.0558984910836763 0.0569272976680384 0.0576131687242798 0.0569272976680384 0.189300411522634 0.0631001371742112 0 0.0703017832647462 0.0373799725651578 0.0459533607681756 0.0816186556927298 0.051440329218107 0.0692729766803841 0.0504115226337449
"gopAga" 0.0847050754458162 0.0260631001371742 0.0445816186556927 0.0462962962962963 0.0315500685871056 0.0305212620027435 0.185528120713306 0.0510973936899863 0.0703017832647462 0 0.0812757201646091 0.0775034293552812 0.0778463648834019 0.0325788751714678 0.0987654320987654 0.0301783264746228
"mesTub" 0.093278463648834 0.0771604938271605 0.0675582990397805 0.0685871056241427 0.0675582990397805 0.068244170096022 0.201646090534979 0.0740740740740741 0.0373799725651578 0.0812757201646091 0 0.0593278463648834 0.090877914951989 0.0644718792866941 0.0792181069958848 0.0631001371742112
"pelCas" 0.0871056241426612 0.0747599451303155 0.0620713305898491 0.0613854595336077 0.0655006858710562 0.0637860082304527 0.19718792866941 0.070644718792867 0.0459533607681756 0.0775034293552812 0.0593278463648834 0 0.0881344307270233 0.0600137174211248 0.0617283950617284 0.0582990397805213
"pelSin" 0.0847050754458162 0.0771604938271605 0.0699588477366255 0.070644718792867 0.0716735253772291 0.070644718792867 0.201646090534979 0.0785322359396433 0.0816186556927298 0.0778463648834019 0.090877914951989 0.0881344307270233 0 0.068244170096022 0.11076817558299 0.0655006858710562
"plaMeg" 0.068244170096022 0.0291495198902606 0.0253772290809328 0.0267489711934156 0.0188614540466392 0.0181755829903978 0.16838134430727 0.0329218106995885 0.051440329218107 0.0325788751714678 0.0644718792866941 0.0600137174211248 0.068244170096022 0 0.0829903978052126 0.00823045267489712
"podExp" 0.111796982167353 0.0960219478737997 0.0864197530864197 0.0864197530864197 0.0874485596707819 0.0867626886145405 0.215363511659808 0.0915637860082305 0.0692729766803841 0.0987654320987654 0.0792181069958848 0.0617283950617284 0.11076817558299 0.0829903978052126 0 0.0829903978052126
"terMex" 0.0661865569272977 0.0281207133058985 0.0236625514403292 0.0246913580246914 0.0178326474622771 0.016803840877915 0.167695473251029 0.0312071330589849 0.0504115226337449 0.0301783264746228 0.0631001371742112 0.0582990397805213 0.0655006858710562 0.00823045267489712 0.0829903978052126 0
