"cheAbi" "cheMyd" "cheSer" "chrPic" "cuoAmb" "cuoMcc" "derMaw" "emySub" "gopAga" "malTer" "pelCas" "pelSin" "plaMeg" "podExp" "terMex"
"cheAbi" 0 0.0361881785283474 0.0402090872537193 0.200241254523522 0.0261359067149176 0.0470446320868516 0.0506634499396864 0.0671491757137113 0.0245275432247688 0.0357860876558102 0.0880579010856454 0.0844390832328106 0.0317651789304383 0.168878166465621 0.0349819059107358
"cheMyd" 0.0361881785283474 0 0.024929634097306 0.182147165259349 0.0277442702050663 0.0490550864495376 0.0321672698029755 0.0538801769199839 0.0321672698029755 0.0205066344993969 0.0755930840369924 0.0687575392038601 0.0197024527543225 0.158825894652191 0.0213108162444713
"cheSer" 0.0402090872537193 0.024929634097306 0 0.189786891837555 0.0305589063128267 0.0510655408122236 0.0341777241656614 0.0591073582629674 0.0361881785283474 0.0261359067149176 0.0751909931644552 0.0731805388017692 0.0253317249698432 0.164857257740249 0.0261359067149176
"chrPic" 0.200241254523522 0.182147165259349 0.189786891837555 0 0.188580619219944 0.211097708082027 0.193807800562927 0.212303980699638 0.191395255327704 0.176115802171291 0.223964616003217 0.218737434660233 0.18335343787696 0.310414153598713 0.179332529151588
"cuoAmb" 0.0261359067149176 0.0277442702050663 0.0305589063128267 0.188580619219944 0 0.0313630880579011 0.0414153598713309 0.0631282669883394 0.0205066344993969 0.02291917973462 0.0800160836349015 0.0759951749095295 0.0209087253719341 0.166867712102935 0.0245275432247688
"cuoMcc" 0.0470446320868516 0.0490550864495376 0.0510655408122236 0.211097708082027 0.0313630880579011 0 0.0611178126256534 0.0828307197426618 0.0414153598713309 0.04583835946924 0.099718536389224 0.0965018094089264 0.0422195416164053 0.183755528749497 0.04583835946924
"derMaw" 0.0506634499396864 0.0321672698029755 0.0341777241656614 0.193807800562927 0.0414153598713309 0.0611178126256534 0 0.0675512665862485 0.0454362685967029 0.033373542420587 0.0824286288701246 0.0788098110172899 0.0341777241656614 0.172094893445919 0.035383996783273
"emySub" 0.0671491757137113 0.0538801769199839 0.0591073582629674 0.212303980699638 0.0631282669883394 0.0828307197426618 0.0675512665862485 0 0.0643345396059509 0.0562927221552071 0.0683554483313229 0.0888620828307197 0.0554885404101327 0.15761962203458 0.0570969039002815
"gopAga" 0.0245275432247688 0.0321672698029755 0.0361881785283474 0.191395255327704 0.0205066344993969 0.0414153598713309 0.0454362685967029 0.0643345396059509 0 0.0301568154402895 0.085243264977885 0.0808202653799759 0.026940088459992 0.166465621230398 0.0309609971853639
"malTer" 0.0357860876558102 0.0205066344993969 0.0261359067149176 0.176115802171291 0.02291917973462 0.04583835946924 0.033373542420587 0.0562927221552071 0.0301568154402895 0 0.074788902291918 0.0711700844390832 0.0160836349014877 0.163248894250101 0.0116606353035786
"pelCas" 0.0880579010856454 0.0755930840369924 0.0751909931644552 0.223964616003217 0.0800160836349015 0.099718536389224 0.0824286288701246 0.0683554483313229 0.085243264977885 0.074788902291918 0 0.107760353839968 0.0763972657820668 0.156413349416968 0.074788902291918
"pelSin" 0.0844390832328106 0.0687575392038601 0.0731805388017692 0.218737434660233 0.0759951749095295 0.0965018094089264 0.0788098110172899 0.0888620828307197 0.0808202653799759 0.0711700844390832 0.107760353839968 0 0.0691596300763973 0.180136710896663 0.0711700844390832
"plaMeg" 0.0317651789304383 0.0197024527543225 0.0253317249698432 0.18335343787696 0.0209087253719341 0.0422195416164053 0.0341777241656614 0.0554885404101327 0.026940088459992 0.0160836349014877 0.0763972657820668 0.0691596300763973 0 0.165259348612786 0.0168878166465621
"podExp" 0.168878166465621 0.158825894652191 0.164857257740249 0.310414153598713 0.166867712102935 0.183755528749497 0.172094893445919 0.15761962203458 0.166465621230398 0.163248894250101 0.156413349416968 0.180136710896663 0.165259348612786 0 0.164455166867712
"terMex" 0.0349819059107358 0.0213108162444713 0.0261359067149176 0.179332529151588 0.0245275432247688 0.04583835946924 0.035383996783273 0.0570969039002815 0.0309609971853639 0.0116606353035786 0.074788902291918 0.0711700844390832 0.0168878166465621 0.164455166867712 0
