"carIns" "cheAbi" "cheMyd" "cheSer" "chrPic" "cuoAmb" "cuoMcc" "derCor" "derMaw" "emySub" "malTer" "mesTub" "pelCas" "pelSin" "podExp" "terMex"
"carIns" 0 0.0612048192771084 0.0592771084337349 0.140722891566265 0.0616867469879518 0.0602409638554217 0.0597590361445783 0.0578313253012048 0.0607228915662651 0.106024096385542 0.0934939759036145 0.087710843373494 0.0959036144578313 0.076144578313253 0.11566265060241 0.0612048192771084
"cheAbi" 0.0612048192771084 0 0.0269879518072289 0.113253012048193 0.015421686746988 0.0120481927710843 0.0106024096385542 0.0255421686746988 0.0303614457831325 0.0804819277108434 0.0496385542168675 0.0592771084337349 0.0780722891566265 0.0631325301204819 0.0997590361445783 0.0159036144578313
"cheMyd" 0.0592771084337349 0.0269879518072289 0 0.110361445783133 0.0226506024096386 0.0250602409638554 0.0236144578313253 0.0130120481927711 0.0274698795180723 0.08 0.0573493975903614 0.0607228915662651 0.076144578313253 0.0607228915662651 0.0987951807228916 0.0231325301204819
"cheSer" 0.140722891566265 0.113253012048193 0.110361445783133 0 0.107469879518072 0.111807228915663 0.111325301204819 0.111325301204819 0.110361445783133 0.160963855421687 0.144096385542169 0.140240963855422 0.159036144578313 0.138313253012048 0.177831325301205 0.107951807228916
"chrPic" 0.0616867469879518 0.015421686746988 0.0226506024096386 0.107469879518072 0 0.015421686746988 0.0139759036144578 0.0221686746987952 0.0269879518072289 0.0766265060240964 0.0380722891566265 0.0568674698795181 0.0756626506024096 0.0602409638554217 0.0983132530120482 0.0072289156626506
"cuoAmb" 0.0602409638554217 0.0120481927710843 0.0250602409638554 0.111807228915663 0.015421686746988 0 0.00433734939759036 0.0236144578313253 0.0303614457831325 0.0785542168674699 0.0501204819277108 0.0592771084337349 0.0766265060240964 0.0592771084337349 0.0978313253012048 0.0159036144578313
"cuoMcc" 0.0597590361445783 0.0106024096385542 0.0236144578313253 0.111325301204819 0.0139759036144578 0.00433734939759036 0 0.0231325301204819 0.0289156626506024 0.0780722891566265 0.0481927710843374 0.0578313253012048 0.076144578313253 0.0592771084337349 0.095421686746988 0.0144578313253012
"derCor" 0.0578313253012048 0.0255421686746988 0.0130120481927711 0.111325301204819 0.0221686746987952 0.0236144578313253 0.0231325301204819 0 0.0289156626506024 0.0790361445783132 0.0563855421686747 0.0592771084337349 0.08 0.0587951807228916 0.0992771084337349 0.0226506024096386
"derMaw" 0.0607228915662651 0.0303614457831325 0.0274698795180723 0.110361445783133 0.0269879518072289 0.0303614457831325 0.0289156626506024 0.0289156626506024 0 0.083855421686747 0.0587951807228916 0.0631325301204819 0.0814457831325301 0.0587951807228916 0.102650602409639 0.0265060240963855
"emySub" 0.106024096385542 0.0804819277108434 0.08 0.160963855421687 0.0766265060240964 0.0785542168674699 0.0780722891566265 0.0790361445783132 0.083855421686747 0 0.112289156626506 0.0626506024096386 0.0959036144578313 0.0978313253012048 0.117590361445783 0.0785542168674699
"malTer" 0.0934939759036145 0.0496385542168675 0.0573493975903614 0.144096385542169 0.0380722891566265 0.0501204819277108 0.0481927710843374 0.0563855421686747 0.0587951807228916 0.112289156626506 0 0.0920481927710843 0.109397590361446 0.0939759036144578 0.111807228915663 0.0419277108433735
"mesTub" 0.087710843373494 0.0592771084337349 0.0607228915662651 0.140240963855422 0.0568674698795181 0.0592771084337349 0.0578313253012048 0.0592771084337349 0.0631325301204819 0.0626506024096386 0.0920481927710843 0 0.0833734939759036 0.0824096385542169 0.102168674698795 0.0573493975903614
"pelCas" 0.0959036144578313 0.0780722891566265 0.076144578313253 0.159036144578313 0.0756626506024096 0.0766265060240964 0.076144578313253 0.08 0.0814457831325301 0.0959036144578313 0.109397590361446 0.0833734939759036 0 0.0968674698795181 0.08 0.0771084337349398
"pelSin" 0.076144578313253 0.0631325301204819 0.0607228915662651 0.138313253012048 0.0602409638554217 0.0592771084337349 0.0592771084337349 0.0587951807228916 0.0587951807228916 0.0978313253012048 0.0939759036144578 0.0824096385542169 0.0968674698795181 0 0.11566265060241 0.0607228915662651
"podExp" 0.11566265060241 0.0997590361445783 0.0987951807228916 0.177831325301205 0.0983132530120482 0.0978313253012048 0.095421686746988 0.0992771084337349 0.102650602409639 0.117590361445783 0.111807228915663 0.102168674698795 0.08 0.11566265060241 0 0.0992771084337349
"terMex" 0.0612048192771084 0.0159036144578313 0.0231325301204819 0.107951807228916 0.0072289156626506 0.0159036144578313 0.0144578313253012 0.0226506024096386 0.0265060240963855 0.0785542168674699 0.0419277108433735 0.0573493975903614 0.0771084337349398 0.0607228915662651 0.0992771084337349 0
