"carIns" "cheAbi" "cheMyd" "cheSer" "chrPic" "cuoAmb" "cuoMcc" "derCor" "derMaw" "emySub" "gopAga" "malTer" "mesTub" "pelCas" "pelSin" "plaMeg" "podExp" "terMex"
"carIns" 0 0.0547496490407113 0.0561534861956013 0.0547496490407113 0.0519419747309312 0.0524099204492279 0.0524099204492279 0.0547496490407113 0.0613008890968648 0.0613008890968648 0.0538137576041179 0.0519419747309312 0.0631726719700515 0.0744033692091717 0.0753392606457651 0.0510060832943379 0.0786148806738418 0.0528778661675246
"cheAbi" 0.0547496490407113 0 0.0238652316331306 0.0219934487599438 0.0163781001403837 0.0112306972391203 0.0121665886757136 0.0229293401965372 0.0299485259709874 0.0379036031820309 0.0107627515208236 0.0163781001403837 0.0388394946186242 0.0538137576041179 0.0613008890968648 0.014506317267197 0.0627047262517548 0.0163781001403837
"cheMyd" 0.0561534861956013 0.0238652316331306 0 0.0177819372952737 0.0182498830135704 0.0191857744501638 0.0210575573233505 0.0149742629854937 0.0266729059429106 0.0355638745905475 0.0233972859148339 0.0191857744501638 0.0379036031820309 0.0542817033224146 0.0603649976602714 0.0173139915769771 0.0617688348151614 0.0182498830135704
"cheSer" 0.0547496490407113 0.0219934487599438 0.0177819372952737 0 0.0163781001403837 0.0177819372952737 0.0196537201684605 0.0187178287318671 0.0233972859148339 0.0336920917173608 0.0224613944782405 0.0163781001403837 0.0355638745905475 0.0524099204492279 0.056621431913898 0.0154422087037904 0.0608329433785681 0.0163781001403837
"chrPic" 0.0519419747309312 0.0163781001403837 0.0182498830135704 0.0163781001403837 0 0.0126345343940103 0.0135704258306037 0.0187178287318671 0.0243331773514272 0.0318203088441741 0.0177819372952737 0.00280767430978007 0.0346279831539541 0.0524099204492279 0.0575573233504913 0.00935891436593355 0.0575573233504913 0.00374356574637342
"cuoAmb" 0.0524099204492279 0.0112306972391203 0.0191857744501638 0.0177819372952737 0.0126345343940103 0 0.00374356574637342 0.0201216658867571 0.0248011230697239 0.0350959288722508 0.0116986429574169 0.0126345343940103 0.0360318203088442 0.0538137576041179 0.0570893776321947 0.0107627515208236 0.0608329433785681 0.0116986429574169
"cuoMcc" 0.0524099204492279 0.0121665886757136 0.0210575573233505 0.0196537201684605 0.0135704258306037 0.00374356574637342 0 0.0210575573233505 0.0266729059429106 0.0364997660271409 0.0126345343940103 0.0135704258306037 0.0379036031820309 0.0556855404773046 0.0584932147870847 0.0116986429574169 0.0598970519419747 0.0126345343940103
"derCor" 0.0547496490407113 0.0229293401965372 0.0149742629854937 0.0187178287318671 0.0187178287318671 0.0201216658867571 0.0210575573233505 0 0.0280767430978007 0.0336920917173608 0.0229293401965372 0.0187178287318671 0.0369677117454375 0.0533458118858212 0.0584932147870847 0.0168460458586804 0.0575573233504913 0.0187178287318671
"derMaw" 0.0613008890968648 0.0299485259709874 0.0266729059429106 0.0233972859148339 0.0243331773514272 0.0248011230697239 0.0266729059429106 0.0280767430978007 0 0.0430510060832943 0.030416471689284 0.0243331773514272 0.0453907346747777 0.0603649976602714 0.0659803462798315 0.0243331773514272 0.0678521291530182 0.0243331773514272
"emySub" 0.0613008890968648 0.0379036031820309 0.0355638745905475 0.0336920917173608 0.0318203088441741 0.0350959288722508 0.0364997660271409 0.0336920917173608 0.0430510060832943 0 0.0364997660271409 0.0308844174075807 0.0173139915769771 0.0453907346747777 0.0655124005615349 0.0318203088441741 0.0514740290126345 0.0318203088441741
"gopAga" 0.0538137576041179 0.0107627515208236 0.0233972859148339 0.0224613944782405 0.0177819372952737 0.0116986429574169 0.0126345343940103 0.0229293401965372 0.030416471689284 0.0364997660271409 0 0.0177819372952737 0.0374356574637342 0.0561534861956013 0.0598970519419747 0.014506317267197 0.0608329433785681 0.0168460458586804
"malTer" 0.0519419747309312 0.0163781001403837 0.0191857744501638 0.0163781001403837 0.00280767430978007 0.0126345343940103 0.0135704258306037 0.0187178287318671 0.0243331773514272 0.0308844174075807 0.0177819372952737 0 0.0336920917173608 0.0505381375760412 0.0575573233504913 0.00935891436593355 0.0556855404773046 0.00374356574637342
"mesTub" 0.0631726719700515 0.0388394946186242 0.0379036031820309 0.0355638745905475 0.0346279831539541 0.0360318203088442 0.0379036031820309 0.0369677117454375 0.0453907346747777 0.0173139915769771 0.0374356574637342 0.0336920917173608 0 0.0444548432381844 0.069723912026205 0.0332241459990641 0.0528778661675246 0.0327562002807674
"pelCas" 0.0744033692091717 0.0538137576041179 0.0542817033224146 0.0524099204492279 0.0524099204492279 0.0538137576041179 0.0556855404773046 0.0533458118858212 0.0603649976602714 0.0453907346747777 0.0561534861956013 0.0505381375760412 0.0444548432381844 0 0.084230229293402 0.0505381375760412 0.0496022461394478 0.0505381375760412
"pelSin" 0.0753392606457651 0.0613008890968648 0.0603649976602714 0.056621431913898 0.0575573233504913 0.0570893776321947 0.0584932147870847 0.0584932147870847 0.0659803462798315 0.0655124005615349 0.0598970519419747 0.0575573233504913 0.069723912026205 0.084230229293402 0 0.0575573233504913 0.0800187178287319 0.0575573233504913
"plaMeg" 0.0510060832943379 0.014506317267197 0.0173139915769771 0.0154422087037904 0.00935891436593355 0.0107627515208236 0.0116986429574169 0.0168460458586804 0.0243331773514272 0.0318203088441741 0.014506317267197 0.00935891436593355 0.0332241459990641 0.0505381375760412 0.0575573233504913 0 0.0575573233504913 0.0084230229293402
"podExp" 0.0786148806738418 0.0627047262517548 0.0617688348151614 0.0608329433785681 0.0575573233504913 0.0608329433785681 0.0598970519419747 0.0575573233504913 0.0678521291530182 0.0514740290126345 0.0608329433785681 0.0556855404773046 0.0528778661675246 0.0496022461394478 0.0800187178287319 0.0575573233504913 0 0.0556855404773046
"terMex" 0.0528778661675246 0.0163781001403837 0.0182498830135704 0.0163781001403837 0.00374356574637342 0.0116986429574169 0.0126345343940103 0.0187178287318671 0.0243331773514272 0.0318203088441741 0.0168460458586804 0.00374356574637342 0.0327562002807674 0.0505381375760412 0.0575573233504913 0.0084230229293402 0.0556855404773046 0
