"carIns" "cheAbi" "cheMyd" "cheSer" "chrPic" "cuoMcc" "derCor" "derMaw" "emySub" "malTer" "mesTub" "pelCas" "plaMeg" "podExp" "terMex"
"carIns" 0 0.151759530791789 0.167888563049853 0.148826979472141 0.11950146627566 0.141495601173021 0.1341642228739 0.1341642228739 0.123900293255132 0.261730205278592 0.1341642228739 0.153958944281525 0.121700879765396 0.155425219941349 0.147360703812317
"cheAbi" 0.151759530791789 0 0.093108504398827 0.108504398826979 0.0762463343108504 0.0703812316715543 0.0909090909090909 0.093841642228739 0.124633431085044 0.23533724340176 0.132697947214076 0.142961876832845 0.0725806451612903 0.159824046920821 0.0747800586510264
"cheMyd" 0.167888563049853 0.093108504398827 0 0.112903225806452 0.093108504398827 0.0828445747800586 0.0813782991202346 0.107771260997067 0.140029325513196 0.236803519061584 0.140029325513196 0.159824046920821 0.0894428152492669 0.166422287390029 0.0806451612903226
"cheSer" 0.148826979472141 0.108504398826979 0.112903225806452 0 0.0725806451612903 0.0975073313782991 0.0879765395894428 0.0843108504398827 0.113636363636364 0.239736070381232 0.123900293255132 0.142961876832845 0.0703812316715543 0.149560117302053 0.102639296187683
"chrPic" 0.11950146627566 0.0762463343108504 0.093108504398827 0.0725806451612903 0 0.0645161290322581 0.0549853372434018 0.0579178885630499 0.0879765395894428 0.208211143695015 0.093108504398827 0.106304985337243 0.0271260997067449 0.1158357771261 0.0549853372434018
"cuoMcc" 0.141495601173021 0.0703812316715543 0.0828445747800586 0.0975073313782991 0.0645161290322581 0 0.0865102639296188 0.0828445747800586 0.114369501466276 0.220674486803519 0.120234604105572 0.1341642228739 0.0601173020527859 0.146627565982405 0.0535190615835777
"derCor" 0.1341642228739 0.0909090909090909 0.0813782991202346 0.0879765395894428 0.0549853372434018 0.0865102639296188 0 0.0733137829912024 0.109237536656891 0.229472140762463 0.104838709677419 0.127565982404692 0.0513196480938416 0.1341642228739 0.0857771260997067
"derMaw" 0.1341642228739 0.093841642228739 0.107771260997067 0.0843108504398827 0.0579178885630499 0.0828445747800586 0.0733137829912024 0 0.101906158357771 0.238269794721408 0.106304985337243 0.125366568914956 0.0593841642228739 0.129765395894428 0.0843108504398827
"emySub" 0.123900293255132 0.124633431085044 0.140029325513196 0.113636363636364 0.0879765395894428 0.114369501466276 0.109237536656891 0.101906158357771 0 0.24633431085044 0.0652492668621701 0.109237536656891 0.0850439882697947 0.115102639296188 0.1158357771261
"malTer" 0.261730205278592 0.23533724340176 0.236803519061584 0.239736070381232 0.208211143695015 0.220674486803519 0.229472140762463 0.238269794721408 0.24633431085044 0 0.244134897360704 0.25366568914956 0.218475073313783 0.262463343108504 0.215542521994135
"mesTub" 0.1341642228739 0.132697947214076 0.140029325513196 0.123900293255132 0.093108504398827 0.120234604105572 0.104838709677419 0.106304985337243 0.0652492668621701 0.244134897360704 0 0.101906158357771 0.0916422287390029 0.110703812316716 0.125366568914956
"pelCas" 0.153958944281525 0.142961876832845 0.159824046920821 0.142961876832845 0.106304985337243 0.1341642228739 0.127565982404692 0.125366568914956 0.109237536656891 0.25366568914956 0.101906158357771 0 0.107038123167155 0.094574780058651 0.136363636363636
"plaMeg" 0.121700879765396 0.0725806451612903 0.0894428152492669 0.0703812316715543 0.0271260997067449 0.0601173020527859 0.0513196480938416 0.0593841642228739 0.0850439882697947 0.218475073313783 0.0916422287390029 0.107038123167155 0 0.124633431085044 0.060850439882698
"podExp" 0.155425219941349 0.159824046920821 0.166422287390029 0.149560117302053 0.1158357771261 0.146627565982405 0.1341642228739 0.129765395894428 0.115102639296188 0.262463343108504 0.110703812316716 0.094574780058651 0.124633431085044 0 0.149560117302053
"terMex" 0.147360703812317 0.0747800586510264 0.0806451612903226 0.102639296187683 0.0549853372434018 0.0535190615835777 0.0857771260997067 0.0843108504398827 0.1158357771261 0.215542521994135 0.125366568914956 0.136363636363636 0.060850439882698 0.149560117302053 0
