"carIns" "cheAbi" "cheMyd" "cheSer" "chrPic" "cuoAmb" "cuoMcc" "derCor" "derMaw" "emySub" "gopAga" "malTer" "mesTub" "pelCas" "pelSin" "plaMeg" "podExp" "terMex"
"carIns" 0 0.0898184176394293 0.0794422827496757 0.0911154345006485 0.077496757457847 0.0869001297016861 0.0852788586251621 0.0823605706874189 0.0823605706874189 0.0992217898832685 0.0904669260700389 0.150778210116732 0.10473411154345 0.113813229571984 0.0875486381322957 0.077496757457847 0.128728923476005 0.0778210116731518
"cheAbi" 0.0898184176394293 0 0.0447470817120623 0.0577172503242542 0.0327496757457847 0.0217250324254215 0.0204280155642023 0.0470168612191958 0.0509079118028534 0.0797665369649805 0.0184824902723735 0.110570687418936 0.0836575875486381 0.0953307392996109 0.0830090791180285 0.0295071335927367 0.11348897535668 0.0311284046692607
"cheMyd" 0.0794422827496757 0.0447470817120623 0 0.0392347600518807 0.0327496757457847 0.0398832684824903 0.0385862516212711 0.0230220492866407 0.0343709468223087 0.0674448767833982 0.0460440985732815 0.111543450064851 0.0732814526588846 0.0836575875486381 0.0736057068741894 0.0304798962386511 0.100518806744488 0.0311284046692607
"cheSer" 0.0911154345006485 0.0577172503242542 0.0392347600518807 0 0.0453955901426719 0.0505836575875486 0.0492866407263294 0.0424773022049287 0.0457198443579767 0.0778210116731518 0.0577172503242542 0.125162127107652 0.0823605706874189 0.0933852140077821 0.0839818417639429 0.0411802853437095 0.0976005188067445 0.0434500648508431
"chrPic" 0.077496757457847 0.0327496757457847 0.0327496757457847 0.0453955901426719 0 0.0256160830090791 0.0246433203631647 0.0356679636835279 0.0389105058365759 0.0680933852140078 0.0333981841763943 0.0859273670557717 0.0723086900129702 0.0872243839169909 0.0713359273670558 0.0142671854734112 0.103437094682231 0.00745784695201038
"cuoAmb" 0.0869001297016861 0.0217250324254215 0.0398832684824903 0.0505836575875486 0.0256160830090791 0 0.00421530479896239 0.0418287937743191 0.0424773022049287 0.071011673151751 0.0220492866407263 0.105058365758755 0.0752269779507134 0.0865758754863813 0.0784695201037613 0.0230220492866407 0.105058365758755 0.0233463035019455
"cuoMcc" 0.0852788586251621 0.0204280155642023 0.0385862516212711 0.0492866407263294 0.0246433203631647 0.00421530479896239 0 0.0405317769130999 0.0418287937743191 0.0697146562905318 0.0210765239948119 0.103761348897536 0.0745784695201038 0.0859273670557717 0.0765239948119326 0.0220492866407263 0.10538261997406 0.0223735408560311
"derCor" 0.0823605706874189 0.0470168612191958 0.0230220492866407 0.0424773022049287 0.0356679636835279 0.0418287937743191 0.0405317769130999 0 0.0382619974059663 0.069390402075227 0.0479896238651102 0.115434500648508 0.0761997405966278 0.0843060959792477 0.0755512321660182 0.0330739299610895 0.102788586251621 0.0346952010376135
"derMaw" 0.0823605706874189 0.0509079118028534 0.0343709468223087 0.0457198443579767 0.0389105058365759 0.0424773022049287 0.0418287937743191 0.0382619974059663 0 0.0729571984435798 0.0502594033722438 0.117380025940337 0.0794422827496757 0.0888456549935149 0.0736057068741894 0.0382619974059663 0.10408560311284 0.0369649805447471
"emySub" 0.0992217898832685 0.0797665369649805 0.0674448767833982 0.0778210116731518 0.0680933852140078 0.071011673151751 0.0697146562905318 0.069390402075227 0.0729571984435798 0 0.0797665369649805 0.141374837872892 0.0411802853437095 0.069390402075227 0.0933852140077821 0.0654993514915694 0.0904669260700389 0.066147859922179
"gopAga" 0.0904669260700389 0.0184824902723735 0.0460440985732815 0.0577172503242542 0.0333981841763943 0.0220492866407263 0.0210765239948119 0.0479896238651102 0.0502594033722438 0.0797665369649805 0 0.111867704280156 0.0836575875486381 0.0963035019455253 0.0839818417639429 0.0301556420233463 0.113164721141375 0.0317769130998703
"malTer" 0.150778210116732 0.110570687418936 0.111543450064851 0.125162127107652 0.0859273670557717 0.105058365758755 0.103761348897536 0.115434500648508 0.117380025940337 0.141374837872892 0.111867704280156 0 0.146887159533074 0.159208819714656 0.146887159533074 0.0950064850843061 0.176070038910506 0.0888456549935149
"mesTub" 0.10473411154345 0.0836575875486381 0.0732814526588846 0.0823605706874189 0.0723086900129702 0.0752269779507134 0.0745784695201038 0.0761997405966278 0.0794422827496757 0.0411802853437095 0.0836575875486381 0.146887159533074 0 0.0768482490272374 0.0982490272373541 0.069390402075227 0.0982490272373541 0.0713359273670558
"pelCas" 0.113813229571984 0.0953307392996109 0.0836575875486381 0.0933852140077821 0.0872243839169909 0.0865758754863813 0.0859273670557717 0.0843060959792477 0.0888456549935149 0.069390402075227 0.0963035019455253 0.159208819714656 0.0768482490272374 0 0.10538261997406 0.0817120622568093 0.0830090791180285 0.0839818417639429
"pelSin" 0.0875486381322957 0.0830090791180285 0.0736057068741894 0.0839818417639429 0.0713359273670558 0.0784695201037613 0.0765239948119326 0.0755512321660182 0.0736057068741894 0.0933852140077821 0.0839818417639429 0.146887159533074 0.0982490272373541 0.10538261997406 0 0.0703631647211414 0.122892347600519 0.0690661478599222
"plaMeg" 0.077496757457847 0.0295071335927367 0.0304798962386511 0.0411802853437095 0.0142671854734112 0.0230220492866407 0.0220492866407263 0.0330739299610895 0.0382619974059663 0.0654993514915694 0.0301556420233463 0.0950064850843061 0.069390402075227 0.0817120622568093 0.0703631647211414 0 0.100518806744488 0.0123216601815824
"podExp" 0.128728923476005 0.11348897535668 0.100518806744488 0.0976005188067445 0.103437094682231 0.105058365758755 0.10538261997406 0.102788586251621 0.10408560311284 0.0904669260700389 0.113164721141375 0.176070038910506 0.0982490272373541 0.0830090791180285 0.122892347600519 0.100518806744488 0 0.101167315175097
"terMex" 0.0778210116731518 0.0311284046692607 0.0311284046692607 0.0434500648508431 0.00745784695201038 0.0233463035019455 0.0223735408560311 0.0346952010376135 0.0369649805447471 0.066147859922179 0.0317769130998703 0.0888456549935149 0.0713359273670558 0.0839818417639429 0.0690661478599222 0.0123216601815824 0.101167315175097 0
