"carIns" "cheAbi" "cheMyd" "cheSer" "chrPic" "cuoAmb" "cuoMcc" "derCor" "derMaw" "emySub" "gopAga" "malTer" "mesTub" "pelCas" "pelSin" "plaMeg" "podExp" "terMex"
"carIns" 0 0.112565445026178 0.0636998254799302 0.106893542757417 0.112129144851658 0.068935427574171 0.108638743455497 0.198516579406632 0.0676265270506108 0.117364746945899 0.0824607329842932 0.0698080279232112 0.0754799301919721 0.0907504363001745 0.0885689354275742 0.103403141361257 0.0885689354275742 0.104712041884817
"cheAbi" 0.112565445026178 0 0.0794066317626527 0.093804537521815 0.081588132635253 0.0676265270506108 0.0702443280977312 0.18717277486911 0.0837696335078534 0.109947643979058 0.0767888307155323 0.0715532286212914 0.103403141361257 0.12434554973822 0.113874345549738 0.081588132635253 0.121727748691099 0.0820244328097731
"cheMyd" 0.0636998254799302 0.0794066317626527 0 0.0693717277486911 0.0737347294938918 0.030977312390925 0.0715532286212914 0.159685863874346 0.0366492146596859 0.0942408376963351 0.0405759162303665 0.0301047120418848 0.0493019197207679 0.0798429319371728 0.0772251308900524 0.0658813263525305 0.0702443280977312 0.0702443280977312
"cheSer" 0.106893542757417 0.093804537521815 0.0693717277486911 0 0.087260034904014 0.0732984293193717 0.0802792321116928 0.180191972076789 0.0776614310645724 0.102530541012216 0.0881326352530541 0.0763525305410122 0.0942408376963351 0.116928446771379 0.109947643979058 0.0820244328097731 0.119546247818499 0.0789703315881326
"chrPic" 0.112129144851658 0.081588132635253 0.0737347294938918 0.087260034904014 0 0.0719895287958115 0.0824607329842932 0.18499127399651 0.0842059336823735 0.114746945898778 0.081151832460733 0.056282722513089 0.101221640488656 0.119546247818499 0.106893542757417 0.0741710296684119 0.119982547993019 0.0527923211169284
"cuoAmb" 0.068935427574171 0.0676265270506108 0.030977312390925 0.0732984293193717 0.0719895287958115 0 0.0514834205933682 0.172774869109948 0.0362129144851658 0.100349040139616 0.0292321116928447 0.0261780104712042 0.0571553228621291 0.0850785340314136 0.0794066317626527 0.0619546247818499 0.081151832460733 0.0654450261780105
"cuoMcc" 0.108638743455497 0.0702443280977312 0.0715532286212914 0.0802792321116928 0.0824607329842932 0.0514834205933682 0 0.182373472949389 0.0776614310645724 0.103403141361257 0.0724258289703316 0.068935427574171 0.0959860383944154 0.121291448516579 0.112129144851658 0.0772251308900524 0.121727748691099 0.075043630017452
"derCor" 0.198516579406632 0.18717277486911 0.159685863874346 0.180191972076789 0.18499127399651 0.172774869109948 0.182373472949389 0 0.178883071553229 0.201570680628272 0.183682373472949 0.173647469458988 0.18979057591623 0.202879581151832 0.198516579406632 0.176701570680628 0.207242582897033 0.178446771378709
"derMaw" 0.0676265270506108 0.0837696335078534 0.0366492146596859 0.0776614310645724 0.0842059336823735 0.0362129144851658 0.0776614310645724 0.178883071553229 0 0.0981675392670157 0.049738219895288 0.0383944153577661 0.0571553228621291 0.0868237347294939 0.0807155322862129 0.0767888307155323 0.0776614310645724 0.0776614310645724
"emySub" 0.117364746945899 0.109947643979058 0.0942408376963351 0.102530541012216 0.114746945898778 0.100349040139616 0.103403141361257 0.201570680628272 0.0981675392670157 0 0.111256544502618 0.100785340314136 0.0698080279232112 0.101657940663176 0.118673647469459 0.105148342059337 0.102094240837696 0.107329842931937
"gopAga" 0.0824607329842932 0.0767888307155323 0.0405759162303665 0.0881326352530541 0.081151832460733 0.0292321116928447 0.0724258289703316 0.183682373472949 0.049738219895288 0.111256544502618 0 0.0370855148342059 0.0658813263525305 0.0924956369982548 0.0916230366492147 0.0732984293193717 0.0846422338568935 0.0794066317626527
"malTer" 0.0698080279232112 0.0715532286212914 0.0301047120418848 0.0763525305410122 0.056282722513089 0.0261780104712042 0.068935427574171 0.173647469458988 0.0383944153577661 0.100785340314136 0.0370855148342059 0 0.0571553228621291 0.0846422338568935 0.0776614310645724 0.0597731239092496 0.0780977312390925 0.06282722513089
"mesTub" 0.0754799301919721 0.103403141361257 0.0493019197207679 0.0942408376963351 0.101221640488656 0.0571553228621291 0.0959860383944154 0.18979057591623 0.0571553228621291 0.0698080279232112 0.0658813263525305 0.0571553228621291 0 0.0663176265270506 0.0833333333333333 0.0924956369982548 0.0593368237347295 0.0951134380453752
"pelCas" 0.0907504363001745 0.12434554973822 0.0798429319371728 0.116928446771379 0.119546247818499 0.0850785340314136 0.121291448516579 0.202879581151832 0.0868237347294939 0.101657940663176 0.0924956369982548 0.0846422338568935 0.0663176265270506 0 0.0942408376963351 0.118237347294939 0.06239092495637 0.115619546247819
"pelSin" 0.0885689354275742 0.113874345549738 0.0772251308900524 0.109947643979058 0.106893542757417 0.0794066317626527 0.112129144851658 0.198516579406632 0.0807155322862129 0.118673647469459 0.0916230366492147 0.0776614310645724 0.0833333333333333 0.0942408376963351 0 0.110383944153578 0.0955497382198953 0.109075043630017
"plaMeg" 0.103403141361257 0.081588132635253 0.0658813263525305 0.0820244328097731 0.0741710296684119 0.0619546247818499 0.0772251308900524 0.176701570680628 0.0767888307155323 0.105148342059337 0.0732984293193717 0.0597731239092496 0.0924956369982548 0.118237347294939 0.110383944153578 0 0.116492146596859 0.068499127399651
"podExp" 0.0885689354275742 0.121727748691099 0.0702443280977312 0.119546247818499 0.119982547993019 0.081151832460733 0.121727748691099 0.207242582897033 0.0776614310645724 0.102094240837696 0.0846422338568935 0.0780977312390925 0.0593368237347295 0.06239092495637 0.0955497382198953 0.116492146596859 0 0.117801047120419
"terMex" 0.104712041884817 0.0820244328097731 0.0702443280977312 0.0789703315881326 0.0527923211169284 0.0654450261780105 0.075043630017452 0.178446771378709 0.0776614310645724 0.107329842931937 0.0794066317626527 0.06282722513089 0.0951134380453752 0.115619546247819 0.109075043630017 0.068499127399651 0.117801047120419 0
