"carIns" "cheAbi" "cheMyd" "cheSer" "chrPic" "cuoAmb" "cuoMcc" "derMaw" "emySub" "gopAga" "malTer" "mesTub" "pelCas" "pelSin" "plaMeg" "podExp" "terMex"
"carIns" 0 0.05937794533459 0.0560791705937795 0.0617342130065976 0.0570216776625825 0.0560791705937795 0.057492931196984 0.0688030160226202 0.0716305372290292 0.0819981149858624 0.101319509896324 0.0768143261074458 0.0749293119698398 0.060320452403393 0.0546654099905749 0.0791705937794533 0.0560791705937795
"cheAbi" 0.05937794533459 0 0.0329877474081056 0.0386427898209237 0.0282752120640905 0.0179076343072573 0.0202639019792648 0.0447690857681433 0.0598491988689915 0.0442978322337418 0.0711592836946277 0.0617342130065976 0.0636192271442036 0.0570216776625825 0.0249764373232799 0.0688030160226202 0.0263901979264844
"cheMyd" 0.0560791705937795 0.0329877474081056 0 0.0292177191328935 0.0249764373232799 0.0259189443920829 0.028746465598492 0.0362865221489161 0.0499528746465598 0.0551366635249764 0.0735155513666352 0.0537229029217719 0.0570216776625825 0.0513666352497644 0.0226201696512724 0.061262959472196 0.0245051837888784
"cheSer" 0.0617342130065976 0.0386427898209237 0.0292177191328935 0 0.0320452403393025 0.031573986804901 0.0339302544769086 0.0372290292177191 0.0527803958529689 0.060320452403393 0.0786993402450518 0.0570216776625825 0.060320452403393 0.060320452403393 0.029688972667295 0.0659754948162111 0.030631479736098
"chrPic" 0.0570216776625825 0.0282752120640905 0.0249764373232799 0.0320452403393025 0 0.0221489161168709 0.0226201696512724 0.0386427898209237 0.0546654099905749 0.0508953817153629 0.0546654099905749 0.0570216776625825 0.0617342130065976 0.0541941564561734 0.0193213949104618 0.0650329877474081 0.0131950989632422
"cuoAmb" 0.0560791705937795 0.0179076343072573 0.0259189443920829 0.031573986804901 0.0221489161168709 0 0.00329877474081056 0.0395852968897267 0.0527803958529689 0.0409990574929312 0.0683317624882187 0.0546654099905749 0.05937794533459 0.0560791705937795 0.0202639019792648 0.0631479736098021 0.0207351555136664
"cuoMcc" 0.057492931196984 0.0202639019792648 0.028746465598492 0.0339302544769086 0.0226201696512724 0.00329877474081056 0 0.0405278039585297 0.0546654099905749 0.0433553251649387 0.0688030160226202 0.0551366635249764 0.0607917059377945 0.057492931196984 0.0226201696512724 0.0645617342130066 0.0212064090480679
"derMaw" 0.0688030160226202 0.0447690857681433 0.0362865221489161 0.0372290292177191 0.0386427898209237 0.0395852968897267 0.0405278039585297 0 0.0622054665409991 0.0669180018850141 0.0867106503298775 0.0655042412818096 0.0678605089538172 0.0626767200754006 0.0367577756833176 0.0735155513666352 0.0367577756833176
"emySub" 0.0716305372290292 0.0598491988689915 0.0499528746465598 0.0527803958529689 0.0546654099905749 0.0527803958529689 0.0546654099905749 0.0622054665409991 0 0.0824693685202639 0.0994344957587182 0.0292177191328935 0.0409990574929312 0.0678605089538172 0.0513666352497644 0.0537229029217719 0.0518378887841659
"gopAga" 0.0819981149858624 0.0442978322337418 0.0551366635249764 0.060320452403393 0.0508953817153629 0.0409990574929312 0.0433553251649387 0.0669180018850141 0.0824693685202639 0 0.0961357210179076 0.085296889726673 0.0857681432610745 0.0801131008482564 0.0499528746465598 0.090951932139491 0.0504241281809614
"malTer" 0.101319509896324 0.0711592836946277 0.0735155513666352 0.0786993402450518 0.0546654099905749 0.0683317624882187 0.0688030160226202 0.0867106503298775 0.0994344957587182 0.0961357210179076 0 0.102733270499529 0.107917059377945 0.0989632422243167 0.0664467483506126 0.106032045240339 0.0617342130065976
"mesTub" 0.0768143261074458 0.0617342130065976 0.0537229029217719 0.0570216776625825 0.0570216776625825 0.0546654099905749 0.0551366635249764 0.0655042412818096 0.0292177191328935 0.085296889726673 0.102733270499529 0 0.0466540999057493 0.0688030160226202 0.0537229029217719 0.057492931196984 0.0541941564561734
"pelCas" 0.0749293119698398 0.0636192271442036 0.0570216776625825 0.060320452403393 0.0617342130065976 0.05937794533459 0.0607917059377945 0.0678605089538172 0.0409990574929312 0.0857681432610745 0.107917059377945 0.0466540999057493 0 0.0716305372290292 0.060320452403393 0.0442978322337418 0.0607917059377945
"pelSin" 0.060320452403393 0.0570216776625825 0.0513666352497644 0.060320452403393 0.0541941564561734 0.0560791705937795 0.057492931196984 0.0626767200754006 0.0678605089538172 0.0801131008482564 0.0989632422243167 0.0688030160226202 0.0716305372290292 0 0.0513666352497644 0.0768143261074458 0.0537229029217719
"plaMeg" 0.0546654099905749 0.0249764373232799 0.0226201696512724 0.029688972667295 0.0193213949104618 0.0202639019792648 0.0226201696512724 0.0367577756833176 0.0513666352497644 0.0499528746465598 0.0664467483506126 0.0537229029217719 0.060320452403393 0.0513666352497644 0 0.0607917059377945 0.0164938737040528
"podExp" 0.0791705937794533 0.0688030160226202 0.061262959472196 0.0659754948162111 0.0650329877474081 0.0631479736098021 0.0645617342130066 0.0735155513666352 0.0537229029217719 0.090951932139491 0.106032045240339 0.057492931196984 0.0442978322337418 0.0768143261074458 0.0607917059377945 0 0.0631479736098021
"terMex" 0.0560791705937795 0.0263901979264844 0.0245051837888784 0.030631479736098 0.0131950989632422 0.0207351555136664 0.0212064090480679 0.0367577756833176 0.0518378887841659 0.0504241281809614 0.0617342130065976 0.0541941564561734 0.0607917059377945 0.0537229029217719 0.0164938737040528 0.0631479736098021 0
