"carIns" "cheAbi" "cheMyd" "cheSer" "chrPic" "cuoAmb" "cuoMcc" "derMaw" "emySub" "malTer" "mesTub" "pelCas" "plaMeg" "podExp" "terMex"
"carIns" 0 0.101005867560771 0.0741827326068734 0.0926236378876781 0.0691533948030176 0.0716680637049455 0.0712489522212909 0.0792120704107293 0.147946353730092 0.100167644593462 0.146269907795474 0.155490360435876 0.0683151718357083 0.162615255658005 0.0712489522212909
"cheAbi" 0.101005867560771 0 0.0620284995808885 0.0859178541492037 0.0532271584241408 0.0444258172673931 0.0448449287510478 0.0683151718357083 0.15046102263202 0.0859178541492037 0.14501257334451 0.161357921207041 0.049455155071249 0.161777032690696 0.0502933780385583
"cheMyd" 0.0741827326068734 0.0620284995808885 0 0.0595138306789606 0.0318524727577536 0.0335289186923722 0.0339480301760268 0.0423302598491199 0.129505448449288 0.0624476110645432 0.123637887678122 0.135373009220453 0.028918692372171 0.141240569991618 0.0343671416596815
"cheSer" 0.0926236378876781 0.0859178541492037 0.0595138306789606 0 0.0523889354568315 0.0574182732606873 0.0569991617770327 0.0624476110645432 0.125733445096396 0.0859178541492037 0.116932103939648 0.135373009220453 0.0511316010058676 0.143336127409891 0.0549036043587594
"chrPic" 0.0691533948030176 0.0532271584241408 0.0318524727577536 0.0523889354568315 0 0.0213746856663873 0.0209555741827326 0.0364626990779547 0.122380553227158 0.0414920368818106 0.118189438390612 0.131181894383906 0.0138306789606035 0.133277451802179 0.010896898575021
"cuoAmb" 0.0716680637049455 0.0444258172673931 0.0335289186923722 0.0574182732606873 0.0213746856663873 0 0.00377200335289187 0.0406538139145013 0.12699077954736 0.0553227158424141 0.121542330259849 0.134534786253143 0.0176026823134954 0.13872590108969 0.0243084660519698
"cuoMcc" 0.0712489522212909 0.0448449287510478 0.0339480301760268 0.0569991617770327 0.0209555741827326 0.00377200335289187 0 0.039815590947192 0.126571668063705 0.0540653813914501 0.12070410729254 0.133277451802179 0.0171835708298407 0.137887678122381 0.0238893545683152
"derMaw" 0.0792120704107293 0.0683151718357083 0.0423302598491199 0.0624476110645432 0.0364626990779547 0.0406538139145013 0.039815590947192 0 0.128248113998324 0.0678960603520536 0.124056999161777 0.135792120704107 0.0343671416596815 0.139145012573345 0.038558256496228
"emySub" 0.147946353730092 0.15046102263202 0.129505448449288 0.125733445096396 0.122380553227158 0.12699077954736 0.126571668063705 0.128248113998324 0 0.153813914501257 0.101005867560771 0.145431684828164 0.122380553227158 0.143755238893546 0.12615255658005
"malTer" 0.100167644593462 0.0859178541492037 0.0624476110645432 0.0859178541492037 0.0414920368818106 0.0553227158424141 0.0540653813914501 0.0678960603520536 0.153813914501257 0 0.152556580050293 0.165968147527242 0.049455155071249 0.166387259010897 0.048197820620285
"mesTub" 0.146269907795474 0.14501257334451 0.123637887678122 0.116932103939648 0.118189438390612 0.121542330259849 0.12070410729254 0.124056999161777 0.101005867560771 0.152556580050293 0 0.13872590108969 0.117770326906957 0.149203688181056 0.121123218776194
"pelCas" 0.155490360435876 0.161357921207041 0.135373009220453 0.135373009220453 0.131181894383906 0.134534786253143 0.133277451802179 0.135792120704107 0.145431684828164 0.165968147527242 0.13872590108969 0 0.129505448449288 0.143755238893546 0.133696563285834
"plaMeg" 0.0683151718357083 0.049455155071249 0.028918692372171 0.0511316010058676 0.0138306789606035 0.0176026823134954 0.0171835708298407 0.0343671416596815 0.122380553227158 0.049455155071249 0.117770326906957 0.129505448449288 0 0.132858340318525 0.0167644593461861
"podExp" 0.162615255658005 0.161777032690696 0.141240569991618 0.143336127409891 0.133277451802179 0.13872590108969 0.137887678122381 0.139145012573345 0.143755238893546 0.166387259010897 0.149203688181056 0.143755238893546 0.132858340318525 0 0.135373009220453
"terMex" 0.0712489522212909 0.0502933780385583 0.0343671416596815 0.0549036043587594 0.010896898575021 0.0243084660519698 0.0238893545683152 0.038558256496228 0.12615255658005 0.048197820620285 0.121123218776194 0.133696563285834 0.0167644593461861 0.135373009220453 0
