"carIns" "cheMyd" "cheSer" "chrPic" "cuoAmb" "cuoMcc" "derCor" "derMaw" "emySub" "gopAga" "malTer" "mesTub" "pelCas" "pelSin" "plaMeg" "podExp" "terMex"
"carIns" 0 0.0566037735849057 0.0580836108028117 0.0580836108028117 0.0554938956714761 0.0554938956714761 0.0573436921938587 0.0773214946355901 0.0680725120236774 0.0588235294117647 0.0850906400295968 0.0684424713281539 0.073621901590825 0.0684424713281539 0.0532741398446171 0.0880503144654088 0.0521642619311876
"cheMyd" 0.0566037735849057 0 0.025527192008879 0.0292267850536441 0.024787273399926 0.0258971513133555 0.0129485756566778 0.0436551979282279 0.048094709581946 0.026267110617832 0.0551239363669996 0.051054384017758 0.0543840177580466 0.0562338142804292 0.024787273399926 0.0688124306326304 0.022567517573067
"cheSer" 0.0580836108028117 0.025527192008879 0 0.0288568257491676 0.025527192008879 0.0266370699223085 0.0277469478357381 0.0455049944506104 0.0484646688864225 0.0288568257491676 0.0554938956714761 0.0525342212356641 0.0566037735849057 0.0566037735849057 0.0244173140954495 0.0702922678505364 0.0221975582685905
"chrPic" 0.0580836108028117 0.0292267850536441 0.0288568257491676 0 0.0229374768775435 0.024047354790973 0.0303366629670736 0.0477247502774695 0.0484646688864225 0.026267110617832 0.0418054014058454 0.051054384017758 0.0573436921938587 0.0577136514983352 0.021827598964114 0.0702922678505364 0.0147983721790603
"cuoAmb" 0.0554938956714761 0.024787273399926 0.025527192008879 0.0229374768775435 0 0.00406955234924158 0.0273769885312616 0.0421753607103219 0.0440251572327044 0.0170181280059193 0.048094709581946 0.0458749537550869 0.0536440991490936 0.051054384017758 0.0159082500924898 0.0677025527192009 0.0166481687014428
"cuoMcc" 0.0554938956714761 0.0258971513133555 0.0266370699223085 0.024047354790973 0.00406955234924158 0 0.0277469478357381 0.0429152793192749 0.0451350351461339 0.0181280059193489 0.0492045874953755 0.0469848316685165 0.0551239363669996 0.0525342212356641 0.0170181280059193 0.0684424713281539 0.0177580466148724
"derCor" 0.0573436921938587 0.0129485756566778 0.0277469478357381 0.0303366629670736 0.0273769885312616 0.0277469478357381 0 0.0447650758416574 0.0499445061043285 0.0295967443581206 0.0573436921938587 0.0529041805401406 0.0547539770625231 0.0562338142804292 0.0266370699223085 0.0691823899371069 0.0236773954864965
"derMaw" 0.0773214946355901 0.0436551979282279 0.0455049944506104 0.0477247502774695 0.0421753607103219 0.0429152793192749 0.0447650758416574 0 0.0636330003699593 0.0469848316685165 0.071402145763966 0.0680725120236774 0.0702922678505364 0.0754716981132075 0.0432852386237514 0.0847206807251202 0.0418054014058454
"emySub" 0.0680725120236774 0.048094709581946 0.0484646688864225 0.0484646688864225 0.0440251572327044 0.0451350351461339 0.0499445061043285 0.0636330003699593 0 0.0499445061043285 0.073621901590825 0.0199778024417314 0.0429152793192749 0.0643729189789123 0.0443951165371809 0.0551239363669996 0.0436551979282279
"gopAga" 0.0588235294117647 0.026267110617832 0.0288568257491676 0.026267110617832 0.0170181280059193 0.0181280059193489 0.0295967443581206 0.0469848316685165 0.0499445061043285 0 0.0517943026267111 0.0517943026267111 0.0558638549759526 0.0569737328893822 0.022567517573067 0.0717721050684425 0.0196078431372549
"malTer" 0.0850906400295968 0.0551239363669996 0.0554938956714761 0.0418054014058454 0.048094709581946 0.0492045874953755 0.0573436921938587 0.071402145763966 0.073621901590825 0.0517943026267111 0 0.0773214946355901 0.0817610062893082 0.0843507214206437 0.048094709581946 0.0924898261191269 0.0418054014058454
"mesTub" 0.0684424713281539 0.051054384017758 0.0525342212356641 0.051054384017758 0.0458749537550869 0.0469848316685165 0.0529041805401406 0.0680725120236774 0.0199778024417314 0.0517943026267111 0.0773214946355901 0 0.0432852386237514 0.0673325934147244 0.0462449130595634 0.0599334073251942 0.0469848316685165
"pelCas" 0.073621901590825 0.0543840177580466 0.0566037735849057 0.0573436921938587 0.0536440991490936 0.0551239363669996 0.0547539770625231 0.0702922678505364 0.0429152793192749 0.0558638549759526 0.0817610062893082 0.0432852386237514 0 0.075101738808731 0.0536440991490936 0.0573436921938587 0.0506844247132815
"pelSin" 0.0684424713281539 0.0562338142804292 0.0566037735849057 0.0577136514983352 0.051054384017758 0.0525342212356641 0.0562338142804292 0.0754716981132075 0.0643729189789123 0.0569737328893822 0.0843507214206437 0.0673325934147244 0.075101738808731 0 0.0506844247132815 0.0913799482056974 0.0529041805401406
"plaMeg" 0.0532741398446171 0.024787273399926 0.0244173140954495 0.021827598964114 0.0159082500924898 0.0170181280059193 0.0266370699223085 0.0432852386237514 0.0443951165371809 0.022567517573067 0.048094709581946 0.0462449130595634 0.0536440991490936 0.0506844247132815 0 0.0684424713281539 0.0155382907880133
"podExp" 0.0880503144654088 0.0688124306326304 0.0702922678505364 0.0702922678505364 0.0677025527192009 0.0684424713281539 0.0691823899371069 0.0847206807251202 0.0551239363669996 0.0717721050684425 0.0924898261191269 0.0599334073251942 0.0573436921938587 0.0913799482056974 0.0684424713281539 0 0.0643729189789123
"terMex" 0.0521642619311876 0.022567517573067 0.0221975582685905 0.0147983721790603 0.0166481687014428 0.0177580466148724 0.0236773954864965 0.0418054014058454 0.0436551979282279 0.0196078431372549 0.0418054014058454 0.0469848316685165 0.0506844247132815 0.0529041805401406 0.0155382907880133 0.0643729189789123 0
