"carIns" "cheMyd" "cheSer" "chrPic" "cuoAmb" "cuoMcc" "derMaw" "emySub" "gopAga" "malTer" "mesTub" "pelCas" "pelSin" "plaMeg" "podExp" "terMex"
"carIns" 0 0.066143034311699 0.0657296403472509 0.0657296403472509 0.0690367920628359 0.0702769739561802 0.0777180653162464 0.113269946258785 0.29888383629599 0.0632492765605622 0.079785035138487 0.102108309218685 0.069450186027284 0.0632492765605622 0.128978916907813 0.0632492765605622
"cheMyd" 0.066143034311699 0 0.0252170318313353 0.0289375775113683 0.0285241835469202 0.0297643654402646 0.0388590326581232 0.0892930963207937 0.27242662257131 0.0285241835469202 0.052087639520463 0.0773046713517983 0.0587019429516329 0.024390243902439 0.105002066969822 0.0248036378668871
"cheSer" 0.0657296403472509 0.0252170318313353 0 0.0281107895824721 0.031417941298057 0.0310045473336089 0.0376188507647788 0.0905332782141381 0.276560562215792 0.027697395618024 0.052087639520463 0.0777180653162464 0.059115336916081 0.024390243902439 0.105828854898718 0.0235634559735428
"chrPic" 0.0657296403472509 0.0289375775113683 0.0281107895824721 0 0.0223232740801984 0.0235634559735428 0.0434063662670525 0.0926002480363787 0.268292682926829 0.0066143034311699 0.0541546093427036 0.0801984291029351 0.0574617610582885 0.0152955766845804 0.107482430756511 0.014055394791236
"cuoAmb" 0.0690367920628359 0.0285241835469202 0.031417941298057 0.0223232740801984 0 0.00537412153782555 0.045059942124845 0.0950806118230674 0.262918561389004 0.0219098801157503 0.0549813972715998 0.0847457627118644 0.0578751550227367 0.0194295163290616 0.109549400578752 0.0198429102935097
"cuoMcc" 0.0702769739561802 0.0297643654402646 0.0310045473336089 0.0235634559735428 0.00537412153782555 0 0.0446465481603969 0.0954940057875155 0.262091773460107 0.0231500620090947 0.0566349731293923 0.0843323687474163 0.0566349731293923 0.0190161223646135 0.107482430756511 0.0202563042579578
"derMaw" 0.0777180653162464 0.0388590326581232 0.0376188507647788 0.0434063662670525 0.045059942124845 0.0446465481603969 0 0.0996279454319967 0.280694501860273 0.0421661843737081 0.0653162463828028 0.0892930963207937 0.0686233980983878 0.0372054568003307 0.115336916081025 0.0372054568003307
"emySub" 0.113269946258785 0.0892930963207937 0.0905332782141381 0.0926002480363787 0.0950806118230674 0.0954940057875155 0.0996279454319967 0 0.306324927656056 0.0917734601074824 0.0715171558495246 0.0843323687474163 0.112856552294336 0.09011988424969 0.123604795369988 0.09011988424969
"gopAga" 0.29888383629599 0.27242662257131 0.276560562215792 0.268292682926829 0.262918561389004 0.262091773460107 0.280694501860273 0.306324927656056 0 0.267465894997933 0.29020256304258 0.300124018189334 0.286482017362547 0.266639107069037 0.301364200082679 0.267465894997933
"malTer" 0.0632492765605622 0.0285241835469202 0.027697395618024 0.0066143034311699 0.0219098801157503 0.0231500620090947 0.0421661843737081 0.0917734601074824 0.267465894997933 0 0.0537412153782555 0.0777180653162464 0.055394791236048 0.0157089706490285 0.106242248863167 0.0144687887556842
"mesTub" 0.079785035138487 0.052087639520463 0.052087639520463 0.0541546093427036 0.0549813972715998 0.0566349731293923 0.0653162463828028 0.0715171558495246 0.29020256304258 0.0537412153782555 0 0.079785035138487 0.0760644894584539 0.0508474576271186 0.107895824720959 0.052087639520463
"pelCas" 0.102108309218685 0.0773046713517983 0.0777180653162464 0.0801984291029351 0.0847457627118644 0.0843323687474163 0.0892930963207937 0.0843323687474163 0.300124018189334 0.0777180653162464 0.079785035138487 0 0.0992145514675486 0.0773046713517983 0.107069036792063 0.0793716411740389
"pelSin" 0.069450186027284 0.0587019429516329 0.059115336916081 0.0574617610582885 0.0578751550227367 0.0566349731293923 0.0686233980983878 0.112856552294336 0.286482017362547 0.055394791236048 0.0760644894584539 0.0992145514675486 0 0.0549813972715998 0.123191401405539 0.055394791236048
"plaMeg" 0.0632492765605622 0.024390243902439 0.024390243902439 0.0152955766845804 0.0194295163290616 0.0190161223646135 0.0372054568003307 0.09011988424969 0.266639107069037 0.0157089706490285 0.0508474576271186 0.0773046713517983 0.0549813972715998 0 0.10334849111203 0.0119884249689955
"podExp" 0.128978916907813 0.105002066969822 0.105828854898718 0.107482430756511 0.109549400578752 0.107482430756511 0.115336916081025 0.123604795369988 0.301364200082679 0.106242248863167 0.107895824720959 0.107069036792063 0.123191401405539 0.10334849111203 0 0.106242248863167
"terMex" 0.0632492765605622 0.0248036378668871 0.0235634559735428 0.014055394791236 0.0198429102935097 0.0202563042579578 0.0372054568003307 0.09011988424969 0.267465894997933 0.0144687887556842 0.052087639520463 0.0793716411740389 0.055394791236048 0.0119884249689955 0.106242248863167 0
