"carIns" "chrPic" "cuoAmb" "derCor" "derMaw" "emySub" "gopAga" "malTer" "pelCas" "plaMeg" "podExp" "terMex"
"carIns" 0 0.124756335282651 0.151072124756335 0.043859649122807 0.0769980506822612 0.0516569200779727 0.0799220272904483 0.0487329434697856 0.0653021442495127 0.043859649122807 0.0760233918128655 0.0448343079922027
"chrPic" 0.124756335282651 0 0.217348927875244 0.100389863547758 0.131578947368421 0.114035087719298 0.134502923976608 0.0867446393762183 0.124756335282651 0.0984405458089669 0.1364522417154 0.087719298245614
"cuoAmb" 0.151072124756335 0.217348927875244 0 0.135477582846004 0.151072124756335 0.154970760233918 0.147173489278752 0.135477582846004 0.164717348927875 0.130604288499025 0.173489278752437 0.131578947368421
"derCor" 0.043859649122807 0.100389863547758 0.135477582846004 0 0.0516569200779727 0.0380116959064327 0.050682261208577 0.0233918128654971 0.0487329434697856 0.0165692007797271 0.0604288499025341 0.0175438596491228
"derMaw" 0.0769980506822612 0.131578947368421 0.151072124756335 0.0516569200779727 0 0.0692007797270955 0.0419103313840156 0.0545808966861598 0.0828460038986355 0.050682261208577 0.0906432748538012 0.050682261208577
"emySub" 0.0516569200779727 0.114035087719298 0.154970760233918 0.0380116959064327 0.0692007797270955 0 0.0701754385964912 0.0428849902534113 0.0350877192982456 0.0399610136452242 0.0467836257309941 0.037037037037037
"gopAga" 0.0799220272904483 0.134502923976608 0.147173489278752 0.050682261208577 0.0419103313840156 0.0701754385964912 0 0.0584795321637427 0.0789473684210526 0.0516569200779727 0.0925925925925926 0.0526315789473684
"malTer" 0.0487329434697856 0.0867446393762183 0.135477582846004 0.0233918128654971 0.0545808966861598 0.0428849902534113 0.0584795321637427 0 0.0516569200779727 0.0185185185185185 0.0653021442495127 0.00779727095516569
"pelCas" 0.0653021442495127 0.124756335282651 0.164717348927875 0.0487329434697856 0.0828460038986355 0.0350877192982456 0.0789473684210526 0.0516569200779727 0 0.0477582846003899 0.0565302144249513 0.0458089668615984
"plaMeg" 0.043859649122807 0.0984405458089669 0.130604288499025 0.0165692007797271 0.050682261208577 0.0399610136452242 0.0516569200779727 0.0185185185185185 0.0477582846003899 0 0.0584795321637427 0.0126705653021442
"podExp" 0.0760233918128655 0.1364522417154 0.173489278752437 0.0604288499025341 0.0906432748538012 0.0467836257309941 0.0925925925925926 0.0653021442495127 0.0565302144249513 0.0584795321637427 0 0.0594541910331384
"terMex" 0.0448343079922027 0.087719298245614 0.131578947368421 0.0175438596491228 0.050682261208577 0.037037037037037 0.0526315789473684 0.00779727095516569 0.0458089668615984 0.0126705653021442 0.0594541910331384 0
