"carIns" "cheAbi" "cheMyd" "chrPic" "cuoAmb" "cuoMcc" "derCor" "derMaw" "emySub" "gopAga" "malTer" "mesTub" "pelCas" "pelSin" "plaMeg" "podExp"
"carIns" 0 0.0792860107928601 0.0813615608136156 0.0772104607721046 0.0850975508509755 0.0817766708177667 0.0797011207970112 0.0826068908260689 0.08302200083022 0.0842673308426733 0.0792860107928601 0.0892486508924865 0.0888335408883354 0.0875882108758821 0.0726442507264425 0.0933997509339975
"cheAbi" 0.0792860107928601 0 0.0311332503113325 0.0273972602739726 0.0215857202158572 0.0157741801577418 0.0298879202988792 0.0390203403902034 0.0510585305105853 0.0153590701535907 0.029057700290577 0.0606060606060606 0.0635118306351183 0.0660024906600249 0.020755500207555 0.0726442507264425
"cheMyd" 0.0813615608136156 0.0311332503113325 0 0.029057700290577 0.0319634703196347 0.0303030303030303 0.0190950601909506 0.0369447903694479 0.0535491905354919 0.0348692403486924 0.0315483603154836 0.0593607305936073 0.0651722706517227 0.0614362806143628 0.0224159402241594 0.0726442507264425
"chrPic" 0.0772104607721046 0.0273972602739726 0.029057700290577 0 0.0315483603154836 0.0257368202573682 0.0265670402656704 0.0381901203819012 0.0506434205064342 0.0294728102947281 0.0053964300539643 0.0552096305520963 0.0630967206309672 0.0643420506434205 0.0174346201743462 0.0701535907015359
"cuoAmb" 0.0850975508509755 0.0215857202158572 0.0319634703196347 0.0315483603154836 0 0.0078870900788709 0.0340390203403902 0.0448318804483188 0.0577002905770029 0.0236612702366127 0.033208800332088 0.0618513906185139 0.0697384806973848 0.0668327106683271 0.024906600249066 0.0763802407638024
"cuoMcc" 0.0817766708177667 0.0157741801577418 0.0303030303030303 0.0257368202573682 0.0078870900788709 0 0.0282274802822748 0.0394354503943545 0.0527189705271897 0.0178497301784973 0.0273972602739726 0.0601909506019095 0.0651722706517227 0.066417600664176 0.0190950601909506 0.0726442507264425
"derCor" 0.0797011207970112 0.0298879202988792 0.0190950601909506 0.0265670402656704 0.0340390203403902 0.0282274802822748 0 0.0361145703611457 0.0510585305105853 0.033208800332088 0.029057700290577 0.058115400581154 0.0626816106268161 0.0647571606475716 0.0211706102117061 0.0689082606890826
"derMaw" 0.0826068908260689 0.0390203403902034 0.0369447903694479 0.0381901203819012 0.0448318804483188 0.0394354503943545 0.0361145703611457 0 0.0589456205894562 0.0444167704441677 0.0406807804068078 0.0643420506434205 0.0689082606890826 0.0730593607305936 0.0323785803237858 0.0776255707762557
"emySub" 0.08302200083022 0.0510585305105853 0.0535491905354919 0.0506434205064342 0.0577002905770029 0.0527189705271897 0.0510585305105853 0.0589456205894562 0 0.0568700705687007 0.0531340805313408 0.0278123702781237 0.0502283105022831 0.0709838107098381 0.0444167704441677 0.0547945205479452
"gopAga" 0.0842673308426733 0.0153590701535907 0.0348692403486924 0.0294728102947281 0.0236612702366127 0.0178497301784973 0.033208800332088 0.0444167704441677 0.0568700705687007 0 0.0311332503113325 0.0639269406392694 0.0660024906600249 0.0689082606890826 0.0244914902449149 0.0722291407222914
"malTer" 0.0792860107928601 0.029057700290577 0.0315483603154836 0.0053964300539643 0.033208800332088 0.0273972602739726 0.029057700290577 0.0406807804068078 0.0531340805313408 0.0311332503113325 0 0.0593607305936073 0.0655873806558738 0.0668327106683271 0.0199252801992528 0.0718140307181403
"mesTub" 0.0892486508924865 0.0606060606060606 0.0593607305936073 0.0552096305520963 0.0618513906185139 0.0601909506019095 0.058115400581154 0.0643420506434205 0.0278123702781237 0.0639269406392694 0.0593607305936073 0 0.0577002905770029 0.074719800747198 0.0514736405147364 0.0618513906185139
"pelCas" 0.0888335408883354 0.0635118306351183 0.0651722706517227 0.0630967206309672 0.0697384806973848 0.0651722706517227 0.0626816106268161 0.0689082606890826 0.0502283105022831 0.0660024906600249 0.0655873806558738 0.0577002905770029 0 0.0809464508094645 0.058115400581154 0.049813200498132
"pelSin" 0.0875882108758821 0.0660024906600249 0.0614362806143628 0.0643420506434205 0.0668327106683271 0.066417600664176 0.0647571606475716 0.0730593607305936 0.0709838107098381 0.0689082606890826 0.0668327106683271 0.074719800747198 0.0809464508094645 0 0.0601909506019095 0.0855126608551266
"plaMeg" 0.0726442507264425 0.020755500207555 0.0224159402241594 0.0174346201743462 0.024906600249066 0.0190950601909506 0.0211706102117061 0.0323785803237858 0.0444167704441677 0.0244914902449149 0.0199252801992528 0.0514736405147364 0.058115400581154 0.0601909506019095 0 0.0639269406392694
"podExp" 0.0933997509339975 0.0726442507264425 0.0726442507264425 0.0701535907015359 0.0763802407638024 0.0726442507264425 0.0689082606890826 0.0776255707762557 0.0547945205479452 0.0722291407222914 0.0718140307181403 0.0618513906185139 0.049813200498132 0.0855126608551266 0.0639269406392694 0
