"carIns" "cheAbi" "cheMyd" "chrPic" "cuoAmb" "cuoMcc" "derCor" "derMaw" "emySub" "gopAga" "malTer" "mesTub" "pelCas" "pelSin" "plaMeg" "podExp" "terMex"
"carIns" 0 0.0581005586592179 0.0581005586592179 0.0614525139664804 0.0597765363128492 0.058659217877095 0.0564245810055866 0.0625698324022346 0.141899441340782 0.0581005586592179 0.058659217877095 0.070391061452514 0.0810055865921788 0.08268156424581 0.0569832402234637 0.0754189944134078 0.0810055865921788
"cheAbi" 0.0581005586592179 0 0.0307262569832402 0.0184357541899441 0.0139664804469274 0.0111731843575419 0.0290502793296089 0.0307262569832402 0.137988826815642 0.011731843575419 0.0189944134078212 0.0553072625698324 0.0675977653631285 0.0776536312849162 0.0167597765363128 0.0720670391061452 0.0368715083798883
"cheMyd" 0.0581005586592179 0.0307262569832402 0 0.0284916201117318 0.0273743016759777 0.0262569832402235 0.0156424581005587 0.0290502793296089 0.131843575418994 0.0312849162011173 0.0268156424581006 0.0569832402234637 0.0687150837988827 0.0770949720670391 0.0217877094972067 0.0737430167597765 0.046927374301676
"chrPic" 0.0614525139664804 0.0184357541899441 0.0284916201117318 0 0.0156424581005587 0.0139664804469274 0.0290502793296089 0.0268156424581006 0.13463687150838 0.0189944134078212 0.00558659217877095 0.0541899441340782 0.064804469273743 0.0782122905027933 0.0139664804469274 0.0737430167597765 0.0273743016759777
"cuoAmb" 0.0597765363128492 0.0139664804469274 0.0273743016759777 0.0156424581005587 0 0.00502793296089385 0.0268156424581006 0.0290502793296089 0.136871508379888 0.0134078212290503 0.0162011173184358 0.0547486033519553 0.0631284916201117 0.076536312849162 0.0139664804469274 0.0726256983240224 0.035195530726257
"cuoMcc" 0.058659217877095 0.0111731843575419 0.0262569832402235 0.0139664804469274 0.00502793296089385 0 0.0256983240223464 0.0268156424581006 0.135754189944134 0.0106145251396648 0.0139664804469274 0.053072625698324 0.0636871508379888 0.0754189944134078 0.0122905027932961 0.070391061452514 0.0335195530726257
"derCor" 0.0564245810055866 0.0290502793296089 0.0156424581005587 0.0290502793296089 0.0268156424581006 0.0256983240223464 0 0.029608938547486 0.136871508379888 0.0307262569832402 0.0273743016759777 0.058659217877095 0.0659217877094972 0.076536312849162 0.0245810055865922 0.0715083798882682 0.0480446927374302
"derMaw" 0.0625698324022346 0.0307262569832402 0.0290502793296089 0.0268156424581006 0.0290502793296089 0.0268156424581006 0.029608938547486 0 0.134078212290503 0.0324022346368715 0.0251396648044693 0.0553072625698324 0.0681564245810056 0.0782122905027933 0.0251396648044693 0.0759776536312849 0.0486033519553073
"emySub" 0.141899441340782 0.137988826815642 0.131843575418994 0.13463687150838 0.136871508379888 0.135754189944134 0.136871508379888 0.134078212290503 0 0.137430167597765 0.133519553072626 0.125139664804469 0.149162011173184 0.154748603351955 0.132402234636872 0.149720670391061 0.154189944134078
"gopAga" 0.0581005586592179 0.011731843575419 0.0312849162011173 0.0189944134078212 0.0134078212290503 0.0106145251396648 0.0307262569832402 0.0324022346368715 0.137430167597765 0 0.0195530726256983 0.0547486033519553 0.0670391061452514 0.0770949720670391 0.0162011173184358 0.070391061452514 0.0379888268156425
"malTer" 0.058659217877095 0.0189944134078212 0.0268156424581006 0.00558659217877095 0.0162011173184358 0.0139664804469274 0.0273743016759777 0.0251396648044693 0.133519553072626 0.0195530726256983 0 0.053072625698324 0.0631284916201117 0.0782122905027933 0.0134078212290503 0.0715083798882682 0.029608938547486
"mesTub" 0.070391061452514 0.0553072625698324 0.0569832402234637 0.0541899441340782 0.0547486033519553 0.053072625698324 0.058659217877095 0.0553072625698324 0.125139664804469 0.0547486033519553 0.053072625698324 0 0.0547486033519553 0.0877094972067039 0.0525139664804469 0.0670391061452514 0.0737430167597765
"pelCas" 0.0810055865921788 0.0675977653631285 0.0687150837988827 0.064804469273743 0.0631284916201117 0.0636871508379888 0.0659217877094972 0.0681564245810056 0.149162011173184 0.0670391061452514 0.0631284916201117 0.0547486033519553 0 0.0910614525139665 0.0642458100558659 0.0508379888268156 0.08268156424581
"pelSin" 0.08268156424581 0.0776536312849162 0.0770949720670391 0.0782122905027933 0.076536312849162 0.0754189944134078 0.076536312849162 0.0782122905027933 0.154748603351955 0.0770949720670391 0.0782122905027933 0.0877094972067039 0.0910614525139665 0 0.0720670391061452 0.102793296089385 0.0977653631284916
"plaMeg" 0.0569832402234637 0.0167597765363128 0.0217877094972067 0.0139664804469274 0.0139664804469274 0.0122905027932961 0.0245810055865922 0.0251396648044693 0.132402234636872 0.0162011173184358 0.0134078212290503 0.0525139664804469 0.0642458100558659 0.0720670391061452 0 0.0687150837988827 0.0340782122905028
"podExp" 0.0754189944134078 0.0720670391061452 0.0737430167597765 0.0737430167597765 0.0726256983240224 0.070391061452514 0.0715083798882682 0.0759776536312849 0.149720670391061 0.070391061452514 0.0715083798882682 0.0670391061452514 0.0508379888268156 0.102793296089385 0.0687150837988827 0 0.0910614525139665
"terMex" 0.0810055865921788 0.0368715083798883 0.046927374301676 0.0273743016759777 0.035195530726257 0.0335195530726257 0.0480446927374302 0.0486033519553073 0.154189944134078 0.0379888268156425 0.029608938547486 0.0737430167597765 0.08268156424581 0.0977653631284916 0.0340782122905028 0.0910614525139665 0
