"carIns" "cheAbi" "cheMyd" "cheSer" "chrPic" "cuoAmb" "cuoMcc" "derCor" "derMaw" "emySub" "gopAga" "malTer" "mesTub" "pelCas" "pelSin" "plaMeg" "podExp" "terMex"
"carIns" 0 0.0685550082101806 0.0677339901477833 0.0701970443349754 0.0611658456486043 0.0623973727422003 0.0697865353037767 0.070607553366174 0.11247947454844 0.069376026272578 0.114121510673235 0.0595238095238095 0.075944170771757 0.083743842364532 0.0808702791461412 0.0587027914614121 0.12807881773399 0.0644499178981938
"cheAbi" 0.0685550082101806 0 0.0467980295566502 0.0435139573070608 0.0270935960591133 0.0192939244663383 0.0266830870279146 0.0480295566502463 0.0944170771756979 0.0541871921182266 0.0673234811165846 0.0254515599343186 0.0636288998357964 0.0784072249589491 0.082512315270936 0.0242200328407225 0.117816091954023 0.0316091954022989
"cheMyd" 0.0677339901477833 0.0467980295566502 0 0.0328407224958949 0.0332512315270936 0.0373563218390805 0.0365353037766831 0.0197044334975369 0.0829228243021346 0.0554187192118227 0.0866174055829228 0.0311986863711002 0.0656814449917898 0.075944170771757 0.075944170771757 0.0320197044334975 0.119458128078818 0.0299671592775041
"cheSer" 0.0701970443349754 0.0435139573070608 0.0328407224958949 0 0.0324302134646962 0.0357142857142857 0.0365353037766831 0.0357142857142857 0.0792282430213465 0.0554187192118227 0.0841543513957307 0.0291461412151067 0.0656814449917898 0.0763546798029557 0.0710180623973727 0.0291461412151067 0.116584564860427 0.0307881773399015
"chrPic" 0.0611658456486043 0.0270935960591133 0.0332512315270936 0.0324302134646962 0 0.0188834154351396 0.0258620689655172 0.0365353037766831 0.0821018062397373 0.0488505747126437 0.0767651888341544 0.00492610837438424 0.0587027914614121 0.0710180623973727 0.0751231527093596 0.0110837438423645 0.113300492610837 0.0151888341543514
"cuoAmb" 0.0623973727422003 0.0192939244663383 0.0373563218390805 0.0357142857142857 0.0188834154351396 0 0.0139573070607553 0.0402298850574713 0.0857963875205255 0.0467980295566502 0.0697865353037767 0.0172413793103448 0.05623973727422 0.070607553366174 0.0747126436781609 0.0151888341543514 0.111658456486043 0.0233990147783251
"cuoMcc" 0.0697865353037767 0.0266830870279146 0.0365353037766831 0.0365353037766831 0.0258620689655172 0.0139573070607553 0 0.0385878489326765 0.0866174055829228 0.055008210180624 0.0697865353037767 0.0229885057471264 0.0644499178981938 0.075944170771757 0.0751231527093596 0.0221674876847291 0.117816091954023 0.0221674876847291
"derCor" 0.070607553366174 0.0480295566502463 0.0197044334975369 0.0357142857142857 0.0365353037766831 0.0402298850574713 0.0385878489326765 0 0.0857963875205255 0.0570607553366174 0.0874384236453202 0.0336617405582923 0.0673234811165846 0.0784072249589491 0.077175697865353 0.034072249589491 0.120689655172414 0.0311986863711002
"derMaw" 0.11247947454844 0.0944170771756979 0.0829228243021346 0.0792282430213465 0.0821018062397373 0.0857963875205255 0.0866174055829228 0.0857963875205255 0 0.100574712643678 0.0927750410509031 0.0800492610837438 0.110837438423645 0.122331691297209 0.11863711001642 0.0800492610837438 0.161330049261084 0.0816912972085386
"emySub" 0.069376026272578 0.0541871921182266 0.0554187192118227 0.0554187192118227 0.0488505747126437 0.0467980295566502 0.055008210180624 0.0570607553366174 0.100574712643678 0 0.101395730706076 0.0472085385878489 0.0262725779967159 0.05623973727422 0.0833333333333333 0.0472085385878489 0.0977011494252874 0.0517241379310345
"gopAga" 0.114121510673235 0.0673234811165846 0.0866174055829228 0.0841543513957307 0.0767651888341544 0.0697865353037767 0.0697865353037767 0.0874384236453202 0.0927750410509031 0.101395730706076 0 0.0738916256157636 0.111247947454844 0.124794745484401 0.118226600985222 0.0743021346469622 0.161740558292282 0.0730706075533662
"malTer" 0.0595238095238095 0.0254515599343186 0.0311986863711002 0.0291461412151067 0.00492610837438424 0.0172413793103448 0.0229885057471264 0.0336617405582923 0.0800492610837438 0.0472085385878489 0.0738916256157636 0 0.0570607553366174 0.069376026272578 0.0726600985221675 0.00944170771756979 0.110837438423645 0.013136288998358
"mesTub" 0.075944170771757 0.0636288998357964 0.0656814449917898 0.0656814449917898 0.0587027914614121 0.05623973727422 0.0644499178981938 0.0673234811165846 0.110837438423645 0.0262725779967159 0.111247947454844 0.0570607553366174 0 0.0607553366174056 0.0899014778325123 0.05623973727422 0.104269293924466 0.061576354679803
"pelCas" 0.083743842364532 0.0784072249589491 0.075944170771757 0.0763546798029557 0.0710180623973727 0.070607553366174 0.075944170771757 0.0784072249589491 0.122331691297209 0.05623973727422 0.124794745484401 0.069376026272578 0.0607553366174056 0 0.0948275862068965 0.0677339901477833 0.09688013136289 0.0718390804597701
"pelSin" 0.0808702791461412 0.082512315270936 0.075944170771757 0.0710180623973727 0.0751231527093596 0.0747126436781609 0.0751231527093596 0.077175697865353 0.11863711001642 0.0833333333333333 0.118226600985222 0.0726600985221675 0.0899014778325123 0.0948275862068965 0 0.0726600985221675 0.139983579638752 0.0710180623973727
"plaMeg" 0.0587027914614121 0.0242200328407225 0.0320197044334975 0.0291461412151067 0.0110837438423645 0.0151888341543514 0.0221674876847291 0.034072249589491 0.0800492610837438 0.0472085385878489 0.0743021346469622 0.00944170771756979 0.05623973727422 0.0677339901477833 0.0726600985221675 0 0.111658456486043 0.0155993431855501
"podExp" 0.12807881773399 0.117816091954023 0.119458128078818 0.116584564860427 0.113300492610837 0.111658456486043 0.117816091954023 0.120689655172414 0.161330049261084 0.0977011494252874 0.161740558292282 0.110837438423645 0.104269293924466 0.09688013136289 0.139983579638752 0.111658456486043 0 0.114942528735632
"terMex" 0.0644499178981938 0.0316091954022989 0.0299671592775041 0.0307881773399015 0.0151888341543514 0.0233990147783251 0.0221674876847291 0.0311986863711002 0.0816912972085386 0.0517241379310345 0.0730706075533662 0.013136288998358 0.061576354679803 0.0718390804597701 0.0710180623973727 0.0155993431855501 0.114942528735632 0
