"cheAbi" "cheMyd" "cheSer" "chrPic" "cuoAmb" "cuoMcc" "derCor" "derMaw" "emySub" "gopAga" "malTer" "mesTub" "pelCas" "pelSin" "plaMeg" "podExp"
"cheAbi" 0 0.0396355353075171 0.0305239179954442 0.028246013667426 0.0560364464692483 0.0223234624145786 0.0605922551252847 0.0501138952164009 0.055125284738041 0.0414578587699317 0.0259681093394077 0.0651480637813212 0.0619589977220957 0.0728929384965831 0.0227790432801822 0.0674259681093394
"cheMyd" 0.0396355353075171 0 0.0318906605922551 0.0428246013667426 0.0724373576309795 0.0414578587699317 0.0478359908883827 0.0478359908883827 0.0569476082004556 0.0596810933940774 0.0419134396355353 0.0674259681093394 0.0642369020501139 0.0706150341685649 0.0369020501138952 0.0687927107061503
"cheSer" 0.0305239179954442 0.0318906605922551 0 0.0359908883826879 0.0674259681093394 0.0359908883826879 0.0519362186788155 0.0405466970387244 0.0496583143507973 0.0578587699316629 0.0300683371298405 0.0605922551252847 0.0564920273348519 0.0660592255125285 0.0291571753986333 0.0642369020501139
"chrPic" 0.028246013667426 0.0428246013667426 0.0359908883826879 0 0.0633257403189066 0.0309794988610478 0.0651480637813212 0.047380410022779 0.0574031890660592 0.0528473804100228 0.0113895216400911 0.0646924829157175 0.0637813211845103 0.075626423690205 0.0264236902050114 0.0678815489749431
"cuoAmb" 0.0560364464692483 0.0724373576309795 0.0674259681093394 0.0633257403189066 0 0.0378132118451025 0.0965831435079727 0.0861047835990888 0.0924829157175399 0.0783599088838269 0.0637813211845103 0.100683371298405 0.096127562642369 0.104783599088838 0.061503416856492 0.101594533029613
"cuoMcc" 0.0223234624145786 0.0414578587699317 0.0359908883826879 0.0309794988610478 0.0378132118451025 0 0.0651480637813212 0.0555808656036446 0.0601366742596811 0.0437357630979499 0.0305239179954442 0.0697038724373576 0.0669703872437358 0.0747152619589977 0.0277904328018223 0.0697038724373576
"derCor" 0.0605922551252847 0.0478359908883827 0.0519362186788155 0.0651480637813212 0.0965831435079727 0.0651480637813212 0 0.0646924829157175 0.0783599088838269 0.0865603644646925 0.0596810933940774 0.0865603644646925 0.0842824601366743 0.0902050113895216 0.0592255125284738 0.0902050113895216
"derMaw" 0.0501138952164009 0.0478359908883827 0.0405466970387244 0.047380410022779 0.0861047835990888 0.0555808656036446 0.0646924829157175 0 0.0674259681093394 0.0747152619589977 0.0419134396355353 0.0728929384965831 0.0706150341685649 0.0765375854214123 0.0451025056947608 0.0751708428246014
"emySub" 0.055125284738041 0.0569476082004556 0.0496583143507973 0.0574031890660592 0.0924829157175399 0.0601366742596811 0.0783599088838269 0.0674259681093394 0 0.0810933940774487 0.0533029612756264 0.0314350797266515 0.0460136674259681 0.075626423690205 0.04874715261959 0.0574031890660592
"gopAga" 0.0414578587699317 0.0596810933940774 0.0578587699316629 0.0528473804100228 0.0783599088838269 0.0437357630979499 0.0865603644646925 0.0747152619589977 0.0810933940774487 0 0.0514806378132118 0.0924829157175399 0.0879271070615034 0.0965831435079727 0.0501138952164009 0.0920273348519362
"malTer" 0.0259681093394077 0.0419134396355353 0.0300683371298405 0.0113895216400911 0.0637813211845103 0.0305239179954442 0.0596810933940774 0.0419134396355353 0.0533029612756264 0.0514806378132118 0 0.0605922551252847 0.0605922551252847 0.0710706150341686 0.0200455580865604 0.0656036446469248
"mesTub" 0.0651480637813212 0.0674259681093394 0.0605922551252847 0.0646924829157175 0.100683371298405 0.0697038724373576 0.0865603644646925 0.0728929384965831 0.0314350797266515 0.0924829157175399 0.0605922551252847 0 0.0546697038724374 0.0842824601366743 0.0592255125284738 0.0660592255125285
"pelCas" 0.0619589977220957 0.0642369020501139 0.0564920273348519 0.0637813211845103 0.096127562642369 0.0669703872437358 0.0842824601366743 0.0706150341685649 0.0460136674259681 0.0879271070615034 0.0605922551252847 0.0546697038724374 0 0.0815489749430524 0.0592255125284738 0.0505694760820046
"pelSin" 0.0728929384965831 0.0706150341685649 0.0660592255125285 0.075626423690205 0.104783599088838 0.0747152619589977 0.0902050113895216 0.0765375854214123 0.075626423690205 0.0965831435079727 0.0710706150341686 0.0842824601366743 0.0815489749430524 0 0.0678815489749431 0.0892938496583144
"plaMeg" 0.0227790432801822 0.0369020501138952 0.0291571753986333 0.0264236902050114 0.061503416856492 0.0277904328018223 0.0592255125284738 0.0451025056947608 0.04874715261959 0.0501138952164009 0.0200455580865604 0.0592255125284738 0.0592255125284738 0.0678815489749431 0 0.0651480637813212
"podExp" 0.0674259681093394 0.0687927107061503 0.0642369020501139 0.0678815489749431 0.101594533029613 0.0697038724373576 0.0902050113895216 0.0751708428246014 0.0574031890660592 0.0920273348519362 0.0656036446469248 0.0660592255125285 0.0505694760820046 0.0892938496583144 0.0651480637813212 0
