"carIns" "cheAbi" "cheMyd" "cheSer" "chrPic" "cuoAmb" "cuoMcc" "derCor" "derMaw" "emySub" "gopAga" "malTer" "mesTub" "pelCas" "pelSin" "plaMeg" "podExp" "terMex"
"carIns" 0 0.0912730184147318 0.254603682946357 0.273018414731785 0.0792634107285829 0.140912730184147 0.088871096877502 0.262610088070456 0.0904723779023219 0.0976781425140112 0.0928742994395516 0.0904723779023219 0.0936749399519616 0.130504403522818 0.164931945556445 0.0848678943154524 0.11609287429944 0.0848678943154524
"cheAbi" 0.0912730184147318 0 0.241793434747798 0.258606885508407 0.044035228182546 0.0928742994395516 0.0256204963971177 0.251401120896717 0.0680544435548439 0.0688550840672538 0.0216172938350681 0.0312249799839872 0.0704563650920737 0.0984787830264211 0.139311449159327 0.0232185748598879 0.0992794235388311 0.0304243394715773
"cheMyd" 0.254603682946357 0.241793434747798 0 0.2177742193755 0.232986389111289 0.291433146517214 0.244195356285028 0.232986389111289 0.242594075260208 0.268214571657326 0.245796637309848 0.242594075260208 0.264211369095276 0.288230584467574 0.324259407526021 0.240992794235388 0.278622898318655 0.241793434747798
"cheSer" 0.273018414731785 0.258606885508407 0.2177742193755 0 0.247397918334668 0.312249799839872 0.259407526020817 0.233787029623699 0.253803042433947 0.282626100880705 0.264211369095276 0.259407526020817 0.286629303442754 0.295436349079263 0.33146517213771 0.257005604483587 0.286629303442754 0.252201761409127
"chrPic" 0.0792634107285829 0.044035228182546 0.232986389111289 0.247397918334668 0 0.0952762209767814 0.0456365092073659 0.239391513210568 0.0504403522818255 0.0768614891913531 0.0504403522818255 0.0208166533226581 0.0824659727782226 0.10888710968775 0.136108887109688 0.033626901521217 0.0984787830264211 0.0264211369095276
"cuoAmb" 0.140912730184147 0.0928742994395516 0.291433146517214 0.312249799839872 0.0952762209767814 0 0.0800640512409928 0.296236989591673 0.11369095276221 0.125700560448359 0.0976781425140112 0.0984787830264211 0.132906325060048 0.152121697357886 0.160128102481986 0.0880704563650921 0.143314651721377 0.0968775020016013
"cuoMcc" 0.088871096877502 0.0256204963971177 0.244195356285028 0.259407526020817 0.0456365092073659 0.0800640512409928 0 0.247397918334668 0.0608486789431545 0.066453162530024 0.0304243394715773 0.0312249799839872 0.0688550840672538 0.0952762209767814 0.141713370696557 0.0240192153722978 0.0976781425140112 0.0312249799839872
"derCor" 0.262610088070456 0.251401120896717 0.232986389111289 0.233787029623699 0.239391513210568 0.296236989591673 0.247397918334668 0 0.248198558847078 0.265012009607686 0.248999199359488 0.246597277822258 0.270616493194556 0.287429943955164 0.32986389111289 0.244995996797438 0.285828662930344 0.243394715772618
"derMaw" 0.0904723779023219 0.0680544435548439 0.242594075260208 0.253803042433947 0.0504403522818255 0.11369095276221 0.0608486789431545 0.248198558847078 0 0.0944755804643715 0.0752602081665332 0.066453162530024 0.0928742994395516 0.121697357886309 0.146517213771017 0.0584467574059247 0.1128903122498 0.0632506004803843
"emySub" 0.0976781425140112 0.0688550840672538 0.268214571657326 0.282626100880705 0.0768614891913531 0.125700560448359 0.066453162530024 0.265012009607686 0.0944755804643715 0 0.0720576461168935 0.0680544435548439 0.0472377902321858 0.0896717373899119 0.150520416333066 0.0608486789431545 0.0968775020016013 0.0656525220176141
"gopAga" 0.0928742994395516 0.0216172938350681 0.245796637309848 0.264211369095276 0.0504403522818255 0.0976781425140112 0.0304243394715773 0.248999199359488 0.0752602081665332 0.0720576461168935 0 0.0344275420336269 0.0760608486789432 0.100080064051241 0.143314651721377 0.0288230584467574 0.10728582866293 0.0352281825460368
"malTer" 0.0904723779023219 0.0312249799839872 0.242594075260208 0.259407526020817 0.0208166533226581 0.0984787830264211 0.0312249799839872 0.246597277822258 0.066453162530024 0.0680544435548439 0.0344275420336269 0 0.0712570056044836 0.0960768614891914 0.140912730184147 0.0192153722978383 0.0976781425140112 0.0120096076861489
"mesTub" 0.0936749399519616 0.0704563650920737 0.264211369095276 0.286629303442754 0.0824659727782226 0.132906325060048 0.0688550840672538 0.270616493194556 0.0928742994395516 0.0472377902321858 0.0760608486789432 0.0712570056044836 0 0.0960768614891914 0.158526821457166 0.0624499599679744 0.100880704563651 0.0704563650920737
"pelCas" 0.130504403522818 0.0984787830264211 0.288230584467574 0.295436349079263 0.10888710968775 0.152121697357886 0.0952762209767814 0.287429943955164 0.121697357886309 0.0896717373899119 0.100080064051241 0.0960768614891914 0.0960768614891914 0 0.179343474779824 0.0952762209767814 0.0976781425140112 0.0968775020016013
"pelSin" 0.164931945556445 0.139311449159327 0.324259407526021 0.33146517213771 0.136108887109688 0.160128102481986 0.141713370696557 0.32986389111289 0.146517213771017 0.150520416333066 0.143314651721377 0.140912730184147 0.158526821457166 0.179343474779824 0 0.134507606084868 0.168134507606085 0.136108887109688
"plaMeg" 0.0848678943154524 0.0232185748598879 0.240992794235388 0.257005604483587 0.033626901521217 0.0880704563650921 0.0240192153722978 0.244995996797438 0.0584467574059247 0.0608486789431545 0.0288230584467574 0.0192153722978383 0.0624499599679744 0.0952762209767814 0.134507606084868 0 0.0920736589271417 0.0168134507606085
"podExp" 0.11609287429944 0.0992794235388311 0.278622898318655 0.286629303442754 0.0984787830264211 0.143314651721377 0.0976781425140112 0.285828662930344 0.1128903122498 0.0968775020016013 0.10728582866293 0.0976781425140112 0.100880704563651 0.0976781425140112 0.168134507606085 0.0920736589271417 0 0.0960768614891914
"terMex" 0.0848678943154524 0.0304243394715773 0.241793434747798 0.252201761409127 0.0264211369095276 0.0968775020016013 0.0312249799839872 0.243394715772618 0.0632506004803843 0.0656525220176141 0.0352281825460368 0.0120096076861489 0.0704563650920737 0.0968775020016013 0.136108887109688 0.0168134507606085 0.0960768614891914 0
