"carIns" "cheAbi" "cheMyd" "cheSer" "chrPic" "cuoAmb" "cuoMcc" "emySub" "mesTub" "pelCas" "pelSin" "plaMeg" "podExp" "terMex"
"carIns" 0 0.0613839285714286 0.0558035714285714 0.0513392857142857 0.0569196428571429 0.0558035714285714 0.0580357142857143 0.0625 0.0630580357142857 0.0625 0.217075892857143 0.0524553571428571 0.0758928571428571 0.0552455357142857
"cheAbi" 0.0613839285714286 0 0.0329241071428571 0.0284598214285714 0.0200892857142857 0.0111607142857143 0.0100446428571429 0.0569196428571429 0.05859375 0.0535714285714286 0.217633928571429 0.0145089285714286 0.0686383928571429 0.0184151785714286
"cheMyd" 0.0558035714285714 0.0329241071428571 0 0.0206473214285714 0.0245535714285714 0.0284598214285714 0.0284598214285714 0.0535714285714286 0.0546875 0.0535714285714286 0.215401785714286 0.0223214285714286 0.0641741071428571 0.0239955357142857
"cheSer" 0.0513392857142857 0.0284598214285714 0.0206473214285714 0 0.0217633928571429 0.0239955357142857 0.0239955357142857 0.0452008928571429 0.0496651785714286 0.0452008928571429 0.209821428571429 0.0172991071428571 0.0569196428571429 0.0200892857142857
"chrPic" 0.0569196428571429 0.0200892857142857 0.0245535714285714 0.0217633928571429 0 0.015625 0.015625 0.0502232142857143 0.0530133928571429 0.0513392857142857 0.215401785714286 0.0078125 0.0652901785714286 0.00725446428571429
"cuoAmb" 0.0558035714285714 0.0111607142857143 0.0284598214285714 0.0239955357142857 0.015625 0 0.00446428571428571 0.0502232142857143 0.0530133928571429 0.0479910714285714 0.213169642857143 0.0100446428571429 0.0641741071428571 0.0139508928571429
"cuoMcc" 0.0580357142857143 0.0100446428571429 0.0284598214285714 0.0239955357142857 0.015625 0.00446428571428571 0 0.0535714285714286 0.0563616071428571 0.0502232142857143 0.215401785714286 0.0100446428571429 0.0647321428571429 0.0139508928571429
"emySub" 0.0625 0.0569196428571429 0.0535714285714286 0.0452008928571429 0.0502232142857143 0.0502232142857143 0.0535714285714286 0 0.0239955357142857 0.0396205357142857 0.224888392857143 0.0479910714285714 0.0513392857142857 0.0496651785714286
"mesTub" 0.0630580357142857 0.05859375 0.0546875 0.0496651785714286 0.0530133928571429 0.0530133928571429 0.0563616071428571 0.0239955357142857 0 0.0452008928571429 0.228236607142857 0.05078125 0.0563616071428571 0.0535714285714286
"pelCas" 0.0625 0.0535714285714286 0.0535714285714286 0.0452008928571429 0.0513392857142857 0.0479910714285714 0.0502232142857143 0.0396205357142857 0.0452008928571429 0 0.221540178571429 0.0457589285714286 0.0401785714285714 0.0496651785714286
"pelSin" 0.217075892857143 0.217633928571429 0.215401785714286 0.209821428571429 0.215401785714286 0.213169642857143 0.215401785714286 0.224888392857143 0.228236607142857 0.221540178571429 0 0.212053571428571 0.226004464285714 0.213727678571429
"plaMeg" 0.0524553571428571 0.0145089285714286 0.0223214285714286 0.0172991071428571 0.0078125 0.0100446428571429 0.0100446428571429 0.0479910714285714 0.05078125 0.0457589285714286 0.212053571428571 0 0.0608258928571429 0.00613839285714286
"podExp" 0.0758928571428571 0.0686383928571429 0.0641741071428571 0.0569196428571429 0.0652901785714286 0.0641741071428571 0.0647321428571429 0.0513392857142857 0.0563616071428571 0.0401785714285714 0.226004464285714 0.0608258928571429 0 0.0647321428571429
"terMex" 0.0552455357142857 0.0184151785714286 0.0239955357142857 0.0200892857142857 0.00725446428571429 0.0139508928571429 0.0139508928571429 0.0496651785714286 0.0535714285714286 0.0496651785714286 0.213727678571429 0.00613839285714286 0.0647321428571429 0
