"carIns" "cheAbi" "cheMyd" "cheSer" "chrPic" "cuoMcc" "derCor" "derMaw" "emySub" "gopAga" "malTer" "mesTub" "pelCas" "pelSin" "plaMeg" "podExp" "terMex"
"carIns" 0 0.086742237555446 0.0744208969935929 0.0778708723509118 0.07885657959586 0.0837851158206013 0.227205519960572 0.0901922129127649 0.0862493839329719 0.0832922621981272 0.193198620009857 0.0926564810251355 0.104977821586989 0.094627895515032 0.0763923114834894 0.105470675209463 0.0783637259733859
"cheAbi" 0.086742237555446 0 0.031542631838344 0.0399211434204041 0.0261212419911286 0.0192212912764909 0.195662888122228 0.047313947757516 0.0586495810744209 0.0167570231641203 0.145391818629867 0.0640709709216363 0.0763923114834894 0.0773780187284377 0.0256283883686545 0.0803351404632824 0.0231641202562839
"cheMyd" 0.0744208969935929 0.031542631838344 0 0.0246426811237063 0.0241498275012321 0.0266140956136028 0.184327254805323 0.0340068999507146 0.0443568260226713 0.0280926564810251 0.148348940364712 0.0527353376047314 0.0655495317890586 0.067028092656481 0.0202069985214391 0.0660423854115328 0.0206998521439133
"cheSer" 0.0778708723509118 0.0399211434204041 0.0246426811237063 0 0.0325283390832923 0.0344997535731888 0.192212912764909 0.0409068506653524 0.051256776737309 0.0335140463282405 0.152784622966979 0.0586495810744209 0.0699852143913258 0.0724494825036964 0.0271069492360769 0.070970921636274 0.0285855101034993
"chrPic" 0.07885657959586 0.0261212419911286 0.0241498275012321 0.0325283390832923 0 0.0226712666338098 0.193198620009857 0.0374568753080335 0.0463282405125678 0.0246426811237063 0.133070478068014 0.0566781665845244 0.0660423854115328 0.0734351897486447 0.0192212912764909 0.0685066535239034 0.007885657959586
"cuoMcc" 0.0837851158206013 0.0192212912764909 0.0266140956136028 0.0344997535731888 0.0226712666338098 0 0.191720059142435 0.0413997042878265 0.0532281912272055 0.0142927550517496 0.143913257762445 0.0601281419418433 0.0744208969935929 0.0739280433711188 0.0192212912764909 0.0773780187284377 0.0187284376540168
"derCor" 0.227205519960572 0.195662888122228 0.184327254805323 0.192212912764909 0.193198620009857 0.191720059142435 0 0.195170034499754 0.208477082306555 0.190241498275012 0.310990635781173 0.210448496796451 0.221291276490882 0.218827008378512 0.189255791030064 0.223262690980779 0.188270083785116
"derMaw" 0.0901922129127649 0.047313947757516 0.0340068999507146 0.0409068506653524 0.0374568753080335 0.0413997042878265 0.195170034499754 0 0.0581567274519468 0.0438639724001971 0.157220305569246 0.0660423854115328 0.0818137013307048 0.0808279940857565 0.035485460818137 0.0783637259733859 0.0325283390832923
"emySub" 0.0862493839329719 0.0586495810744209 0.0443568260226713 0.051256776737309 0.0463282405125678 0.0532281912272055 0.208477082306555 0.0581567274519468 0 0.0532281912272055 0.160177427304091 0.0359783144406111 0.0660423854115328 0.082799408575653 0.0482996550024643 0.067028092656481 0.0463282405125678
"gopAga" 0.0832922621981272 0.0167570231641203 0.0280926564810251 0.0335140463282405 0.0246426811237063 0.0142927550517496 0.190241498275012 0.0438639724001971 0.0532281912272055 0 0.14342040413997 0.0596352883193692 0.0734351897486447 0.0734351897486447 0.0211927057663874 0.074913750616067 0.0206998521439133
"malTer" 0.193198620009857 0.145391818629867 0.148348940364712 0.152784622966979 0.133070478068014 0.143913257762445 0.310990635781173 0.157220305569246 0.160177427304091 0.14342040413997 0 0.169048792508625 0.177920157713159 0.183834401182849 0.139477575160177 0.175948743223263 0.135534746180384
"mesTub" 0.0926564810251355 0.0640709709216363 0.0527353376047314 0.0586495810744209 0.0566781665845244 0.0601281419418433 0.210448496796451 0.0660423854115328 0.0359783144406111 0.0596352883193692 0.169048792508625 0 0.0714637752587482 0.0892065056678167 0.0561853129620503 0.0704780680137999 0.055199605717102
"pelCas" 0.104977821586989 0.0763923114834894 0.0655495317890586 0.0699852143913258 0.0660423854115328 0.0744208969935929 0.221291276490882 0.0818137013307048 0.0660423854115328 0.0734351897486447 0.177920157713159 0.0714637752587482 0 0.10399211434204 0.067028092656481 0.0665352390340069 0.0680137999014293
"pelSin" 0.094627895515032 0.0773780187284377 0.067028092656481 0.0724494825036964 0.0734351897486447 0.0739280433711188 0.218827008378512 0.0808279940857565 0.082799408575653 0.0734351897486447 0.183834401182849 0.0892065056678167 0.10399211434204 0 0.0680137999014293 0.103499260719566 0.0694923607688517
"plaMeg" 0.0763923114834894 0.0256283883686545 0.0202069985214391 0.0271069492360769 0.0192212912764909 0.0192212912764909 0.189255791030064 0.035485460818137 0.0482996550024643 0.0211927057663874 0.139477575160177 0.0561853129620503 0.067028092656481 0.0680137999014293 0 0.0665352390340069 0.0142927550517496
"podExp" 0.105470675209463 0.0803351404632824 0.0660423854115328 0.070970921636274 0.0685066535239034 0.0773780187284377 0.223262690980779 0.0783637259733859 0.067028092656481 0.074913750616067 0.175948743223263 0.0704780680137999 0.0665352390340069 0.103499260719566 0.0665352390340069 0 0.0680137999014293
"terMex" 0.0783637259733859 0.0231641202562839 0.0206998521439133 0.0285855101034993 0.007885657959586 0.0187284376540168 0.188270083785116 0.0325283390832923 0.0463282405125678 0.0206998521439133 0.135534746180384 0.055199605717102 0.0680137999014293 0.0694923607688517 0.0142927550517496 0.0680137999014293 0
