"cheAbi" "cheSer" "chrPic" "derCor" "derMaw" "emySub" "mesTub" "pelCas" "plaMeg" "podExp"
"cheAbi" 0 0.0242088263610671 0.0188359886953011 0.0276095530917109 0.0326718221062766 0.0464921270846921 0.0490232615919749 0.0558713003509426 0.0175781856579397 0.0612130811515886
"cheSer" 0.0242088263610671 0 0.0189136308581012 0.0239758998726669 0.02680207459859 0.0435883101959688 0.0465852976800522 0.0539457747135004 0.0176092425230597 0.0593496692443865
"chrPic" 0.0188359886953011 0.0189136308581012 0 0.0230441939190658 0.0284170315848318 0.0426566042423678 0.0455914779962111 0.0528432560017392 0.0111959998757725 0.0586974750768657
"derCor" 0.0276095530917109 0.0239758998726669 0.0230441939190658 0 0.033060032920277 0.0465542408149321 0.0492561880803752 0.0567874778719836 0.0216776918537843 0.0618963321842293
"derMaw" 0.0326718221062766 0.02680207459859 0.0284170315848318 0.033060032920277 0 0.0507624460386969 0.0533091089785397 0.0601726761700674 0.0272834560079506 0.0654678716730333
"emySub" 0.0464921270846921 0.0435883101959688 0.0426566042423678 0.0465542408149321 0.0507624460386969 0 0.0229820801888257 0.0420975806702071 0.0417559551538868 0.0479517997453337
"mesTub" 0.0490232615919749 0.0465852976800522 0.0455914779962111 0.0492561880803752 0.0533091089785397 0.0229820801888257 0 0.0454051368054909 0.0447218857728501 0.0507469176061368
"pelCas" 0.0558713003509426 0.0539457747135004 0.0528432560017392 0.0567874778719836 0.0601726761700674 0.0420975806702071 0.0454051368054909 0 0.0521444765365384 0.0438988788471692
"plaMeg" 0.0175781856579397 0.0176092425230597 0.0111959998757725 0.0216776918537843 0.0272834560079506 0.0417559551538868 0.0447218857728501 0.0521444765365384 0 0.0579055250163049
"podExp" 0.0612130811515886 0.0593496692443865 0.0586974750768657 0.0618963321842293 0.0654678716730333 0.0479517997453337 0.0507469176061368 0.0438988788471692 0.0579055250163049 0
