"carIns" "cheAbi" "cheMyd" "cheSer" "chrPic" "cuoAmb" "cuoMcc" "derCor" "derMaw" "emySub" "malTer" "mesTub" "pelCas" "pelSin" "plaMeg" "podExp" "terMex"
"carIns" 0 0.0771513353115727 0.0736894164193867 0.0766567754698319 0.0746785361028685 0.0736894164193867 0.0736894164193867 0.115232443125618 0.0924826904055391 0.100890207715134 0.0756676557863502 0.103857566765579 0.118199802176063 0.102868447082097 0.0741839762611276 0.124134520276954 0.0781404549950544
"cheAbi" 0.0771513353115727 0 0.0311572700296736 0.0311572700296736 0.0276953511374876 0.0178041543026706 0.0202769535113749 0.0771513353115727 0.0494559841740851 0.06973293768546 0.0291790306627102 0.0746785361028685 0.0939663699307616 0.0771513353115727 0.0276953511374876 0.099406528189911 0.0286844708209693
"cheMyd" 0.0736894164193867 0.0311572700296736 0 0.0272007912957468 0.0257171117705242 0.0272007912957468 0.0286844708209693 0.0553907022749753 0.0469831849653808 0.0667655786350148 0.0257171117705242 0.06973293768546 0.0855588526211672 0.0756676557863502 0.0252225519287834 0.0939663699307616 0.0247279920870425
"cheSer" 0.0766567754698319 0.0311572700296736 0.0272007912957468 0 0.0252225519287834 0.0272007912957468 0.0286844708209693 0.0722057368941642 0.0415430267062315 0.0652818991097923 0.0247279920870425 0.0692383778437191 0.0850642927794263 0.0736894164193867 0.0227497527200791 0.0934718100890208 0.0252225519287834
"chrPic" 0.0746785361028685 0.0276953511374876 0.0257171117705242 0.0252225519287834 0 0.0257171117705242 0.0272007912957468 0.0702274975272008 0.0410484668644906 0.0618199802176063 0.00939663699307616 0.0667655786350148 0.0850642927794263 0.0766567754698319 0.019782393669634 0.0949554896142433 0.0148367952522255
"cuoAmb" 0.0736894164193867 0.0178041543026706 0.0272007912957468 0.0272007912957468 0.0257171117705242 0 0.00346191889218595 0.0717111770524233 0.0459940652818991 0.0657764589515331 0.0262116716122651 0.0702274975272008 0.0909990108803165 0.0756676557863502 0.0242334322453017 0.095944609297725 0.0247279920870425
"cuoMcc" 0.0736894164193867 0.0202769535113749 0.0286844708209693 0.0286844708209693 0.0272007912957468 0.00346191889218595 0 0.0731948565776459 0.0484668644906034 0.066271018793274 0.0276953511374876 0.0707220573689416 0.0914935707220574 0.0771513353115727 0.0257171117705242 0.0974282888229476 0.0262116716122651
"derCor" 0.115232443125618 0.0771513353115727 0.0553907022749753 0.0722057368941642 0.0702274975272008 0.0717111770524233 0.0731948565776459 0 0.0929772502472799 0.107319485657765 0.0702274975272008 0.108803165182987 0.127596439169139 0.1162215628091 0.0702274975272008 0.134520276953511 0.0702274975272008
"derMaw" 0.0924826904055391 0.0494559841740851 0.0469831849653808 0.0415430267062315 0.0410484668644906 0.0459940652818991 0.0484668644906034 0.0929772502472799 0 0.0806132542037587 0.0450049455984174 0.0816023738872404 0.100395647873393 0.0885262116716123 0.0450049455984174 0.10484668644906 0.0474777448071217
"emySub" 0.100890207715134 0.06973293768546 0.0667655786350148 0.0652818991097923 0.0618199802176063 0.0657764589515331 0.066271018793274 0.107319485657765 0.0806132542037587 0 0.0603363006923838 0.0346191889218595 0.0746785361028685 0.100890207715134 0.062809099901088 0.0830860534124629 0.0623145400593472
"malTer" 0.0756676557863502 0.0291790306627102 0.0257171117705242 0.0247279920870425 0.00939663699307616 0.0262116716122651 0.0276953511374876 0.0702274975272008 0.0450049455984174 0.0603363006923838 0 0.066271018793274 0.0840751730959446 0.076162215628091 0.0192878338278932 0.0934718100890208 0.0143422354104847
"mesTub" 0.103857566765579 0.0746785361028685 0.06973293768546 0.0692383778437191 0.0667655786350148 0.0702274975272008 0.0707220573689416 0.108803165182987 0.0816023738872404 0.0346191889218595 0.066271018793274 0 0.0791295746785361 0.102373887240356 0.0667655786350148 0.0880316518298714 0.0682492581602374
"pelCas" 0.118199802176063 0.0939663699307616 0.0855588526211672 0.0850642927794263 0.0850642927794263 0.0909990108803165 0.0914935707220574 0.127596439169139 0.100395647873393 0.0746785361028685 0.0840751730959446 0.0791295746785361 0 0.123145400593472 0.0845697329376855 0.0741839762611276 0.0870425321463897
"pelSin" 0.102868447082097 0.0771513353115727 0.0756676557863502 0.0736894164193867 0.0766567754698319 0.0756676557863502 0.0771513353115727 0.1162215628091 0.0885262116716123 0.100890207715134 0.076162215628091 0.102373887240356 0.123145400593472 0 0.076162215628091 0.123145400593472 0.0736894164193867
"plaMeg" 0.0741839762611276 0.0276953511374876 0.0252225519287834 0.0227497527200791 0.019782393669634 0.0242334322453017 0.0257171117705242 0.0702274975272008 0.0450049455984174 0.062809099901088 0.0192878338278932 0.0667655786350148 0.0845697329376855 0.076162215628091 0 0.0949554896142433 0.019782393669634
"podExp" 0.124134520276954 0.099406528189911 0.0939663699307616 0.0934718100890208 0.0949554896142433 0.095944609297725 0.0974282888229476 0.134520276953511 0.10484668644906 0.0830860534124629 0.0934718100890208 0.0880316518298714 0.0741839762611276 0.123145400593472 0.0949554896142433 0 0.095944609297725
"terMex" 0.0781404549950544 0.0286844708209693 0.0247279920870425 0.0252225519287834 0.0148367952522255 0.0247279920870425 0.0262116716122651 0.0702274975272008 0.0474777448071217 0.0623145400593472 0.0143422354104847 0.0682492581602374 0.0870425321463897 0.0736894164193867 0.019782393669634 0.095944609297725 0
