"carIns" "cheAbi" "chrPic" "cuoAmb" "cuoMcc" "derMaw" "emySub" "gopAga" "malTer" "mesTub" "pelCas" "plaMeg" "podExp" "terMex"
"carIns" 0 0.0964705882352941 0.0405882352941176 0.0370588235294118 0.0370588235294118 0.0423529411764706 0.0470588235294118 0.0982352941176471 0.0794117647058823 0.155882352941176 0.061764705882353 0.130588235294118 0.0623529411764706 0.0376470588235294
"cheAbi" 0.0964705882352941 0 0.0752941176470588 0.0694117647058824 0.0688235294117647 0.0852941176470588 0.0905882352941176 0.08 0.0788235294117647 0.154117647058824 0.102352941176471 0.124117647058824 0.108235294117647 0.0735294117647059
"chrPic" 0.0405882352941176 0.0752941176470588 0 0.0105882352941176 0.01 0.0223529411764706 0.0305882352941176 0.0794117647058823 0.0494117647058823 0.145294117647059 0.0452941176470588 0.11 0.0488235294117647 0.00647058823529412
"cuoAmb" 0.0370588235294118 0.0694117647058824 0.0105882352941176 0 0.00176470588235294 0.0223529411764706 0.0282352941176471 0.0723529411764706 0.0535294117647059 0.142352941176471 0.0435294117647059 0.109411764705882 0.0476470588235294 0.00764705882352941
"cuoMcc" 0.0370588235294118 0.0688235294117647 0.01 0.00176470588235294 0 0.0217647058823529 0.0288235294117647 0.0723529411764706 0.0529411764705882 0.142941176470588 0.0417647058823529 0.108823529411765 0.0470588235294118 0.00705882352941176
"derMaw" 0.0423529411764706 0.0852941176470588 0.0223529411764706 0.0223529411764706 0.0217647058823529 0 0.0388235294117647 0.0894117647058824 0.0670588235294118 0.152941176470588 0.0547058823529412 0.121764705882353 0.0588235294117647 0.0205882352941176
"emySub" 0.0470588235294118 0.0905882352941176 0.0305882352941176 0.0282352941176471 0.0288235294117647 0.0388235294117647 0 0.0935294117647059 0.0735294117647059 0.137647058823529 0.0323529411764706 0.125882352941176 0.0394117647058824 0.03
"gopAga" 0.0982352941176471 0.08 0.0794117647058823 0.0723529411764706 0.0723529411764706 0.0894117647058824 0.0935294117647059 0 0.09 0.160588235294118 0.103529411764706 0.135294117647059 0.109411764705882 0.0770588235294118
"malTer" 0.0794117647058823 0.0788235294117647 0.0494117647058823 0.0535294117647059 0.0529411764705882 0.0670588235294118 0.0735294117647059 0.09 0 0.142941176470588 0.0829411764705882 0.115882352941176 0.0888235294117647 0.0494117647058823
"mesTub" 0.155882352941176 0.154117647058824 0.145294117647059 0.142352941176471 0.142941176470588 0.152941176470588 0.137647058823529 0.160588235294118 0.142941176470588 0 0.15 0.147647058823529 0.158235294117647 0.142941176470588
"pelCas" 0.061764705882353 0.102352941176471 0.0452941176470588 0.0435294117647059 0.0417647058823529 0.0547058823529412 0.0323529411764706 0.103529411764706 0.0829411764705882 0.15 0 0.133529411764706 0.0305882352941176 0.0435294117647059
"plaMeg" 0.130588235294118 0.124117647058824 0.11 0.109411764705882 0.108823529411765 0.121764705882353 0.125882352941176 0.135294117647059 0.115882352941176 0.147647058823529 0.133529411764706 0 0.140588235294118 0.107647058823529
"podExp" 0.0623529411764706 0.108235294117647 0.0488235294117647 0.0476470588235294 0.0470588235294118 0.0588235294117647 0.0394117647058824 0.109411764705882 0.0888235294117647 0.158235294117647 0.0305882352941176 0.140588235294118 0 0.0470588235294118
"terMex" 0.0376470588235294 0.0735294117647059 0.00647058823529412 0.00764705882352941 0.00705882352941176 0.0205882352941176 0.03 0.0770588235294118 0.0494117647058823 0.142941176470588 0.0435294117647059 0.107647058823529 0.0470588235294118 0
