"carIns" "cheAbi" "cheMyd" "cheSer" "chrPic" "cuoAmb" "cuoMcc" "derCor" "derMaw" "emySub" "gopAga" "malTer" "mesTub" "pelCas" "pelSin" "plaMeg" "podExp" "terMex"
"carIns" 0 0.0688025210084034 0.0640756302521008 0.0635504201680672 0.0635504201680672 0.0672268907563025 0.0667016806722689 0.0677521008403361 0.069327731092437 0.0751050420168067 0.0667016806722689 0.0819327731092437 0.0724789915966387 0.0966386554621849 0.0976890756302521 0.0651260504201681 0.0992647058823529 0.0614495798319328
"cheAbi" 0.0688025210084034 0 0.0241596638655462 0.0246848739495798 0.0225840336134454 0.016281512605042 0.0157563025210084 0.0294117647058824 0.0362394957983193 0.0640756302521008 0.0126050420168067 0.0441176470588235 0.0609243697478992 0.0866596638655462 0.0945378151260504 0.0220588235294118 0.0861344537815126 0.0194327731092437
"cheMyd" 0.0640756302521008 0.0241596638655462 0 0.0173319327731092 0.0215336134453782 0.0257352941176471 0.0241596638655462 0.0115546218487395 0.0309873949579832 0.0582983193277311 0.0246848739495798 0.0425420168067227 0.0551470588235294 0.0814075630252101 0.0887605042016807 0.0220588235294118 0.0808823529411765 0.0183823529411765
"cheSer" 0.0635504201680672 0.0246848739495798 0.0173319327731092 0 0.0199579831932773 0.0262605042016807 0.0246848739495798 0.0225840336134454 0.0283613445378151 0.0577731092436975 0.0246848739495798 0.0414915966386555 0.0546218487394958 0.0819327731092437 0.0882352941176471 0.0215336134453782 0.0835084033613445 0.0168067226890756
"chrPic" 0.0635504201680672 0.0225840336134454 0.0215336134453782 0.0199579831932773 0 0.0220588235294118 0.0215336134453782 0.0257352941176471 0.0304621848739496 0.0588235294117647 0.0215336134453782 0.0225840336134454 0.0561974789915966 0.0819327731092437 0.0908613445378151 0.016281512605042 0.085609243697479 0.00735294117647059
"cuoAmb" 0.0672268907563025 0.016281512605042 0.0257352941176471 0.0262605042016807 0.0220588235294118 0 0.00577731092436975 0.0309873949579832 0.0378151260504202 0.0640756302521008 0.0173319327731092 0.0435924369747899 0.0598739495798319 0.0882352941176471 0.0940126050420168 0.0236344537815126 0.0887605042016807 0.0199579831932773
"cuoMcc" 0.0667016806722689 0.0157563025210084 0.0241596638655462 0.0246848739495798 0.0215336134453782 0.00577731092436975 0 0.0294117647058824 0.0351890756302521 0.0625 0.0168067226890756 0.0441176470588235 0.0588235294117647 0.0866596638655462 0.092436974789916 0.023109243697479 0.0871848739495798 0.0183823529411765
"derCor" 0.0677521008403361 0.0294117647058824 0.0115546218487395 0.0225840336134454 0.0257352941176471 0.0309873949579832 0.0294117647058824 0 0.0341386554621849 0.0614495798319328 0.0288865546218487 0.0456932773109244 0.0582983193277311 0.0850840336134454 0.0898109243697479 0.0262605042016807 0.0850840336134454 0.0236344537815126
"derMaw" 0.069327731092437 0.0362394957983193 0.0309873949579832 0.0283613445378151 0.0304621848739496 0.0378151260504202 0.0351890756302521 0.0341386554621849 0 0.0609243697478992 0.0362394957983193 0.0519957983193277 0.0593487394957983 0.0871848739495798 0.0961134453781513 0.0309873949579832 0.0877100840336134 0.0304621848739496
"emySub" 0.0751050420168067 0.0640756302521008 0.0582983193277311 0.0577731092436975 0.0588235294117647 0.0640756302521008 0.0625 0.0614495798319328 0.0609243697478992 0 0.0640756302521008 0.0793067226890756 0.0241596638655462 0.0598739495798319 0.104516806722689 0.0577731092436975 0.0661764705882353 0.0572478991596639
"gopAga" 0.0667016806722689 0.0126050420168067 0.0246848739495798 0.0246848739495798 0.0215336134453782 0.0173319327731092 0.0168067226890756 0.0288865546218487 0.0362394957983193 0.0640756302521008 0 0.0425420168067227 0.0598739495798319 0.0850840336134454 0.095063025210084 0.0220588235294118 0.0850840336134454 0.0194327731092437
"malTer" 0.0819327731092437 0.0441176470588235 0.0425420168067227 0.0414915966386555 0.0225840336134454 0.0435924369747899 0.0441176470588235 0.0456932773109244 0.0519957983193277 0.0793067226890756 0.0425420168067227 0 0.0777310924369748 0.101365546218487 0.110294117647059 0.0378151260504202 0.104516806722689 0.0288865546218487
"mesTub" 0.0724789915966387 0.0609243697478992 0.0551470588235294 0.0546218487394958 0.0561974789915966 0.0598739495798319 0.0588235294117647 0.0582983193277311 0.0593487394957983 0.0241596638655462 0.0598739495798319 0.0777310924369748 0 0.0661764705882353 0.102941176470588 0.0535714285714286 0.0703781512605042 0.0540966386554622
"pelCas" 0.0966386554621849 0.0866596638655462 0.0814075630252101 0.0819327731092437 0.0819327731092437 0.0882352941176471 0.0866596638655462 0.0850840336134454 0.0871848739495798 0.0598739495798319 0.0850840336134454 0.101365546218487 0.0661764705882353 0 0.122899159663866 0.0814075630252101 0.069327731092437 0.0803571428571429
"pelSin" 0.0976890756302521 0.0945378151260504 0.0887605042016807 0.0882352941176471 0.0908613445378151 0.0940126050420168 0.092436974789916 0.0898109243697479 0.0961134453781513 0.104516806722689 0.095063025210084 0.110294117647059 0.102941176470588 0.122899159663866 0 0.0929621848739496 0.122373949579832 0.0871848739495798
"plaMeg" 0.0651260504201681 0.0220588235294118 0.0220588235294118 0.0215336134453782 0.016281512605042 0.0236344537815126 0.023109243697479 0.0262605042016807 0.0309873949579832 0.0577731092436975 0.0220588235294118 0.0378151260504202 0.0535714285714286 0.0814075630252101 0.0929621848739496 0 0.0808823529411765 0.0152310924369748
"podExp" 0.0992647058823529 0.0861344537815126 0.0808823529411765 0.0835084033613445 0.085609243697479 0.0887605042016807 0.0871848739495798 0.0850840336134454 0.0877100840336134 0.0661764705882353 0.0850840336134454 0.104516806722689 0.0703781512605042 0.069327731092437 0.122373949579832 0.0808823529411765 0 0.0824579831932773
"terMex" 0.0614495798319328 0.0194327731092437 0.0183823529411765 0.0168067226890756 0.00735294117647059 0.0199579831932773 0.0183823529411765 0.0236344537815126 0.0304621848739496 0.0572478991596639 0.0194327731092437 0.0288865546218487 0.0540966386554622 0.0803571428571429 0.0871848739495798 0.0152310924369748 0.0824579831932773 0
