"carIns" "cheAbi" "cheMyd" "cheSer" "chrPic" "cuoMcc" "derCor" "derMaw" "emySub" "gopAga" "malTer" "mesTub" "pelCas" "pelSin" "plaMeg" "podExp" "terMex"
"carIns" 0 0.0927884615384615 0.0942307692307692 0.0951923076923077 0.0927884615384615 0.0899038461538462 0.0961538461538462 0.0951923076923077 0.117788461538462 0.0923076923076923 0.105769230769231 0.123076923076923 0.128365384615385 0.111057692307692 0.0908653846153846 0.137019230769231 0.0879807692307692
"cheAbi" 0.0927884615384615 0 0.0413461538461538 0.0418269230769231 0.0346153846153846 0.0264423076923077 0.0456730769230769 0.0519230769230769 0.0889423076923077 0.0225961538461538 0.0509615384615385 0.0951923076923077 0.101442307692308 0.0860576923076923 0.0336538461538462 0.107211538461538 0.0307692307692308
"cheMyd" 0.0942307692307692 0.0413461538461538 0 0.0355769230769231 0.0341346153846154 0.0322115384615385 0.0264423076923077 0.04375 0.0831730769230769 0.0379807692307692 0.0504807692307692 0.0879807692307692 0.0990384615384615 0.0894230769230769 0.0331730769230769 0.108173076923077 0.0302884615384615
"cheSer" 0.0951923076923077 0.0418269230769231 0.0355769230769231 0 0.0346153846153846 0.0317307692307692 0.0408653846153846 0.0394230769230769 0.0788461538461538 0.0379807692307692 0.0509615384615385 0.0860576923076923 0.09375 0.0875 0.0360576923076923 0.107692307692308 0.0293269230769231
"chrPic" 0.0927884615384615 0.0346153846153846 0.0341346153846154 0.0346153846153846 0 0.0230769230769231 0.0350961538461538 0.0403846153846154 0.0798076923076923 0.03125 0.0254807692307692 0.0826923076923077 0.0947115384615385 0.0817307692307692 0.0225961538461538 0.100961538461538 0.0139423076923077
"cuoMcc" 0.0899038461538462 0.0264423076923077 0.0322115384615385 0.0317307692307692 0.0230769230769231 0 0.0346153846153846 0.0403846153846154 0.0774038461538462 0.0216346153846154 0.0394230769230769 0.0836538461538461 0.0918269230769231 0.0798076923076923 0.0211538461538462 0.0985576923076923 0.01875
"derCor" 0.0961538461538462 0.0456730769230769 0.0264423076923077 0.0408653846153846 0.0350961538461538 0.0346153846153846 0 0.0451923076923077 0.0831730769230769 0.0423076923076923 0.0509615384615385 0.0865384615384615 0.0995192307692308 0.0923076923076923 0.0355769230769231 0.105769230769231 0.0326923076923077
"derMaw" 0.0951923076923077 0.0519230769230769 0.04375 0.0394230769230769 0.0403846153846154 0.0403846153846154 0.0451923076923077 0 0.0850961538461538 0.0466346153846154 0.0538461538461538 0.0884615384615385 0.1 0.0903846153846154 0.0408653846153846 0.110576923076923 0.0375
"emySub" 0.117788461538462 0.0889423076923077 0.0831730769230769 0.0788461538461538 0.0798076923076923 0.0774038461538462 0.0831730769230769 0.0850961538461538 0 0.0836538461538461 0.0947115384615385 0.0471153846153846 0.0754807692307692 0.110096153846154 0.0802884615384615 0.0860576923076923 0.0774038461538462
"gopAga" 0.0923076923076923 0.0225961538461538 0.0379807692307692 0.0379807692307692 0.03125 0.0216346153846154 0.0423076923076923 0.0466346153846154 0.0836538461538461 0 0.0466346153846154 0.0879807692307692 0.0956730769230769 0.0850961538461538 0.0298076923076923 0.103846153846154 0.0259615384615385
"malTer" 0.105769230769231 0.0509615384615385 0.0504807692307692 0.0509615384615385 0.0254807692307692 0.0394230769230769 0.0509615384615385 0.0538461538461538 0.0947115384615385 0.0466346153846154 0 0.0975961538461538 0.109134615384615 0.0980769230769231 0.0365384615384615 0.117788461538462 0.0302884615384615
"mesTub" 0.123076923076923 0.0951923076923077 0.0879807692307692 0.0860576923076923 0.0826923076923077 0.0836538461538461 0.0865384615384615 0.0884615384615385 0.0471153846153846 0.0879807692307692 0.0975961538461538 0 0.0822115384615385 0.117307692307692 0.0875 0.0932692307692308 0.08125
"pelCas" 0.128365384615385 0.101442307692308 0.0990384615384615 0.09375 0.0947115384615385 0.0918269230769231 0.0995192307692308 0.1 0.0754807692307692 0.0956730769230769 0.109134615384615 0.0822115384615385 0 0.125961538461538 0.09375 0.0802884615384615 0.0927884615384615
"pelSin" 0.111057692307692 0.0860576923076923 0.0894230769230769 0.0875 0.0817307692307692 0.0798076923076923 0.0923076923076923 0.0903846153846154 0.110096153846154 0.0850961538461538 0.0980769230769231 0.117307692307692 0.125961538461538 0 0.0817307692307692 0.130769230769231 0.0798076923076923
"plaMeg" 0.0908653846153846 0.0336538461538462 0.0331730769230769 0.0360576923076923 0.0225961538461538 0.0211538461538462 0.0355769230769231 0.0408653846153846 0.0802884615384615 0.0298076923076923 0.0365384615384615 0.0875 0.09375 0.0817307692307692 0 0.101442307692308 0.0173076923076923
"podExp" 0.137019230769231 0.107211538461538 0.108173076923077 0.107692307692308 0.100961538461538 0.0985576923076923 0.105769230769231 0.110576923076923 0.0860576923076923 0.103846153846154 0.117788461538462 0.0932692307692308 0.0802884615384615 0.130769230769231 0.101442307692308 0 0.0980769230769231
"terMex" 0.0879807692307692 0.0307692307692308 0.0302884615384615 0.0293269230769231 0.0139423076923077 0.01875 0.0326923076923077 0.0375 0.0774038461538462 0.0259615384615385 0.0302884615384615 0.08125 0.0927884615384615 0.0798076923076923 0.0173076923076923 0.0980769230769231 0
