"carIns" "cheAbi" "cheMyd" "cheSer" "chrPic" "cuoAmb" "derCor" "derMaw" "emySub" "gopAga" "malTer" "mesTub" "pelCas" "pelSin" "plaMeg" "podExp"
"carIns" 0 0.0687175389532561 0.0946863763483819 0.0691170595285657 0.066719936076708 0.0958849380743108 0.0703156212544946 0.0679184978026368 0.0854974031162605 0.066719936076708 0.0659208949260887 0.0846983619656412 0.109468637634838 0.0914902117459049 0.0683180183779465 0.115860966839792
"cheAbi" 0.0687175389532561 0 0.0579304834198961 0.0307630842988414 0.020375549340791 0.0463443867359169 0.0323611666000799 0.0335597283260088 0.0547343188174191 0.0123851378345985 0.0211745904914103 0.0547343188174191 0.083899320815022 0.0735117858569716 0.0191769876148622 0.0962844586496205
"cheMyd" 0.0946863763483819 0.0579304834198961 0 0.0499400719137036 0.0531362365161806 0.0583300039952058 0.0463443867359169 0.0543347982421095 0.0775069916100679 0.055932880543348 0.0531362365161806 0.0815021973631642 0.10707151418298 0.0842988413903316 0.0531362365161806 0.11785856971634
"cheSer" 0.0691170595285657 0.0307630842988414 0.0499400719137036 0 0.0235717139432681 0.0567319216939672 0.0243707550938873 0.024770275669197 0.0495405513383939 0.027966440271674 0.0231721933679584 0.0499400719137036 0.0799041150619257 0.0759089093088294 0.0235717139432681 0.0910906911705953
"chrPic" 0.066719936076708 0.020375549340791 0.0531362365161806 0.0235717139432681 0 0.0463443867359169 0.0275669196963644 0.0283659608469836 0.0507391130643228 0.0195765081901718 0.0083899320815022 0.0519376747902517 0.0803036356372353 0.0723132241310428 0.0143827407111466 0.0914902117459049
"cuoAmb" 0.0958849380743108 0.0463443867359169 0.0583300039952058 0.0567319216939672 0.0463443867359169 0 0.0599280862964443 0.059129045145825 0.0811026767878546 0.045145825009988 0.0459448661606073 0.0823012385137835 0.110267678785457 0.0842988413903316 0.0463443867359169 0.123851378345985
"derCor" 0.0703156212544946 0.0323611666000799 0.0463443867359169 0.0243707550938873 0.0275669196963644 0.0599280862964443 0 0.0291650019976029 0.052736715940871 0.031162604874151 0.027966440271674 0.0515381542149421 0.0819017179384738 0.0767079504594487 0.0275669196963644 0.0894926088693568
"derMaw" 0.0679184978026368 0.0335597283260088 0.0543347982421095 0.024770275669197 0.0283659608469836 0.059129045145825 0.0291650019976029 0 0.0539352776667998 0.0303635637235318 0.0287654814222932 0.0563324011186576 0.0850978825409509 0.0759089093088294 0.0275669196963644 0.093487814622453
"emySub" 0.0854974031162605 0.0547343188174191 0.0775069916100679 0.0495405513383939 0.0507391130643228 0.0811026767878546 0.052736715940871 0.0539352776667998 0 0.0511386336396324 0.0487415101877747 0.0287654814222932 0.076308429884139 0.0894926088693568 0.0491410307630843 0.0819017179384738
"gopAga" 0.066719936076708 0.0123851378345985 0.055932880543348 0.027966440271674 0.0195765081901718 0.045145825009988 0.031162604874151 0.0303635637235318 0.0511386336396324 0 0.020375549340791 0.0519376747902517 0.0819017179384738 0.0727127447063524 0.017179384738314 0.0930882940471434
"malTer" 0.0659208949260887 0.0211745904914103 0.0531362365161806 0.0231721933679584 0.0083899320815022 0.0459448661606073 0.027966440271674 0.0287654814222932 0.0487415101877747 0.020375549340791 0 0.0515381542149421 0.080703156212545 0.0711146624051139 0.0135836995605274 0.0918897323212145
"mesTub" 0.0846983619656412 0.0547343188174191 0.0815021973631642 0.0499400719137036 0.0519376747902517 0.0823012385137835 0.0515381542149421 0.0563324011186576 0.0287654814222932 0.0519376747902517 0.0515381542149421 0 0.0775069916100679 0.0942868557730723 0.0503395924890132 0.0850978825409509
"pelCas" 0.109468637634838 0.083899320815022 0.10707151418298 0.0799041150619257 0.0803036356372353 0.110267678785457 0.0819017179384738 0.0850978825409509 0.076308429884139 0.0819017179384738 0.080703156212545 0.0775069916100679 0 0.119456652017579 0.0803036356372353 0.0803036356372353
"pelSin" 0.0914902117459049 0.0735117858569716 0.0842988413903316 0.0759089093088294 0.0723132241310428 0.0842988413903316 0.0767079504594487 0.0759089093088294 0.0894926088693568 0.0727127447063524 0.0711146624051139 0.0942868557730723 0.119456652017579 0 0.069916100679185 0.127846584099081
"plaMeg" 0.0683180183779465 0.0191769876148622 0.0531362365161806 0.0235717139432681 0.0143827407111466 0.0463443867359169 0.0275669196963644 0.0275669196963644 0.0491410307630843 0.017179384738314 0.0135836995605274 0.0503395924890132 0.0803036356372353 0.069916100679185 0 0.0910906911705953
"podExp" 0.115860966839792 0.0962844586496205 0.11785856971634 0.0910906911705953 0.0914902117459049 0.123851378345985 0.0894926088693568 0.093487814622453 0.0819017179384738 0.0930882940471434 0.0918897323212145 0.0850978825409509 0.0803036356372353 0.127846584099081 0.0910906911705953 0
