"cheAbi" "cheMyd" "cheSer" "chrPic" "cuoMcc" "derCor" "derMaw" "gopAga" "mesTub" "pelCas" "pelSin" "plaMeg" "podExp" "terMex"
"cheAbi" 0 0.028498727735369 0.0310432569974555 0.0254452926208651 0.0178117048346056 0.0396946564885496 0.0396946564885496 0.0203562340966921 0.0641221374045802 0.0793893129770992 0.0707379134860051 0.0223918575063613 0.072264631043257 0.0239185750636132
"cheMyd" 0.028498727735369 0 0.0173027989821883 0.0234096692111959 0.0239185750636132 0.0193384223918575 0.0290076335877863 0.0279898218829517 0.0569974554707379 0.0702290076335878 0.0600508905852417 0.0208651399491094 0.0636132315521628 0.0229007633587786
"cheSer" 0.0310432569974555 0.0173027989821883 0 0.021882951653944 0.0234096692111959 0.0264631043256997 0.026972010178117 0.0300254452926209 0.0549618320610687 0.0702290076335878 0.0595419847328244 0.0213740458015267 0.060559796437659 0.0234096692111959
"chrPic" 0.0254452926208651 0.0234096692111959 0.021882951653944 0 0.0198473282442748 0.033587786259542 0.0356234096692112 0.026972010178117 0.060559796437659 0.0743002544529262 0.0625954198473282 0.0157760814249364 0.0676844783715013 0.00763358778625954
"cuoMcc" 0.0178117048346056 0.0239185750636132 0.0234096692111959 0.0198473282442748 0 0.0330788804071247 0.0361323155216285 0.0173027989821883 0.0600508905852417 0.0743002544529262 0.0656488549618321 0.0162849872773537 0.067175572519084 0.0193384223918575
"derCor" 0.0396946564885496 0.0193384223918575 0.0264631043256997 0.033587786259542 0.0330788804071247 0 0.0402035623409669 0.0402035623409669 0.0666666666666667 0.0814249363867685 0.0697201017811705 0.0320610687022901 0.0727735368956743 0.0340966921119593
"derMaw" 0.0396946564885496 0.0290076335877863 0.026972010178117 0.0356234096692112 0.0361323155216285 0.0402035623409669 0 0.0422391857506361 0.0646310432569975 0.0819338422391857 0.0727735368956743 0.0330788804071247 0.0737913486005089 0.0351145038167939
"gopAga" 0.0203562340966921 0.0279898218829517 0.0300254452926209 0.026972010178117 0.0173027989821883 0.0402035623409669 0.0422391857506361 0 0.0656488549618321 0.0783715012722646 0.0717557251908397 0.0223918575063613 0.0748091603053435 0.0254452926208651
"mesTub" 0.0641221374045802 0.0569974554707379 0.0549618320610687 0.060559796437659 0.0600508905852417 0.0666666666666667 0.0646310432569975 0.0656488549618321 0 0.0641221374045802 0.0732824427480916 0.060559796437659 0.0631043256997455 0.0600508905852417
"pelCas" 0.0793893129770992 0.0702290076335878 0.0702290076335878 0.0743002544529262 0.0743002544529262 0.0814249363867685 0.0819338422391857 0.0783715012722646 0.0641221374045802 0 0.0875318066157761 0.072264631043257 0.0610687022900763 0.0732824427480916
"pelSin" 0.0707379134860051 0.0600508905852417 0.0595419847328244 0.0625954198473282 0.0656488549618321 0.0697201017811705 0.0727735368956743 0.0717557251908397 0.0732824427480916 0.0875318066157761 0 0.060559796437659 0.082442748091603 0.0651399491094148
"plaMeg" 0.0223918575063613 0.0208651399491094 0.0213740458015267 0.0157760814249364 0.0162849872773537 0.0320610687022901 0.0330788804071247 0.0223918575063613 0.060559796437659 0.072264631043257 0.060559796437659 0 0.0666666666666667 0.0152671755725191
"podExp" 0.072264631043257 0.0636132315521628 0.060559796437659 0.0676844783715013 0.067175572519084 0.0727735368956743 0.0737913486005089 0.0748091603053435 0.0631043256997455 0.0610687022900763 0.082442748091603 0.0666666666666667 0 0.067175572519084
"terMex" 0.0239185750636132 0.0229007633587786 0.0234096692111959 0.00763358778625954 0.0193384223918575 0.0340966921119593 0.0351145038167939 0.0254452926208651 0.0600508905852417 0.0732824427480916 0.0651399491094148 0.0152671755725191 0.067175572519084 0
