"carIns" "cheAbi" "cheMyd" "chrPic" "cuoAmb" "cuoMcc" "derCor" "derMaw" "emySub" "gopAga" "malTer" "mesTub" "pelCas" "pelSin" "plaMeg" "podExp" "terMex"
"carIns" 0 0.0637823371989295 0.096342551293488 0.06021409455843 0.0624442462087422 0.0932203389830508 0.0958965209634255 0.0954504906333631 0.0749330954504906 0.0664585191793042 0.088314005352364 0.0829616413916146 0.114629794826048 0.114629794826048 0.0575379125780553 0.088314005352364 0.0611061552185549
"cheAbi" 0.0637823371989295 0 0.06021409455843 0.0227475468331847 0.0169491525423729 0.0477252453166815 0.064228367528992 0.0606601248884924 0.0553077609277431 0.0169491525423729 0.0517395182872435 0.0619982158786797 0.0945584299732382 0.10392506690455 0.0205173951828724 0.0749330954504906 0.0223015165031222
"cheMyd" 0.096342551293488 0.06021409455843 0 0.056199821587868 0.0557537912578055 0.0218554861730598 0.0165031222123104 0.0289919714540589 0.0811775200713648 0.0619982158786797 0.0834076717216771 0.0909901873327386 0.0606601248884924 0.0718108831400535 0.0490633363068689 0.10035682426405 0.0553077609277431
"chrPic" 0.06021409455843 0.0227475468331847 0.056199821587868 0 0.02007136485281 0.0504014272970562 0.06021409455843 0.0579839429081178 0.052185548617306 0.0267618198037467 0.0356824264049955 0.06021409455843 0.0932203389830508 0.0990187332738626 0.016057091882248 0.0727029438001784 0.00892060660124889
"cuoAmb" 0.0624442462087422 0.0169491525423729 0.0557537912578055 0.02007136485281 0 0.0352363960749331 0.0597680642283675 0.0606601248884924 0.0499553969669938 0.0214094558429973 0.0477252453166815 0.0557537912578055 0.0896520963425513 0.0990187332738626 0.016057091882248 0.0695807314897413 0.0187332738626227
"cuoMcc" 0.0932203389830508 0.0477252453166815 0.0218554861730598 0.0504014272970562 0.0352363960749331 0 0.0267618198037467 0.028099910793934 0.08028545941124 0.052185548617306 0.0793933987511151 0.0856378233719893 0.0584299732381802 0.0677966101694915 0.0468331846565566 0.0981266726137377 0.0490633363068689
"derCor" 0.0958965209634255 0.064228367528992 0.0165031222123104 0.06021409455843 0.0597680642283675 0.0267618198037467 0 0.0307760927743087 0.0829616413916146 0.0660124888492418 0.0874219446922391 0.0927743086529884 0.0619982158786797 0.0740410347903658 0.052185548617306 0.1021409455843 0.0584299732381802
"derMaw" 0.0954504906333631 0.0606601248884924 0.0289919714540589 0.0579839429081178 0.0606601248884924 0.028099910793934 0.0307760927743087 0 0.0816235504014273 0.0651204281891169 0.0856378233719893 0.0900981266726137 0.0624442462087422 0.0695807314897413 0.0535236396074933 0.100802854594112 0.0575379125780553
"emySub" 0.0749330954504906 0.0553077609277431 0.0811775200713648 0.052185548617306 0.0499553969669938 0.08028545941124 0.0829616413916146 0.0816235504014273 0 0.0579839429081178 0.0780553077609277 0.0294380017841213 0.0816235504014273 0.107493309545049 0.044157002676182 0.0575379125780553 0.0495093666369313
"gopAga" 0.0664585191793042 0.0169491525423729 0.0619982158786797 0.0267618198037467 0.0214094558429973 0.052185548617306 0.0660124888492418 0.0651204281891169 0.0579839429081178 0 0.0553077609277431 0.0628902765388046 0.0967885816235504 0.105709188224799 0.0231935771632471 0.076271186440678 0.0267618198037467
"malTer" 0.088314005352364 0.0517395182872435 0.0834076717216771 0.0356824264049955 0.0477252453166815 0.0793933987511151 0.0874219446922391 0.0856378233719893 0.0780553077609277 0.0553077609277431 0 0.0869759143621766 0.119982158786798 0.129348795718109 0.0432649420160571 0.0999107939339875 0.0388046387154326
"mesTub" 0.0829616413916146 0.0619982158786797 0.0909901873327386 0.06021409455843 0.0557537912578055 0.0856378233719893 0.0927743086529884 0.0900981266726137 0.0294380017841213 0.0628902765388046 0.0869759143621766 0 0.0887600356824264 0.115967885816236 0.052185548617306 0.0624442462087422 0.06021409455843
"pelCas" 0.114629794826048 0.0945584299732382 0.0606601248884924 0.0932203389830508 0.0896520963425513 0.0584299732381802 0.0619982158786797 0.0624442462087422 0.0816235504014273 0.0967885816235504 0.119982158786798 0.0887600356824264 0 0.0851917930419269 0.0869759143621766 0.0811775200713648 0.0918822479928635
"pelSin" 0.114629794826048 0.10392506690455 0.0718108831400535 0.0990187332738626 0.0990187332738626 0.0677966101694915 0.0740410347903658 0.0695807314897413 0.107493309545049 0.105709188224799 0.129348795718109 0.115967885816236 0.0851917930419269 0 0.092328278322926 0.120874219446922 0.10035682426405
"plaMeg" 0.0575379125780553 0.0205173951828724 0.0490633363068689 0.016057091882248 0.016057091882248 0.0468331846565566 0.052185548617306 0.0535236396074933 0.044157002676182 0.0231935771632471 0.0432649420160571 0.052185548617306 0.0869759143621766 0.092328278322926 0 0.0655664585191793 0.0151650312221231
"podExp" 0.088314005352364 0.0749330954504906 0.10035682426405 0.0727029438001784 0.0695807314897413 0.0981266726137377 0.1021409455843 0.100802854594112 0.0575379125780553 0.076271186440678 0.0999107939339875 0.0624442462087422 0.0811775200713648 0.120874219446922 0.0655664585191793 0 0.0727029438001784
"terMex" 0.0611061552185549 0.0223015165031222 0.0553077609277431 0.00892060660124889 0.0187332738626227 0.0490633363068689 0.0584299732381802 0.0575379125780553 0.0495093666369313 0.0267618198037467 0.0388046387154326 0.06021409455843 0.0918822479928635 0.10035682426405 0.0151650312221231 0.0727029438001784 0
