"cheAbi" "cheMyd" "chrPic" "cuoAmb" "cuoMcc" "emySub" "mesTub" "pelCas" "pelSin" "podExp"
"cheAbi" 0 0.0315101070154578 0.0190249702734839 0.0166468489892985 0.0148632580261593 0.0969084423305589 0.0499405469678954 0.0707491082045184 0.114149821640904 0.0564803804994055
"cheMyd" 0.0315101070154578 0 0.0231866825208086 0.0267538644470868 0.0243757431629013 0.100475624256837 0.0499405469678954 0.0778834720570749 0.115933412604043 0.0624256837098692
"chrPic" 0.0190249702734839 0.0231866825208086 0 0.0160523186682521 0.0148632580261593 0.0945303210463734 0.0451843043995244 0.0719381688466112 0.110582639714625 0.0552913198573127
"cuoAmb" 0.0166468489892985 0.0267538644470868 0.0160523186682521 0 0.00535077288941736 0.0980975029726516 0.0475624256837099 0.0743162901307967 0.11474435196195 0.058858501783591
"cuoMcc" 0.0148632580261593 0.0243757431629013 0.0148632580261593 0.00535077288941736 0 0.0951248513674197 0.044589774078478 0.0725326991676575 0.113555291319857 0.0564803804994055
"emySub" 0.0969084423305589 0.100475624256837 0.0945303210463734 0.0980975029726516 0.0951248513674197 0 0.0879904875148633 0.122473246135553 0.175980975029727 0.104042806183115
"mesTub" 0.0499405469678954 0.0499405469678954 0.0451843043995244 0.0475624256837099 0.044589774078478 0.0879904875148633 0 0.0725326991676575 0.123067776456599 0.0517241379310345
"pelCas" 0.0707491082045184 0.0778834720570749 0.0719381688466112 0.0743162901307967 0.0725326991676575 0.122473246135553 0.0725326991676575 0 0.133174791914388 0.0689655172413793
"pelSin" 0.114149821640904 0.115933412604043 0.110582639714625 0.11474435196195 0.113555291319857 0.175980975029727 0.123067776456599 0.133174791914388 0 0.134958382877527
"podExp" 0.0564803804994055 0.0624256837098692 0.0552913198573127 0.058858501783591 0.0564803804994055 0.104042806183115 0.0517241379310345 0.0689655172413793 0.134958382877527 0
