"carIns" "cheAbi" "cheMyd" "chrPic" "cuoAmb" "cuoMcc" "derCor" "emySub" "gopAga" "malTer" "mesTub" "pelCas" "pelSin" "plaMeg" "podExp" "terMex"
"carIns" 0 0.129088206144698 0.128097125867195 0.125867195242815 0.131565906838454 0.132556987115956 0.133795837462834 0.142467789890981 0.1300792864222 0.125371655104063 0.146927651139742 0.1798810703667 0.148909811694747 0.160802775024777 0.177155599603568 0.124628344895937
"cheAbi" 0.129088206144698 0 0.0460852329038652 0.0334489593657086 0.0319623389494549 0.0309712586719524 0.0512884043607532 0.0810208126858275 0.0257680872150644 0.0341922695738355 0.0901883052527255 0.133548067393459 0.114717542120912 0.0777998017839445 0.126362735381566 0.0324578790882061
"cheMyd" 0.128097125867195 0.0460852329038652 0 0.0376610505450942 0.0450941526263627 0.0438553022794846 0.0284935579781962 0.0812685827552032 0.0450941526263627 0.0398909811694747 0.0862239841427156 0.133300297324083 0.109266600594648 0.0827552031714569 0.125867195242815 0.0376610505450942
"chrPic" 0.125867195242815 0.0334489593657086 0.0376610505450942 0 0.0327056491575818 0.0317145688800793 0.0433597621407334 0.0765609514370664 0.033201189296333 0.00941526263627354 0.0844895936570862 0.130822596630327 0.105550049554014 0.0659068384539148 0.122893954410307 0.0151139742319128
"cuoAmb" 0.131565906838454 0.0319623389494549 0.0450941526263627 0.0327056491575818 0 0.00594648166501487 0.0517839444995045 0.0830029732408325 0.0329534192269574 0.0344400396432111 0.0894449950445986 0.135034687809713 0.113974231912785 0.076808721506442 0.126858275520317 0.0327056491575818
"cuoMcc" 0.132556987115956 0.0309712586719524 0.0438553022794846 0.0317145688800793 0.00594648166501487 0 0.050792864222002 0.0830029732408325 0.0319623389494549 0.0339444995044599 0.0896927651139742 0.135777998017839 0.114469772051536 0.0770564915758176 0.128097125867195 0.0317145688800793
"derCor" 0.133795837462834 0.0512884043607532 0.0284935579781962 0.0433597621407334 0.0517839444995045 0.050792864222002 0 0.0862239841427156 0.050792864222002 0.0458374628344896 0.0914271555996036 0.136521308225966 0.114965312190287 0.0867195242814668 0.128592666005946 0.0431119920713578
"emySub" 0.142467789890981 0.0810208126858275 0.0812685827552032 0.0765609514370664 0.0830029732408325 0.0830029732408325 0.0862239841427156 0 0.0815163528245788 0.076808721506442 0.0371655104063429 0.111744301288404 0.124132804757185 0.116451932606541 0.103320118929633 0.0763131813676908
"gopAga" 0.1300792864222 0.0257680872150644 0.0450941526263627 0.033201189296333 0.0329534192269574 0.0319623389494549 0.050792864222002 0.0815163528245788 0 0.0344400396432111 0.0894449950445986 0.133052527254708 0.112735381565907 0.076808721506442 0.126858275520317 0.0324578790882061
"malTer" 0.125371655104063 0.0341922695738355 0.0398909811694747 0.00941526263627354 0.0344400396432111 0.0339444995044599 0.0458374628344896 0.076808721506442 0.0344400396432111 0 0.083994053518335 0.130327056491576 0.106788899900892 0.0678889990089197 0.122646184340932 0.0168483647175421
"mesTub" 0.146927651139742 0.0901883052527255 0.0862239841427156 0.0844895936570862 0.0894449950445986 0.0896927651139742 0.0914271555996036 0.0371655104063429 0.0894449950445986 0.083994053518335 0 0.116699702675917 0.127106045589693 0.121902874132805 0.109018830525273 0.083994053518335
"pelCas" 0.1798810703667 0.133548067393459 0.133300297324083 0.130822596630327 0.135034687809713 0.135777998017839 0.136521308225966 0.111744301288404 0.133052527254708 0.130327056491576 0.116699702675917 0 0.17195242814668 0.166005946481665 0.124380574826561 0.129583746283449
"pelSin" 0.148909811694747 0.114717542120912 0.109266600594648 0.105550049554014 0.113974231912785 0.114469772051536 0.114965312190287 0.124132804757185 0.112735381565907 0.106788899900892 0.127106045589693 0.17195242814668 0 0.149157581764123 0.166005946481665 0.106788899900892
"plaMeg" 0.160802775024777 0.0777998017839445 0.0827552031714569 0.0659068384539148 0.076808721506442 0.0770564915758176 0.0867195242814668 0.116451932606541 0.076808721506442 0.0678889990089197 0.121902874132805 0.166005946481665 0.149157581764123 0 0.159811694747275 0.0676412289395441
"podExp" 0.177155599603568 0.126362735381566 0.125867195242815 0.122893954410307 0.126858275520317 0.128097125867195 0.128592666005946 0.103320118929633 0.126858275520317 0.122646184340932 0.109018830525273 0.124380574826561 0.166005946481665 0.159811694747275 0 0.121902874132805
"terMex" 0.124628344895937 0.0324578790882061 0.0376610505450942 0.0151139742319128 0.0327056491575818 0.0317145688800793 0.0431119920713578 0.0763131813676908 0.0324578790882061 0.0168483647175421 0.083994053518335 0.129583746283449 0.106788899900892 0.0676412289395441 0.121902874132805 0
