"carIns" "cheAbi" "cheMyd" "cheSer" "chrPic" "cuoAmb" "cuoMcc" "derCor" "derMaw" "emySub" "gopAga" "malTer" "pelCas" "plaMeg" "podExp"
"carIns" 0 0.0979407332998493 0.10748367654445 0.0959316926167755 0.0984429934706178 0.096433952787544 0.0994475138121547 0.0979407332998493 0.0994475138121547 0.103465595178302 0.0984429934706178 0.0999497739829232 0.129583124058262 0.0934203917629332 0.134103465595178
"cheAbi" 0.0979407332998493 0 0.0477147162230035 0.0326469110999498 0.0231039678553491 0.0150678051230537 0.017579105976896 0.0336514314414867 0.0477147162230035 0.0718232044198895 0.0150678051230537 0.0231039678553491 0.0873932697137117 0.0205926670015068 0.0944249121044701
"cheMyd" 0.10748367654445 0.0477147162230035 0 0.0406830738322451 0.0436966348568558 0.0426921145153189 0.0441988950276243 0.0321446509291813 0.0577599196383727 0.0773480662983425 0.0447011551983928 0.0441988950276243 0.100452034153692 0.0376695128076344 0.105976896032145
"cheSer" 0.0959316926167755 0.0326469110999498 0.0406830738322451 0 0.0261175288799598 0.0271220492214967 0.0286288297338021 0.0276243093922652 0.0351582119537921 0.060271220492215 0.0301356102461075 0.0271220492214967 0.0889000502260171 0.0220994475138122 0.089904570567554
"chrPic" 0.0984429934706178 0.0231039678553491 0.0436966348568558 0.0261175288799598 0 0.0220994475138122 0.0231039678553491 0.0306378704168759 0.0457056755399297 0.0688096433952788 0.024108488196886 0.00552486187845304 0.0904068307383225 0.0165745856353591 0.0924158714213963
"cuoAmb" 0.096433952787544 0.0150678051230537 0.0426921145153189 0.0271220492214967 0.0220994475138122 0 0.00652938221998995 0.0306378704168759 0.0421898543445505 0.0668006027122049 0.0145655449522853 0.0215971873430437 0.084379708689101 0.0145655449522853 0.0929181315921647
"cuoMcc" 0.0994475138121547 0.017579105976896 0.0441988950276243 0.0286288297338021 0.0231039678553491 0.00652938221998995 0 0.0321446509291813 0.0452034153691612 0.0688096433952788 0.0165745856353591 0.0226017076845806 0.0873932697137117 0.0160723254645907 0.0934203917629332
"derCor" 0.0979407332998493 0.0336514314414867 0.0321446509291813 0.0276243093922652 0.0306378704168759 0.0306378704168759 0.0321446509291813 0 0.0477147162230035 0.0698141637368157 0.0326469110999498 0.0321446509291813 0.0904068307383225 0.0266197890507283 0.0939226519337017
"derMaw" 0.0994475138121547 0.0477147162230035 0.0577599196383727 0.0351582119537921 0.0457056755399297 0.0421898543445505 0.0452034153691612 0.0477147162230035 0 0.0763435459568056 0.0457056755399297 0.0462079357106981 0.0949271722752386 0.0386740331491713 0.101456554495229
"emySub" 0.103465595178302 0.0718232044198895 0.0773480662983425 0.060271220492215 0.0688096433952788 0.0668006027122049 0.0688096433952788 0.0698141637368157 0.0763435459568056 0 0.0683073832245103 0.0708186840783526 0.0848819688598694 0.0637870416875942 0.0929181315921647
"gopAga" 0.0984429934706178 0.0150678051230537 0.0447011551983928 0.0301356102461075 0.024108488196886 0.0145655449522853 0.0165745856353591 0.0326469110999498 0.0457056755399297 0.0683073832245103 0 0.0236062280261175 0.0868910095429433 0.0195881466599699 0.0944249121044701
"malTer" 0.0999497739829232 0.0231039678553491 0.0441988950276243 0.0271220492214967 0.00552486187845304 0.0215971873430437 0.0226017076845806 0.0321446509291813 0.0462079357106981 0.0708186840783526 0.0236062280261175 0 0.0909090909090909 0.0180813661476645 0.0939226519337017
"pelCas" 0.129583124058262 0.0873932697137117 0.100452034153692 0.0889000502260171 0.0904068307383225 0.084379708689101 0.0873932697137117 0.0904068307383225 0.0949271722752386 0.0848819688598694 0.0868910095429433 0.0909090909090909 0 0.0863887493721748 0.0718232044198895
"plaMeg" 0.0934203917629332 0.0205926670015068 0.0376695128076344 0.0220994475138122 0.0165745856353591 0.0145655449522853 0.0160723254645907 0.0266197890507283 0.0386740331491713 0.0637870416875942 0.0195881466599699 0.0180813661476645 0.0863887493721748 0 0.089904570567554
"podExp" 0.134103465595178 0.0944249121044701 0.105976896032145 0.089904570567554 0.0924158714213963 0.0929181315921647 0.0934203917629332 0.0939226519337017 0.101456554495229 0.0929181315921647 0.0944249121044701 0.0939226519337017 0.0718232044198895 0.089904570567554 0
