"cheAbi" "cheSer" "derMaw" "emySub" "gopAga" "mesTub" "pelCas" "pelSin" "plaMeg"
"cheAbi" 0 0.0317955112219451 0.0317955112219451 0.0374064837905237 0.013715710723192 0.0374064837905237 0.050498753117207 0.0654613466334165 0.0218204488778055
"cheSer" 0.0317955112219451 0 0.0286783042394015 0.03428927680798 0.0280548628428928 0.0349127182044888 0.0498753117206983 0.0610972568578554 0.0249376558603491
"derMaw" 0.0317955112219451 0.0286783042394015 0 0.0355361596009975 0.0280548628428928 0.0336658354114713 0.0486284289276808 0.0629675810473816 0.0268079800498753
"emySub" 0.0374064837905237 0.03428927680798 0.0355361596009975 0 0.0355361596009975 0.0193266832917706 0.0448877805486284 0.0604738154613466 0.0336658354114713
"gopAga" 0.013715710723192 0.0280548628428928 0.0280548628428928 0.0355361596009975 0 0.0336658354114713 0.0467581047381546 0.0617206982543641 0.0193266832917706
"mesTub" 0.0374064837905237 0.0349127182044888 0.0336658354114713 0.0193266832917706 0.0336658354114713 0 0.0417705735660848 0.0579800498753117 0.0305486284289277
"pelCas" 0.050498753117207 0.0498753117206983 0.0486284289276808 0.0448877805486284 0.0467581047381546 0.0417705735660848 0 0.0773067331670823 0.0442643391521197
"pelSin" 0.0654613466334165 0.0610972568578554 0.0629675810473816 0.0604738154613466 0.0617206982543641 0.0579800498753117 0.0773067331670823 0 0.0610972568578554
"plaMeg" 0.0218204488778055 0.0249376558603491 0.0268079800498753 0.0336658354114713 0.0193266832917706 0.0305486284289277 0.0442643391521197 0.0610972568578554 0
