"carIns" "cheAbi" "cheMyd" "cheSer" "chrPic" "cuoAmb" "cuoMcc" "derCor" "derMaw" "emySub" "gopAga" "malTer" "mesTub" "pelCas" "pelSin" "plaMeg" "podExp" "terMex"
"carIns" 0 0.100438421681945 0.102829812674372 0.0757273814268633 0.0773216420884815 0.136309286568354 0.0765245117576724 0.0789159027500996 0.091669988043045 0.0860900757273814 0.10083698684735 0.121163810282981 0.114786767636509 0.11757672379434 0.278995615783181 0.0745316859306497 0.113591072140295 0.227580709445994
"cheAbi" 0.100438421681945 0 0.0657632522917497 0.0633718612993224 0.0522120366679952 0.0852929453965723 0.0406536468712635 0.0661618174571542 0.0741331207652451 0.0844958150657633 0.0466321243523316 0.10003985651654 0.091669988043045 0.120765245117577 0.273017138302112 0.0522120366679952 0.114388202471104 0.202072538860104
"cheMyd" 0.102829812674372 0.0657632522917497 0 0.063770426464727 0.0649661219609406 0.10880829015544 0.0657632522917497 0.0557991231566361 0.0765245117576724 0.0888800318852132 0.068951773614986 0.111996811478677 0.0980470306895177 0.119170984455959 0.275009964129135 0.0657632522917497 0.119569549621363 0.20964527700279
"cheSer" 0.0757273814268633 0.0633718612993224 0.063770426464727 0 0.0342766042247908 0.0964527700278996 0.0346751693901953 0.0422479075328816 0.0494220805101634 0.0605819051414906 0.0613790354722997 0.0852929453965723 0.0884814667198087 0.0936628138700678 0.266241530490235 0.0346751693901953 0.0900757273814269 0.202869669190913
"chrPic" 0.0773216420884815 0.0522120366679952 0.0649661219609406 0.0342766042247908 0 0.086488640892786 0.022718214428059 0.0430450378636907 0.0478278198485452 0.0585890793144679 0.0510163411717816 0.0577919489836588 0.0872857712235951 0.0948585093662814 0.261458748505381 0.0215225189318454 0.0912714228776405 0.188919888401754
"cuoAmb" 0.136309286568354 0.0852929453965723 0.10880829015544 0.0964527700278996 0.086488640892786 0 0.0697489039457951 0.102829812674372 0.110801115982463 0.114786767636509 0.0912714228776405 0.136309286568354 0.13072937425269 0.150259067357513 0.308090872857712 0.0840972499003587 0.146273415703468 0.213630928656835
"cuoMcc" 0.0765245117576724 0.0406536468712635 0.0657632522917497 0.0346751693901953 0.022718214428059 0.0697489039457951 0 0.0430450378636907 0.049820645675568 0.0609804703068952 0.0382622558788362 0.0749302510960542 0.0868872060581905 0.0964527700278996 0.264248704663212 0.0219210840972499 0.0936628138700678 0.198485452371463
"derCor" 0.0789159027500996 0.0661618174571542 0.0557991231566361 0.0422479075328816 0.0430450378636907 0.102829812674372 0.0430450378636907 0 0.0557991231566361 0.0677560781187724 0.0661618174571542 0.0924671183738541 0.0952570745316859 0.10003985651654 0.267835791151853 0.0398565165404544 0.0932642487046632 0.206456755679554
"derMaw" 0.091669988043045 0.0741331207652451 0.0765245117576724 0.0494220805101634 0.0478278198485452 0.110801115982463 0.049820645675568 0.0557991231566361 0 0.0745316859306497 0.0745316859306497 0.0956556396970905 0.102431247508968 0.107214029493822 0.273814268632921 0.0490235153447589 0.102032682343563 0.215623754483858
"emySub" 0.0860900757273814 0.0844958150657633 0.0888800318852132 0.0605819051414906 0.0585890793144679 0.114786767636509 0.0609804703068952 0.0677560781187724 0.0745316859306497 0 0.0840972499003587 0.105619768832204 0.059386209645277 0.082104424073336 0.27540852929454 0.0577919489836588 0.0801115982463133 0.218812275807094
"gopAga" 0.10083698684735 0.0466321243523316 0.068951773614986 0.0613790354722997 0.0510163411717816 0.0912714228776405 0.0382622558788362 0.0661618174571542 0.0745316859306497 0.0840972499003587 0 0.0980470306895177 0.0896771622160223 0.115185332801913 0.274611398963731 0.0502192108409725 0.114786767636509 0.204862495017935
"malTer" 0.121163810282981 0.10003985651654 0.111996811478677 0.0852929453965723 0.0577919489836588 0.136309286568354 0.0749302510960542 0.0924671183738541 0.0956556396970905 0.105619768832204 0.0980470306895177 0 0.128337983260263 0.139099242726186 0.267835791151853 0.0729374252690315 0.135512156237545 0.238341968911917
"mesTub" 0.114786767636509 0.091669988043045 0.0980470306895177 0.0884814667198087 0.0872857712235951 0.13072937425269 0.0868872060581905 0.0952570745316859 0.102431247508968 0.059386209645277 0.0896771622160223 0.128337983260263 0 0.105619768832204 0.286169788760462 0.0868872060581905 0.106815464328418 0.224790753288163
"pelCas" 0.11757672379434 0.120765245117577 0.119170984455959 0.0936628138700678 0.0948585093662814 0.150259067357513 0.0964527700278996 0.10003985651654 0.107214029493822 0.082104424073336 0.115185332801913 0.139099242726186 0.105619768832204 0 0.28856117975289 0.0944599442008768 0.0801115982463133 0.242726185731367
"pelSin" 0.278995615783181 0.273017138302112 0.275009964129135 0.266241530490235 0.261458748505381 0.308090872857712 0.264248704663212 0.267835791151853 0.273814268632921 0.27540852929454 0.274611398963731 0.267835791151853 0.286169788760462 0.28856117975289 0 0.26225587883619 0.294141092068553 0.399760860900757
"plaMeg" 0.0745316859306497 0.0522120366679952 0.0657632522917497 0.0346751693901953 0.0215225189318454 0.0840972499003587 0.0219210840972499 0.0398565165404544 0.0490235153447589 0.0577919489836588 0.0502192108409725 0.0729374252690315 0.0868872060581905 0.0944599442008768 0.26225587883619 0 0.0900757273814269 0.194898365882822
"podExp" 0.113591072140295 0.114388202471104 0.119569549621363 0.0900757273814269 0.0912714228776405 0.146273415703468 0.0936628138700678 0.0932642487046632 0.102032682343563 0.0801115982463133 0.114786767636509 0.135512156237545 0.106815464328418 0.0801115982463133 0.294141092068553 0.0900757273814269 0 0.244320446392985
"terMex" 0.227580709445994 0.202072538860104 0.20964527700279 0.202869669190913 0.188919888401754 0.213630928656835 0.198485452371463 0.206456755679554 0.215623754483858 0.218812275807094 0.204862495017935 0.238341968911917 0.224790753288163 0.242726185731367 0.399760860900757 0.194898365882822 0.244320446392985 0
