"cheAbi" "cheMyd" "cheSer" "chrPic" "cuoAmb" "cuoMcc" "derCor" "derMaw" "emySub" "gopAga" "malTer" "mesTub" "pelCas" "podExp" "terMex"
"cheAbi" 0 0.0405479452054795 0.0536986301369863 0.0383561643835616 0.0794520547945206 0.033972602739726 0.0526027397260274 0.0547945205479452 0.0849315068493151 0.0317808219178082 0.0438356164383562 0.138082191780822 0.11013698630137 0.456438356164384 0.0947945205479452
"cheMyd" 0.0405479452054795 0 0.0383561643835616 0.0323287671232877 0.0876712328767123 0.0427397260273973 0.0295890410958904 0.0465753424657534 0.0783561643835616 0.0471232876712329 0.0378082191780822 0.129315068493151 0.106301369863014 0.453698630136986 0.0871232876712329
"cheSer" 0.0536986301369863 0.0383561643835616 0 0.029041095890411 0.0893150684931507 0.0350684931506849 0.0328767123287671 0.0482191780821918 0.0706849315068493 0.0421917808219178 0.033972602739726 0.131506849315068 0.10027397260274 0.45972602739726 0.0893150684931507
"chrPic" 0.0383561643835616 0.0323287671232877 0.029041095890411 0 0.0772602739726027 0.0213698630136986 0.0263013698630137 0.0482191780821918 0.0635616438356164 0.0268493150684932 0.00876712328767123 0.121095890410959 0.0953424657534247 0.458630136986301 0.0723287671232877
"cuoAmb" 0.0794520547945206 0.0876712328767123 0.0893150684931507 0.0772602739726027 0 0.0641095890410959 0.0926027397260274 0.0997260273972603 0.125479452054795 0.0761643835616438 0.0816438356164384 0.147945205479452 0.149041095890411 0.471780821917808 0.0865753424657534
"cuoMcc" 0.033972602739726 0.0427397260273973 0.0350684931506849 0.0213698630136986 0.0641095890410959 0 0.0367123287671233 0.0542465753424658 0.0706849315068493 0.0180821917808219 0.0257534246575342 0.129315068493151 0.10027397260274 0.46027397260274 0.0849315068493151
"derCor" 0.0526027397260274 0.0295890410958904 0.0328767123287671 0.0263013698630137 0.0926027397260274 0.0367123287671233 0 0.0558904109589041 0.0728767123287671 0.0421917808219178 0.0328767123287671 0.13041095890411 0.102465753424658 0.457534246575342 0.0904109589041096
"derMaw" 0.0547945205479452 0.0465753424657534 0.0482191780821918 0.0482191780821918 0.0997260273972603 0.0542465753424658 0.0558904109589041 0 0.0854794520547945 0.0613698630136986 0.0515068493150685 0.138630136986301 0.113972602739726 0.454246575342466 0.101917808219178
"emySub" 0.0849315068493151 0.0783561643835616 0.0706849315068493 0.0635616438356164 0.125479452054795 0.0706849315068493 0.0728767123287671 0.0854794520547945 0 0.0761643835616438 0.0673972602739726 0.107945205479452 0.0931506849315069 0.464109589041096 0.126027397260274
"gopAga" 0.0317808219178082 0.0471232876712329 0.0421917808219178 0.0268493150684932 0.0761643835616438 0.0180821917808219 0.0421917808219178 0.0613698630136986 0.0761643835616438 0 0.0312328767123288 0.135342465753425 0.102465753424658 0.459178082191781 0.0915068493150685
"malTer" 0.0438356164383562 0.0378082191780822 0.033972602739726 0.00876712328767123 0.0816438356164384 0.0257534246575342 0.0328767123287671 0.0515068493150685 0.0673972602739726 0.0312328767123288 0 0.126027397260274 0.0991780821917808 0.461369863013699 0.0778082191780822
"mesTub" 0.138082191780822 0.129315068493151 0.131506849315068 0.121095890410959 0.147945205479452 0.129315068493151 0.13041095890411 0.138630136986301 0.107945205479452 0.135342465753425 0.126027397260274 0 0.149041095890411 0.470684931506849 0.143561643835616
"pelCas" 0.11013698630137 0.106301369863014 0.10027397260274 0.0953424657534247 0.149041095890411 0.10027397260274 0.102465753424658 0.113972602739726 0.0931506849315069 0.102465753424658 0.0991780821917808 0.149041095890411 0 0.455342465753425 0.150684931506849
"podExp" 0.456438356164384 0.453698630136986 0.45972602739726 0.458630136986301 0.471780821917808 0.46027397260274 0.457534246575342 0.454246575342466 0.464109589041096 0.459178082191781 0.461369863013699 0.470684931506849 0.455342465753425 0 0.477260273972603
"terMex" 0.0947945205479452 0.0871232876712329 0.0893150684931507 0.0723287671232877 0.0865753424657534 0.0849315068493151 0.0904109589041096 0.101917808219178 0.126027397260274 0.0915068493150685 0.0778082191780822 0.143561643835616 0.150684931506849 0.477260273972603 0
