"carIns" "cheAbi" "cheMyd" "cheSer" "chrPic" "cuoAmb" "cuoMcc" "derMaw" "emySub" "malTer" "mesTub" "pelCas" "pelSin" "plaMeg" "podExp" "terMex"
"carIns" 0 0.0442520442520443 0.0432900432900433 0.0442520442520443 0.0408850408850409 0.0428090428090428 0.153439153439153 0.0529100529100529 0.051948051948052 0.0404040404040404 0.0481000481000481 0.0606060606060606 0.0654160654160654 0.0399230399230399 0.0673400673400673 0.0413660413660414
"cheAbi" 0.0442520442520443 0 0.0192400192400192 0.025012025012025 0.0163540163540164 0.0134680134680135 0.132756132756133 0.0327080327080327 0.037037037037037 0.0149110149110149 0.0346320346320346 0.0471380471380471 0.0557960557960558 0.0144300144300144 0.0548340548340548 0.0163540163540164
"cheMyd" 0.0432900432900433 0.0192400192400192 0 0.0173160173160173 0.0125060125060125 0.0144300144300144 0.132756132756133 0.0254930254930255 0.0322270322270322 0.0110630110630111 0.0298220298220298 0.0442520442520443 0.0481000481000481 0.0110630110630111 0.0514670514670515 0.0134680134680135
"cheSer" 0.0442520442520443 0.025012025012025 0.0173160173160173 0 0.0182780182780183 0.0197210197210197 0.136604136604137 0.0278980278980279 0.0346320346320346 0.0177970177970178 0.0322270322270322 0.0471380471380471 0.0514670514670515 0.0168350168350168 0.0543530543530544 0.0182780182780183
"chrPic" 0.0408850408850409 0.0163540163540164 0.0125060125060125 0.0182780182780183 0 0.0105820105820106 0.129389129389129 0.0274170274170274 0.0327080327080327 0.0024050024050024 0.0303030303030303 0.0456950456950457 0.0505050505050505 0.00721500721500722 0.0524290524290524 0.00865800865800866
"cuoAmb" 0.0428090428090428 0.0134680134680135 0.0144300144300144 0.0197210197210197 0.0105820105820106 0 0.122174122174122 0.0283790283790284 0.0317460317460317 0.00913900913900914 0.0293410293410293 0.0428090428090428 0.051948051948052 0.00817700817700818 0.0533910533910534 0.0101010101010101
"cuoMcc" 0.153439153439153 0.132756132756133 0.132756132756133 0.136604136604137 0.129389129389129 0.122174122174122 0 0.142857142857143 0.143819143819144 0.126984126984127 0.142376142376142 0.156806156806157 0.159211159211159 0.126984126984127 0.164502164502165 0.128908128908129
"derMaw" 0.0529100529100529 0.0327080327080327 0.0254930254930255 0.0278980278980279 0.0274170274170274 0.0283790283790284 0.142857142857143 0 0.0432900432900433 0.025974025974026 0.0428090428090428 0.0529100529100529 0.0596440596440596 0.025012025012025 0.063973063973064 0.0264550264550265
"emySub" 0.051948051948052 0.037037037037037 0.0322270322270322 0.0346320346320346 0.0327080327080327 0.0317460317460317 0.143819143819144 0.0432900432900433 0 0.0312650312650313 0.0139490139490139 0.0355940355940356 0.0601250601250601 0.0312650312650313 0.0418470418470418 0.0307840307840308
"malTer" 0.0404040404040404 0.0149110149110149 0.0110630110630111 0.0177970177970178 0.0024050024050024 0.00913900913900914 0.126984126984127 0.025974025974026 0.0312650312650313 0 0.0288600288600289 0.0442520442520443 0.0490620490620491 0.00577200577200577 0.050986050986051 0.00721500721500722
"mesTub" 0.0481000481000481 0.0346320346320346 0.0298220298220298 0.0322270322270322 0.0303030303030303 0.0293410293410293 0.142376142376142 0.0428090428090428 0.0139490139490139 0.0288600288600289 0 0.0346320346320346 0.0562770562770563 0.0288600288600289 0.0404040404040404 0.0298220298220298
"pelCas" 0.0606060606060606 0.0471380471380471 0.0442520442520443 0.0471380471380471 0.0456950456950457 0.0428090428090428 0.156806156806157 0.0529100529100529 0.0355940355940356 0.0442520442520443 0.0346320346320346 0 0.0687830687830688 0.0432900432900433 0.0418470418470418 0.0452140452140452
"pelSin" 0.0654160654160654 0.0557960557960558 0.0481000481000481 0.0514670514670515 0.0505050505050505 0.051948051948052 0.159211159211159 0.0596440596440596 0.0601250601250601 0.0490620490620491 0.0562770562770563 0.0687830687830688 0 0.0485810485810486 0.0779220779220779 0.050986050986051
"plaMeg" 0.0399230399230399 0.0144300144300144 0.0110630110630111 0.0168350168350168 0.00721500721500722 0.00817700817700818 0.126984126984127 0.025012025012025 0.0312650312650313 0.00577200577200577 0.0288600288600289 0.0432900432900433 0.0485810485810486 0 0.051948051948052 0.00721500721500722
"podExp" 0.0673400673400673 0.0548340548340548 0.0514670514670515 0.0543530543530544 0.0524290524290524 0.0533910533910534 0.164502164502165 0.063973063973064 0.0418470418470418 0.050986050986051 0.0404040404040404 0.0418470418470418 0.0779220779220779 0.051948051948052 0 0.051948051948052
"terMex" 0.0413660413660414 0.0163540163540164 0.0134680134680135 0.0182780182780183 0.00865800865800866 0.0101010101010101 0.128908128908129 0.0264550264550265 0.0307840307840308 0.00721500721500722 0.0298220298220298 0.0452140452140452 0.050986050986051 0.00721500721500722 0.051948051948052 0
