"cheAbi" "cheMyd" "cheSer" "chrPic" "cuoAmb" "cuoMcc" "derCor" "derMaw" "emySub" "gopAga" "malTer" "mesTub" "pelCas" "pelSin" "podExp"
"cheAbi" 0 0.0276854928017719 0.0249169435215947 0.0221483942414175 0.0730897009966777 0.0182724252491694 0.0293466223698782 0.0293466223698782 0.0431893687707641 0.0155038759689922 0.0210409745293466 0.0503875968992248 0.0509413067552602 0.0537098560354374 0.0514950166112957
"cheMyd" 0.0276854928017719 0 0.0204872646733112 0.0215946843853821 0.0769656699889258 0.0232558139534884 0.0149501661129568 0.0260243632336656 0.0370985603543743 0.0271317829457364 0.0221483942414175 0.0426356589147287 0.0537098560354374 0.044296788482835 0.0509413067552602
"cheSer" 0.0249169435215947 0.0204872646733112 0 0.0188261351052049 0.0741971207087486 0.0188261351052049 0.0210409745293466 0.0210409745293466 0.0359911406423034 0.0227021040974529 0.0188261351052049 0.0431893687707641 0.0526024363233666 0.0448504983388704 0.0514950166112957
"chrPic" 0.0221483942414175 0.0215946843853821 0.0188261351052049 0 0.0703211517165006 0.0166112956810631 0.0199335548172757 0.0254706533776301 0.0376522702104097 0.0193798449612403 0.00664451827242525 0.044296788482835 0.0542635658914729 0.0459579180509413 0.0509413067552602
"cuoAmb" 0.0730897009966777 0.0769656699889258 0.0741971207087486 0.0703211517165006 0 0.062015503875969 0.0764119601328904 0.0791805094130675 0.0913621262458472 0.0725359911406423 0.0703211517165006 0.0985603543743079 0.10077519379845 0.0968992248062016 0.10188261351052
"cuoMcc" 0.0182724252491694 0.0232558139534884 0.0188261351052049 0.0166112956810631 0.062015503875969 0 0.0227021040974529 0.0271317829457364 0.0393133997785161 0.0160575858250277 0.0155038759689922 0.0470653377630122 0.0542635658914729 0.0492801771871539 0.0542635658914729
"derCor" 0.0293466223698782 0.0149501661129568 0.0210409745293466 0.0199335548172757 0.0764119601328904 0.0227021040974529 0 0.0243632336655592 0.0348837209302326 0.026578073089701 0.0204872646733112 0.0426356589147287 0.0542635658914729 0.0465116279069767 0.0481727574750831
"derMaw" 0.0293466223698782 0.0260243632336656 0.0210409745293466 0.0254706533776301 0.0791805094130675 0.0271317829457364 0.0243632336655592 0 0.0404208194905869 0.0299003322259136 0.0260243632336656 0.0476190476190476 0.0542635658914729 0.0492801771871539 0.053156146179402
"emySub" 0.0431893687707641 0.0370985603543743 0.0359911406423034 0.0376522702104097 0.0913621262458472 0.0393133997785161 0.0348837209302326 0.0404208194905869 0 0.0404208194905869 0.0387596899224806 0.0199335548172757 0.0393133997785161 0.0514950166112957 0.0409745293466224
"gopAga" 0.0155038759689922 0.0271317829457364 0.0227021040974529 0.0193798449612403 0.0725359911406423 0.0160575858250277 0.026578073089701 0.0299003322259136 0.0404208194905869 0 0.017718715393134 0.0465116279069767 0.0542635658914729 0.0498338870431894 0.0520487264673311
"malTer" 0.0210409745293466 0.0221483942414175 0.0188261351052049 0.00664451827242525 0.0703211517165006 0.0155038759689922 0.0204872646733112 0.0260243632336656 0.0387596899224806 0.017718715393134 0 0.0454042081949059 0.0559246954595792 0.0470653377630122 0.0514950166112957
"mesTub" 0.0503875968992248 0.0426356589147287 0.0431893687707641 0.044296788482835 0.0985603543743079 0.0470653377630122 0.0426356589147287 0.0476190476190476 0.0199335548172757 0.0465116279069767 0.0454042081949059 0 0.0476190476190476 0.0564784053156146 0.0470653377630122
"pelCas" 0.0509413067552602 0.0537098560354374 0.0526024363233666 0.0542635658914729 0.10077519379845 0.0542635658914729 0.0542635658914729 0.0542635658914729 0.0393133997785161 0.0542635658914729 0.0559246954595792 0.0476190476190476 0 0.0681063122923588 0.0382059800664452
"pelSin" 0.0537098560354374 0.044296788482835 0.0448504983388704 0.0459579180509413 0.0968992248062016 0.0492801771871539 0.0465116279069767 0.0492801771871539 0.0514950166112957 0.0498338870431894 0.0470653377630122 0.0564784053156146 0.0681063122923588 0 0.0636766334440753
"podExp" 0.0514950166112957 0.0509413067552602 0.0514950166112957 0.0509413067552602 0.10188261351052 0.0542635658914729 0.0481727574750831 0.053156146179402 0.0409745293466224 0.0520487264673311 0.0514950166112957 0.0470653377630122 0.0382059800664452 0.0636766334440753 0
