"carIns" "cheAbi" "cheMyd" "cheSer" "chrPic" "cuoAmb" "cuoMcc" "derMaw" "emySub" "gopAga" "malTer" "pelCas" "pelSin" "plaMeg" "podExp" "terMex"
"carIns" 0 0.0773499826569546 0.0839403399236906 0.072840790842872 0.0718002081165453 0.0766562608394034 0.0718002081165453 0.0815123135622615 0.103364550815123 0.0759625390218522 0.0721470690253209 0.100936524453694 0.0818591744710371 0.0711064862989941 0.112036073534513 0.068678459937565
"cheAbi" 0.0773499826569546 0 0.0457856399583767 0.032258064516129 0.0263614290669442 0.025667707249393 0.0211585154353104 0.0443981963232744 0.0763093999306278 0.0142212972597988 0.0267082899757197 0.0745750953867499 0.0679847381200139 0.0260145681581686 0.0825528962885883 0.0246271245230663
"cheMyd" 0.0839403399236906 0.0457856399583767 0 0.0353798126951093 0.0388484217828651 0.0423170308706209 0.0388484217828651 0.0485605272285813 0.077003121748179 0.0443981963232744 0.0378078390565383 0.0790842872008325 0.0707596253902185 0.0357266736038848 0.0922650017343045 0.0357266736038848
"cheSer" 0.072840790842872 0.032258064516129 0.0353798126951093 0 0.0246271245230663 0.0308706208810267 0.0263614290669442 0.0339923690600069 0.0683315990287894 0.0315643426985779 0.0242802636142907 0.0700659035726674 0.0617412417620534 0.0228928199791883 0.0783905653832813 0.0218522372528616
"chrPic" 0.0718002081165453 0.0263614290669442 0.0388484217828651 0.0246271245230663 0 0.0246271245230663 0.0197710718002081 0.0378078390565383 0.0690253208463406 0.0260145681581686 0.00312174817898023 0.068678459937565 0.0624349635796046 0.0166493236212279 0.0752688172043011 0.0114464099895942
"cuoAmb" 0.0766562608394034 0.025667707249393 0.0423170308706209 0.0308706208810267 0.0246271245230663 0 0.00901838362816511 0.0447450572320499 0.0745750953867499 0.0242802636142907 0.0249739854318418 0.0731876517516476 0.0638224072147069 0.0235865417967395 0.0790842872008325 0.0228928199791883
"cuoMcc" 0.0718002081165453 0.0211585154353104 0.0388484217828651 0.0263614290669442 0.0197710718002081 0.00901838362816511 0 0.0391952826916407 0.0697190426638918 0.0201179327089837 0.0201179327089837 0.0679847381200139 0.0610475199445023 0.0187304890738814 0.0742282344779743 0.0180367672563302
"derMaw" 0.0815123135622615 0.0443981963232744 0.0485605272285813 0.0339923690600069 0.0378078390565383 0.0447450572320499 0.0391952826916407 0 0.079431148109608 0.0450919181408255 0.0374609781477627 0.0780437044745057 0.0693721817551162 0.0374609781477627 0.087755809920222 0.0350329517863337
"emySub" 0.103364550815123 0.0763093999306278 0.077003121748179 0.0683315990287894 0.0690253208463406 0.0745750953867499 0.0697190426638918 0.079431148109608 0 0.0735345126604232 0.068678459937565 0.0773499826569546 0.0960804717308359 0.0659035726673604 0.0908775580992022 0.0665972944849116
"gopAga" 0.0759625390218522 0.0142212972597988 0.0443981963232744 0.0315643426985779 0.0260145681581686 0.0242802636142907 0.0201179327089837 0.0450919181408255 0.0735345126604232 0 0.0263614290669442 0.0749219562955255 0.0690253208463406 0.025667707249393 0.0832466181061394 0.0242802636142907
"malTer" 0.0721470690253209 0.0267082899757197 0.0378078390565383 0.0242802636142907 0.00312174817898023 0.0249739854318418 0.0201179327089837 0.0374609781477627 0.068678459937565 0.0263614290669442 0 0.0697190426638918 0.062088102670829 0.0159556018036767 0.0763093999306278 0.0110995490808186
"pelCas" 0.100936524453694 0.0745750953867499 0.0790842872008325 0.0700659035726674 0.068678459937565 0.0731876517516476 0.0679847381200139 0.0780437044745057 0.0773499826569546 0.0749219562955255 0.0697190426638918 0 0.0939993062781825 0.0659035726673604 0.0634755463059313 0.0672910163024627
"pelSin" 0.0818591744710371 0.0679847381200139 0.0707596253902185 0.0617412417620534 0.0624349635796046 0.0638224072147069 0.0610475199445023 0.0693721817551162 0.0960804717308359 0.0690253208463406 0.062088102670829 0.0939993062781825 0 0.0610475199445023 0.10128338536247 0.0589663544918488
"plaMeg" 0.0711064862989941 0.0260145681581686 0.0357266736038848 0.0228928199791883 0.0166493236212279 0.0235865417967395 0.0187304890738814 0.0374609781477627 0.0659035726673604 0.025667707249393 0.0159556018036767 0.0659035726673604 0.0610475199445023 0 0.0763093999306278 0.0145681581685744
"podExp" 0.112036073534513 0.0825528962885883 0.0922650017343045 0.0783905653832813 0.0752688172043011 0.0790842872008325 0.0742282344779743 0.087755809920222 0.0908775580992022 0.0832466181061394 0.0763093999306278 0.0634755463059313 0.10128338536247 0.0763093999306278 0 0.0745750953867499
"terMex" 0.068678459937565 0.0246271245230663 0.0357266736038848 0.0218522372528616 0.0114464099895942 0.0228928199791883 0.0180367672563302 0.0350329517863337 0.0665972944849116 0.0242802636142907 0.0110995490808186 0.0672910163024627 0.0589663544918488 0.0145681581685744 0.0745750953867499 0
