"carIns" "cheAbi" "cheMyd" "cheSer" "chrPic" "cuoAmb" "cuoMcc" "derCor" "derMaw" "emySub" "gopAga" "malTer" "mesTub" "pelCas" "pelSin" "plaMeg" "podExp" "terMex"
"carIns" 0 0.140511525102621 0.131986106725608 0.134512156615093 0.136406694032207 0.133880644142722 0.136090937796021 0.132617619197979 0.142406062519735 0.138932743921692 0.133880644142722 0.155983580675718 0.145563624881591 0.194505841490369 0.148721187243448 0.132933375434165 0.169561098831702 0.136406694032207
"cheAbi" 0.140511525102621 0 0.0457846542469214 0.0505209977897063 0.0457846542469214 0.0306283549100095 0.0341016735080518 0.050836754025892 0.0644142721818756 0.0843069150615725 0.0224186927691822 0.0682033470161036 0.0937796021471424 0.150931480896748 0.115251026207768 0.0426270918850647 0.122829175876224 0.0438901168298074
"cheMyd" 0.131986106725608 0.0457846542469214 0 0.0388380170508368 0.0404167982317651 0.0391537732870224 0.0410483107041364 0.0246289864224818 0.0533628039153773 0.0742027155036312 0.0385222608146511 0.0656772971266183 0.0843069150615725 0.13766971897695 0.106725607830755 0.0366277233975371 0.113988001263025 0.0397852857593937
"cheSer" 0.134512156615093 0.0505209977897063 0.0388380170508368 0 0.0438901168298074 0.0429428481212504 0.044205873065993 0.0448373855383644 0.0580991474581623 0.0767287653931165 0.0419955794126934 0.0669403220713609 0.0877802336596148 0.143353331228292 0.107988632775497 0.0394695295232081 0.118092832333439 0.0429428481212504
"chrPic" 0.136406694032207 0.0457846542469214 0.0404167982317651 0.0438901168298074 0 0.0423113356488791 0.0416798231765077 0.0448373855383644 0.0606251973476476 0.0830438901168298 0.0391537732870224 0.0318913798547521 0.0928323334385854 0.145879381117777 0.115882538680139 0.0369434796337228 0.11872434480581 0.0205241553520682
"cuoAmb" 0.133880644142722 0.0306283549100095 0.0391537732870224 0.0429428481212504 0.0423113356488791 0 0.0119987369750553 0.0448373855383644 0.0571518787496053 0.0783075465740448 0.0236817177139249 0.0640985159456899 0.0852541837701295 0.142406062519735 0.110830438901168 0.0385222608146511 0.11651405115251 0.0388380170508368
"cuoMcc" 0.136090937796021 0.0341016735080518 0.0410483107041364 0.044205873065993 0.0416798231765077 0.0119987369750553 0 0.0467319229554784 0.0599936848752763 0.0817808651720871 0.0262077676034102 0.0647300284180613 0.0890432586043574 0.146195137353963 0.111777707609725 0.0416798231765077 0.119671613514367 0.0413640669403221
"derCor" 0.132617619197979 0.050836754025892 0.0246289864224818 0.0448373855383644 0.0448373855383644 0.0448373855383644 0.0467319229554784 0 0.057467634985791 0.0783075465740448 0.0438901168298074 0.0694663719608462 0.0890432586043574 0.141458793811178 0.109567413956426 0.0438901168298074 0.115882538680139 0.047994947900221
"derMaw" 0.142406062519735 0.0644142721818756 0.0533628039153773 0.0580991474581623 0.0606251973476476 0.0571518787496053 0.0599936848752763 0.057467634985791 0 0.0893590148405431 0.057467634985791 0.0830438901168298 0.098831701926113 0.158825386801389 0.123776444584781 0.0568361225134196 0.129460056836123 0.058414903694348
"emySub" 0.138932743921692 0.0843069150615725 0.0742027155036312 0.0767287653931165 0.0830438901168298 0.0783075465740448 0.0817808651720871 0.0783075465740448 0.0893590148405431 0 0.0789390590464162 0.103252289232712 0.0457846542469214 0.12093463845911 0.120303125986738 0.0754657404483739 0.100094726870856 0.0827281338806441
"gopAga" 0.133880644142722 0.0224186927691822 0.0385222608146511 0.0419955794126934 0.0391537732870224 0.0236817177139249 0.0262077676034102 0.0438901168298074 0.057467634985791 0.0789390590464162 0 0.061256709820019 0.0896747710767288 0.143669087464477 0.110198926428797 0.0353646984527944 0.118092832333439 0.0366277233975371
"malTer" 0.155983580675718 0.0682033470161036 0.0656772971266183 0.0669403220713609 0.0318913798547521 0.0640985159456899 0.0647300284180613 0.0694663719608462 0.0830438901168298 0.103252289232712 0.061256709820019 0 0.112093463845911 0.16608778023366 0.135775181559836 0.0596779286390906 0.138616987685507 0.0438901168298074
"mesTub" 0.145563624881591 0.0937796021471424 0.0843069150615725 0.0877802336596148 0.0928323334385854 0.0852541837701295 0.0890432586043574 0.0890432586043574 0.098831701926113 0.0457846542469214 0.0896747710767288 0.112093463845911 0 0.134512156615093 0.127881275655194 0.0852541837701295 0.116198294916325 0.0915693084938427
"pelCas" 0.194505841490369 0.150931480896748 0.13766971897695 0.143353331228292 0.145879381117777 0.142406062519735 0.146195137353963 0.141458793811178 0.158825386801389 0.12093463845911 0.143669087464477 0.16608778023366 0.134512156615093 0 0.179665298389643 0.140511525102621 0.131354594253237 0.14714240606252
"pelSin" 0.148721187243448 0.115251026207768 0.106725607830755 0.107988632775497 0.115882538680139 0.110830438901168 0.111777707609725 0.109567413956426 0.123776444584781 0.120303125986738 0.110198926428797 0.135775181559836 0.127881275655194 0.179665298389643 0 0.10925165772024 0.154720555730976 0.115566782443953
"plaMeg" 0.132933375434165 0.0426270918850647 0.0366277233975371 0.0394695295232081 0.0369434796337228 0.0385222608146511 0.0416798231765077 0.0438901168298074 0.0568361225134196 0.0754657404483739 0.0353646984527944 0.0596779286390906 0.0852541837701295 0.140511525102621 0.10925165772024 0 0.11651405115251 0.0359962109251658
"podExp" 0.169561098831702 0.122829175876224 0.113988001263025 0.118092832333439 0.11872434480581 0.11651405115251 0.119671613514367 0.115882538680139 0.129460056836123 0.100094726870856 0.118092832333439 0.138616987685507 0.116198294916325 0.131354594253237 0.154720555730976 0.11651405115251 0 0.119987369750553
"terMex" 0.136406694032207 0.0438901168298074 0.0397852857593937 0.0429428481212504 0.0205241553520682 0.0388380170508368 0.0413640669403221 0.047994947900221 0.058414903694348 0.0827281338806441 0.0366277233975371 0.0438901168298074 0.0915693084938427 0.14714240606252 0.115566782443953 0.0359962109251658 0.119987369750553 0
