"carIns" "cheAbi" "cheMyd" "cheSer" "cuoMcc" "derCor" "emySub" "gopAga" "malTer" "mesTub" "pelCas" "pelSin" "plaMeg" "podExp" "terMex"
"carIns" 0 0.105976586568084 0.133703019100431 0.102895871842267 0.104128157732594 0.0924214417744917 0.112138016019717 0.0973505853357979 0.122612446087492 0.1090573012939 0.124460874922982 0.134935304990758 0.099815157116451 0.124460874922982 0.0961182994454713
"cheAbi" 0.105976586568084 0 0.0634627233518176 0.0295748613678373 0.0178681454097351 0.0492914356130622 0.0542205791743685 0.0258780036968577 0.0449784349969193 0.0536044362292052 0.0764017252002465 0.109673444239063 0.0191004313000616 0.0757855822550832 0.0184842883548983
"cheMyd" 0.133703019100431 0.0634627233518176 0 0.0616142945163278 0.0591497227356747 0.0764017252002465 0.0961182994454713 0.0800985828712261 0.0856438693776956 0.0955021565003081 0.1090573012939 0.131854590264941 0.0566851509550216 0.105976586568084 0.0573012939001848
"cheSer" 0.102895871842267 0.0295748613678373 0.0616142945163278 0 0.0283425754775108 0.0455945779420826 0.0622304374614911 0.048675292667899 0.0523721503388786 0.0585335797905114 0.077634011090573 0.106592729513247 0.022181146025878 0.0782501540357363 0.0234134319162046
"cuoMcc" 0.104128157732594 0.0178681454097351 0.0591497227356747 0.0283425754775108 0 0.0462107208872458 0.0579174368453481 0.0363524337646334 0.0431300061614295 0.0560690080098583 0.0751694393099199 0.11090573012939 0.0160197165742452 0.0733210104744301 0.0166358595194085
"derCor" 0.0924214417744917 0.0492914356130622 0.0764017252002465 0.0455945779420826 0.0462107208872458 0 0.0739371534195934 0.0394331484904498 0.0653111521873075 0.0683918669131238 0.093037584719655 0.130006161429452 0.0412815773259396 0.0911891558841651 0.0418977202711029
"emySub" 0.112138016019717 0.0542205791743685 0.0961182994454713 0.0622304374614911 0.0579174368453481 0.0739371534195934 0 0.0720887245841035 0.0770178681454097 0.0197165742452249 0.0579174368453481 0.117067159581023 0.0529882932840419 0.0523721503388786 0.0511398644485521
"gopAga" 0.0973505853357979 0.0258780036968577 0.0800985828712261 0.048675292667899 0.0363524337646334 0.0394331484904498 0.0720887245841035 0 0.0646950092421442 0.0702402957486137 0.0955021565003081 0.128157732593962 0.03758471965496 0.0948860135551448 0.0369685767097967
"malTer" 0.122612446087492 0.0449784349969193 0.0856438693776956 0.0523721503388786 0.0431300061614295 0.0653111521873075 0.0770178681454097 0.0646950092421442 0 0.0745532963647566 0.0942698706099815 0.128157732593962 0.0363524337646334 0.0942698706099815 0.0345040049291436
"mesTub" 0.1090573012939 0.0536044362292052 0.0955021565003081 0.0585335797905114 0.0560690080098583 0.0683918669131238 0.0197165742452249 0.0702402957486137 0.0745532963647566 0 0.055452865064695 0.118299445471349 0.0523721503388786 0.0511398644485521 0.0499075785582255
"pelCas" 0.124460874922982 0.0764017252002465 0.1090573012939 0.077634011090573 0.0751694393099199 0.093037584719655 0.0579174368453481 0.0955021565003081 0.0942698706099815 0.055452865064695 0 0.131238447319778 0.0727048675292668 0.0529882932840419 0.0702402957486137
"pelSin" 0.134935304990758 0.109673444239063 0.131854590264941 0.106592729513247 0.11090573012939 0.130006161429452 0.117067159581023 0.128157732593962 0.128157732593962 0.118299445471349 0.131238447319778 0 0.102279728897104 0.131854590264941 0.101663585951941
"plaMeg" 0.099815157116451 0.0191004313000616 0.0566851509550216 0.022181146025878 0.0160197165742452 0.0412815773259396 0.0529882932840419 0.03758471965496 0.0363524337646334 0.0523721503388786 0.0727048675292668 0.102279728897104 0 0.0727048675292668 0.00800985828712261
"podExp" 0.124460874922982 0.0757855822550832 0.105976586568084 0.0782501540357363 0.0733210104744301 0.0911891558841651 0.0523721503388786 0.0948860135551448 0.0942698706099815 0.0511398644485521 0.0529882932840419 0.131854590264941 0.0727048675292668 0 0.0714725816389402
"terMex" 0.0961182994454713 0.0184842883548983 0.0573012939001848 0.0234134319162046 0.0166358595194085 0.0418977202711029 0.0511398644485521 0.0369685767097967 0.0345040049291436 0.0499075785582255 0.0702402957486137 0.101663585951941 0.00800985828712261 0.0714725816389402 0
