"carIns" "cheAbi" "cheMyd" "cheSer" "chrPic" "cuoMcc" "derCor" "derMaw" "emySub" "gopAga" "malTer" "mesTub" "pelCas" "pelSin" "plaMeg" "podExp"
"carIns" 0 0.0966034406704896 0.0811645346272607 0.0802823114247905 0.0851345390383767 0.0891045434494927 0.0829289810322011 0.0891045434494927 0.106307895897662 0.0895456550507278 0.0846934274371416 0.108513453903838 0.11821790913101 0.129686810763123 0.0833700926334363 0.121746801940891
"cheAbi" 0.0966034406704896 0 0.0467578297309219 0.0419056021173357 0.0361711513012792 0.035288928098809 0.0436700485222761 0.0573445081605646 0.0877812086457874 0.0330833700926334 0.0348478164975739 0.0868989854433172 0.102337891486546 0.125275694750772 0.0410233789148655 0.093956771063079
"cheMyd" 0.0811645346272607 0.0467578297309219 0 0.0260255844728716 0.0335244816938685 0.0405822673136303 0.0176444640494045 0.0414644905161006 0.074547860608734 0.0410233789148655 0.0330833700926334 0.074547860608734 0.0926334362593736 0.114689016321129 0.0326422584913983 0.0917512130569034
"cheSer" 0.0802823114247905 0.0419056021173357 0.0260255844728716 0 0.0264666960741067 0.0317600352889281 0.0224966916629907 0.0383767093074548 0.0727834142037936 0.0326422584913983 0.0251433612704014 0.0670489633877371 0.0930745478606087 0.115130127922364 0.0260255844728716 0.0868989854433172
"chrPic" 0.0851345390383767 0.0361711513012792 0.0335244816938685 0.0264666960741067 0 0.0260255844728716 0.0308778120864579 0.0458756065284517 0.0771945302161447 0.0277900308778121 0.00485222761358624 0.0741067490074989 0.0957212174680194 0.11733568592854 0.0224966916629907 0.0913101014556683
"cuoMcc" 0.0891045434494927 0.035288928098809 0.0405822673136303 0.0317600352889281 0.0260255844728716 0 0.0370533745037495 0.051168945743273 0.0846934274371416 0.0242611380679312 0.0255844728716365 0.0776356418173798 0.101014556682841 0.121305690339656 0.0295544772827525 0.097926775474195
"derCor" 0.0829289810322011 0.0436700485222761 0.0176444640494045 0.0224966916629907 0.0308778120864579 0.0370533745037495 0 0.0427878253198059 0.0763123070136745 0.0370533745037495 0.0295544772827525 0.0714600794000882 0.0930745478606087 0.116894574327305 0.0308778120864579 0.0913101014556683
"derMaw" 0.0891045434494927 0.0573445081605646 0.0414644905161006 0.0383767093074548 0.0458756065284517 0.051168945743273 0.0427878253198059 0 0.0838112042346714 0.0533745037494486 0.0463167181296868 0.0816056462284958 0.0992501102779003 0.116894574327305 0.0454344949272166 0.0988089986766652
"emySub" 0.106307895897662 0.0877812086457874 0.074547860608734 0.0727834142037936 0.0771945302161447 0.0846934274371416 0.0763123070136745 0.0838112042346714 0 0.0846934274371416 0.07851786501985 0.0388178209086899 0.0833700926334363 0.137626819585355 0.0780767534186149 0.0807234230260256
"gopAga" 0.0895456550507278 0.0330833700926334 0.0410233789148655 0.0326422584913983 0.0277900308778121 0.0242611380679312 0.0370533745037495 0.0533745037494486 0.0846934274371416 0 0.0264666960741067 0.0789589766210851 0.0992501102779003 0.120423467137186 0.0304367004852228 0.0974856638729599
"malTer" 0.0846934274371416 0.0348478164975739 0.0330833700926334 0.0251433612704014 0.00485222761358624 0.0255844728716365 0.0295544772827525 0.0463167181296868 0.07851786501985 0.0264666960741067 0 0.0736656374062638 0.0961623290692545 0.116894574327305 0.0229378032642258 0.0908689898544332
"mesTub" 0.108513453903838 0.0868989854433172 0.074547860608734 0.0670489633877371 0.0741067490074989 0.0776356418173798 0.0714600794000882 0.0816056462284958 0.0388178209086899 0.0789589766210851 0.0736656374062638 0 0.0855756506396118 0.135862373180415 0.0719011910013233 0.0829289810322011
"pelCas" 0.11821790913101 0.102337891486546 0.0926334362593736 0.0930745478606087 0.0957212174680194 0.101014556682841 0.0930745478606087 0.0992501102779003 0.0833700926334363 0.0992501102779003 0.0961623290692545 0.0855756506396118 0 0.147331274812528 0.0974856638729599 0.066607851786502
"pelSin" 0.129686810763123 0.125275694750772 0.114689016321129 0.115130127922364 0.11733568592854 0.121305690339656 0.116894574327305 0.116894574327305 0.137626819585355 0.120423467137186 0.116894574327305 0.135862373180415 0.147331274812528 0 0.11821790913101 0.145125716806352
"plaMeg" 0.0833700926334363 0.0410233789148655 0.0326422584913983 0.0260255844728716 0.0224966916629907 0.0295544772827525 0.0308778120864579 0.0454344949272166 0.0780767534186149 0.0304367004852228 0.0229378032642258 0.0719011910013233 0.0974856638729599 0.11821790913101 0 0.0966034406704896
"podExp" 0.121746801940891 0.093956771063079 0.0917512130569034 0.0868989854433172 0.0913101014556683 0.097926775474195 0.0913101014556683 0.0988089986766652 0.0807234230260256 0.0974856638729599 0.0908689898544332 0.0829289810322011 0.066607851786502 0.145125716806352 0.0966034406704896 0
