"carIns" "cheAbi" "cheMyd" "cheSer" "chrPic" "cuoAmb" "cuoMcc" "derCor" "derMaw" "emySub" "gopAga" "malTer" "mesTub" "pelCas" "pelSin" "plaMeg" "podExp" "terMex"
"carIns" 0 0.127321981424149 0.0638544891640867 0.0661764705882353 0.0584365325077399 0.0580495356037152 0.0568885448916409 0.130030959752322 0.0681114551083591 0.0646284829721362 0.0886222910216718 0.0592105263157895 0.0777863777089783 0.0828173374613003 0.071594427244582 0.0584365325077399 0.0785603715170279 0.0557275541795666
"cheAbi" 0.127321981424149 0 0.101393188854489 0.103328173374613 0.0921052631578947 0.0863003095975232 0.0851393188854489 0.117647058823529 0.106424148606811 0.115712074303406 0.111455108359133 0.093266253869969 0.121130030959752 0.130804953560372 0.125 0.0936532507739938 0.125 0.0924922600619195
"cheMyd" 0.0638544891640867 0.101393188854489 0 0.0305727554179567 0.0243808049535604 0.0278637770897833 0.0270897832817337 0.0874613003095975 0.0367647058823529 0.0495356037151703 0.0580495356037152 0.0251547987616099 0.0611455108359133 0.0626934984520124 0.0657894736842105 0.0243808049535604 0.0626934984520124 0.0232198142414861
"cheSer" 0.0661764705882353 0.103328173374613 0.0305727554179567 0 0.0270897832817337 0.0309597523219814 0.0301857585139319 0.101006191950464 0.0352167182662539 0.048374613003096 0.0588235294117647 0.0278637770897833 0.0611455108359133 0.0638544891640867 0.0684984520123839 0.026702786377709 0.0661764705882353 0.0251547987616099
"chrPic" 0.0584365325077399 0.0921052631578947 0.0243808049535604 0.0270897832817337 0 0.0162538699690402 0.0154798761609907 0.098297213622291 0.0301857585139319 0.0421826625386997 0.0464396284829721 0.00541795665634675 0.0518575851393189 0.0568885448916409 0.0561145510835913 0.0119969040247678 0.0588235294117647 0.00657894736842105
"cuoAmb" 0.0580495356037152 0.0863003095975232 0.0278637770897833 0.0309597523219814 0.0162538699690402 0 0.00464396284829721 0.101006191950464 0.03328173374613 0.0445046439628483 0.0417956656346749 0.0178018575851393 0.0557275541795666 0.0595975232198142 0.0565015479876161 0.016640866873065 0.0595975232198142 0.0158668730650155
"cuoMcc" 0.0568885448916409 0.0851393188854489 0.0270897832817337 0.0301857585139319 0.0154798761609907 0.00464396284829721 0 0.0998452012383901 0.031733746130031 0.0429566563467492 0.0402476780185759 0.0170278637770898 0.0545665634674923 0.0584365325077399 0.0557275541795666 0.0154798761609907 0.0568885448916409 0.0150928792569659
"derCor" 0.130030959752322 0.117647058823529 0.0874613003095975 0.101006191950464 0.098297213622291 0.101006191950464 0.0998452012383901 0 0.10797213622291 0.115325077399381 0.131191950464396 0.0986842105263158 0.121904024767802 0.126547987616099 0.131191950464396 0.0994582043343653 0.130417956656347 0.0979102167182663
"derMaw" 0.0681114551083591 0.106424148606811 0.0367647058823529 0.0352167182662539 0.0301857585139319 0.03328173374613 0.031733746130031 0.10797213622291 0 0.0572755417956656 0.0607585139318885 0.0321207430340557 0.0681114551083591 0.0692724458204334 0.0708204334365325 0.0309597523219814 0.0688854489164087 0.0294117647058824
"emySub" 0.0646284829721362 0.115712074303406 0.0495356037151703 0.048374613003096 0.0421826625386997 0.0445046439628483 0.0429566563467492 0.115325077399381 0.0572755417956656 0 0.0739164086687307 0.043343653250774 0.031733746130031 0.0518575851393189 0.0669504643962848 0.0417956656346749 0.0487616099071207 0.0406346749226006
"gopAga" 0.0886222910216718 0.111455108359133 0.0580495356037152 0.0588235294117647 0.0464396284829721 0.0417956656346749 0.0402476780185759 0.131191950464396 0.0607585139318885 0.0739164086687307 0 0.0479876160990712 0.086687306501548 0.0874613003095975 0.086687306501548 0.0479876160990712 0.0874613003095975 0.0460526315789474
"malTer" 0.0592105263157895 0.093266253869969 0.0251547987616099 0.0278637770897833 0.00541795665634675 0.0178018575851393 0.0170278637770898 0.0986842105263158 0.0321207430340557 0.043343653250774 0.0479876160990712 0 0.0530185758513932 0.0572755417956656 0.0580495356037152 0.0127708978328173 0.0592105263157895 0.00735294117647059
"mesTub" 0.0777863777089783 0.121130030959752 0.0611455108359133 0.0611455108359133 0.0518575851393189 0.0557275541795666 0.0545665634674923 0.121904024767802 0.0681114551083591 0.031733746130031 0.086687306501548 0.0530185758513932 0 0.0592105263157895 0.0797213622291022 0.0510835913312693 0.0584365325077399 0.0510835913312693
"pelCas" 0.0828173374613003 0.130804953560372 0.0626934984520124 0.0638544891640867 0.0568885448916409 0.0595975232198142 0.0584365325077399 0.126547987616099 0.0692724458204334 0.0518575851393189 0.0874613003095975 0.0572755417956656 0.0592105263157895 0 0.0839783281733746 0.0572755417956656 0.0545665634674923 0.0561145510835913
"pelSin" 0.071594427244582 0.125 0.0657894736842105 0.0684984520123839 0.0561145510835913 0.0565015479876161 0.0557275541795666 0.131191950464396 0.0708204334365325 0.0669504643962848 0.086687306501548 0.0580495356037152 0.0797213622291022 0.0839783281733746 0 0.0561145510835913 0.0824303405572755 0.0537925696594427
"plaMeg" 0.0584365325077399 0.0936532507739938 0.0243808049535604 0.026702786377709 0.0119969040247678 0.016640866873065 0.0154798761609907 0.0994582043343653 0.0309597523219814 0.0417956656346749 0.0479876160990712 0.0127708978328173 0.0510835913312693 0.0572755417956656 0.0561145510835913 0 0.0588235294117647 0.010061919504644
"podExp" 0.0785603715170279 0.125 0.0626934984520124 0.0661764705882353 0.0588235294117647 0.0595975232198142 0.0568885448916409 0.130417956656347 0.0688854489164087 0.0487616099071207 0.0874613003095975 0.0592105263157895 0.0584365325077399 0.0545665634674923 0.0824303405572755 0.0588235294117647 0 0.0576625386996904
"terMex" 0.0557275541795666 0.0924922600619195 0.0232198142414861 0.0251547987616099 0.00657894736842105 0.0158668730650155 0.0150928792569659 0.0979102167182663 0.0294117647058824 0.0406346749226006 0.0460526315789474 0.00735294117647059 0.0510835913312693 0.0561145510835913 0.0537925696594427 0.010061919504644 0.0576625386996904 0
