"carIns" "cheAbi" "cheMyd" "cheSer" "chrPic" "cuoMcc" "derCor" "derMaw" "emySub" "gopAga" "malTer" "mesTub" "pelCas" "pelSin" "plaMeg" "podExp" "terMex"
"carIns" 0 0.053656220322887 0.0484330484330484 0.0517568850902184 0.0465337132003799 0.0512820512820513 0.050332383665717 0.0546058879392213 0.0565052231718898 0.0531813865147198 0.144349477682811 0.0579297245963913 0.0626780626780627 0.0484330484330484 0.190883190883191 0.0645773979107312 0.0484330484330484
"cheAbi" 0.053656220322887 0 0.0204178537511871 0.0204178537511871 0.01329534662868 0.0113960113960114 0.0223171889838557 0.0256410256410256 0.0341880341880342 0.00902184235517569 0.115384615384615 0.0360873694207028 0.0460588793922127 0.0474833808167142 0.170940170940171 0.0441595441595442 0.0142450142450142
"cheMyd" 0.0484330484330484 0.0204178537511871 0 0.0137701804368471 0.0142450142450142 0.0175688509021842 0.0104463437796771 0.0175688509021842 0.0275403608736942 0.0204178537511871 0.117283950617284 0.0294396961063628 0.040360873694207 0.040360873694207 0.16951566951567 0.0389363722697056 0.0137701804368471
"cheSer" 0.0517568850902184 0.0204178537511871 0.0137701804368471 0 0.0151946818613485 0.0185185185185185 0.0156695156695157 0.0175688509021842 0.0308641975308642 0.0194681861348528 0.118233618233618 0.0327635327635328 0.0432098765432099 0.0427350427350427 0.173314339981007 0.0413105413105413 0.0147198480531814
"chrPic" 0.0465337132003799 0.01329534662868 0.0142450142450142 0.0151946818613485 0 0.0104463437796771 0.0161443494776828 0.0204178537511871 0.0294396961063628 0.01329534662868 0.108262108262108 0.0308641975308642 0.0417853751187085 0.0398860398860399 0.164767331433998 0.0384615384615385 0.00427350427350427
"cuoMcc" 0.0512820512820513 0.0113960113960114 0.0175688509021842 0.0185185185185185 0.0104463437796771 0 0.0185185185185185 0.0237416904083571 0.0318138651471985 0.00949667616334283 0.116809116809117 0.033713200379867 0.0446343779677113 0.0441595441595442 0.166666666666667 0.0427350427350427 0.0113960113960114
"derCor" 0.050332383665717 0.0223171889838557 0.0104463437796771 0.0156695156695157 0.0161443494776828 0.0185185185185185 0 0.0213675213675214 0.0313390313390313 0.0213675213675214 0.118708452041785 0.0341880341880342 0.0441595441595442 0.0427350427350427 0.170940170940171 0.0427350427350427 0.0156695156695157
"derMaw" 0.0546058879392213 0.0256410256410256 0.0175688509021842 0.0175688509021842 0.0204178537511871 0.0237416904083571 0.0213675213675214 0 0.0341880341880342 0.0265906932573599 0.122032288698955 0.0351377018043685 0.0460588793922127 0.0465337132003799 0.175213675213675 0.0451092117758784 0.0204178537511871
"emySub" 0.0565052231718898 0.0341880341880342 0.0275403608736942 0.0308641975308642 0.0294396961063628 0.0318138651471985 0.0313390313390313 0.0341880341880342 0 0.0346628679962013 0.12630579297246 0.0104463437796771 0.0294396961063628 0.053656220322887 0.182336182336182 0.0289648622981956 0.0294396961063628
"gopAga" 0.0531813865147198 0.00902184235517569 0.0204178537511871 0.0194681861348528 0.01329534662868 0.00949667616334283 0.0213675213675214 0.0265906932573599 0.0346628679962013 0 0.118708452041785 0.0365622032288699 0.0465337132003799 0.0460588793922127 0.168566001899335 0.0451092117758784 0.0142450142450142
"malTer" 0.144349477682811 0.115384615384615 0.117283950617284 0.118233618233618 0.108262108262108 0.116809116809117 0.118708452041785 0.122032288698955 0.12630579297246 0.118708452041785 0 0.127255460588794 0.134852801519468 0.13960113960114 0.266856600189934 0.134377967711301 0.110161443494777
"mesTub" 0.0579297245963913 0.0360873694207028 0.0294396961063628 0.0327635327635328 0.0308641975308642 0.033713200379867 0.0341880341880342 0.0351377018043685 0.0104463437796771 0.0365622032288699 0.127255460588794 0 0.0318138651471985 0.053656220322887 0.185660018993352 0.0313390313390313 0.0303893637226971
"pelCas" 0.0626780626780627 0.0460588793922127 0.040360873694207 0.0432098765432099 0.0417853751187085 0.0446343779677113 0.0441595441595442 0.0460588793922127 0.0294396961063628 0.0465337132003799 0.134852801519468 0.0318138651471985 0 0.0584045584045584 0.189458689458689 0.0327635327635328 0.0413105413105413
"pelSin" 0.0484330484330484 0.0474833808167142 0.040360873694207 0.0427350427350427 0.0398860398860399 0.0441595441595442 0.0427350427350427 0.0465337132003799 0.053656220322887 0.0460588793922127 0.13960113960114 0.053656220322887 0.0584045584045584 0 0.187559354226021 0.0598290598290598 0.0389363722697056
"plaMeg" 0.190883190883191 0.170940170940171 0.16951566951567 0.173314339981007 0.164767331433998 0.166666666666667 0.170940170940171 0.175213675213675 0.182336182336182 0.168566001899335 0.266856600189934 0.185660018993352 0.189458689458689 0.187559354226021 0 0.189458689458689 0.165242165242165
"podExp" 0.0645773979107312 0.0441595441595442 0.0389363722697056 0.0413105413105413 0.0384615384615385 0.0427350427350427 0.0427350427350427 0.0451092117758784 0.0289648622981956 0.0451092117758784 0.134377967711301 0.0313390313390313 0.0327635327635328 0.0598290598290598 0.189458689458689 0 0.0379867046533713
"terMex" 0.0484330484330484 0.0142450142450142 0.0137701804368471 0.0147198480531814 0.00427350427350427 0.0113960113960114 0.0156695156695157 0.0204178537511871 0.0294396961063628 0.0142450142450142 0.110161443494777 0.0303893637226971 0.0413105413105413 0.0389363722697056 0.165242165242165 0.0379867046533713 0
