"carIns" "cheAbi" "cheMyd" "cheSer" "chrPic" "cuoAmb" "cuoMcc" "derCor" "derMaw" "emySub" "gopAga" "malTer" "mesTub" "pelCas" "pelSin" "plaMeg" "podExp" "terMex"
"carIns" 0 0.0810810810810811 0.0784823284823285 0.0748440748440748 0.0769230769230769 0.0784823284823285 0.077962577962578 0.0795218295218295 0.0873180873180873 0.0899168399168399 0.0774428274428274 0.077962577962578 0.0862785862785863 0.102390852390852 0.0867983367983368 0.0727650727650728 0.0977130977130977 0.0764033264033264
"cheAbi" 0.0810810810810811 0 0.0395010395010395 0.0395010395010395 0.0296257796257796 0.0218295218295218 0.0244282744282744 0.0452182952182952 0.0498960498960499 0.0701663201663202 0.0207900207900208 0.0322245322245322 0.0738045738045738 0.093035343035343 0.0738045738045738 0.0244282744282744 0.0899168399168399 0.025987525987526
"cheMyd" 0.0784823284823285 0.0395010395010395 0 0.0327442827442827 0.0322245322245322 0.0317047817047817 0.0327442827442827 0.0197505197505198 0.0410602910602911 0.0675675675675676 0.0369022869022869 0.0337837837837838 0.066008316008316 0.0935550935550936 0.0665280665280665 0.0244282744282744 0.0893970893970894 0.027027027027027
"cheSer" 0.0748440748440748 0.0395010395010395 0.0327442827442827 0 0.0285862785862786 0.0332640332640333 0.0348232848232848 0.04002079002079 0.0379417879417879 0.0665280665280665 0.0379417879417879 0.0301455301455301 0.0706860706860707 0.0914760914760915 0.0706860706860707 0.024948024948025 0.0935550935550936 0.0244282744282744
"chrPic" 0.0769230769230769 0.0296257796257796 0.0322245322245322 0.0285862785862786 0 0.0218295218295218 0.0254677754677755 0.0379417879417879 0.0395010395010395 0.0639293139293139 0.0301455301455301 0.00675675675675676 0.0691268191268191 0.090956340956341 0.0675675675675676 0.0192307692307692 0.0883575883575884 0.0124740124740125
"cuoAmb" 0.0784823284823285 0.0218295218295218 0.0317047817047817 0.0332640332640333 0.0218295218295218 0 0.00883575883575884 0.038981288981289 0.0446985446985447 0.0623700623700624 0.0197505197505198 0.0233887733887734 0.0686070686070686 0.0925155925155925 0.0691268191268191 0.0171517671517672 0.0925155925155925 0.0192307692307692
"cuoMcc" 0.077962577962578 0.0244282744282744 0.0327442827442827 0.0348232848232848 0.0254677754677755 0.00883575883575884 0 0.038981288981289 0.0441787941787942 0.0665280665280665 0.0218295218295218 0.027027027027027 0.0691268191268191 0.0956340956340956 0.0691268191268191 0.0192307692307692 0.093035343035343 0.0213097713097713
"derCor" 0.0795218295218295 0.0452182952182952 0.0197505197505198 0.04002079002079 0.0379417879417879 0.038981288981289 0.038981288981289 0 0.0478170478170478 0.0727650727650728 0.0415800415800416 0.04002079002079 0.0738045738045738 0.0956340956340956 0.0712058212058212 0.0327442827442827 0.090956340956341 0.0343035343035343
"derMaw" 0.0873180873180873 0.0498960498960499 0.0410602910602911 0.0379417879417879 0.0395010395010395 0.0446985446985447 0.0441787941787942 0.0478170478170478 0 0.0753638253638254 0.0509355509355509 0.0410602910602911 0.0764033264033264 0.0982328482328482 0.0727650727650728 0.038981288981289 0.0940748440748441 0.0369022869022869
"emySub" 0.0899168399168399 0.0701663201663202 0.0675675675675676 0.0665280665280665 0.0639293139293139 0.0623700623700624 0.0665280665280665 0.0727650727650728 0.0753638253638254 0 0.066008316008316 0.0639293139293139 0.0452182952182952 0.0665280665280665 0.0831600831600832 0.0576923076923077 0.0774428274428274 0.0608108108108108
"gopAga" 0.0774428274428274 0.0207900207900208 0.0369022869022869 0.0379417879417879 0.0301455301455301 0.0197505197505198 0.0218295218295218 0.0415800415800416 0.0509355509355509 0.066008316008316 0 0.0311850311850312 0.0732848232848233 0.0935550935550936 0.0686070686070686 0.0213097713097713 0.0925155925155925 0.027027027027027
"malTer" 0.077962577962578 0.0322245322245322 0.0337837837837838 0.0301455301455301 0.00675675675675676 0.0233887733887734 0.027027027027027 0.04002079002079 0.0410602910602911 0.0639293139293139 0.0311850311850312 0 0.0691268191268191 0.090956340956341 0.066008316008316 0.0207900207900208 0.0883575883575884 0.014033264033264
"mesTub" 0.0862785862785863 0.0738045738045738 0.066008316008316 0.0706860706860707 0.0691268191268191 0.0686070686070686 0.0691268191268191 0.0738045738045738 0.0764033264033264 0.0452182952182952 0.0732848232848233 0.0691268191268191 0 0.0701663201663202 0.0831600831600832 0.0639293139293139 0.0717255717255717 0.0634095634095634
"pelCas" 0.102390852390852 0.093035343035343 0.0935550935550936 0.0914760914760915 0.090956340956341 0.0925155925155925 0.0956340956340956 0.0956340956340956 0.0982328482328482 0.0665280665280665 0.0935550935550936 0.090956340956341 0.0701663201663202 0 0.103430353430353 0.0867983367983368 0.0712058212058212 0.0893970893970894
"pelSin" 0.0867983367983368 0.0738045738045738 0.0665280665280665 0.0706860706860707 0.0675675675675676 0.0691268191268191 0.0691268191268191 0.0712058212058212 0.0727650727650728 0.0831600831600832 0.0686070686070686 0.066008316008316 0.0831600831600832 0.103430353430353 0 0.064968814968815 0.0966735966735967 0.0665280665280665
"plaMeg" 0.0727650727650728 0.0244282744282744 0.0244282744282744 0.024948024948025 0.0192307692307692 0.0171517671517672 0.0192307692307692 0.0327442827442827 0.038981288981289 0.0576923076923077 0.0213097713097713 0.0207900207900208 0.0639293139293139 0.0867983367983368 0.064968814968815 0 0.0867983367983368 0.014033264033264
"podExp" 0.0977130977130977 0.0899168399168399 0.0893970893970894 0.0935550935550936 0.0883575883575884 0.0925155925155925 0.093035343035343 0.090956340956341 0.0940748440748441 0.0774428274428274 0.0925155925155925 0.0883575883575884 0.0717255717255717 0.0712058212058212 0.0966735966735967 0.0867983367983368 0 0.0852390852390852
"terMex" 0.0764033264033264 0.025987525987526 0.027027027027027 0.0244282744282744 0.0124740124740125 0.0192307692307692 0.0213097713097713 0.0343035343035343 0.0369022869022869 0.0608108108108108 0.027027027027027 0.014033264033264 0.0634095634095634 0.0893970893970894 0.0665280665280665 0.014033264033264 0.0852390852390852 0
