"carIns" "cheAbi" "cheMyd" "cheSer" "chrPic" "cuoAmb" "cuoMcc" "derCor" "derMaw" "emySub" "gopAga" "malTer" "mesTub" "pelCas" "pelSin" "plaMeg" "podExp" "terMex"
"carIns" 0 0.156414219474498 0.154559505409583 0.151468315301391 0.146213292117465 0.148995363214838 0.147449768160742 0.15548686244204 0.164451313755796 0.166306027820711 0.154559505409583 0.214219474497682 0.170942812982998 0.186707882534776 0.160123647604328 0.147140649149923 0.191344667697063 0.146831530139104
"cheAbi" 0.156414219474498 0 0.0420401854714065 0.0380216383307573 0.0268933539412674 0.0225656877897991 0.0225656877897991 0.0435857805255023 0.0571870170015456 0.0689335394126739 0.0234930448222566 0.157032457496136 0.0720247295208655 0.0924265842349304 0.0819165378670788 0.0262751159196291 0.0995363214837713 0.0262751159196291
"cheMyd" 0.154559505409583 0.0420401854714065 0 0.031839258114374 0.0324574961360124 0.033693972179289 0.0330757341576507 0.0238021638330757 0.0528593508500773 0.0652241112828439 0.0383307573415765 0.160432766615147 0.0698608964451314 0.0871715610510046 0.0800618238021638 0.029984544049459 0.0942812982998454 0.0312210200927357
"cheSer" 0.151468315301391 0.0380216383307573 0.031839258114374 0 0.0284389489953632 0.029984544049459 0.0293663060278207 0.035548686244204 0.0488408037094281 0.0605873261205564 0.0343122102009274 0.157032457496136 0.0652241112828439 0.084080370942813 0.0769706336939722 0.0262751159196291 0.0918083462132921 0.0268933539412674
"chrPic" 0.146213292117465 0.0268933539412674 0.0324574961360124 0.0284389489953632 0 0.0173106646058733 0.0173106646058733 0.0358578052550232 0.0479134466769706 0.0596599690880989 0.0247295208655332 0.138485316846986 0.0633693972179289 0.0843894899536321 0.072952086553323 0.0154559505409583 0.0908809891808346 0.0071097372488408
"cuoAmb" 0.148995363214838 0.0225656877897991 0.033693972179289 0.029984544049459 0.0173106646058733 0 0.00494590417310665 0.0367851622874807 0.0494590417310665 0.0596599690880989 0.0197836166924266 0.150231839258114 0.0655332302936631 0.0850077279752705 0.074806800618238 0.0173106646058733 0.0905718701700155 0.0173106646058733
"cuoMcc" 0.147449768160742 0.0225656877897991 0.0330757341576507 0.0293663060278207 0.0173106646058733 0.00494590417310665 0 0.0352395672333849 0.0482225656877898 0.0584234930448223 0.0200927357032458 0.150231839258114 0.0649149922720247 0.0843894899536321 0.0741885625965997 0.0173106646058733 0.0918083462132921 0.0173106646058733
"derCor" 0.15548686244204 0.0435857805255023 0.0238021638330757 0.035548686244204 0.0358578052550232 0.0367851622874807 0.0352395672333849 0 0.0556414219474498 0.0680061823802164 0.041112828438949 0.163833075734158 0.0723338485316847 0.0908809891808346 0.0856259659969088 0.0340030911901082 0.0998454404945904 0.0346213292117465
"derMaw" 0.164451313755796 0.0571870170015456 0.0528593508500773 0.0488408037094281 0.0479134466769706 0.0494590417310665 0.0482225656877898 0.0556414219474498 0 0.0800618238021638 0.0525502318392581 0.174961360123648 0.0834621329211747 0.10386398763524 0.0911901081916538 0.0451313755795981 0.109737248840804 0.0479134466769706
"emySub" 0.166306027820711 0.0689335394126739 0.0652241112828439 0.0605873261205564 0.0596599690880989 0.0596599690880989 0.0584234930448223 0.0680061823802164 0.0800618238021638 0 0.0633693972179289 0.178979907264297 0.031839258114374 0.0720247295208655 0.0952086553323029 0.0562596599690881 0.0812982998454405 0.0584234930448223
"gopAga" 0.154559505409583 0.0234930448222566 0.0383307573415765 0.0343122102009274 0.0247295208655332 0.0197836166924266 0.0200927357032458 0.041112828438949 0.0525502318392581 0.0633693972179289 0 0.155177743431221 0.0676970633693972 0.0874806800618238 0.0791344667697063 0.0231839258114374 0.0955177743431221 0.0234930448222566
"malTer" 0.214219474497682 0.157032457496136 0.160432766615147 0.157032457496136 0.138485316846986 0.150231839258114 0.150231839258114 0.163833075734158 0.174961360123648 0.178979907264297 0.155177743431221 0 0.184234930448223 0.197217928902628 0.191344667697063 0.147449768160742 0.201854714064915 0.140030911901082
"mesTub" 0.170942812982998 0.0720247295208655 0.0698608964451314 0.0652241112828439 0.0633693972179289 0.0655332302936631 0.0649149922720247 0.0723338485316847 0.0834621329211747 0.031839258114374 0.0676970633693972 0.184234930448223 0 0.0769706336939722 0.0982998454404946 0.0615146831530139 0.0862442040185471 0.0621329211746522
"pelCas" 0.186707882534776 0.0924265842349304 0.0871715610510046 0.084080370942813 0.0843894899536321 0.0850077279752705 0.0843894899536321 0.0908809891808346 0.10386398763524 0.0720247295208655 0.0874806800618238 0.197217928902628 0.0769706336939722 0 0.11870170015456 0.0819165378670788 0.0741885625965997 0.0831530139103555
"pelSin" 0.160123647604328 0.0819165378670788 0.0800618238021638 0.0769706336939722 0.072952086553323 0.074806800618238 0.0741885625965997 0.0856259659969088 0.0911901081916538 0.0952086553323029 0.0791344667697063 0.191344667697063 0.0982998454404946 0.11870170015456 0 0.0732612055641422 0.123338485316847 0.0744976816074189
"plaMeg" 0.147140649149923 0.0262751159196291 0.029984544049459 0.0262751159196291 0.0154559505409583 0.0173106646058733 0.0173106646058733 0.0340030911901082 0.0451313755795981 0.0562596599690881 0.0231839258114374 0.147449768160742 0.0615146831530139 0.0819165378670788 0.0732612055641422 0 0.0899536321483771 0.0142194744976816
"podExp" 0.191344667697063 0.0995363214837713 0.0942812982998454 0.0918083462132921 0.0908809891808346 0.0905718701700155 0.0918083462132921 0.0998454404945904 0.109737248840804 0.0812982998454405 0.0955177743431221 0.201854714064915 0.0862442040185471 0.0741885625965997 0.123338485316847 0.0899536321483771 0 0.089644513137558
"terMex" 0.146831530139104 0.0262751159196291 0.0312210200927357 0.0268933539412674 0.0071097372488408 0.0173106646058733 0.0173106646058733 0.0346213292117465 0.0479134466769706 0.0584234930448223 0.0234930448222566 0.140030911901082 0.0621329211746522 0.0831530139103555 0.0744976816074189 0.0142194744976816 0.089644513137558 0
