"carIns" "cheAbi" "cheMyd" "cheSer" "chrPic" "cuoAmb" "cuoMcc" "derCor" "derMaw" "emySub" "gopAga" "malTer" "mesTub" "pelCas" "pelSin" "plaMeg" "podExp" "terMex"
"carIns" 0 0.0952042628774423 0.088809946714032 0.0898756660746004 0.088809946714032 0.0920071047957371 0.0902309058614565 0.105150976909414 0.09449378330373 0.109769094138544 0.0927175843694494 0.0962699822380107 0.118650088809947 0.12291296625222 0.103019538188277 0.0870337477797513 0.125044404973357 0.0873889875666075
"cheAbi" 0.0952042628774423 0 0.0422735346358792 0.0404973357015986 0.0337477797513321 0.0206039076376554 0.0206039076376554 0.0564831261101243 0.0568383658969805 0.0717584369449378 0.019538188277087 0.0412078152753108 0.0795737122557726 0.0884547069271758 0.0838365896980462 0.0266429840142096 0.0952042628774423 0.0309058614564831
"cheMyd" 0.088809946714032 0.0422735346358792 0 0.027708703374778 0.0355239786856128 0.0358792184724689 0.0351687388987567 0.0323268206039076 0.0447602131438721 0.0689165186500888 0.0383658969804618 0.0422735346358792 0.0770870337477798 0.080639431616341 0.0781527531083481 0.0284191829484902 0.0905861456483126 0.0326820603907638
"cheSer" 0.0898756660746004 0.0404973357015986 0.027708703374778 0 0.0355239786856128 0.0348134991119005 0.033392539964476 0.0454706927175844 0.0451154529307282 0.0664298401420959 0.0383658969804618 0.0436944937833037 0.0760213143872114 0.08348134991119 0.0788632326820604 0.0284191829484902 0.0912966252220249 0.0316163410301954
"chrPic" 0.088809946714032 0.0337477797513321 0.0355239786856128 0.0355239786856128 0 0.0266429840142096 0.0269982238010657 0.0522202486678508 0.0483126110124334 0.0703374777975133 0.0298401420959147 0.0163410301953819 0.077797513321492 0.0827708703374778 0.0785079928952043 0.0191829484902309 0.0923623445825933 0.016696269982238
"cuoAmb" 0.0920071047957371 0.0206039076376554 0.0358792184724689 0.0348134991119005 0.0266429840142096 0 0.00390763765541741 0.0507992895204263 0.0497335701598579 0.0685612788632327 0.0177619893428064 0.0344582593250444 0.0767317939609236 0.0841918294849023 0.0799289520426288 0.0206039076376554 0.0920071047957371 0.024866785079929
"cuoMcc" 0.0902309058614565 0.0206039076376554 0.0351687388987567 0.033392539964476 0.0269982238010657 0.00390763765541741 0 0.050088809946714 0.0483126110124334 0.0678507992895204 0.0177619893428064 0.0348134991119005 0.0760213143872114 0.0831261101243339 0.0799289520426288 0.0202486678507993 0.0920071047957371 0.0245115452930728
"derCor" 0.105150976909414 0.0564831261101243 0.0323268206039076 0.0454706927175844 0.0522202486678508 0.0507992895204263 0.050088809946714 0 0.061101243339254 0.08348134991119 0.0539964476021314 0.0589698046181172 0.0923623445825933 0.0984014209591474 0.09449378330373 0.0451154529307282 0.106216696269982 0.0490230905861457
"derMaw" 0.09449378330373 0.0568383658969805 0.0447602131438721 0.0451154529307282 0.0483126110124334 0.0497335701598579 0.0483126110124334 0.061101243339254 0 0.0795737122557726 0.0522202486678508 0.0550621669626998 0.0870337477797513 0.0923623445825933 0.0870337477797513 0.0429840142095915 0.100177619893428 0.0458259325044405
"emySub" 0.109769094138544 0.0717584369449378 0.0689165186500888 0.0664298401420959 0.0703374777975133 0.0685612788632327 0.0678507992895204 0.08348134991119 0.0795737122557726 0 0.0706927175843694 0.0767317939609236 0.0355239786856128 0.066785079928952 0.0998223801065719 0.0650088809946714 0.0760213143872114 0.066785079928952
"gopAga" 0.0927175843694494 0.019538188277087 0.0383658969804618 0.0383658969804618 0.0298401420959147 0.0177619893428064 0.0177619893428064 0.0539964476021314 0.0522202486678508 0.0706927175843694 0 0.0383658969804618 0.0785079928952043 0.0845470692717584 0.0824156305506217 0.0230905861456483 0.0948490230905861 0.0284191829484902
"malTer" 0.0962699822380107 0.0412078152753108 0.0422735346358792 0.0436944937833037 0.0163410301953819 0.0344582593250444 0.0348134991119005 0.0589698046181172 0.0550621669626998 0.0767317939609236 0.0383658969804618 0 0.085968028419183 0.0898756660746004 0.0856127886323268 0.0273534635879218 0.0987566607460035 0.0252220248667851
"mesTub" 0.118650088809947 0.0795737122557726 0.0770870337477798 0.0760213143872114 0.077797513321492 0.0767317939609236 0.0760213143872114 0.0923623445825933 0.0870337477797513 0.0355239786856128 0.0785079928952043 0.085968028419183 0 0.0731793960923623 0.107282415630551 0.0738898756660746 0.080639431616341 0.0756660746003552
"pelCas" 0.12291296625222 0.0884547069271758 0.080639431616341 0.08348134991119 0.0827708703374778 0.0841918294849023 0.0831261101243339 0.0984014209591474 0.0923623445825933 0.066785079928952 0.0845470692717584 0.0898756660746004 0.0731793960923623 0 0.117939609236234 0.0813499111900533 0.0664298401420959 0.0813499111900533
"pelSin" 0.103019538188277 0.0838365896980462 0.0781527531083481 0.0788632326820604 0.0785079928952043 0.0799289520426288 0.0799289520426288 0.09449378330373 0.0870337477797513 0.0998223801065719 0.0824156305506217 0.0856127886323268 0.107282415630551 0.117939609236234 0 0.0760213143872114 0.120426287744227 0.0760213143872114
"plaMeg" 0.0870337477797513 0.0266429840142096 0.0284191829484902 0.0284191829484902 0.0191829484902309 0.0206039076376554 0.0202486678507993 0.0451154529307282 0.0429840142095915 0.0650088809946714 0.0230905861456483 0.0273534635879218 0.0738898756660746 0.0813499111900533 0.0760213143872114 0 0.0891651865008881 0.016696269982238
"podExp" 0.125044404973357 0.0952042628774423 0.0905861456483126 0.0912966252220249 0.0923623445825933 0.0920071047957371 0.0920071047957371 0.106216696269982 0.100177619893428 0.0760213143872114 0.0948490230905861 0.0987566607460035 0.080639431616341 0.0664298401420959 0.120426287744227 0.0891651865008881 0 0.0909413854351687
"terMex" 0.0873889875666075 0.0309058614564831 0.0326820603907638 0.0316163410301954 0.016696269982238 0.024866785079929 0.0245115452930728 0.0490230905861457 0.0458259325044405 0.066785079928952 0.0284191829484902 0.0252220248667851 0.0756660746003552 0.0813499111900533 0.0760213143872114 0.016696269982238 0.0909413854351687 0
