"carIns" "cheAbi" "cheMyd" "cheSer" "chrPic" "cuoAmb" "cuoMcc" "derCor" "derMaw" "emySub" "gopAga" "malTer" "mesTub" "pelCas" "pelSin" "plaMeg" "podExp" "terMex"
"carIns" 0 0.0562565720294427 0.0546792849631966 0.0536277602523659 0.0499474237644585 0.0536277602523659 0.0525762355415352 0.0594111461619348 0.0562565720294427 0.0599369085173502 0.0546792849631966 0.405362776025237 0.0646687697160883 0.155625657202944 0.0615141955835962 0.0504731861198738 0.0825446898002103 0.0499474237644585
"cheAbi" 0.0562565720294427 0 0.0241850683491062 0.0257623554153523 0.0162986330178759 0.0157728706624606 0.0141955835962145 0.0299684542586751 0.0289169295478444 0.0420609884332282 0.0110410094637224 0.405362776025237 0.0473186119873817 0.138275499474238 0.0504731861198738 0.0173501577287066 0.065720294426919 0.0173501577287066
"cheMyd" 0.0546792849631966 0.0241850683491062 0 0.0162986330178759 0.0136698212407992 0.0173501577287066 0.0157728706624606 0.0162986330178759 0.0220820189274448 0.0341745531019979 0.0205047318611987 0.404837013669821 0.0383806519453207 0.132492113564669 0.0467928496319664 0.0147213459516299 0.0578338590956887 0.0147213459516299
"cheSer" 0.0536277602523659 0.0257623554153523 0.0162986330178759 0 0.0152471083070452 0.0199789695057834 0.0184016824395373 0.0215562565720294 0.0226077812828601 0.0347003154574132 0.0220820189274448 0.405362776025237 0.0383806519453207 0.135120925341746 0.0452155625657203 0.0162986330178759 0.0594111461619348 0.0162986330178759
"chrPic" 0.0499474237644585 0.0162986330178759 0.0136698212407992 0.0152471083070452 0 0.00998948475289169 0.00841219768664564 0.0189274447949527 0.0189274447949527 0.0315457413249211 0.0126182965299685 0.40378548895899 0.0368033648790747 0.131440588853838 0.0425867507886435 0.00630914826498423 0.0541535226077813 0.00420609884332282
"cuoAmb" 0.0536277602523659 0.0157728706624606 0.0173501577287066 0.0199789695057834 0.00998948475289169 0 0.00262881177707676 0.0215562565720294 0.0226077812828601 0.035751840168244 0.0120925341745531 0.406414300736067 0.0420609884332282 0.136698212407992 0.0478443743427971 0.0110410094637224 0.0604626708727655 0.0110410094637224
"cuoMcc" 0.0525762355415352 0.0141955835962145 0.0157728706624606 0.0184016824395373 0.00841219768664564 0.00262881177707676 0 0.0210304942166141 0.0210304942166141 0.0341745531019979 0.010515247108307 0.405362776025237 0.0404837013669821 0.135120925341746 0.046267087276551 0.00946372239747634 0.0588853838065195 0.00946372239747634
"derCor" 0.0594111461619348 0.0299684542586751 0.0162986330178759 0.0215562565720294 0.0189274447949527 0.0215562565720294 0.0210304942166141 0 0.0252365930599369 0.03732912723449 0.0262881177707676 0.408517350157729 0.0436382754994742 0.138275499474238 0.0525762355415352 0.0189274447949527 0.0620399579390116 0.0199789695057834
"derMaw" 0.0562565720294427 0.0289169295478444 0.0220820189274448 0.0226077812828601 0.0189274447949527 0.0226077812828601 0.0210304942166141 0.0252365930599369 0 0.0378548895899054 0.0252365930599369 0.405888538380652 0.0431125131440589 0.137223974763407 0.0499474237644585 0.0162986330178759 0.0604626708727655 0.0189274447949527
"emySub" 0.0599369085173502 0.0420609884332282 0.0341745531019979 0.0347003154574132 0.0315457413249211 0.035751840168244 0.0341745531019979 0.03732912723449 0.0378548895899054 0 0.0362776025236593 0.406940063091483 0.0168243953732913 0.1198738170347 0.0588853838065195 0.0325972660357518 0.0425867507886435 0.0320715036803365
"gopAga" 0.0546792849631966 0.0110410094637224 0.0205047318611987 0.0220820189274448 0.0126182965299685 0.0120925341745531 0.010515247108307 0.0262881177707676 0.0252365930599369 0.0362776025236593 0 0.40273396424816 0.0425867507886435 0.134069400630915 0.0478443743427971 0.0136698212407992 0.0604626708727655 0.0126182965299685
"malTer" 0.405362776025237 0.405362776025237 0.404837013669821 0.405362776025237 0.40378548895899 0.406414300736067 0.405362776025237 0.408517350157729 0.405888538380652 0.406940063091483 0.40273396424816 0 0.409568874868559 0.458990536277603 0.407991587802313 0.406414300736067 0.419032597266036 0.40378548895899
"mesTub" 0.0646687697160883 0.0473186119873817 0.0383806519453207 0.0383806519453207 0.0368033648790747 0.0420609884332282 0.0404837013669821 0.0436382754994742 0.0431125131440589 0.0168243953732913 0.0425867507886435 0.409568874868559 0 0.125131440588854 0.0625657202944269 0.0378548895899054 0.0478443743427971 0.0383806519453207
"pelCas" 0.155625657202944 0.138275499474238 0.132492113564669 0.135120925341746 0.131440588853838 0.136698212407992 0.135120925341746 0.138275499474238 0.137223974763407 0.1198738170347 0.134069400630915 0.458990536277603 0.125131440588854 0 0.147739221871714 0.132492113564669 0.137223974763407 0.133017875920084
"pelSin" 0.0615141955835962 0.0504731861198738 0.0467928496319664 0.0452155625657203 0.0425867507886435 0.0478443743427971 0.046267087276551 0.0525762355415352 0.0499474237644585 0.0588853838065195 0.0478443743427971 0.407991587802313 0.0625657202944269 0.147739221871714 0 0.0441640378548896 0.0767613038906414 0.0446898002103049
"plaMeg" 0.0504731861198738 0.0173501577287066 0.0147213459516299 0.0162986330178759 0.00630914826498423 0.0110410094637224 0.00946372239747634 0.0189274447949527 0.0162986330178759 0.0325972660357518 0.0136698212407992 0.406414300736067 0.0378548895899054 0.132492113564669 0.0441640378548896 0 0.0562565720294427 0.00630914826498423
"podExp" 0.0825446898002103 0.065720294426919 0.0578338590956887 0.0594111461619348 0.0541535226077813 0.0604626708727655 0.0588853838065195 0.0620399579390116 0.0604626708727655 0.0425867507886435 0.0604626708727655 0.419032597266036 0.0478443743427971 0.137223974763407 0.0767613038906414 0.0562565720294427 0 0.0557308096740273
"terMex" 0.0499474237644585 0.0173501577287066 0.0147213459516299 0.0162986330178759 0.00420609884332282 0.0110410094637224 0.00946372239747634 0.0199789695057834 0.0189274447949527 0.0320715036803365 0.0126182965299685 0.40378548895899 0.0383806519453207 0.133017875920084 0.0446898002103049 0.00630914826498423 0.0557308096740273 0
