"carIns" "cheAbi" "cheMyd" "chrPic" "cuoAmb" "cuoMcc" "derMaw" "emySub" "gopAga" "malTer" "mesTub" "pelCas" "pelSin" "plaMeg" "podExp" "terMex"
"carIns" 0 0.0674955595026643 0.0657193605683837 0.0657193605683837 0.153197158081705 0.0692717584369449 0.0697158081705151 0.08348134991119 0.0706039076376554 0.184280639431616 0.0857015985790408 0.0928063943161634 0.0790408525754885 0.0661634103019538 0.104351687388988 0.0679396092362345
"cheAbi" 0.0674955595026643 0 0.0208703374777975 0.0186500888099467 0.103463587921847 0.0106571936056838 0.0279751332149201 0.0488454706927176 0.0115452930728242 0.140319715808171 0.0466252220248668 0.0652753108348135 0.0617229129662522 0.024866785079929 0.0728241563055062 0.019538188277087
"cheMyd" 0.0657193605683837 0.0208703374777975 0 0.0159857904085258 0.113232682060391 0.0190941385435169 0.022202486678508 0.0430728241563055 0.0213143872113677 0.13809946714032 0.0404085257548845 0.0630550621669627 0.0621669626998224 0.022202486678508 0.0688277087033748 0.0159857904085258
"chrPic" 0.0657193605683837 0.0186500888099467 0.0159857904085258 0 0.112788632326821 0.019538188277087 0.0217584369449378 0.0435168738898757 0.0182060390763766 0.131438721136767 0.0421847246891652 0.0630550621669627 0.0608348134991119 0.0190941385435169 0.0670515097690941 0.00799289520426288
"cuoAmb" 0.153197158081705 0.103463587921847 0.113232682060391 0.112788632326821 0 0.0985790408525755 0.118117229129663 0.134991119005329 0.106571936056838 0.232682060390764 0.131438721136767 0.150976909413854 0.146092362344583 0.119005328596803 0.152309058614565 0.112788632326821
"cuoMcc" 0.0692717584369449 0.0106571936056838 0.0190941385435169 0.019538188277087 0.0985790408525755 0 0.0270870337477798 0.0457371225577265 0.0128774422735346 0.1398756660746 0.0439609236234458 0.0652753108348135 0.0612788632326821 0.0253108348134991 0.0706039076376554 0.019538188277087
"derMaw" 0.0697158081705151 0.0279751332149201 0.022202486678508 0.0217584369449378 0.118117229129663 0.0270870337477798 0 0.0501776198934281 0.0275310834813499 0.143428063943162 0.0492895204262877 0.0692717584369449 0.0657193605683837 0.0301953818827709 0.0746003552397869 0.0226465364120782
"emySub" 0.08348134991119 0.0488454706927176 0.0430728241563055 0.0435168738898757 0.134991119005329 0.0457371225577265 0.0501776198934281 0 0.0484014209591474 0.162078152753108 0.0257548845470693 0.0590586145648313 0.0763765541740675 0.0515097690941385 0.0595026642984014 0.0448490230905861
"gopAga" 0.0706039076376554 0.0115452930728242 0.0213143872113677 0.0182060390763766 0.106571936056838 0.0128774422735346 0.0275310834813499 0.0484014209591474 0 0.141651865008881 0.047069271758437 0.0648312611012433 0.0630550621669627 0.0244227353463588 0.0706039076376554 0.0199822380106572
"malTer" 0.184280639431616 0.140319715808171 0.13809946714032 0.131438721136767 0.232682060390764 0.1398756660746 0.143428063943162 0.162078152753108 0.141651865008881 0 0.160746003552398 0.177619893428064 0.176731793960924 0.142984014209591 0.180728241563055 0.133658969804618
"mesTub" 0.0857015985790408 0.0466252220248668 0.0404085257548845 0.0421847246891652 0.131438721136767 0.0439609236234458 0.0492895204262877 0.0257548845470693 0.047069271758437 0.160746003552398 0 0.058170515097691 0.0781527531083481 0.0497335701598579 0.0626110124333925 0.0426287744227353
"pelCas" 0.0928063943161634 0.0652753108348135 0.0630550621669627 0.0630550621669627 0.150976909413854 0.0652753108348135 0.0692717584369449 0.0590586145648313 0.0648312611012433 0.177619893428064 0.058170515097691 0 0.088809946714032 0.0603907637655417 0.0563943161634103 0.063943161634103
"pelSin" 0.0790408525754885 0.0617229129662522 0.0621669626998224 0.0608348134991119 0.146092362344583 0.0612788632326821 0.0657193605683837 0.0763765541740675 0.0630550621669627 0.176731793960924 0.0781527531083481 0.088809946714032 0 0.0608348134991119 0.0976909413854352 0.0608348134991119
"plaMeg" 0.0661634103019538 0.024866785079929 0.022202486678508 0.0190941385435169 0.119005328596803 0.0253108348134991 0.0301953818827709 0.0515097690941385 0.0244227353463588 0.142984014209591 0.0497335701598579 0.0603907637655417 0.0608348134991119 0 0.0697158081705151 0.0182060390763766
"podExp" 0.104351687388988 0.0728241563055062 0.0688277087033748 0.0670515097690941 0.152309058614565 0.0706039076376554 0.0746003552397869 0.0595026642984014 0.0706039076376554 0.180728241563055 0.0626110124333925 0.0563943161634103 0.0976909413854352 0.0697158081705151 0 0.0674955595026643
"terMex" 0.0679396092362345 0.019538188277087 0.0159857904085258 0.00799289520426288 0.112788632326821 0.019538188277087 0.0226465364120782 0.0448490230905861 0.0199822380106572 0.133658969804618 0.0426287744227353 0.063943161634103 0.0608348134991119 0.0182060390763766 0.0674955595026643 0
