"carIns" "cheAbi" "cheMyd" "cheSer" "chrPic" "cuoAmb" "cuoMcc" "derCor" "derMaw" "emySub" "gopAga" "malTer" "mesTub" "pelCas" "pelSin" "plaMeg" "podExp" "terMex"
"carIns" 0 0.0648577101257445 0.0549305095962938 0.256783587028458 0.0688285903375248 0.188616810059563 0.0582395764394441 0.0622104566512244 0.0694904037061549 0.269358041032429 0.057577763070814 0.0701522170747849 0.259430840502978 0.0780939774983455 0.259430840502978 0.0582395764394441 0.111184645929848 0.057577763070814
"cheAbi" 0.0648577101257445 0 0.0357379219060225 0.239576439444077 0.0370615486432826 0.169424222369292 0.0258107213765718 0.0397088021178028 0.0502978160158835 0.265387160820649 0.0178689609530112 0.0383851753805427 0.256783587028458 0.072137657180675 0.262739907346128 0.0264725347452019 0.109199205823958 0.0251489080079418
"cheMyd" 0.0549305095962938 0.0357379219060225 0 0.232958305757776 0.0397088021178028 0.172733289212442 0.0304434149569821 0.0258107213765718 0.0390469887491727 0.260754467240238 0.028457974851092 0.0403706154864328 0.254798146922568 0.0661813368630046 0.258769027134348 0.0317670416942422 0.103242885506287 0.028457974851092
"cheSer" 0.256783587028458 0.239576439444077 0.232958305757776 0 0.237590999338187 0.254136333553938 0.232958305757776 0.233620119126406 0.234943745863666 0.294506949040371 0.237590999338187 0.238914626075447 0.277961614824619 0.252812706816678 0.27994705493051 0.234281932495036 0.2819324950364 0.232296492389146
"chrPic" 0.0688285903375248 0.0370615486432826 0.0397088021178028 0.237590999338187 0 0.172733289212442 0.0304434149569821 0.0456651224354732 0.0549305095962938 0.269358041032429 0.0324288550628723 0.00595632031767042 0.254136333553938 0.071475843812045 0.254798146922568 0.029119788219722 0.113831899404368 0.0218398411647915
"cuoAmb" 0.188616810059563 0.169424222369292 0.172733289212442 0.254136333553938 0.172733289212442 0 0.154864328259431 0.179351422898743 0.183984116479153 0.274652547981469 0.164129715420251 0.173395102581072 0.268034414295169 0.192587690271343 0.264063534083389 0.164129715420251 0.227663798808736 0.163467902051621
"cuoMcc" 0.0582395764394441 0.0258107213765718 0.0304434149569821 0.232958305757776 0.0304434149569821 0.154864328259431 0 0.0344142951687624 0.0443414956982131 0.261416280608868 0.0205162144275314 0.0317670416942422 0.247518199867637 0.0622104566512244 0.253474520185308 0.0191925876902713 0.105228325612177 0.0172071475843812
"derCor" 0.0622104566512244 0.0397088021178028 0.0258107213765718 0.233620119126406 0.0456651224354732 0.179351422898743 0.0344142951687624 0 0.0469887491727333 0.261416280608868 0.0357379219060225 0.0463269358041032 0.250827266710788 0.0681667769688948 0.260754467240238 0.0311052283256122 0.108537392455328 0.0304434149569821
"derMaw" 0.0694904037061549 0.0502978160158835 0.0390469887491727 0.234943745863666 0.0549305095962938 0.183984116479153 0.0443414956982131 0.0469887491727333 0 0.266048974189279 0.0450033090668431 0.0555923229649239 0.259430840502978 0.0747849106551952 0.264725347452019 0.0456651224354732 0.113831899404368 0.0436796823295831
"emySub" 0.269358041032429 0.265387160820649 0.260754467240238 0.294506949040371 0.269358041032429 0.274652547981469 0.261416280608868 0.261416280608868 0.266048974189279 0 0.263401720714758 0.268696227663799 0.261416280608868 0.253474520185308 0.29252150893448 0.262078093977498 0.28987425545996 0.259430840502978
"gopAga" 0.057577763070814 0.0178689609530112 0.028457974851092 0.237590999338187 0.0324288550628723 0.164129715420251 0.0205162144275314 0.0357379219060225 0.0450033090668431 0.263401720714758 0 0.0337524818001324 0.251489080079418 0.0608868299139643 0.256121773659828 0.0231634679020516 0.101257445400397 0.0211780277961615
"malTer" 0.0701522170747849 0.0383851753805427 0.0403706154864328 0.238914626075447 0.00595632031767042 0.173395102581072 0.0317670416942422 0.0463269358041032 0.0555923229649239 0.268696227663799 0.0337524818001324 0 0.252150893448048 0.0754467240238253 0.256783587028458 0.0304434149569821 0.114493712772998 0.0231634679020516
"mesTub" 0.259430840502978 0.256783587028458 0.254798146922568 0.277961614824619 0.254136333553938 0.268034414295169 0.247518199867637 0.250827266710788 0.259430840502978 0.261416280608868 0.251489080079418 0.252150893448048 0 0.245532759761747 0.296492389146261 0.248180013236267 0.278623428193249 0.249503639973527
"pelCas" 0.0780939774983455 0.072137657180675 0.0661813368630046 0.252812706816678 0.071475843812045 0.192587690271343 0.0622104566512244 0.0681667769688948 0.0747849106551952 0.253474520185308 0.0608868299139643 0.0754467240238253 0.245532759761747 0 0.256121773659828 0.0628722700198544 0.085373924553276 0.0615486432825943
"pelSin" 0.259430840502978 0.262739907346128 0.258769027134348 0.27994705493051 0.254798146922568 0.264063534083389 0.253474520185308 0.260754467240238 0.264725347452019 0.29252150893448 0.256121773659828 0.256783587028458 0.296492389146261 0.256121773659828 0 0.254136333553938 0.296492389146261 0.251489080079418
"plaMeg" 0.0582395764394441 0.0264725347452019 0.0317670416942422 0.234281932495036 0.029119788219722 0.164129715420251 0.0191925876902713 0.0311052283256122 0.0456651224354732 0.262078093977498 0.0231634679020516 0.0304434149569821 0.248180013236267 0.0628722700198544 0.254136333553938 0 0.105228325612177 0.013898080741231
"podExp" 0.111184645929848 0.109199205823958 0.103242885506287 0.2819324950364 0.113831899404368 0.227663798808736 0.105228325612177 0.108537392455328 0.113831899404368 0.28987425545996 0.101257445400397 0.114493712772998 0.278623428193249 0.085373924553276 0.296492389146261 0.105228325612177 0 0.105228325612177
"terMex" 0.057577763070814 0.0251489080079418 0.028457974851092 0.232296492389146 0.0218398411647915 0.163467902051621 0.0172071475843812 0.0304434149569821 0.0436796823295831 0.259430840502978 0.0211780277961615 0.0231634679020516 0.249503639973527 0.0615486432825943 0.251489080079418 0.013898080741231 0.105228325612177 0
