"carIns" "cheAbi" "cheMyd" "cheSer" "chrPic" "cuoAmb" "cuoMcc" "derMaw" "emySub" "gopAga" "malTer" "mesTub" "pelCas" "pelSin" "plaMeg" "podExp" "terMex"
"carIns" 0 0.0853302162478083 0.0713033313851549 0.0753945061367621 0.0783167738164816 0.0789012273524255 0.0789012273524255 0.0888369374634717 0.0894213909994155 0.0835768556399766 0.132670952659264 0.0911747516072472 0.106954997077732 0.0701344243132671 0.0730566919929866 0.109292811221508 0.139099941554646
"cheAbi" 0.0853302162478083 0 0.0344827586206897 0.0356516656925774 0.0274693161893629 0.0187025131502046 0.0175336060783168 0.0561075394506137 0.0742255990648743 0.0146113383985973 0.0853302162478083 0.0753945061367621 0.092343658679135 0.0672121566335476 0.0227936879018118 0.0935125657510228 0.0935125657510228
"cheMyd" 0.0713033313851549 0.0344827586206897 0 0.0210403272939801 0.0245470485096435 0.0298071303331385 0.0286382232612507 0.0414962010520164 0.0601987142022209 0.032729398012858 0.08708357685564 0.0607831677381648 0.0765634132086499 0.0531852717708942 0.0204558737580362 0.0771478667445938 0.0882524839275278
"cheSer" 0.0753945061367621 0.0356516656925774 0.0210403272939801 0 0.0280537697253068 0.0298071303331385 0.0286382232612507 0.0426651081239042 0.0648743424897721 0.0338983050847458 0.0905902980713033 0.0672121566335476 0.0847457627118644 0.0555230859146698 0.021624780829924 0.08708357685564 0.0929281122150789
"chrPic" 0.0783167738164816 0.0274693161893629 0.0245470485096435 0.0280537697253068 0 0.0227936879018118 0.021624780829924 0.0485096434833431 0.070718877849211 0.0263004091174752 0.0695499707773232 0.0689655172413793 0.08708357685564 0.0607831677381648 0.0128579777907656 0.0900058445353594 0.0794856808883694
"cuoAmb" 0.0789012273524255 0.0187025131502046 0.0298071303331385 0.0298071303331385 0.0227936879018118 0 0.00467562828755114 0.049094097019287 0.0677966101694915 0.0157802454704851 0.081823495032145 0.0701344243132671 0.0876680303915839 0.0619520748100526 0.0146113383985973 0.0894213909994155 0.0882524839275278
"cuoMcc" 0.0789012273524255 0.0175336060783168 0.0286382232612507 0.0286382232612507 0.021624780829924 0.00467562828755114 0 0.049094097019287 0.0695499707773232 0.0146113383985973 0.081239041496201 0.0701344243132671 0.0882524839275278 0.0619520748100526 0.0134424313267095 0.0900058445353594 0.0864991233196961
"derMaw" 0.0888369374634717 0.0561075394506137 0.0414962010520164 0.0426651081239042 0.0485096434833431 0.049094097019287 0.049094097019287 0 0.0794856808883694 0.0555230859146698 0.106954997077732 0.0841613091759205 0.0940970192869667 0.0730566919929866 0.0420806545879603 0.0970192869666861 0.10812390414962
"emySub" 0.0894213909994155 0.0742255990648743 0.0601987142022209 0.0648743424897721 0.070718877849211 0.0677966101694915 0.0695499707773232 0.0794856808883694 0 0.0736411455289304 0.125657510227937 0.037989479836353 0.0642898889538282 0.0765634132086499 0.0631209818819404 0.0677966101694915 0.134424313267095
"gopAga" 0.0835768556399766 0.0146113383985973 0.032729398012858 0.0338983050847458 0.0263004091174752 0.0157802454704851 0.0146113383985973 0.0555230859146698 0.0736411455289304 0 0.08708357685564 0.075978959672706 0.0900058445353594 0.0660432495616598 0.0198714202220923 0.092343658679135 0.0900058445353594
"malTer" 0.132670952659264 0.0853302162478083 0.08708357685564 0.0905902980713033 0.0695499707773232 0.081823495032145 0.081239041496201 0.106954997077732 0.125657510227937 0.08708357685564 0 0.125073056691993 0.141437755698422 0.115721800116891 0.0742255990648743 0.143775569842198 0.140268848626534
"mesTub" 0.0911747516072472 0.0753945061367621 0.0607831677381648 0.0672121566335476 0.0689655172413793 0.0701344243132671 0.0701344243132671 0.0841613091759205 0.037989479836353 0.075978959672706 0.125073056691993 0 0.0689655172413793 0.081239041496201 0.0637054354178843 0.070718877849211 0.132670952659264
"pelCas" 0.106954997077732 0.092343658679135 0.0765634132086499 0.0847457627118644 0.08708357685564 0.0876680303915839 0.0882524839275278 0.0940970192869667 0.0642898889538282 0.0900058445353594 0.141437755698422 0.0689655172413793 0 0.0900058445353594 0.081823495032145 0.0625365283459965 0.15020455873758
"pelSin" 0.0701344243132671 0.0672121566335476 0.0531852717708942 0.0555230859146698 0.0607831677381648 0.0619520748100526 0.0619520748100526 0.0730566919929866 0.0765634132086499 0.0660432495616598 0.115721800116891 0.081239041496201 0.0900058445353594 0 0.0566919929865576 0.0935125657510228 0.122735242548217
"plaMeg" 0.0730566919929866 0.0227936879018118 0.0204558737580362 0.021624780829924 0.0128579777907656 0.0146113383985973 0.0134424313267095 0.0420806545879603 0.0631209818819404 0.0198714202220923 0.0742255990648743 0.0637054354178843 0.081823495032145 0.0566919929865576 0 0.0847457627118644 0.0794856808883694
"podExp" 0.109292811221508 0.0935125657510228 0.0771478667445938 0.08708357685564 0.0900058445353594 0.0894213909994155 0.0900058445353594 0.0970192869666861 0.0677966101694915 0.092343658679135 0.143775569842198 0.070718877849211 0.0625365283459965 0.0935125657510228 0.0847457627118644 0 0.151373465809468
"terMex" 0.139099941554646 0.0935125657510228 0.0882524839275278 0.0929281122150789 0.0794856808883694 0.0882524839275278 0.0864991233196961 0.10812390414962 0.134424313267095 0.0900058445353594 0.140268848626534 0.132670952659264 0.15020455873758 0.122735242548217 0.0794856808883694 0.151373465809468 0
