"carIns" "cheSer" "chrPic" "cuoAmb" "cuoMcc" "derCor" "derMaw" "malTer" "pelSin" "plaMeg" "podExp" "terMex"
"carIns" 0 0.0753663642707606 0.0732728541521284 0.0711793440334962 0.0676901605024424 0.0718771807397069 0.151430565247732 0.0858339148639218 0.0760642009769714 0.0690858339148639 0.0914166085136078 0.0683879972086532
"cheSer" 0.0753663642707606 0 0.0209351011863224 0.0181437543614794 0.0153524075366364 0.0153524075366364 0.137473831123517 0.0321004884856943 0.0327983251919051 0.0125610607117934 0.049546406140963 0.0118632240055827
"chrPic" 0.0732728541521284 0.0209351011863224 0 0.0209351011863224 0.0188415910676902 0.0188415910676902 0.136078157711096 0.0307048150732729 0.0383810188415911 0.0160502442428472 0.0530355896720167 0.0139567341242149
"cuoAmb" 0.0711793440334962 0.0181437543614794 0.0209351011863224 0 0.00348918353105373 0.0146545708304257 0.135380321004885 0.0300069783670621 0.0348918353105373 0.0118632240055827 0.0460572226099093 0.0125610607117934
"cuoMcc" 0.0676901605024424 0.0153524075366364 0.0188415910676902 0.00348918353105373 0 0.0111653872993719 0.133286810886253 0.0286113049546406 0.0314026517794836 0.00837404047452896 0.043963712491277 0.00907187718073971
"derCor" 0.0718771807397069 0.0153524075366364 0.0188415910676902 0.0146545708304257 0.0111653872993719 0 0.138869504535939 0.0293091416608514 0.0307048150732729 0.00767620376831821 0.043963712491277 0.00907187718073971
"derMaw" 0.151430565247732 0.137473831123517 0.136078157711096 0.135380321004885 0.133286810886253 0.138869504535939 0 0.153524075366364 0.147243545010468 0.136775994417306 0.15910676901605 0.136078157711096
"malTer" 0.0858339148639218 0.0321004884856943 0.0307048150732729 0.0300069783670621 0.0286113049546406 0.0293091416608514 0.153524075366364 0 0.04675505931612 0.0265177948360084 0.0614096301465457 0.0237264480111654
"pelSin" 0.0760642009769714 0.0327983251919051 0.0383810188415911 0.0348918353105373 0.0314026517794836 0.0307048150732729 0.147243545010468 0.04675505931612 0 0.0286113049546406 0.0572226099092812 0.0293091416608514
"plaMeg" 0.0690858339148639 0.0125610607117934 0.0160502442428472 0.0118632240055827 0.00837404047452896 0.00767620376831821 0.136775994417306 0.0265177948360084 0.0286113049546406 0 0.043963712491277 0.00628053035589672
"podExp" 0.0914166085136078 0.049546406140963 0.0530355896720167 0.0460572226099093 0.043963712491277 0.043963712491277 0.15910676901605 0.0614096301465457 0.0572226099092812 0.043963712491277 0 0.0432658757850663
"terMex" 0.0683879972086532 0.0118632240055827 0.0139567341242149 0.0125610607117934 0.00907187718073971 0.00907187718073971 0.136078157711096 0.0237264480111654 0.0293091416608514 0.00628053035589672 0.0432658757850663 0
