"carIns" "cheAbi" "cheMyd" "cheSer" "chrPic" "cuoAmb" "cuoMcc" "derCor" "derMaw" "gopAga" "malTer" "mesTub" "pelCas" "pelSin" "plaMeg" "podExp" "terMex"
"carIns" 0 0.056562726613488 0.0558375634517767 0.0536620739666425 0.0551124002900653 0.0543872371283539 0.0529369108049311 0.0623640319071791 0.060188542422045 0.056562726613488 0.0841189267585207 0.0616388687454677 0.0797679477882524 0.0652646845540246 0.0536620739666425 0.0899202320522118 0.0529369108049311
"cheAbi" 0.056562726613488 0 0.0159535895576505 0.0181290790427846 0.0159535895576505 0.0166787527193619 0.0152284263959391 0.0239303843364757 0.0246555474981871 0.0166787527193619 0.0464104423495286 0.0435097897026831 0.060188542422045 0.0529369108049311 0.0137781000725163 0.0761421319796954 0.0130529369108049
"cheMyd" 0.0558375634517767 0.0159535895576505 0 0.0108774474256708 0.0137781000725163 0.0166787527193619 0.0152284263959391 0.0137781000725163 0.0203045685279188 0.018854242204496 0.0442349528643945 0.0369833212472806 0.0529369108049311 0.0522117476432197 0.0116026105873822 0.0688905003625816 0.0108774474256708
"cheSer" 0.0536620739666425 0.0181290790427846 0.0108774474256708 0 0.0130529369108049 0.0145032632342277 0.0130529369108049 0.0203045685279188 0.0203045685279188 0.0224800580130529 0.0435097897026831 0.0398839738941262 0.0551124002900653 0.0485859318346628 0.0123277737490935 0.069615663524293 0.0101522842639594
"chrPic" 0.0551124002900653 0.0159535895576505 0.0137781000725163 0.0130529369108049 0 0.0130529369108049 0.0116026105873822 0.0203045685279188 0.0210297316896302 0.0195794053662074 0.0333575054387237 0.041334300217549 0.0580130529369108 0.0493110949963742 0.00797679477882524 0.0725163161711385 0.00435097897026831
"cuoAmb" 0.0543872371283539 0.0166787527193619 0.0166787527193619 0.0145032632342277 0.0130529369108049 0 0.00290065264684554 0.0232052211747643 0.0217548948513416 0.0195794053662074 0.0435097897026831 0.0427846265409717 0.0580130529369108 0.0485859318346628 0.0123277737490935 0.0725163161711385 0.0101522842639594
"cuoMcc" 0.0529369108049311 0.0152284263959391 0.0152284263959391 0.0130529369108049 0.0116026105873822 0.00290065264684554 0 0.0217548948513416 0.0203045685279188 0.0181290790427846 0.0420594633792603 0.0427846265409717 0.0580130529369108 0.0478607686729514 0.0108774474256708 0.0710659898477157 0.00870195794053662
"derCor" 0.0623640319071791 0.0239303843364757 0.0137781000725163 0.0203045685279188 0.0203045685279188 0.0232052211747643 0.0217548948513416 0 0.0297316896301668 0.0268310369833212 0.0493110949963742 0.0456852791878173 0.0623640319071791 0.056562726613488 0.0174039158810732 0.075416968817984 0.0174039158810732
"derMaw" 0.060188542422045 0.0246555474981871 0.0203045685279188 0.0203045685279188 0.0210297316896302 0.0217548948513416 0.0203045685279188 0.0297316896301668 0 0.0246555474981871 0.0500362581580856 0.0427846265409717 0.0623640319071791 0.0551124002900653 0.0203045685279188 0.0761421319796954 0.0181290790427846
"gopAga" 0.056562726613488 0.0166787527193619 0.018854242204496 0.0224800580130529 0.0195794053662074 0.0195794053662074 0.0181290790427846 0.0268310369833212 0.0246555474981871 0 0.0500362581580856 0.0427846265409717 0.0623640319071791 0.0529369108049311 0.0174039158810732 0.0768672951414068 0.0166787527193619
"malTer" 0.0841189267585207 0.0464104423495286 0.0442349528643945 0.0435097897026831 0.0333575054387237 0.0435097897026831 0.0420594633792603 0.0493110949963742 0.0500362581580856 0.0500362581580856 0 0.0674401740391588 0.088469905728789 0.0783176214648296 0.0384336475707034 0.101522842639594 0.0348078317621465
"mesTub" 0.0616388687454677 0.0435097897026831 0.0369833212472806 0.0398839738941262 0.041334300217549 0.0427846265409717 0.0427846265409717 0.0456852791878173 0.0427846265409717 0.0427846265409717 0.0674401740391588 0 0.0478607686729514 0.0580130529369108 0.0391588107324148 0.0645395213923133 0.0384336475707034
"pelCas" 0.0797679477882524 0.060188542422045 0.0529369108049311 0.0551124002900653 0.0580130529369108 0.0580130529369108 0.0580130529369108 0.0623640319071791 0.0623640319071791 0.0623640319071791 0.088469905728789 0.0478607686729514 0 0.0761421319796954 0.056562726613488 0.050761421319797 0.0551124002900653
"pelSin" 0.0652646845540246 0.0529369108049311 0.0522117476432197 0.0485859318346628 0.0493110949963742 0.0485859318346628 0.0478607686729514 0.056562726613488 0.0551124002900653 0.0529369108049311 0.0783176214648296 0.0580130529369108 0.0761421319796954 0 0.0478607686729514 0.088469905728789 0.0464104423495286
"plaMeg" 0.0536620739666425 0.0137781000725163 0.0116026105873822 0.0123277737490935 0.00797679477882524 0.0123277737490935 0.0108774474256708 0.0174039158810732 0.0203045685279188 0.0174039158810732 0.0384336475707034 0.0391588107324148 0.056562726613488 0.0478607686729514 0 0.0710659898477157 0.0050761421319797
"podExp" 0.0899202320522118 0.0761421319796954 0.0688905003625816 0.069615663524293 0.0725163161711385 0.0725163161711385 0.0710659898477157 0.075416968817984 0.0761421319796954 0.0768672951414068 0.101522842639594 0.0645395213923133 0.050761421319797 0.088469905728789 0.0710659898477157 0 0.069615663524293
"terMex" 0.0529369108049311 0.0130529369108049 0.0108774474256708 0.0101522842639594 0.00435097897026831 0.0101522842639594 0.00870195794053662 0.0174039158810732 0.0181290790427846 0.0166787527193619 0.0348078317621465 0.0384336475707034 0.0551124002900653 0.0464104423495286 0.0050761421319797 0.069615663524293 0
