"carIns" "cheAbi" "cheMyd" "chrPic" "cuoMcc" "derCor" "derMaw" "emySub" "gopAga" "malTer" "mesTub" "pelCas" "pelSin" "plaMeg" "podExp"
"carIns" 0 0.0351728320194057 0.0375985445724682 0.0339599757428745 0.181322013341419 0.180109157064888 0.0351728320194057 0.0382049727107338 0.17707701637356 0.0339599757428745 0.181322013341419 0.0527592480291086 0.15767131594906 0.0327471194663432 0.174651303820497
"cheAbi" 0.0351728320194057 0 0.0194057004244997 0.015767131594906 0.163735597331716 0.16737416616131 0.0206185567010309 0.0297149787750152 0.155245603395998 0.015767131594906 0.175864160097029 0.0460885385081868 0.160703456640388 0.0133414190418435 0.16737416616131
"cheMyd" 0.0375985445724682 0.0194057004244997 0 0.0181928441479685 0.173438447543966 0.163735597331716 0.0218314129775622 0.031534263189812 0.165554881746513 0.0181928441479685 0.176470588235294 0.0491206791995149 0.160703456640388 0.015767131594906 0.171619163129169
"chrPic" 0.0339599757428745 0.015767131594906 0.0181928441479685 0 0.170406306852638 0.166161309884779 0.0181928441479685 0.0272892662219527 0.161309884778654 0.00363856882959369 0.175864160097029 0.0466949666464524 0.158277744087326 0.0133414190418435 0.168587022437841
"cuoMcc" 0.181322013341419 0.163735597331716 0.173438447543966 0.170406306852638 0 0.1922377198302 0.174044875682232 0.178896300788357 0.17707701637356 0.169193450576107 0.207398423286841 0.185567010309278 0.200121285627653 0.166767738023044 0.210430563978169
"derCor" 0.180109157064888 0.16737416616131 0.163735597331716 0.166161309884779 0.1922377198302 0 0.169193450576107 0.176470588235294 0.190418435415403 0.164948453608247 0.191024863553669 0.190418435415403 0.180715585203153 0.163129169193451 0.197695573074591
"derMaw" 0.0351728320194057 0.0206185567010309 0.0218314129775622 0.0181928441479685 0.174044875682232 0.169193450576107 0 0.0339599757428745 0.166767738023044 0.0194057004244997 0.181928441479685 0.0479078229229836 0.160097028502122 0.0169799878714372 0.170406306852638
"emySub" 0.0382049727107338 0.0297149787750152 0.031534263189812 0.0272892662219527 0.178896300788357 0.176470588235294 0.0339599757428745 0 0.169799878714372 0.0272892662219527 0.169799878714372 0.0382049727107338 0.164342025469982 0.0285021224984839 0.160703456640388
"gopAga" 0.17707701637356 0.155245603395998 0.165554881746513 0.161309884778654 0.17707701637356 0.190418435415403 0.166767738023044 0.169799878714372 0 0.159490600363857 0.174651303820497 0.181928441479685 0.185567010309278 0.159490600363857 0.190418435415403
"malTer" 0.0339599757428745 0.015767131594906 0.0181928441479685 0.00363856882959369 0.169193450576107 0.164948453608247 0.0194057004244997 0.0272892662219527 0.159490600363857 0 0.174651303820497 0.047301394784718 0.156458459672529 0.0121285627653123 0.166161309884779
"mesTub" 0.181322013341419 0.175864160097029 0.176470588235294 0.175864160097029 0.207398423286841 0.191024863553669 0.181928441479685 0.169799878714372 0.174651303820497 0.174651303820497 0 0.185567010309278 0.191631291691935 0.1728320194057 0.187992722862341
"pelCas" 0.0527592480291086 0.0460885385081868 0.0491206791995149 0.0466949666464524 0.185567010309278 0.190418435415403 0.0479078229229836 0.0382049727107338 0.181928441479685 0.047301394784718 0.185567010309278 0 0.174651303820497 0.0466949666464524 0.169193450576107
"pelSin" 0.15767131594906 0.160703456640388 0.160703456640388 0.158277744087326 0.200121285627653 0.180715585203153 0.160097028502122 0.164342025469982 0.185567010309278 0.156458459672529 0.191631291691935 0.174651303820497 0 0.154032747119466 0.188599151000606
"plaMeg" 0.0327471194663432 0.0133414190418435 0.015767131594906 0.0133414190418435 0.166767738023044 0.163129169193451 0.0169799878714372 0.0285021224984839 0.159490600363857 0.0121285627653123 0.1728320194057 0.0466949666464524 0.154032747119466 0 0.165554881746513
"podExp" 0.174651303820497 0.16737416616131 0.171619163129169 0.168587022437841 0.210430563978169 0.197695573074591 0.170406306852638 0.160703456640388 0.190418435415403 0.166161309884779 0.187992722862341 0.169193450576107 0.188599151000606 0.165554881746513 0
