"cheAbi" "cheMyd" "chrPic" "cuoAmb" "cuoMcc" "emySub" "gopAga" "mesTub" "pelCas" "pelSin" "plaMeg" "podExp" "terMex"
"cheAbi" 0 0.0352716873212583 0.0314585319351764 0.0233555767397521 0.0247855100095329 0.0700667302192564 0.0200190657769304 0.0805529075309819 0.0877025738798856 0.0748331744518589 0.0295519542421354 0.108198284080076 0.0300285986653956
"cheMyd" 0.0352716873212583 0 0.0238322211630124 0.0262154432793136 0.0262154432793136 0.0567206863679695 0.0319351763584366 0.0705433746425167 0.0786463298379409 0.0624404194470925 0.0219256434699714 0.0948522402287893 0.0214489990467112
"chrPic" 0.0314585319351764 0.0238322211630124 0 0.0214489990467112 0.0238322211630124 0.0600571973307912 0.0276453765490944 0.0719733079122974 0.0819828408007626 0.0629170638703527 0.0162059103908484 0.0996186844613918 0.00905624404194471
"cuoAmb" 0.0233555767397521 0.0262154432793136 0.0214489990467112 0 0.00714966634890372 0.0610104861773117 0.0200190657769304 0.0748331744518589 0.0795996186844614 0.0662535748331745 0.0181124880838894 0.0977121067683508 0.0200190657769304
"cuoMcc" 0.0247855100095329 0.0262154432793136 0.0238322211630124 0.00714966634890372 0 0.065300285986654 0.0214489990467112 0.0781696854146807 0.0824594852240229 0.0686367969494757 0.0209723546234509 0.100571973307912 0.0224022878932316
"emySub" 0.0700667302192564 0.0567206863679695 0.0600571973307912 0.0610104861773117 0.065300285986654 0 0.0667302192564347 0.0428979980934223 0.0648236415633937 0.0781696854146807 0.055767397521449 0.0829361296472831 0.05767397521449
"gopAga" 0.0200190657769304 0.0319351763584366 0.0276453765490944 0.0200190657769304 0.0214489990467112 0.0667302192564347 0 0.0805529075309819 0.0877025738798856 0.0724499523355577 0.0262154432793136 0.104385128693994 0.0257387988560534
"mesTub" 0.0805529075309819 0.0705433746425167 0.0719733079122974 0.0748331744518589 0.0781696854146807 0.0428979980934223 0.0805529075309819 0 0.0791229742612011 0.0938989513822688 0.0705433746425167 0.100095328884652 0.0714966634890372
"pelCas" 0.0877025738798856 0.0786463298379409 0.0819828408007626 0.0795996186844614 0.0824594852240229 0.0648236415633937 0.0877025738798856 0.0791229742612011 0 0.101525262154433 0.0800762631077216 0.0886558627264061 0.0834127740705434
"pelSin" 0.0748331744518589 0.0624404194470925 0.0629170638703527 0.0662535748331745 0.0686367969494757 0.0781696854146807 0.0724499523355577 0.0938989513822688 0.101525262154433 0 0.0638703527168732 0.112964728312679 0.063393708293613
"plaMeg" 0.0295519542421354 0.0219256434699714 0.0162059103908484 0.0181124880838894 0.0209723546234509 0.055767397521449 0.0262154432793136 0.0705433746425167 0.0800762631077216 0.0638703527168732 0 0.0953288846520496 0.0138226882745472
"podExp" 0.108198284080076 0.0948522402287893 0.0996186844613918 0.0977121067683508 0.100571973307912 0.0829361296472831 0.104385128693994 0.100095328884652 0.0886558627264061 0.112964728312679 0.0953288846520496 0 0.0981887511916111
"terMex" 0.0300285986653956 0.0214489990467112 0.00905624404194471 0.0200190657769304 0.0224022878932316 0.05767397521449 0.0257387988560534 0.0714966634890372 0.0834127740705434 0.063393708293613 0.0138226882745472 0.0981887511916111 0
