"carIns" "cheAbi" "cheMyd" "cheSer" "chrPic" "cuoAmb" "cuoMcc" "derCor" "derMaw" "emySub" "gopAga" "malTer" "mesTub" "pelCas" "pelSin" "plaMeg" "podExp" "terMex"
"carIns" 0 0.116348773841962 0.113896457765668 0.109809264305177 0.107901907356948 0.113351498637602 0.111444141689373 0.110626702997275 0.131062670299728 0.136784741144414 0.117983651226158 0.109809264305177 0.15149863760218 0.173569482288828 0.138147138964578 0.108174386920981 0.199727520435967 0.107901907356948
"cheAbi" 0.116348773841962 0 0.0517711171662125 0.0476839237057221 0.0337874659400545 0.0310626702997275 0.0294277929155313 0.0523160762942779 0.0700272479564033 0.0893732970027248 0.0275204359673025 0.0362397820163488 0.107629427792916 0.132152588555858 0.115258855585831 0.035149863760218 0.157765667574932 0.0326975476839237
"cheMyd" 0.113896457765668 0.0517711171662125 0 0.0397820163487738 0.0422343324250681 0.0474114441416894 0.0452316076294278 0.0291553133514986 0.0626702997275204 0.0888283378746594 0.0534059945504087 0.044141689373297 0.105994550408719 0.127792915531335 0.112261580381471 0.0427792915531335 0.160217983651226 0.0405994550408719
"cheSer" 0.109809264305177 0.0476839237057221 0.0397820163487738 0 0.0392370572207085 0.0435967302452316 0.04141689373297 0.0422343324250681 0.0544959128065395 0.0858310626702997 0.049591280653951 0.0405994550408719 0.103269754768392 0.128337874659401 0.106811989100817 0.0389645776566757 0.157765667574932 0.0367847411444142
"chrPic" 0.107901907356948 0.0337874659400545 0.0422343324250681 0.0392370572207085 0 0.0294277929155313 0.0277929155313352 0.0435967302452316 0.0615803814713896 0.0806539509536785 0.0365122615803815 0.0111716621253406 0.0983651226158038 0.123433242506812 0.106267029972752 0.0247956403269755 0.149591280653951 0.0111716621253406
"cuoAmb" 0.113351498637602 0.0310626702997275 0.0474114441416894 0.0435967302452316 0.0294277929155313 0 0.00653950953678474 0.0487738419618529 0.0640326975476839 0.0858310626702997 0.0321525885558583 0.0307901907356948 0.103542234332425 0.128337874659401 0.111716621253406 0.0318801089918256 0.155313351498638 0.0277929155313352
"cuoMcc" 0.111444141689373 0.0294277929155313 0.0452316076294278 0.04141689373297 0.0277929155313352 0.00653950953678474 0 0.0465940054495913 0.062125340599455 0.0844686648501362 0.0305177111716621 0.0286103542234332 0.101634877384196 0.126975476839237 0.110626702997275 0.029700272479564 0.154223433242507 0.0256130790190736
"derCor" 0.110626702997275 0.0523160762942779 0.0291553133514986 0.0422343324250681 0.0435967302452316 0.0487738419618529 0.0465940054495913 0 0.0651226158038147 0.0896457765667575 0.0553133514986376 0.0455040871934605 0.109536784741144 0.131062670299728 0.113623978201635 0.0430517711171662 0.162942779291553 0.0419618528610354
"derMaw" 0.131062670299728 0.0700272479564033 0.0626702997275204 0.0544959128065395 0.0615803814713896 0.0640326975476839 0.062125340599455 0.0651226158038147 0 0.103542234332425 0.0722070844686648 0.062125340599455 0.122615803814714 0.144141689373297 0.126975476839237 0.0623978201634877 0.173024523160763 0.0594005449591281
"emySub" 0.136784741144414 0.0893732970027248 0.0888283378746594 0.0858310626702997 0.0806539509536785 0.0858310626702997 0.0844686648501362 0.0896457765667575 0.103542234332425 0 0.0920980926430518 0.0817438692098093 0.0506811989100817 0.112806539509537 0.133787465940055 0.0825613079019074 0.145231607629428 0.0803814713896458
"gopAga" 0.117983651226158 0.0275204359673025 0.0534059945504087 0.049591280653951 0.0365122615803815 0.0321525885558583 0.0305177111716621 0.0553133514986376 0.0722070844686648 0.0920980926430518 0 0.0384196185286104 0.109264305177112 0.135694822888283 0.116621253405995 0.0384196185286104 0.159673024523161 0.035149863760218
"malTer" 0.109809264305177 0.0362397820163488 0.044141689373297 0.0405994550408719 0.0111716621253406 0.0307901907356948 0.0286103542234332 0.0455040871934605 0.062125340599455 0.0817438692098093 0.0384196185286104 0 0.1 0.12425068119891 0.107356948228883 0.026158038147139 0.152043596730245 0.0130790190735695
"mesTub" 0.15149863760218 0.107629427792916 0.105994550408719 0.103269754768392 0.0983651226158038 0.103542234332425 0.101634877384196 0.109536784741144 0.122615803814714 0.0506811989100817 0.109264305177112 0.1 0 0.126430517711172 0.149591280653951 0.100544959128065 0.150408719346049 0.0986376021798365
"pelCas" 0.173569482288828 0.132152588555858 0.127792915531335 0.128337874659401 0.123433242506812 0.128337874659401 0.126975476839237 0.131062670299728 0.144141689373297 0.112806539509537 0.135694822888283 0.12425068119891 0.126430517711172 0 0.166485013623978 0.122888283378747 0.137602179836512 0.122615803814714
"pelSin" 0.138147138964578 0.115258855585831 0.112261580381471 0.106811989100817 0.106267029972752 0.111716621253406 0.110626702997275 0.113623978201635 0.126975476839237 0.133787465940055 0.116621253405995 0.107356948228883 0.149591280653951 0.166485013623978 0 0.107629427792916 0.192098092643052 0.105177111716621
"plaMeg" 0.108174386920981 0.035149863760218 0.0427792915531335 0.0389645776566757 0.0247956403269755 0.0318801089918256 0.029700272479564 0.0430517711171662 0.0623978201634877 0.0825613079019074 0.0384196185286104 0.026158038147139 0.100544959128065 0.122888283378747 0.107629427792916 0 0.152588555858311 0.0226158038147139
"podExp" 0.199727520435967 0.157765667574932 0.160217983651226 0.157765667574932 0.149591280653951 0.155313351498638 0.154223433242507 0.162942779291553 0.173024523160763 0.145231607629428 0.159673024523161 0.152043596730245 0.150408719346049 0.137602179836512 0.192098092643052 0.152588555858311 0 0.151226158038147
"terMex" 0.107901907356948 0.0326975476839237 0.0405994550408719 0.0367847411444142 0.0111716621253406 0.0277929155313352 0.0256130790190736 0.0419618528610354 0.0594005449591281 0.0803814713896458 0.035149863760218 0.0130790190735695 0.0986376021798365 0.122615803814714 0.105177111716621 0.0226158038147139 0.151226158038147 0
