"carIns" "cheMyd" "cheSer" "chrPic" "cuoAmb" "cuoMcc" "derCor" "derMaw" "emySub" "gopAga" "malTer" "mesTub" "pelCas" "pelSin" "plaMeg" "podExp" "terMex"
"carIns" 0 0.0703883495145631 0.0661407766990291 0.0515776699029126 0.345266990291262 0.0776699029126214 0.0600728155339806 0.0558252427184466 0.0570388349514563 0.0552184466019418 0.360436893203884 0.070995145631068 0.0752427184466019 0.0740291262135922 0.0594660194174757 0.0782766990291262 0.0637135922330097
"cheMyd" 0.0703883495145631 0 0.0236650485436893 0.0351941747572816 0.347087378640777 0.0600728155339806 0.0297330097087379 0.0430825242718447 0.0509708737864078 0.0436893203883495 0.359223300970874 0.0552184466019418 0.0661407766990291 0.0655339805825243 0.0370145631067961 0.0716019417475728 0.0254854368932039
"cheSer" 0.0661407766990291 0.0236650485436893 0 0.0309466019417476 0.348907766990291 0.0588592233009709 0.0358009708737864 0.0358009708737864 0.0479368932038835 0.0388349514563107 0.362864077669903 0.054004854368932 0.0631067961165049 0.0637135922330097 0.033373786407767 0.0697815533980582 0.0224514563106796
"chrPic" 0.0515776699029126 0.0351941747572816 0.0309466019417476 0 0.342233009708738 0.041868932038835 0.0260922330097087 0.0285194174757282 0.0364077669902913 0.0224514563106796 0.359223300970874 0.0485436893203883 0.0546116504854369 0.058252427184466 0.0236650485436893 0.0594660194174757 0.0218446601941748
"cuoAmb" 0.345266990291262 0.347087378640777 0.348907766990291 0.342233009708738 0 0.361650485436893 0.345873786407767 0.344053398058252 0.348300970873786 0.347087378640777 0.0861650485436893 0.351334951456311 0.350728155339806 0.347087378640777 0.344053398058252 0.347694174757282 0.344660194174757
"cuoMcc" 0.0776699029126214 0.0600728155339806 0.0588592233009709 0.041868932038835 0.361650485436893 0 0.0533980582524272 0.0527912621359223 0.0643203883495146 0.041868932038835 0.359223300970874 0.0782766990291262 0.0807038834951456 0.087378640776699 0.0509708737864078 0.0855582524271845 0.0527912621359223
"derCor" 0.0600728155339806 0.0297330097087379 0.0358009708737864 0.0260922330097087 0.345873786407767 0.0533980582524272 0 0.0303398058252427 0.0412621359223301 0.0327669902912621 0.362257281553398 0.0533980582524272 0.0612864077669903 0.0643203883495146 0.0351941747572816 0.0679611650485437 0.037621359223301
"derMaw" 0.0558252427184466 0.0430825242718447 0.0358009708737864 0.0285194174757282 0.344053398058252 0.0527912621359223 0.0303398058252427 0 0.0394417475728155 0.0315533980582524 0.359830097087379 0.0533980582524272 0.0576456310679612 0.0618932038834951 0.0351941747572816 0.0612864077669903 0.0388349514563107
"emySub" 0.0570388349514563 0.0509708737864078 0.0479368932038835 0.0364077669902913 0.348300970873786 0.0643203883495146 0.0412621359223301 0.0394417475728155 0 0.0400485436893204 0.364684466019417 0.0345873786407767 0.0527912621359223 0.0546116504854369 0.0412621359223301 0.0533980582524272 0.0473300970873786
"gopAga" 0.0552184466019418 0.0436893203883495 0.0388349514563107 0.0224514563106796 0.347087378640777 0.041868932038835 0.0327669902912621 0.0315533980582524 0.0400485436893204 0 0.364077669902913 0.0558252427184466 0.0600728155339806 0.0618932038834951 0.0309466019417476 0.0655339805825243 0.033373786407767
"malTer" 0.360436893203884 0.359223300970874 0.362864077669903 0.359223300970874 0.0861650485436893 0.359223300970874 0.362257281553398 0.359830097087379 0.364684466019417 0.364077669902913 0 0.373179611650485 0.370145631067961 0.371966019417476 0.359830097087379 0.369538834951456 0.360436893203884
"mesTub" 0.070995145631068 0.0552184466019418 0.054004854368932 0.0485436893203883 0.351334951456311 0.0782766990291262 0.0533980582524272 0.0533980582524272 0.0345873786407767 0.0558252427184466 0.373179611650485 0 0.0564320388349515 0.0618932038834951 0.0485436893203883 0.0637135922330097 0.0533980582524272
"pelCas" 0.0752427184466019 0.0661407766990291 0.0631067961165049 0.0546116504854369 0.350728155339806 0.0807038834951456 0.0612864077669903 0.0576456310679612 0.0527912621359223 0.0600728155339806 0.370145631067961 0.0564320388349515 0 0.0752427184466019 0.0564320388349515 0.0600728155339806 0.0600728155339806
"pelSin" 0.0740291262135922 0.0655339805825243 0.0637135922330097 0.058252427184466 0.347087378640777 0.087378640776699 0.0643203883495146 0.0618932038834951 0.0546116504854369 0.0618932038834951 0.371966019417476 0.0618932038834951 0.0752427184466019 0 0.054004854368932 0.0800970873786408 0.0625
"plaMeg" 0.0594660194174757 0.0370145631067961 0.033373786407767 0.0236650485436893 0.344053398058252 0.0509708737864078 0.0351941747572816 0.0351941747572816 0.0412621359223301 0.0309466019417476 0.359830097087379 0.0485436893203883 0.0564320388349515 0.054004854368932 0 0.0631067961165049 0.0260922330097087
"podExp" 0.0782766990291262 0.0716019417475728 0.0697815533980582 0.0594660194174757 0.347694174757282 0.0855582524271845 0.0679611650485437 0.0612864077669903 0.0533980582524272 0.0655339805825243 0.369538834951456 0.0637135922330097 0.0600728155339806 0.0800970873786408 0.0631067961165049 0 0.0673543689320388
"terMex" 0.0637135922330097 0.0254854368932039 0.0224514563106796 0.0218446601941748 0.344660194174757 0.0527912621359223 0.037621359223301 0.0388349514563107 0.0473300970873786 0.033373786407767 0.360436893203884 0.0533980582524272 0.0600728155339806 0.0625 0.0260922330097087 0.0673543689320388 0
