"carIns" "cheAbi" "cheMyd" "chrPic" "derCor" "derMaw" "emySub" "gopAga" "malTer" "mesTub" "pelCas" "pelSin" "plaMeg" "podExp"
"carIns" 0 0.0787132101300479 0.0718685831622177 0.0711841204654346 0.0766598220396988 0.0910335386721424 0.0862422997946612 0.0841889117043121 0.0835044490075291 0.0889801505817933 0.0985626283367557 0.0944558521560575 0.0739219712525667 0.106776180698152
"cheAbi" 0.0787132101300479 0 0.0294318959616701 0.028062970568104 0.0369609856262834 0.0458590006844627 0.0506502395619439 0.0191649555099247 0.0369609856262834 0.053388090349076 0.0711841204654346 0.0711841204654346 0.0246406570841889 0.0780287474332649
"cheMyd" 0.0718685831622177 0.0294318959616701 0 0.0246406570841889 0.0191649555099247 0.0417522245037645 0.0458590006844627 0.0328542094455852 0.0335386721423682 0.0485968514715948 0.0629705681040383 0.0657084188911704 0.0225872689938398 0.0691307323750856
"chrPic" 0.0711841204654346 0.028062970568104 0.0246406570841889 0 0.0294318959616701 0.0369609856262834 0.0472279260780287 0.027378507871321 0.0164271047227926 0.0485968514715948 0.0616016427104723 0.0663928815879535 0.0143737166324435 0.0711841204654346
"derCor" 0.0766598220396988 0.0369609856262834 0.0191649555099247 0.0294318959616701 0 0.0465434633812457 0.0499657768651608 0.0396988364134155 0.0403832991101985 0.053388090349076 0.0657084188911704 0.0684462696783025 0.0287474332648871 0.0752908966461328
"derMaw" 0.0910335386721424 0.0458590006844627 0.0417522245037645 0.0369609856262834 0.0465434633812457 0 0.0643394934976044 0.0465434633812457 0.0479123887748118 0.0636550308008214 0.0780287474332649 0.080766598220397 0.0335386721423682 0.0835044490075291
"emySub" 0.0862422997946612 0.0506502395619439 0.0458590006844627 0.0472279260780287 0.0499657768651608 0.0643394934976044 0 0.054757015742642 0.0588637919233402 0.027378507871321 0.054757015742642 0.0766598220396988 0.0465434633812457 0.0595482546201232
"gopAga" 0.0841889117043121 0.0191649555099247 0.0328542094455852 0.027378507871321 0.0396988364134155 0.0465434633812457 0.054757015742642 0 0.0362765229295003 0.0602327173169062 0.0732375085557837 0.0766598220396988 0.0253251197809719 0.080766598220397
"malTer" 0.0835044490075291 0.0369609856262834 0.0335386721423682 0.0164271047227926 0.0403832991101985 0.0479123887748118 0.0588637919233402 0.0362765229295003 0 0.0581793292265571 0.0718685831622177 0.0746064339493498 0.0239561943874059 0.082135523613963
"mesTub" 0.0889801505817933 0.053388090349076 0.0485968514715948 0.0485968514715948 0.053388090349076 0.0636550308008214 0.027378507871321 0.0602327173169062 0.0581793292265571 0 0.052703627652293 0.0780287474332649 0.0472279260780287 0.0609171800136893
"pelCas" 0.0985626283367557 0.0711841204654346 0.0629705681040383 0.0616016427104723 0.0657084188911704 0.0780287474332649 0.054757015742642 0.0732375085557837 0.0718685831622177 0.052703627652293 0 0.0924024640657084 0.0629705681040383 0.052703627652293
"pelSin" 0.0944558521560575 0.0711841204654346 0.0657084188911704 0.0663928815879535 0.0684462696783025 0.080766598220397 0.0766598220396988 0.0766598220396988 0.0746064339493498 0.0780287474332649 0.0924024640657084 0 0.0657084188911704 0.0985626283367557
"plaMeg" 0.0739219712525667 0.0246406570841889 0.0225872689938398 0.0143737166324435 0.0287474332648871 0.0335386721423682 0.0465434633812457 0.0253251197809719 0.0239561943874059 0.0472279260780287 0.0629705681040383 0.0657084188911704 0 0.0718685831622177
"podExp" 0.106776180698152 0.0780287474332649 0.0691307323750856 0.0711841204654346 0.0752908966461328 0.0835044490075291 0.0595482546201232 0.080766598220397 0.082135523613963 0.0609171800136893 0.052703627652293 0.0985626283367557 0.0718685831622177 0
