"carIns" "cheAbi" "cheMyd" "cheSer" "chrPic" "cuoAmb" "cuoMcc" "derCor" "derMaw" "emySub" "gopAga" "malTer" "mesTub" "pelCas" "pelSin" "plaMeg" "podExp" "terMex"
"carIns" 0 0.0814940577249576 0.0764006791171477 0.0752688172043011 0.0764006791171477 0.0758347481607244 0.12280701754386 0.0792303338992643 0.0803621958121109 0.0848896434634974 0.078664402942841 0.11092246745897 0.0809281267685342 0.098471986417657 0.0780984719864177 0.0735710243350311 0.102999434069044 0.0735710243350311
"cheAbi" 0.0814940577249576 0 0.0396151669496321 0.0362195812110922 0.0254668930390492 0.0226372382569327 0.0735710243350311 0.0396151669496321 0.0418788907753254 0.0565930956423316 0.0203735144312394 0.0616864742501415 0.0543293718166384 0.0673457838143746 0.0730050933786078 0.023203169213356 0.0701754385964912 0.0243350311262026
"cheMyd" 0.0764006791171477 0.0396151669496321 0 0.0288624787775891 0.0345217883418223 0.0328239954725523 0.0837577815506508 0.0192416525183928 0.0384833050367855 0.0514997170345218 0.0401810979060555 0.0724391624221845 0.0486700622524052 0.0645161290322581 0.066213921901528 0.0294284097340125 0.0701754385964912 0.0316921335597057
"cheSer" 0.0752688172043011 0.0362195812110922 0.0288624787775891 0 0.0294284097340125 0.0288624787775891 0.0797962648556876 0.0311262026032824 0.0367855121675156 0.0514997170345218 0.0384833050367855 0.067911714770798 0.0486700622524052 0.0673457838143746 0.0633842671194114 0.0254668930390492 0.0718732314657612 0.0265987549518959
"chrPic" 0.0764006791171477 0.0254668930390492 0.0345217883418223 0.0294284097340125 0 0.0198075834748161 0.0713073005093379 0.033955857385399 0.0390492359932088 0.0543293718166384 0.0254668930390492 0.0424448217317487 0.0526315789473684 0.067911714770798 0.0690435766836446 0.0152801358234295 0.0707413695529145 0.0113186191284663
"cuoAmb" 0.0758347481607244 0.0226372382569327 0.0328239954725523 0.0288624787775891 0.0198075834748161 0 0.0577249575551783 0.033955857385399 0.0384833050367855 0.0537634408602151 0.0237691001697793 0.0594227504244482 0.0503678551216752 0.0684776457272213 0.0673457838143746 0.0175438596491228 0.0696095076400679 0.0175438596491228
"cuoMcc" 0.12280701754386 0.0735710243350311 0.0837577815506508 0.0797962648556876 0.0713073005093379 0.0577249575551783 0 0.0837577815506508 0.0905489530277306 0.0990379173740804 0.076966610073571 0.11092246745897 0.0990379173740804 0.114883984153933 0.11262026032824 0.0690435766836446 0.117147707979626 0.0690435766836446
"derCor" 0.0792303338992643 0.0396151669496321 0.0192416525183928 0.0311262026032824 0.033955857385399 0.033955857385399 0.0837577815506508 0 0.0384833050367855 0.0531975099037917 0.0396151669496321 0.0730050933786078 0.0509337860780985 0.0645161290322581 0.0690435766836446 0.0299943406904358 0.0696095076400679 0.032258064516129
"derMaw" 0.0803621958121109 0.0418788907753254 0.0384833050367855 0.0367855121675156 0.0390492359932088 0.0384833050367855 0.0905489530277306 0.0384833050367855 0 0.0565930956423316 0.0452744765138653 0.0735710243350311 0.057159026598755 0.067911714770798 0.0741369552914544 0.0367855121675156 0.0758347481607244 0.0367855121675156
"emySub" 0.0848896434634974 0.0565930956423316 0.0514997170345218 0.0514997170345218 0.0543293718166384 0.0537634408602151 0.0990379173740804 0.0531975099037917 0.0565930956423316 0 0.0588568194680249 0.0871533672891907 0.0203735144312394 0.0560271646859083 0.0735710243350311 0.0503678551216752 0.0565930956423316 0.0514997170345218
"gopAga" 0.078664402942841 0.0203735144312394 0.0401810979060555 0.0384833050367855 0.0254668930390492 0.0237691001697793 0.076966610073571 0.0396151669496321 0.0452744765138653 0.0588568194680249 0 0.0599886813808715 0.0565930956423316 0.0713073005093379 0.0741369552914544 0.0249009620826259 0.0735710243350311 0.0254668930390492
"malTer" 0.11092246745897 0.0616864742501415 0.0724391624221845 0.067911714770798 0.0424448217317487 0.0594227504244482 0.11092246745897 0.0730050933786078 0.0735710243350311 0.0871533672891907 0.0599886813808715 0 0.0888511601584607 0.101301641199774 0.10243350311262 0.0548953027730617 0.106960950764007 0.0503678551216752
"mesTub" 0.0809281267685342 0.0543293718166384 0.0486700622524052 0.0486700622524052 0.0526315789473684 0.0503678551216752 0.0990379173740804 0.0509337860780985 0.057159026598755 0.0203735144312394 0.0565930956423316 0.0888511601584607 0 0.0531975099037917 0.0735710243350311 0.0475382003395586 0.0560271646859083 0.0486700622524052
"pelCas" 0.098471986417657 0.0673457838143746 0.0645161290322581 0.0673457838143746 0.067911714770798 0.0684776457272213 0.114883984153933 0.0645161290322581 0.067911714770798 0.0560271646859083 0.0713073005093379 0.101301641199774 0.0531975099037917 0 0.0860215053763441 0.0616864742501415 0.0582908885116016 0.066213921901528
"pelSin" 0.0780984719864177 0.0730050933786078 0.066213921901528 0.0633842671194114 0.0690435766836446 0.0673457838143746 0.11262026032824 0.0690435766836446 0.0741369552914544 0.0735710243350311 0.0741369552914544 0.10243350311262 0.0735710243350311 0.0860215053763441 0 0.0639501980758348 0.0962082625919638 0.0645161290322581
"plaMeg" 0.0735710243350311 0.023203169213356 0.0294284097340125 0.0254668930390492 0.0152801358234295 0.0175438596491228 0.0690435766836446 0.0299943406904358 0.0367855121675156 0.0503678551216752 0.0249009620826259 0.0548953027730617 0.0475382003395586 0.0616864742501415 0.0639501980758348 0 0.0667798528579513 0.0135823429541596
"podExp" 0.102999434069044 0.0701754385964912 0.0701754385964912 0.0718732314657612 0.0707413695529145 0.0696095076400679 0.117147707979626 0.0696095076400679 0.0758347481607244 0.0565930956423316 0.0735710243350311 0.106960950764007 0.0560271646859083 0.0582908885116016 0.0962082625919638 0.0667798528579513 0 0.0696095076400679
"terMex" 0.0735710243350311 0.0243350311262026 0.0316921335597057 0.0265987549518959 0.0113186191284663 0.0175438596491228 0.0690435766836446 0.032258064516129 0.0367855121675156 0.0514997170345218 0.0254668930390492 0.0503678551216752 0.0486700622524052 0.066213921901528 0.0645161290322581 0.0135823429541596 0.0696095076400679 0
