"carIns" "cheAbi" "cheMyd" "cheSer" "chrPic" "cuoAmb" "cuoMcc" "derCor" "gopAga" "malTer" "mesTub" "pelCas" "pelSin" "plaMeg" "podExp"
"carIns" 0 0.109854604200323 0.285406569736134 0.108239095315024 0.115778136779752 0.108777598276791 0.107700592353258 0.119547657512116 0.109854604200323 0.102315562735595 0.117393645665051 0.139472267097469 0.176090468497577 0.10016155088853 0.144318793753366
"cheAbi" 0.109854604200323 0 0.262250942380183 0.0490037695207324 0.0570813139472267 0.0263866451265482 0.0280021540118471 0.0667743672590199 0.0253096392030156 0.0398492191707054 0.0845449649973075 0.108777598276791 0.174474959612278 0.0350026925148088 0.107700592353258
"cheMyd" 0.285406569736134 0.262250942380183 0 0.252019386106624 0.257942918686053 0.254173397953689 0.254173397953689 0.24824986537426 0.258481421647819 0.254173397953689 0.271943995691976 0.288637587506731 0.311254711900915 0.249326871297792 0.298330640818525
"cheSer" 0.108239095315024 0.0490037695207324 0.252019386106624 0 0.0527732902530964 0.0387722132471729 0.0398492191707054 0.0586968228325256 0.0441572428648358 0.037156704361874 0.0759289176090469 0.0996230479267636 0.16262789445342 0.0306946688206785 0.103931071620894
"chrPic" 0.115778136779752 0.0570813139472267 0.257942918686053 0.0527732902530964 0 0.0479267635971998 0.0484652665589661 0.0726978998384491 0.0533117932148627 0.0290791599353796 0.0893914916532041 0.112008616047388 0.17555196553581 0.0393107162089391 0.116316639741519
"cuoAmb" 0.108777598276791 0.0263866451265482 0.254173397953689 0.0387722132471729 0.0479267635971998 0 0.00969305331179321 0.0549273021001615 0.0220786214324179 0.0296176628971459 0.078082929456112 0.0990845449649973 0.16693591814755 0.0236941303177167 0.102854065697361
"cuoMcc" 0.107700592353258 0.0280021540118471 0.254173397953689 0.0398492191707054 0.0484652665589661 0.00969305331179321 0 0.0581583198707593 0.0231556273559505 0.0301561658589122 0.078082929456112 0.101777059773829 0.166397415185784 0.024232633279483 0.102854065697361
"derCor" 0.119547657512116 0.0667743672590199 0.24824986537426 0.0586968228325256 0.0726978998384491 0.0549273021001615 0.0581583198707593 0 0.0624663435648896 0.053850296176629 0.091007000538503 0.112547119009155 0.180936995153473 0.0490037695207324 0.11470113085622
"gopAga" 0.109854604200323 0.0253096392030156 0.258481421647819 0.0441572428648358 0.0533117932148627 0.0220786214324179 0.0231556273559505 0.0624663435648896 0 0.0350026925148088 0.0829294561120086 0.106085083467959 0.17124394184168 0.0301561658589122 0.105546580506193
"malTer" 0.102315562735595 0.0398492191707054 0.254173397953689 0.037156704361874 0.0290791599353796 0.0296176628971459 0.0301561658589122 0.053850296176629 0.0350026925148088 0 0.0753904146472806 0.098546042003231 0.161012385568121 0.0210016155088853 0.102854065697361
"mesTub" 0.117393645665051 0.0845449649973075 0.271943995691976 0.0759289176090469 0.0893914916532041 0.078082929456112 0.078082929456112 0.091007000538503 0.0829294561120086 0.0753904146472806 0 0.091007000538503 0.18147549811524 0.0689283791060851 0.0931610123855681
"pelCas" 0.139472267097469 0.108777598276791 0.288637587506731 0.0996230479267636 0.112008616047388 0.0990845449649973 0.101777059773829 0.112547119009155 0.106085083467959 0.098546042003231 0.091007000538503 0 0.191707054388799 0.0915455035002693 0.0861604738826064
"pelSin" 0.176090468497577 0.174474959612278 0.311254711900915 0.16262789445342 0.17555196553581 0.16693591814755 0.166397415185784 0.180936995153473 0.17124394184168 0.161012385568121 0.18147549811524 0.191707054388799 0 0.158319870759289 0.196015078082929
"plaMeg" 0.10016155088853 0.0350026925148088 0.249326871297792 0.0306946688206785 0.0393107162089391 0.0236941303177167 0.024232633279483 0.0490037695207324 0.0301561658589122 0.0210016155088853 0.0689283791060851 0.0915455035002693 0.158319870759289 0 0.0969305331179321
"podExp" 0.144318793753366 0.107700592353258 0.298330640818525 0.103931071620894 0.116316639741519 0.102854065697361 0.102854065697361 0.11470113085622 0.105546580506193 0.102854065697361 0.0931610123855681 0.0861604738826064 0.196015078082929 0.0969305331179321 0
