"carIns" "cheAbi" "cheMyd" "cheSer" "chrPic" "cuoMcc" "derCor" "derMaw" "emySub" "gopAga" "malTer" "mesTub" "pelCas" "pelSin" "plaMeg" "podExp" "terMex"
"carIns" 0 0.0852017937219731 0.085762331838565 0.0829596412556054 0.0874439461883408 0.085762331838565 0.0880044843049327 0.0980941704035874 0.103139013452915 0.0840807174887892 0.0874439461883408 0.0992152466367713 0.108183856502242 0.0823991031390135 0.0840807174887892 0.114910313901345 0.0812780269058296
"cheAbi" 0.0852017937219731 0 0.0297085201793722 0.0252242152466368 0.0207399103139013 0.00896860986547085 0.0302690582959641 0.0493273542600897 0.0644618834080718 0.00896860986547085 0.0190582959641256 0.0605381165919283 0.070627802690583 0.0526905829596413 0.015695067264574 0.0739910313901345 0.0184977578475336
"cheMyd" 0.085762331838565 0.0297085201793722 0 0.0229820627802691 0.0285874439461883 0.0263452914798206 0.0145739910313901 0.0498878923766816 0.0616591928251121 0.0274663677130045 0.0280269058295964 0.0599775784753363 0.0672645739910314 0.0493273542600897 0.0257847533632287 0.070067264573991 0.0269058295964126
"cheSer" 0.0829596412556054 0.0252242152466368 0.0229820627802691 0 0.0252242152466368 0.0224215246636771 0.0224215246636771 0.0431614349775785 0.0610986547085202 0.0246636771300448 0.0246636771300448 0.0594170403587444 0.0661434977578475 0.0504484304932735 0.0229820627802691 0.070627802690583 0.0229820627802691
"chrPic" 0.0874439461883408 0.0207399103139013 0.0285874439461883 0.0252242152466368 0 0.0196188340807175 0.0291479820627803 0.0526905829596413 0.062219730941704 0.0213004484304933 0.0039237668161435 0.0594170403587444 0.0661434977578475 0.0526905829596413 0.0173766816143498 0.0723094170403587 0.0112107623318386
"cuoMcc" 0.085762331838565 0.00896860986547085 0.0263452914798206 0.0224215246636771 0.0196188340807175 0 0.0269058295964126 0.04652466367713 0.0616591928251121 0.00896860986547085 0.0179372197309417 0.0582959641255605 0.0661434977578475 0.0498878923766816 0.0145739910313901 0.070627802690583 0.0162556053811659
"derCor" 0.0880044843049327 0.0302690582959641 0.0145739910313901 0.0224215246636771 0.0291479820627803 0.0269058295964126 0 0.0498878923766816 0.062219730941704 0.0302690582959641 0.0285874439461883 0.062219730941704 0.0683856502242152 0.0526905829596413 0.0263452914798206 0.0689461883408072 0.0285874439461883
"derMaw" 0.0980941704035874 0.0493273542600897 0.0498878923766816 0.0431614349775785 0.0526905829596413 0.04652466367713 0.0498878923766816 0 0.0829596412556054 0.0498878923766816 0.0521300448430493 0.0795964125560538 0.0874439461883408 0.0739910313901345 0.0482062780269058 0.0891255605381166 0.0493273542600897
"emySub" 0.103139013452915 0.0644618834080718 0.0616591928251121 0.0610986547085202 0.062219730941704 0.0616591928251121 0.062219730941704 0.0829596412556054 0 0.0650224215246637 0.062780269058296 0.0285874439461883 0.0487668161434978 0.0695067264573991 0.0571748878923767 0.0504484304932735 0.0605381165919283
"gopAga" 0.0840807174887892 0.00896860986547085 0.0274663677130045 0.0246636771300448 0.0213004484304933 0.00896860986547085 0.0302690582959641 0.0498878923766816 0.0650224215246637 0 0.0196188340807175 0.0616591928251121 0.0695067264573991 0.0521300448430493 0.0162556053811659 0.0717488789237668 0.0184977578475336
"malTer" 0.0874439461883408 0.0190582959641256 0.0280269058295964 0.0246636771300448 0.0039237668161435 0.0179372197309417 0.0285874439461883 0.0521300448430493 0.062780269058296 0.0196188340807175 0 0.0599775784753363 0.0661434977578475 0.0532511210762332 0.0168161434977578 0.0723094170403587 0.0106502242152466
"mesTub" 0.0992152466367713 0.0605381165919283 0.0599775784753363 0.0594170403587444 0.0594170403587444 0.0582959641255605 0.062219730941704 0.0795964125560538 0.0285874439461883 0.0616591928251121 0.0599775784753363 0 0.0498878923766816 0.0678251121076233 0.054932735426009 0.0538116591928251 0.0588565022421525
"pelCas" 0.108183856502242 0.070627802690583 0.0672645739910314 0.0661434977578475 0.0661434977578475 0.0661434977578475 0.0683856502242152 0.0874439461883408 0.0487668161434978 0.0695067264573991 0.0661434977578475 0.0498878923766816 0 0.0767937219730942 0.0639013452914798 0.0442825112107623 0.0672645739910314
"pelSin" 0.0823991031390135 0.0526905829596413 0.0493273542600897 0.0504484304932735 0.0526905829596413 0.0498878923766816 0.0526905829596413 0.0739910313901345 0.0695067264573991 0.0521300448430493 0.0532511210762332 0.0678251121076233 0.0767937219730942 0 0.0476457399103139 0.0795964125560538 0.0487668161434978
"plaMeg" 0.0840807174887892 0.015695067264574 0.0257847533632287 0.0229820627802691 0.0173766816143498 0.0145739910313901 0.0263452914798206 0.0482062780269058 0.0571748878923767 0.0162556053811659 0.0168161434977578 0.054932735426009 0.0639013452914798 0.0476457399103139 0 0.0678251121076233 0.015695067264574
"podExp" 0.114910313901345 0.0739910313901345 0.070067264573991 0.070627802690583 0.0723094170403587 0.070627802690583 0.0689461883408072 0.0891255605381166 0.0504484304932735 0.0717488789237668 0.0723094170403587 0.0538116591928251 0.0442825112107623 0.0795964125560538 0.0678251121076233 0 0.0711883408071749
"terMex" 0.0812780269058296 0.0184977578475336 0.0269058295964126 0.0229820627802691 0.0112107623318386 0.0162556053811659 0.0285874439461883 0.0493273542600897 0.0605381165919283 0.0184977578475336 0.0106502242152466 0.0588565022421525 0.0672645739910314 0.0487668161434978 0.015695067264574 0.0711883408071749 0
