"carIns" "cheAbi" "cheSer" "chrPic" "cuoAmb" "cuoMcc" "derCor" "derMaw" "emySub" "gopAga" "malTer" "mesTub" "pelCas" "pelSin" "plaMeg" "podExp" "terMex"
"carIns" 0 0.201183431952663 0.199704142011834 0.200197238658777 0.312623274161736 0.197731755424063 0.20069033530572 0.198717948717949 0.203155818540434 0.199704142011834 0.209072978303748 0.20069033530572 0.214990138067061 0.199211045364892 0.199211045364892 0.21646942800789 0.200197238658777
"cheAbi" 0.201183431952663 0 0.0236686390532544 0.02465483234714 0.156804733727811 0.0157790927021696 0.0305719921104536 0.0305719921104536 0.0562130177514793 0.0152859960552268 0.0330374753451677 0.0542406311637081 0.0754437869822485 0.0655818540433925 0.0207100591715976 0.0784023668639053 0.0231755424063116
"cheSer" 0.199704142011834 0.0236686390532544 0 0.0216962524654832 0.162228796844181 0.019723865877712 0.0241617357001972 0.022189349112426 0.0488165680473373 0.0202169625246548 0.0290927021696252 0.0458579881656805 0.0670611439842209 0.0596646942800789 0.0182445759368836 0.0734714003944773 0.0207100591715976
"chrPic" 0.200197238658777 0.02465483234714 0.0216962524654832 0 0.161242603550296 0.019723865877712 0.029585798816568 0.0261341222879684 0.0527613412228797 0.0212031558185404 0.017258382642998 0.0498027613412229 0.0719921104536489 0.0626232741617357 0.0177514792899408 0.0764299802761341 0.01232741617357
"cuoAmb" 0.312623274161736 0.156804733727811 0.162228796844181 0.161242603550296 0 0.15138067061144 0.167652859960552 0.164694280078895 0.182938856015779 0.155325443786982 0.169625246548323 0.182445759368836 0.201183431952663 0.185897435897436 0.157297830374753 0.201676528599606 0.160749506903353
"cuoMcc" 0.197731755424063 0.0157790927021696 0.019723865877712 0.019723865877712 0.15138067061144 0 0.0281065088757396 0.0256410256410256 0.0507889546351085 0.01232741617357 0.0281065088757396 0.0488165680473373 0.0710059171597633 0.0591715976331361 0.0157790927021696 0.0734714003944773 0.0182445759368836
"derCor" 0.20069033530572 0.0305719921104536 0.0241617357001972 0.029585798816568 0.167652859960552 0.0281065088757396 0 0.027120315581854 0.0542406311637081 0.0285996055226824 0.0359960552268245 0.0512820512820513 0.0734714003944773 0.0641025641025641 0.0251479289940828 0.0759368836291913 0.0285996055226824
"derMaw" 0.198717948717949 0.0305719921104536 0.022189349112426 0.0261341222879684 0.164694280078895 0.0256410256410256 0.027120315581854 0 0.0532544378698225 0.027120315581854 0.0335305719921105 0.0512820512820513 0.0729783037475345 0.0606508875739645 0.0231755424063116 0.0764299802761341 0.0241617357001972
"emySub" 0.203155818540434 0.0562130177514793 0.0488165680473373 0.0527613412228797 0.182938856015779 0.0507889546351085 0.0542406311637081 0.0532544378698225 0 0.0512820512820513 0.0606508875739645 0.0241617357001972 0.0601577909270217 0.0764299802761341 0.0488165680473373 0.0645956607495069 0.0532544378698225
"gopAga" 0.199704142011834 0.0152859960552268 0.0202169625246548 0.0212031558185404 0.155325443786982 0.01232741617357 0.0285996055226824 0.027120315581854 0.0512820512820513 0 0.029585798816568 0.0507889546351085 0.0700197238658777 0.0631163708086785 0.0162721893491124 0.0739644970414201 0.019723865877712
"malTer" 0.209072978303748 0.0330374753451677 0.0290927021696252 0.017258382642998 0.169625246548323 0.0281065088757396 0.0359960552268245 0.0335305719921105 0.0606508875739645 0.029585798816568 0 0.0596646942800789 0.0788954635108481 0.0695266272189349 0.0261341222879684 0.0838264299802761 0.019723865877712
"mesTub" 0.20069033530572 0.0542406311637081 0.0458579881656805 0.0498027613412229 0.182445759368836 0.0488165680473373 0.0512820512820513 0.0512820512820513 0.0241617357001972 0.0507889546351085 0.0596646942800789 0 0.0562130177514793 0.0759368836291913 0.0478303747534517 0.0616370808678501 0.0512820512820513
"pelCas" 0.214990138067061 0.0754437869822485 0.0670611439842209 0.0719921104536489 0.201183431952663 0.0710059171597633 0.0734714003944773 0.0729783037475345 0.0601577909270217 0.0700197238658777 0.0788954635108481 0.0562130177514793 0 0.0927021696252465 0.0690335305719921 0.0636094674556213 0.0695266272189349
"pelSin" 0.199211045364892 0.0655818540433925 0.0596646942800789 0.0626232741617357 0.185897435897436 0.0591715976331361 0.0641025641025641 0.0606508875739645 0.0764299802761341 0.0631163708086785 0.0695266272189349 0.0759368836291913 0.0927021696252465 0 0.0591715976331361 0.0976331360946746 0.0616370808678501
"plaMeg" 0.199211045364892 0.0207100591715976 0.0182445759368836 0.0177514792899408 0.157297830374753 0.0157790927021696 0.0251479289940828 0.0231755424063116 0.0488165680473373 0.0162721893491124 0.0261341222879684 0.0478303747534517 0.0690335305719921 0.0591715976331361 0 0.0734714003944773 0.0162721893491124
"podExp" 0.21646942800789 0.0784023668639053 0.0734714003944773 0.0764299802761341 0.201676528599606 0.0734714003944773 0.0759368836291913 0.0764299802761341 0.0645956607495069 0.0739644970414201 0.0838264299802761 0.0616370808678501 0.0636094674556213 0.0976331360946746 0.0734714003944773 0 0.0754437869822485
"terMex" 0.200197238658777 0.0231755424063116 0.0207100591715976 0.01232741617357 0.160749506903353 0.0182445759368836 0.0285996055226824 0.0241617357001972 0.0532544378698225 0.019723865877712 0.019723865877712 0.0512820512820513 0.0695266272189349 0.0616370808678501 0.0162721893491124 0.0754437869822485 0
