"carIns" "cheAbi" "cheMyd" "cheSer" "cuoAmb" "cuoMcc" "derCor" "derMaw" "emySub" "gopAga" "plaMeg" "terMex"
"carIns" 0 0.0485685071574642 0.0495910020449898 0.0526584867075665 0.053680981595092 0.0511247443762781 0.13241308793456 0.0567484662576687 0.0541922290388548 0.0526584867075665 0.0470347648261759 0.156441717791411
"cheAbi" 0.0485685071574642 0 0.0245398773006135 0.0240286298568507 0.0122699386503067 0.0081799591002045 0.108895705521472 0.0332310838445808 0.032719836400818 0.00920245398773006 0.0127811860940695 0.129856850715746
"cheMyd" 0.0495910020449898 0.0245398773006135 0 0.0270961145194274 0.0306748466257669 0.0265848670756646 0.10480572597137 0.0342535787321063 0.0368098159509202 0.0296523517382413 0.020961145194274 0.1359918200409
"cheSer" 0.0526584867075665 0.0240286298568507 0.0270961145194274 0 0.028118609406953 0.0250511247443763 0.112985685071575 0.0265848670756646 0.0342535787321063 0.0301635991820041 0.0184049079754601 0.1359918200409
"cuoAmb" 0.053680981595092 0.0122699386503067 0.0306748466257669 0.028118609406953 0 0.00613496932515337 0.111963190184049 0.037321063394683 0.0378323108384458 0.0153374233128834 0.0168711656441718 0.127811860940695
"cuoMcc" 0.0511247443762781 0.0081799591002045 0.0265848670756646 0.0250511247443763 0.00613496932515337 0 0.108895705521472 0.0332310838445808 0.0332310838445808 0.0112474437627812 0.0127811860940695 0.128323108384458
"derCor" 0.13241308793456 0.108895705521472 0.10480572597137 0.112985685071575 0.111963190184049 0.108895705521472 0 0.11758691206544 0.116564417177914 0.1140081799591 0.102760736196319 0.137525562372188
"derMaw" 0.0567484662576687 0.0332310838445808 0.0342535787321063 0.0265848670756646 0.037321063394683 0.0332310838445808 0.11758691206544 0 0.0419222903885481 0.037321063394683 0.0276073619631902 0.140593047034765
"emySub" 0.0541922290388548 0.032719836400818 0.0368098159509202 0.0342535787321063 0.0378323108384458 0.0332310838445808 0.116564417177914 0.0419222903885481 0 0.037321063394683 0.0291411042944785 0.144683026584867
"gopAga" 0.0526584867075665 0.00920245398773006 0.0296523517382413 0.0301635991820041 0.0153374233128834 0.0112474437627812 0.1140081799591 0.037321063394683 0.037321063394683 0 0.0178936605316973 0.131901840490798
"plaMeg" 0.0470347648261759 0.0127811860940695 0.020961145194274 0.0184049079754601 0.0168711656441718 0.0127811860940695 0.102760736196319 0.0276073619631902 0.0291411042944785 0.0178936605316973 0 0.123721881390593
"terMex" 0.156441717791411 0.129856850715746 0.1359918200409 0.1359918200409 0.127811860940695 0.128323108384458 0.137525562372188 0.140593047034765 0.144683026584867 0.131901840490798 0.123721881390593 0
