"cheAbi" "cheMyd" "cheSer" "chrPic" "cuoAmb" "cuoMcc" "derCor" "derMaw" "emySub" "gopAga" "malTer" "mesTub" "pelCas" "pelSin" "plaMeg" "podExp" "terMex"
"cheAbi" 0 0.0213347921225383 0.025164113785558 0.0169584245076586 0.00929978118161926 0.00984682713347921 0.0240700218818381 0.0322757111597374 0.0557986870897155 0.00820568927789934 0.025164113785558 0.062363238512035 0.0678336980306346 0.0568927789934354 0.0153172866520788 0.0891684901531729 0.0164113785557987
"cheMyd" 0.0213347921225383 0 0.0213347921225383 0.0191466083150985 0.0191466083150985 0.0191466083150985 0.0136761487964989 0.0284463894967177 0.0563457330415755 0.0207877461706783 0.0273522975929978 0.062363238512035 0.0672866520787746 0.0547045951859956 0.0185995623632385 0.087527352297593 0.0185995623632385
"cheSer" 0.025164113785558 0.0213347921225383 0 0.0229759299781182 0.0218818380743982 0.0224288840262582 0.0240700218818381 0.0289934354485777 0.0585339168490153 0.0262582056892779 0.0311816192560175 0.0645514223194748 0.0694748358862144 0.0568927789934354 0.0202407002188184 0.0908096280087527 0.0213347921225383
"chrPic" 0.0169584245076586 0.0191466083150985 0.0229759299781182 0 0.0142231947483589 0.0147702407002188 0.0224288840262582 0.0300875273522976 0.0552516411378556 0.0175054704595186 0.0103938730853392 0.062910284463895 0.0645514223194748 0.0547045951859956 0.0114879649890591 0.088074398249453 0.00929978118161926
"cuoAmb" 0.00929978118161926 0.0191466083150985 0.0218818380743982 0.0142231947483589 0 0.000547045951859956 0.0229759299781182 0.0289934354485777 0.0536105032822757 0.00984682713347921 0.0224288840262582 0.0612691466083151 0.0656455142231947 0.0536105032822757 0.0136761487964989 0.086980306345733 0.0136761487964989
"cuoMcc" 0.00984682713347921 0.0191466083150985 0.0224288840262582 0.0147702407002188 0.000547045951859956 0 0.0235229759299781 0.0295404814004376 0.0541575492341357 0.0103938730853392 0.0229759299781182 0.0618161925601751 0.0661925601750547 0.0536105032822757 0.0142231947483589 0.086980306345733 0.0142231947483589
"derCor" 0.0240700218818381 0.0136761487964989 0.0240700218818381 0.0224288840262582 0.0229759299781182 0.0235229759299781 0 0.0300875273522976 0.0574398249452954 0.024617067833698 0.0306345733041575 0.0645514223194748 0.0711159737417943 0.0574398249452954 0.0202407002188184 0.0902625820568928 0.0213347921225383
"derMaw" 0.0322757111597374 0.0284463894967177 0.0289934354485777 0.0300875273522976 0.0289934354485777 0.0295404814004376 0.0300875273522976 0 0.0618161925601751 0.0333698030634573 0.0382932166301969 0.0705689277899344 0.0705689277899344 0.062363238512035 0.0262582056892779 0.0913566739606127 0.0284463894967177
"emySub" 0.0557986870897155 0.0563457330415755 0.0585339168490153 0.0552516411378556 0.0536105032822757 0.0541575492341357 0.0574398249452954 0.0618161925601751 0 0.0574398249452954 0.0607221006564551 0.0350109409190372 0.0519693654266958 0.0798687089715536 0.0541575492341357 0.0711159737417943 0.0547045951859956
"gopAga" 0.00820568927789934 0.0207877461706783 0.0262582056892779 0.0175054704595186 0.00984682713347921 0.0103938730853392 0.024617067833698 0.0333698030634573 0.0574398249452954 0 0.0257111597374179 0.0640043763676149 0.0700218818380744 0.0574398249452954 0.0169584245076586 0.0897155361050328 0.0169584245076586
"malTer" 0.025164113785558 0.0273522975929978 0.0311816192560175 0.0103938730853392 0.0224288840262582 0.0229759299781182 0.0306345733041575 0.0382932166301969 0.0607221006564551 0.0257111597374179 0 0.0683807439824945 0.0705689277899344 0.062363238512035 0.0196936542669584 0.0940919037199125 0.0175054704595186
"mesTub" 0.062363238512035 0.062363238512035 0.0645514223194748 0.062910284463895 0.0612691466083151 0.0618161925601751 0.0645514223194748 0.0705689277899344 0.0350109409190372 0.0640043763676149 0.0683807439824945 0 0.062363238512035 0.0902625820568928 0.0607221006564551 0.0815098468271335 0.062363238512035
"pelCas" 0.0678336980306346 0.0672866520787746 0.0694748358862144 0.0645514223194748 0.0656455142231947 0.0661925601750547 0.0711159737417943 0.0705689277899344 0.0519693654266958 0.0700218818380744 0.0705689277899344 0.062363238512035 0 0.0902625820568928 0.0650984682713348 0.0661925601750547 0.062910284463895
"pelSin" 0.0568927789934354 0.0547045951859956 0.0568927789934354 0.0547045951859956 0.0536105032822757 0.0536105032822757 0.0574398249452954 0.062363238512035 0.0798687089715536 0.0574398249452954 0.062363238512035 0.0902625820568928 0.0902625820568928 0 0.0530634573304158 0.112691466083151 0.0525164113785558
"plaMeg" 0.0153172866520788 0.0185995623632385 0.0202407002188184 0.0114879649890591 0.0136761487964989 0.0142231947483589 0.0202407002188184 0.0262582056892779 0.0541575492341357 0.0169584245076586 0.0196936542669584 0.0607221006564551 0.0650984682713348 0.0530634573304158 0 0.087527352297593 0.00984682713347921
"podExp" 0.0891684901531729 0.087527352297593 0.0908096280087527 0.088074398249453 0.086980306345733 0.086980306345733 0.0902625820568928 0.0913566739606127 0.0711159737417943 0.0897155361050328 0.0940919037199125 0.0815098468271335 0.0661925601750547 0.112691466083151 0.087527352297593 0 0.086980306345733
"terMex" 0.0164113785557987 0.0185995623632385 0.0213347921225383 0.00929978118161926 0.0136761487964989 0.0142231947483589 0.0213347921225383 0.0284463894967177 0.0547045951859956 0.0169584245076586 0.0175054704595186 0.062363238512035 0.062910284463895 0.0525164113785558 0.00984682713347921 0.086980306345733 0
