"carIns" "cheAbi" "cheMyd" "chrPic" "cuoAmb" "cuoMcc" "derCor" "derMaw" "emySub" "gopAga" "malTer" "mesTub" "pelCas" "pelSin" "plaMeg" "podExp" "terMex"
"carIns" 0 0.233187772925764 0.225327510917031 0.218340611353712 0.237117903930131 0.220087336244541 0.324017467248908 0.347598253275109 0.241921397379913 0.226637554585153 0.23056768558952 0.243668122270742 0.262008733624454 0.239301310043668 0.21528384279476 0.265065502183406 0.226200873362445
"cheAbi" 0.233187772925764 0 0.0572052401746725 0.040174672489083 0.0567685589519651 0.037117903930131 0.162445414847162 0.197816593886463 0.0965065502183406 0.0331877729257642 0.0550218340611354 0.112663755458515 0.135807860262009 0.11528384279476 0.037117903930131 0.145851528384279 0.0379912663755459
"cheMyd" 0.225327510917031 0.0572052401746725 0 0.0436681222707424 0.0637554585152838 0.0462882096069869 0.139301310043668 0.190829694323144 0.0995633187772926 0.0537117903930131 0.0572052401746725 0.1 0.130131004366812 0.106986899563319 0.0384279475982533 0.139737991266376 0.0449781659388646
"chrPic" 0.218340611353712 0.040174672489083 0.0436681222707424 0 0.048471615720524 0.0310043668122271 0.154585152838428 0.189082969432314 0.0938864628820961 0.0336244541484716 0.0192139737991266 0.103056768558952 0.131877729257642 0.101310043668122 0.0231441048034935 0.136681222707424 0.0183406113537118
"cuoAmb" 0.237117903930131 0.0567685589519651 0.0637554585152838 0.048471615720524 0 0.025764192139738 0.165065502183406 0.209170305676856 0.113973799126638 0.0480349344978166 0.0563318777292576 0.122707423580786 0.150655021834061 0.119650655021834 0.0467248908296943 0.153711790393013 0.0541484716157205
"cuoMcc" 0.220087336244541 0.037117903930131 0.0462882096069869 0.0310043668122271 0.025764192139738 0 0.156331877729258 0.193013100436681 0.0951965065502183 0.0301310043668122 0.0462882096069869 0.105676855895197 0.134497816593886 0.104366812227074 0.0270742358078603 0.137117903930131 0.0344978165938865
"derCor" 0.324017467248908 0.162445414847162 0.139301310043668 0.154585152838428 0.165065502183406 0.156331877729258 0 0.3 0.19825327510917 0.162882096069869 0.163318777292576 0.206986899563319 0.229694323144105 0.216593886462882 0.151528384279476 0.237117903930131 0.153275109170306
"derMaw" 0.347598253275109 0.197816593886463 0.190829694323144 0.189082969432314 0.209170305676856 0.193013100436681 0.3 0 0.227947598253275 0.193449781659389 0.200873362445415 0.23056768558952 0.251965065502183 0.234497816593886 0.187336244541485 0.257205240174673 0.189519650655022
"emySub" 0.241921397379913 0.0965065502183406 0.0995633187772926 0.0938864628820961 0.113973799126638 0.0951965065502183 0.19825327510917 0.227947598253275 0 0.103056768558952 0.108733624454148 0.0663755458515284 0.114847161572052 0.138864628820961 0.0925764192139738 0.122707423580786 0.0921397379912664
"gopAga" 0.226637554585153 0.0331877729257642 0.0537117903930131 0.0336244541484716 0.0480349344978166 0.0301310043668122 0.162882096069869 0.193449781659389 0.103056768558952 0 0.0493449781659389 0.112663755458515 0.138427947598253 0.110043668122271 0.0336244541484716 0.14061135371179 0.0419213973799127
"malTer" 0.23056768558952 0.0550218340611354 0.0572052401746725 0.0192139737991266 0.0563318777292576 0.0462882096069869 0.163318777292576 0.200873362445415 0.108733624454148 0.0493449781659389 0 0.114847161572052 0.138427947598253 0.11353711790393 0.0379912663755459 0.147161572052402 0.0327510917030568
"mesTub" 0.243668122270742 0.112663755458515 0.1 0.103056768558952 0.122707423580786 0.105676855895197 0.206986899563319 0.23056768558952 0.0663755458515284 0.112663755458515 0.114847161572052 0 0.116593886462882 0.134934497816594 0.101310043668122 0.137554585152838 0.101310043668122
"pelCas" 0.262008733624454 0.135807860262009 0.130131004366812 0.131877729257642 0.150655021834061 0.134497816593886 0.229694323144105 0.251965065502183 0.114847161572052 0.138427947598253 0.138427947598253 0.116593886462882 0 0.162008733624454 0.12882096069869 0.132314410480349 0.128384279475983
"pelSin" 0.239301310043668 0.11528384279476 0.106986899563319 0.101310043668122 0.119650655021834 0.104366812227074 0.216593886462882 0.234497816593886 0.138864628820961 0.110043668122271 0.11353711790393 0.134934497816594 0.162008733624454 0 0.100873362445415 0.173362445414847 0.104366812227074
"plaMeg" 0.21528384279476 0.037117903930131 0.0384279475982533 0.0231441048034935 0.0467248908296943 0.0270742358078603 0.151528384279476 0.187336244541485 0.0925764192139738 0.0336244541484716 0.0379912663755459 0.101310043668122 0.12882096069869 0.100873362445415 0 0.136244541484716 0.0262008733624454
"podExp" 0.265065502183406 0.145851528384279 0.139737991266376 0.136681222707424 0.153711790393013 0.137117903930131 0.237117903930131 0.257205240174673 0.122707423580786 0.14061135371179 0.147161572052402 0.137554585152838 0.132314410480349 0.173362445414847 0.136244541484716 0 0.139737991266376
"terMex" 0.226200873362445 0.0379912663755459 0.0449781659388646 0.0183406113537118 0.0541484716157205 0.0344978165938865 0.153275109170306 0.189519650655022 0.0921397379912664 0.0419213973799127 0.0327510917030568 0.101310043668122 0.128384279475983 0.104366812227074 0.0262008733624454 0.139737991266376 0
