"carIns" "cheMyd" "chrPic" "cuoAmb" "cuoMcc" "derCor" "emySub" "mesTub" "pelCas" "plaMeg" "podExp" "terMex"
"carIns" 0 0.0734104046242775 0.0705202312138728 0.0745664739884393 0.0728323699421965 0.117341040462428 0.0872832369942197 0.0901734104046243 0.0976878612716763 0.0682080924855491 0.0971098265895954 0.122543352601156
"cheMyd" 0.0734104046242775 0 0.0277456647398844 0.0294797687861272 0.0277456647398844 0.0699421965317919 0.0497109826589595 0.0560693641618497 0.0630057803468208 0.0208092485549133 0.0664739884393064 0.0832369942196532
"chrPic" 0.0705202312138728 0.0277456647398844 0 0.023121387283237 0.0213872832369942 0.0780346820809249 0.0502890173410405 0.0578034682080925 0.0647398843930636 0.0115606936416185 0.0670520231213873 0.0641618497109827
"cuoAmb" 0.0745664739884393 0.0294797687861272 0.023121387283237 0 0.00289017341040462 0.0809248554913295 0.0549132947976879 0.0624277456647399 0.0658959537572254 0.0173410404624277 0.069364161849711 0.0786127167630058
"cuoMcc" 0.0728323699421965 0.0277456647398844 0.0213872832369942 0.00289017341040462 0 0.0791907514450867 0.0531791907514451 0.0606936416184971 0.0664739884393064 0.015606936416185 0.06878612716763 0.076878612716763
"derCor" 0.117341040462428 0.0699421965317919 0.0780346820809249 0.0809248554913295 0.0791907514450867 0 0.0994219653179191 0.106936416184971 0.103468208092486 0.0739884393063584 0.113872832369942 0.132369942196532
"emySub" 0.0872832369942197 0.0497109826589595 0.0502890173410405 0.0549132947976879 0.0531791907514451 0.0994219653179191 0 0.030635838150289 0.0497109826589595 0.0456647398843931 0.0543352601156069 0.101156069364162
"mesTub" 0.0901734104046243 0.0560693641618497 0.0578034682080925 0.0624277456647399 0.0606936416184971 0.106936416184971 0.030635838150289 0 0.0583815028901734 0.0554913294797688 0.0578034682080925 0.109826589595376
"pelCas" 0.0976878612716763 0.0630057803468208 0.0647398843930636 0.0658959537572254 0.0664739884393064 0.103468208092486 0.0497109826589595 0.0583815028901734 0 0.0601156069364162 0.0468208092485549 0.116763005780347
"plaMeg" 0.0682080924855491 0.0208092485549133 0.0115606936416185 0.0173410404624277 0.015606936416185 0.0739884393063584 0.0456647398843931 0.0554913294797688 0.0601156069364162 0 0.0624277456647399 0.0670520231213873
"podExp" 0.0971098265895954 0.0664739884393064 0.0670520231213873 0.069364161849711 0.06878612716763 0.113872832369942 0.0543352601156069 0.0578034682080925 0.0468208092485549 0.0624277456647399 0 0.117341040462428
"terMex" 0.122543352601156 0.0832369942196532 0.0641618497109827 0.0786127167630058 0.076878612716763 0.132369942196532 0.101156069364162 0.109826589595376 0.116763005780347 0.0670520231213873 0.117341040462428 0
