"carIns" "cheAbi" "cheMyd" "cheSer" "chrPic" "cuoAmb" "cuoMcc" "derCor" "derMaw" "emySub" "gopAga" "mesTub" "pelCas" "pelSin" "plaMeg" "podExp" "terMex"
"carIns" 0 0.101421800947867 0.0962085308056872 0.095260663507109 0.0966824644549763 0.0985781990521327 0.0966824644549763 0.101421800947867 0.106161137440758 0.107582938388626 0.100473933649289 0.211374407582938 0.135071090047393 0.0919431279620853 0.0928909952606635 0.139336492890995 0.0938388625592417
"cheAbi" 0.101421800947867 0 0.0459715639810427 0.0431279620853081 0.0341232227488152 0.0218009478672986 0.0194312796208531 0.0507109004739337 0.0559241706161137 0.0734597156398104 0.0203791469194313 0.181516587677725 0.102843601895735 0.0886255924170616 0.0350710900473934 0.112322274881517 0.0303317535545024
"cheMyd" 0.0962085308056872 0.0459715639810427 0 0.033175355450237 0.0402843601895735 0.0421800947867299 0.0388625592417062 0.0251184834123223 0.0488151658767772 0.0677725118483412 0.0454976303317536 0.181042654028436 0.0957345971563981 0.0843601895734597 0.0350710900473934 0.104265402843602 0.0355450236966825
"cheSer" 0.095260663507109 0.0431279620853081 0.033175355450237 0 0.0388625592417062 0.0412322274881517 0.0388625592417062 0.0364928909952607 0.0436018957345972 0.0687203791469194 0.04739336492891 0.178199052132701 0.0990521327014218 0.0824644549763033 0.0360189573459716 0.106635071090047 0.0360189573459716
"chrPic" 0.0966824644549763 0.0341232227488152 0.0402843601895735 0.0388625592417062 0 0.0293838862559242 0.0279620853080569 0.0445497630331754 0.0521327014218009 0.0672985781990521 0.0345971563981043 0.178672985781991 0.0981042654028436 0.081042654028436 0.0218009478672986 0.106161137440758 0.0104265402843602
"cuoAmb" 0.0985781990521327 0.0218009478672986 0.0421800947867299 0.0412322274881517 0.0293838862559242 0 0.00616113744075829 0.0478672985781991 0.0535545023696682 0.0706161137440758 0.0241706161137441 0.182938388625592 0.100947867298578 0.085781990521327 0.0293838862559242 0.109004739336493 0.0265402843601896
"cuoMcc" 0.0966824644549763 0.0194312796208531 0.0388625592417062 0.0388625592417062 0.0279620853080569 0.00616113744075829 0 0.0454976303317536 0.0497630331753555 0.0706161137440758 0.0213270142180095 0.181516587677725 0.1 0.0843601895734597 0.0270142180094787 0.107582938388626 0.0241706161137441
"derCor" 0.101421800947867 0.0507109004739337 0.0251184834123223 0.0364928909952607 0.0445497630331754 0.0478672985781991 0.0454976303317536 0 0.0502369668246445 0.0701421800947867 0.0502369668246445 0.181990521327014 0.095260663507109 0.0872037914691943 0.0388625592417062 0.108530805687204 0.0402843601895735
"derMaw" 0.106161137440758 0.0559241706161137 0.0488151658767772 0.0436018957345972 0.0521327014218009 0.0535545023696682 0.0497630331753555 0.0502369668246445 0 0.0800947867298578 0.057345971563981 0.193838862559242 0.108056872037915 0.0971563981042654 0.0492890995260664 0.11563981042654 0.0488151658767772
"emySub" 0.107582938388626 0.0734597156398104 0.0677725118483412 0.0687203791469194 0.0672985781990521 0.0706161137440758 0.0706161137440758 0.0701421800947867 0.0800947867298578 0 0.0753554502369668 0.148341232227488 0.0791469194312796 0.0914691943127962 0.0639810426540284 0.0881516587677725 0.0644549763033175
"gopAga" 0.100473933649289 0.0203791469194313 0.0454976303317536 0.04739336492891 0.0345971563981043 0.0241706161137441 0.0213270142180095 0.0502369668246445 0.057345971563981 0.0753554502369668 0 0.185308056872038 0.104265402843602 0.0890995260663507 0.0345971563981043 0.109004739336493 0.0298578199052133
"mesTub" 0.211374407582938 0.181516587677725 0.181042654028436 0.178199052132701 0.178672985781991 0.182938388625592 0.181516587677725 0.181990521327014 0.193838862559242 0.148341232227488 0.185308056872038 0 0.190521327014218 0.196208530805687 0.176777251184834 0.197630331753554 0.176303317535545
"pelCas" 0.135071090047393 0.102843601895735 0.0957345971563981 0.0990521327014218 0.0981042654028436 0.100947867298578 0.1 0.095260663507109 0.108056872037915 0.0791469194312796 0.104265402843602 0.190521327014218 0 0.11563981042654 0.0938388625592417 0.0848341232227488 0.0938388625592417
"pelSin" 0.0919431279620853 0.0886255924170616 0.0843601895734597 0.0824644549763033 0.081042654028436 0.085781990521327 0.0843601895734597 0.0872037914691943 0.0971563981042654 0.0914691943127962 0.0890995260663507 0.196208530805687 0.11563981042654 0 0.081042654028436 0.123222748815166 0.0786729857819905
"plaMeg" 0.0928909952606635 0.0350710900473934 0.0350710900473934 0.0360189573459716 0.0218009478672986 0.0293838862559242 0.0270142180094787 0.0388625592417062 0.0492890995260664 0.0639810426540284 0.0345971563981043 0.176777251184834 0.0938388625592417 0.081042654028436 0 0.101895734597156 0.0180094786729858
"podExp" 0.139336492890995 0.112322274881517 0.104265402843602 0.106635071090047 0.106161137440758 0.109004739336493 0.107582938388626 0.108530805687204 0.11563981042654 0.0881516587677725 0.109004739336493 0.197630331753554 0.0848341232227488 0.123222748815166 0.101895734597156 0 0.103317535545024
"terMex" 0.0938388625592417 0.0303317535545024 0.0355450236966825 0.0360189573459716 0.0104265402843602 0.0265402843601896 0.0241706161137441 0.0402843601895735 0.0488151658767772 0.0644549763033175 0.0298578199052133 0.176303317535545 0.0938388625592417 0.0786729857819905 0.0180094786729858 0.103317535545024 0
