"carIns" "cheAbi" "cheMyd" "chrPic" "derCor" "emySub" "mesTub" "pelCas" "pelSin" "plaMeg" "podExp" "terMex"
"carIns" 0 0.0755968169761273 0.0755968169761273 0.121352785145889 0.0716180371352785 0.11737400530504 0.0775862068965517 0.0888594164456233 0.0789124668435013 0.0696286472148541 0.11604774535809 0.0676392572944297
"cheAbi" 0.0755968169761273 0 0.0285145888594164 0.0842175066312997 0.0271883289124668 0.0815649867374005 0.0318302387267905 0.0643236074270557 0.0470822281167109 0.0179045092838196 0.0921750663129974 0.0159151193633952
"cheMyd" 0.0755968169761273 0.0285145888594164 0 0.0822281167108753 0.0119363395225464 0.0809018567639257 0.0331564986737401 0.0636604774535809 0.0437665782493369 0.0212201591511936 0.0915119363395226 0.0179045092838196
"chrPic" 0.121352785145889 0.0842175066312997 0.0822281167108753 0 0.0795755968169761 0.0895225464190981 0.0895225464190981 0.11604774535809 0.0981432360742706 0.0742705570291777 0.127320954907162 0.0749336870026525
"derCor" 0.0716180371352785 0.0271883289124668 0.0119363395225464 0.0795755968169761 0 0.0775862068965517 0.0305039787798408 0.0616710875331565 0.0424403183023873 0.0185676392572944 0.0888594164456233 0.01657824933687
"emySub" 0.11737400530504 0.0815649867374005 0.0809018567639257 0.0895225464190981 0.0775862068965517 0 0.0683023872679045 0.103448275862069 0.093501326259947 0.0769230769230769 0.122015915119363 0.0749336870026525
"mesTub" 0.0775862068965517 0.0318302387267905 0.0331564986737401 0.0895225464190981 0.0305039787798408 0.0683023872679045 0 0.0583554376657825 0.0477453580901857 0.0285145888594164 0.0848806366047745 0.026525198938992
"pelCas" 0.0888594164456233 0.0643236074270557 0.0636604774535809 0.11604774535809 0.0616710875331565 0.103448275862069 0.0583554376657825 0 0.0702917771883289 0.0610079575596817 0.0921750663129974 0.0576923076923077
"pelSin" 0.0789124668435013 0.0470822281167109 0.0437665782493369 0.0981432360742706 0.0424403183023873 0.093501326259947 0.0477453580901857 0.0702917771883289 0 0.0411140583554377 0.0994694960212202 0.0377984084880637
"plaMeg" 0.0696286472148541 0.0179045092838196 0.0212201591511936 0.0742705570291777 0.0185676392572944 0.0769230769230769 0.0285145888594164 0.0610079575596817 0.0411140583554377 0 0.0901856763925729 0.00862068965517241
"podExp" 0.11604774535809 0.0921750663129974 0.0915119363395226 0.127320954907162 0.0888594164456233 0.122015915119363 0.0848806366047745 0.0921750663129974 0.0994694960212202 0.0901856763925729 0 0.0855437665782493
"terMex" 0.0676392572944297 0.0159151193633952 0.0179045092838196 0.0749336870026525 0.01657824933687 0.0749336870026525 0.026525198938992 0.0576923076923077 0.0377984084880637 0.00862068965517241 0.0855437665782493 0
