"carIns" "cheAbi" "cheMyd" "chrPic" "cuoAmb" "cuoMcc" "derMaw" "emySub" "gopAga" "mesTub" "pelCas" "pelSin" "plaMeg" "podExp"
"carIns" 0 0.0580621301775148 0.0965236686390532 0.0569526627218935 0.0939349112426035 0.238165680473373 0.0784023668639053 0.058801775147929 0.0580621301775148 0.0610207100591716 0.0695266272189349 0.073594674556213 0.0536242603550296 0.0713757396449704
"cheAbi" 0.0580621301775148 0 0.0621301775147929 0.0155325443786982 0.0562130177514793 0.210798816568047 0.0425295857988166 0.0336538461538462 0.0136834319526627 0.0373520710059172 0.0436390532544379 0.055103550295858 0.0159023668639053 0.0525147928994083
"cheMyd" 0.0965236686390532 0.0621301775147929 0 0.0591715976331361 0.103550295857988 0.255547337278107 0.0839497041420118 0.0713757396449704 0.0669378698224852 0.0784023668639053 0.0832100591715976 0.0957840236686391 0.0602810650887574 0.0917159763313609
"chrPic" 0.0569526627218935 0.0155325443786982 0.0591715976331361 0 0.0565828402366864 0.211168639053254 0.0406804733727811 0.0343934911242604 0.0207100591715976 0.0388313609467456 0.0432692307692308 0.0528846153846154 0.0114644970414201 0.0510355029585799
"cuoAmb" 0.0939349112426035 0.0562130177514793 0.103550295857988 0.0565828402366864 0 0.206730769230769 0.084689349112426 0.0761834319526627 0.055103550295858 0.0754437869822485 0.0861686390532544 0.0976331360946746 0.0528846153846154 0.0865384615384615
"cuoMcc" 0.238165680473373 0.210798816568047 0.255547337278107 0.211168639053254 0.206730769230769 0 0.234837278106509 0.224852071005917 0.210798816568047 0.224852071005917 0.227440828402367 0.243713017751479 0.21042899408284 0.230029585798817
"derMaw" 0.0784023668639053 0.0425295857988166 0.0839497041420118 0.0406804733727811 0.084689349112426 0.234837278106509 0 0.0539940828402367 0.047707100591716 0.0580621301775148 0.0632396449704142 0.0650887573964497 0.0417899408284024 0.0684171597633136
"emySub" 0.058801775147929 0.0336538461538462 0.0713757396449704 0.0343934911242604 0.0761834319526627 0.224852071005917 0.0539940828402367 0 0.0395710059171598 0.0181213017751479 0.0355029585798817 0.0591715976331361 0.0347633136094675 0.0447485207100592
"gopAga" 0.0580621301775148 0.0136834319526627 0.0669378698224852 0.0207100591715976 0.055103550295858 0.210798816568047 0.047707100591716 0.0395710059171598 0 0.0388313609467456 0.0484467455621302 0.0610207100591716 0.0151627218934911 0.051405325443787
"mesTub" 0.0610207100591716 0.0373520710059172 0.0784023668639053 0.0388313609467456 0.0754437869822485 0.224852071005917 0.0580621301775148 0.0181213017751479 0.0388313609467456 0 0.0406804733727811 0.0654585798816568 0.0340236686390533 0.0447485207100592
"pelCas" 0.0695266272189349 0.0436390532544379 0.0832100591715976 0.0432692307692308 0.0861686390532544 0.227440828402367 0.0632396449704142 0.0355029585798817 0.0484467455621302 0.0406804733727811 0 0.0691568047337278 0.0436390532544379 0.0436390532544379
"pelSin" 0.073594674556213 0.055103550295858 0.0957840236686391 0.0528846153846154 0.0976331360946746 0.243713017751479 0.0650887573964497 0.0591715976331361 0.0610207100591716 0.0654585798816568 0.0691568047337278 0 0.0565828402366864 0.0739644970414201
"plaMeg" 0.0536242603550296 0.0159023668639053 0.0602810650887574 0.0114644970414201 0.0528846153846154 0.21042899408284 0.0417899408284024 0.0347633136094675 0.0151627218934911 0.0340236686390533 0.0436390532544379 0.0565828402366864 0 0.047707100591716
"podExp" 0.0713757396449704 0.0525147928994083 0.0917159763313609 0.0510355029585799 0.0865384615384615 0.230029585798817 0.0684171597633136 0.0447485207100592 0.051405325443787 0.0447485207100592 0.0436390532544379 0.0739644970414201 0.047707100591716 0
