"carIns" "cheAbi" "cheMyd" "cheSer" "chrPic" "cuoAmb" "cuoMcc" "derCor" "derMaw" "emySub" "gopAga" "malTer" "mesTub" "pelCas" "pelSin" "plaMeg" "podExp" "terMex"
"carIns" 0 0.0728402032749859 0.0790513833992095 0.0773574251835121 0.0717108977978543 0.0722755505364201 0.0722755505364201 0.0858272162619989 0.0869565217391304 0.0937323546019198 0.0784867306606437 0.0982495765104461 0.102202145680407 0.0976849237718803 0.0796160361377753 0.0745341614906832 0.0971202710333145 0.0688876341050254
"cheAbi" 0.0728402032749859 0 0.0468661773009599 0.0423489553924337 0.0321852060982496 0.0237154150197628 0.0248447204968944 0.0530773574251835 0.0530773574251835 0.0846979107848673 0.0220214568040655 0.0609824957651045 0.0909090909090909 0.0937323546019198 0.0728402032749859 0.031055900621118 0.0875211744776962 0.0271033314511575
"cheMyd" 0.0790513833992095 0.0468661773009599 0 0.0378317334839074 0.0372670807453416 0.0400903444381705 0.038961038961039 0.0220214568040655 0.0474308300395257 0.0841332580463015 0.0513833992094862 0.0677583286278938 0.0920383963862225 0.0897797854319593 0.0767927724449464 0.0406549971767363 0.0841332580463015 0.0344438170525127
"cheSer" 0.0773574251835121 0.0423489553924337 0.0378317334839074 0 0.0293619424054207 0.0327498588368154 0.0316205533596838 0.0423489553924337 0.038961038961039 0.0739695087521174 0.0412196499153021 0.0604178430265387 0.0858272162619989 0.0903444381705251 0.0705815923207228 0.031055900621118 0.0841332580463015 0.0287972896668549
"chrPic" 0.0717108977978543 0.0321852060982496 0.0372670807453416 0.0293619424054207 0 0.0220214568040655 0.0220214568040655 0.0434782608695652 0.0423489553924337 0.0756634669678148 0.031055900621118 0.0344438170525127 0.0841332580463015 0.0863918690005647 0.070016939582157 0.0220214568040655 0.0813099943534726 0.0107284020327499
"cuoAmb" 0.0722755505364201 0.0237154150197628 0.0400903444381705 0.0327498588368154 0.0220214568040655 0 0.00564652738565782 0.044042913608131 0.0434782608695652 0.0739695087521174 0.0237154150197628 0.0530773574251835 0.0824392998306042 0.0846979107848673 0.0671936758893281 0.0197628458498024 0.080180688876341 0.018068887634105
"cuoMcc" 0.0722755505364201 0.0248447204968944 0.038961038961039 0.0316205533596838 0.0220214568040655 0.00564652738565782 0 0.0434782608695652 0.0423489553924337 0.0745341614906832 0.0248447204968944 0.0530773574251835 0.080180688876341 0.0841332580463015 0.0683229813664596 0.0197628458498024 0.080180688876341 0.018068887634105
"derCor" 0.0858272162619989 0.0530773574251835 0.0220214568040655 0.0423489553924337 0.0434782608695652 0.044042913608131 0.0434782608695652 0 0.051948051948052 0.088085827216262 0.051948051948052 0.0745341614906832 0.0937323546019198 0.095990965556183 0.0796160361377753 0.0429136081309994 0.0858272162619989 0.0406549971767363
"derMaw" 0.0869565217391304 0.0530773574251835 0.0474308300395257 0.038961038961039 0.0423489553924337 0.0434782608695652 0.0423489553924337 0.051948051948052 0 0.0813099943534726 0.0525127046866177 0.0722755505364201 0.0914737436476567 0.0926030491247883 0.0762281197063806 0.0417843026538679 0.0903444381705251 0.0417843026538679
"emySub" 0.0937323546019198 0.0846979107848673 0.0841332580463015 0.0739695087521174 0.0756634669678148 0.0739695087521174 0.0745341614906832 0.088085827216262 0.0813099943534726 0 0.0779220779220779 0.102766798418972 0.038961038961039 0.0632411067193676 0.0863918690005647 0.0784867306606437 0.0643704121964992 0.0728402032749859
"gopAga" 0.0784867306606437 0.0220214568040655 0.0513833992094862 0.0412196499153021 0.031055900621118 0.0237154150197628 0.0248447204968944 0.051948051948052 0.0525127046866177 0.0779220779220779 0 0.0604178430265387 0.0852625635234331 0.0903444381705251 0.0745341614906832 0.031055900621118 0.0846979107848673 0.0282326369282891
"malTer" 0.0982495765104461 0.0609824957651045 0.0677583286278938 0.0604178430265387 0.0344438170525127 0.0530773574251835 0.0530773574251835 0.0745341614906832 0.0722755505364201 0.102766798418972 0.0604178430265387 0 0.111236589497459 0.114059853190288 0.0982495765104461 0.0530773574251835 0.108977978543196 0.0417843026538679
"mesTub" 0.102202145680407 0.0909090909090909 0.0920383963862225 0.0858272162619989 0.0841332580463015 0.0824392998306042 0.080180688876341 0.0937323546019198 0.0914737436476567 0.038961038961039 0.0852625635234331 0.111236589497459 0 0.0767927724449464 0.0926030491247883 0.0852625635234331 0.0717108977978543 0.0813099943534726
"pelCas" 0.0976849237718803 0.0937323546019198 0.0897797854319593 0.0903444381705251 0.0863918690005647 0.0846979107848673 0.0841332580463015 0.095990965556183 0.0926030491247883 0.0632411067193676 0.0903444381705251 0.114059853190288 0.0767927724449464 0 0.0982495765104461 0.0852625635234331 0.0457368718238283 0.0886504799548278
"pelSin" 0.0796160361377753 0.0728402032749859 0.0767927724449464 0.0705815923207228 0.070016939582157 0.0671936758893281 0.0683229813664596 0.0796160361377753 0.0762281197063806 0.0863918690005647 0.0745341614906832 0.0982495765104461 0.0926030491247883 0.0982495765104461 0 0.0711462450592885 0.0886504799548278 0.0660643704121965
"plaMeg" 0.0745341614906832 0.031055900621118 0.0406549971767363 0.031055900621118 0.0220214568040655 0.0197628458498024 0.0197628458498024 0.0429136081309994 0.0417843026538679 0.0784867306606437 0.031055900621118 0.0530773574251835 0.0852625635234331 0.0852625635234331 0.0711462450592885 0 0.0813099943534726 0.0191981931112366
"podExp" 0.0971202710333145 0.0875211744776962 0.0841332580463015 0.0841332580463015 0.0813099943534726 0.080180688876341 0.080180688876341 0.0858272162619989 0.0903444381705251 0.0643704121964992 0.0846979107848673 0.108977978543196 0.0717108977978543 0.0457368718238283 0.0886504799548278 0.0813099943534726 0 0.080180688876341
"terMex" 0.0688876341050254 0.0271033314511575 0.0344438170525127 0.0287972896668549 0.0107284020327499 0.018068887634105 0.018068887634105 0.0406549971767363 0.0417843026538679 0.0728402032749859 0.0282326369282891 0.0417843026538679 0.0813099943534726 0.0886504799548278 0.0660643704121965 0.0191981931112366 0.080180688876341 0
