"carIns" "cheAbi" "cheMyd" "cheSer" "chrPic" "cuoAmb" "cuoMcc" "derCor" "derMaw" "emySub" "gopAga" "malTer" "mesTub" "pelCas" "pelSin" "plaMeg" "podExp" "terMex"
"carIns" 0 0.0893333333333333 0.0897777777777778 0.0955555555555556 0.0897777777777778 0.0902222222222222 0.0897777777777778 0.0853333333333333 0.110222222222222 0.0942222222222222 0.0942222222222222 0.108888888888889 0.106222222222222 0.113777777777778 0.0875555555555556 0.0857777777777778 0.108888888888889 0.0862222222222222
"cheAbi" 0.0893333333333333 0 0.052 0.06 0.0426666666666667 0.0275555555555556 0.0253333333333333 0.0453333333333333 0.0764444444444444 0.0777777777777778 0.0208888888888889 0.0604444444444444 0.0915555555555556 0.0991111111111111 0.0813333333333333 0.0351111111111111 0.0968888888888889 0.0386666666666667
"cheMyd" 0.0897777777777778 0.052 0 0.0506666666666667 0.0471111111111111 0.0493333333333333 0.048 0.0297777777777778 0.0706666666666667 0.068 0.0537777777777778 0.064 0.0866666666666667 0.0911111111111111 0.0746666666666667 0.0417777777777778 0.0924444444444444 0.0422222222222222
"cheSer" 0.0955555555555556 0.06 0.0506666666666667 0 0.0577777777777778 0.0595555555555556 0.0573333333333333 0.0471111111111111 0.0542222222222222 0.0777777777777778 0.0622222222222222 0.076 0.0928888888888889 0.0995555555555555 0.0848888888888889 0.052 0.100444444444444 0.0533333333333333
"chrPic" 0.0897777777777778 0.0426666666666667 0.0471111111111111 0.0577777777777778 0 0.0391111111111111 0.0355555555555556 0.0453333333333333 0.0688888888888889 0.0702222222222222 0.0422222222222222 0.0302222222222222 0.0871111111111111 0.0937777777777778 0.0795555555555556 0.0288888888888889 0.0915555555555556 0.012
"cuoAmb" 0.0902222222222222 0.0275555555555556 0.0493333333333333 0.0595555555555556 0.0391111111111111 0 0.0102222222222222 0.0466666666666667 0.0751111111111111 0.0724444444444445 0.0262222222222222 0.0573333333333333 0.0884444444444445 0.0933333333333333 0.0804444444444444 0.0297777777777778 0.0937777777777778 0.0351111111111111
"cuoMcc" 0.0897777777777778 0.0253333333333333 0.048 0.0573333333333333 0.0355555555555556 0.0102222222222222 0 0.0444444444444444 0.0728888888888889 0.0715555555555556 0.0222222222222222 0.0542222222222222 0.0857777777777778 0.0946666666666667 0.0822222222222222 0.0284444444444444 0.0955555555555556 0.032
"derCor" 0.0853333333333333 0.0453333333333333 0.0297777777777778 0.0471111111111111 0.0453333333333333 0.0466666666666667 0.0444444444444444 0 0.0662222222222222 0.064 0.0475555555555556 0.0644444444444444 0.0817777777777778 0.088 0.0724444444444445 0.0391111111111111 0.0897777777777778 0.0413333333333333
"derMaw" 0.110222222222222 0.0764444444444444 0.0706666666666667 0.0542222222222222 0.0688888888888889 0.0751111111111111 0.0728888888888889 0.0662222222222222 0 0.0915555555555556 0.0764444444444444 0.0862222222222222 0.106222222222222 0.114666666666667 0.0986666666666667 0.0631111111111111 0.114222222222222 0.0671111111111111
"emySub" 0.0942222222222222 0.0777777777777778 0.068 0.0777777777777778 0.0702222222222222 0.0724444444444445 0.0715555555555556 0.064 0.0915555555555556 0 0.0773333333333333 0.088 0.0493333333333333 0.072 0.0782222222222222 0.0662222222222222 0.0702222222222222 0.068
"gopAga" 0.0942222222222222 0.0208888888888889 0.0537777777777778 0.0622222222222222 0.0422222222222222 0.0262222222222222 0.0222222222222222 0.0475555555555556 0.0764444444444444 0.0773333333333333 0 0.0604444444444444 0.0902222222222222 0.0986666666666667 0.084 0.0364444444444444 0.100444444444444 0.0382222222222222
"malTer" 0.108888888888889 0.0604444444444444 0.064 0.076 0.0302222222222222 0.0573333333333333 0.0542222222222222 0.0644444444444444 0.0862222222222222 0.088 0.0604444444444444 0 0.105777777777778 0.112 0.0955555555555556 0.048 0.109777777777778 0.0333333333333333
"mesTub" 0.106222222222222 0.0915555555555556 0.0866666666666667 0.0928888888888889 0.0871111111111111 0.0884444444444445 0.0857777777777778 0.0817777777777778 0.106222222222222 0.0493333333333333 0.0902222222222222 0.105777777777778 0 0.0893333333333333 0.0955555555555556 0.0826666666666667 0.0862222222222222 0.0853333333333333
"pelCas" 0.113777777777778 0.0991111111111111 0.0911111111111111 0.0995555555555555 0.0937777777777778 0.0933333333333333 0.0946666666666667 0.088 0.114666666666667 0.072 0.0986666666666667 0.112 0.0893333333333333 0 0.102222222222222 0.0911111111111111 0.0795555555555556 0.0928888888888889
"pelSin" 0.0875555555555556 0.0813333333333333 0.0746666666666667 0.0848888888888889 0.0795555555555556 0.0804444444444444 0.0822222222222222 0.0724444444444445 0.0986666666666667 0.0782222222222222 0.084 0.0955555555555556 0.0955555555555556 0.102222222222222 0 0.0751111111111111 0.0986666666666667 0.0755555555555556
"plaMeg" 0.0857777777777778 0.0351111111111111 0.0417777777777778 0.052 0.0288888888888889 0.0297777777777778 0.0284444444444444 0.0391111111111111 0.0631111111111111 0.0662222222222222 0.0364444444444444 0.048 0.0826666666666667 0.0911111111111111 0.0751111111111111 0 0.0906666666666667 0.0257777777777778
"podExp" 0.108888888888889 0.0968888888888889 0.0924444444444444 0.100444444444444 0.0915555555555556 0.0937777777777778 0.0955555555555556 0.0897777777777778 0.114222222222222 0.0702222222222222 0.100444444444444 0.109777777777778 0.0862222222222222 0.0795555555555556 0.0986666666666667 0.0906666666666667 0 0.0902222222222222
"terMex" 0.0862222222222222 0.0386666666666667 0.0422222222222222 0.0533333333333333 0.012 0.0351111111111111 0.032 0.0413333333333333 0.0671111111111111 0.068 0.0382222222222222 0.0333333333333333 0.0853333333333333 0.0928888888888889 0.0755555555555556 0.0257777777777778 0.0902222222222222 0
