"carIns" "cheAbi" "cheMyd" "cheSer" "chrPic" "cuoAmb" "cuoMcc" "derMaw" "emySub" "gopAga" "malTer" "mesTub" "pelCas" "pelSin" "plaMeg" "podExp" "terMex"
"carIns" 0 0.0528418376611585 0.0532050118031596 0.052660250590158 0.0513891410931542 0.0512075540221536 0.0501180315961504 0.0539313600871618 0.0611948429271836 0.0651897584891956 0.0660976938441983 0.0608316687851825 0.0699110223352097 0.0608316687851825 0.0499364445251498 0.0706373706192119 0.0502996186671509
"cheAbi" 0.0528418376611585 0 0.0274196477210823 0.0274196477210823 0.0201561648810605 0.0152533139640458 0.014345378609043 0.0310513891410932 0.0412202651171237 0.0225167968040676 0.0390412202651171 0.044670419466134 0.0550208825131651 0.0497548574541493 0.0172507717450518 0.05665516615217 0.0208825131650626
"cheMyd" 0.0532050118031596 0.0274196477210823 0 0.0237879063010714 0.0219720355910659 0.0230615580170692 0.0225167968040676 0.0285091701470855 0.0399491556201198 0.0383148719811149 0.0394043944071182 0.0414018521881242 0.0522970764481569 0.048665335028146 0.0194298165970583 0.0548392954421645 0.0214272743780643
"cheSer" 0.052660250590158 0.0274196477210823 0.0237879063010714 0 0.0225167968040676 0.024332667514073 0.0230615580170692 0.0270564735790812 0.0390412202651171 0.0394043944071182 0.040675503904122 0.0408570909751226 0.0508443798801525 0.0483021608861449 0.0197929907390594 0.0552024695841656 0.0225167968040676
"chrPic" 0.0513891410931542 0.0201561648810605 0.0219720355910659 0.0225167968040676 0 0.0159796622480479 0.0154349010350463 0.0266932994370801 0.0370437624841111 0.0299618667150899 0.0212456873070637 0.0404939168331215 0.0495732703831487 0.0463047031051389 0.0101688759760305 0.052660250590158 0.00817141819502451
"cuoAmb" 0.0512075540221536 0.0152533139640458 0.0230615580170692 0.024332667514073 0.0159796622480479 0 0.0052660250590158 0.0276012347920828 0.0379516978391139 0.0256037770110768 0.0335936081351008 0.0403123297621209 0.0502996186671509 0.0470310513891411 0.0128926820410387 0.0522970764481569 0.0161612493190485
"cuoMcc" 0.0501180315961504 0.014345378609043 0.0225167968040676 0.0230615580170692 0.0154349010350463 0.0052660250590158 0 0.0259669511530779 0.0379516978391139 0.0246958416560741 0.0334120210641002 0.0399491556201198 0.0495732703831487 0.0463047031051389 0.0121663337570365 0.0522970764481569 0.0156164881060468
"derMaw" 0.0539313600871618 0.0310513891410932 0.0285091701470855 0.0270564735790812 0.0266932994370801 0.0276012347920828 0.0259669511530779 0 0.0419466134011258 0.0421282004721264 0.044670419466134 0.0441256582531324 0.0553840566551662 0.0501180315961504 0.0237879063010714 0.0564735790811694 0.0257853640820774
"emySub" 0.0611948429271836 0.0412202651171237 0.0399491556201198 0.0390412202651171 0.0370437624841111 0.0379516978391139 0.0379516978391139 0.0419466134011258 0 0.052660250590158 0.0553840566551662 0.0226983838750681 0.0432177228981297 0.0573815144361721 0.0352278917741057 0.0481205738151444 0.0370437624841111
"gopAga" 0.0651897584891956 0.0225167968040676 0.0383148719811149 0.0394043944071182 0.0299618667150899 0.0256037770110768 0.0246958416560741 0.0421282004721264 0.052660250590158 0 0.0484837479571455 0.0550208825131651 0.0641002360631923 0.061013255856183 0.0276012347920828 0.0664608679861994 0.0301434537860904
"malTer" 0.0660976938441983 0.0390412202651171 0.0394043944071182 0.040675503904122 0.0212456873070637 0.0335936081351008 0.0334120210641002 0.044670419466134 0.0553840566551662 0.0484837479571455 0 0.0579262756491738 0.0668240421282005 0.063010713637189 0.0281459960050844 0.0691846740512076 0.0259669511530779
"mesTub" 0.0608316687851825 0.044670419466134 0.0414018521881242 0.0408570909751226 0.0404939168331215 0.0403123297621209 0.0399491556201198 0.0441256582531324 0.0226983838750681 0.0550208825131651 0.0579262756491738 0 0.0468494643181405 0.0570183402941711 0.0390412202651171 0.0490285091701471 0.0404939168331215
"pelCas" 0.0699110223352097 0.0550208825131651 0.0522970764481569 0.0508443798801525 0.0495732703831487 0.0502996186671509 0.0495732703831487 0.0553840566551662 0.0432177228981297 0.0641002360631923 0.0668240421282005 0.0468494643181405 0 0.0677319774832032 0.0479389867441438 0.0432177228981297 0.0497548574541493
"pelSin" 0.0608316687851825 0.0497548574541493 0.048665335028146 0.0483021608861449 0.0463047031051389 0.0470310513891411 0.0463047031051389 0.0501180315961504 0.0573815144361721 0.061013255856183 0.063010713637189 0.0570183402941711 0.0677319774832032 0 0.0441256582531324 0.067005629199201 0.0464862901761395
"plaMeg" 0.0499364445251498 0.0172507717450518 0.0194298165970583 0.0197929907390594 0.0101688759760305 0.0128926820410387 0.0121663337570365 0.0237879063010714 0.0352278917741057 0.0276012347920828 0.0281459960050844 0.0390412202651171 0.0479389867441438 0.0441256582531324 0 0.0504812057381514 0.0101688759760305
"podExp" 0.0706373706192119 0.05665516615217 0.0548392954421645 0.0552024695841656 0.052660250590158 0.0522970764481569 0.0522970764481569 0.0564735790811694 0.0481205738151444 0.0664608679861994 0.0691846740512076 0.0490285091701471 0.0432177228981297 0.067005629199201 0.0504812057381514 0 0.0528418376611585
"terMex" 0.0502996186671509 0.0208825131650626 0.0214272743780643 0.0225167968040676 0.00817141819502451 0.0161612493190485 0.0156164881060468 0.0257853640820774 0.0370437624841111 0.0301434537860904 0.0259669511530779 0.0404939168331215 0.0497548574541493 0.0464862901761395 0.0101688759760305 0.0528418376611585 0
