"carIns" "cheAbi" "cheMyd" "cheSer" "chrPic" "cuoAmb" "cuoMcc" "derCor" "derMaw" "emySub" "gopAga" "malTer" "mesTub" "pelCas" "pelSin" "plaMeg" "podExp"
"carIns" 0 0.0532994923857868 0.0604060913705584 0.0532994923857868 0.0487309644670051 0.0517766497461929 0.0467005076142132 0.0527918781725888 0.0538071065989848 0.0563451776649746 0.0522842639593909 0.0482233502538071 0.0619289340101523 0.0634517766497462 0.0898477157360406 0.0482233502538071 0.0842639593908629
"cheAbi" 0.0532994923857868 0 0.0304568527918782 0.0243654822335025 0.0177664974619289 0.0152284263959391 0.0111675126903553 0.0223350253807107 0.0299492385786802 0.0365482233502538 0.0142131979695431 0.016243654822335 0.0451776649746193 0.0487309644670051 0.0883248730964467 0.017258883248731 0.0730964467005076
"cheMyd" 0.0604060913705584 0.0304568527918782 0 0.0279187817258883 0.0238578680203046 0.0289340101522843 0.0233502538071066 0.0238578680203046 0.0345177664974619 0.0441624365482233 0.0309644670050761 0.0233502538071066 0.050761421319797 0.0538071065989848 0.082741116751269 0.0233502538071066 0.0741116751269036
"cheSer" 0.0532994923857868 0.0243654822335025 0.0279187817258883 0 0.0157360406091371 0.0213197969543147 0.016243654822335 0.0233502538071066 0.0253807106598985 0.0385786802030457 0.0218274111675127 0.0152284263959391 0.0441624365482233 0.0441624365482233 0.0868020304568528 0.016243654822335 0.0695431472081218
"chrPic" 0.0487309644670051 0.0177664974619289 0.0238578680203046 0.0157360406091371 0 0.0157360406091371 0.00964467005076142 0.0177664974619289 0.0243654822335025 0.032994923857868 0.0177664974619289 0.00152284263959391 0.0395939086294416 0.0406091370558376 0.0842639593908629 0.0106598984771574 0.0644670050761421
"cuoAmb" 0.0517766497461929 0.0152284263959391 0.0289340101522843 0.0213197969543147 0.0157360406091371 0 0.00609137055837563 0.0213197969543147 0.0279187817258883 0.032994923857868 0.0147208121827411 0.0152284263959391 0.0395939086294416 0.0456852791878173 0.0852791878172589 0.0152284263959391 0.0690355329949239
"cuoMcc" 0.0467005076142132 0.0111675126903553 0.0233502538071066 0.016243654822335 0.00964467005076142 0.00609137055837563 0 0.016243654822335 0.0238578680203046 0.0299492385786802 0.0106598984771574 0.00913705583756345 0.0375634517766497 0.0406091370558376 0.0817258883248731 0.00913705583756345 0.0654822335025381
"derCor" 0.0527918781725888 0.0223350253807107 0.0238578680203046 0.0233502538071066 0.0177664974619289 0.0213197969543147 0.016243654822335 0 0.0284263959390863 0.0380710659898477 0.0208121827411167 0.016243654822335 0.0436548223350254 0.0456852791878173 0.0893401015228426 0.0182741116751269 0.0685279187817259
"derMaw" 0.0538071065989848 0.0299492385786802 0.0345177664974619 0.0253807106598985 0.0243654822335025 0.0279187817258883 0.0238578680203046 0.0284263959390863 0 0.0436548223350254 0.0258883248730964 0.0238578680203046 0.0487309644670051 0.0527918781725888 0.0908629441624366 0.0248730964467005 0.0741116751269036
"emySub" 0.0563451776649746 0.0365482233502538 0.0441624365482233 0.0385786802030457 0.032994923857868 0.032994923857868 0.0299492385786802 0.0380710659898477 0.0436548223350254 0 0.0355329949238579 0.03248730964467 0.0213197969543147 0.034010152284264 0.0893401015228426 0.033502538071066 0.0563451776649746
"gopAga" 0.0522842639593909 0.0142131979695431 0.0309644670050761 0.0218274111675127 0.0177664974619289 0.0147208121827411 0.0106598984771574 0.0208121827411167 0.0258883248730964 0.0355329949238579 0 0.016243654822335 0.0431472081218274 0.0451776649746193 0.0883248730964467 0.0177664974619289 0.0715736040609137
"malTer" 0.0482233502538071 0.016243654822335 0.0233502538071066 0.0152284263959391 0.00152284263959391 0.0152284263959391 0.00913705583756345 0.016243654822335 0.0238578680203046 0.03248730964467 0.016243654822335 0 0.0390862944162437 0.0395939086294416 0.0847715736040609 0.0101522842639594 0.0639593908629442
"mesTub" 0.0619289340101523 0.0451776649746193 0.050761421319797 0.0441624365482233 0.0395939086294416 0.0395939086294416 0.0375634517766497 0.0436548223350254 0.0487309644670051 0.0213197969543147 0.0431472081218274 0.0390862944162437 0 0.0365482233502538 0.0964467005076142 0.0390862944162437 0.0543147208121827
"pelCas" 0.0634517766497462 0.0487309644670051 0.0538071065989848 0.0441624365482233 0.0406091370558376 0.0456852791878173 0.0406091370558376 0.0456852791878173 0.0527918781725888 0.034010152284264 0.0451776649746193 0.0395939086294416 0.0365482233502538 0 0.0979695431472081 0.0421319796954315 0.0538071065989848
"pelSin" 0.0898477157360406 0.0883248730964467 0.082741116751269 0.0868020304568528 0.0842639593908629 0.0852791878172589 0.0817258883248731 0.0893401015228426 0.0908629441624366 0.0893401015228426 0.0883248730964467 0.0847715736040609 0.0964467005076142 0.0979695431472081 0 0.0857868020304569 0.117258883248731
"plaMeg" 0.0482233502538071 0.017258883248731 0.0233502538071066 0.016243654822335 0.0106598984771574 0.0152284263959391 0.00913705583756345 0.0182741116751269 0.0248730964467005 0.033502538071066 0.0177664974619289 0.0101522842639594 0.0390862944162437 0.0421319796954315 0.0857868020304569 0 0.067005076142132
"podExp" 0.0842639593908629 0.0730964467005076 0.0741116751269036 0.0695431472081218 0.0644670050761421 0.0690355329949239 0.0654822335025381 0.0685279187817259 0.0741116751269036 0.0563451776649746 0.0715736040609137 0.0639593908629442 0.0543147208121827 0.0538071065989848 0.117258883248731 0.067005076142132 0
