"cheAbi" "cheMyd" "cheSer" "chrPic" "cuoAmb" "cuoMcc" "derCor" "derMaw" "emySub" "gopAga" "malTer" "mesTub" "pelCas" "pelSin" "plaMeg" "podExp" "terMex"
"cheAbi" 0 0.0182576943140323 0.019300991131977 0.0187793427230047 0.0166927490871153 0.0151278038601982 0.0234741784037559 0.0260824204486176 0.0323422013562859 0.0135628586332812 0.0187793427230047 0.0339071465832029 0.0422535211267606 0.0365153886280647 0.0151278038601982 0.0448617631716223 0.0187793427230047
"cheMyd" 0.0182576943140323 0 0.0125195618153365 0.0140845070422535 0.0135628586332812 0.0130412102243088 0.0104329681794471 0.0172143974960876 0.028169014084507 0.0151278038601982 0.0140845070422535 0.0286906624934794 0.0375586854460094 0.0312989045383412 0.00730307772561294 0.0396452790818988 0.0151278038601982
"cheSer" 0.019300991131977 0.0125195618153365 0 0.0114762649973918 0.0109546165884194 0.0104329681794471 0.0151278038601982 0.0146061554512259 0.0250391236306729 0.0125195618153365 0.0114762649973918 0.0255607720396453 0.0339071465832029 0.0333854981742306 0.0109546165884194 0.0359937402190923 0.0125195618153365
"chrPic" 0.0187793427230047 0.0140845070422535 0.0114762649973918 0 0.0130412102243088 0.0104329681794471 0.0151278038601982 0.0172143974960876 0.0250391236306729 0.0119979134063641 0.00208659363588941 0.02660406885759 0.037037037037037 0.0339071465832029 0.0109546165884194 0.0380803338549817 0.00521648408972353
"cuoAmb" 0.0166927490871153 0.0135628586332812 0.0109546165884194 0.0130412102243088 0 0.00469483568075117 0.0161711006781429 0.0156494522691706 0.02660406885759 0.0114762649973918 0.0130412102243088 0.0271257172665623 0.0359937402190923 0.0333854981742306 0.0119979134063641 0.037037037037037 0.0140845070422535
"cuoMcc" 0.0151278038601982 0.0130412102243088 0.0104329681794471 0.0104329681794471 0.00469483568075117 0 0.0151278038601982 0.0161711006781429 0.0239958268127282 0.00886802295253 0.0104329681794471 0.0255607720396453 0.03547209181012 0.0328638497652582 0.0099113197704747 0.0365153886280647 0.0114762649973918
"derCor" 0.0234741784037559 0.0104329681794471 0.0151278038601982 0.0151278038601982 0.0161711006781429 0.0151278038601982 0 0.0203442879499218 0.0302556077203965 0.0166927490871153 0.0151278038601982 0.0307772561293688 0.0380803338549817 0.037037037037037 0.0156494522691706 0.0412102243088159 0.0161711006781429
"derMaw" 0.0260824204486176 0.0172143974960876 0.0146061554512259 0.0172143974960876 0.0156494522691706 0.0161711006781429 0.0203442879499218 0 0.0312989045383412 0.019300991131977 0.0172143974960876 0.0302556077203965 0.0386019822639541 0.0380803338549817 0.01773604590506 0.0401669274908712 0.0182576943140323
"emySub" 0.0323422013562859 0.028169014084507 0.0250391236306729 0.0250391236306729 0.02660406885759 0.0239958268127282 0.0302556077203965 0.0312989045383412 0 0.02660406885759 0.0245174752217006 0.0161711006781429 0.0307772561293688 0.0401669274908712 0.0255607720396453 0.0318205529473135 0.0250391236306729
"gopAga" 0.0135628586332812 0.0151278038601982 0.0125195618153365 0.0119979134063641 0.0114762649973918 0.00886802295253 0.0166927490871153 0.019300991131977 0.02660406885759 0 0.0119979134063641 0.028169014084507 0.0359937402190923 0.0344287949921753 0.0119979134063641 0.0391236306729265 0.0130412102243088
"malTer" 0.0187793427230047 0.0140845070422535 0.0114762649973918 0.00208659363588941 0.0130412102243088 0.0104329681794471 0.0151278038601982 0.0172143974960876 0.0245174752217006 0.0119979134063641 0 0.0260824204486176 0.0359937402190923 0.0339071465832029 0.0109546165884194 0.037037037037037 0.00521648408972353
"mesTub" 0.0339071465832029 0.0286906624934794 0.0255607720396453 0.02660406885759 0.0271257172665623 0.0255607720396453 0.0307772561293688 0.0302556077203965 0.0161711006781429 0.028169014084507 0.0260824204486176 0 0.0312989045383412 0.0406885758998435 0.0271257172665623 0.0323422013562859 0.0276473656755347
"pelCas" 0.0422535211267606 0.0375586854460094 0.0339071465832029 0.037037037037037 0.0359937402190923 0.03547209181012 0.0380803338549817 0.0386019822639541 0.0307772561293688 0.0359937402190923 0.0359937402190923 0.0312989045383412 0 0.0485133020344288 0.0375586854460094 0.028169014084507 0.037037037037037
"pelSin" 0.0365153886280647 0.0312989045383412 0.0333854981742306 0.0339071465832029 0.0333854981742306 0.0328638497652582 0.037037037037037 0.0380803338549817 0.0401669274908712 0.0344287949921753 0.0339071465832029 0.0406885758998435 0.0485133020344288 0 0.0307772561293688 0.0511215440792906 0.0328638497652582
"plaMeg" 0.0151278038601982 0.00730307772561294 0.0109546165884194 0.0109546165884194 0.0119979134063641 0.0099113197704747 0.0156494522691706 0.01773604590506 0.0255607720396453 0.0119979134063641 0.0109546165884194 0.0271257172665623 0.0375586854460094 0.0307772561293688 0 0.0386019822639541 0.0109546165884194
"podExp" 0.0448617631716223 0.0396452790818988 0.0359937402190923 0.0380803338549817 0.037037037037037 0.0365153886280647 0.0412102243088159 0.0401669274908712 0.0318205529473135 0.0391236306729265 0.037037037037037 0.0323422013562859 0.028169014084507 0.0511215440792906 0.0386019822639541 0 0.0375586854460094
"terMex" 0.0187793427230047 0.0151278038601982 0.0125195618153365 0.00521648408972353 0.0140845070422535 0.0114762649973918 0.0161711006781429 0.0182576943140323 0.0250391236306729 0.0130412102243088 0.00521648408972353 0.0276473656755347 0.037037037037037 0.0328638497652582 0.0109546165884194 0.0375586854460094 0
