"carIns" "cheAbi" "cheMyd" "cheSer" "chrPic" "cuoAmb" "cuoMcc" "derCor" "derMaw" "emySub" "gopAga" "malTer" "mesTub" "pelCas" "pelSin" "plaMeg" "podExp" "terMex"
"carIns" 0 0.105654761904762 0.105654761904762 0.110119047619048 0.0982142857142857 0.099702380952381 0.0982142857142857 0.107142857142857 0.113095238095238 0.104166666666667 0.150297619047619 0.101190476190476 0.110119047619048 0.12797619047619 0.0907738095238095 0.101190476190476 0.150297619047619 0.0952380952380952
"cheAbi" 0.105654761904762 0 0.0476190476190476 0.0595238095238095 0.0357142857142857 0.025297619047619 0.03125 0.0491071428571429 0.068452380952381 0.0922619047619048 0.0744047619047619 0.0386904761904762 0.0729166666666667 0.0982142857142857 0.101190476190476 0.037202380952381 0.126488095238095 0.0327380952380952
"cheMyd" 0.105654761904762 0.0476190476190476 0 0.0520833333333333 0.0327380952380952 0.0431547619047619 0.0431547619047619 0.0133928571428571 0.0550595238095238 0.087797619047619 0.0907738095238095 0.0357142857142857 0.0669642857142857 0.0848214285714286 0.101190476190476 0.037202380952381 0.12797619047619 0.0297619047619048
"cheSer" 0.110119047619048 0.0595238095238095 0.0520833333333333 0 0.0416666666666667 0.0401785714285714 0.0386904761904762 0.0476190476190476 0.0654761904761905 0.09375 0.101190476190476 0.0461309523809524 0.0788690476190476 0.101190476190476 0.101190476190476 0.0476190476190476 0.119047619047619 0.0386904761904762
"chrPic" 0.0982142857142857 0.0357142857142857 0.0327380952380952 0.0416666666666667 0 0.025297619047619 0.025297619047619 0.0282738095238095 0.0535714285714286 0.0848214285714286 0.0818452380952381 0.00892857142857143 0.0625 0.0848214285714286 0.0833333333333333 0.0223214285714286 0.126488095238095 0.00595238095238095
"cuoAmb" 0.099702380952381 0.025297619047619 0.0431547619047619 0.0401785714285714 0.025297619047619 0 0.00892857142857143 0.0386904761904762 0.0580357142857143 0.0892857142857143 0.0699404761904762 0.0282738095238095 0.068452380952381 0.0922619047619048 0.0907738095238095 0.0297619047619048 0.120535714285714 0.0223214285714286
"cuoMcc" 0.0982142857142857 0.03125 0.0431547619047619 0.0386904761904762 0.025297619047619 0.00892857142857143 0 0.0386904761904762 0.0550595238095238 0.0922619047619048 0.0758928571428571 0.0282738095238095 0.0714285714285714 0.0922619047619048 0.0892857142857143 0.0327380952380952 0.125 0.0208333333333333
"derCor" 0.107142857142857 0.0491071428571429 0.0133928571428571 0.0476190476190476 0.0282738095238095 0.0386904761904762 0.0386904761904762 0 0.0535714285714286 0.0922619047619048 0.0922619047619048 0.03125 0.0714285714285714 0.0907738095238095 0.099702380952381 0.0327380952380952 0.132440476190476 0.025297619047619
"derMaw" 0.113095238095238 0.068452380952381 0.0550595238095238 0.0654761904761905 0.0535714285714286 0.0580357142857143 0.0550595238095238 0.0535714285714286 0 0.09375 0.102678571428571 0.056547619047619 0.0833333333333333 0.101190476190476 0.0922619047619048 0.0580357142857143 0.141369047619048 0.0505952380952381
"emySub" 0.104166666666667 0.0922619047619048 0.087797619047619 0.09375 0.0848214285714286 0.0892857142857143 0.0922619047619048 0.0922619047619048 0.09375 0 0.126488095238095 0.0892857142857143 0.056547619047619 0.0952380952380952 0.108630952380952 0.087797619047619 0.136904761904762 0.0833333333333333
"gopAga" 0.150297619047619 0.0744047619047619 0.0907738095238095 0.101190476190476 0.0818452380952381 0.0699404761904762 0.0758928571428571 0.0922619047619048 0.102678571428571 0.126488095238095 0 0.0848214285714286 0.099702380952381 0.130952380952381 0.142857142857143 0.0833333333333333 0.136904761904762 0.0788690476190476
"malTer" 0.101190476190476 0.0386904761904762 0.0357142857142857 0.0461309523809524 0.00892857142857143 0.0282738095238095 0.0282738095238095 0.03125 0.056547619047619 0.0892857142857143 0.0848214285714286 0 0.0654761904761905 0.0863095238095238 0.0863095238095238 0.025297619047619 0.129464285714286 0.00892857142857143
"mesTub" 0.110119047619048 0.0729166666666667 0.0669642857142857 0.0788690476190476 0.0625 0.068452380952381 0.0714285714285714 0.0714285714285714 0.0833333333333333 0.056547619047619 0.099702380952381 0.0654761904761905 0 0.0833333333333333 0.104166666666667 0.0699404761904762 0.125 0.0625
"pelCas" 0.12797619047619 0.0982142857142857 0.0848214285714286 0.101190476190476 0.0848214285714286 0.0922619047619048 0.0922619047619048 0.0907738095238095 0.101190476190476 0.0952380952380952 0.130952380952381 0.0863095238095238 0.0833333333333333 0 0.119047619047619 0.0833333333333333 0.111607142857143 0.0848214285714286
"pelSin" 0.0907738095238095 0.101190476190476 0.101190476190476 0.101190476190476 0.0833333333333333 0.0907738095238095 0.0892857142857143 0.099702380952381 0.0922619047619048 0.108630952380952 0.142857142857143 0.0863095238095238 0.104166666666667 0.119047619047619 0 0.0892857142857143 0.157738095238095 0.0833333333333333
"plaMeg" 0.101190476190476 0.037202380952381 0.037202380952381 0.0476190476190476 0.0223214285714286 0.0297619047619048 0.0327380952380952 0.0327380952380952 0.0580357142857143 0.087797619047619 0.0833333333333333 0.025297619047619 0.0699404761904762 0.0833333333333333 0.0892857142857143 0 0.123511904761905 0.0193452380952381
"podExp" 0.150297619047619 0.126488095238095 0.12797619047619 0.119047619047619 0.126488095238095 0.120535714285714 0.125 0.132440476190476 0.141369047619048 0.136904761904762 0.136904761904762 0.129464285714286 0.125 0.111607142857143 0.157738095238095 0.123511904761905 0 0.12202380952381
"terMex" 0.0952380952380952 0.0327380952380952 0.0297619047619048 0.0386904761904762 0.00595238095238095 0.0223214285714286 0.0208333333333333 0.025297619047619 0.0505952380952381 0.0833333333333333 0.0788690476190476 0.00892857142857143 0.0625 0.0848214285714286 0.0833333333333333 0.0193452380952381 0.12202380952381 0
