"carIns" "cheAbi" "cheSer" "chrPic" "cuoAmb" "cuoMcc" "derCor" "derMaw" "emySub" "malTer" "mesTub" "pelSin" "plaMeg" "podExp" "terMex"
"carIns" 0 0.0883256528417819 0.097542242703533 0.0837173579109063 0.0913978494623656 0.0898617511520737 0.0929339477726575 0.0960061443932412 0.102150537634409 0.08678955453149 0.105222734254992 0.0998463901689708 0.0806451612903226 0.11136712749616 0.0806451612903226
"cheAbi" 0.0883256528417819 0 0.0506912442396313 0.0307219662058372 0.0253456221198157 0.0238095238095238 0.0460829493087558 0.0591397849462366 0.0775729646697389 0.0337941628264209 0.0783410138248848 0.0860215053763441 0.0261136712749616 0.08678955453149 0.0268817204301075
"cheSer" 0.097542242703533 0.0506912442396313 0 0.0476190476190476 0.0552995391705069 0.0522273425499232 0.0522273425499232 0.0560675883256528 0.0860215053763441 0.0491551459293395 0.0890937019969278 0.0875576036866359 0.0414746543778802 0.0990783410138249 0.0422427035330261
"chrPic" 0.0837173579109063 0.0307219662058372 0.0476190476190476 0 0.0268817204301075 0.0238095238095238 0.0407066052227343 0.0483870967741935 0.0698924731182796 0.00768049155145929 0.0721966205837174 0.0798771121351766 0.0153609831029186 0.0829493087557604 0.010752688172043
"cuoAmb" 0.0913978494623656 0.0253456221198157 0.0552995391705069 0.0268817204301075 0 0.00614439324116743 0.0476190476190476 0.0568356374807988 0.076036866359447 0.0291858678955453 0.0737327188940092 0.0821812596006144 0.0253456221198157 0.0837173579109063 0.0253456221198157
"cuoMcc" 0.0898617511520737 0.0238095238095238 0.0522273425499232 0.0238095238095238 0.00614439324116743 0 0.0460829493087558 0.0568356374807988 0.0752688172043011 0.0268817204301075 0.0729646697388633 0.0821812596006144 0.022273425499232 0.0844854070660522 0.022273425499232
"derCor" 0.0929339477726575 0.0460829493087558 0.0522273425499232 0.0407066052227343 0.0476190476190476 0.0460829493087558 0 0.0476190476190476 0.0737327188940092 0.043778801843318 0.0783410138248848 0.0837173579109063 0.033026113671275 0.0883256528417819 0.0368663594470046
"derMaw" 0.0960061443932412 0.0591397849462366 0.0560675883256528 0.0483870967741935 0.0568356374807988 0.0568356374807988 0.0476190476190476 0 0.0837173579109063 0.0514592933947773 0.08678955453149 0.0860215053763441 0.0422427035330261 0.0952380952380952 0.0460829493087558
"emySub" 0.102150537634409 0.0775729646697389 0.0860215053763441 0.0698924731182796 0.076036866359447 0.0752688172043011 0.0737327188940092 0.0837173579109063 0 0.0729646697388633 0.0360983102918587 0.106758832565284 0.0622119815668203 0.0745007680491551 0.0668202764976959
"malTer" 0.08678955453149 0.0337941628264209 0.0491551459293395 0.00768049155145929 0.0291858678955453 0.0268817204301075 0.043778801843318 0.0514592933947773 0.0729646697388633 0 0.0752688172043011 0.0791090629800307 0.0184331797235023 0.0821812596006144 0.0122887864823349
"mesTub" 0.105222734254992 0.0783410138248848 0.0890937019969278 0.0721966205837174 0.0737327188940092 0.0729646697388633 0.0783410138248848 0.08678955453149 0.0360983102918587 0.0752688172043011 0 0.101382488479263 0.0645161290322581 0.0791090629800307 0.0691244239631336
"pelSin" 0.0998463901689708 0.0860215053763441 0.0875576036866359 0.0798771121351766 0.0821812596006144 0.0821812596006144 0.0837173579109063 0.0860215053763441 0.106758832565284 0.0791090629800307 0.101382488479263 0 0.0745007680491551 0.1036866359447 0.0745007680491551
"plaMeg" 0.0806451612903226 0.0261136712749616 0.0414746543778802 0.0153609831029186 0.0253456221198157 0.022273425499232 0.033026113671275 0.0422427035330261 0.0622119815668203 0.0184331797235023 0.0645161290322581 0.0745007680491551 0 0.0752688172043011 0.0122887864823349
"podExp" 0.11136712749616 0.08678955453149 0.0990783410138249 0.0829493087557604 0.0837173579109063 0.0844854070660522 0.0883256528417819 0.0952380952380952 0.0745007680491551 0.0821812596006144 0.0791090629800307 0.1036866359447 0.0752688172043011 0 0.0806451612903226
"terMex" 0.0806451612903226 0.0268817204301075 0.0422427035330261 0.010752688172043 0.0253456221198157 0.022273425499232 0.0368663594470046 0.0460829493087558 0.0668202764976959 0.0122887864823349 0.0691244239631336 0.0745007680491551 0.0122887864823349 0.0806451612903226 0
