"carIns" "cheAbi" "cheMyd" "derMaw" "emySub" "gopAga" "mesTub" "pelCas" "pelSin" "plaMeg" "terMex"
"carIns" 0 0.0811688311688312 0.0438311688311688 0.0446428571428571 0.0649350649350649 0.0657467532467532 0.0608766233766234 0.0673701298701299 0.0487012987012987 0.0405844155844156 0.0405844155844156
"cheAbi" 0.0811688311688312 0 0.0535714285714286 0.0503246753246753 0.0746753246753247 0.0803571428571429 0.0681818181818182 0.0762987012987013 0.0625 0.0446428571428571 0.0446428571428571
"cheMyd" 0.0438311688311688 0.0535714285714286 0 0.0178571428571429 0.0397727272727273 0.0551948051948052 0.0349025974025974 0.0422077922077922 0.0284090909090909 0.0105519480519481 0.0105519480519481
"derMaw" 0.0446428571428571 0.0503246753246753 0.0178571428571429 0 0.038961038961039 0.049512987012987 0.036525974025974 0.0413961038961039 0.0284090909090909 0.0121753246753247 0.0121753246753247
"emySub" 0.0649350649350649 0.0746753246753247 0.0397727272727273 0.038961038961039 0 0.075487012987013 0.025974025974026 0.0405844155844156 0.0438311688311688 0.0340909090909091 0.0340909090909091
"gopAga" 0.0657467532467532 0.0803571428571429 0.0551948051948052 0.049512987012987 0.075487012987013 0 0.0689935064935065 0.0779220779220779 0.0641233766233766 0.0462662337662338 0.0462662337662338
"mesTub" 0.0608766233766234 0.0681818181818182 0.0349025974025974 0.036525974025974 0.025974025974026 0.0689935064935065 0 0.038961038961039 0.0373376623376623 0.0292207792207792 0.0292207792207792
"pelCas" 0.0673701298701299 0.0762987012987013 0.0422077922077922 0.0413961038961039 0.0405844155844156 0.0779220779220779 0.038961038961039 0 0.0470779220779221 0.0373376623376623 0.0373376623376623
"pelSin" 0.0487012987012987 0.0625 0.0284090909090909 0.0284090909090909 0.0438311688311688 0.0641233766233766 0.0373376623376623 0.0470779220779221 0 0.0227272727272727 0.0227272727272727
"plaMeg" 0.0405844155844156 0.0446428571428571 0.0105519480519481 0.0121753246753247 0.0340909090909091 0.0462662337662338 0.0292207792207792 0.0373376623376623 0.0227272727272727 0 0.00162337662337662
"terMex" 0.0405844155844156 0.0446428571428571 0.0105519480519481 0.0121753246753247 0.0340909090909091 0.0462662337662338 0.0292207792207792 0.0373376623376623 0.0227272727272727 0.00162337662337662 0
