"carIns" "cheAbi" "cheMyd" "cheSer" "chrPic" "cuoAmb" "cuoMcc" "derMaw" "emySub" "gopAga" "malTer" "mesTub" "pelCas" "pelSin" "plaMeg" "podExp" "terMex"
"carIns" 0 0.119809394145677 0.111980939414568 0.114193328795099 0.112491490810075 0.115384615384615 0.110789652825051 0.127297481279782 0.130360789652825 0.125085091899251 0.11215112321307 0.130360789652825 0.139891082368958 0.11929884275017 0.111130020422056 0.148230088495575 0.108747447243022
"cheAbi" 0.119809394145677 0 0.049353301565691 0.0515656909462219 0.0405037440435671 0.0374404356705242 0.0318243703199455 0.0697753573859769 0.0857726344452008 0.035568413886998 0.0406739278420694 0.0900272294077604 0.0980258679373724 0.0937712729748128 0.0411844792375766 0.110449285228046 0.0386317222600408
"cheMyd" 0.111980939414568 0.049353301565691 0 0.0405037440435671 0.0422055820285909 0.044928522804629 0.0393124574540504 0.060074880871341 0.0793056501021103 0.0561606535057863 0.0437372362151123 0.0845813478556841 0.0949625595643295 0.0866235534377127 0.0410142954390742 0.107385976855003 0.0386317222600408
"cheSer" 0.114193328795099 0.0515656909462219 0.0405037440435671 0 0.0433968686181076 0.0454390742001361 0.0411844792375766 0.0627978216473792 0.0823689584751532 0.058713410483322 0.0445881552076242 0.0866235534377127 0.0958134785568414 0.0883253914227366 0.0422055820285909 0.108917631041525 0.0384615384615385
"chrPic" 0.112491490810075 0.0405037440435671 0.0422055820285909 0.0433968686181076 0 0.0367597004765146 0.031143635125936 0.0638189244383935 0.0803267528931246 0.0464601769911504 0.0176991150442478 0.0852620830496937 0.0951327433628319 0.0883253914227366 0.0326752893124575 0.110108917631042 0.0200816882232811
"cuoAmb" 0.115384615384615 0.0374404356705242 0.044928522804629 0.0454390742001361 0.0367597004765146 0 0.0156569094622192 0.0679033356024506 0.0823689584751532 0.0425459496255956 0.0384615384615385 0.0850918992511913 0.0947923757658271 0.0917290673927842 0.0362491490810075 0.107726344452008 0.0330156569094622
"cuoMcc" 0.110789652825051 0.0318243703199455 0.0393124574540504 0.0411844792375766 0.031143635125936 0.0156569094622192 0 0.0624574540503744 0.0777739959155888 0.0365895166780123 0.0325051055139551 0.0827093260721579 0.0925799863852961 0.0859428182437032 0.0308032675289312 0.106024506466984 0.0262083049693669
"derMaw" 0.127297481279782 0.0697753573859769 0.060074880871341 0.0627978216473792 0.0638189244383935 0.0679033356024506 0.0624574540503744 0 0.0988767869298843 0.0765827093260722 0.0624574540503744 0.10074880871341 0.110789652825051 0.102450646698434 0.0636487406398911 0.123042886317223 0.0604152484683458
"emySub" 0.130360789652825 0.0857726344452008 0.0793056501021103 0.0823689584751532 0.0803267528931246 0.0823689584751532 0.0777739959155888 0.0988767869298843 0 0.0925799863852961 0.0813478556841389 0.0456092579986385 0.0835602450646698 0.105513955071477 0.079646017699115 0.0975153165418652 0.0784547311095984
"gopAga" 0.125085091899251 0.035568413886998 0.0561606535057863 0.058713410483322 0.0464601769911504 0.0425459496255956 0.0365895166780123 0.0765827093260722 0.0925799863852961 0 0.0473110959836624 0.095643294758339 0.10500340367597 0.0980258679373724 0.0474812797821647 0.11929884275017 0.0432266848196052
"malTer" 0.11215112321307 0.0406739278420694 0.0437372362151123 0.0445881552076242 0.0176991150442478 0.0384615384615385 0.0325051055139551 0.0624574540503744 0.0813478556841389 0.0473110959836624 0 0.0847515316541865 0.0953029271613342 0.0878148400272294 0.0343771272974813 0.110449285228046 0.0221238938053097
"mesTub" 0.130360789652825 0.0900272294077604 0.0845813478556841 0.0866235534377127 0.0852620830496937 0.0850918992511913 0.0827093260721579 0.10074880871341 0.0456092579986385 0.095643294758339 0.0847515316541865 0 0.0895166780122532 0.109087814840027 0.0830496936691627 0.10074880871341 0.0820285908781484
"pelCas" 0.139891082368958 0.0980258679373724 0.0949625595643295 0.0958134785568414 0.0951327433628319 0.0947923757658271 0.0925799863852961 0.110789652825051 0.0835602450646698 0.10500340367597 0.0953029271613342 0.0895166780122532 0 0.116065350578625 0.0946221919673247 0.0866235534377127 0.0913886997957794
"pelSin" 0.11929884275017 0.0937712729748128 0.0866235534377127 0.0883253914227366 0.0883253914227366 0.0917290673927842 0.0859428182437032 0.102450646698434 0.105513955071477 0.0980258679373724 0.0878148400272294 0.109087814840027 0.116065350578625 0 0.0867937372362151 0.130360789652825 0.0856024506466984
"plaMeg" 0.111130020422056 0.0411844792375766 0.0410142954390742 0.0422055820285909 0.0326752893124575 0.0362491490810075 0.0308032675289312 0.0636487406398911 0.079646017699115 0.0474812797821647 0.0343771272974813 0.0830496936691627 0.0946221919673247 0.0867937372362151 0 0.10857726344452 0.0292716133424098
"podExp" 0.148230088495575 0.110449285228046 0.107385976855003 0.108917631041525 0.110108917631042 0.107726344452008 0.106024506466984 0.123042886317223 0.0975153165418652 0.11929884275017 0.110449285228046 0.10074880871341 0.0866235534377127 0.130360789652825 0.10857726344452 0 0.106535057862491
"terMex" 0.108747447243022 0.0386317222600408 0.0386317222600408 0.0384615384615385 0.0200816882232811 0.0330156569094622 0.0262083049693669 0.0604152484683458 0.0784547311095984 0.0432266848196052 0.0221238938053097 0.0820285908781484 0.0913886997957794 0.0856024506466984 0.0292716133424098 0.106535057862491 0
