"carIns" "cheAbi" "cheMyd" "chrPic" "cuoAmb" "cuoMcc" "derMaw" "emySub" "gopAga" "malTer" "mesTub" "pelCas" "pelSin" "plaMeg" "podExp"
"carIns" 0 0.0764935790061418 0.197096594081519 0.0692350642099386 0.0742601898380793 0.0714684533780011 0.0831937465103294 0.0887772194304858 0.0737018425460637 0.270240089335567 0.0932439977666108 0.0971524288107203 0.0820770519262982 0.0653266331658292 0.143495254048018
"cheAbi" 0.0764935790061418 0 0.163037409268565 0.0279173646007817 0.0184254606365159 0.0156337241764377 0.0441094360692351 0.0575097710776103 0.0111669458403127 0.24678950307091 0.0619765494137353 0.0653266331658292 0.0636515912897822 0.0212171970965941 0.10999441652708
"cheMyd" 0.197096594081519 0.163037409268565 0 0.15857063093244 0.15857063093244 0.156337241764377 0.164712451144612 0.176996091568956 0.156895589056393 0.376326074818537 0.178112786152987 0.179787828029034 0.188163037409269 0.152428810720268 0.202680067001675
"chrPic" 0.0692350642099386 0.0279173646007817 0.15857063093244 0 0.0240089335566722 0.0212171970965941 0.0385259631490787 0.056393076493579 0.0223338916806253 0.231155778894472 0.0597431602456728 0.0636515912897822 0.0614182021217197 0.016750418760469 0.107202680067002
"cuoAmb" 0.0742601898380793 0.0184254606365159 0.15857063093244 0.0240089335566722 0 0.0050251256281407 0.0385259631490787 0.0541596873255165 0.0139586823003908 0.244556113902848 0.0586264656616415 0.0603015075376884 0.0597431602456728 0.0173087660524846 0.108877721943049
"cuoMcc" 0.0714684533780011 0.0156337241764377 0.156337241764377 0.0212171970965941 0.0050251256281407 0 0.0368509212730318 0.0508096035734227 0.0111669458403127 0.242881072026801 0.056393076493579 0.0569514237855946 0.0580681183696259 0.0145170295924065 0.10608598548297
"derMaw" 0.0831937465103294 0.0441094360692351 0.164712451144612 0.0385259631490787 0.0385259631490787 0.0368509212730318 0 0.0681183696259073 0.0402010050251256 0.254606365159129 0.0720268006700168 0.0781686208821887 0.0675600223338917 0.0329424902289224 0.123953098827471
"emySub" 0.0887772194304858 0.0575097710776103 0.176996091568956 0.056393076493579 0.0541596873255165 0.0508096035734227 0.0681183696259073 0 0.0536013400335008 0.259073143495254 0.0312674483528755 0.0547180346175321 0.0748185371300949 0.0519262981574539 0.105527638190955
"gopAga" 0.0737018425460637 0.0111669458403127 0.156895589056393 0.0223338916806253 0.0139586823003908 0.0111669458403127 0.0402010050251256 0.0536013400335008 0 0.243439419318816 0.0580681183696259 0.0614182021217197 0.0603015075376884 0.016750418760469 0.107202680067002
"malTer" 0.270240089335567 0.24678950307091 0.376326074818537 0.231155778894472 0.244556113902848 0.242881072026801 0.254606365159129 0.259073143495254 0.243439419318816 0 0.263539921831379 0.265773310999442 0.265773310999442 0.240647682858738 0.30429927414852
"mesTub" 0.0932439977666108 0.0619765494137353 0.178112786152987 0.0597431602456728 0.0586264656616415 0.056393076493579 0.0720268006700168 0.0312674483528755 0.0580681183696259 0.263539921831379 0 0.0608598548297041 0.0798436627582356 0.0547180346175321 0.111111111111111
"pelCas" 0.0971524288107203 0.0653266331658292 0.179787828029034 0.0636515912897822 0.0603015075376884 0.0569514237855946 0.0781686208821887 0.0547180346175321 0.0614182021217197 0.265773310999442 0.0608598548297041 0 0.0831937465103294 0.0580681183696259 0.0999441652707984
"pelSin" 0.0820770519262982 0.0636515912897822 0.188163037409269 0.0614182021217197 0.0597431602456728 0.0580681183696259 0.0675600223338917 0.0748185371300949 0.0603015075376884 0.265773310999442 0.0798436627582356 0.0831937465103294 0 0.0558347292015634 0.126744835287549
"plaMeg" 0.0653266331658292 0.0212171970965941 0.152428810720268 0.016750418760469 0.0173087660524846 0.0145170295924065 0.0329424902289224 0.0519262981574539 0.016750418760469 0.240647682858738 0.0547180346175321 0.0580681183696259 0.0558347292015634 0 0.104410943606924
"podExp" 0.143495254048018 0.10999441652708 0.202680067001675 0.107202680067002 0.108877721943049 0.10608598548297 0.123953098827471 0.105527638190955 0.107202680067002 0.30429927414852 0.111111111111111 0.0999441652707984 0.126744835287549 0.104410943606924 0
