"carIns" "cheAbi" "cheMyd" "cheSer" "chrPic" "cuoAmb" "cuoMcc" "derMaw" "emySub" "gopAga" "malTer" "mesTub" "pelCas" "pelSin" "plaMeg" "podExp" "terMex"
"carIns" 0 0.0752815649081209 0.0901007705986959 0.0699466508595139 0.0729104919976289 0.0740960284528749 0.0699466508595139 0.0859513930053349 0.0906935388263189 0.0699466508595139 0.0717249555423829 0.0901007705986959 0.0901007705986959 0.101956135151156 0.0705394190871369 0.0978067575577949 0.0699466508595139
"cheAbi" 0.0752815649081209 0 0.0580912863070539 0.031416716064019 0.024303497332543 0.021932424422051 0.027860106698281 0.049199762892709 0.0723177237700059 0.013040901007706 0.023117960877297 0.0841730883224659 0.0818020154119739 0.103734439834025 0.033195020746888 0.0924718435091879 0.024303497332543
"cheMyd" 0.0901007705986959 0.0580912863070539 0 0.048606994665086 0.049199762892709 0.0586840545346769 0.045643153526971 0.0663900414937759 0.0812092471843509 0.055720213396562 0.048014226437463 0.0841730883224659 0.0972139893301719 0.105512744516894 0.039122703023118 0.0966212211025489 0.048606994665086
"cheSer" 0.0699466508595139 0.031416716064019 0.048606994665086 0 0.021339656194428 0.02963841138115 0.033787788974511 0.036751630112626 0.0669828097213989 0.026674570243035 0.020154119739182 0.0764671013633669 0.0711321873147599 0.0966212211025489 0.02963841138115 0.0847658565500889 0.021339656194428
"chrPic" 0.0729104919976289 0.024303497332543 0.049199762892709 0.021339656194428 0 0.021339656194428 0.027267338470658 0.040308239478364 0.0652045050385299 0.019561351511559 0.004742145820984 0.0758743331357439 0.0723177237700059 0.0966212211025489 0.022525192649674 0.0835803200948429 0.00948429164196799
"cuoAmb" 0.0740960284528749 0.021932424422051 0.0586840545346769 0.02963841138115 0.021339656194428 0 0.015411973918198 0.048014226437463 0.0693538826318909 0.016004742145821 0.020154119739182 0.0800237107291049 0.0788381742738589 0.101363366923533 0.029045643153527 0.0871369294605809 0.021339656194428
"cuoMcc" 0.0699466508595139 0.027860106698281 0.045643153526971 0.033787788974511 0.027267338470658 0.015411973918198 0 0.0515708358032009 0.0735032602252519 0.023117960877297 0.026081802015412 0.0735032602252519 0.0835803200948429 0.0954356846473029 0.017190278601067 0.0800237107291049 0.027267338470658
"derMaw" 0.0859513930053349 0.049199762892709 0.0663900414937759 0.036751630112626 0.040308239478364 0.048014226437463 0.0515708358032009 0 0.0782454060462359 0.044457617071725 0.038529934795495 0.0865441612329579 0.0853586247777119 0.110847658565501 0.046828689982217 0.100177830468287 0.039122703023118
"emySub" 0.0906935388263189 0.0723177237700059 0.0812092471843509 0.0669828097213989 0.0652045050385299 0.0693538826318909 0.0735032602252519 0.0782454060462359 0 0.0675755779490219 0.0646117368109069 0.056312981624185 0.0705394190871369 0.107291049199763 0.0740960284528749 0.0883224659158269 0.0646117368109069
"gopAga" 0.0699466508595139 0.013040901007706 0.055720213396562 0.026674570243035 0.019561351511559 0.016004742145821 0.023117960877297 0.044457617071725 0.0675755779490219 0 0.018375815056313 0.0794309425014819 0.0740960284528749 0.0978067575577949 0.028452874925904 0.0877296976882039 0.019561351511559
"malTer" 0.0717249555423829 0.023117960877297 0.048014226437463 0.020154119739182 0.004742145820984 0.020154119739182 0.026081802015412 0.038529934795495 0.0646117368109069 0.018375815056313 0 0.0740960284528749 0.0705394190871369 0.0954356846473029 0.021932424422051 0.0835803200948429 0.00829875518672199
"mesTub" 0.0901007705986959 0.0841730883224659 0.0841730883224659 0.0764671013633669 0.0758743331357439 0.0800237107291049 0.0735032602252519 0.0865441612329579 0.056312981624185 0.0794309425014819 0.0740960284528749 0 0.0823947836395969 0.107883817427386 0.0717249555423829 0.0871369294605809 0.0740960284528749
"pelCas" 0.0901007705986959 0.0818020154119739 0.0972139893301719 0.0711321873147599 0.0723177237700059 0.0788381742738589 0.0835803200948429 0.0853586247777119 0.0705394190871369 0.0740960284528749 0.0705394190871369 0.0823947836395969 0 0.119739181979846 0.0818020154119739 0.0746887966804979 0.0717249555423829
"pelSin" 0.101956135151156 0.103734439834025 0.105512744516894 0.0966212211025489 0.0966212211025489 0.101363366923533 0.0954356846473029 0.110847658565501 0.107291049199763 0.0978067575577949 0.0954356846473029 0.107883817427386 0.119739181979846 0 0.0889152341434499 0.117368109069354 0.0954356846473029
"plaMeg" 0.0705394190871369 0.033195020746888 0.039122703023118 0.02963841138115 0.022525192649674 0.029045643153527 0.017190278601067 0.046828689982217 0.0740960284528749 0.028452874925904 0.021932424422051 0.0717249555423829 0.0818020154119739 0.0889152341434499 0 0.0800237107291049 0.023117960877297
"podExp" 0.0978067575577949 0.0924718435091879 0.0966212211025489 0.0847658565500889 0.0835803200948429 0.0871369294605809 0.0800237107291049 0.100177830468287 0.0883224659158269 0.0877296976882039 0.0835803200948429 0.0871369294605809 0.0746887966804979 0.117368109069354 0.0800237107291049 0 0.0829875518672199
"terMex" 0.0699466508595139 0.024303497332543 0.048606994665086 0.021339656194428 0.00948429164196799 0.021339656194428 0.027267338470658 0.039122703023118 0.0646117368109069 0.019561351511559 0.00829875518672199 0.0740960284528749 0.0717249555423829 0.0954356846473029 0.023117960877297 0.0829875518672199 0
