"carIns" "cheAbi" "cheMyd" "cheSer" "chrPic" "cuoAmb" "cuoMcc" "derCor" "derMaw" "emySub" "gopAga" "malTer" "mesTub" "pelCas" "pelSin" "plaMeg" "podExp" "terMex"
"carIns" 0 0.051530612244898 0.0540816326530612 0.0443877551020408 0.0688775510204082 0.0658163265306122 0.0418367346938776 0.0438775510204082 0.0540816326530612 0.0464285714285714 0.0454081632653061 0.0663265306122449 0.0494897959183673 0.0612244897959184 0.0545918367346939 0.0408163265306122 0.0647959183673469 0.0443877551020408
"cheAbi" 0.051530612244898 0 0.0423469387755102 0.0295918367346939 0.0525510204081633 0.0479591836734694 0.0198979591836735 0.0316326530612245 0.0387755102040816 0.0413265306122449 0.0163265306122449 0.0474489795918367 0.0479591836734694 0.0586734693877551 0.0622448979591837 0.0214285714285714 0.063265306122449 0.0255102040816327
"cheMyd" 0.0540816326530612 0.0423469387755102 0 0.0352040816326531 0.063265306122449 0.0540816326530612 0.0321428571428571 0.0260204081632653 0.0438775510204082 0.0459183673469388 0.0387755102040816 0.0586734693877551 0.0530612244897959 0.0596938775510204 0.0556122448979592 0.0311224489795918 0.0678571428571429 0.0346938775510204
"cheSer" 0.0443877551020408 0.0295918367346939 0.0352040816326531 0 0.048469387755102 0.0489795918367347 0.0188775510204082 0.0214285714285714 0.0321428571428571 0.0326530612244898 0.0229591836734694 0.0438775510204082 0.0362244897959184 0.051530612244898 0.0525510204081633 0.0173469387755102 0.0576530612244898 0.0204081632653061
"chrPic" 0.0688775510204082 0.0525510204081633 0.063265306122449 0.048469387755102 0 0.0719387755102041 0.0433673469387755 0.05 0.0581632653061224 0.0612244897959184 0.0459183673469388 0.0591836734693878 0.0653061224489796 0.0795918367346939 0.0811224489795918 0.0408163265306122 0.085204081632653 0.0403061224489796
"cuoAmb" 0.0658163265306122 0.0479591836734694 0.0540816326530612 0.0489795918367347 0.0719387755102041 0 0.0331632653061225 0.0510204081632653 0.0581632653061224 0.0591836734693878 0.0448979591836735 0.0688775510204082 0.0637755102040816 0.075 0.0704081632653061 0.0403061224489796 0.0795918367346939 0.0423469387755102
"cuoMcc" 0.0418367346938776 0.0198979591836735 0.0321428571428571 0.0188775510204082 0.0433673469387755 0.0331632653061225 0 0.0209183673469388 0.0280612244897959 0.0301020408163265 0.0142857142857143 0.038265306122449 0.0357142857142857 0.0479591836734694 0.0520408163265306 0.011734693877551 0.0540816326530612 0.0147959183673469
"derCor" 0.0438775510204082 0.0316326530612245 0.0260204081632653 0.0214285714285714 0.05 0.0510204081632653 0.0209183673469388 0 0.0311224489795918 0.0357142857142857 0.026530612244898 0.0454081632653061 0.0392857142857143 0.0505102040816327 0.0551020408163265 0.0188775510204082 0.0576530612244898 0.0214285714285714
"derMaw" 0.0540816326530612 0.0387755102040816 0.0438775510204082 0.0321428571428571 0.0581632653061224 0.0581632653061224 0.0280612244897959 0.0311224489795918 0 0.0413265306122449 0.0341836734693878 0.0540816326530612 0.0474489795918367 0.0596938775510204 0.0653061224489796 0.0285714285714286 0.0642857142857143 0.0306122448979592
"emySub" 0.0464285714285714 0.0413265306122449 0.0459183673469388 0.0326530612244898 0.0612244897959184 0.0591836734693878 0.0301020408163265 0.0357142857142857 0.0413265306122449 0 0.0352040816326531 0.0545918367346939 0.0173469387755102 0.0387755102040816 0.0540816326530612 0.0301020408163265 0.0438775510204082 0.0326530612244898
"gopAga" 0.0454081632653061 0.0163265306122449 0.0387755102040816 0.0229591836734694 0.0459183673469388 0.0448979591836735 0.0142857142857143 0.026530612244898 0.0341836734693878 0.0352040816326531 0 0.0418367346938776 0.0392857142857143 0.0520408163265306 0.0571428571428571 0.0153061224489796 0.0586734693877551 0.0193877551020408
"malTer" 0.0663265306122449 0.0474489795918367 0.0586734693877551 0.0438775510204082 0.0591836734693878 0.0688775510204082 0.038265306122449 0.0454081632653061 0.0540816326530612 0.0545918367346939 0.0418367346938776 0 0.0586734693877551 0.0709183673469388 0.075 0.0357142857142857 0.0790816326530612 0.0352040816326531
"mesTub" 0.0494897959183673 0.0479591836734694 0.0530612244897959 0.0362244897959184 0.0653061224489796 0.0637755102040816 0.0357142857142857 0.0392857142857143 0.0474489795918367 0.0173469387755102 0.0392857142857143 0.0586734693877551 0 0.0423469387755102 0.0586734693877551 0.0357142857142857 0.0454081632653061 0.036734693877551
"pelCas" 0.0612244897959184 0.0586734693877551 0.0596938775510204 0.051530612244898 0.0795918367346939 0.075 0.0479591836734694 0.0505102040816327 0.0596938775510204 0.0387755102040816 0.0520408163265306 0.0709183673469388 0.0423469387755102 0 0.0709183673469388 0.0479591836734694 0.0448979591836735 0.0474489795918367
"pelSin" 0.0545918367346939 0.0622448979591837 0.0556122448979592 0.0525510204081633 0.0811224489795918 0.0704081632653061 0.0520408163265306 0.0551020408163265 0.0653061224489796 0.0540816326530612 0.0571428571428571 0.075 0.0586734693877551 0.0709183673469388 0 0.0505102040816327 0.0739795918367347 0.051530612244898
"plaMeg" 0.0408163265306122 0.0214285714285714 0.0311224489795918 0.0173469387755102 0.0408163265306122 0.0403061224489796 0.011734693877551 0.0188775510204082 0.0285714285714286 0.0301020408163265 0.0153061224489796 0.0357142857142857 0.0357142857142857 0.0479591836734694 0.0505102040816327 0 0.0535714285714286 0.0112244897959184
"podExp" 0.0647959183673469 0.063265306122449 0.0678571428571429 0.0576530612244898 0.085204081632653 0.0795918367346939 0.0540816326530612 0.0576530612244898 0.0642857142857143 0.0438775510204082 0.0586734693877551 0.0790816326530612 0.0454081632653061 0.0448979591836735 0.0739795918367347 0.0535714285714286 0 0.0545918367346939
"terMex" 0.0443877551020408 0.0255102040816327 0.0346938775510204 0.0204081632653061 0.0403061224489796 0.0423469387755102 0.0147959183673469 0.0214285714285714 0.0306122448979592 0.0326530612244898 0.0193877551020408 0.0352040816326531 0.036734693877551 0.0474489795918367 0.051530612244898 0.0112244897959184 0.0545918367346939 0
