"carIns" "cheAbi" "cheMyd" "cheSer" "chrPic" "cuoAmb" "cuoMcc" "derCor" "derMaw" "emySub" "gopAga" "malTer" "mesTub" "pelCas" "pelSin" "plaMeg" "terMex"
"carIns" 0 0.073394495412844 0.0716743119266055 0.0774082568807339 0.0665137614678899 0.115252293577982 0.0688073394495413 0.0756880733944954 0.0831422018348624 0.0905963302752294 0.0716743119266055 0.165711009174312 0.0894495412844037 0.101490825688073 0.0779816513761468 0.0665137614678899 0.161123853211009
"cheAbi" 0.073394495412844 0 0.033256880733945 0.036697247706422 0.0235091743119266 0.0676605504587156 0.0177752293577982 0.0355504587155963 0.0475917431192661 0.0619266055045872 0.0177752293577982 0.135894495412844 0.0659403669724771 0.0802752293577982 0.080848623853211 0.0206422018348624 0.113532110091743
"cheMyd" 0.0716743119266055 0.033256880733945 0 0.025802752293578 0.0200688073394495 0.0705275229357798 0.0240825688073395 0.0154816513761468 0.0372706422018349 0.0579128440366972 0.0246559633027523 0.131880733944954 0.0607798165137615 0.073394495412844 0.0745412844036697 0.0189220183486239 0.114105504587156
"cheSer" 0.0774082568807339 0.036697247706422 0.025802752293578 0 0.0246559633027523 0.0762614678899083 0.029243119266055 0.0298165137614679 0.0355504587155963 0.0596330275229358 0.0309633027522936 0.13704128440367 0.0607798165137615 0.0745412844036697 0.0774082568807339 0.0229357798165138 0.116399082568807
"chrPic" 0.0665137614678899 0.0235091743119266 0.0200688073394495 0.0246559633027523 0 0.0636467889908257 0.0160550458715596 0.0235091743119266 0.036697247706422 0.0544724770642202 0.0177752293577982 0.119839449541284 0.0561926605504587 0.0705275229357798 0.069954128440367 0.0103211009174312 0.103784403669725
"cuoAmb" 0.115252293577982 0.0676605504587156 0.0705275229357798 0.0762614678899083 0.0636467889908257 0 0.0510321100917431 0.0728211009174312 0.0865825688073394 0.105504587155963 0.0607798165137615 0.17545871559633 0.105504587155963 0.122133027522936 0.116399082568807 0.0619266055045872 0.155963302752294
"cuoMcc" 0.0688073394495413 0.0177752293577982 0.0240825688073395 0.029243119266055 0.0160550458715596 0.0510321100917431 0 0.0286697247706422 0.0401376146788991 0.0596330275229358 0.0120412844036697 0.128440366972477 0.0619266055045872 0.0756880733944954 0.0745412844036697 0.0131880733944954 0.107224770642202
"derCor" 0.0756880733944954 0.0355504587155963 0.0154816513761468 0.0298165137614679 0.0235091743119266 0.0728211009174312 0.0286697247706422 0 0.0424311926605505 0.0613532110091743 0.0303899082568807 0.134174311926606 0.0647935779816514 0.0791284403669725 0.0802752293577982 0.0235091743119266 0.117545871559633
"derMaw" 0.0831422018348624 0.0475917431192661 0.0372706422018349 0.0355504587155963 0.036697247706422 0.0865825688073394 0.0401376146788991 0.0424311926605505 0 0.069954128440367 0.0424311926605505 0.145642201834862 0.0682339449541284 0.0871559633027523 0.0860091743119266 0.033256880733945 0.130733944954128
"emySub" 0.0905963302752294 0.0619266055045872 0.0579128440366972 0.0596330275229358 0.0544724770642202 0.105504587155963 0.0596330275229358 0.0613532110091743 0.069954128440367 0 0.0590596330275229 0.158830275229358 0.0326834862385321 0.0665137614678899 0.091743119266055 0.0521788990825688 0.147362385321101
"gopAga" 0.0716743119266055 0.0177752293577982 0.0246559633027523 0.0309633027522936 0.0177752293577982 0.0607798165137615 0.0120412844036697 0.0303899082568807 0.0424311926605505 0.0590596330275229 0 0.130160550458716 0.0619266055045872 0.0756880733944954 0.0768348623853211 0.0137614678899083 0.109518348623853
"malTer" 0.165711009174312 0.135894495412844 0.131880733944954 0.13704128440367 0.119839449541284 0.17545871559633 0.128440366972477 0.134174311926606 0.145642201834862 0.158830275229358 0.130160550458716 0 0.159403669724771 0.166284403669725 0.172018348623853 0.123279816513761 0.216743119266055
"mesTub" 0.0894495412844037 0.0659403669724771 0.0607798165137615 0.0607798165137615 0.0561926605504587 0.105504587155963 0.0619266055045872 0.0647935779816514 0.0682339449541284 0.0326834862385321 0.0619266055045872 0.159403669724771 0 0.0711009174311927 0.0877293577981651 0.0573394495412844 0.151949541284404
"pelCas" 0.101490825688073 0.0802752293577982 0.073394495412844 0.0745412844036697 0.0705275229357798 0.122133027522936 0.0756880733944954 0.0791284403669725 0.0871559633027523 0.0665137614678899 0.0756880733944954 0.166284403669725 0.0711009174311927 0 0.101490825688073 0.0693807339449541 0.159977064220183
"pelSin" 0.0779816513761468 0.080848623853211 0.0745412844036697 0.0774082568807339 0.069954128440367 0.116399082568807 0.0745412844036697 0.0802752293577982 0.0860091743119266 0.091743119266055 0.0768348623853211 0.172018348623853 0.0877293577981651 0.101490825688073 0 0.069954128440367 0.163990825688073
"plaMeg" 0.0665137614678899 0.0206422018348624 0.0189220183486239 0.0229357798165138 0.0103211009174312 0.0619266055045872 0.0131880733944954 0.0235091743119266 0.033256880733945 0.0521788990825688 0.0137614678899083 0.123279816513761 0.0573394495412844 0.0693807339449541 0.069954128440367 0 0.10493119266055
"terMex" 0.161123853211009 0.113532110091743 0.114105504587156 0.116399082568807 0.103784403669725 0.155963302752294 0.107224770642202 0.117545871559633 0.130733944954128 0.147362385321101 0.109518348623853 0.216743119266055 0.151949541284404 0.159977064220183 0.163990825688073 0.10493119266055 0
