"carIns" "cheAbi" "cheMyd" "cheSer" "chrPic" "cuoMcc" "derCor" "derMaw" "emySub" "gopAga" "malTer" "mesTub" "pelCas" "pelSin" "plaMeg" "podExp" "terMex"
"carIns" 0 0.0736386138613861 0.0680693069306931 0.0996287128712871 0.0587871287128713 0.0618811881188119 0.103341584158416 0.0637376237623762 0.073019801980198 0.0655940594059406 0.0792079207920792 0.108910891089109 0.0767326732673267 0.0872524752475247 0.0612623762376238 0.0847772277227723 0.057549504950495
"cheAbi" 0.0736386138613861 0 0.0439356435643564 0.0724009900990099 0.0284653465346535 0.0253712871287129 0.0798267326732673 0.0451732673267327 0.0544554455445545 0.0247524752475248 0.0501237623762376 0.0903465346534653 0.0625 0.0804455445544554 0.0284653465346535 0.0711633663366337 0.0290841584158416
"cheMyd" 0.0680693069306931 0.0439356435643564 0 0.0662128712871287 0.0278465346534653 0.0297029702970297 0.0581683168316832 0.036509900990099 0.0488861386138614 0.0340346534653465 0.047029702970297 0.0816831683168317 0.0569306930693069 0.0705445544554455 0.0290841584158416 0.0637376237623762 0.0284653465346535
"cheSer" 0.0996287128712871 0.0724009900990099 0.0662128712871287 0 0.0563118811881188 0.0594059405940594 0.100866336633663 0.0655940594059406 0.0792079207920792 0.0594059405940594 0.0754950495049505 0.113242574257426 0.0860148514851485 0.103341584158416 0.0569306930693069 0.0897277227722772 0.0581683168316832
"chrPic" 0.0587871287128713 0.0284653465346535 0.0278465346534653 0.0563118811881188 0 0.0142326732673267 0.0631188118811881 0.0278465346534653 0.0402227722772277 0.0185643564356436 0.0241336633663366 0.0761138613861386 0.0482673267326733 0.0655940594059406 0.0099009900990099 0.0556930693069307 0.00804455445544554
"cuoMcc" 0.0618811881188119 0.0253712871287129 0.0297029702970297 0.0594059405940594 0.0142326732673267 0 0.0662128712871287 0.0309405940594059 0.0408415841584158 0.0142326732673267 0.0334158415841584 0.0767326732673267 0.0464108910891089 0.067450495049505 0.0142326732673267 0.0532178217821782 0.0136138613861386
"derCor" 0.103341584158416 0.0798267326732673 0.0581683168316832 0.100866336633663 0.0631188118811881 0.0662128712871287 0 0.0711633663366337 0.0847772277227723 0.0693069306930693 0.0829207920792079 0.120668316831683 0.0915841584158416 0.103960396039604 0.0643564356435644 0.0983910891089109 0.0643564356435644
"derMaw" 0.0637376237623762 0.0451732673267327 0.036509900990099 0.0655940594059406 0.0278465346534653 0.0309405940594059 0.0711633663366337 0 0.0464108910891089 0.0352722772277228 0.047029702970297 0.0792079207920792 0.051980198019802 0.0686881188118812 0.0290841584158416 0.0600247524752475 0.0297029702970297
"emySub" 0.073019801980198 0.0544554455445545 0.0488861386138614 0.0792079207920792 0.0402227722772277 0.0408415841584158 0.0847772277227723 0.0464108910891089 0 0.0451732673267327 0.0612623762376238 0.0606435643564356 0.0433168316831683 0.0792079207920792 0.041460396039604 0.0507425742574257 0.0396039603960396
"gopAga" 0.0655940594059406 0.0247524752475248 0.0340346534653465 0.0594059405940594 0.0185643564356436 0.0142326732673267 0.0693069306930693 0.0352722772277228 0.0451732673267327 0 0.0377475247524752 0.0804455445544554 0.051980198019802 0.073019801980198 0.0179455445544554 0.0606435643564356 0.0179455445544554
"malTer" 0.0792079207920792 0.0501237623762376 0.047029702970297 0.0754950495049505 0.0241336633663366 0.0334158415841584 0.0829207920792079 0.047029702970297 0.0612623762376238 0.0377475247524752 0 0.0959158415841584 0.0662128712871287 0.0847772277227723 0.0303217821782178 0.0736386138613861 0.0272277227722772
"mesTub" 0.108910891089109 0.0903465346534653 0.0816831683168317 0.113242574257426 0.0761138613861386 0.0767326732673267 0.120668316831683 0.0792079207920792 0.0606435643564356 0.0804455445544554 0.0959158415841584 0 0.0748762376237624 0.113242574257426 0.0767326732673267 0.0804455445544554 0.0761138613861386
"pelCas" 0.0767326732673267 0.0625 0.0569306930693069 0.0860148514851485 0.0482673267326733 0.0464108910891089 0.0915841584158416 0.051980198019802 0.0433168316831683 0.051980198019802 0.0662128712871287 0.0748762376237624 0 0.0829207920792079 0.0482673267326733 0.0396039603960396 0.0464108910891089
"pelSin" 0.0872524752475247 0.0804455445544554 0.0705445544554455 0.103341584158416 0.0655940594059406 0.067450495049505 0.103960396039604 0.0686881188118812 0.0792079207920792 0.073019801980198 0.0847772277227723 0.113242574257426 0.0829207920792079 0 0.0649752475247525 0.0897277227722772 0.0662128712871287
"plaMeg" 0.0612623762376238 0.0284653465346535 0.0290841584158416 0.0569306930693069 0.0099009900990099 0.0142326732673267 0.0643564356435644 0.0290841584158416 0.041460396039604 0.0179455445544554 0.0303217821782178 0.0767326732673267 0.0482673267326733 0.0649752475247525 0 0.0556930693069307 0.010519801980198
"podExp" 0.0847772277227723 0.0711633663366337 0.0637376237623762 0.0897277227722772 0.0556930693069307 0.0532178217821782 0.0983910891089109 0.0600247524752475 0.0507425742574257 0.0606435643564356 0.0736386138613861 0.0804455445544554 0.0396039603960396 0.0897277227722772 0.0556930693069307 0 0.0544554455445545
"terMex" 0.057549504950495 0.0290841584158416 0.0284653465346535 0.0581683168316832 0.00804455445544554 0.0136138613861386 0.0643564356435644 0.0297029702970297 0.0396039603960396 0.0179455445544554 0.0272277227722772 0.0761138613861386 0.0464108910891089 0.0662128712871287 0.010519801980198 0.0544554455445545 0
