"carIns" "cheAbi" "cheMyd" "cheSer" "chrPic" "cuoAmb" "cuoMcc" "derCor" "derMaw" "emySub" "gopAga" "malTer" "mesTub" "pelCas" "pelSin" "plaMeg" "podExp" "terMex"
"carIns" 0 0.0610186585980837 0.0610186585980837 0.0579929399899143 0.0549672213817448 0.0574886535552194 0.0574886535552194 0.0590015128593041 0.0640443772062532 0.0630358043368633 0.0630358043368633 0.139687342410489 0.0675743822491175 0.0791729702471003 0.0584972264246092 0.0534543620776601 0.0786686838124055 0.0524457892082703
"cheAbi" 0.0610186585980837 0 0.0297528996469995 0.0242057488653555 0.0191628845184065 0.0131114473020676 0.0136157337367625 0.0302571860816944 0.0317700453857791 0.0438729198184569 0.0141200201714574 0.108421583459405 0.0468986384266263 0.0630358043368633 0.048915784165406 0.0176500252143217 0.0640443772062532 0.0191628845184065
"cheMyd" 0.0610186585980837 0.0297528996469995 0 0.0237014624306606 0.0237014624306606 0.0237014624306606 0.0242057488653555 0.0196671709531014 0.0302571860816944 0.0418557740796773 0.0297528996469995 0.112960161371659 0.0468986384266263 0.0640443772062532 0.0499243570347958 0.0211800302571861 0.065052950075643 0.0237014624306606
"cheSer" 0.0579929399899143 0.0242057488653555 0.0237014624306606 0 0.0196671709531014 0.0191628845184065 0.0196671709531014 0.027231467473525 0.0277357539082199 0.037821482602118 0.0252143217347453 0.10993444276349 0.0448814926878467 0.0600100857286939 0.048915784165406 0.0181543116490166 0.0615229450327786 0.0196671709531014
"chrPic" 0.0549672213817448 0.0191628845184065 0.0237014624306606 0.0196671709531014 0 0.0141200201714574 0.0146243066061523 0.0262228946041351 0.0277357539082199 0.0398386283408976 0.0191628845184065 0.0968229954614221 0.0438729198184569 0.0590015128593041 0.0423600605143722 0.010590015128593 0.0569843671205245 0.00706001008572869
"cuoAmb" 0.0574886535552194 0.0131114473020676 0.0237014624306606 0.0191628845184065 0.0141200201714574 0 0.00252143217347453 0.0252143217347453 0.0277357539082199 0.0388300554715078 0.0131114473020676 0.104387291981846 0.0428643469490671 0.0590015128593041 0.0453857791225416 0.0115985879979829 0.0579929399899143 0.0131114473020676
"cuoMcc" 0.0574886535552194 0.0136157337367625 0.0242057488653555 0.0196671709531014 0.0146243066061523 0.00252143217347453 0 0.0257186081694402 0.0292486132123046 0.0383257690368129 0.0136157337367625 0.105395864851236 0.043368633383762 0.059505799293999 0.0458900655572365 0.0121028744326778 0.0600100857286939 0.0136157337367625
"derCor" 0.0590015128593041 0.0302571860816944 0.0196671709531014 0.027231467473525 0.0262228946041351 0.0252143217347453 0.0257186081694402 0 0.0337871911245587 0.0443772062531518 0.032274331820474 0.115481593545134 0.0494200706001009 0.065052950075643 0.0504286434694907 0.0231971759959657 0.0670700958144226 0.0252143217347453
"derMaw" 0.0640443772062532 0.0317700453857791 0.0302571860816944 0.0277357539082199 0.0277357539082199 0.0277357539082199 0.0292486132123046 0.0337871911245587 0 0.0499243570347958 0.0347957639939486 0.114473020675744 0.0529500756429652 0.0645486636409481 0.0499243570347958 0.0257186081694402 0.0670700958144226 0.0277357539082199
"emySub" 0.0630358043368633 0.0438729198184569 0.0418557740796773 0.037821482602118 0.0398386283408976 0.0388300554715078 0.0383257690368129 0.0443772062531518 0.0499243570347958 0 0.0428643469490671 0.124558749369642 0.0221886031265759 0.0413514876449824 0.0590015128593041 0.0373171961674231 0.0418557740796773 0.0373171961674231
"gopAga" 0.0630358043368633 0.0141200201714574 0.0297528996469995 0.0252143217347453 0.0191628845184065 0.0131114473020676 0.0136157337367625 0.032274331820474 0.0347957639939486 0.0428643469490671 0 0.1089258698941 0.0468986384266263 0.0635400907715582 0.0504286434694907 0.0166414523449319 0.0630358043368633 0.0181543116490166
"malTer" 0.139687342410489 0.108421583459405 0.112960161371659 0.10993444276349 0.0968229954614221 0.104387291981846 0.105395864851236 0.115481593545134 0.114473020675744 0.124558749369642 0.1089258698941 0 0.128593040847201 0.141200201714574 0.128088754412506 0.102370146243066 0.141704488149269 0.0998487140695915
"mesTub" 0.0675743822491175 0.0468986384266263 0.0468986384266263 0.0448814926878467 0.0438729198184569 0.0428643469490671 0.043368633383762 0.0494200706001009 0.0529500756429652 0.0221886031265759 0.0468986384266263 0.128593040847201 0 0.048411497730711 0.0605143721633888 0.0413514876449824 0.0529500756429652 0.0418557740796773
"pelCas" 0.0791729702471003 0.0630358043368633 0.0640443772062532 0.0600100857286939 0.0590015128593041 0.0590015128593041 0.059505799293999 0.065052950075643 0.0645486636409481 0.0413514876449824 0.0635400907715582 0.141200201714574 0.048411497730711 0 0.0746343923348462 0.0574886535552194 0.0458900655572365 0.0584972264246092
"pelSin" 0.0584972264246092 0.048915784165406 0.0499243570347958 0.048915784165406 0.0423600605143722 0.0453857791225416 0.0458900655572365 0.0504286434694907 0.0499243570347958 0.0590015128593041 0.0504286434694907 0.128088754412506 0.0605143721633888 0.0746343923348462 0 0.0418557740796773 0.0766515380736258 0.0438729198184569
"plaMeg" 0.0534543620776601 0.0176500252143217 0.0211800302571861 0.0181543116490166 0.010590015128593 0.0115985879979829 0.0121028744326778 0.0231971759959657 0.0257186081694402 0.0373171961674231 0.0166414523449319 0.102370146243066 0.0413514876449824 0.0574886535552194 0.0418557740796773 0 0.0564800806858295 0.00958144225920323
"podExp" 0.0786686838124055 0.0640443772062532 0.065052950075643 0.0615229450327786 0.0569843671205245 0.0579929399899143 0.0600100857286939 0.0670700958144226 0.0670700958144226 0.0418557740796773 0.0630358043368633 0.141704488149269 0.0529500756429652 0.0458900655572365 0.0766515380736258 0.0564800806858295 0 0.0564800806858295
"terMex" 0.0524457892082703 0.0191628845184065 0.0237014624306606 0.0196671709531014 0.00706001008572869 0.0131114473020676 0.0136157337367625 0.0252143217347453 0.0277357539082199 0.0373171961674231 0.0181543116490166 0.0998487140695915 0.0418557740796773 0.0584972264246092 0.0438729198184569 0.00958144225920323 0.0564800806858295 0
