"carIns" "cheAbi" "cheMyd" "cheSer" "chrPic" "cuoMcc" "derCor" "derMaw" "emySub" "gopAga" "malTer" "mesTub" "pelCas" "pelSin" "plaMeg" "podExp" "terMex"
"carIns" 0 0.0528942115768463 0.0489021956087824 0.0538922155688623 0.0499001996007984 0.0508982035928144 0.0518962075848303 0.06187624750499 0.060878243512974 0.0538922155688623 0.0508982035928144 0.0578842315369262 0.0718562874251497 0.0718562874251497 0.0518962075848303 0.0658682634730539 0.0508982035928144
"cheAbi" 0.0528942115768463 0 0.0149700598802395 0.0259481037924152 0.0129740518962076 0.00698602794411178 0.0209580838323353 0.0279441117764471 0.0399201596806387 0.0119760479041916 0.0119760479041916 0.0349301397205589 0.0548902195608782 0.0499001996007984 0.0109780439121756 0.0548902195608782 0.00998003992015968
"cheMyd" 0.0489021956087824 0.0149700598802395 0 0.0229540918163673 0.0179640718562874 0.0159680638722555 0.00998003992015968 0.0279441117764471 0.0349301397205589 0.0209580838323353 0.0159680638722555 0.0339321357285429 0.0538922155688623 0.0469061876247505 0.0159680638722555 0.0518962075848303 0.0169660678642715
"cheSer" 0.0538922155688623 0.0259481037924152 0.0229540918163673 0 0.0269461077844311 0.0229540918163673 0.0269461077844311 0.031936127744511 0.0409181636726547 0.029940119760479 0.0259481037924152 0.0399201596806387 0.0558882235528942 0.0568862275449102 0.0269461077844311 0.0508982035928144 0.0259481037924152
"chrPic" 0.0499001996007984 0.0129740518962076 0.0179640718562874 0.0269461077844311 0 0.0139720558882236 0.0219560878243513 0.029940119760479 0.0429141716566866 0.0189620758483034 0.00399201596806387 0.0399201596806387 0.0578842315369262 0.0528942115768463 0.0139720558882236 0.0548902195608782 0.00499001996007984
"cuoMcc" 0.0508982035928144 0.00698602794411178 0.0159680638722555 0.0229540918163673 0.0139720558882236 0 0.0219560878243513 0.0289421157684631 0.0389221556886228 0.0109780439121756 0.0129740518962076 0.032934131736527 0.0528942115768463 0.0479041916167665 0.0119760479041916 0.0508982035928144 0.0109780439121756
"derCor" 0.0518962075848303 0.0209580838323353 0.00998003992015968 0.0269461077844311 0.0219560878243513 0.0219560878243513 0 0.032934131736527 0.0389221556886228 0.0269461077844311 0.0209580838323353 0.0379241516966068 0.0578842315369262 0.0508982035928144 0.0219560878243513 0.0528942115768463 0.0209580838323353
"derMaw" 0.06187624750499 0.0279441117764471 0.0279441117764471 0.031936127744511 0.029940119760479 0.0289421157684631 0.032934131736527 0 0.0489021956087824 0.032934131736527 0.0289421157684631 0.0479041916167665 0.0648702594810379 0.0568862275449102 0.0269461077844311 0.06187624750499 0.0289421157684631
"emySub" 0.060878243512974 0.0399201596806387 0.0349301397205589 0.0409181636726547 0.0429141716566866 0.0389221556886228 0.0389221556886228 0.0489021956087824 0 0.0459081836327345 0.0419161676646707 0.0249500998003992 0.0528942115768463 0.06187624750499 0.0409181636726547 0.0518962075848303 0.0419161676646707
"gopAga" 0.0538922155688623 0.0119760479041916 0.0209580838323353 0.029940119760479 0.0189620758483034 0.0109780439121756 0.0269461077844311 0.032934131736527 0.0459081836327345 0 0.0179640718562874 0.0399201596806387 0.0568862275449102 0.0548902195608782 0.0169660678642715 0.0578842315369262 0.0159680638722555
"malTer" 0.0508982035928144 0.0119760479041916 0.0159680638722555 0.0259481037924152 0.00399201596806387 0.0129740518962076 0.0209580838323353 0.0289421157684631 0.0419161676646707 0.0179640718562874 0 0.0389221556886228 0.0568862275449102 0.0518962075848303 0.0129740518962076 0.0528942115768463 0.00399201596806387
"mesTub" 0.0578842315369262 0.0349301397205589 0.0339321357285429 0.0399201596806387 0.0399201596806387 0.032934131736527 0.0379241516966068 0.0479041916167665 0.0249500998003992 0.0399201596806387 0.0389221556886228 0 0.0518962075848303 0.0578842315369262 0.0379241516966068 0.0499001996007984 0.0369261477045908
"pelCas" 0.0718562874251497 0.0548902195608782 0.0538922155688623 0.0558882235528942 0.0578842315369262 0.0528942115768463 0.0578842315369262 0.0648702594810379 0.0528942115768463 0.0568862275449102 0.0568862275449102 0.0518962075848303 0 0.0778443113772455 0.0558882235528942 0.0499001996007984 0.0568862275449102
"pelSin" 0.0718562874251497 0.0499001996007984 0.0469061876247505 0.0568862275449102 0.0528942115768463 0.0479041916167665 0.0508982035928144 0.0568862275449102 0.06187624750499 0.0548902195608782 0.0518962075848303 0.0578842315369262 0.0778443113772455 0 0.0489021956087824 0.0728542914171657 0.0518962075848303
"plaMeg" 0.0518962075848303 0.0109780439121756 0.0159680638722555 0.0269461077844311 0.0139720558882236 0.0119760479041916 0.0219560878243513 0.0269461077844311 0.0409181636726547 0.0169660678642715 0.0129740518962076 0.0379241516966068 0.0558882235528942 0.0489021956087824 0 0.0538922155688623 0.0129740518962076
"podExp" 0.0658682634730539 0.0548902195608782 0.0518962075848303 0.0508982035928144 0.0548902195608782 0.0508982035928144 0.0528942115768463 0.06187624750499 0.0518962075848303 0.0578842315369262 0.0528942115768463 0.0499001996007984 0.0499001996007984 0.0728542914171657 0.0538922155688623 0 0.0548902195608782
"terMex" 0.0508982035928144 0.00998003992015968 0.0169660678642715 0.0259481037924152 0.00499001996007984 0.0109780439121756 0.0209580838323353 0.0289421157684631 0.0419161676646707 0.0159680638722555 0.00399201596806387 0.0369261477045908 0.0568862275449102 0.0518962075848303 0.0129740518962076 0.0548902195608782 0
