"carIns" "cheAbi" "cheMyd" "cheSer" "chrPic" "cuoMcc" "derCor" "derMaw" "emySub" "gopAga" "malTer" "mesTub" "pelCas" "pelSin" "plaMeg" "podExp" "terMex"
"carIns" 0 0.102184087363495 0.0975039001560062 0.0990639625585023 0.0967238689547582 0.0975039001560062 0.0959438377535101 0.0975039001560062 0.104524180967239 0.0951638065522621 0.0959438377535101 0.105304212168487 0.109204368174727 0.0967238689547582 0.0951638065522621 0.119344773790952 0.092823712948518
"cheAbi" 0.102184087363495 0 0.0210608424336973 0.0241809672386895 0.015600624024961 0.0124804992199688 0.0226209048361934 0.0241809672386895 0.0327613104524181 0.0093603744149766 0.016380655226209 0.0343213728549142 0.0390015600624025 0.0405616224648986 0.015600624024961 0.0514820592823713 0.016380655226209
"cheMyd" 0.0975039001560062 0.0210608424336973 0 0.014820592823713 0.0140405616224649 0.015600624024961 0.0109204368174727 0.016380655226209 0.0265210608424337 0.014820592823713 0.0117004680187207 0.0249609984399376 0.0343213728549142 0.0327613104524181 0.0109204368174727 0.0429017160686427 0.0117004680187207
"cheSer" 0.0990639625585023 0.0241809672386895 0.014820592823713 0 0.016380655226209 0.0179407176287051 0.016380655226209 0.0171606864274571 0.030421216848674 0.016380655226209 0.0140405616224649 0.030421216848674 0.0382215288611544 0.0335413416536661 0.0132605304212168 0.0499219968798752 0.0140405616224649
"chrPic" 0.0967238689547582 0.015600624024961 0.0140405616224649 0.016380655226209 0 0.0093603744149766 0.015600624024961 0.0195007800312012 0.0265210608424337 0.0093603744149766 0.00234009360374415 0.0280811232449298 0.0327613104524181 0.0327613104524181 0.0062402496099844 0.0444617784711388 0.00546021840873635
"cuoMcc" 0.0975039001560062 0.0124804992199688 0.015600624024961 0.0179407176287051 0.0093603744149766 0 0.0171606864274571 0.0195007800312012 0.0273010920436817 0.0078003120124805 0.0101404056162246 0.0288611544461778 0.0343213728549142 0.0358814352574103 0.0093603744149766 0.047581903276131 0.0101404056162246
"derCor" 0.0959438377535101 0.0226209048361934 0.0109204368174727 0.016380655226209 0.015600624024961 0.0171606864274571 0 0.0171606864274571 0.0280811232449298 0.016380655226209 0.014820592823713 0.0280811232449298 0.0343213728549142 0.0335413416536661 0.0140405616224649 0.0460218408736349 0.014820592823713
"derMaw" 0.0975039001560062 0.0241809672386895 0.016380655226209 0.0171606864274571 0.0195007800312012 0.0195007800312012 0.0171606864274571 0 0.0288611544461778 0.0179407176287051 0.0171606864274571 0.0288611544461778 0.0366614664586583 0.0335413416536661 0.016380655226209 0.046801872074883 0.0171606864274571
"emySub" 0.104524180967239 0.0327613104524181 0.0265210608424337 0.030421216848674 0.0265210608424337 0.0273010920436817 0.0280811232449298 0.0288611544461778 0 0.0265210608424337 0.0273010920436817 0.0109204368174727 0.0265210608424337 0.0444617784711388 0.0265210608424337 0.0366614664586583 0.0273010920436817
"gopAga" 0.0951638065522621 0.0093603744149766 0.014820592823713 0.016380655226209 0.0093603744149766 0.0078003120124805 0.016380655226209 0.0179407176287051 0.0265210608424337 0 0.0101404056162246 0.0280811232449298 0.0327613104524181 0.0343213728549142 0.0093603744149766 0.0452418096723869 0.0101404056162246
"malTer" 0.0959438377535101 0.016380655226209 0.0117004680187207 0.0140405616224649 0.00234009360374415 0.0101404056162246 0.014820592823713 0.0171606864274571 0.0273010920436817 0.0101404056162246 0 0.0273010920436817 0.0335413416536661 0.030421216848674 0.00390015600624025 0.0452418096723869 0.0031201248049922
"mesTub" 0.105304212168487 0.0343213728549142 0.0249609984399376 0.030421216848674 0.0280811232449298 0.0288611544461778 0.0280811232449298 0.0288611544461778 0.0109204368174727 0.0280811232449298 0.0273010920436817 0 0.0280811232449298 0.0444617784711388 0.0265210608424337 0.0382215288611544 0.0273010920436817
"pelCas" 0.109204368174727 0.0390015600624025 0.0343213728549142 0.0382215288611544 0.0327613104524181 0.0343213728549142 0.0343213728549142 0.0366614664586583 0.0265210608424337 0.0327613104524181 0.0335413416536661 0.0280811232449298 0 0.0499219968798752 0.031201248049922 0.0397815912636505 0.0327613104524181
"pelSin" 0.0967238689547582 0.0405616224648986 0.0327613104524181 0.0335413416536661 0.0327613104524181 0.0358814352574103 0.0335413416536661 0.0335413416536661 0.0444617784711388 0.0343213728549142 0.030421216848674 0.0444617784711388 0.0499219968798752 0 0.031201248049922 0.0600624024960998 0.030421216848674
"plaMeg" 0.0951638065522621 0.015600624024961 0.0109204368174727 0.0132605304212168 0.0062402496099844 0.0093603744149766 0.0140405616224649 0.016380655226209 0.0265210608424337 0.0093603744149766 0.00390015600624025 0.0265210608424337 0.031201248049922 0.031201248049922 0 0.0444617784711388 0.00390015600624025
"podExp" 0.119344773790952 0.0514820592823713 0.0429017160686427 0.0499219968798752 0.0444617784711388 0.047581903276131 0.0460218408736349 0.046801872074883 0.0366614664586583 0.0452418096723869 0.0452418096723869 0.0382215288611544 0.0397815912636505 0.0600624024960998 0.0444617784711388 0 0.0429017160686427
"terMex" 0.092823712948518 0.016380655226209 0.0117004680187207 0.0140405616224649 0.00546021840873635 0.0101404056162246 0.014820592823713 0.0171606864274571 0.0273010920436817 0.0101404056162246 0.0031201248049922 0.0273010920436817 0.0327613104524181 0.030421216848674 0.00390015600624025 0.0429017160686427 0
