"carIns" "cheAbi" "cheMyd" "cheSer" "chrPic" "cuoAmb" "cuoMcc" "derCor" "derMaw" "emySub" "gopAga" "malTer" "mesTub" "pelCas" "pelSin" "plaMeg" "podExp" "terMex"
"carIns" 0 0.043261231281198 0.0782029950083195 0.0790349417637271 0.0657237936772047 0.0440931780366057 0.0415973377703827 0.0507487520798669 0.0440931780366057 0.0540765391014975 0.0599001663893511 0.0440931780366057 0.0773710482529118 0.0557404326123128 0.045757071547421 0.0391014975041597 0.0632279534109817 0.0391014975041597
"cheAbi" 0.043261231281198 0 0.0507487520798669 0.0574043261231281 0.0374376039933444 0.0124792013311148 0.0116472545757072 0.024126455906822 0.0257903494176373 0.0424292845257903 0.0316139767054908 0.019134775374376 0.064891846921797 0.0449251247920133 0.0374376039933444 0.0141430948419301 0.0524126455906822 0.0124792013311148
"cheMyd" 0.0782029950083195 0.0507487520798669 0 0.086522462562396 0.0540765391014975 0.0515806988352745 0.0507487520798669 0.0399334442595674 0.0574043261231281 0.0757071547420965 0.0499168053244592 0.0507487520798669 0.0965058236272879 0.0790349417637271 0.0698835274542429 0.0490848585690516 0.0815307820299501 0.0465890183028286
"cheSer" 0.0790349417637271 0.0574043261231281 0.086522462562396 0 0.0748752079866889 0.0549084858569052 0.0557404326123128 0.0582362728785358 0.0582362728785358 0.0790349417637271 0.0723793677204659 0.0565723793677205 0.103161397670549 0.0790349417637271 0.0715474209650582 0.0499168053244592 0.0823627287853577 0.0507487520798669
"chrPic" 0.0657237936772047 0.0374376039933444 0.0540765391014975 0.0748752079866889 0 0.0332778702163062 0.0324459234608985 0.0449251247920133 0.0449251247920133 0.0665557404326123 0.0391014975041597 0.024126455906822 0.0873544093178037 0.0682196339434276 0.0590682196339434 0.0332778702163062 0.0698835274542429 0.0291181364392679
"cuoAmb" 0.0440931780366057 0.0124792013311148 0.0515806988352745 0.0549084858569052 0.0332778702163062 0 0.00415973377703827 0.0232945091514143 0.0232945091514143 0.0391014975041597 0.0257903494176373 0.0149750415973378 0.0615640599001664 0.043261231281198 0.0366056572379368 0.00831946755407654 0.0474209650582363 0.00831946755407654
"cuoMcc" 0.0415973377703827 0.0116472545757072 0.0507487520798669 0.0557404326123128 0.0324459234608985 0.00415973377703827 0 0.0224625623960067 0.0224625623960067 0.0391014975041597 0.0249584026622296 0.0141430948419301 0.0615640599001664 0.043261231281198 0.0357737104825291 0.00748752079866889 0.0474209650582363 0.00748752079866889
"derCor" 0.0507487520798669 0.024126455906822 0.0399334442595674 0.0582362728785358 0.0449251247920133 0.0232945091514143 0.0224625623960067 0 0.0274542429284526 0.0465890183028286 0.0424292845257903 0.0232945091514143 0.0690515806988353 0.0499168053244592 0.0415973377703827 0.0199667221297837 0.0524126455906822 0.0174708818635607
"derMaw" 0.0440931780366057 0.0257903494176373 0.0574043261231281 0.0582362728785358 0.0449251247920133 0.0232945091514143 0.0224625623960067 0.0274542429284526 0 0.0449251247920133 0.0391014975041597 0.0232945091514143 0.0698835274542429 0.0474209650582363 0.0366056572379368 0.0183028286189684 0.0465890183028286 0.0174708818635607
"emySub" 0.0540765391014975 0.0424292845257903 0.0757071547420965 0.0790349417637271 0.0665557404326123 0.0391014975041597 0.0391014975041597 0.0465890183028286 0.0449251247920133 0 0.0582362728785358 0.0449251247920133 0.0524126455906822 0.0424292845257903 0.0574043261231281 0.0399334442595674 0.045757071547421 0.0391014975041597
"gopAga" 0.0599001663893511 0.0316139767054908 0.0499168053244592 0.0723793677204659 0.0391014975041597 0.0257903494176373 0.0249584026622296 0.0424292845257903 0.0391014975041597 0.0582362728785358 0 0.0332778702163062 0.0823627287853577 0.0607321131447587 0.0507487520798669 0.0274542429284526 0.0632279534109817 0.0274542429284526
"malTer" 0.0440931780366057 0.019134775374376 0.0507487520798669 0.0565723793677205 0.024126455906822 0.0149750415973378 0.0141430948419301 0.0232945091514143 0.0232945091514143 0.0449251247920133 0.0332778702163062 0 0.06738768718802 0.0474209650582363 0.0382695507487521 0.0116472545757072 0.0490848585690516 0.00748752079866889
"mesTub" 0.0773710482529118 0.064891846921797 0.0965058236272879 0.103161397670549 0.0873544093178037 0.0615640599001664 0.0615640599001664 0.0690515806988353 0.0698835274542429 0.0524126455906822 0.0823627287853577 0.06738768718802 0 0.0640599001663893 0.0773710482529118 0.0607321131447587 0.0723793677204659 0.0607321131447587
"pelCas" 0.0557404326123128 0.0449251247920133 0.0790349417637271 0.0790349417637271 0.0682196339434276 0.043261231281198 0.043261231281198 0.0499168053244592 0.0474209650582363 0.0424292845257903 0.0607321131447587 0.0474209650582363 0.0640599001663893 0 0.0524126455906822 0.0391014975041597 0.0341098169717138 0.040765391014975
"pelSin" 0.045757071547421 0.0374376039933444 0.0698835274542429 0.0715474209650582 0.0590682196339434 0.0366056572379368 0.0357737104825291 0.0415973377703827 0.0366056572379368 0.0574043261231281 0.0507487520798669 0.0382695507487521 0.0773710482529118 0.0524126455906822 0 0.0316139767054908 0.0549084858569052 0.0316139767054908
"plaMeg" 0.0391014975041597 0.0141430948419301 0.0490848585690516 0.0499168053244592 0.0332778702163062 0.00831946755407654 0.00748752079866889 0.0199667221297837 0.0183028286189684 0.0399334442595674 0.0274542429284526 0.0116472545757072 0.0607321131447587 0.0391014975041597 0.0316139767054908 0 0.0449251247920133 0.00499168053244592
"podExp" 0.0632279534109817 0.0524126455906822 0.0815307820299501 0.0823627287853577 0.0698835274542429 0.0474209650582363 0.0474209650582363 0.0524126455906822 0.0465890183028286 0.045757071547421 0.0632279534109817 0.0490848585690516 0.0723793677204659 0.0341098169717138 0.0549084858569052 0.0449251247920133 0 0.0440931780366057
"terMex" 0.0391014975041597 0.0124792013311148 0.0465890183028286 0.0507487520798669 0.0291181364392679 0.00831946755407654 0.00748752079866889 0.0174708818635607 0.0174708818635607 0.0391014975041597 0.0274542429284526 0.00748752079866889 0.0607321131447587 0.040765391014975 0.0316139767054908 0.00499168053244592 0.0440931780366057 0
