"carIns" "cheAbi" "cheMyd" "cheSer" "chrPic" "cuoAmb" "cuoMcc" "derCor" "derMaw" "emySub" "gopAga" "malTer" "mesTub" "pelCas" "pelSin" "plaMeg" "podExp" "terMex"
"carIns" 0 0.0726190476190476 0.0785714285714286 0.0726190476190476 0.0708333333333333 0.0726190476190476 0.0702380952380952 0.0761904761904762 0.0833333333333333 0.0946428571428571 0.0744047619047619 0.0708333333333333 0.0803571428571429 0.0857142857142857 0.0738095238095238 0.155952380952381 0.119047619047619 0.069047619047619
"cheAbi" 0.0726190476190476 0 0.0398809523809524 0.0357142857142857 0.0285714285714286 0.0202380952380952 0.018452380952381 0.0416666666666667 0.0458333333333333 0.075 0.0166666666666667 0.0279761904761905 0.0660714285714286 0.0803571428571429 0.0755952380952381 0.119047619047619 0.104761904761905 0.0279761904761905
"cheMyd" 0.0785714285714286 0.0398809523809524 0 0.031547619047619 0.0351190476190476 0.0386904761904762 0.0345238095238095 0.0214285714285714 0.0398809523809524 0.0744047619047619 0.0428571428571429 0.0369047619047619 0.0654761904761905 0.0791666666666667 0.0785714285714286 0.124404761904762 0.101190476190476 0.0351190476190476
"cheSer" 0.0726190476190476 0.0357142857142857 0.031547619047619 0 0.0273809523809524 0.0297619047619048 0.0291666666666667 0.0255952380952381 0.0369047619047619 0.0714285714285714 0.0363095238095238 0.0291666666666667 0.0648809523809524 0.0720238095238095 0.0708333333333333 0.120238095238095 0.0970238095238095 0.0255952380952381
"chrPic" 0.0708333333333333 0.0285714285714286 0.0351190476190476 0.0273809523809524 0 0.0261904761904762 0.0220238095238095 0.0351190476190476 0.0446428571428571 0.0744047619047619 0.0303571428571429 0.00773809523809524 0.0648809523809524 0.0761904761904762 0.075 0.1125 0.101190476190476 0.0136904761904762
"cuoAmb" 0.0726190476190476 0.0202380952380952 0.0386904761904762 0.0297619047619048 0.0261904761904762 0 0.00535714285714286 0.0398809523809524 0.0428571428571429 0.0732142857142857 0.0202380952380952 0.0255952380952381 0.0654761904761905 0.0744047619047619 0.0732142857142857 0.116071428571429 0.0988095238095238 0.0244047619047619
"cuoMcc" 0.0702380952380952 0.018452380952381 0.0345238095238095 0.0291666666666667 0.0220238095238095 0.00535714285714286 0 0.0357142857142857 0.0422619047619048 0.0708333333333333 0.018452380952381 0.0202380952380952 0.0630952380952381 0.0732142857142857 0.0720238095238095 0.113095238095238 0.0976190476190476 0.0238095238095238
"derCor" 0.0761904761904762 0.0416666666666667 0.0214285714285714 0.0255952380952381 0.0351190476190476 0.0398809523809524 0.0357142857142857 0 0.0470238095238095 0.0738095238095238 0.0428571428571429 0.0369047619047619 0.0660714285714286 0.0767857142857143 0.0744047619047619 0.123214285714286 0.101190476190476 0.0345238095238095
"derMaw" 0.0833333333333333 0.0458333333333333 0.0398809523809524 0.0369047619047619 0.0446428571428571 0.0428571428571429 0.0422619047619048 0.0470238095238095 0 0.0803571428571429 0.0476190476190476 0.0428571428571429 0.0708333333333333 0.0857142857142857 0.0839285714285714 0.128571428571429 0.111309523809524 0.0410714285714286
"emySub" 0.0946428571428571 0.075 0.0744047619047619 0.0714285714285714 0.0744047619047619 0.0732142857142857 0.0708333333333333 0.0738095238095238 0.0803571428571429 0 0.0773809523809524 0.0720238095238095 0.0357142857142857 0.0732142857142857 0.0946428571428571 0.160119047619048 0.0916666666666667 0.0726190476190476
"gopAga" 0.0744047619047619 0.0166666666666667 0.0428571428571429 0.0363095238095238 0.0303571428571429 0.0202380952380952 0.018452380952381 0.0428571428571429 0.0476190476190476 0.0773809523809524 0 0.0297619047619048 0.0678571428571429 0.080952380952381 0.0755952380952381 0.119047619047619 0.104166666666667 0.0291666666666667
"malTer" 0.0708333333333333 0.0279761904761905 0.0369047619047619 0.0291666666666667 0.00773809523809524 0.0255952380952381 0.0202380952380952 0.0369047619047619 0.0428571428571429 0.0720238095238095 0.0297619047619048 0 0.0625 0.075 0.0738095238095238 0.113095238095238 0.1 0.0142857142857143
"mesTub" 0.0803571428571429 0.0660714285714286 0.0654761904761905 0.0648809523809524 0.0648809523809524 0.0654761904761905 0.0630952380952381 0.0660714285714286 0.0708333333333333 0.0357142857142857 0.0678571428571429 0.0625 0 0.0672619047619048 0.0833333333333333 0.149404761904762 0.0791666666666667 0.0630952380952381
"pelCas" 0.0857142857142857 0.0803571428571429 0.0791666666666667 0.0720238095238095 0.0761904761904762 0.0744047619047619 0.0732142857142857 0.0767857142857143 0.0857142857142857 0.0732142857142857 0.080952380952381 0.075 0.0672619047619048 0 0.0922619047619048 0.153571428571429 0.0779761904761905 0.075
"pelSin" 0.0738095238095238 0.0755952380952381 0.0785714285714286 0.0708333333333333 0.075 0.0732142857142857 0.0720238095238095 0.0744047619047619 0.0839285714285714 0.0946428571428571 0.0755952380952381 0.0738095238095238 0.0833333333333333 0.0922619047619048 0 0.157738095238095 0.116071428571429 0.0732142857142857
"plaMeg" 0.155952380952381 0.119047619047619 0.124404761904762 0.120238095238095 0.1125 0.116071428571429 0.113095238095238 0.123214285714286 0.128571428571429 0.160119047619048 0.119047619047619 0.113095238095238 0.149404761904762 0.153571428571429 0.157738095238095 0 0.176785714285714 0.110714285714286
"podExp" 0.119047619047619 0.104761904761905 0.101190476190476 0.0970238095238095 0.101190476190476 0.0988095238095238 0.0976190476190476 0.101190476190476 0.111309523809524 0.0916666666666667 0.104166666666667 0.1 0.0791666666666667 0.0779761904761905 0.116071428571429 0.176785714285714 0 0.101190476190476
"terMex" 0.069047619047619 0.0279761904761905 0.0351190476190476 0.0255952380952381 0.0136904761904762 0.0244047619047619 0.0238095238095238 0.0345238095238095 0.0410714285714286 0.0726190476190476 0.0291666666666667 0.0142857142857143 0.0630952380952381 0.075 0.0732142857142857 0.110714285714286 0.101190476190476 0
