"carIns" "cheAbi" "cheMyd" "cheSer" "chrPic" "cuoAmb" "derMaw" "emySub" "gopAga" "malTer" "mesTub" "pelCas" "pelSin" "plaMeg" "podExp" "terMex"
"carIns" 0 0.170077628793225 0.222300635144672 0.163373323923783 0.164079040225829 0.166549047282992 0.172547635850388 0.171489061397318 0.170430486944248 0.171489061397318 0.176076217360621 0.190543401552576 0.173959068454481 0.161256175017643 0.192307692307692 0.164431898376853
"cheAbi" 0.170077628793225 0 0.105504587155963 0.0384615384615385 0.0278757939308398 0.018348623853211 0.0536344389555399 0.0631616090331687 0.0176429075511644 0.0402258292166549 0.0702187720536344 0.0839802399435427 0.0748059280169372 0.0197600564573042 0.0903316866619619 0.0243472124206069
"cheMyd" 0.222300635144672 0.105504587155963 0 0.0931545518701482 0.0988002822865208 0.102681721947777 0.109033168666196 0.120324629498941 0.10409315455187 0.110797459421313 0.123853211009174 0.139731827805222 0.130204657727594 0.0928016937191249 0.145024700070572 0.0963302752293578
"cheSer" 0.163373323923783 0.0384615384615385 0.0931545518701482 0 0.0328158080451658 0.0349329569513056 0.0395201129146083 0.0561044460127029 0.0402258292166549 0.0455187014820042 0.0628087508821454 0.0772759350741002 0.070924488355681 0.0247000705716302 0.0829216654904728 0.0289343683839097
"chrPic" 0.164079040225829 0.0278757939308398 0.0988002822865208 0.0328158080451658 0 0.0247000705716302 0.0455187014820042 0.0592801693719125 0.0303458009880028 0.0211714890613973 0.0656316160903317 0.0779816513761468 0.070924488355681 0.0155257586450247 0.0850388143966126 0.0119971771347918
"cuoAmb" 0.166549047282992 0.018348623853211 0.102681721947777 0.0349329569513056 0.0247000705716302 0 0.0494001411432604 0.0599858856739591 0.0204657727593507 0.0374029640084686 0.0677487649964714 0.0815102328863797 0.0730416372618208 0.0169371912491179 0.086803105151729 0.0218772053634439
"derMaw" 0.172547635850388 0.0536344389555399 0.109033168666196 0.0395201129146083 0.0455187014820042 0.0494001411432604 0 0.0677487649964714 0.0536344389555399 0.0571630204657728 0.0719830628087509 0.0906845448129852 0.0800988002822865 0.0405786873676782 0.0949188426252646 0.0437544107268878
"emySub" 0.171489061397318 0.0631616090331687 0.120324629498941 0.0561044460127029 0.0592801693719125 0.0599858856739591 0.0677487649964714 0 0.0656316160903317 0.0698659139026112 0.0349329569513056 0.0666901905434016 0.0769230769230769 0.0532815808045166 0.0723359209597742 0.0553987297106563
"gopAga" 0.170430486944248 0.0176429075511644 0.10409315455187 0.0402258292166549 0.0303458009880028 0.0204657727593507 0.0536344389555399 0.0656316160903317 0 0.0419901199717714 0.0705716302046577 0.086803105151729 0.0769230769230769 0.0211714890613973 0.0920959774170783 0.0275229357798165
"malTer" 0.171489061397318 0.0402258292166549 0.110797459421313 0.0455187014820042 0.0211714890613973 0.0374029640084686 0.0571630204657728 0.0698659139026112 0.0419901199717714 0 0.0758645024700071 0.0899788285109386 0.0836273817925194 0.0285815102328864 0.0959774170783345 0.0250529287226535
"mesTub" 0.176076217360621 0.0702187720536344 0.123853211009174 0.0628087508821454 0.0656316160903317 0.0677487649964714 0.0719830628087509 0.0349329569513056 0.0705716302046577 0.0758645024700071 0 0.0698659139026112 0.0822159491884263 0.0585744530698659 0.0758645024700071 0.0610444601270289
"pelCas" 0.190543401552576 0.0839802399435427 0.139731827805222 0.0772759350741002 0.0779816513761468 0.0815102328863797 0.0906845448129852 0.0666901905434016 0.086803105151729 0.0899788285109386 0.0698659139026112 0 0.0970359915314044 0.073394495412844 0.0606916019760056 0.0755116443189838
"pelSin" 0.173959068454481 0.0748059280169372 0.130204657727594 0.070924488355681 0.070924488355681 0.0730416372618208 0.0800988002822865 0.0769230769230769 0.0769230769230769 0.0836273817925194 0.0822159491884263 0.0970359915314044 0 0.0666901905434016 0.10409315455187 0.0677487649964714
"plaMeg" 0.161256175017643 0.0197600564573042 0.0928016937191249 0.0247000705716302 0.0155257586450247 0.0169371912491179 0.0405786873676782 0.0532815808045166 0.0211714890613973 0.0285815102328864 0.0585744530698659 0.073394495412844 0.0666901905434016 0 0.0797459421312632 0.0119971771347918
"podExp" 0.192307692307692 0.0903316866619619 0.145024700070572 0.0829216654904728 0.0850388143966126 0.086803105151729 0.0949188426252646 0.0723359209597742 0.0920959774170783 0.0959774170783345 0.0758645024700071 0.0606916019760056 0.10409315455187 0.0797459421312632 0 0.0815102328863797
"terMex" 0.164431898376853 0.0243472124206069 0.0963302752293578 0.0289343683839097 0.0119971771347918 0.0218772053634439 0.0437544107268878 0.0553987297106563 0.0275229357798165 0.0250529287226535 0.0610444601270289 0.0755116443189838 0.0677487649964714 0.0119971771347918 0.0815102328863797 0
