"carIns" "cheAbi" "cheMyd" "cheSer" "cuoAmb" "derCor" "derMaw" "emySub" "gopAga" "mesTub" "pelCas" "plaMeg" "podExp" "terMex"
"carIns" 0 0.0691823899371069 0.0578616352201258 0.0622641509433962 0.123899371069182 0.059748427672956 0.0685534591194969 0.0735849056603774 0.069811320754717 0.0754716981132075 0.0742138364779874 0.0616352201257862 0.0811320754716981 0.167924528301887
"cheAbi" 0.0691823899371069 0 0.0433962264150943 0.0377358490566038 0.0855345911949685 0.0389937106918239 0.0540880503144654 0.069811320754717 0.0182389937106918 0.0716981132075472 0.069811320754717 0.0283018867924528 0.0716981132075472 0.142138364779874
"cheMyd" 0.0578616352201258 0.0433962264150943 0 0.0283018867924528 0.0930817610062893 0.0220125786163522 0.0421383647798742 0.060377358490566 0.0408805031446541 0.0654088050314465 0.0616352201257862 0.0276729559748428 0.0742138364779874 0.137735849056604
"cheSer" 0.0622641509433962 0.0377358490566038 0.0283018867924528 0 0.0930817610062893 0.0289308176100629 0.0377358490566038 0.0584905660377358 0.0415094339622641 0.0635220125786164 0.0660377358490566 0.0257861635220126 0.0710691823899371 0.135849056603774
"cuoAmb" 0.123899371069182 0.0855345911949685 0.0930817610062893 0.0930817610062893 0 0.0937106918238994 0.105660377358491 0.120125786163522 0.0880503144654088 0.123270440251572 0.123270440251572 0.0817610062893082 0.132075471698113 0.19559748427673
"derCor" 0.059748427672956 0.0389937106918239 0.0220125786163522 0.0289308176100629 0.0937106918238994 0 0.0446540880503145 0.0591194968553459 0.0415094339622641 0.0641509433962264 0.0672955974842767 0.029559748427673 0.0742138364779874 0.135849056603774
"derMaw" 0.0685534591194969 0.0540880503144654 0.0421383647798742 0.0377358490566038 0.105660377358491 0.0446540880503145 0 0.0654088050314465 0.0584905660377358 0.0672955974842767 0.070440251572327 0.0446540880503145 0.0830188679245283 0.152201257861635
"emySub" 0.0735849056603774 0.069811320754717 0.060377358490566 0.0584905660377358 0.120125786163522 0.0591194968553459 0.0654088050314465 0 0.0729559748427673 0.0421383647798742 0.0559748427672956 0.0616352201257862 0.069811320754717 0.162264150943396
"gopAga" 0.069811320754717 0.0182389937106918 0.0408805031446541 0.0415094339622641 0.0880503144654088 0.0415094339622641 0.0584905660377358 0.0729559748427673 0 0.0710691823899371 0.0716981132075472 0.0276729559748428 0.0716981132075472 0.143396226415094
"mesTub" 0.0754716981132075 0.0716981132075472 0.0654088050314465 0.0635220125786164 0.123270440251572 0.0641509433962264 0.0672955974842767 0.0421383647798742 0.0710691823899371 0 0.0522012578616352 0.0628930817610063 0.0540880503144654 0.171698113207547
"pelCas" 0.0742138364779874 0.069811320754717 0.0616352201257862 0.0660377358490566 0.123270440251572 0.0672955974842767 0.070440251572327 0.0559748427672956 0.0716981132075472 0.0522012578616352 0 0.0641509433962264 0.0440251572327044 0.167924528301887
"plaMeg" 0.0616352201257862 0.0283018867924528 0.0276729559748428 0.0257861635220126 0.0817610062893082 0.029559748427673 0.0446540880503145 0.0616352201257862 0.0276729559748428 0.0628930817610063 0.0641509433962264 0 0.0666666666666667 0.130188679245283
"podExp" 0.0811320754716981 0.0716981132075472 0.0742138364779874 0.0710691823899371 0.132075471698113 0.0742138364779874 0.0830188679245283 0.069811320754717 0.0716981132075472 0.0540880503144654 0.0440251572327044 0.0666666666666667 0 0.172955974842767
"terMex" 0.167924528301887 0.142138364779874 0.137735849056604 0.135849056603774 0.19559748427673 0.135849056603774 0.152201257861635 0.162264150943396 0.143396226415094 0.171698113207547 0.167924528301887 0.130188679245283 0.172955974842767 0
