"carIns" "cheAbi" "cheMyd" "chrPic" "cuoAmb" "derCor" "derMaw" "emySub" "gopAga" "malTer" "mesTub" "podExp" "terMex"
"carIns" 0 0.123239436619718 0.112676056338028 0.109154929577465 0.116197183098592 0.109154929577465 0.121478873239437 0.119718309859155 0.172535211267606 0.110915492957746 0.126760563380282 0.184859154929577 0.107394366197183
"cheAbi" 0.123239436619718 0 0.0193661971830986 0.0158450704225352 0.0299295774647887 0.0246478873239437 0.0457746478873239 0.0387323943661972 0.0686619718309859 0.0176056338028169 0.0580985915492958 0.107394366197183 0.0176056338028169
"cheMyd" 0.112676056338028 0.0193661971830986 0 0.00352112676056338 0.0316901408450704 0.00880281690140845 0.0369718309859155 0.0264084507042254 0.0809859154929577 0.00528169014084507 0.0475352112676056 0.0933098591549296 0.00528169014084507
"chrPic" 0.109154929577465 0.0158450704225352 0.00352112676056338 0 0.028169014084507 0.00880281690140845 0.0334507042253521 0.0264084507042254 0.0774647887323944 0.00176056338028169 0.0475352112676056 0.0933098591549296 0.00176056338028169
"cuoAmb" 0.116197183098592 0.0299295774647887 0.0316901408450704 0.028169014084507 0 0.0369718309859155 0.0422535211267606 0.0545774647887324 0.0845070422535211 0.0299295774647887 0.0633802816901408 0.11443661971831 0.0299295774647887
"derCor" 0.109154929577465 0.0246478873239437 0.00880281690140845 0.00880281690140845 0.0369718309859155 0 0.0422535211267606 0.0316901408450704 0.0862676056338028 0.0105633802816901 0.0475352112676056 0.0985915492957746 0.0105633802816901
"derMaw" 0.121478873239437 0.0457746478873239 0.0369718309859155 0.0334507042253521 0.0422535211267606 0.0422535211267606 0 0.0563380281690141 0.102112676056338 0.0352112676056338 0.0598591549295775 0.11443661971831 0.0352112676056338
"emySub" 0.119718309859155 0.0387323943661972 0.0264084507042254 0.0264084507042254 0.0545774647887324 0.0316901408450704 0.0563380281690141 0 0.096830985915493 0.028169014084507 0.0422535211267606 0.0985915492957746 0.028169014084507
"gopAga" 0.172535211267606 0.0686619718309859 0.0809859154929577 0.0774647887323944 0.0845070422535211 0.0862676056338028 0.102112676056338 0.096830985915493 0 0.0792253521126761 0.119718309859155 0.163732394366197 0.0792253521126761
"malTer" 0.110915492957746 0.0176056338028169 0.00528169014084507 0.00176056338028169 0.0299295774647887 0.0105633802816901 0.0352112676056338 0.028169014084507 0.0792253521126761 0 0.0492957746478873 0.0950704225352113 0.00352112676056338
"mesTub" 0.126760563380282 0.0580985915492958 0.0475352112676056 0.0475352112676056 0.0633802816901408 0.0475352112676056 0.0598591549295775 0.0422535211267606 0.119718309859155 0.0492957746478873 0 0.119718309859155 0.0492957746478873
"podExp" 0.184859154929577 0.107394366197183 0.0933098591549296 0.0933098591549296 0.11443661971831 0.0985915492957746 0.11443661971831 0.0985915492957746 0.163732394366197 0.0950704225352113 0.119718309859155 0 0.0950704225352113
"terMex" 0.107394366197183 0.0176056338028169 0.00528169014084507 0.00176056338028169 0.0299295774647887 0.0105633802816901 0.0352112676056338 0.028169014084507 0.0792253521126761 0.00352112676056338 0.0492957746478873 0.0950704225352113 0
