"carIns" "cheAbi" "cheMyd" "cheSer" "chrPic" "cuoAmb" "cuoMcc" "derCor" "emySub" "gopAga" "malTer" "mesTub" "pelCas" "pelSin" "plaMeg" "podExp" "terMex"
"carIns" 0 0.069601677148847 0.0721174004192872 0.0666666666666667 0.0662473794549266 0.136687631027254 0.070020964360587 0.0729559748427673 0.0758909853249476 0.0733752620545073 0.0662473794549266 0.0767295597484277 0.0872117400419287 0.080083857442348 0.0612159329140461 0.0909853249475891 0.0649895178197065
"cheAbi" 0.069601677148847 0 0.0293501048218029 0.0247379454926625 0.0226415094339623 0.0951781970649895 0.0180293501048218 0.0314465408805031 0.0465408805031447 0.0171907756813417 0.0218029350104822 0.0431865828092243 0.059538784067086 0.0582809224318658 0.0142557651991614 0.069601677148847 0.019706498951782
"cheMyd" 0.0721174004192872 0.0293501048218029 0 0.0293501048218029 0.0289308176100629 0.10314465408805 0.0293501048218029 0.0218029350104822 0.050314465408805 0.0339622641509434 0.0280922431865828 0.049895178197065 0.0633123689727463 0.0616352201257862 0.0226415094339623 0.0729559748427673 0.0259958071278826
"cheSer" 0.0666666666666667 0.0247379454926625 0.0293501048218029 0 0.0230607966457023 0.10230607966457 0.0268343815513627 0.0310272536687631 0.0457023060796646 0.0310272536687631 0.0222222222222222 0.0440251572327044 0.0570230607966457 0.060377358490566 0.0176100628930818 0.0683438155136268 0.020125786163522
"chrPic" 0.0662473794549266 0.0226415094339623 0.0289308176100629 0.0230607966457023 0 0.10020964360587 0.0222222222222222 0.029769392033543 0.0444444444444444 0.0272536687631027 0.00335429769392034 0.0436058700209644 0.0591194968553459 0.0574423480083857 0.0121593291404612 0.0666666666666667 0.010482180293501
"cuoAmb" 0.136687631027254 0.0951781970649895 0.10314465408805 0.10230607966457 0.10020964360587 0 0.0867924528301887 0.10356394129979 0.121174004192872 0.0989517819706499 0.0993710691823899 0.120335429769392 0.132494758909853 0.127882599580713 0.0922431865828092 0.142976939203354 0.0960167714884696
"cuoMcc" 0.070020964360587 0.0180293501048218 0.0293501048218029 0.0268343815513627 0.0222222222222222 0.0867924528301887 0 0.0310272536687631 0.0469601677148847 0.0226415094339623 0.0222222222222222 0.0444444444444444 0.060377358490566 0.0578616352201258 0.0146750524109015 0.0716981132075472 0.0192872117400419
"derCor" 0.0729559748427673 0.0314465408805031 0.0218029350104822 0.0310272536687631 0.029769392033543 0.10356394129979 0.0310272536687631 0 0.0540880503144654 0.0373165618448637 0.0289308176100629 0.0519916142557652 0.0666666666666667 0.0628930817610063 0.0234800838574423 0.0750524109014675 0.0264150943396226
"emySub" 0.0758909853249476 0.0465408805031447 0.050314465408805 0.0457023060796646 0.0444444444444444 0.121174004192872 0.0469601677148847 0.0540880503144654 0 0.0519916142557652 0.0427672955974843 0.0171907756813417 0.049475890985325 0.0645702306079665 0.0394129979035639 0.059958071278826 0.0423480083857442
"gopAga" 0.0733752620545073 0.0171907756813417 0.0339622641509434 0.0310272536687631 0.0272536687631027 0.0989517819706499 0.0226415094339623 0.0373165618448637 0.0519916142557652 0 0.0264150943396226 0.049475890985325 0.0658280922431866 0.0645702306079665 0.019706498951782 0.0742138364779874 0.0234800838574423
"malTer" 0.0662473794549266 0.0218029350104822 0.0280922431865828 0.0222222222222222 0.00335429769392034 0.0993710691823899 0.0222222222222222 0.0289308176100629 0.0427672955974843 0.0264150943396226 0 0.0415094339622641 0.0582809224318658 0.0566037735849057 0.0113207547169811 0.0666666666666667 0.00964360587002096
"mesTub" 0.0767295597484277 0.0431865828092243 0.049895178197065 0.0440251572327044 0.0436058700209644 0.120335429769392 0.0444444444444444 0.0519916142557652 0.0171907756813417 0.049475890985325 0.0415094339622641 0 0.049895178197065 0.0654088050314465 0.0385744234800839 0.060377358490566 0.0415094339622641
"pelCas" 0.0872117400419287 0.059538784067086 0.0633123689727463 0.0570230607966457 0.0591194968553459 0.132494758909853 0.060377358490566 0.0666666666666667 0.049475890985325 0.0658280922431866 0.0582809224318658 0.049895178197065 0 0.0784067085953878 0.0515723270440252 0.0557651991614256 0.0553459119496855
"pelSin" 0.080083857442348 0.0582809224318658 0.0616352201257862 0.060377358490566 0.0574423480083857 0.127882599580713 0.0578616352201258 0.0628930817610063 0.0645702306079665 0.0645702306079665 0.0566037735849057 0.0654088050314465 0.0784067085953878 0 0.0511530398322851 0.0825995807127883 0.0545073375262055
"plaMeg" 0.0612159329140461 0.0142557651991614 0.0226415094339623 0.0176100628930818 0.0121593291404612 0.0922431865828092 0.0146750524109015 0.0234800838574423 0.0394129979035639 0.019706498951782 0.0113207547169811 0.0385744234800839 0.0515723270440252 0.0511530398322851 0 0.0624737945492662 0.00922431865828092
"podExp" 0.0909853249475891 0.069601677148847 0.0729559748427673 0.0683438155136268 0.0666666666666667 0.142976939203354 0.0716981132075472 0.0750524109014675 0.059958071278826 0.0742138364779874 0.0666666666666667 0.060377358490566 0.0557651991614256 0.0825995807127883 0.0624737945492662 0 0.0641509433962264
"terMex" 0.0649895178197065 0.019706498951782 0.0259958071278826 0.020125786163522 0.010482180293501 0.0960167714884696 0.0192872117400419 0.0264150943396226 0.0423480083857442 0.0234800838574423 0.00964360587002096 0.0415094339622641 0.0553459119496855 0.0545073375262055 0.00922431865828092 0.0641509433962264 0
