"cheAbi" "cheMyd" "chrPic" "cuoAmb" "cuoMcc" "derCor" "derMaw" "emySub" "gopAga" "malTer" "mesTub" "pelSin" "plaMeg" "podExp" "terMex"
"cheAbi" 0 0.142434696895022 0.130606209955643 0.121241991128635 0.12419911286348 0.149827501232134 0.146377525874815 0.154756037456875 0.119763430261212 0.131099063578117 0.226712666338098 0.172498767865944 0.127649088220798 0.183834401182849 0.127649088220798
"cheMyd" 0.142434696895022 0 0.0359783144406111 0.0399211434204041 0.0418925579103006 0.0305569245933958 0.0458353868900936 0.0665352390340069 0.0463282405125678 0.0379497289305076 0.138491867915229 0.0852636766880237 0.0330211927057664 0.104977821586989 0.0330211927057664
"chrPic" 0.130606209955643 0.0359783144406111 0 0.0256283883686545 0.0271069492360769 0.0463282405125678 0.043371118777723 0.0616067028092656 0.0320354854608181 0.007885657959586 0.135534746180384 0.0808279940857565 0.0167570231641203 0.0990635781172992 0.0123213405618531
"cuoAmb" 0.121241991128635 0.0399211434204041 0.0256283883686545 0 0.00542138984721538 0.0482996550024643 0.047313947757516 0.0635781172991621 0.0231641202562839 0.0261212419911286 0.135534746180384 0.082799408575653 0.0216855593888615 0.102020699852144 0.0231641202562839
"cuoMcc" 0.12419911286348 0.0418925579103006 0.0271069492360769 0.00542138984721538 0 0.051256776737309 0.0487925086249384 0.0650566781665845 0.0256283883686545 0.027599802858551 0.136027599802859 0.0842779694430754 0.0241498275012321 0.102513553474618 0.0256283883686545
"derCor" 0.149827501232134 0.0305569245933958 0.0463282405125678 0.0482996550024643 0.051256776737309 0 0.0532281912272055 0.074913750616067 0.0547067520946279 0.0468210941350419 0.141941843272548 0.0931493346476097 0.0428782651552489 0.115820601281419 0.0423854115327748
"derMaw" 0.146377525874815 0.0458353868900936 0.043371118777723 0.047313947757516 0.0487925086249384 0.0532281912272055 0 0.0689995071463775 0.051256776737309 0.0443568260226713 0.139477575160177 0.0862493839329719 0.0399211434204041 0.102513553474618 0.0399211434204041
"emySub" 0.154756037456875 0.0665352390340069 0.0616067028092656 0.0635781172991621 0.0650566781665845 0.074913750616067 0.0689995071463775 0 0.0675209462789551 0.0635781172991621 0.101034992607196 0.0847708230655495 0.0566781665845244 0.0768851651059635 0.0581567274519468
"gopAga" 0.119763430261212 0.0463282405125678 0.0320354854608181 0.0231641202562839 0.0256283883686545 0.0547067520946279 0.051256776737309 0.0675209462789551 0 0.0320354854608181 0.140463282405126 0.0862493839329719 0.0290783637259734 0.104484967964515 0.0305569245933958
"malTer" 0.131099063578117 0.0379497289305076 0.007885657959586 0.0261212419911286 0.027599802858551 0.0468210941350419 0.0443568260226713 0.0635781172991621 0.0320354854608181 0 0.136520453425333 0.0823065549531789 0.0187284376540168 0.0995564317397733 0.0142927550517496
"mesTub" 0.226712666338098 0.138491867915229 0.135534746180384 0.135534746180384 0.136027599802859 0.141941843272548 0.139477575160177 0.101034992607196 0.140463282405126 0.136520453425333 0 0.153277476589453 0.131591917200591 0.151798915722031 0.13257762444554
"pelSin" 0.172498767865944 0.0852636766880237 0.0808279940857565 0.082799408575653 0.0842779694430754 0.0931493346476097 0.0862493839329719 0.0847708230655495 0.0862493839329719 0.0823065549531789 0.153277476589453 0 0.0763923114834894 0.122227698373583 0.0763923114834894
"plaMeg" 0.127649088220798 0.0330211927057664 0.0167570231641203 0.0216855593888615 0.0241498275012321 0.0428782651552489 0.0399211434204041 0.0566781665845244 0.0290783637259734 0.0187284376540168 0.131591917200591 0.0763923114834894 0 0.0956136027599803 0.0133070478068014
"podExp" 0.183834401182849 0.104977821586989 0.0990635781172992 0.102020699852144 0.102513553474618 0.115820601281419 0.102513553474618 0.0768851651059635 0.104484967964515 0.0995564317397733 0.151798915722031 0.122227698373583 0.0956136027599803 0 0.0970921636274027
"terMex" 0.127649088220798 0.0330211927057664 0.0123213405618531 0.0231641202562839 0.0256283883686545 0.0423854115327748 0.0399211434204041 0.0581567274519468 0.0305569245933958 0.0142927550517496 0.13257762444554 0.0763923114834894 0.0133070478068014 0.0970921636274027 0
