"carIns" "cheAbi" "cheMyd" "cheSer" "chrPic" "cuoAmb" "cuoMcc" "derCor" "derMaw" "emySub" "gopAga" "malTer" "mesTub" "pelCas" "pelSin" "plaMeg" "podExp"
"carIns" 0 0.0757931844888367 0.0746180963572268 0.18566392479436 0.0740305522914219 0.0757931844888367 0.0757931844888367 0.0810810810810811 0.0787309048178613 0.174500587544066 0.0746180963572268 0.072855464159812 0.072267920094007 0.082256169212691 0.0928319623971798 0.0705052878965922 0.180376028202115
"cheAbi" 0.0757931844888367 0 0.0240893066980024 0.13572267920094 0.0158636897767333 0.0135135135135135 0.0141010575793184 0.0299647473560517 0.027027027027027 0.133960047003525 0.0105757931844888 0.0152761457109283 0.0522914218566393 0.0387779083431257 0.081668625146886 0.0146886016451234 0.141010575793184
"cheMyd" 0.0746180963572268 0.0240893066980024 0 0.13572267920094 0.0235017626321974 0.0240893066980024 0.0235017626321974 0.0170387779083431 0.0264394829612221 0.14042303172738 0.0229142185663925 0.0229142185663925 0.0564042303172738 0.0440658049353701 0.0857814336075206 0.0199764982373678 0.147473560517039
"cheSer" 0.18566392479436 0.13572267920094 0.13572267920094 0 0.132784958871915 0.133960047003525 0.13454759106933 0.14042303172738 0.13572267920094 0.142185663924794 0.13454759106933 0.132784958871915 0.165099882491187 0.147473560517039 0.190951821386604 0.128672150411281 0.170975323149236
"chrPic" 0.0740305522914219 0.0158636897767333 0.0235017626321974 0.132784958871915 0 0.0164512338425382 0.0170387779083431 0.0264394829612221 0.0240893066980024 0.133960047003525 0.0164512338425382 0.00411280846063455 0.0487661574618096 0.0370152761457109 0.081668625146886 0.00646298472385429 0.142185663924794
"cuoAmb" 0.0757931844888367 0.0135135135135135 0.0240893066980024 0.133960047003525 0.0164512338425382 0 0.00646298472385429 0.0287896592244418 0.027614571092832 0.133960047003525 0.0152761457109283 0.0158636897767333 0.0511163337250294 0.0405405405405405 0.0828437132784959 0.0141010575793184 0.142773207990599
"cuoMcc" 0.0757931844888367 0.0141010575793184 0.0235017626321974 0.13454759106933 0.0170387779083431 0.00646298472385429 0 0.027614571092832 0.0282021151586369 0.13454759106933 0.0135135135135135 0.0164512338425382 0.0517038777908343 0.0411280846063455 0.0828437132784959 0.0146886016451234 0.143360752056404
"derCor" 0.0810810810810811 0.0299647473560517 0.0170387779083431 0.14042303172738 0.0264394829612221 0.0287896592244418 0.027614571092832 0 0.0311398354876616 0.145710928319624 0.027027027027027 0.0246768507638073 0.0622796709753232 0.0481786133960047 0.0887191539365452 0.0229142185663925 0.155111633372503
"derMaw" 0.0787309048178613 0.027027027027027 0.0264394829612221 0.13572267920094 0.0240893066980024 0.027614571092832 0.0282021151586369 0.0311398354876616 0 0.135135135135135 0.027614571092832 0.0235017626321974 0.0522914218566393 0.0440658049353701 0.09048178613396 0.0205640423031727 0.148061104582844
"emySub" 0.174500587544066 0.133960047003525 0.14042303172738 0.142185663924794 0.133960047003525 0.133960047003525 0.13454759106933 0.145710928319624 0.135135135135135 0 0.133960047003525 0.13454759106933 0.142185663924794 0.133960047003525 0.186839012925969 0.130434782608696 0.159811985898942
"gopAga" 0.0746180963572268 0.0105757931844888 0.0229142185663925 0.13454759106933 0.0164512338425382 0.0152761457109283 0.0135135135135135 0.027027027027027 0.027614571092832 0.133960047003525 0 0.0158636897767333 0.0522914218566393 0.0393654524089307 0.0793184488836663 0.0141010575793184 0.14042303172738
"malTer" 0.072855464159812 0.0152761457109283 0.0229142185663925 0.132784958871915 0.00411280846063455 0.0158636897767333 0.0164512338425382 0.0246768507638073 0.0235017626321974 0.13454759106933 0.0158636897767333 0 0.0487661574618096 0.036427732079906 0.082256169212691 0.00587544065804935 0.141598119858989
"mesTub" 0.072267920094007 0.0522914218566393 0.0564042303172738 0.165099882491187 0.0487661574618096 0.0511163337250294 0.0517038777908343 0.0622796709753232 0.0522914218566393 0.142185663924794 0.0522914218566393 0.0487661574618096 0 0.0558166862514689 0.0851938895417156 0.04524089306698 0.157461809635723
"pelCas" 0.082256169212691 0.0387779083431257 0.0440658049353701 0.147473560517039 0.0370152761457109 0.0405405405405405 0.0411280846063455 0.0481786133960047 0.0440658049353701 0.133960047003525 0.0393654524089307 0.036427732079906 0.0558166862514689 0 0.0992949471210341 0.0334900117508813 0.137485311398355
"pelSin" 0.0928319623971798 0.081668625146886 0.0857814336075206 0.190951821386604 0.081668625146886 0.0828437132784959 0.0828437132784959 0.0887191539365452 0.09048178613396 0.186839012925969 0.0793184488836663 0.082256169212691 0.0851938895417156 0.0992949471210341 0 0.0787309048178613 0.192714453584019
"plaMeg" 0.0705052878965922 0.0146886016451234 0.0199764982373678 0.128672150411281 0.00646298472385429 0.0141010575793184 0.0146886016451234 0.0229142185663925 0.0205640423031727 0.130434782608696 0.0141010575793184 0.00587544065804935 0.04524089306698 0.0334900117508813 0.0787309048178613 0 0.13807285546416
"podExp" 0.180376028202115 0.141010575793184 0.147473560517039 0.170975323149236 0.142185663924794 0.142773207990599 0.143360752056404 0.155111633372503 0.148061104582844 0.159811985898942 0.14042303172738 0.141598119858989 0.157461809635723 0.137485311398355 0.192714453584019 0.13807285546416 0
