"cheAbi" "cheMyd" "derMaw" "emySub" "gopAga" "mesTub" "pelSin" "plaMeg" "podExp" "terMex"
"cheAbi" 0 0.362017804154303 0.37784371909001 0.326409495548961 0.311572700296736 0.332344213649852 0.381800197823937 0.313550939663699 0.344213649851632 0.313550939663699
"cheMyd" 0.362017804154303 0 0.351137487636004 0.0722057368941642 0.0633036597428289 0.0850642927794263 0.107814045499505 0.0583580613254204 0.20375865479723 0.0573689416419387
"derMaw" 0.37784371909001 0.351137487636004 0 0.315529179030663 0.306627101879327 0.323442136498516 0.370919881305638 0.305637982195846 0.341246290801187 0.301681503461919
"emySub" 0.326409495548961 0.0722057368941642 0.315529179030663 0 0.0375865479723047 0.019782393669634 0.114737883283877 0.0316518298714144 0.150346191889219 0.0316518298714144
"gopAga" 0.311572700296736 0.0633036597428289 0.306627101879327 0.0375865479723047 0 0.0445103857566766 0.121661721068249 0.0128585558852621 0.165182987141444 0.0148367952522255
"mesTub" 0.332344213649852 0.0850642927794263 0.323442136498516 0.019782393669634 0.0445103857566766 0 0.124629080118694 0.039564787339268 0.158259149357072 0.0425321463897132
"pelSin" 0.381800197823937 0.107814045499505 0.370919881305638 0.114737883283877 0.121661721068249 0.124629080118694 0 0.116716122650841 0.207715133531157 0.115727002967359
"plaMeg" 0.313550939663699 0.0583580613254204 0.305637982195846 0.0316518298714144 0.0128585558852621 0.039564787339268 0.116716122650841 0 0.163204747774481 0.00989119683481701
"podExp" 0.344213649851632 0.20375865479723 0.341246290801187 0.150346191889219 0.165182987141444 0.158259149357072 0.207715133531157 0.163204747774481 0 0.163204747774481
"terMex" 0.313550939663699 0.0573689416419387 0.301681503461919 0.0316518298714144 0.0148367952522255 0.0425321463897132 0.115727002967359 0.00989119683481701 0.163204747774481 0
