"carIns" "cheAbi" "cheMyd" "cheSer" "chrPic" "cuoAmb" "cuoMcc" "derCor" "derMaw" "emySub" "gopAga" "malTer" "mesTub" "pelCas" "pelSin" "plaMeg" "podExp" "terMex"
"carIns" 0 0.0576314122862571 0.0607979734008866 0.0588980367321089 0.058264724509183 0.0620645978467384 0.0626979100696643 0.0569981000633312 0.0626979100696643 0.0981633945535149 0.058264724509183 0.0753641545281824 0.0702976567447752 0.0797973400886637 0.0943635212159595 0.0500316656111463 0.0747308423052565 0.0595313489550348
"cheAbi" 0.0576314122862571 0 0.0367321089297023 0.0405319822672578 0.0335655478150728 0.0139328689043699 0.0145661811272958 0.0373654211526282 0.0398986700443319 0.0785307156428119 0.00886637112096264 0.0525649145028499 0.0576314122862571 0.0607979734008866 0.0867637745408486 0.0208993033565548 0.0595313489550348 0.0329322355921469
"cheMyd" 0.0607979734008866 0.0367321089297023 0 0.0316656111462951 0.0234325522482584 0.0373654211526282 0.0379987333755542 0.0246991766941102 0.0310322989233692 0.0791640278657378 0.0348321722609246 0.0500316656111463 0.0500316656111463 0.0645978467384421 0.0747308423052565 0.0297656744775174 0.0550981633945535 0.0348321722609246
"cheSer" 0.0588980367321089 0.0405319822672578 0.0316656111462951 0 0.0278657378087397 0.0405319822672578 0.0411652944901837 0.0272324255858138 0.0297656744775174 0.0759974667511083 0.0386320455984801 0.0487650411652945 0.0474984167194427 0.0683977200759975 0.0835972134262191 0.0284990500316656 0.0550981633945535 0.0272324255858138
"chrPic" 0.058264724509183 0.0335655478150728 0.0234325522482584 0.0278657378087397 0 0.0354654844838505 0.0360987967067764 0.0234325522482584 0.0265991133628879 0.0766307789740342 0.0329322355921469 0.0316656111462951 0.0462317922735909 0.0664977834072198 0.071564281190627 0.0215326155794807 0.0487650411652945 0.019632678910703
"cuoAmb" 0.0620645978467384 0.0139328689043699 0.0373654211526282 0.0405319822672578 0.0354654844838505 0 0.00569981000633312 0.0379987333755542 0.0424319189360355 0.0797973400886637 0.0101329955668144 0.0525649145028499 0.0588980367321089 0.0614312856238125 0.090563647878404 0.0221659278024066 0.0607979734008866 0.0341988600379987
"cuoMcc" 0.0626979100696643 0.0145661811272958 0.0379987333755542 0.0411652944901837 0.0360987967067764 0.00569981000633312 0 0.0386320455984801 0.0430652311589614 0.0804306523115896 0.0107663077897403 0.0544648511716276 0.0595313489550348 0.0614312856238125 0.09119696010133 0.0227992400253325 0.0607979734008866 0.0348321722609246
"derCor" 0.0569981000633312 0.0373654211526282 0.0246991766941102 0.0272324255858138 0.0234325522482584 0.0379987333755542 0.0386320455984801 0 0.032298923369221 0.077897403419886 0.0354654844838505 0.0424319189360355 0.0468651044965168 0.0664977834072198 0.0810639645345155 0.0253324889170361 0.0531982267257758 0.0240658644711843
"derMaw" 0.0626979100696643 0.0398986700443319 0.0310322989233692 0.0297656744775174 0.0265991133628879 0.0424319189360355 0.0430652311589614 0.032298923369221 0 0.0772640911969601 0.0398986700443319 0.0493983533882204 0.0493983533882204 0.0709309689677011 0.0848638378720709 0.0297656744775174 0.0569981000633312 0.0341988600379987
"emySub" 0.0981633945535149 0.0785307156428119 0.0791640278657378 0.0759974667511083 0.0766307789740342 0.0797973400886637 0.0804306523115896 0.077897403419886 0.0772640911969601 0 0.0772640911969601 0.097530082330589 0.0658644711842939 0.097530082330589 0.113996200126662 0.0740975300823306 0.0791640278657378 0.0759974667511083
"gopAga" 0.058264724509183 0.00886637112096264 0.0348321722609246 0.0386320455984801 0.0329322355921469 0.0101329955668144 0.0107663077897403 0.0354654844838505 0.0398986700443319 0.0772640911969601 0 0.051931602279924 0.0563647878404053 0.0614312856238125 0.0873970867637745 0.0183660544648512 0.0588980367321089 0.0316656111462951
"malTer" 0.0753641545281824 0.0525649145028499 0.0500316656111463 0.0487650411652945 0.0316656111462951 0.0525649145028499 0.0544648511716276 0.0424319189360355 0.0493983533882204 0.097530082330589 0.051931602279924 0 0.065231158961368 0.084230525649145 0.0968967701076631 0.0405319822672578 0.0709309689677011 0.039265357821406
"mesTub" 0.0702976567447752 0.0576314122862571 0.0500316656111463 0.0474984167194427 0.0462317922735909 0.0588980367321089 0.0595313489550348 0.0468651044965168 0.0493983533882204 0.0658644711842939 0.0563647878404053 0.065231158961368 0 0.0664977834072198 0.0918302723242559 0.0462317922735909 0.0506649778340722 0.0506649778340722
"pelCas" 0.0797973400886637 0.0607979734008866 0.0645978467384421 0.0683977200759975 0.0664977834072198 0.0614312856238125 0.0614312856238125 0.0664977834072198 0.0709309689677011 0.097530082330589 0.0614312856238125 0.084230525649145 0.0664977834072198 0 0.107029765674478 0.0550981633945535 0.065231158961368 0.0645978467384421
"pelSin" 0.0943635212159595 0.0867637745408486 0.0747308423052565 0.0835972134262191 0.071564281190627 0.090563647878404 0.09119696010133 0.0810639645345155 0.0848638378720709 0.113996200126662 0.0873970867637745 0.0968967701076631 0.0918302723242559 0.107029765674478 0 0.0791640278657378 0.090563647878404 0.0848638378720709
"plaMeg" 0.0500316656111463 0.0208993033565548 0.0297656744775174 0.0284990500316656 0.0215326155794807 0.0221659278024066 0.0227992400253325 0.0253324889170361 0.0297656744775174 0.0740975300823306 0.0183660544648512 0.0405319822672578 0.0462317922735909 0.0550981633945535 0.0791640278657378 0 0.0500316656111463 0.0215326155794807
"podExp" 0.0747308423052565 0.0595313489550348 0.0550981633945535 0.0550981633945535 0.0487650411652945 0.0607979734008866 0.0607979734008866 0.0531982267257758 0.0569981000633312 0.0791640278657378 0.0588980367321089 0.0709309689677011 0.0506649778340722 0.065231158961368 0.090563647878404 0.0500316656111463 0 0.0512982900569981
"terMex" 0.0595313489550348 0.0329322355921469 0.0348321722609246 0.0272324255858138 0.019632678910703 0.0341988600379987 0.0348321722609246 0.0240658644711843 0.0341988600379987 0.0759974667511083 0.0316656111462951 0.039265357821406 0.0506649778340722 0.0645978467384421 0.0848638378720709 0.0215326155794807 0.0512982900569981 0
