"carIns" "cheAbi" "cheMyd" "cheSer" "chrPic" "cuoAmb" "cuoMcc" "derCor" "derMaw" "emySub" "gopAga" "malTer" "mesTub" "pelCas" "plaMeg" "podExp" "terMex"
"carIns" 0 0.099 0.099 0.083 0.086 0.082 0.081 0.084 0.092 0.096 0.09 0.082 0.106 0.131 0.084 0.139 0.082
"cheAbi" 0.099 0 0.069 0.057 0.045 0.028 0.029 0.05 0.077 0.087 0.032 0.043 0.092 0.127 0.036 0.129 0.037
"cheMyd" 0.099 0.069 0 0.056 0.055 0.049 0.048 0.032 0.073 0.089 0.062 0.055 0.096 0.126 0.046 0.127 0.048
"cheSer" 0.083 0.057 0.056 0 0.044 0.037 0.036 0.043 0.057 0.087 0.05 0.044 0.091 0.118 0.036 0.125 0.039
"chrPic" 0.086 0.045 0.055 0.044 0 0.024 0.025 0.038 0.06 0.086 0.037 0.008 0.095 0.116 0.023 0.114 0.021
"cuoAmb" 0.082 0.028 0.049 0.037 0.024 0 0.001 0.031 0.053 0.079 0.018 0.024 0.087 0.107 0.015 0.117 0.016
"cuoMcc" 0.081 0.029 0.048 0.036 0.025 0.001 0 0.03 0.052 0.078 0.019 0.025 0.086 0.108 0.014 0.116 0.015
"derCor" 0.084 0.05 0.032 0.043 0.038 0.031 0.03 0 0.059 0.082 0.044 0.038 0.09 0.114 0.03 0.113 0.032
"derMaw" 0.092 0.077 0.073 0.057 0.06 0.053 0.052 0.059 0 0.094 0.067 0.062 0.106 0.126 0.054 0.13 0.055
"emySub" 0.096 0.087 0.089 0.087 0.086 0.079 0.078 0.082 0.094 0 0.086 0.084 0.056 0.112 0.073 0.115 0.08
"gopAga" 0.09 0.032 0.062 0.05 0.037 0.018 0.019 0.044 0.067 0.086 0 0.035 0.097 0.115 0.027 0.123 0.029
"malTer" 0.082 0.043 0.055 0.044 0.008 0.024 0.025 0.038 0.062 0.084 0.035 0 0.095 0.119 0.023 0.117 0.021
"mesTub" 0.106 0.092 0.096 0.091 0.095 0.087 0.086 0.09 0.106 0.056 0.097 0.095 0 0.108 0.083 0.105 0.087
"pelCas" 0.131 0.127 0.126 0.118 0.116 0.107 0.108 0.114 0.126 0.112 0.115 0.119 0.108 0 0.11 0.099 0.113
"plaMeg" 0.084 0.036 0.046 0.036 0.023 0.015 0.014 0.03 0.054 0.073 0.027 0.023 0.083 0.11 0 0.116 0.016
"podExp" 0.139 0.129 0.127 0.125 0.114 0.117 0.116 0.113 0.13 0.115 0.123 0.117 0.105 0.099 0.116 0 0.116
"terMex" 0.082 0.037 0.048 0.039 0.021 0.016 0.015 0.032 0.055 0.08 0.029 0.021 0.087 0.113 0.016 0.116 0
