"carIns" "cheAbi" "cheMyd" "cheSer" "chrPic" "cuoAmb" "cuoMcc" "derCor" "derMaw" "emySub" "gopAga" "malTer" "mesTub" "pelSin" "plaMeg" "podExp" "terMex"
"carIns" 0 0.104621309370988 0.0924261874197689 0.0956354300385109 0.102053915275995 0.127086007702182 0.0949935815147625 0.10012836970475 0.102695763799743 0.120667522464698 0.102695763799743 0.0969191270860077 0.128369704749679 0.116816431322208 0.0949935815147625 0.140564826700899 0.0937098844672657
"cheAbi" 0.104621309370988 0 0.0474967907573813 0.0468549422336329 0.0481386392811297 0.0680359435173299 0.0320924261874198 0.0571245186136072 0.0680359435173299 0.0911424903722722 0.024390243902439 0.0468549422336329 0.102053915275995 0.0988446726572529 0.0423620025673941 0.118741976893453 0.0423620025673941
"cheMyd" 0.0924261874197689 0.0474967907573813 0 0.0333761232349166 0.0436456996148909 0.0744544287548139 0.0378690629011553 0.0250320924261874 0.0455712451861361 0.082798459563543 0.0468549422336329 0.0417201540436457 0.0943517329910141 0.0969191270860077 0.0359435173299101 0.113607188703466 0.0372272143774069
"cheSer" 0.0956354300385109 0.0468549422336329 0.0333761232349166 0 0.0423620025673941 0.0757381258023107 0.0391527599486521 0.0442875481386393 0.0474967907573813 0.0821566110397946 0.0468549422336329 0.0404364569961489 0.0949935815147625 0.0949935815147625 0.0359435173299101 0.112965340179718 0.0385109114249037
"chrPic" 0.102053915275995 0.0481386392811297 0.0436456996148909 0.0423620025673941 0 0.082798459563543 0.0462130937098845 0.0526315789473684 0.0590500641848524 0.089216944801027 0.0507060333761232 0.00834403080872914 0.101412066752246 0.102053915275995 0.027599486521181 0.118741976893453 0.0205391527599487
"cuoAmb" 0.127086007702182 0.0680359435173299 0.0744544287548139 0.0757381258023107 0.082798459563543 0 0.0442875481386393 0.0853658536585366 0.0937098844672657 0.12002567394095 0.0667522464698331 0.0808729139922978 0.130295250320924 0.132220795892169 0.0731707317073171 0.149550706033376 0.0750962772785623
"cuoMcc" 0.0949935815147625 0.0320924261874198 0.0378690629011553 0.0391527599486521 0.0462130937098845 0.0442875481386393 0 0.048780487804878 0.0577663671373556 0.0879332477535302 0.0314505776636714 0.0430038510911425 0.10012836970475 0.0988446726572529 0.0359435173299101 0.117458279845956 0.0385109114249037
"derCor" 0.10012836970475 0.0571245186136072 0.0250320924261874 0.0442875481386393 0.0526315789473684 0.0853658536585366 0.048780487804878 0 0.0571245186136072 0.089216944801027 0.0596919127086008 0.0494223363286264 0.102695763799743 0.100770218228498 0.0423620025673941 0.120667522464698 0.048780487804878
"derMaw" 0.102695763799743 0.0680359435173299 0.0455712451861361 0.0474967907573813 0.0590500641848524 0.0937098844672657 0.0577663671373556 0.0571245186136072 0 0.0962772785622593 0.0648267008985879 0.0571245186136072 0.111039794608472 0.109114249037227 0.0532734274711168 0.124518613607189 0.0532734274711168
"emySub" 0.120667522464698 0.0911424903722722 0.082798459563543 0.0821566110397946 0.089216944801027 0.12002567394095 0.0879332477535302 0.089216944801027 0.0962772785622593 0 0.0937098844672657 0.086007702182285 0.0468549422336329 0.122593068035944 0.0815147625160462 0.0905006418485237 0.0840821566110398
"gopAga" 0.102695763799743 0.024390243902439 0.0468549422336329 0.0468549422336329 0.0507060333761232 0.0667522464698331 0.0314505776636714 0.0596919127086008 0.0648267008985879 0.0937098844672657 0 0.048780487804878 0.10397946084724 0.101412066752246 0.0442875481386393 0.121951219512195 0.0417201540436457
"malTer" 0.0969191270860077 0.0468549422336329 0.0417201540436457 0.0404364569961489 0.00834403080872914 0.0808729139922978 0.0430038510911425 0.0494223363286264 0.0571245186136072 0.086007702182285 0.048780487804878 0 0.0994865211810013 0.10012836970475 0.0263157894736842 0.117458279845956 0.0198973042362003
"mesTub" 0.128369704749679 0.102053915275995 0.0943517329910141 0.0949935815147625 0.101412066752246 0.130295250320924 0.10012836970475 0.102695763799743 0.111039794608472 0.0468549422336329 0.10397946084724 0.0994865211810013 0 0.126444159178434 0.0943517329910141 0.107188703465982 0.0956354300385109
"pelSin" 0.116816431322208 0.0988446726572529 0.0969191270860077 0.0949935815147625 0.102053915275995 0.132220795892169 0.0988446726572529 0.100770218228498 0.109114249037227 0.122593068035944 0.101412066752246 0.10012836970475 0.126444159178434 0 0.0911424903722722 0.143774069319641 0.0988446726572529
"plaMeg" 0.0949935815147625 0.0423620025673941 0.0359435173299101 0.0359435173299101 0.027599486521181 0.0731707317073171 0.0359435173299101 0.0423620025673941 0.0532734274711168 0.0815147625160462 0.0442875481386393 0.0263157894736842 0.0943517329910141 0.0911424903722722 0 0.113607188703466 0.0237483953786906
"podExp" 0.140564826700899 0.118741976893453 0.113607188703466 0.112965340179718 0.118741976893453 0.149550706033376 0.117458279845956 0.120667522464698 0.124518613607189 0.0905006418485237 0.121951219512195 0.117458279845956 0.107188703465982 0.143774069319641 0.113607188703466 0 0.114249037227214
"terMex" 0.0937098844672657 0.0423620025673941 0.0372272143774069 0.0385109114249037 0.0205391527599487 0.0750962772785623 0.0385109114249037 0.048780487804878 0.0532734274711168 0.0840821566110398 0.0417201540436457 0.0198973042362003 0.0956354300385109 0.0988446726572529 0.0237483953786906 0.114249037227214 0
