"carIns" "cheAbi" "cheMyd" "cheSer" "chrPic" "cuoAmb" "cuoMcc" "derCor" "derMaw" "emySub" "gopAga" "malTer" "mesTub" "pelCas" "pelSin" "plaMeg" "podExp"
"carIns" 0 0.0743919885550787 0.0705770147830234 0.067238912732475 0.0731998092513114 0.0681926561754888 0.0689079637577492 0.0684310920362422 0.0758226037195994 0.0772532188841202 0.0743919885550787 0.134954697186457 0.0939437291368622 0.0867906533142585 0.103242727706247 0.0665236051502146 0.092274678111588
"cheAbi" 0.0743919885550787 0 0.0400572246065808 0.0362422508345255 0.0331425846447306 0.0243204577968526 0.0245588936576061 0.0402956604673343 0.0495946590367191 0.0598474010491178 0.0255126371006199 0.100143061516452 0.0834525512637101 0.0691463996185026 0.0960896518836433 0.0269432522651407 0.0791607057701478
"cheMyd" 0.0705770147830234 0.0400572246065808 0 0.0309966618979495 0.0395803528850739 0.0317119694802098 0.0324272770624702 0.0202670481640439 0.0457796852646638 0.0565092989985694 0.0405340963280877 0.107057701478302 0.0767763471626133 0.0650929899856938 0.105150214592275 0.0305197901764425 0.0741535526943252
"cheSer" 0.067238912732475 0.0362422508345255 0.0309966618979495 0 0.0338578922269909 0.0295660467334287 0.0283738674296614 0.0317119694802098 0.0376728659990463 0.0569861707200763 0.0360038149737721 0.104196471149261 0.0751072961373391 0.0634239389604196 0.0999046256556986 0.0262279446828803 0.0751072961373391
"chrPic" 0.0731998092513114 0.0331425846447306 0.0395803528850739 0.0338578922269909 0 0.0293276108726753 0.028135431568908 0.0395803528850739 0.047448736289938 0.058416785884597 0.0357653791130186 0.086552217453505 0.0815450643776824 0.0674773485932284 0.0999046256556986 0.0231282784930854 0.0791607057701478
"cuoAmb" 0.0681926561754888 0.0243204577968526 0.0317119694802098 0.0295660467334287 0.0293276108726753 0 0.00643776824034335 0.0336194563662375 0.042203147353362 0.0565092989985694 0.0221745350500715 0.097997138769671 0.0748688602765856 0.0617548879351454 0.101096804959466 0.0195517405817835 0.0734382451120649
"cuoMcc" 0.0689079637577492 0.0245588936576061 0.0324272770624702 0.0283738674296614 0.028135431568908 0.00643776824034335 0 0.0338578922269909 0.0419647114926085 0.0572246065808298 0.0212207916070577 0.0977587029089175 0.075584167858846 0.0617548879351454 0.101096804959466 0.01931330472103 0.0743919885550787
"derCor" 0.0684310920362422 0.0402956604673343 0.0202670481640439 0.0317119694802098 0.0395803528850739 0.0336194563662375 0.0338578922269909 0 0.04482594182165 0.0598474010491178 0.0402956604673343 0.107773009060563 0.0760610395803529 0.0658082975679542 0.103242727706247 0.0312350977587029 0.0739151168335718
"derMaw" 0.0758226037195994 0.0495946590367191 0.0457796852646638 0.0376728659990463 0.047448736289938 0.042203147353362 0.0419647114926085 0.04482594182165 0 0.0670004768717215 0.050548402479733 0.113733905579399 0.0844062947067239 0.0739151168335718 0.107057701478302 0.0407725321888412 0.081306628516929
"emySub" 0.0772532188841202 0.0598474010491178 0.0565092989985694 0.0569861707200763 0.058416785884597 0.0565092989985694 0.0572246065808298 0.0598474010491178 0.0670004768717215 0 0.0650929899856938 0.123032904148784 0.0481640438721984 0.0555555555555556 0.101573676680973 0.0548402479732952 0.0665236051502146
"gopAga" 0.0743919885550787 0.0255126371006199 0.0405340963280877 0.0360038149737721 0.0357653791130186 0.0221745350500715 0.0212207916070577 0.0402956604673343 0.050548402479733 0.0650929899856938 0 0.104911778731521 0.0824988078206962 0.0693848354792561 0.104434907010014 0.0286123032904149 0.0786838340486409
"malTer" 0.134954697186457 0.100143061516452 0.107057701478302 0.104196471149261 0.086552217453505 0.097997138769671 0.0977587029089175 0.107773009060563 0.113733905579399 0.123032904148784 0.104911778731521 0 0.14759179780639 0.133047210300429 0.164282308059132 0.094897472579876 0.141630901287554
"mesTub" 0.0939437291368622 0.0834525512637101 0.0767763471626133 0.0751072961373391 0.0815450643776824 0.0748688602765856 0.075584167858846 0.0760610395803529 0.0844062947067239 0.0481640438721984 0.0824988078206962 0.14759179780639 0 0.0722460658082976 0.124463519313305 0.0741535526943252 0.0832141154029566
"pelCas" 0.0867906533142585 0.0691463996185026 0.0650929899856938 0.0634239389604196 0.0674773485932284 0.0617548879351454 0.0617548879351454 0.0658082975679542 0.0739151168335718 0.0555555555555556 0.0693848354792561 0.133047210300429 0.0722460658082976 0 0.115641392465427 0.0608011444921316 0.0574630424415832
"pelSin" 0.103242727706247 0.0960896518836433 0.105150214592275 0.0999046256556986 0.0999046256556986 0.101096804959466 0.101096804959466 0.103242727706247 0.107057701478302 0.101573676680973 0.104434907010014 0.164282308059132 0.124463519313305 0.115641392465427 0 0.0989508822126848 0.120648545541249
"plaMeg" 0.0665236051502146 0.0269432522651407 0.0305197901764425 0.0262279446828803 0.0231282784930854 0.0195517405817835 0.01931330472103 0.0312350977587029 0.0407725321888412 0.0548402479732952 0.0286123032904149 0.094897472579876 0.0741535526943252 0.0608011444921316 0.0989508822126848 0 0.0727229375298045
"podExp" 0.092274678111588 0.0791607057701478 0.0741535526943252 0.0751072961373391 0.0791607057701478 0.0734382451120649 0.0743919885550787 0.0739151168335718 0.081306628516929 0.0665236051502146 0.0786838340486409 0.141630901287554 0.0832141154029566 0.0574630424415832 0.120648545541249 0.0727229375298045 0
