"carIns" "cheAbi" "cheMyd" "cheSer" "chrPic" "cuoAmb" "cuoMcc" "derCor" "derMaw" "emySub" "gopAga" "malTer" "mesTub" "pelCas" "pelSin" "plaMeg" "podExp"
"carIns" 0 0.0981262327416174 0.0981262327416174 0.0857988165680473 0.0887573964497041 0.0912228796844181 0.0956607495069034 0.0946745562130177 0.0971400394477318 0.099112426035503 0.099112426035503 0.0887573964497041 0.109960552268245 0.109467455621302 0.101084812623274 0.0848126232741617 0.121301775147929
"cheAbi" 0.0981262327416174 0 0.0493096646942801 0.0389546351084813 0.0310650887573964 0.019723865877712 0.0236686390532544 0.0443786982248521 0.0532544378698225 0.0650887573964497 0.0187376725838264 0.0310650887573964 0.0774161735700197 0.0803747534516765 0.0862919132149901 0.0256410256410256 0.0917159763313609
"cheMyd" 0.0981262327416174 0.0493096646942801 0 0.0300788954635108 0.0374753451676529 0.0389546351084813 0.0384615384615385 0.0182445759368836 0.0488165680473373 0.0576923076923077 0.0414201183431953 0.0374753451676529 0.0670611439842209 0.0710059171597633 0.0853057199211045 0.0305719921104536 0.0838264299802761
"cheSer" 0.0857988165680473 0.0389546351084813 0.0300788954635108 0 0.0261341222879684 0.0285996055226824 0.0335305719921105 0.0251479289940828 0.0359960552268245 0.0557199211045365 0.0374753451676529 0.0261341222879684 0.0675542406311637 0.0680473372781065 0.0734714003944773 0.0202169625246548 0.0843195266272189
"chrPic" 0.0887573964497041 0.0310650887573964 0.0374753451676529 0.0261341222879684 0 0.0202169625246548 0.0231755424063116 0.0325443786982249 0.0438856015779093 0.0571992110453649 0.0281065088757396 0.00394477317554241 0.0660749506903353 0.0734714003944773 0.0754437869822485 0.0128205128205128 0.0867850098619329
"cuoAmb" 0.0912228796844181 0.019723865877712 0.0389546351084813 0.0285996055226824 0.0202169625246548 0 0.00986193293885602 0.0340236686390533 0.0443786982248521 0.0586785009861933 0.0167652859960552 0.0202169625246548 0.0690335305719921 0.0714990138067061 0.0774161735700197 0.0152859960552268 0.0833333333333333
"cuoMcc" 0.0956607495069034 0.0236686390532544 0.0384615384615385 0.0335305719921105 0.0231755424063116 0.00986193293885602 0 0.0355029585798817 0.0493096646942801 0.0591715976331361 0.0108481262327416 0.0231755424063116 0.0680473372781065 0.0705128205128205 0.0823471400394477 0.0202169625246548 0.0872781065088757
"derCor" 0.0946745562130177 0.0443786982248521 0.0182445759368836 0.0251479289940828 0.0325443786982249 0.0340236686390533 0.0355029585798817 0 0.0448717948717949 0.0562130177514793 0.0394477317554241 0.0325443786982249 0.0645956607495069 0.0690335305719921 0.0813609467455621 0.0266272189349112 0.0838264299802761
"derMaw" 0.0971400394477318 0.0532544378698225 0.0488165680473373 0.0359960552268245 0.0438856015779093 0.0443786982248521 0.0493096646942801 0.0448717948717949 0 0.0700197238658777 0.0532544378698225 0.0438856015779093 0.0798816568047337 0.0838264299802761 0.0892504930966469 0.0389546351084813 0.0936883629191322
"emySub" 0.099112426035503 0.0650887573964497 0.0576923076923077 0.0557199211045365 0.0571992110453649 0.0586785009861933 0.0591715976331361 0.0562130177514793 0.0700197238658777 0 0.0626232741617357 0.0571992110453649 0.0315581854043393 0.0478303747534517 0.0887573964497041 0.0512820512820513 0.0660749506903353
"gopAga" 0.099112426035503 0.0187376725838264 0.0414201183431953 0.0374753451676529 0.0281065088757396 0.0167652859960552 0.0108481262327416 0.0394477317554241 0.0532544378698225 0.0626232741617357 0 0.0281065088757396 0.0705128205128205 0.0744575936883629 0.0848126232741617 0.0236686390532544 0.0897435897435897
"malTer" 0.0887573964497041 0.0310650887573964 0.0374753451676529 0.0261341222879684 0.00394477317554241 0.0202169625246548 0.0231755424063116 0.0325443786982249 0.0438856015779093 0.0571992110453649 0.0281065088757396 0 0.0650887573964497 0.0734714003944773 0.0754437869822485 0.0128205128205128 0.0867850098619329
"mesTub" 0.109960552268245 0.0774161735700197 0.0670611439842209 0.0675542406311637 0.0660749506903353 0.0690335305719921 0.0680473372781065 0.0645956607495069 0.0798816568047337 0.0315581854043393 0.0705128205128205 0.0650887573964497 0 0.0567061143984221 0.0961538461538462 0.0616370808678501 0.0710059171597633
"pelCas" 0.109467455621302 0.0803747534516765 0.0710059171597633 0.0680473372781065 0.0734714003944773 0.0714990138067061 0.0705128205128205 0.0690335305719921 0.0838264299802761 0.0478303747534517 0.0744575936883629 0.0734714003944773 0.0567061143984221 0 0.104536489151874 0.0655818540433925 0.0616370808678501
"pelSin" 0.101084812623274 0.0862919132149901 0.0853057199211045 0.0734714003944773 0.0754437869822485 0.0774161735700197 0.0823471400394477 0.0813609467455621 0.0892504930966469 0.0887573964497041 0.0848126232741617 0.0754437869822485 0.0961538461538462 0.104536489151874 0 0.0710059171597633 0.116863905325444
"plaMeg" 0.0848126232741617 0.0256410256410256 0.0305719921104536 0.0202169625246548 0.0128205128205128 0.0152859960552268 0.0202169625246548 0.0266272189349112 0.0389546351084813 0.0512820512820513 0.0236686390532544 0.0128205128205128 0.0616370808678501 0.0655818540433925 0.0710059171597633 0 0.0793885601577909
"podExp" 0.121301775147929 0.0917159763313609 0.0838264299802761 0.0843195266272189 0.0867850098619329 0.0833333333333333 0.0872781065088757 0.0838264299802761 0.0936883629191322 0.0660749506903353 0.0897435897435897 0.0867850098619329 0.0710059171597633 0.0616370808678501 0.116863905325444 0.0793885601577909 0
