"carIns" "cheAbi" "cheMyd" "cheSer" "chrPic" "cuoAmb" "cuoMcc" "derCor" "emySub" "gopAga" "malTer" "mesTub" "pelCas" "pelSin" "plaMeg" "podExp" "terMex"
"carIns" 0 0.0337150127226463 0.0279898218829517 0.0286259541984733 0.0286259541984733 0.0318066157760814 0.0311704834605598 0.0292620865139949 0.0381679389312977 0.032442748091603 0.301526717557252 0.0388040712468193 0.0388040712468193 0.0330788804071247 0.0279898218829517 0.0470737913486005 0.02735368956743
"cheAbi" 0.0337150127226463 0 0.0120865139949109 0.0133587786259542 0.0108142493638677 0.00699745547073791 0.00636132315521628 0.0133587786259542 0.0260814249363868 0.00699745547073791 0.291348600508906 0.0292620865139949 0.0318066157760814 0.0292620865139949 0.00954198473282443 0.0407124681933842 0.0114503816793893
"cheMyd" 0.0279898218829517 0.0120865139949109 0 0.00636132315521628 0.00826972010178117 0.0114503816793893 0.0120865139949109 0.00381679389312977 0.0203562340966921 0.0127226463104326 0.290076335877863 0.0209923664122137 0.0248091603053435 0.0235368956743003 0.00636132315521628 0.0362595419847328 0.00826972010178117
"cheSer" 0.0286259541984733 0.0133587786259542 0.00636132315521628 0 0.00954198473282443 0.0127226463104326 0.0133587786259542 0.00763358778625954 0.0203562340966921 0.0139949109414758 0.289440203562341 0.0209923664122137 0.0260814249363868 0.0235368956743003 0.00763358778625954 0.0349872773536896 0.00954198473282443
"chrPic" 0.0286259541984733 0.0108142493638677 0.00826972010178117 0.00954198473282443 0 0.0108142493638677 0.0114503816793893 0.00954198473282443 0.0235368956743003 0.0114503816793893 0.284351145038168 0.0254452926208651 0.0267175572519084 0.0254452926208651 0.00572519083969466 0.0381679389312977 0.00636132315521628
"cuoAmb" 0.0318066157760814 0.00699745547073791 0.0114503816793893 0.0127226463104326 0.0108142493638677 0 0.00318066157760814 0.0127226463104326 0.0267175572519084 0.00763358778625954 0.291984732824427 0.0286259541984733 0.0311704834605598 0.0286259541984733 0.0089058524173028 0.0413486005089059 0.0108142493638677
"cuoMcc" 0.0311704834605598 0.00636132315521628 0.0120865139949109 0.0133587786259542 0.0114503816793893 0.00318066157760814 0 0.0133587786259542 0.02735368956743 0.00826972010178117 0.291348600508906 0.0292620865139949 0.0305343511450382 0.0292620865139949 0.00954198473282443 0.0407124681933842 0.0114503816793893
"derCor" 0.0292620865139949 0.0133587786259542 0.00381679389312977 0.00763358778625954 0.00954198473282443 0.0127226463104326 0.0133587786259542 0 0.0229007633587786 0.0139949109414758 0.291984732824427 0.022264631043257 0.0260814249363868 0.0248091603053435 0.00763358778625954 0.0362595419847328 0.00954198473282443
"emySub" 0.0381679389312977 0.0260814249363868 0.0203562340966921 0.0203562340966921 0.0235368956743003 0.0267175572519084 0.02735368956743 0.0229007633587786 0 0.0279898218829517 0.30089058524173 0.00572519083969466 0.0197201017811705 0.0311704834605598 0.0229007633587786 0.0311704834605598 0.0248091603053435
"gopAga" 0.032442748091603 0.00699745547073791 0.0127226463104326 0.0139949109414758 0.0114503816793893 0.00763358778625954 0.00826972010178117 0.0139949109414758 0.0279898218829517 0 0.291348600508906 0.0298982188295165 0.032442748091603 0.0298982188295165 0.0101781170483461 0.0407124681933842 0.0120865139949109
"malTer" 0.301526717557252 0.291348600508906 0.290076335877863 0.289440203562341 0.284351145038168 0.291984732824427 0.291348600508906 0.291984732824427 0.30089058524173 0.291348600508906 0 0.300254452926209 0.300254452926209 0.299618320610687 0.288804071246819 0.30470737913486 0.289440203562341
"mesTub" 0.0388040712468193 0.0292620865139949 0.0209923664122137 0.0209923664122137 0.0254452926208651 0.0286259541984733 0.0292620865139949 0.022264631043257 0.00572519083969466 0.0298982188295165 0.300254452926209 0 0.0184478371501272 0.0318066157760814 0.0235368956743003 0.0286259541984733 0.0254452926208651
"pelCas" 0.0388040712468193 0.0318066157760814 0.0248091603053435 0.0260814249363868 0.0267175572519084 0.0311704834605598 0.0305343511450382 0.0260814249363868 0.0197201017811705 0.032442748091603 0.300254452926209 0.0184478371501272 0 0.0356234096692112 0.0260814249363868 0.0248091603053435 0.0267175572519084
"pelSin" 0.0330788804071247 0.0292620865139949 0.0235368956743003 0.0235368956743003 0.0254452926208651 0.0286259541984733 0.0292620865139949 0.0248091603053435 0.0311704834605598 0.0298982188295165 0.299618320610687 0.0318066157760814 0.0356234096692112 0 0.0235368956743003 0.0451653944020356 0.0254452926208651
"plaMeg" 0.0279898218829517 0.00954198473282443 0.00636132315521628 0.00763358778625954 0.00572519083969466 0.0089058524173028 0.00954198473282443 0.00763358778625954 0.0229007633587786 0.0101781170483461 0.288804071246819 0.0235368956743003 0.0260814249363868 0.0235368956743003 0 0.0375318066157761 0.0044529262086514
"podExp" 0.0470737913486005 0.0407124681933842 0.0362595419847328 0.0349872773536896 0.0381679389312977 0.0413486005089059 0.0407124681933842 0.0362595419847328 0.0311704834605598 0.0407124681933842 0.30470737913486 0.0286259541984733 0.0248091603053435 0.0451653944020356 0.0375318066157761 0 0.0381679389312977
"terMex" 0.02735368956743 0.0114503816793893 0.00826972010178117 0.00954198473282443 0.00636132315521628 0.0108142493638677 0.0114503816793893 0.00954198473282443 0.0248091603053435 0.0120865139949109 0.289440203562341 0.0254452926208651 0.0267175572519084 0.0254452926208651 0.0044529262086514 0.0381679389312977 0
