"carIns" "cheMyd" "cheSer" "chrPic" "cuoAmb" "cuoMcc" "derMaw" "emySub" "gopAga" "malTer" "mesTub" "pelCas" "pelSin" "plaMeg" "podExp" "terMex"
"carIns" 0 0.101378751013788 0.100838064341714 0.0989456609894566 0.103811841038118 0.108407677750743 0.109489051094891 0.122735874560692 0.111381454447148 0.112192484455258 0.120032441200324 0.133279264666126 0.111381454447148 0.093809137604758 0.147607461476075 0.0948905109489051
"cheMyd" 0.101378751013788 0 0.0410921870775885 0.0340632603406326 0.040551500405515 0.0443363071100297 0.0500135171668018 0.0705596107055961 0.0478507704785077 0.0492024871586915 0.0705596107055961 0.0840767775074344 0.08110300081103 0.0291970802919708 0.10867802108678 0.0305487969721546
"cheSer" 0.100838064341714 0.0410921870775885 0 0.040551500405515 0.0475804271424709 0.0527169505271695 0.0467693971343606 0.0781292241146256 0.0581238172479048 0.0554203838875372 0.0778588807785888 0.0929981075966477 0.0859691808596918 0.0356853203568532 0.110840767775074 0.0364963503649635
"chrPic" 0.0989456609894566 0.0340632603406326 0.040551500405515 0 0.0262233035955664 0.0321708569883752 0.0502838605028386 0.0659637739929711 0.0381184103811841 0.0202757502027575 0.0665044606650446 0.0827250608272506 0.0778588807785888 0.0151392268180589 0.104082184374155 0.0102730467693971
"cuoAmb" 0.103811841038118 0.040551500405515 0.0475804271424709 0.0262233035955664 0 0.0121654501216545 0.0565017572316842 0.0713706407137064 0.0248715869153825 0.040551500405515 0.0721816707218167 0.0873208975398756 0.0819140308191403 0.0216274668829413 0.108948364422817 0.0229791835631252
"cuoMcc" 0.108407677750743 0.0443363071100297 0.0527169505271695 0.0321708569883752 0.0121654501216545 0 0.060286563936199 0.0762368207623682 0.0267639902676399 0.0459583671262503 0.0773181941065153 0.0921870775885374 0.0862395241957286 0.0270343336036767 0.113544201135442 0.028926736955934
"derMaw" 0.109489051094891 0.0500135171668018 0.0467693971343606 0.0502838605028386 0.0565017572316842 0.060286563936199 0 0.084617464179508 0.0656934306569343 0.0651527439848608 0.0851581508515815 0.0989456609894566 0.0940794809407948 0.0456880237902136 0.116517977831846 0.0467693971343606
"emySub" 0.122735874560692 0.0705596107055961 0.0781292241146256 0.0659637739929711 0.0713706407137064 0.0762368207623682 0.084617464179508 0 0.0816436874831035 0.0813733441470668 0.0305487969721546 0.0670451473371181 0.0921870775885374 0.0627196539605299 0.0886726142200595 0.0624493106244931
"gopAga" 0.111381454447148 0.0478507704785077 0.0581238172479048 0.0381184103811841 0.0248715869153825 0.0267639902676399 0.0656934306569343 0.0816436874831035 0 0.052176263855096 0.0819140308191403 0.096242227629089 0.0919167342525007 0.0327115436604488 0.118951067856177 0.0348742903487429
"malTer" 0.112192484455258 0.0492024871586915 0.0554203838875372 0.0202757502027575 0.040551500405515 0.0459583671262503 0.0651527439848608 0.0813733441470668 0.052176263855096 0 0.0821843741551771 0.0975939443092728 0.0919167342525007 0.0308191403081914 0.119762097864288 0.0251419302514193
"mesTub" 0.120032441200324 0.0705596107055961 0.0778588807785888 0.0665044606650446 0.0721816707218167 0.0773181941065153 0.0851581508515815 0.0305487969721546 0.0819140308191403 0.0821843741551771 0 0.0673154906731549 0.0924574209245742 0.0629899972965666 0.0894836442281698 0.0643417139767505
"pelCas" 0.133279264666126 0.0840767775074344 0.0929981075966477 0.0827250608272506 0.0873208975398756 0.0921870775885374 0.0989456609894566 0.0670451473371181 0.096242227629089 0.0975939443092728 0.0673154906731549 0 0.111381454447148 0.0805623141389565 0.0754257907542579 0.0802919708029197
"pelSin" 0.111381454447148 0.08110300081103 0.0859691808596918 0.0778588807785888 0.0819140308191403 0.0862395241957286 0.0940794809407948 0.0921870775885374 0.0919167342525007 0.0919167342525007 0.0924574209245742 0.111381454447148 0 0.0738037307380373 0.128953771289538 0.0746147607461476
"plaMeg" 0.093809137604758 0.0291970802919708 0.0356853203568532 0.0151392268180589 0.0216274668829413 0.0270343336036767 0.0456880237902136 0.0627196539605299 0.0327115436604488 0.0308191403081914 0.0629899972965666 0.0805623141389565 0.0738037307380373 0 0.103271154366045 0.0105433901054339
"podExp" 0.147607461476075 0.10867802108678 0.110840767775074 0.104082184374155 0.108948364422817 0.113544201135442 0.116517977831846 0.0886726142200595 0.118951067856177 0.119762097864288 0.0894836442281698 0.0754257907542579 0.128953771289538 0.103271154366045 0 0.102460124357935
"terMex" 0.0948905109489051 0.0305487969721546 0.0364963503649635 0.0102730467693971 0.0229791835631252 0.028926736955934 0.0467693971343606 0.0624493106244931 0.0348742903487429 0.0251419302514193 0.0643417139767505 0.0802919708029197 0.0746147607461476 0.0105433901054339 0.102460124357935 0
