"cheAbi" "cheMyd" "chrPic" "derMaw" "emySub" "malTer" "mesTub" "pelSin" "plaMeg"
"cheAbi" 0 0.060179257362356 0.0460947503201024 0.0499359795134443 0.060179257362356 0.0524967989756722 0.0614596670934699 0.0960307298335467 0.0448143405889885
"cheMyd" 0.060179257362356 0 0.060179257362356 0.0640204865556978 0.0678617157490397 0.058898847631242 0.0742637644046095 0.0960307298335467 0.0550576184379001
"chrPic" 0.0460947503201024 0.060179257362356 0 0.0473751600512164 0.0512163892445583 0.0192061459667093 0.0550576184379001 0.0819462227912932 0.0409731113956466
"derMaw" 0.0499359795134443 0.0640204865556978 0.0473751600512164 0 0.057618437900128 0.0486555697823303 0.0640204865556978 0.087067861715749 0.0473751600512164
"emySub" 0.060179257362356 0.0678617157490397 0.0512163892445583 0.057618437900128 0 0.0486555697823303 0.0512163892445583 0.0921895006402049 0.0448143405889885
"malTer" 0.0524967989756722 0.058898847631242 0.0192061459667093 0.0486555697823303 0.0486555697823303 0 0.0499359795134443 0.089628681177977 0.0396927016645326
"mesTub" 0.0614596670934699 0.0742637644046095 0.0550576184379001 0.0640204865556978 0.0512163892445583 0.0499359795134443 0 0.0998719590268886 0.0563380281690141
"pelSin" 0.0960307298335467 0.0960307298335467 0.0819462227912932 0.087067861715749 0.0921895006402049 0.089628681177977 0.0998719590268886 0 0.0947503201024328
"plaMeg" 0.0448143405889885 0.0550576184379001 0.0409731113956466 0.0473751600512164 0.0448143405889885 0.0396927016645326 0.0563380281690141 0.0947503201024328 0
