"carIns" "cheAbi" "cheMyd" "cheSer" "chrPic" "cuoAmb" "cuoMcc" "derCor" "derMaw" "emySub" "gopAga" "malTer" "mesTub" "pelCas" "pelSin" "plaMeg" "podExp" "terMex"
"carIns" 0 0.0783817951959545 0.0707964601769911 0.0632111251580278 0.0758533501896334 0.0720606826801517 0.0733249051833123 0.0733249051833123 0.0872313527180784 0.0834386852085967 0.0758533501896334 0.0872313527180784 0.22629582806574 0.0973451327433628 0.125158027812895 0.06826801517067 0.245259165613148 0.0720606826801517
"cheAbi" 0.0783817951959545 0 0.034134007585335 0.0328697850821745 0.0328697850821745 0.0189633375474083 0.0214917825537295 0.034134007585335 0.0556257901390645 0.0695322376738306 0.0139064475347661 0.0467762326169406 0.223767383059418 0.0847029077117573 0.121365360303413 0.0265486725663717 0.236409608091024 0.0278128950695322
"cheMyd" 0.0707964601769911 0.034134007585335 0 0.0265486725663717 0.0278128950695322 0.0265486725663717 0.0290771175726928 0.0214917825537295 0.0480404551201011 0.0581542351453856 0.0303413400758533 0.0417193426042984 0.209860935524652 0.0733249051833123 0.116308470290771 0.0214917825537295 0.223767383059418 0.02275600505689
"cheSer" 0.0632111251580278 0.0328697850821745 0.0265486725663717 0 0.0252844500632111 0.0214917825537295 0.0240202275600506 0.0252844500632111 0.0404551201011378 0.056890012642225 0.0290771175726928 0.0391908975979772 0.212389380530973 0.0720606826801517 0.104930467762326 0.0176991150442478 0.231352718078382 0.0214917825537295
"chrPic" 0.0758533501896334 0.0328697850821745 0.0278128950695322 0.0252844500632111 0 0.0214917825537295 0.0240202275600506 0.0290771175726928 0.0442477876106195 0.0606826801517067 0.0290771175726928 0.0164348925410872 0.212389380530973 0.0771175726927939 0.115044247787611 0.0164348925410872 0.233881163084703 0.0101137800252845
"cuoAmb" 0.0720606826801517 0.0189633375474083 0.0265486725663717 0.0214917825537295 0.0214917825537295 0 0.00252844500632111 0.0278128950695322 0.0442477876106195 0.0594184576485461 0.0151706700379267 0.0353982300884956 0.211125158027813 0.0771175726927939 0.115044247787611 0.0151706700379267 0.228824273072061 0.0164348925410872
"cuoMcc" 0.0733249051833123 0.0214917825537295 0.0290771175726928 0.0240202275600506 0.0240202275600506 0.00252844500632111 0 0.0303413400758533 0.0467762326169406 0.0606826801517067 0.0164348925410872 0.0379266750948167 0.212389380530973 0.0783817951959545 0.117572692793932 0.0176991150442478 0.230088495575221 0.0189633375474083
"derCor" 0.0733249051833123 0.034134007585335 0.0214917825537295 0.0252844500632111 0.0290771175726928 0.0278128950695322 0.0303413400758533 0 0.0467762326169406 0.056890012642225 0.0328697850821745 0.0429835651074589 0.213653603034134 0.0720606826801517 0.109987357774968 0.02275600505689 0.225031605562579 0.0240202275600506
"derMaw" 0.0872313527180784 0.0556257901390645 0.0480404551201011 0.0404551201011378 0.0442477876106195 0.0442477876106195 0.0467762326169406 0.0467762326169406 0 0.0707964601769911 0.0518331226295828 0.0581542351453856 0.2275600505689 0.09102402022756 0.121365360303413 0.0404551201011378 0.246523388116308 0.0391908975979772
"emySub" 0.0834386852085967 0.0695322376738306 0.0581542351453856 0.056890012642225 0.0606826801517067 0.0594184576485461 0.0606826801517067 0.056890012642225 0.0707964601769911 0 0.0644753476611884 0.0745891276864728 0.189633375474083 0.0543615676359039 0.131479140328698 0.0543615676359039 0.223767383059418 0.0530973451327434
"gopAga" 0.0758533501896334 0.0139064475347661 0.0303413400758533 0.0290771175726928 0.0290771175726928 0.0151706700379267 0.0164348925410872 0.0328697850821745 0.0518331226295828 0.0644753476611884 0 0.0429835651074589 0.219974715549937 0.079646017699115 0.120101137800253 0.02275600505689 0.233881163084703 0.0240202275600506
"malTer" 0.0872313527180784 0.0467762326169406 0.0417193426042984 0.0391908975979772 0.0164348925410872 0.0353982300884956 0.0379266750948167 0.0429835651074589 0.0581542351453856 0.0745891276864728 0.0429835651074589 0 0.222503160556258 0.0897597977243995 0.128950695322377 0.0303413400758533 0.243994943109987 0.0240202275600506
"mesTub" 0.22629582806574 0.223767383059418 0.209860935524652 0.212389380530973 0.212389380530973 0.211125158027813 0.212389380530973 0.213653603034134 0.2275600505689 0.189633375474083 0.219974715549937 0.222503160556258 0 0.208596713021492 0.284450063211125 0.211125158027813 0.183312262958281 0.207332490518331
"pelCas" 0.0973451327433628 0.0847029077117573 0.0733249051833123 0.0720606826801517 0.0771175726927939 0.0771175726927939 0.0783817951959545 0.0720606826801517 0.09102402022756 0.0543615676359039 0.079646017699115 0.0897597977243995 0.208596713021492 0 0.150442477876106 0.0720606826801517 0.222503160556258 0.0707964601769911
"pelSin" 0.125158027812895 0.121365360303413 0.116308470290771 0.104930467762326 0.115044247787611 0.115044247787611 0.117572692793932 0.109987357774968 0.121365360303413 0.131479140328698 0.120101137800253 0.128950695322377 0.284450063211125 0.150442477876106 0 0.106194690265487 0.299620733249052 0.111251580278129
"plaMeg" 0.06826801517067 0.0265486725663717 0.0214917825537295 0.0176991150442478 0.0164348925410872 0.0151706700379267 0.0176991150442478 0.02275600505689 0.0404551201011378 0.0543615676359039 0.02275600505689 0.0303413400758533 0.211125158027813 0.0720606826801517 0.106194690265487 0 0.22629582806574 0.011378002528445
"podExp" 0.245259165613148 0.236409608091024 0.223767383059418 0.231352718078382 0.233881163084703 0.228824273072061 0.230088495575221 0.225031605562579 0.246523388116308 0.223767383059418 0.233881163084703 0.243994943109987 0.183312262958281 0.222503160556258 0.299620733249052 0.22629582806574 0 0.2275600505689
"terMex" 0.0720606826801517 0.0278128950695322 0.02275600505689 0.0214917825537295 0.0101137800252845 0.0164348925410872 0.0189633375474083 0.0240202275600506 0.0391908975979772 0.0530973451327434 0.0240202275600506 0.0240202275600506 0.207332490518331 0.0707964601769911 0.111251580278129 0.011378002528445 0.2275600505689 0
