"carIns" "cheAbi" "cheMyd" "cheSer" "chrPic" "cuoAmb" "cuoMcc" "derCor" "derMaw" "emySub" "gopAga" "malTer" "mesTub" "pelCas" "pelSin" "plaMeg" "podExp" "terMex"
"carIns" 0 0.145209580838323 0.140718562874251 0.141467065868263 0.142964071856287 0.143712574850299 0.143712574850299 0.144461077844311 0.159431137724551 0.181137724550898 0.141467065868263 0.188622754491018 0.177395209580838 0.184880239520958 0.151197604790419 0.145958083832335 0.183383233532934 0.143712574850299
"cheAbi" 0.145209580838323 0 0.0351796407185629 0.0441616766467066 0.0366766467065868 0.0239520958083832 0.0239520958083832 0.0449101796407186 0.0711077844311377 0.109281437125749 0.0217065868263473 0.0868263473053892 0.105538922155689 0.108532934131737 0.110778443113772 0.0351796407185629 0.101796407185629 0.030688622754491
"cheMyd" 0.140718562874251 0.0351796407185629 0 0.0404191616766467 0.0389221556886228 0.0344311377245509 0.0344311377245509 0.0232035928143713 0.0688622754491018 0.108532934131737 0.032185628742515 0.0913173652694611 0.110778443113772 0.109281437125749 0.110778443113772 0.0374251497005988 0.101047904191617 0.032934131736527
"cheSer" 0.141467065868263 0.0441616766467066 0.0404191616766467 0 0.0411676646706587 0.0374251497005988 0.0381736526946108 0.0456586826347305 0.0688622754491018 0.104041916167665 0.0411676646706587 0.0920658682634731 0.110778443113772 0.11377245508982 0.114520958083832 0.0404191616766467 0.105538922155689 0.0351796407185629
"chrPic" 0.142964071856287 0.0366766467065868 0.0389221556886228 0.0411676646706587 0 0.0351796407185629 0.0344311377245509 0.0426646706586826 0.0733532934131736 0.104041916167665 0.0359281437125748 0.0673652694610778 0.102544910179641 0.110778443113772 0.116017964071856 0.032185628742515 0.104041916167665 0.0172155688622754
"cuoAmb" 0.143712574850299 0.0239520958083832 0.0344311377245509 0.0374251497005988 0.0351796407185629 0 0.00449101796407186 0.0419161676646707 0.0726047904191617 0.107035928143713 0.0217065868263473 0.0868263473053892 0.106287425149701 0.105538922155689 0.112275449101796 0.031437125748503 0.0965568862275449 0.0276946107784431
"cuoMcc" 0.143712574850299 0.0239520958083832 0.0344311377245509 0.0381736526946108 0.0344311377245509 0.00449101796407186 0 0.0419161676646707 0.0733532934131736 0.105538922155689 0.0217065868263473 0.0860778443113772 0.104790419161677 0.106287425149701 0.112275449101796 0.030688622754491 0.0973053892215569 0.0269461077844311
"derCor" 0.144461077844311 0.0449101796407186 0.0232035928143713 0.0456586826347305 0.0426646706586826 0.0419161676646707 0.0419161676646707 0 0.0733532934131736 0.107035928143713 0.0411676646706587 0.0958083832335329 0.11377245508982 0.115269461077844 0.113023952095808 0.0449101796407186 0.107035928143713 0.0404191616766467
"derMaw" 0.159431137724551 0.0711077844311377 0.0688622754491018 0.0688622754491018 0.0733532934131736 0.0726047904191617 0.0733532934131736 0.0733532934131736 0 0.12874251497006 0.0741017964071856 0.125748502994012 0.130988023952096 0.131736526946108 0.130988023952096 0.0733532934131736 0.12874251497006 0.0718562874251497
"emySub" 0.181137724550898 0.109281437125749 0.108532934131737 0.104041916167665 0.104041916167665 0.107035928143713 0.105538922155689 0.107035928143713 0.12874251497006 0 0.109281437125749 0.156437125748503 0.0853293413173653 0.101796407185629 0.142215568862275 0.105538922155689 0.0988023952095808 0.101047904191617
"gopAga" 0.141467065868263 0.0217065868263473 0.032185628742515 0.0411676646706587 0.0359281437125748 0.0217065868263473 0.0217065868263473 0.0411676646706587 0.0741017964071856 0.109281437125749 0 0.0875748502994012 0.106287425149701 0.110778443113772 0.115269461077844 0.0374251497005988 0.104041916167665 0.031437125748503
"malTer" 0.188622754491018 0.0868263473053892 0.0913173652694611 0.0920658682634731 0.0673652694610778 0.0868263473053892 0.0860778443113772 0.0958083832335329 0.125748502994012 0.156437125748503 0.0875748502994012 0 0.154940119760479 0.163922155688623 0.163922155688623 0.0845808383233533 0.154940119760479 0.0711077844311377
"mesTub" 0.177395209580838 0.105538922155689 0.110778443113772 0.110778443113772 0.102544910179641 0.106287425149701 0.104790419161677 0.11377245508982 0.130988023952096 0.0853293413173653 0.106287425149701 0.154940119760479 0 0.100299401197605 0.133233532934132 0.102544910179641 0.0898203592814371 0.101047904191617
"pelCas" 0.184880239520958 0.108532934131737 0.109281437125749 0.11377245508982 0.110778443113772 0.105538922155689 0.106287425149701 0.115269461077844 0.131736526946108 0.101796407185629 0.110778443113772 0.163922155688623 0.100299401197605 0 0.133982035928144 0.110778443113772 0.062874251497006 0.106287425149701
"pelSin" 0.151197604790419 0.110778443113772 0.110778443113772 0.114520958083832 0.116017964071856 0.112275449101796 0.112275449101796 0.113023952095808 0.130988023952096 0.142215568862275 0.115269461077844 0.163922155688623 0.133233532934132 0.133982035928144 0 0.107784431137725 0.125748502994012 0.110778443113772
"plaMeg" 0.145958083832335 0.0351796407185629 0.0374251497005988 0.0404191616766467 0.032185628742515 0.031437125748503 0.030688622754491 0.0449101796407186 0.0733532934131736 0.105538922155689 0.0374251497005988 0.0845808383233533 0.102544910179641 0.110778443113772 0.107784431137725 0 0.101047904191617 0.0232035928143713
"podExp" 0.183383233532934 0.101796407185629 0.101047904191617 0.105538922155689 0.104041916167665 0.0965568862275449 0.0973053892215569 0.107035928143713 0.12874251497006 0.0988023952095808 0.104041916167665 0.154940119760479 0.0898203592814371 0.062874251497006 0.125748502994012 0.101047904191617 0 0.101047904191617
"terMex" 0.143712574850299 0.030688622754491 0.032934131736527 0.0351796407185629 0.0172155688622754 0.0276946107784431 0.0269461077844311 0.0404191616766467 0.0718562874251497 0.101047904191617 0.031437125748503 0.0711077844311377 0.101047904191617 0.106287425149701 0.110778443113772 0.0232035928143713 0.101047904191617 0
