"carIns" "cheAbi" "cheMyd" "cheSer" "chrPic" "cuoAmb" "cuoMcc" "derCor" "derMaw" "emySub" "gopAga" "malTer" "mesTub" "pelCas" "pelSin" "plaMeg" "podExp" "terMex"
"carIns" 0 0.0641466208476518 0.056701030927835 0.0538373424971363 0.0544100801832761 0.058991981672394 0.0584192439862543 0.0572737686139748 0.0618556701030928 0.0670103092783505 0.063573883161512 0.0624284077892325 0.0698739977090493 0.0761741122565865 0.0618556701030928 0.0532646048109966 0.077319587628866 0.0526918671248568
"cheAbi" 0.0641466208476518 0 0.0297823596792669 0.0252004581901489 0.0200458190148912 0.013745704467354 0.0126002290950745 0.0320733104238259 0.0355097365406644 0.0521191294387171 0.0143184421534937 0.0309278350515464 0.0549828178694158 0.065864833906071 0.0641466208476518 0.0200458190148912 0.0778923253150057 0.0200458190148912
"cheMyd" 0.056701030927835 0.0297823596792669 0 0.0171821305841924 0.0211912943871707 0.0252004581901489 0.0240549828178694 0.011454753722795 0.0280641466208477 0.0463917525773196 0.0309278350515464 0.0297823596792669 0.0475372279495991 0.061282932416953 0.058991981672394 0.0200458190148912 0.0698739977090493 0.0171821305841924
"cheSer" 0.0538373424971363 0.0252004581901489 0.0171821305841924 0 0.0154639175257732 0.0194730813287514 0.0183276059564719 0.0183276059564719 0.0194730813287514 0.0406643757159221 0.0252004581901489 0.0240549828178694 0.0400916380297824 0.0544100801832761 0.0532646048109966 0.0143184421534937 0.065864833906071 0.0120274914089347
"chrPic" 0.0544100801832761 0.0200458190148912 0.0211912943871707 0.0154639175257732 0 0.0166093928980527 0.0154639175257732 0.0223367697594502 0.0257731958762887 0.0441008018327606 0.0200458190148912 0.0108820160366552 0.0458190148911798 0.0561282932416953 0.0561282932416953 0.00916380297823597 0.0675830469644903 0.00801832760595647
"cuoAmb" 0.058991981672394 0.013745704467354 0.0252004581901489 0.0194730813287514 0.0166093928980527 0 0.00229095074455899 0.0252004581901489 0.0280641466208477 0.0458190148911798 0.0148911798396334 0.0252004581901489 0.0475372279495991 0.0595647193585338 0.0572737686139748 0.0154639175257732 0.0693012600229095 0.0143184421534937
"cuoMcc" 0.0584192439862543 0.0126002290950745 0.0240549828178694 0.0183276059564719 0.0154639175257732 0.00229095074455899 0 0.0240549828178694 0.0269186712485682 0.0452462772050401 0.013745704467354 0.0240549828178694 0.0469644902634593 0.058991981672394 0.0561282932416953 0.0143184421534937 0.0693012600229095 0.0131729667812142
"derCor" 0.0572737686139748 0.0320733104238259 0.011454753722795 0.0183276059564719 0.0223367697594502 0.0252004581901489 0.0240549828178694 0 0.0280641466208477 0.0463917525773196 0.0320733104238259 0.0297823596792669 0.0475372279495991 0.0607101947308133 0.0549828178694158 0.0211912943871707 0.0698739977090493 0.0189003436426117
"derMaw" 0.0618556701030928 0.0355097365406644 0.0280641466208477 0.0194730813287514 0.0257731958762887 0.0280641466208477 0.0269186712485682 0.0280641466208477 0 0.0481099656357388 0.0355097365406644 0.0337915234822451 0.0481099656357388 0.0618556701030928 0.0607101947308133 0.0246277205040092 0.0698739977090493 0.0229095074455899
"emySub" 0.0670103092783505 0.0521191294387171 0.0463917525773196 0.0406643757159221 0.0441008018327606 0.0458190148911798 0.0452462772050401 0.0463917525773196 0.0481099656357388 0 0.0492554410080183 0.0504009163802978 0.0206185567010309 0.0469644902634593 0.0630011454753723 0.0418098510882016 0.065864833906071 0.0418098510882016
"gopAga" 0.063573883161512 0.0143184421534937 0.0309278350515464 0.0252004581901489 0.0200458190148912 0.0148911798396334 0.013745704467354 0.0320733104238259 0.0355097365406644 0.0492554410080183 0 0.0309278350515464 0.0532646048109966 0.0647193585337915 0.063573883161512 0.0194730813287514 0.0761741122565865 0.0194730813287514
"malTer" 0.0624284077892325 0.0309278350515464 0.0297823596792669 0.0240549828178694 0.0108820160366552 0.0252004581901489 0.0240549828178694 0.0297823596792669 0.0337915234822451 0.0504009163802978 0.0309278350515464 0 0.0521191294387171 0.0647193585337915 0.0618556701030928 0.0189003436426117 0.0756013745704467 0.0166093928980527
"mesTub" 0.0698739977090493 0.0549828178694158 0.0475372279495991 0.0400916380297824 0.0458190148911798 0.0475372279495991 0.0469644902634593 0.0475372279495991 0.0481099656357388 0.0206185567010309 0.0532646048109966 0.0521191294387171 0 0.0463917525773196 0.0647193585337915 0.0435280641466208 0.063573883161512 0.0423825887743414
"pelCas" 0.0761741122565865 0.065864833906071 0.061282932416953 0.0544100801832761 0.0561282932416953 0.0595647193585338 0.058991981672394 0.0607101947308133 0.0618556701030928 0.0469644902634593 0.0647193585337915 0.0647193585337915 0.0463917525773196 0 0.0738831615120275 0.0549828178694158 0.0595647193585338 0.0549828178694158
"pelSin" 0.0618556701030928 0.0641466208476518 0.058991981672394 0.0532646048109966 0.0561282932416953 0.0572737686139748 0.0561282932416953 0.0549828178694158 0.0607101947308133 0.0630011454753723 0.063573883161512 0.0618556701030928 0.0647193585337915 0.0738831615120275 0 0.0549828178694158 0.0836197021764032 0.0526918671248568
"plaMeg" 0.0532646048109966 0.0200458190148912 0.0200458190148912 0.0143184421534937 0.00916380297823597 0.0154639175257732 0.0143184421534937 0.0211912943871707 0.0246277205040092 0.0418098510882016 0.0194730813287514 0.0189003436426117 0.0435280641466208 0.0549828178694158 0.0549828178694158 0 0.0664375715922108 0.00687285223367698
"podExp" 0.077319587628866 0.0778923253150057 0.0698739977090493 0.065864833906071 0.0675830469644903 0.0693012600229095 0.0693012600229095 0.0698739977090493 0.0698739977090493 0.065864833906071 0.0761741122565865 0.0756013745704467 0.063573883161512 0.0595647193585338 0.0836197021764032 0.0664375715922108 0 0.0652920962199313
"terMex" 0.0526918671248568 0.0200458190148912 0.0171821305841924 0.0120274914089347 0.00801832760595647 0.0143184421534937 0.0131729667812142 0.0189003436426117 0.0229095074455899 0.0418098510882016 0.0194730813287514 0.0166093928980527 0.0423825887743414 0.0549828178694158 0.0526918671248568 0.00687285223367698 0.0652920962199313 0
