"carIns" "cheAbi" "cheMyd" "cheSer" "chrPic" "cuoAmb" "cuoMcc" "derCor" "derMaw" "emySub" "gopAga" "malTer" "mesTub" "pelCas" "pelSin" "plaMeg" "podExp" "terMex"
"carIns" 0 0.0711488250652741 0.0691906005221932 0.0633159268929504 0.0659268929503916 0.0711488250652741 0.0711488250652741 0.225848563968668 0.0698433420365535 0.0894255874673629 0.0718015665796345 0.0633159268929504 0.0926892950391645 0.101827676240209 0.0731070496083551 0.064621409921671 0.107702349869452 0.0659268929503916
"cheAbi" 0.0711488250652741 0 0.0398172323759791 0.0359007832898172 0.0274151436031332 0.0248041775456919 0.0274151436031332 0.209530026109661 0.0404699738903394 0.0711488250652741 0.0248041775456919 0.0274151436031332 0.0718015665796345 0.0815926892950392 0.0672323759791123 0.0254569190600522 0.0894255874673629 0.0274151436031332
"cheMyd" 0.0691906005221932 0.0398172323759791 0 0.031331592689295 0.0326370757180157 0.0372062663185379 0.0385117493472585 0.196475195822454 0.0385117493472585 0.0685378590078329 0.0411227154046997 0.031331592689295 0.0704960835509138 0.0809399477806789 0.0672323759791123 0.031331592689295 0.0861618798955614 0.031331592689295
"cheSer" 0.0633159268929504 0.0359007832898172 0.031331592689295 0 0.0254569190600522 0.031331592689295 0.0326370757180157 0.204960835509138 0.033289817232376 0.0607049608355091 0.0352480417754569 0.0241514360313316 0.0626631853785901 0.0718015665796345 0.0613577023498695 0.0241514360313316 0.0809399477806789 0.0241514360313316
"chrPic" 0.0659268929503916 0.0274151436031332 0.0326370757180157 0.0254569190600522 0 0.022845953002611 0.0254569190600522 0.201044386422977 0.033289817232376 0.0613577023498695 0.0254569190600522 0.00522193211488251 0.0633159268929504 0.075065274151436 0.0607049608355091 0.0143603133159269 0.0815926892950392 0.00913838120104439
"cuoAmb" 0.0711488250652741 0.0248041775456919 0.0372062663185379 0.031331592689295 0.022845953002611 0 0.00913838120104439 0.204960835509138 0.0372062663185379 0.0678851174934726 0.02088772845953 0.0215404699738903 0.0691906005221932 0.0809399477806789 0.0639686684073107 0.0202349869451697 0.0861618798955614 0.0215404699738903
"cuoMcc" 0.0711488250652741 0.0274151436031332 0.0385117493472585 0.0326370757180157 0.0254569190600522 0.00913838120104439 0 0.20757180156658 0.0372062663185379 0.0678851174934726 0.0234986945169713 0.0241514360313316 0.0691906005221932 0.0796344647519582 0.066579634464752 0.022845953002611 0.0861618798955614 0.0241514360313316
"derCor" 0.225848563968668 0.209530026109661 0.196475195822454 0.204960835509138 0.201044386422977 0.204960835509138 0.20757180156658 0 0.212140992167102 0.220626631853786 0.20757180156658 0.201044386422977 0.223237597911227 0.22911227154047 0.22976501305483 0.203655352480418 0.236292428198433 0.200391644908616
"derMaw" 0.0698433420365535 0.0404699738903394 0.0385117493472585 0.033289817232376 0.033289817232376 0.0372062663185379 0.0372062663185379 0.212140992167102 0 0.0691906005221932 0.0391644908616188 0.0306788511749347 0.0672323759791123 0.075065274151436 0.0672323759791123 0.033289817232376 0.0809399477806789 0.033289817232376
"emySub" 0.0894255874673629 0.0711488250652741 0.0685378590078329 0.0607049608355091 0.0613577023498695 0.0678851174934726 0.0678851174934726 0.220626631853786 0.0691906005221932 0 0.0698433420365535 0.0626631853785901 0.0280678851174935 0.0489556135770235 0.085509138381201 0.0626631853785901 0.0548302872062663 0.0626631853785901
"gopAga" 0.0718015665796345 0.0248041775456919 0.0411227154046997 0.0352480417754569 0.0254569190600522 0.02088772845953 0.0234986945169713 0.20757180156658 0.0391644908616188 0.0698433420365535 0 0.0241514360313316 0.0711488250652741 0.0815926892950392 0.0633159268929504 0.0241514360313316 0.0868146214099217 0.0254569190600522
"malTer" 0.0633159268929504 0.0274151436031332 0.031331592689295 0.0241514360313316 0.00522193211488251 0.0215404699738903 0.0241514360313316 0.201044386422977 0.0306788511749347 0.0626631853785901 0.0241514360313316 0 0.0633159268929504 0.0737597911227154 0.0587467362924282 0.0130548302872063 0.0815926892950392 0.00783289817232376
"mesTub" 0.0926892950391645 0.0718015665796345 0.0704960835509138 0.0626631853785901 0.0633159268929504 0.0691906005221932 0.0691906005221932 0.223237597911227 0.0672323759791123 0.0280678851174935 0.0711488250652741 0.0633159268929504 0 0.0548302872062663 0.0861618798955614 0.0633159268929504 0.056135770234987 0.0633159268929504
"pelCas" 0.101827676240209 0.0815926892950392 0.0809399477806789 0.0718015665796345 0.075065274151436 0.0809399477806789 0.0796344647519582 0.22911227154047 0.075065274151436 0.0489556135770235 0.0815926892950392 0.0737597911227154 0.0548302872062663 0 0.0946475195822454 0.0744125326370757 0.0535248041775457 0.0744125326370757
"pelSin" 0.0731070496083551 0.0672323759791123 0.0672323759791123 0.0613577023498695 0.0607049608355091 0.0639686684073107 0.066579634464752 0.22976501305483 0.0672323759791123 0.085509138381201 0.0633159268929504 0.0587467362924282 0.0861618798955614 0.0946475195822454 0 0.0593994778067885 0.101174934725849 0.0593994778067885
"plaMeg" 0.064621409921671 0.0254569190600522 0.031331592689295 0.0241514360313316 0.0143603133159269 0.0202349869451697 0.022845953002611 0.203655352480418 0.033289817232376 0.0626631853785901 0.0241514360313316 0.0130548302872063 0.0633159268929504 0.0744125326370757 0.0593994778067885 0 0.0815926892950392 0.0130548302872063
"podExp" 0.107702349869452 0.0894255874673629 0.0861618798955614 0.0809399477806789 0.0815926892950392 0.0861618798955614 0.0861618798955614 0.236292428198433 0.0809399477806789 0.0548302872062663 0.0868146214099217 0.0815926892950392 0.056135770234987 0.0535248041775457 0.101174934725849 0.0815926892950392 0 0.0809399477806789
"terMex" 0.0659268929503916 0.0274151436031332 0.031331592689295 0.0241514360313316 0.00913838120104439 0.0215404699738903 0.0241514360313316 0.200391644908616 0.033289817232376 0.0626631853785901 0.0254569190600522 0.00783289817232376 0.0633159268929504 0.0744125326370757 0.0593994778067885 0.0130548302872063 0.0809399477806789 0
