"carIns" "cheAbi" "cheSer" "cuoAmb" "cuoMcc" "derCor" "derMaw" "gopAga" "malTer" "mesTub" "pelCas" "pelSin" "plaMeg" "podExp" "terMex"
"carIns" 0 0.0817391304347826 0.071304347826087 0.105217391304348 0.0730434782608696 0.0756521739130435 0.0843478260869565 0.08 0.1 0.0756521739130435 0.0956521739130435 0.0739130434782609 0.0660869565217391 0.0939130434782609 0.0660869565217391
"cheAbi" 0.0817391304347826 0 0.0434782608695652 0.0608695652173913 0.0321739130434783 0.0452173913043478 0.0504347826086957 0.0321739130434783 0.0634782608695652 0.08 0.109565217391304 0.08 0.0321739130434783 0.105217391304348 0.0330434782608696
"cheSer" 0.071304347826087 0.0434782608695652 0 0.0608695652173913 0.0260869565217391 0.0252173913043478 0.031304347826087 0.0330434782608696 0.0556521739130435 0.0747826086956522 0.088695652173913 0.0643478260869565 0.0147826086956522 0.0852173913043478 0.0217391304347826
"cuoAmb" 0.105217391304348 0.0608695652173913 0.0608695652173913 0 0.0417391304347826 0.0608695652173913 0.0747826086956522 0.0573913043478261 0.0869565217391304 0.101739130434783 0.127826086956522 0.1 0.0556521739130435 0.12695652173913 0.0521739130434783
"cuoMcc" 0.0730434782608696 0.0321739130434783 0.0260869565217391 0.0417391304347826 0 0.0252173913043478 0.04 0.0208695652173913 0.0530434782608696 0.0695652173913043 0.0939130434782609 0.0669565217391304 0.0191304347826087 0.0965217391304348 0.0173913043478261
"derCor" 0.0756521739130435 0.0452173913043478 0.0252173913043478 0.0608695652173913 0.0252173913043478 0 0.0373913043478261 0.0347826086956522 0.0573913043478261 0.0747826086956522 0.0930434782608696 0.0643478260869565 0.0217391304347826 0.0921739130434783 0.0226086956521739
"derMaw" 0.0843478260869565 0.0504347826086957 0.031304347826087 0.0747826086956522 0.04 0.0373913043478261 0 0.0469565217391304 0.0660869565217391 0.0843478260869565 0.105217391304348 0.071304347826087 0.0330434782608696 0.101739130434783 0.0356521739130435
"gopAga" 0.08 0.0321739130434783 0.0330434782608696 0.0573913043478261 0.0208695652173913 0.0347826086956522 0.0469565217391304 0 0.06 0.0817391304347826 0.100869565217391 0.071304347826087 0.0243478260869565 0.102608695652174 0.0243478260869565
"malTer" 0.1 0.0634782608695652 0.0556521739130435 0.0869565217391304 0.0530434782608696 0.0573913043478261 0.0660869565217391 0.06 0 0.0973913043478261 0.120869565217391 0.0895652173913044 0.0460869565217391 0.120869565217391 0.0434782608695652
"mesTub" 0.0756521739130435 0.08 0.0747826086956522 0.101739130434783 0.0695652173913043 0.0747826086956522 0.0843478260869565 0.0817391304347826 0.0973913043478261 0 0.0878260869565217 0.0834782608695652 0.0704347826086957 0.0808695652173913 0.071304347826087
"pelCas" 0.0956521739130435 0.109565217391304 0.088695652173913 0.127826086956522 0.0939130434782609 0.0930434782608696 0.105217391304348 0.100869565217391 0.120869565217391 0.0878260869565217 0 0.0982608695652174 0.0869565217391304 0.0704347826086957 0.0869565217391304
"pelSin" 0.0739130434782609 0.08 0.0643478260869565 0.1 0.0669565217391304 0.0643478260869565 0.071304347826087 0.071304347826087 0.0895652173913044 0.0834782608695652 0.0982608695652174 0 0.0591304347826087 0.091304347826087 0.0617391304347826
"plaMeg" 0.0660869565217391 0.0321739130434783 0.0147826086956522 0.0556521739130435 0.0191304347826087 0.0217391304347826 0.0330434782608696 0.0243478260869565 0.0460869565217391 0.0704347826086957 0.0869565217391304 0.0591304347826087 0 0.0843478260869565 0.011304347826087
"podExp" 0.0939130434782609 0.105217391304348 0.0852173913043478 0.12695652173913 0.0965217391304348 0.0921739130434783 0.101739130434783 0.102608695652174 0.120869565217391 0.0808695652173913 0.0704347826086957 0.091304347826087 0.0843478260869565 0 0.088695652173913
"terMex" 0.0660869565217391 0.0330434782608696 0.0217391304347826 0.0521739130434783 0.0173913043478261 0.0226086956521739 0.0356521739130435 0.0243478260869565 0.0434782608695652 0.071304347826087 0.0869565217391304 0.0617391304347826 0.011304347826087 0.088695652173913 0
