"carIns" "cheAbi" "cheMyd" "cheSer" "chrPic" "cuoAmb" "cuoMcc" "derMaw" "emySub" "gopAga" "malTer" "mesTub" "pelCas" "pelSin" "plaMeg" "podExp" "terMex"
"carIns" 0 0.0852305896088733 0.088733216579101 0.0834792761237595 0.0828955049620549 0.0904845300642148 0.122008172796264 0.0834792761237595 0.099241097489784 0.0858143607705779 0.0969060128429656 0.0945709281961471 0.108581436077058 0.0986573263280794 0.0793928779918272 0.113251605370695 0.078225335668418
"cheAbi" 0.0852305896088733 0 0.0356100408639813 0.0490367775831874 0.028604786923526 0.0233508464681845 0.0753064798598949 0.0513718622300058 0.0764740221833041 0.0215995329830706 0.0426152948044367 0.0700525394045534 0.0788091068301226 0.0846468184471687 0.0385288966725044 0.0910683012259194 0.0379451255107998
"cheMyd" 0.088733216579101 0.0356100408639813 0 0.0461179217746643 0.0332749562171629 0.0356100408639813 0.0852305896088733 0.0478692352597782 0.0753064798598949 0.0385288966725044 0.0472854640980736 0.0683012259194396 0.081144191476941 0.0840630472854641 0.0408639813193228 0.088733216579101 0.0437828371278459
"cheSer" 0.0834792761237595 0.0490367775831874 0.0461179217746643 0 0.042031523642732 0.0502043199065966 0.0718038528896672 0.0350262697022767 0.0647985989492119 0.0507880910683012 0.0554582603619381 0.0577933450087566 0.0653823701109165 0.081144191476941 0.0221833041447752 0.0723876240513719 0.0245183887915937
"chrPic" 0.0828955049620549 0.028604786923526 0.0332749562171629 0.042031523642732 0 0.0274372446001168 0.0770577933450088 0.0502043199065966 0.078225335668418 0.0280210157618214 0.0163455925277291 0.0700525394045534 0.0776415645067134 0.0805604203152364 0.0291885580852306 0.0863981319322825 0.0227670753064799
"cuoAmb" 0.0904845300642148 0.0233508464681845 0.0356100408639813 0.0502043199065966 0.0274372446001168 0 0.0607122008172796 0.0531231757151197 0.0788091068301226 0.0198482194979568 0.0414477524810274 0.0723876240513719 0.0799766491535318 0.0834792761237595 0.0356100408639813 0.0899007589025102 0.0361938120256859
"cuoMcc" 0.122008172796264 0.0753064798598949 0.0852305896088733 0.0718038528896672 0.0770577933450088 0.0607122008172796 0 0.0718038528896672 0.102159953298307 0.0718038528896672 0.0910683012259194 0.0922358435493287 0.103911266783421 0.114419147694104 0.057209573847052 0.11266783420899 0.0577933450087566
"derMaw" 0.0834792761237595 0.0513718622300058 0.0478692352597782 0.0350262697022767 0.0502043199065966 0.0531231757151197 0.0718038528896672 0 0.0659661412726211 0.0507880910683012 0.0636310566258027 0.0612959719789842 0.0735551663747811 0.0869819030939872 0.0297723292469352 0.0753064798598949 0.031523642732049
"emySub" 0.099241097489784 0.0764740221833041 0.0753064798598949 0.0647985989492119 0.078225335668418 0.0788091068301226 0.102159953298307 0.0659661412726211 0 0.0805604203152364 0.091652072387624 0.039112667834209 0.0618797431406889 0.0980735551663748 0.0607122008172796 0.0683012259194396 0.0624635143023935
"gopAga" 0.0858143607705779 0.0215995329830706 0.0385288966725044 0.0507880910683012 0.0280210157618214 0.0198482194979568 0.0718038528896672 0.0507880910683012 0.0805604203152364 0 0.042031523642732 0.0729713952130765 0.0828955049620549 0.0834792761237595 0.0373613543490952 0.088733216579101 0.0367775831873905
"malTer" 0.0969060128429656 0.0426152948044367 0.0472854640980736 0.0554582603619381 0.0163455925277291 0.0414477524810274 0.0910683012259194 0.0636310566258027 0.091652072387624 0.042031523642732 0 0.0852305896088733 0.0893169877408056 0.0951546993578517 0.0426152948044367 0.0998248686514886 0.0367775831873905
"mesTub" 0.0945709281961471 0.0700525394045534 0.0683012259194396 0.0577933450087566 0.0700525394045534 0.0723876240513719 0.0922358435493287 0.0612959719789842 0.039112667834209 0.0729713952130765 0.0852305896088733 0 0.060128429655575 0.091652072387624 0.0525394045534151 0.0636310566258027 0.0542907180385289
"pelCas" 0.108581436077058 0.0788091068301226 0.081144191476941 0.0653823701109165 0.0776415645067134 0.0799766491535318 0.103911266783421 0.0735551663747811 0.0618797431406889 0.0828955049620549 0.0893169877408056 0.060128429655575 0 0.0939871570344425 0.0607122008172796 0.060128429655575 0.0624635143023935
"pelSin" 0.0986573263280794 0.0846468184471687 0.0840630472854641 0.081144191476941 0.0805604203152364 0.0834792761237595 0.114419147694104 0.0869819030939872 0.0980735551663748 0.0834792761237595 0.0951546993578517 0.091652072387624 0.0939871570344425 0 0.0735551663747811 0.109165207238762 0.0735551663747811
"plaMeg" 0.0793928779918272 0.0385288966725044 0.0408639813193228 0.0221833041447752 0.0291885580852306 0.0356100408639813 0.057209573847052 0.0297723292469352 0.0607122008172796 0.0373613543490952 0.0426152948044367 0.0525394045534151 0.0607122008172796 0.0735551663747811 0 0.0688849970811442 0.0099241097489784
"podExp" 0.113251605370695 0.0910683012259194 0.088733216579101 0.0723876240513719 0.0863981319322825 0.0899007589025102 0.11266783420899 0.0753064798598949 0.0683012259194396 0.088733216579101 0.0998248686514886 0.0636310566258027 0.060128429655575 0.109165207238762 0.0688849970811442 0 0.0700525394045534
"terMex" 0.078225335668418 0.0379451255107998 0.0437828371278459 0.0245183887915937 0.0227670753064799 0.0361938120256859 0.0577933450087566 0.031523642732049 0.0624635143023935 0.0367775831873905 0.0367775831873905 0.0542907180385289 0.0624635143023935 0.0735551663747811 0.0099241097489784 0.0700525394045534 0
