"cheAbi" "cheMyd" "cheSer" "chrPic" "cuoAmb" "cuoMcc" "derCor" "derMaw" "emySub" "gopAga" "malTer" "mesTub" "pelCas" "pelSin" "plaMeg" "podExp"
"cheAbi" 0 0.0402792696025779 0.0429645542427497 0.0295381310418904 0.0252416756176155 0.023093447905478 0.0386680988184748 0.0499462943071966 0.0757250268528464 0.023093447905478 0.0515574650912997 0.0703544575725027 0.0805585392051558 0.0998925886143931 0.0306122448979592 0.0886143931256713
"cheMyd" 0.0402792696025779 0 0.0408163265306122 0.0311493018259936 0.0386680988184748 0.0354457572502685 0.023093447905478 0.0451127819548872 0.0789473684210526 0.0386680988184748 0.0542427497314715 0.0703544575725027 0.0810955961331901 0.0988184747583244 0.0338345864661654 0.083780880773362
"cheSer" 0.0429645542427497 0.0408163265306122 0 0.0343716433941998 0.0413533834586466 0.0392051557465091 0.0408163265306122 0.0483351235230935 0.0800214822771214 0.0370569280343716 0.0569280343716434 0.069280343716434 0.0805585392051558 0.100966702470462 0.0338345864661654 0.0929108485499463
"chrPic" 0.0295381310418904 0.0311493018259936 0.0343716433941998 0 0.0284640171858217 0.0252416756176155 0.0295381310418904 0.0408163265306122 0.0735767991407089 0.027389903329753 0.0279269602577873 0.0612244897959184 0.0735767991407089 0.0977443609022556 0.0166487647690655 0.0816326530612245
"cuoAmb" 0.0252416756176155 0.0386680988184748 0.0413533834586466 0.0284640171858217 0 0.00644468313641246 0.0392051557465091 0.0494092373791622 0.0800214822771214 0.0236305048335124 0.0510204081632653 0.069280343716434 0.0821697099892589 0.0988184747583244 0.0284640171858217 0.0902255639097744
"cuoMcc" 0.023093447905478 0.0354457572502685 0.0392051557465091 0.0252416756176155 0.00644468313641246 0 0.0359828141783029 0.046186895810956 0.0778732545649839 0.0225563909774436 0.0477980665950591 0.0671321160042965 0.0784103114930183 0.0972073039742213 0.0252416756176155 0.0875402792696026
"derCor" 0.0386680988184748 0.023093447905478 0.0408163265306122 0.0295381310418904 0.0392051557465091 0.0359828141783029 0 0.0494092373791622 0.0773361976369495 0.0386680988184748 0.052094522019334 0.0660580021482277 0.079484425349087 0.0977443609022556 0.0311493018259936 0.0827067669172932
"derMaw" 0.0499462943071966 0.0451127819548872 0.0483351235230935 0.0408163265306122 0.0494092373791622 0.046186895810956 0.0494092373791622 0 0.0832438238453276 0.0499462943071966 0.0622986036519871 0.0767991407089152 0.0896885069817401 0.110096670247046 0.0435016111707841 0.09828141783029
"emySub" 0.0757250268528464 0.0789473684210526 0.0800214822771214 0.0735767991407089 0.0800214822771214 0.0778732545649839 0.0773361976369495 0.0832438238453276 0 0.0784103114930183 0.0918367346938776 0.046186895810956 0.0784103114930183 0.119763694951665 0.0730397422126745 0.0832438238453276
"gopAga" 0.023093447905478 0.0386680988184748 0.0370569280343716 0.027389903329753 0.0236305048335124 0.0225563909774436 0.0386680988184748 0.0499462943071966 0.0784103114930183 0 0.0499462943071966 0.0687432867883996 0.0810955961331901 0.0977443609022556 0.0284640171858217 0.0918367346938776
"malTer" 0.0515574650912997 0.0542427497314715 0.0569280343716434 0.0279269602577873 0.0510204081632653 0.0477980665950591 0.052094522019334 0.0622986036519871 0.0918367346938776 0.0499462943071966 0 0.0810955961331901 0.093984962406015 0.118689581095596 0.0402792696025779 0.101503759398496
"mesTub" 0.0703544575725027 0.0703544575725027 0.069280343716434 0.0612244897959184 0.069280343716434 0.0671321160042965 0.0660580021482277 0.0767991407089152 0.046186895810956 0.0687432867883996 0.0810955961331901 0 0.0676691729323308 0.117615467239527 0.060687432867884 0.0735767991407089
"pelCas" 0.0805585392051558 0.0810955961331901 0.0805585392051558 0.0735767991407089 0.0821697099892589 0.0784103114930183 0.079484425349087 0.0896885069817401 0.0784103114930183 0.0810955961331901 0.093984962406015 0.0676691729323308 0 0.128893662728249 0.0735767991407089 0.0671321160042965
"pelSin" 0.0998925886143931 0.0988184747583244 0.100966702470462 0.0977443609022556 0.0988184747583244 0.0972073039742213 0.0977443609022556 0.110096670247046 0.119763694951665 0.0977443609022556 0.118689581095596 0.117615467239527 0.128893662728249 0 0.0972073039742213 0.127282491944146
"plaMeg" 0.0306122448979592 0.0338345864661654 0.0338345864661654 0.0166487647690655 0.0284640171858217 0.0252416756176155 0.0311493018259936 0.0435016111707841 0.0730397422126745 0.0284640171858217 0.0402792696025779 0.060687432867884 0.0735767991407089 0.0972073039742213 0 0.0810955961331901
"podExp" 0.0886143931256713 0.083780880773362 0.0929108485499463 0.0816326530612245 0.0902255639097744 0.0875402792696026 0.0827067669172932 0.09828141783029 0.0832438238453276 0.0918367346938776 0.101503759398496 0.0735767991407089 0.0671321160042965 0.127282491944146 0.0810955961331901 0
