"carIns" "cheAbi" "cheMyd" "cheSer" "chrPic" "cuoAmb" "cuoMcc" "derCor" "derMaw" "emySub" "gopAga" "malTer" "mesTub" "pelCas" "pelSin" "plaMeg" "podExp" "terMex"
"carIns" 0 0.0701058201058201 0.0674603174603175 0.0641534391534392 0.0687830687830688 0.105820105820106 0.0992063492063492 0.0648148148148148 0.0707671957671958 0.0687830687830688 0.0747354497354497 0.0648148148148148 0.0753968253968254 0.0846560846560847 0.0687830687830688 0.0608465608465608 0.0873015873015873 0.0674603174603175
"cheAbi" 0.0701058201058201 0 0.0357142857142857 0.0297619047619048 0.0304232804232804 0.0674603174603175 0.0555555555555556 0.0310846560846561 0.0416666666666667 0.0515873015873016 0.0231481481481481 0.0264550264550265 0.0615079365079365 0.0727513227513227 0.0608465608465608 0.0205026455026455 0.0734126984126984 0.0291005291005291
"cheMyd" 0.0674603174603175 0.0357142857142857 0 0.0257936507936508 0.037037037037037 0.0740740740740741 0.0687830687830688 0.0178571428571429 0.039021164021164 0.0489417989417989 0.0416666666666667 0.0330687830687831 0.0582010582010582 0.0740740740740741 0.0621693121693122 0.0284391534391534 0.0734126984126984 0.037037037037037
"cheSer" 0.0641534391534392 0.0297619047619048 0.0257936507936508 0 0.0297619047619048 0.0701058201058201 0.0621693121693122 0.0251322751322751 0.0304232804232804 0.042989417989418 0.0330687830687831 0.0244708994708995 0.0535714285714286 0.0648148148148148 0.0562169312169312 0.0198412698412698 0.0661375661375661 0.0297619047619048
"chrPic" 0.0687830687830688 0.0304232804232804 0.037037037037037 0.0297619047619048 0 0.0674603174603175 0.0568783068783069 0.0324074074074074 0.0416666666666667 0.0496031746031746 0.0337301587301587 0.00992063492063492 0.0608465608465608 0.0701058201058201 0.0628306878306878 0.0205026455026455 0.0714285714285714 0.0158730158730159
"cuoAmb" 0.105820105820106 0.0674603174603175 0.0740740740740741 0.0701058201058201 0.0674603174603175 0 0.0615079365079365 0.0694444444444444 0.080026455026455 0.0846560846560847 0.0681216931216931 0.0648148148148148 0.100529100529101 0.111772486772487 0.0972222222222222 0.0634920634920635 0.10978835978836 0.0701058201058201
"cuoMcc" 0.0992063492063492 0.0555555555555556 0.0687830687830688 0.0621693121693122 0.0568783068783069 0.0615079365079365 0 0.0634920634920635 0.0720899470899471 0.0806878306878307 0.0582010582010582 0.0542328042328042 0.0925925925925926 0.10515873015873 0.0866402116402116 0.0535714285714286 0.101851851851852 0.0562169312169312
"derCor" 0.0648148148148148 0.0310846560846561 0.0178571428571429 0.0251322751322751 0.0324074074074074 0.0694444444444444 0.0634920634920635 0 0.0396825396825397 0.0462962962962963 0.037037037037037 0.0277777777777778 0.0555555555555556 0.0714285714285714 0.0575396825396825 0.0238095238095238 0.0701058201058201 0.0324074074074074
"derMaw" 0.0707671957671958 0.0416666666666667 0.039021164021164 0.0304232804232804 0.0416666666666667 0.080026455026455 0.0720899470899471 0.0396825396825397 0 0.0568783068783069 0.0476190476190476 0.0376984126984127 0.0661375661375661 0.0793650793650794 0.0667989417989418 0.0330687830687831 0.0760582010582011 0.042989417989418
"emySub" 0.0687830687830688 0.0515873015873016 0.0489417989417989 0.042989417989418 0.0496031746031746 0.0846560846560847 0.0806878306878307 0.0462962962962963 0.0568783068783069 0 0.0542328042328042 0.0456349206349206 0.0257936507936508 0.0482804232804233 0.0621693121693122 0.039021164021164 0.0476190476190476 0.0496031746031746
"gopAga" 0.0747354497354497 0.0231481481481481 0.0416666666666667 0.0330687830687831 0.0337301587301587 0.0681216931216931 0.0582010582010582 0.037037037037037 0.0476190476190476 0.0542328042328042 0 0.0297619047619048 0.0661375661375661 0.080026455026455 0.0681216931216931 0.0251322751322751 0.0760582010582011 0.0330687830687831
"malTer" 0.0648148148148148 0.0264550264550265 0.0330687830687831 0.0244708994708995 0.00992063492063492 0.0648148148148148 0.0542328042328042 0.0277777777777778 0.0376984126984127 0.0456349206349206 0.0297619047619048 0 0.0568783068783069 0.0681216931216931 0.0588624338624339 0.0165343915343915 0.0681216931216931 0.0125661375661376
"mesTub" 0.0753968253968254 0.0615079365079365 0.0582010582010582 0.0535714285714286 0.0608465608465608 0.100529100529101 0.0925925925925926 0.0555555555555556 0.0661375661375661 0.0257936507936508 0.0661375661375661 0.0568783068783069 0 0.0588624338624339 0.0734126984126984 0.0515873015873016 0.0595238095238095 0.0608465608465608
"pelCas" 0.0846560846560847 0.0727513227513227 0.0740740740740741 0.0648148148148148 0.0701058201058201 0.111772486772487 0.10515873015873 0.0714285714285714 0.0793650793650794 0.0482804232804233 0.080026455026455 0.0681216931216931 0.0588624338624339 0 0.0813492063492064 0.0634920634920635 0.0476190476190476 0.0714285714285714
"pelSin" 0.0687830687830688 0.0608465608465608 0.0621693121693122 0.0562169312169312 0.0628306878306878 0.0972222222222222 0.0866402116402116 0.0575396825396825 0.0667989417989418 0.0621693121693122 0.0681216931216931 0.0588624338624339 0.0734126984126984 0.0813492063492064 0 0.0548941798941799 0.0806878306878307 0.0582010582010582
"plaMeg" 0.0608465608465608 0.0205026455026455 0.0284391534391534 0.0198412698412698 0.0205026455026455 0.0634920634920635 0.0535714285714286 0.0238095238095238 0.0330687830687831 0.039021164021164 0.0251322751322751 0.0165343915343915 0.0515873015873016 0.0634920634920635 0.0548941798941799 0 0.0648148148148148 0.0205026455026455
"podExp" 0.0873015873015873 0.0734126984126984 0.0734126984126984 0.0661375661375661 0.0714285714285714 0.10978835978836 0.101851851851852 0.0701058201058201 0.0760582010582011 0.0476190476190476 0.0760582010582011 0.0681216931216931 0.0595238095238095 0.0476190476190476 0.0806878306878307 0.0648148148148148 0 0.0714285714285714
"terMex" 0.0674603174603175 0.0291005291005291 0.037037037037037 0.0297619047619048 0.0158730158730159 0.0701058201058201 0.0562169312169312 0.0324074074074074 0.042989417989418 0.0496031746031746 0.0330687830687831 0.0125661375661376 0.0608465608465608 0.0714285714285714 0.0582010582010582 0.0205026455026455 0.0714285714285714 0
