"carIns" "cheAbi" "cheMyd" "cheSer" "chrPic" "cuoMcc" "derCor" "derMaw" "emySub" "gopAga" "malTer" "mesTub" "pelCas" "pelSin" "plaMeg" "podExp" "terMex"
"carIns" 0 0.0920127795527157 0.0913738019169329 0.0881789137380192 0.112460063897764 0.0862619808306709 0.270287539936102 0.0900958466453674 0.0849840255591054 0.0824281150159744 0.0817891373801917 0.0945686900958466 0.11629392971246 0.118849840255591 0.0830670926517572 0.118210862619808 0.0888178913738019
"cheAbi" 0.0920127795527157 0 0.063258785942492 0.0543130990415335 0.0824281150159744 0.0472843450479233 0.256869009584665 0.0638977635782748 0.0715654952076677 0.0332268370607029 0.0447284345047923 0.0830670926517572 0.0996805111821086 0.111182108626198 0.0511182108626198 0.102875399361022 0.0498402555910543
"cheMyd" 0.0913738019169329 0.063258785942492 0 0.0523961661341853 0.073482428115016 0.0447284345047923 0.241533546325879 0.0562300319488818 0.068370607028754 0.0498402555910543 0.0434504792332268 0.0741214057507987 0.10223642172524 0.0990415335463259 0.055591054313099 0.102875399361022 0.0523961661341853
"cheSer" 0.0881789137380192 0.0543130990415335 0.0523961661341853 0 0.063258785942492 0.0396166134185304 0.23961661341853 0.0402555910543131 0.0600638977635783 0.0345047923322684 0.0306709265175719 0.0722044728434505 0.0977635782747604 0.10223642172524 0.0453674121405751 0.100319488817891 0.0402555910543131
"chrPic" 0.112460063897764 0.0824281150159744 0.073482428115016 0.063258785942492 0 0.0677316293929712 0.243450479233227 0.0728434504792332 0.0849840255591054 0.0664536741214058 0.0460063897763578 0.0932907348242811 0.114376996805112 0.127156549520767 0.0722044728434505 0.118849840255591 0.0587859424920128
"cuoMcc" 0.0862619808306709 0.0472843450479233 0.0447284345047923 0.0396166134185304 0.0677316293929712 0 0.23961661341853 0.0485623003194888 0.0645367412140575 0.0313099041533546 0.0300319488817891 0.0715654952076677 0.0958466453674121 0.0996805111821086 0.0498402555910543 0.101597444089457 0.0376996805111821
"derCor" 0.270287539936102 0.256869009584665 0.241533546325879 0.23961661341853 0.243450479233227 0.23961661341853 0 0.244728434504792 0.258785942492013 0.237060702875399 0.234504792332268 0.268370607028754 0.28370607028754 0.289456869009585 0.250479233226837 0.286261980830671 0.244728434504792
"derMaw" 0.0900958466453674 0.0638977635782748 0.0562300319488818 0.0402555910543131 0.0728434504792332 0.0485623003194888 0.244728434504792 0 0.060702875399361 0.0453674121405751 0.0376996805111821 0.0728434504792332 0.0971246006389776 0.106709265175719 0.0511182108626198 0.0996805111821086 0.0447284345047923
"emySub" 0.0849840255591054 0.0715654952076677 0.068370607028754 0.0600638977635783 0.0849840255591054 0.0645367412140575 0.258785942492013 0.060702875399361 0 0.0619808306709265 0.0523961661341853 0.0306709265175719 0.0587859424920128 0.100319488817891 0.0479233226837061 0.0722044728434505 0.063258785942492
"gopAga" 0.0824281150159744 0.0332268370607029 0.0498402555910543 0.0345047923322684 0.0664536741214058 0.0313099041533546 0.237060702875399 0.0453674121405751 0.0619808306709265 0 0.0313099041533546 0.0702875399361022 0.0971246006389776 0.100319488817891 0.0460063897763578 0.0990415335463259 0.0402555910543131
"malTer" 0.0817891373801917 0.0447284345047923 0.0434504792332268 0.0306709265175719 0.0460063897763578 0.0300319488817891 0.234504792332268 0.0376996805111821 0.0523961661341853 0.0313099041533546 0 0.0638977635782748 0.0856230031948882 0.0977635782747604 0.0376996805111821 0.0900958466453674 0.0204472843450479
"mesTub" 0.0945686900958466 0.0830670926517572 0.0741214057507987 0.0722044728434505 0.0932907348242811 0.0715654952076677 0.268370607028754 0.0728434504792332 0.0306709265175719 0.0702875399361022 0.0638977635782748 0 0.0741214057507987 0.109904153354633 0.0619808306709265 0.0849840255591054 0.0722044728434505
"pelCas" 0.11629392971246 0.0996805111821086 0.10223642172524 0.0977635782747604 0.114376996805112 0.0958466453674121 0.28370607028754 0.0971246006389776 0.0587859424920128 0.0971246006389776 0.0856230031948882 0.0741214057507987 0 0.132268370607029 0.0722044728434505 0.05814696485623 0.0907348242811502
"pelSin" 0.118849840255591 0.111182108626198 0.0990415335463259 0.10223642172524 0.127156549520767 0.0996805111821086 0.289456869009585 0.106709265175719 0.100319488817891 0.100319488817891 0.0977635782747604 0.109904153354633 0.132268370607029 0 0.100958466453674 0.14185303514377 0.108626198083067
"plaMeg" 0.0830670926517572 0.0511182108626198 0.055591054313099 0.0453674121405751 0.0722044728434505 0.0498402555910543 0.250479233226837 0.0511182108626198 0.0479233226837061 0.0460063897763578 0.0376996805111821 0.0619808306709265 0.0722044728434505 0.100958466453674 0 0.0766773162939297 0.0434504792332268
"podExp" 0.118210862619808 0.102875399361022 0.102875399361022 0.100319488817891 0.118849840255591 0.101597444089457 0.286261980830671 0.0996805111821086 0.0722044728434505 0.0990415335463259 0.0900958466453674 0.0849840255591054 0.05814696485623 0.14185303514377 0.0766773162939297 0 0.0952076677316294
"terMex" 0.0888178913738019 0.0498402555910543 0.0523961661341853 0.0402555910543131 0.0587859424920128 0.0376996805111821 0.244728434504792 0.0447284345047923 0.063258785942492 0.0402555910543131 0.0204472843450479 0.0722044728434505 0.0907348242811502 0.108626198083067 0.0434504792332268 0.0952076677316294 0
