"carIns" "cheAbi" "cheMyd" "cheSer" "chrPic" "cuoAmb" "cuoMcc" "derMaw" "emySub" "gopAga" "malTer" "mesTub" "pelCas" "pelSin" "plaMeg" "podExp" "terMex"
"carIns" 0 0.0990415335463259 0.106709265175719 0.100638977635783 0.0945686900958466 0.199361022364217 0.103514376996805 0.101277955271565 0.111501597444089 0.0968051118210863 0.0932907348242811 0.113418530351438 0.133546325878594 0.120127795527157 0.103514376996805 0.138658146964856 0.141533546325879
"cheAbi" 0.0990415335463259 0 0.0504792332268371 0.0450479233226837 0.0332268370607029 0.13482428115016 0.0261980830670927 0.0485623003194888 0.0725239616613419 0.0210862619808307 0.0364217252396166 0.0769968051118211 0.0958466453674121 0.0996805111821086 0.0440894568690096 0.112140575079872 0.0894568690095847
"cheMyd" 0.106709265175719 0.0504792332268371 0 0.0495207667731629 0.0437699680511182 0.152396166134185 0.0523961661341853 0.0520766773162939 0.0776357827476038 0.0501597444089457 0.0472843450479233 0.0821086261980831 0.104472843450479 0.108626198083067 0.0552715654952077 0.119488817891374 0.100638977635783
"cheSer" 0.100638977635783 0.0450479233226837 0.0495207667731629 0 0.0380191693290735 0.152076677316294 0.0460063897763578 0.0440894568690096 0.073482428115016 0.0424920127795527 0.0415335463258786 0.0782747603833866 0.100638977635783 0.0990415335463259 0.0507987220447284 0.111182108626198 0.0942492012779553
"chrPic" 0.0945686900958466 0.0332268370607029 0.0437699680511182 0.0380191693290735 0 0.143130990415335 0.034185303514377 0.0431309904153355 0.0661341853035144 0.0303514376996805 0.0124600638977636 0.0718849840255591 0.094888178913738 0.0993610223642172 0.0364217252396166 0.107667731629393 0.0779552715654952
"cuoAmb" 0.199361022364217 0.13482428115016 0.152396166134185 0.152076677316294 0.143130990415335 0 0.128434504792332 0.153354632587859 0.173801916932907 0.135782747603834 0.145047923322684 0.177316293929712 0.197444089456869 0.2 0.153354632587859 0.207348242811502 0.199361022364217
"cuoMcc" 0.103514376996805 0.0261980830670927 0.0523961661341853 0.0460063897763578 0.034185303514377 0.128434504792332 0 0.0498402555910543 0.0747603833865815 0.0261980830670927 0.0380191693290735 0.0792332268370607 0.100638977635783 0.104153354632588 0.0453674121405751 0.116613418530351 0.0929712460063898
"derMaw" 0.101277955271565 0.0485623003194888 0.0520766773162939 0.0440894568690096 0.0431309904153355 0.153354632587859 0.0498402555910543 0 0.0744408945686901 0.0485623003194888 0.0456869009584665 0.0805111821086262 0.0987220447284345 0.100958466453674 0.0552715654952077 0.115015974440895 0.0980830670926518
"emySub" 0.111501597444089 0.0725239616613419 0.0776357827476038 0.073482428115016 0.0661341853035144 0.173801916932907 0.0747603833865815 0.0744408945686901 0 0.070926517571885 0.068370607028754 0.0335463258785942 0.0789137380191693 0.114376996805112 0.0789137380191693 0.0900958466453674 0.121725239616613
"gopAga" 0.0968051118210863 0.0210862619808307 0.0501597444089457 0.0424920127795527 0.0303514376996805 0.135782747603834 0.0261980830670927 0.0485623003194888 0.070926517571885 0 0.0335463258785942 0.0766773162939297 0.0968051118210863 0.100638977635783 0.04185303514377 0.110543130990415 0.0881789137380192
"malTer" 0.0932907348242811 0.0364217252396166 0.0472843450479233 0.0415335463258786 0.0124600638977636 0.145047923322684 0.0380191693290735 0.0456869009584665 0.068370607028754 0.0335463258785942 0 0.0747603833865815 0.0971246006389776 0.101277955271565 0.0399361022364217 0.110223642172524 0.0817891373801917
"mesTub" 0.113418530351438 0.0769968051118211 0.0821086261980831 0.0782747603833866 0.0718849840255591 0.177316293929712 0.0792332268370607 0.0805111821086262 0.0335463258785942 0.0766773162939297 0.0747603833865815 0 0.0837060702875399 0.115974440894569 0.0789137380191693 0.0955271565495208 0.122683706070288
"pelCas" 0.133546325878594 0.0958466453674121 0.104472843450479 0.100638977635783 0.094888178913738 0.197444089456869 0.100638977635783 0.0987220447284345 0.0789137380191693 0.0968051118210863 0.0971246006389776 0.0837060702875399 0 0.137699680511182 0.105431309904153 0.0891373801916933 0.144728434504792
"pelSin" 0.120127795527157 0.0996805111821086 0.108626198083067 0.0990415335463259 0.0993610223642172 0.2 0.104153354632588 0.100958466453674 0.114376996805112 0.100638977635783 0.101277955271565 0.115974440894569 0.137699680511182 0 0.10702875399361 0.142492012779553 0.146006389776358
"plaMeg" 0.103514376996805 0.0440894568690096 0.0552715654952077 0.0507987220447284 0.0364217252396166 0.153354632587859 0.0453674121405751 0.0552715654952077 0.0789137380191693 0.04185303514377 0.0399361022364217 0.0789137380191693 0.105431309904153 0.10702875399361 0 0.119808306709265 0.0821086261980831
"podExp" 0.138658146964856 0.112140575079872 0.119488817891374 0.111182108626198 0.107667731629393 0.207348242811502 0.116613418530351 0.115015974440895 0.0900958466453674 0.110543130990415 0.110223642172524 0.0955271565495208 0.0891373801916933 0.142492012779553 0.119808306709265 0 0.161980830670927
"terMex" 0.141533546325879 0.0894568690095847 0.100638977635783 0.0942492012779553 0.0779552715654952 0.199361022364217 0.0929712460063898 0.0980830670926518 0.121725239616613 0.0881789137380192 0.0817891373801917 0.122683706070288 0.144728434504792 0.146006389776358 0.0821086261980831 0.161980830670927 0
