"carIns" "cheMyd" "chrPic" "cuoAmb" "cuoMcc" "derCor" "derMaw" "emySub" "gopAga" "malTer" "mesTub" "pelCas" "pelSin" "plaMeg" "podExp" "terMex"
"carIns" 0 0.128959738401798 0.129777232781525 0.128346617617004 0.128550991211935 0.131412221540977 0.132229715920703 0.134682199059881 0.129777232781525 0.132842836705498 0.135090946249745 0.143265890047006 0.127733496832209 0.127324749642346 0.143879010831801 0.127733496832209
"cheMyd" 0.128959738401798 0 0.0177805027590435 0.0194154915184958 0.0204373594931535 0.0120580421009606 0.0243204577968526 0.0402615982015124 0.0251379521765788 0.0212548538728796 0.0423053341508277 0.0478234212139792 0.0463928060494584 0.0167586347843859 0.0484365419987738 0.0167586347843859
"chrPic" 0.129777232781525 0.0177805027590435 0 0.0136930308604128 0.0147148988350705 0.020232985898222 0.0241160842019211 0.0396484774167178 0.0192111179235643 0.00776619660739832 0.0416922133660331 0.0478234212139792 0.0459840588595953 0.0104230533415083 0.0490496627835684 0.0047005926834253
"cuoAmb" 0.128346617617004 0.0194154915184958 0.0136930308604128 0 0.00183936235438381 0.0224810954424688 0.0275904353157572 0.0394441038217862 0.0132842836705498 0.0177805027590435 0.0416922133660331 0.0490496627835684 0.0484365419987738 0.0122624156958921 0.0502759043531576 0.011853668506029
"cuoMcc" 0.128550991211935 0.0204373594931535 0.0147148988350705 0.00183936235438381 0 0.0230942162272634 0.0282035561005518 0.0396484774167178 0.0147148988350705 0.0188023707337012 0.0418965869609646 0.0492540363784999 0.0494584099734314 0.0136930308604128 0.0504802779480891 0.0128755364806867
"derCor" 0.131412221540977 0.0120580421009606 0.020232985898222 0.0224810954424688 0.0230942162272634 0 0.0259554465563049 0.040874718986307 0.0271816881258941 0.0239117106069896 0.0427140813406908 0.0492540363784999 0.0486409155937053 0.0198242387083589 0.0502759043531576 0.0183936235438381
"derMaw" 0.132229715920703 0.0243204577968526 0.0241160842019211 0.0275904353157572 0.0282035561005518 0.0259554465563049 0 0.0445534436950746 0.0308604128346618 0.0282035561005518 0.0459840588595953 0.0543633762517883 0.0480277948089107 0.0239117106069896 0.0547721234416513 0.0230942162272634
"emySub" 0.134682199059881 0.0402615982015124 0.0396484774167178 0.0394441038217862 0.0396484774167178 0.040874718986307 0.0445534436950746 0 0.0437359493153485 0.0433272021254854 0.0204373594931535 0.0414878397711016 0.0555896178213775 0.0384222358471286 0.04128346617617 0.037809115062334
"gopAga" 0.129777232781525 0.0251379521765788 0.0192111179235643 0.0132842836705498 0.0147148988350705 0.0271816881258941 0.0308604128346618 0.0437359493153485 0 0.023298589822195 0.0457796852646638 0.0525240138974045 0.0508890251379522 0.0177805027590435 0.0529327610872675 0.0173717555691805
"malTer" 0.132842836705498 0.0212548538728796 0.00776619660739832 0.0177805027590435 0.0188023707337012 0.0239117106069896 0.0282035561005518 0.0433272021254854 0.023298589822195 0 0.0445534436950746 0.0515021459227468 0.0484365419987738 0.0138974044553444 0.0517065195176783 0.00837931739219293
"mesTub" 0.135090946249745 0.0423053341508277 0.0416922133660331 0.0416922133660331 0.0418965869609646 0.0427140813406908 0.0459840588595953 0.0204373594931535 0.0457796852646638 0.0445534436950746 0 0.0441446965052115 0.058450848150419 0.0402615982015124 0.0431228285305539 0.0394441038217862
"pelCas" 0.143265890047006 0.0478234212139792 0.0478234212139792 0.0490496627835684 0.0492540363784999 0.0492540363784999 0.0543633762517883 0.0414878397711016 0.0525240138974045 0.0515021459227468 0.0441446965052115 0 0.0633558144287758 0.0455753116697323 0.0380134886572655 0.0459840588595953
"pelSin" 0.127733496832209 0.0463928060494584 0.0459840588595953 0.0484365419987738 0.0494584099734314 0.0486409155937053 0.0480277948089107 0.0555896178213775 0.0508890251379522 0.0484365419987738 0.058450848150419 0.0633558144287758 0 0.0445534436950746 0.0623339464541181 0.0441446965052115
"plaMeg" 0.127324749642346 0.0167586347843859 0.0104230533415083 0.0122624156958921 0.0136930308604128 0.0198242387083589 0.0239117106069896 0.0384222358471286 0.0177805027590435 0.0138974044553444 0.0402615982015124 0.0455753116697323 0.0445534436950746 0 0.0472103004291846 0.00837931739219293
"podExp" 0.143879010831801 0.0484365419987738 0.0490496627835684 0.0502759043531576 0.0504802779480891 0.0502759043531576 0.0547721234416513 0.04128346617617 0.0529327610872675 0.0517065195176783 0.0431228285305539 0.0380134886572655 0.0623339464541181 0.0472103004291846 0 0.0474146740241161
"terMex" 0.127733496832209 0.0167586347843859 0.0047005926834253 0.011853668506029 0.0128755364806867 0.0183936235438381 0.0230942162272634 0.037809115062334 0.0173717555691805 0.00837931739219293 0.0394441038217862 0.0459840588595953 0.0441446965052115 0.00837931739219293 0.0474146740241161 0
