"carIns" "cheAbi" "cheMyd" "cheSer" "chrPic" "cuoAmb" "cuoMcc" "derMaw" "emySub" "gopAga" "malTer" "mesTub" "pelCas" "pelSin" "plaMeg" "podExp" "terMex"
"carIns" 0 0.104106972301815 0.0988538681948424 0.0959885386819484 0.0955109837631328 0.104106972301815 0.100286532951289 0.106494746895893 0.108882521489971 0.102674307545368 0.0964660936007641 0.119866284622732 0.123686723973257 0.121298949379179 0.0931232091690544 0.122731614135626 0.0950334288443171
"cheAbi" 0.104106972301815 0 0.0425023877745941 0.0296084049665712 0.0348615090735435 0.0296084049665712 0.0272206303724928 0.0453677172874881 0.0721107927411652 0.0186246418338109 0.0296084049665712 0.0811843361986628 0.0859598853868195 0.0964660936007641 0.0253104106972302 0.0826170009551098 0.0272206303724928
"cheMyd" 0.0988538681948424 0.0425023877745941 0 0.0300859598853868 0.0358166189111748 0.0386819484240688 0.0382043935052531 0.0434574976122254 0.0730659025787966 0.0391595033428844 0.0343839541547278 0.0792741165234002 0.0854823304680038 0.102196752626552 0.0305635148042025 0.0821394460362942 0.0305635148042025
"cheSer" 0.0959885386819484 0.0296084049665712 0.0300859598853868 0 0.0253104106972302 0.0305635148042025 0.0291308500477555 0.0367717287488061 0.0630372492836676 0.0286532951289398 0.0219675262655205 0.0721107927411652 0.0783190066857689 0.0931232091690544 0.0186246418338109 0.0764087870105062 0.0200573065902579
"chrPic" 0.0955109837631328 0.0348615090735435 0.0358166189111748 0.0253104106972302 0 0.0329512893982808 0.0296084049665712 0.0420248328557784 0.0668576886341929 0.0296084049665712 0.0138490926456543 0.0773638968481375 0.0830945558739255 0.0974212034383954 0.0214899713467049 0.0850047755491882 0.0171919770773639
"cuoAmb" 0.104106972301815 0.0296084049665712 0.0386819484240688 0.0305635148042025 0.0329512893982808 0 0.0114613180515759 0.046800382043935 0.0706781279847182 0.0281757402101242 0.0291308500477555 0.0783190066857689 0.0883476599808978 0.102196752626552 0.0257879656160458 0.0850047755491882 0.0262655205348615
"cuoMcc" 0.100286532951289 0.0272206303724928 0.0382043935052531 0.0291308500477555 0.0296084049665712 0.0114613180515759 0 0.046800382043935 0.0716332378223496 0.0243553008595989 0.0281757402101242 0.0792741165234002 0.0869149952244508 0.0983763132760267 0.0238777459407832 0.0845272206303725 0.0248328557784145
"derMaw" 0.106494746895893 0.0453677172874881 0.0434574976122254 0.0367717287488061 0.0420248328557784 0.046800382043935 0.046800382043935 0 0.0744985673352436 0.0458452722063037 0.0362941738299905 0.0807067812798472 0.0878701050620821 0.100286532951289 0.0343839541547278 0.0854823304680038 0.0343839541547278
"emySub" 0.108882521489971 0.0721107927411652 0.0730659025787966 0.0630372492836676 0.0668576886341929 0.0706781279847182 0.0716332378223496 0.0744985673352436 0 0.0697230181470869 0.0644699140401146 0.0410697230181471 0.0692454632282713 0.113180515759312 0.0616045845272206 0.0740210124164279 0.062559694364852
"gopAga" 0.102674307545368 0.0186246418338109 0.0391595033428844 0.0286532951289398 0.0296084049665712 0.0281757402101242 0.0243553008595989 0.0458452722063037 0.0697230181470869 0 0.0291308500477555 0.0759312320916905 0.0864374403056351 0.0959885386819484 0.0238777459407832 0.0835721107927412 0.0262655205348615
"malTer" 0.0964660936007641 0.0296084049665712 0.0343839541547278 0.0219675262655205 0.0138490926456543 0.0291308500477555 0.0281757402101242 0.0362941738299905 0.0644699140401146 0.0291308500477555 0 0.0744985673352436 0.0792741165234002 0.0916905444126074 0.0167144221585482 0.0807067812798472 0.0119388729703916
"mesTub" 0.119866284622732 0.0811843361986628 0.0792741165234002 0.0721107927411652 0.0773638968481375 0.0783190066857689 0.0792741165234002 0.0807067812798472 0.0410697230181471 0.0759312320916905 0.0744985673352436 0 0.0735434574976122 0.120821394460363 0.0692454632282713 0.0792741165234002 0.0730659025787966
"pelCas" 0.123686723973257 0.0859598853868195 0.0854823304680038 0.0783190066857689 0.0830945558739255 0.0883476599808978 0.0869149952244508 0.0878701050620821 0.0692454632282713 0.0864374403056351 0.0792741165234002 0.0735434574976122 0 0.128462273161414 0.0783190066857689 0.0711556829035339 0.0797516714422159
"pelSin" 0.121298949379179 0.0964660936007641 0.102196752626552 0.0931232091690544 0.0974212034383954 0.102196752626552 0.0983763132760267 0.100286532951289 0.113180515759312 0.0959885386819484 0.0916905444126074 0.120821394460363 0.128462273161414 0 0.0907354345749761 0.123686723973257 0.0916905444126074
"plaMeg" 0.0931232091690544 0.0253104106972302 0.0305635148042025 0.0186246418338109 0.0214899713467049 0.0257879656160458 0.0238777459407832 0.0343839541547278 0.0616045845272206 0.0238777459407832 0.0167144221585482 0.0692454632282713 0.0783190066857689 0.0907354345749761 0 0.0754536771728749 0.0152817574021012
"podExp" 0.122731614135626 0.0826170009551098 0.0821394460362942 0.0764087870105062 0.0850047755491882 0.0850047755491882 0.0845272206303725 0.0854823304680038 0.0740210124164279 0.0835721107927412 0.0807067812798472 0.0792741165234002 0.0711556829035339 0.123686723973257 0.0754536771728749 0 0.0764087870105062
"terMex" 0.0950334288443171 0.0272206303724928 0.0305635148042025 0.0200573065902579 0.0171919770773639 0.0262655205348615 0.0248328557784145 0.0343839541547278 0.062559694364852 0.0262655205348615 0.0119388729703916 0.0730659025787966 0.0797516714422159 0.0916905444126074 0.0152817574021012 0.0764087870105062 0
