"cheAbi" "cheMyd" "cheSer" "chrPic" "cuoAmb" "cuoMcc" "emySub" "gopAga" "malTer" "mesTub" "pelCas" "pelSin" "plaMeg" "podExp" "terMex"
"cheAbi" 0 0.0560316413974951 0.022412656558998 0.018457481872116 0.01318391562294 0.011865524060646 0.036914963744232 0.011206328279499 0.017139090309822 0.036914963744232 0.042847725774555 0.101516150296638 0.016479894528675 0.05273566249176 0.015161502966381
"cheMyd" 0.0560316413974951 0 0.042188529993408 0.049439683586025 0.050098879367172 0.050098879367172 0.0626235992089651 0.0553724456163481 0.048780487804878 0.0613052076466711 0.0718523401450231 0.100197758734344 0.048780487804878 0.0744891232696111 0.047462096242584
"cheSer" 0.022412656558998 0.042188529993408 0 0.017139090309822 0.017798286090969 0.016479894528675 0.033618984838497 0.021753460777851 0.015820698747528 0.034278180619644 0.03955174686882 0.0975609756097561 0.015161502966381 0.048121292023731 0.013843111404087
"chrPic" 0.018457481872116 0.049439683586025 0.017139090309822 0 0.013843111404087 0.012524719841793 0.030982201713909 0.017798286090969 0.001318391562294 0.029663810151615 0.040210942649967 0.0955833882663151 0.011206328279499 0.048780487804878 0.004614370468029
"cuoAmb" 0.01318391562294 0.050098879367172 0.017798286090969 0.013843111404087 0 0.002636783124588 0.032300593276203 0.013843111404087 0.012524719841793 0.032300593276203 0.041529334212261 0.0962425840474621 0.011206328279499 0.048780487804878 0.010547132498352
"cuoMcc" 0.011865524060646 0.050098879367172 0.016479894528675 0.012524719841793 0.002636783124588 0 0.032300593276203 0.012524719841793 0.011206328279499 0.032300593276203 0.040210942649967 0.0962425840474621 0.010547132498352 0.047462096242584 0.00922874093605801
"emySub" 0.036914963744232 0.0626235992089651 0.033618984838497 0.030982201713909 0.032300593276203 0.032300593276203 0 0.036914963744232 0.029663810151615 0.021094264996704 0.040870138431114 0.101516150296638 0.031641397495056 0.048121292023731 0.02636783124588
"gopAga" 0.011206328279499 0.0553724456163481 0.021753460777851 0.017798286090969 0.013843111404087 0.012524719841793 0.036914963744232 0 0.016479894528675 0.036914963744232 0.044825313117996 0.0995385629531971 0.015820698747528 0.0533948582729071 0.014502307185234
"malTer" 0.017139090309822 0.048780487804878 0.015820698747528 0.001318391562294 0.012524719841793 0.011206328279499 0.029663810151615 0.016479894528675 0 0.029663810151615 0.038892551087673 0.0949241924851681 0.00988793671720501 0.047462096242584 0.003295978905735
"mesTub" 0.036914963744232 0.0613052076466711 0.034278180619644 0.029663810151615 0.032300593276203 0.032300593276203 0.021094264996704 0.036914963744232 0.029663810151615 0 0.03955174686882 0.101516150296638 0.031641397495056 0.048780487804878 0.027686222808174
"pelCas" 0.042847725774555 0.0718523401450231 0.03955174686882 0.040210942649967 0.041529334212261 0.040210942649967 0.040870138431114 0.044825313117996 0.038892551087673 0.03955174686882 0 0.113381674357284 0.037574159525379 0.044166117336849 0.036914963744232
"pelSin" 0.101516150296638 0.100197758734344 0.0975609756097561 0.0955833882663151 0.0962425840474621 0.0962425840474621 0.101516150296638 0.0995385629531971 0.0949241924851681 0.101516150296638 0.113381674357284 0 0.0955833882663151 0.114700065919578 0.0929466051417271
"plaMeg" 0.016479894528675 0.048780487804878 0.015161502966381 0.011206328279499 0.011206328279499 0.010547132498352 0.031641397495056 0.015820698747528 0.00988793671720501 0.031641397495056 0.037574159525379 0.0955833882663151 0 0.048121292023731 0.00791034937376401
"podExp" 0.05273566249176 0.0744891232696111 0.048121292023731 0.048780487804878 0.048780487804878 0.047462096242584 0.048121292023731 0.0533948582729071 0.047462096242584 0.048780487804878 0.044166117336849 0.114700065919578 0.048121292023731 0 0.045484508899143
"terMex" 0.015161502966381 0.047462096242584 0.013843111404087 0.004614370468029 0.010547132498352 0.00922874093605801 0.02636783124588 0.014502307185234 0.003295978905735 0.027686222808174 0.036914963744232 0.0929466051417271 0.00791034937376401 0.045484508899143 0
