"carIns" "cheAbi" "cheMyd" "cheSer" "chrPic" "cuoAmb" "cuoMcc" "derCor" "derMaw" "emySub" "gopAga" "malTer" "mesTub" "pelCas" "pelSin" "plaMeg" "podExp" "terMex"
"carIns" 0 0.0697224015493867 0.0871530019367334 0.0690768237572627 0.0716591349257586 0.0884441575209813 0.0677856681730148 0.0690768237572627 0.0716591349257586 0.0768237572627502 0.0710135571336346 0.146546158812137 0.0729502905100065 0.0710135571336346 0.0877985797288573 0.0645577792123951 0.0781149128469981 0.0677856681730148
"cheAbi" 0.0697224015493867 0 0.0406714009038089 0.0200129115558425 0.013557133634603 0.0316333118140736 0.00645577792123951 0.0193673337637185 0.0245319561007101 0.040025823111685 0.00839251129761136 0.0903808908973531 0.0406714009038089 0.0503550677856682 0.0645577792123951 0.00903808908973531 0.0510006455777921 0.0103292446739832
"cheMyd" 0.0871530019367334 0.0406714009038089 0 0.0380890897353131 0.0426081342801808 0.0477727566171724 0.039380245319561 0.0277598450613299 0.0432537120723047 0.0600387346675274 0.0426081342801808 0.120077469335055 0.0600387346675274 0.0626210458360232 0.0716591349257586 0.0374435119431892 0.0677856681730148 0.039380245319561
"cheSer" 0.0690768237572627 0.0200129115558425 0.0380890897353131 0 0.0206584893479664 0.0426081342801808 0.0187217559715946 0.013557133634603 0.0213040671400904 0.038734667527437 0.0219496449322143 0.0994189799870884 0.0413169786959329 0.0464816010329245 0.0639122014202711 0.0167850225952227 0.0510006455777921 0.0174306003873467
"chrPic" 0.0716591349257586 0.013557133634603 0.0426081342801808 0.0206584893479664 0 0.0374435119431892 0.0122659780503551 0.0187217559715946 0.0271142672692059 0.0426081342801808 0.0154938670109748 0.0819883795997418 0.0432537120723047 0.0516462233699161 0.0684312459651388 0.00968366688185926 0.0542285345384119 0.00710135571336346
"cuoAmb" 0.0884441575209813 0.0316333118140736 0.0477727566171724 0.0426081342801808 0.0374435119431892 0 0.0251775338928341 0.0419625564880568 0.0477727566171724 0.0613298902517753 0.0335700451904455 0.114267269205939 0.0613298902517753 0.0710135571336346 0.0677856681730148 0.0329244673983215 0.0716591349257586 0.0342156229825694
"cuoMcc" 0.0677856681730148 0.00645577792123951 0.039380245319561 0.0187217559715946 0.0122659780503551 0.0251775338928341 0 0.0180761781794706 0.0238863783085862 0.0406714009038089 0.00839251129761136 0.0897353131052292 0.040025823111685 0.0490639122014203 0.0639122014202711 0.00774693350548741 0.0510006455777921 0.00903808908973531
"derCor" 0.0690768237572627 0.0193673337637185 0.0277598450613299 0.013557133634603 0.0187217559715946 0.0419625564880568 0.0180761781794706 0 0.0219496449322143 0.0367979341510652 0.0213040671400904 0.0955455132343447 0.040025823111685 0.0432537120723047 0.0645577792123951 0.0161394448030988 0.0477727566171724 0.0167850225952227
"derMaw" 0.0716591349257586 0.0245319561007101 0.0432537120723047 0.0213040671400904 0.0271142672692059 0.0477727566171724 0.0238863783085862 0.0219496449322143 0 0.0432537120723047 0.026468689477082 0.105229180116204 0.0413169786959329 0.0471271788250484 0.0664945125887669 0.0200129115558425 0.05229180116204 0.0238863783085862
"emySub" 0.0768237572627502 0.040025823111685 0.0600387346675274 0.038734667527437 0.0426081342801808 0.0613298902517753 0.0406714009038089 0.0367979341510652 0.0432537120723047 0 0.0413169786959329 0.120077469335055 0.0225952227243383 0.0426081342801808 0.0677856681730148 0.038734667527437 0.0451904454486766 0.0380890897353131
"gopAga" 0.0710135571336346 0.00839251129761136 0.0426081342801808 0.0219496449322143 0.0154938670109748 0.0335700451904455 0.00839251129761136 0.0213040671400904 0.026468689477082 0.0413169786959329 0 0.0929632020658489 0.0406714009038089 0.0503550677856682 0.0677856681730148 0.0109748224661072 0.0535829567462879 0.0122659780503551
"malTer" 0.146546158812137 0.0903808908973531 0.120077469335055 0.0994189799870884 0.0819883795997418 0.114267269205939 0.0897353131052292 0.0955455132343447 0.105229180116204 0.120077469335055 0.0929632020658489 0 0.119431891542931 0.126533247256294 0.142672692059393 0.0884441575209813 0.128469980632666 0.0865074241446094
"mesTub" 0.0729502905100065 0.0406714009038089 0.0600387346675274 0.0413169786959329 0.0432537120723047 0.0613298902517753 0.040025823111685 0.040025823111685 0.0413169786959329 0.0225952227243383 0.0406714009038089 0.119431891542931 0 0.0406714009038089 0.0710135571336346 0.0367979341510652 0.0471271788250484 0.038734667527437
"pelCas" 0.0710135571336346 0.0503550677856682 0.0626210458360232 0.0464816010329245 0.0516462233699161 0.0710135571336346 0.0490639122014203 0.0432537120723047 0.0471271788250484 0.0426081342801808 0.0503550677856682 0.126533247256294 0.0406714009038089 0 0.0755326016785023 0.0445448676565526 0.0322788896061975 0.0477727566171724
"pelSin" 0.0877985797288573 0.0645577792123951 0.0716591349257586 0.0639122014202711 0.0684312459651388 0.0677856681730148 0.0639122014202711 0.0645577792123951 0.0664945125887669 0.0677856681730148 0.0677856681730148 0.142672692059393 0.0710135571336346 0.0755326016785023 0 0.0619754680438993 0.0774693350548741 0.0626210458360232
"plaMeg" 0.0645577792123951 0.00903808908973531 0.0374435119431892 0.0167850225952227 0.00968366688185926 0.0329244673983215 0.00774693350548741 0.0161394448030988 0.0200129115558425 0.038734667527437 0.0109748224661072 0.0884441575209813 0.0367979341510652 0.0445448676565526 0.0619754680438993 0 0.0484183344092963 0.00645577792123951
"podExp" 0.0781149128469981 0.0510006455777921 0.0677856681730148 0.0510006455777921 0.0542285345384119 0.0716591349257586 0.0510006455777921 0.0477727566171724 0.05229180116204 0.0451904454486766 0.0535829567462879 0.128469980632666 0.0471271788250484 0.0322788896061975 0.0774693350548741 0.0484183344092963 0 0.0503550677856682
"terMex" 0.0677856681730148 0.0103292446739832 0.039380245319561 0.0174306003873467 0.00710135571336346 0.0342156229825694 0.00903808908973531 0.0167850225952227 0.0238863783085862 0.0380890897353131 0.0122659780503551 0.0865074241446094 0.038734667527437 0.0477727566171724 0.0626210458360232 0.00645577792123951 0.0503550677856682 0
