"carIns" "cheAbi" "cheMyd" "cheSer" "chrPic" "cuoAmb" "cuoMcc" "derCor" "derMaw" "emySub" "gopAga" "malTer" "mesTub" "pelCas" "pelSin" "plaMeg" "podExp" "terMex"
"carIns" 0 0.0878524945770065 0.111713665943601 0.157266811279826 0.0780911062906725 0.0802603036876356 0.0954446854663774 0.114967462039046 0.0921908893709328 0.101409978308026 0.103036876355748 0.079175704989154 0.0992407809110629 0.11117136659436 0.101409978308026 0.0802603036876356 0.115509761388286 0.0770065075921909
"cheAbi" 0.0878524945770065 0 0.0650759219088937 0.11117136659436 0.0281995661605206 0.0200650759219089 0.0341648590021692 0.066702819956616 0.0466377440347072 0.0721258134490239 0.039587852494577 0.0292841648590022 0.0726681127982646 0.0845986984815618 0.086767895878525 0.0227765726681128 0.0900216919739696 0.0244034707158351
"cheMyd" 0.111713665943601 0.0650759219088937 0 0.11117136659436 0.061822125813449 0.0607375271149675 0.0629067245119306 0.0509761388286334 0.0661605206073753 0.096529284164859 0.0677874186550976 0.0629067245119306 0.0943600867678959 0.113340563991323 0.102494577006508 0.0596529284164859 0.116594360086768 0.0585683297180043
"cheSer" 0.157266811279826 0.11117136659436 0.11117136659436 0 0.107917570498915 0.105748373101952 0.110086767895879 0.113882863340564 0.111713665943601 0.13882863340564 0.114967462039046 0.109002169197397 0.137201735357918 0.155639913232104 0.1529284164859 0.105748373101952 0.156724511930586 0.103036876355748
"chrPic" 0.0780911062906725 0.0281995661605206 0.061822125813449 0.107917570498915 0 0.0178958785249458 0.0352494577006508 0.0645336225596529 0.0401301518438178 0.0650759219088937 0.0450108459869848 0.00542299349240781 0.0634490238611714 0.0829718004338395 0.0808026030368763 0.0178958785249458 0.0862255965292842 0.0103036876355748
"cuoAmb" 0.0802603036876356 0.0200650759219089 0.0607375271149675 0.105748373101952 0.0178958785249458 0 0.0216919739696312 0.061822125813449 0.039587852494577 0.0645336225596529 0.0390455531453362 0.0211496746203905 0.0650759219088937 0.0835140997830803 0.0780911062906725 0.0146420824295011 0.0856832971800434 0.0151843817787419
"cuoMcc" 0.0954446854663774 0.0341648590021692 0.0629067245119306 0.110086767895879 0.0352494577006508 0.0216919739696312 0 0.0629067245119306 0.0563991323210412 0.0808026030368763 0.0292841648590022 0.0385032537960954 0.0797180043383948 0.0992407809110629 0.0943600867678959 0.0319956616052061 0.100867678958785 0.0314533622559653
"derCor" 0.114967462039046 0.066702819956616 0.0509761388286334 0.113882863340564 0.0645336225596529 0.061822125813449 0.0629067245119306 0 0.0699566160520607 0.0938177874186551 0.0726681127982646 0.0661605206073753 0.0970715835140998 0.113882863340564 0.108459869848156 0.0612798264642082 0.117136659436009 0.0591106290672451
"derMaw" 0.0921908893709328 0.0466377440347072 0.0661605206073753 0.111713665943601 0.0401301518438178 0.039587852494577 0.0563991323210412 0.0699566160520607 0 0.0753796095444685 0.0639913232104121 0.0422993492407809 0.0748373101952278 0.0970715835140998 0.0911062906724512 0.0401301518438178 0.0981561822125813 0.0363340563991323
"emySub" 0.101409978308026 0.0721258134490239 0.096529284164859 0.13882863340564 0.0650759219088937 0.0645336225596529 0.0808026030368763 0.0938177874186551 0.0753796095444685 0 0.0862255965292842 0.0661605206073753 0.0330802603036876 0.0764642082429501 0.0997830802603037 0.061822125813449 0.0726681127982646 0.0623644251626898
"gopAga" 0.103036876355748 0.039587852494577 0.0677874186550976 0.114967462039046 0.0450108459869848 0.0390455531453362 0.0292841648590022 0.0726681127982646 0.0639913232104121 0.0862255965292842 0 0.0460954446854664 0.0851409978308026 0.102494577006508 0.100867678958785 0.0439262472885033 0.103579175704989 0.0406724511930586
"malTer" 0.079175704989154 0.0292841648590022 0.0629067245119306 0.109002169197397 0.00542299349240781 0.0211496746203905 0.0385032537960954 0.0661605206073753 0.0422993492407809 0.0661605206073753 0.0460954446854664 0 0.0645336225596529 0.084056399132321 0.0829718004338395 0.0189804772234273 0.0894793926247289 0.012472885032538
"mesTub" 0.0992407809110629 0.0726681127982646 0.0943600867678959 0.137201735357918 0.0634490238611714 0.0650759219088937 0.0797180043383948 0.0970715835140998 0.0748373101952278 0.0330802603036876 0.0851409978308026 0.0645336225596529 0 0.074295010845987 0.101952277657267 0.0629067245119306 0.074295010845987 0.0612798264642082
"pelCas" 0.11117136659436 0.0845986984815618 0.113340563991323 0.155639913232104 0.0829718004338395 0.0835140997830803 0.0992407809110629 0.113882863340564 0.0970715835140998 0.0764642082429501 0.102494577006508 0.084056399132321 0.074295010845987 0 0.114425162689805 0.0808026030368763 0.06941431670282 0.0802603036876356
"pelSin" 0.101409978308026 0.086767895878525 0.102494577006508 0.1529284164859 0.0808026030368763 0.0780911062906725 0.0943600867678959 0.108459869848156 0.0911062906724512 0.0997830802603037 0.100867678958785 0.0829718004338395 0.101952277657267 0.114425162689805 0 0.0802603036876356 0.111713665943601 0.0786334056399132
"plaMeg" 0.0802603036876356 0.0227765726681128 0.0596529284164859 0.105748373101952 0.0178958785249458 0.0146420824295011 0.0319956616052061 0.0612798264642082 0.0401301518438178 0.061822125813449 0.0439262472885033 0.0189804772234273 0.0629067245119306 0.0808026030368763 0.0802603036876356 0 0.0845986984815618 0.0146420824295011
"podExp" 0.115509761388286 0.0900216919739696 0.116594360086768 0.156724511930586 0.0862255965292842 0.0856832971800434 0.100867678958785 0.117136659436009 0.0981561822125813 0.0726681127982646 0.103579175704989 0.0894793926247289 0.074295010845987 0.06941431670282 0.111713665943601 0.0845986984815618 0 0.084056399132321
"terMex" 0.0770065075921909 0.0244034707158351 0.0585683297180043 0.103036876355748 0.0103036876355748 0.0151843817787419 0.0314533622559653 0.0591106290672451 0.0363340563991323 0.0623644251626898 0.0406724511930586 0.012472885032538 0.0612798264642082 0.0802603036876356 0.0786334056399132 0.0146420824295011 0.084056399132321 0
