"carIns" "cheAbi" "cheMyd" "cheSer" "chrPic" "cuoAmb" "cuoMcc" "derCor" "emySub" "malTer" "mesTub" "pelCas" "pelSin" "plaMeg" "podExp"
"carIns" 0 0.113017154389506 0.0595358224016145 0.0595358224016145 0.058526740665994 0.058526740665994 0.0565085771947528 0.100908173562059 0.0625630676084763 0.0575176589303734 0.10393541876892 0.100908173562059 0.0988900100908174 0.0565085771947528 0.0726538849646821
"cheAbi" 0.113017154389506 0 0.0686175580221998 0.0696266397578204 0.0665993945509586 0.0665993945509586 0.0645812310797175 0.109989909182644 0.070635721493441 0.065590312815338 0.110998990918264 0.108980827447023 0.119071644803229 0.0645812310797175 0.0807265388496468
"cheMyd" 0.0595358224016145 0.0686175580221998 0 0.012108980827447 0.00908173562058527 0.00908173562058527 0.0070635721493441 0.0494450050454087 0.0110998990918264 0.00807265388496468 0.0514631685166499 0.0514631685166499 0.0595358224016145 0.0070635721493441 0.024217961654894
"cheSer" 0.0595358224016145 0.0696266397578204 0.012108980827447 0 0.0110998990918264 0.0110998990918264 0.00908173562058527 0.053481331987891 0.0151362260343088 0.0100908173562059 0.0554994954591322 0.053481331987891 0.0625630676084763 0.00908173562058527 0.024217961654894
"chrPic" 0.058526740665994 0.0665993945509586 0.00908173562058527 0.0110998990918264 0 0.00605449041372351 0.00403632694248234 0.0464177598385469 0.012108980827447 0.00100908173562059 0.0494450050454087 0.0494450050454087 0.0595358224016145 0.00403632694248234 0.0232088799192735
"cuoAmb" 0.058526740665994 0.0665993945509586 0.00908173562058527 0.0110998990918264 0.00605449041372351 0 0.00201816347124117 0.0504540867810293 0.012108980827447 0.00504540867810293 0.0524722502522704 0.0504540867810293 0.0615539858728557 0.00403632694248234 0.0232088799192735
"cuoMcc" 0.0565085771947528 0.0645812310797175 0.0070635721493441 0.00908173562058527 0.00403632694248234 0.00201816347124117 0 0.0484359233097881 0.0100908173562059 0.00302724520686176 0.0504540867810293 0.0484359233097881 0.0595358224016145 0.00201816347124117 0.0211907164480323
"derCor" 0.100908173562059 0.109989909182644 0.0494450050454087 0.053481331987891 0.0464177598385469 0.0504540867810293 0.0484359233097881 0 0.0544904137235116 0.0454086781029263 0.0595358224016145 0.0635721493440969 0.0696266397578204 0.0484359233097881 0.0615539858728557
"emySub" 0.0625630676084763 0.070635721493441 0.0110998990918264 0.0151362260343088 0.012108980827447 0.012108980827447 0.0100908173562059 0.0544904137235116 0 0.0110998990918264 0.0454086781029263 0.0474268415741675 0.065590312815338 0.0100908173562059 0.0211907164480323
"malTer" 0.0575176589303734 0.065590312815338 0.00807265388496468 0.0100908173562059 0.00100908173562059 0.00504540867810293 0.00302724520686176 0.0454086781029263 0.0110998990918264 0 0.0484359233097881 0.0484359233097881 0.058526740665994 0.00302724520686176 0.0221997981836529
"mesTub" 0.10393541876892 0.110998990918264 0.0514631685166499 0.0554994954591322 0.0494450050454087 0.0524722502522704 0.0504540867810293 0.0595358224016145 0.0454086781029263 0.0484359233097881 0 0.0605449041372351 0.0746720484359233 0.0504540867810293 0.0595358224016145
"pelCas" 0.100908173562059 0.108980827447023 0.0514631685166499 0.053481331987891 0.0494450050454087 0.0504540867810293 0.0484359233097881 0.0635721493440969 0.0474268415741675 0.0484359233097881 0.0605449041372351 0 0.0797174571140262 0.0464177598385469 0.0423814328960646
"pelSin" 0.0988900100908174 0.119071644803229 0.0595358224016145 0.0625630676084763 0.0595358224016145 0.0615539858728557 0.0595358224016145 0.0696266397578204 0.065590312815338 0.058526740665994 0.0746720484359233 0.0797174571140262 0 0.0595358224016145 0.0676084762865792
"plaMeg" 0.0565085771947528 0.0645812310797175 0.0070635721493441 0.00908173562058527 0.00403632694248234 0.00403632694248234 0.00201816347124117 0.0484359233097881 0.0100908173562059 0.00302724520686176 0.0504540867810293 0.0464177598385469 0.0595358224016145 0 0.0191725529767911
"podExp" 0.0726538849646821 0.0807265388496468 0.024217961654894 0.024217961654894 0.0232088799192735 0.0232088799192735 0.0211907164480323 0.0615539858728557 0.0211907164480323 0.0221997981836529 0.0595358224016145 0.0423814328960646 0.0676084762865792 0.0191725529767911 0
