"carIns" "cheAbi" "cheMyd" "cheSer" "chrPic" "cuoAmb" "cuoMcc" "derCor" "derMaw" "emySub" "gopAga" "malTer" "mesTub" "pelCas" "pelSin" "plaMeg" "podExp" "terMex"
"carIns" 0 0.051948051948052 0.0432900432900433 0.0467532467532468 0.0432900432900433 0.0623376623376623 0.0476190476190476 0.0510822510822511 0.0536796536796537 0.0632034632034632 0.109090909090909 0.0424242424242424 0.0606060606060606 0.0597402597402597 0.0476190476190476 0.045021645021645 0.0874458874458875 0.0432900432900433
"cheAbi" 0.051948051948052 0 0.0277056277056277 0.025974025974026 0.0207792207792208 0.0329004329004329 0.0155844155844156 0.032034632034632 0.0329004329004329 0.051948051948052 0.0779220779220779 0.0181818181818182 0.0510822510822511 0.0502164502164502 0.0493506493506494 0.019047619047619 0.0805194805194805 0.0173160173160173
"cheMyd" 0.0432900432900433 0.0277056277056277 0 0.0207792207792208 0.0173160173160173 0.0354978354978355 0.0207792207792208 0.0112554112554113 0.0285714285714286 0.0432900432900433 0.0848484848484849 0.0147186147186147 0.0424242424242424 0.0510822510822511 0.0441558441558442 0.019047619047619 0.0787878787878788 0.0155844155844156
"cheSer" 0.0467532467532468 0.025974025974026 0.0207792207792208 0 0.0181818181818182 0.0372294372294372 0.0225108225108225 0.0268398268398268 0.0303030303030303 0.0467532467532468 0.0883116883116883 0.0164502164502165 0.0458874458874459 0.0493506493506494 0.0441558441558442 0.019047619047619 0.0770562770562771 0.0155844155844156
"chrPic" 0.0432900432900433 0.0207792207792208 0.0173160173160173 0.0181818181818182 0 0.0311688311688312 0.0138528138528139 0.0233766233766234 0.025974025974026 0.0415584415584416 0.0796536796536797 0.0025974025974026 0.0406926406926407 0.0476190476190476 0.0415584415584416 0.00865800865800866 0.0770562770562771 0.0051948051948052
"cuoAmb" 0.0623376623376623 0.0329004329004329 0.0354978354978355 0.0372294372294372 0.0311688311688312 0 0.019047619047619 0.0398268398268398 0.0424242424242424 0.0597402597402597 0.0883116883116883 0.0285714285714286 0.0588744588744589 0.0606060606060606 0.058008658008658 0.0311688311688312 0.0891774891774892 0.0277056277056277
"cuoMcc" 0.0476190476190476 0.0155844155844156 0.0207792207792208 0.0225108225108225 0.0138528138528139 0.019047619047619 0 0.025974025974026 0.0285714285714286 0.0458874458874459 0.0761904761904762 0.0112554112554113 0.0432900432900433 0.0493506493506494 0.0424242424242424 0.0138528138528139 0.0779220779220779 0.0103896103896104
"derCor" 0.0510822510822511 0.032034632034632 0.0112554112554113 0.0268398268398268 0.0233766233766234 0.0398268398268398 0.025974025974026 0 0.0346320346320346 0.0476190476190476 0.0883116883116883 0.0207792207792208 0.0467532467532468 0.0554112554112554 0.0502164502164502 0.0251082251082251 0.0848484848484849 0.0216450216450216
"derMaw" 0.0536796536796537 0.0329004329004329 0.0285714285714286 0.0303030303030303 0.025974025974026 0.0424242424242424 0.0285714285714286 0.0346320346320346 0 0.0536796536796537 0.0909090909090909 0.0242424242424242 0.0536796536796537 0.0510822510822511 0.0510822510822511 0.0242424242424242 0.0883116883116883 0.0233766233766234
"emySub" 0.0632034632034632 0.051948051948052 0.0432900432900433 0.0467532467532468 0.0415584415584416 0.0597402597402597 0.0458874458874459 0.0476190476190476 0.0536796536796537 0 0.104761904761905 0.038961038961039 0.0181818181818182 0.0398268398268398 0.0510822510822511 0.0415584415584416 0.0692640692640693 0.0380952380952381
"gopAga" 0.109090909090909 0.0779220779220779 0.0848484848484849 0.0883116883116883 0.0796536796536797 0.0883116883116883 0.0761904761904762 0.0883116883116883 0.0909090909090909 0.104761904761905 0 0.0770562770562771 0.103896103896104 0.109090909090909 0.103030303030303 0.0796536796536797 0.137662337662338 0.0761904761904762
"malTer" 0.0424242424242424 0.0181818181818182 0.0147186147186147 0.0164502164502165 0.0025974025974026 0.0285714285714286 0.0112554112554113 0.0207792207792208 0.0242424242424242 0.038961038961039 0.0770562770562771 0 0.0380952380952381 0.0458874458874459 0.038961038961039 0.00606060606060606 0.0753246753246753 0.0025974025974026
"mesTub" 0.0606060606060606 0.0510822510822511 0.0424242424242424 0.0458874458874459 0.0406926406926407 0.0588744588744589 0.0432900432900433 0.0467532467532468 0.0536796536796537 0.0181818181818182 0.103896103896104 0.0380952380952381 0 0.0476190476190476 0.0502164502164502 0.0406926406926407 0.0701298701298701 0.0372294372294372
"pelCas" 0.0597402597402597 0.0502164502164502 0.0510822510822511 0.0493506493506494 0.0476190476190476 0.0606060606060606 0.0493506493506494 0.0554112554112554 0.0510822510822511 0.0398268398268398 0.109090909090909 0.0458874458874459 0.0476190476190476 0 0.058008658008658 0.045021645021645 0.0718614718614719 0.045021645021645
"pelSin" 0.0476190476190476 0.0493506493506494 0.0441558441558442 0.0441558441558442 0.0415584415584416 0.058008658008658 0.0424242424242424 0.0502164502164502 0.0510822510822511 0.0510822510822511 0.103030303030303 0.038961038961039 0.0502164502164502 0.058008658008658 0 0.0398268398268398 0.0770562770562771 0.0398268398268398
"plaMeg" 0.045021645021645 0.019047619047619 0.019047619047619 0.019047619047619 0.00865800865800866 0.0311688311688312 0.0138528138528139 0.0251082251082251 0.0242424242424242 0.0415584415584416 0.0796536796536797 0.00606060606060606 0.0406926406926407 0.045021645021645 0.0398268398268398 0 0.0761904761904762 0.00692640692640693
"podExp" 0.0874458874458875 0.0805194805194805 0.0787878787878788 0.0770562770562771 0.0770562770562771 0.0891774891774892 0.0779220779220779 0.0848484848484849 0.0883116883116883 0.0692640692640693 0.137662337662338 0.0753246753246753 0.0701298701298701 0.0718614718614719 0.0770562770562771 0.0761904761904762 0 0.0761904761904762
"terMex" 0.0432900432900433 0.0173160173160173 0.0155844155844156 0.0155844155844156 0.0051948051948052 0.0277056277056277 0.0103896103896104 0.0216450216450216 0.0233766233766234 0.0380952380952381 0.0761904761904762 0.0025974025974026 0.0372294372294372 0.045021645021645 0.0398268398268398 0.00692640692640693 0.0761904761904762 0
