"carIns" "cheAbi" "cheMyd" "cheSer" "chrPic" "cuoAmb" "cuoMcc" "derCor" "derMaw" "emySub" "gopAga" "malTer" "mesTub" "pelCas" "pelSin" "plaMeg" "podExp" "terMex"
"carIns" 0 0.0618101545253863 0.05813097866078 0.106696100073584 0.0632818248712288 0.0647534952170714 0.0632818248712288 0.0625459896983076 0.0662251655629139 0.0625459896983076 0.0625459896983076 0.103752759381898 0.0779985283296542 0.0706401766004415 0.0699043414275202 0.101545253863135 0.0883002207505519 0.061074319352465
"cheAbi" 0.0618101545253863 0 0.0301692420897719 0.0728476821192053 0.0257542310522443 0.0228108903605592 0.0206033848417954 0.0316409124356144 0.0353200883002208 0.0478292862398823 0.0132450331125828 0.0684326710816777 0.0559234731420162 0.0566593083149375 0.0625459896983076 0.0640176600441501 0.0713760117733628 0.0235467255334805
"cheMyd" 0.05813097866078 0.0301692420897719 0 0.0706401766004415 0.0294334069168506 0.0286975717439294 0.0294334069168506 0.013980868285504 0.0316409124356144 0.0441501103752759 0.0309050772626932 0.0750551876379691 0.0537159676232524 0.0515084621044886 0.0566593083149375 0.0676968359087564 0.0632818248712288 0.0286975717439294
"cheSer" 0.106696100073584 0.0728476821192053 0.0706401766004415 0 0.0779985283296542 0.0757910228108904 0.0735835172921266 0.0743193524650478 0.080206033848418 0.0890360559234731 0.0728476821192053 0.0309050772626932 0.0986019131714496 0.0971302428256071 0.102281089036056 0.022075055187638 0.112582781456954 0.072111846946284
"chrPic" 0.0632818248712288 0.0257542310522443 0.0294334069168506 0.0779985283296542 0 0.022075055187638 0.0242825607064018 0.033112582781457 0.0375275938189845 0.0515084621044886 0.0242825607064018 0.0537159676232524 0.0596026490066225 0.061074319352465 0.0640176600441501 0.0632818248712288 0.0699043414275202 0.0154525386313466
"cuoAmb" 0.0647534952170714 0.0228108903605592 0.0286975717439294 0.0757910228108904 0.022075055187638 0 0.00662251655629139 0.0323767476085357 0.0323767476085357 0.0478292862398823 0.0183958793230316 0.069168506254599 0.0566593083149375 0.0551876379690949 0.05813097866078 0.061074319352465 0.0654893303899926 0.0213392200147167
"cuoMcc" 0.0632818248712288 0.0206033848417954 0.0294334069168506 0.0735835172921266 0.0242825607064018 0.00662251655629139 0 0.0316409124356144 0.0316409124356144 0.0456217807211185 0.0191317144959529 0.069168506254599 0.0559234731420162 0.0537159676232524 0.0573951434878587 0.0618101545253863 0.0654893303899926 0.0206033848417954
"derCor" 0.0625459896983076 0.0316409124356144 0.013980868285504 0.0743193524650478 0.033112582781457 0.0323767476085357 0.0316409124356144 0 0.0338484179543782 0.0463576158940397 0.033112582781457 0.0772626931567329 0.0544518027961737 0.0544518027961737 0.0632818248712288 0.0699043414275202 0.0676968359087564 0.0309050772626932
"derMaw" 0.0662251655629139 0.0353200883002208 0.0316409124356144 0.080206033848418 0.0375275938189845 0.0323767476085357 0.0316409124356144 0.0338484179543782 0 0.0485651214128035 0.0353200883002208 0.0809418690213392 0.0603384841795438 0.0551876379690949 0.0662251655629139 0.072111846946284 0.0676968359087564 0.033112582781457
"emySub" 0.0625459896983076 0.0478292862398823 0.0441501103752759 0.0890360559234731 0.0515084621044886 0.0478292862398823 0.0456217807211185 0.0463576158940397 0.0485651214128035 0 0.0448859455481972 0.0912435614422369 0.0257542310522443 0.0345842531272995 0.0647534952170714 0.0838852097130243 0.0537159676232524 0.0463576158940397
"gopAga" 0.0625459896983076 0.0132450331125828 0.0309050772626932 0.0728476821192053 0.0242825607064018 0.0183958793230316 0.0191317144959529 0.033112582781457 0.0353200883002208 0.0448859455481972 0 0.0669610007358352 0.0544518027961737 0.0515084621044886 0.0632818248712288 0.061074319352465 0.0669610007358352 0.0206033848417954
"malTer" 0.103752759381898 0.0684326710816777 0.0750551876379691 0.0309050772626932 0.0537159676232524 0.069168506254599 0.069168506254599 0.0772626931567329 0.0809418690213392 0.0912435614422369 0.0669610007358352 0 0.102281089036056 0.102281089036056 0.107431935246505 0.0169242089771891 0.114790286975717 0.0588668138337013
"mesTub" 0.0779985283296542 0.0559234731420162 0.0537159676232524 0.0986019131714496 0.0596026490066225 0.0566593083149375 0.0559234731420162 0.0544518027961737 0.0603384841795438 0.0257542310522443 0.0544518027961737 0.102281089036056 0 0.0522442972774099 0.0757910228108904 0.0949227373068433 0.0632818248712288 0.0559234731420162
"pelCas" 0.0706401766004415 0.0566593083149375 0.0515084621044886 0.0971302428256071 0.061074319352465 0.0551876379690949 0.0537159676232524 0.0544518027961737 0.0551876379690949 0.0345842531272995 0.0515084621044886 0.102281089036056 0.0522442972774099 0 0.0669610007358352 0.0934510669610007 0.0544518027961737 0.0537159676232524
"pelSin" 0.0699043414275202 0.0625459896983076 0.0566593083149375 0.102281089036056 0.0640176600441501 0.05813097866078 0.0573951434878587 0.0632818248712288 0.0662251655629139 0.0647534952170714 0.0632818248712288 0.107431935246505 0.0757910228108904 0.0669610007358352 0 0.0986019131714496 0.0824135393671818 0.0588668138337013
"plaMeg" 0.101545253863135 0.0640176600441501 0.0676968359087564 0.022075055187638 0.0632818248712288 0.061074319352465 0.0618101545253863 0.0699043414275202 0.072111846946284 0.0838852097130243 0.061074319352465 0.0169242089771891 0.0949227373068433 0.0934510669610007 0.0986019131714496 0 0.105224429727741 0.0603384841795438
"podExp" 0.0883002207505519 0.0713760117733628 0.0632818248712288 0.112582781456954 0.0699043414275202 0.0654893303899926 0.0654893303899926 0.0676968359087564 0.0676968359087564 0.0537159676232524 0.0669610007358352 0.114790286975717 0.0632818248712288 0.0544518027961737 0.0824135393671818 0.105224429727741 0 0.0676968359087564
"terMex" 0.061074319352465 0.0235467255334805 0.0286975717439294 0.072111846946284 0.0154525386313466 0.0213392200147167 0.0206033848417954 0.0309050772626932 0.033112582781457 0.0463576158940397 0.0206033848417954 0.0588668138337013 0.0559234731420162 0.0537159676232524 0.0588668138337013 0.0603384841795438 0.0676968359087564 0
