"carIns" "cheAbi" "cheMyd" "cheSer" "chrPic" "cuoAmb" "cuoMcc" "derMaw" "emySub" "gopAga" "malTer" "mesTub" "pelCas" "pelSin" "plaMeg" "podExp" "terMex"
"carIns" 0 0.0681818181818182 0.0572727272727273 0.0818181818181818 0.0527272727272727 0.0781818181818182 0.0790909090909091 0.0636363636363636 0.0572727272727273 0.0627272727272727 0.05 0.0709090909090909 0.0790909090909091 0.06 0.08 0.0818181818181818 0.0836363636363636
"cheAbi" 0.0681818181818182 0 0.04 0.0645454545454545 0.0336363636363636 0.0545454545454545 0.0563636363636364 0.0481818181818182 0.0518181818181818 0.0327272727272727 0.0336363636363636 0.0627272727272727 0.0709090909090909 0.0645454545454545 0.0618181818181818 0.0809090909090909 0.0690909090909091
"cheMyd" 0.0572727272727273 0.04 0 0.0527272727272727 0.0263636363636364 0.0536363636363636 0.0545454545454545 0.0363636363636364 0.0427272727272727 0.0336363636363636 0.0263636363636364 0.05 0.0581818181818182 0.0545454545454545 0.0518181818181818 0.0672727272727273 0.0590909090909091
"cheSer" 0.0818181818181818 0.0645454545454545 0.0527272727272727 0 0.0536363636363636 0.0545454545454545 0.0554545454545455 0.0636363636363636 0.0663636363636364 0.0581818181818182 0.0536363636363636 0.08 0.0827272727272727 0.0845454545454545 0.0563636363636364 0.0918181818181818 0.0636363636363636
"chrPic" 0.0527272727272727 0.0336363636363636 0.0263636363636364 0.0536363636363636 0 0.05 0.05 0.0354545454545455 0.0381818181818182 0.03 0.00545454545454545 0.0536363636363636 0.0572727272727273 0.05 0.05 0.0672727272727273 0.0445454545454545
"cuoAmb" 0.0781818181818182 0.0545454545454545 0.0536363636363636 0.0545454545454545 0.05 0 0.00636363636363636 0.0636363636363636 0.0618181818181818 0.05 0.0490909090909091 0.0772727272727273 0.0845454545454545 0.0754545454545455 0.02 0.0909090909090909 0.0254545454545455
"cuoMcc" 0.0790909090909091 0.0563636363636364 0.0545454545454545 0.0554545454545455 0.05 0.00636363636363636 0 0.0645454545454545 0.0627272727272727 0.05 0.0490909090909091 0.0781818181818182 0.0872727272727273 0.0781818181818182 0.0236363636363636 0.0936363636363636 0.0290909090909091
"derMaw" 0.0636363636363636 0.0481818181818182 0.0363636363636364 0.0636363636363636 0.0354545454545455 0.0636363636363636 0.0645454545454545 0 0.0472727272727273 0.0418181818181818 0.0336363636363636 0.06 0.0690909090909091 0.0609090909090909 0.0618181818181818 0.08 0.0672727272727273
"emySub" 0.0572727272727273 0.0518181818181818 0.0427272727272727 0.0663636363636364 0.0381818181818182 0.0618181818181818 0.0627272727272727 0.0472727272727273 0 0.0481818181818182 0.0390909090909091 0.04 0.0572727272727273 0.0554545454545455 0.0636363636363636 0.0690909090909091 0.0709090909090909
"gopAga" 0.0627272727272727 0.0327272727272727 0.0336363636363636 0.0581818181818182 0.03 0.05 0.05 0.0418181818181818 0.0481818181818182 0 0.03 0.0536363636363636 0.0654545454545455 0.06 0.0472727272727273 0.0745454545454545 0.0545454545454545
"malTer" 0.05 0.0336363636363636 0.0263636363636364 0.0536363636363636 0.00545454545454545 0.0490909090909091 0.0490909090909091 0.0336363636363636 0.0390909090909091 0.03 0 0.0536363636363636 0.0590909090909091 0.05 0.05 0.0654545454545455 0.0445454545454545
"mesTub" 0.0709090909090909 0.0627272727272727 0.05 0.08 0.0536363636363636 0.0772727272727273 0.0781818181818182 0.06 0.04 0.0536363636363636 0.0536363636363636 0 0.0690909090909091 0.0690909090909091 0.0745454545454545 0.0790909090909091 0.08
"pelCas" 0.0790909090909091 0.0709090909090909 0.0581818181818182 0.0827272727272727 0.0572727272727273 0.0845454545454545 0.0872727272727273 0.0690909090909091 0.0572727272727273 0.0654545454545455 0.0590909090909091 0.0690909090909091 0 0.0727272727272727 0.0845454545454545 0.0690909090909091 0.0918181818181818
"pelSin" 0.06 0.0645454545454545 0.0545454545454545 0.0845454545454545 0.05 0.0754545454545455 0.0781818181818182 0.0609090909090909 0.0554545454545455 0.06 0.05 0.0690909090909091 0.0727272727272727 0 0.0790909090909091 0.0827272727272727 0.0845454545454545
"plaMeg" 0.08 0.0618181818181818 0.0518181818181818 0.0563636363636364 0.05 0.02 0.0236363636363636 0.0618181818181818 0.0636363636363636 0.0472727272727273 0.05 0.0745454545454545 0.0845454545454545 0.0790909090909091 0 0.0881818181818182 0.0163636363636364
"podExp" 0.0818181818181818 0.0809090909090909 0.0672727272727273 0.0918181818181818 0.0672727272727273 0.0909090909090909 0.0936363636363636 0.08 0.0690909090909091 0.0745454545454545 0.0654545454545455 0.0790909090909091 0.0690909090909091 0.0827272727272727 0.0881818181818182 0 0.0909090909090909
"terMex" 0.0836363636363636 0.0690909090909091 0.0590909090909091 0.0636363636363636 0.0445454545454545 0.0254545454545455 0.0290909090909091 0.0672727272727273 0.0709090909090909 0.0545454545454545 0.0445454545454545 0.08 0.0918181818181818 0.0845454545454545 0.0163636363636364 0.0909090909090909 0
