"carIns" "cheAbi" "cheMyd" "cheSer" "chrPic" "cuoAmb" "cuoMcc" "derCor" "derMaw" "emySub" "gopAga" "mesTub" "pelCas" "plaMeg" "podExp" "terMex"
"carIns" 0 0.153238546603476 0.126382306477093 0.127962085308057 0.123222748815166 0.14218009478673 0.123222748815166 0.15955766192733 0.135860979462875 0.129541864139021 0.123222748815166 0.161137440758294 0.173775671406003 0.118483412322275 0.195892575039494 0.11216429699842
"cheAbi" 0.153238546603476 0 0.102685624012638 0.0821484992101106 0.0679304897314376 0.104265402843602 0.0663507109004739 0.137440758293839 0.0963665086887836 0.132701421800948 0.0584518167456556 0.167456556082148 0.170616113744076 0.0631911532385466 0.17219589257504 0.0616113744075829
"cheMyd" 0.126382306477093 0.102685624012638 0 0.0695102685624013 0.0663507109004739 0.105845181674566 0.0631911532385466 0.0853080568720379 0.0884676145339652 0.0995260663507109 0.0584518167456556 0.137440758293839 0.137440758293839 0.0584518167456556 0.15955766192733 0.0584518167456556
"cheSer" 0.127962085308057 0.0821484992101106 0.0695102685624013 0 0.0552922590837283 0.0916271721958926 0.0537124802527646 0.11216429699842 0.0695102685624013 0.0947867298578199 0.0505529225908373 0.139020537124803 0.132701421800948 0.04739336492891 0.161137440758294 0.04739336492891
"chrPic" 0.123222748815166 0.0679304897314376 0.0663507109004739 0.0552922590837283 0 0.0789889415481833 0.042654028436019 0.11216429699842 0.0631911532385466 0.104265402843602 0.0394944707740916 0.135860979462875 0.140600315955766 0.0268562401263823 0.150078988941548 0.0110584518167457
"cuoAmb" 0.14218009478673 0.104265402843602 0.105845181674566 0.0916271721958926 0.0789889415481833 0 0.0521327014218009 0.12480252764613 0.0947867298578199 0.132701421800948 0.0647709320695103 0.139020537124803 0.161137440758294 0.0726698262243286 0.17219589257504 0.0695102685624013
"cuoMcc" 0.123222748815166 0.0663507109004739 0.0631911532385466 0.0537124802527646 0.042654028436019 0.0521327014218009 0 0.113744075829384 0.0679304897314376 0.0947867298578199 0.0268562401263823 0.137440758293839 0.132701421800948 0.033175355450237 0.146919431279621 0.033175355450237
"derCor" 0.15955766192733 0.137440758293839 0.0853080568720379 0.11216429699842 0.11216429699842 0.12480252764613 0.113744075829384 0 0.120063191153239 0.140600315955766 0.105845181674566 0.143759873617694 0.181674565560821 0.102685624012638 0.187993680884676 0.101105845181675
"derMaw" 0.135860979462875 0.0963665086887836 0.0884676145339652 0.0695102685624013 0.0631911532385466 0.0947867298578199 0.0679304897314376 0.120063191153239 0 0.109004739336493 0.0663507109004739 0.134281200631912 0.14218009478673 0.0537124802527646 0.161137440758294 0.0521327014218009
"emySub" 0.129541864139021 0.132701421800948 0.0995260663507109 0.0947867298578199 0.104265402843602 0.132701421800948 0.0947867298578199 0.140600315955766 0.109004739336493 0 0.0979462875197472 0.0995260663507109 0.107424960505529 0.0963665086887836 0.132701421800948 0.0963665086887836
"gopAga" 0.123222748815166 0.0584518167456556 0.0584518167456556 0.0505529225908373 0.0394944707740916 0.0647709320695103 0.0268562401263823 0.105845181674566 0.0663507109004739 0.0979462875197472 0 0.132701421800948 0.132701421800948 0.0315955766192733 0.145339652448657 0.0315955766192733
"mesTub" 0.161137440758294 0.167456556082148 0.137440758293839 0.139020537124803 0.135860979462875 0.139020537124803 0.137440758293839 0.143759873617694 0.134281200631912 0.0995260663507109 0.132701421800948 0 0.154818325434439 0.12480252764613 0.156398104265403 0.12480252764613
"pelCas" 0.173775671406003 0.170616113744076 0.137440758293839 0.132701421800948 0.140600315955766 0.161137440758294 0.132701421800948 0.181674565560821 0.14218009478673 0.107424960505529 0.132701421800948 0.154818325434439 0 0.131121642969984 0.120063191153239 0.131121642969984
"plaMeg" 0.118483412322275 0.0631911532385466 0.0584518167456556 0.04739336492891 0.0268562401263823 0.0726698262243286 0.033175355450237 0.102685624012638 0.0537124802527646 0.0963665086887836 0.0315955766192733 0.12480252764613 0.131121642969984 0 0.140600315955766 0.0157977883096366
"podExp" 0.195892575039494 0.17219589257504 0.15955766192733 0.161137440758294 0.150078988941548 0.17219589257504 0.146919431279621 0.187993680884676 0.161137440758294 0.132701421800948 0.145339652448657 0.156398104265403 0.120063191153239 0.140600315955766 0 0.143759873617694
"terMex" 0.11216429699842 0.0616113744075829 0.0584518167456556 0.04739336492891 0.0110584518167457 0.0695102685624013 0.033175355450237 0.101105845181675 0.0521327014218009 0.0963665086887836 0.0315955766192733 0.12480252764613 0.131121642969984 0.0157977883096366 0.143759873617694 0
