"carIns" "cheAbi" "cheMyd" "cheSer" "chrPic" "cuoAmb" "cuoMcc" "derCor" "derMaw" "emySub" "malTer" "mesTub" "pelCas" "pelSin" "plaMeg" "podExp" "terMex"
"carIns" 0 0.0919623461259957 0.0854453294713975 0.0883417813178856 0.0854453294713975 0.0883417813178856 0.0876176683562636 0.0897900072411296 0.0832729905865315 0.0847212165097755 0.116582186821144 0.0941346850108617 0.0963070238957277 0.0890658942795076 0.0789283128167994 0.115858073859522 0.0861694424330195
"cheAbi" 0.0919623461259957 0 0.0477914554670529 0.0492396813902969 0.0376538740043447 0.0333091962346126 0.0318609703113686 0.053584359160029 0.0492396813902969 0.0644460535843592 0.0702389572773353 0.0731354091238233 0.0767559739319334 0.0767559739319334 0.0304127443881245 0.103548153511948 0.0369297610427227
"cheMyd" 0.0854453294713975 0.0477914554670529 0 0.0376538740043447 0.0391020999275887 0.0412744388124547 0.0412744388124547 0.0267921795800145 0.0391020999275887 0.054308472121651 0.0687907313540912 0.0622737146994931 0.0687907313540912 0.0644460535843592 0.0325850832729906 0.0912382331643736 0.0383779869659667
"cheSer" 0.0883417813178856 0.0492396813902969 0.0376538740043447 0 0.0398262128892107 0.0434467776973208 0.0419985517740768 0.0412744388124547 0.0383779869659667 0.056480811006517 0.0724112961622013 0.0651701665459812 0.0731354091238233 0.0637219406227371 0.0325850832729906 0.0948587979724837 0.0391020999275887
"chrPic" 0.0854453294713975 0.0376538740043447 0.0391020999275887 0.0398262128892107 0 0.0282404055032585 0.0289645184648805 0.0441708906589428 0.0412744388124547 0.057929036929761 0.0405503258508327 0.0658942795076032 0.0716871832005793 0.0658942795076032 0.0166545981173063 0.0955829109341057 0.0115858073859522
"cuoAmb" 0.0883417813178856 0.0333091962346126 0.0412744388124547 0.0434467776973208 0.0282404055032585 0 0.0108616944243302 0.0470673425054308 0.0419985517740768 0.0601013758146271 0.0608254887762491 0.0651701665459812 0.0738595220854453 0.0716871832005793 0.0217233888486604 0.0970311368573498 0.0260680666183925
"cuoMcc" 0.0876176683562636 0.0318609703113686 0.0412744388124547 0.0419985517740768 0.0289645184648805 0.0108616944243302 0 0.0470673425054308 0.0419985517740768 0.058653149891383 0.0615496017378711 0.0629978276611151 0.0731354091238233 0.0695148443157133 0.0224475018102824 0.0963070238957277 0.0267921795800145
"derCor" 0.0897900072411296 0.053584359160029 0.0267921795800145 0.0412744388124547 0.0441708906589428 0.0470673425054308 0.0470673425054308 0 0.0434467776973208 0.0593772628530051 0.0753077480086894 0.0673425054308472 0.0738595220854453 0.0687907313540912 0.0362056480811007 0.0948587979724837 0.0434467776973208
"derMaw" 0.0832729905865315 0.0492396813902969 0.0391020999275887 0.0383779869659667 0.0412744388124547 0.0419985517740768 0.0419985517740768 0.0434467776973208 0 0.057204923968139 0.0745836350470673 0.0637219406227371 0.0724112961622013 0.0709630702389573 0.0340333091962346 0.0934105720492397 0.0391020999275887
"emySub" 0.0847212165097755 0.0644460535843592 0.054308472121651 0.056480811006517 0.057929036929761 0.0601013758146271 0.058653149891383 0.0593772628530051 0.057204923968139 0 0.0854453294713975 0.0304127443881245 0.053584359160029 0.0724112961622013 0.0514120202751629 0.0854453294713975 0.055756698044895
"malTer" 0.116582186821144 0.0702389572773353 0.0687907313540912 0.0724112961622013 0.0405503258508327 0.0608254887762491 0.0615496017378711 0.0753077480086894 0.0745836350470673 0.0854453294713975 0 0.0934105720492397 0.0999275887038378 0.0963070238957277 0.0485155684286749 0.11875452570601 0.0477914554670529
"mesTub" 0.0941346850108617 0.0731354091238233 0.0622737146994931 0.0651701665459812 0.0658942795076032 0.0651701665459812 0.0629978276611151 0.0673425054308472 0.0637219406227371 0.0304127443881245 0.0934105720492397 0 0.0615496017378711 0.0803765387400434 0.058653149891383 0.0919623461259957 0.0622737146994931
"pelCas" 0.0963070238957277 0.0767559739319334 0.0687907313540912 0.0731354091238233 0.0716871832005793 0.0738595220854453 0.0731354091238233 0.0738595220854453 0.0724112961622013 0.053584359160029 0.0999275887038378 0.0615496017378711 0 0.0854453294713975 0.0644460535843592 0.0789283128167994 0.0695148443157133
"pelSin" 0.0890658942795076 0.0767559739319334 0.0644460535843592 0.0637219406227371 0.0658942795076032 0.0716871832005793 0.0695148443157133 0.0687907313540912 0.0709630702389573 0.0724112961622013 0.0963070238957277 0.0803765387400434 0.0854453294713975 0 0.0608254887762491 0.108616944243302 0.0651701665459812
"plaMeg" 0.0789283128167994 0.0304127443881245 0.0325850832729906 0.0325850832729906 0.0166545981173063 0.0217233888486604 0.0224475018102824 0.0362056480811007 0.0340333091962346 0.0514120202751629 0.0485155684286749 0.058653149891383 0.0644460535843592 0.0608254887762491 0 0.0897900072411296 0.0144822592324403
"podExp" 0.115858073859522 0.103548153511948 0.0912382331643736 0.0948587979724837 0.0955829109341057 0.0970311368573498 0.0963070238957277 0.0948587979724837 0.0934105720492397 0.0854453294713975 0.11875452570601 0.0919623461259957 0.0789283128167994 0.108616944243302 0.0897900072411296 0 0.0934105720492397
"terMex" 0.0861694424330195 0.0369297610427227 0.0383779869659667 0.0391020999275887 0.0115858073859522 0.0260680666183925 0.0267921795800145 0.0434467776973208 0.0391020999275887 0.055756698044895 0.0477914554670529 0.0622737146994931 0.0695148443157133 0.0651701665459812 0.0144822592324403 0.0934105720492397 0
