"cheAbi" "cheMyd" "chrPic" "derCor" "emySub" "gopAga" "malTer" "mesTub" "pelCas" "pelSin" "podExp" "terMex"
"cheAbi" 0 0.345950704225352 0.0625 0.0897887323943662 0.132922535211268 0.0704225352112676 0.139084507042254 0.138204225352113 0.185739436619718 0.154929577464789 0.158450704225352 0.0616197183098592
"cheMyd" 0.345950704225352 0 0.331866197183099 0.327464788732394 0.352992957746479 0.342429577464789 0.34419014084507 0.355633802816901 0.377640845070423 0.372359154929577 0.383802816901408 0.323943661971831
"chrPic" 0.0625 0.331866197183099 0 0.0757042253521127 0.117077464788732 0.0862676056338028 0.0897887323943662 0.119718309859155 0.181338028169014 0.134683098591549 0.153169014084507 0.0202464788732394
"derCor" 0.0897887323943662 0.327464788732394 0.0757042253521127 0 0.127640845070423 0.107394366197183 0.144366197183099 0.134683098591549 0.17693661971831 0.14612676056338 0.15669014084507 0.0704225352112676
"emySub" 0.132922535211268 0.352992957746479 0.117077464788732 0.127640845070423 0 0.151408450704225 0.177816901408451 0.0669014084507042 0.147007042253521 0.171654929577465 0.127640845070423 0.11443661971831
"gopAga" 0.0704225352112676 0.342429577464789 0.0862676056338028 0.107394366197183 0.151408450704225 0 0.139084507042254 0.157570422535211 0.206866197183099 0.170774647887324 0.179577464788732 0.0862676056338028
"malTer" 0.139084507042254 0.34419014084507 0.0897887323943662 0.144366197183099 0.177816901408451 0.139084507042254 0 0.181338028169014 0.247359154929577 0.194542253521127 0.216549295774648 0.0950704225352113
"mesTub" 0.138204225352113 0.355633802816901 0.119718309859155 0.134683098591549 0.0669014084507042 0.157570422535211 0.181338028169014 0 0.153169014084507 0.157570422535211 0.126760563380282 0.118838028169014
"pelCas" 0.185739436619718 0.377640845070423 0.181338028169014 0.17693661971831 0.147007042253521 0.206866197183099 0.247359154929577 0.153169014084507 0 0.205985915492958 0.142605633802817 0.175176056338028
"pelSin" 0.154929577464789 0.372359154929577 0.134683098591549 0.14612676056338 0.171654929577465 0.170774647887324 0.194542253521127 0.157570422535211 0.205985915492958 0 0.180457746478873 0.136443661971831
"podExp" 0.158450704225352 0.383802816901408 0.153169014084507 0.15669014084507 0.127640845070423 0.179577464788732 0.216549295774648 0.126760563380282 0.142605633802817 0.180457746478873 0 0.150528169014085
"terMex" 0.0616197183098592 0.323943661971831 0.0202464788732394 0.0704225352112676 0.11443661971831 0.0862676056338028 0.0950704225352113 0.118838028169014 0.175176056338028 0.136443661971831 0.150528169014085 0
