"carIns" "cheAbi" "cheMyd" "cheSer" "chrPic" "cuoAmb" "cuoMcc" "derCor" "derMaw" "emySub" "gopAga" "malTer" "mesTub" "pelCas" "pelSin" "plaMeg" "podExp" "terMex"
"carIns" 0 0.0842217484008529 0.0916844349680171 0.0799573560767591 0.0740938166311301 0.0991471215351812 0.0772921108742004 0.0756929637526653 0.0804904051172708 0.082089552238806 0.0847547974413646 0.0954157782515992 0.0906183368869936 0.113539445628998 0.0900852878464819 0.0740938166311301 0.109275053304904 0.0724946695095949
"cheAbi" 0.0842217484008529 0 0.0549040511727079 0.0405117270788913 0.0271855010660981 0.0431769722814499 0.0207889125799574 0.0362473347547974 0.0501066098081023 0.0623667377398721 0.017590618336887 0.0495735607675906 0.0676972281449893 0.0900852878464819 0.0863539445628998 0.0271855010660981 0.0836886993603412 0.0266524520255864
"cheMyd" 0.0916844349680171 0.0549040511727079 0 0.0495735607675906 0.0437100213219616 0.0666311300639659 0.0474413646055437 0.0362473347547974 0.0533049040511727 0.0692963752665245 0.0559701492537313 0.064498933901919 0.0778251599147122 0.0980810234541578 0.0975479744136461 0.0421108742004264 0.0943496801705757 0.0405117270788913
"cheSer" 0.0799573560767591 0.0405117270788913 0.0495735607675906 0 0.0287846481876333 0.0517057569296375 0.0325159914712154 0.0298507462686567 0.0399786780383795 0.0543710021321962 0.0421108742004264 0.0495735607675906 0.0623667377398721 0.0847547974413646 0.0842217484008529 0.0266524520255864 0.0767590618336887 0.0282515991471215
"chrPic" 0.0740938166311301 0.0271855010660981 0.0437100213219616 0.0287846481876333 0 0.0415778251599147 0.0186567164179104 0.0266524520255864 0.0373134328358209 0.0511727078891258 0.0245202558635394 0.0303837953091684 0.0607675906183369 0.0794243070362473 0.0810234541577825 0.0127931769722814 0.0772921108742004 0.00799573560767591
"cuoAmb" 0.0991471215351812 0.0431769722814499 0.0666311300639659 0.0517057569296375 0.0415778251599147 0 0.0303837953091684 0.0511727078891258 0.0618336886993603 0.0751599147121535 0.0415778251599147 0.0634328358208955 0.082089552238806 0.0986140724946695 0.102345415778252 0.0394456289978678 0.0911513859275053 0.0399786780383795
"cuoMcc" 0.0772921108742004 0.0207889125799574 0.0474413646055437 0.0325159914712154 0.0186567164179104 0.0303837953091684 0 0.029317697228145 0.0399786780383795 0.0538379530916844 0.0207889125799574 0.0405117270788913 0.0623667377398721 0.0831556503198294 0.0810234541577825 0.017590618336887 0.0767590618336887 0.0170575692963753
"derCor" 0.0756929637526653 0.0362473347547974 0.0362473347547974 0.0298507462686567 0.0266524520255864 0.0511727078891258 0.029317697228145 0 0.0394456289978678 0.0506396588486141 0.0373134328358209 0.046908315565032 0.0602345415778252 0.0799573560767591 0.0810234541577825 0.0255863539445629 0.0756929637526653 0.0250533049040512
"derMaw" 0.0804904051172708 0.0501066098081023 0.0533049040511727 0.0399786780383795 0.0373134328358209 0.0618336886993603 0.0399786780383795 0.0394456289978678 0 0.0591684434968017 0.0479744136460554 0.0570362473347548 0.0698294243070362 0.0890191897654584 0.0868869936034115 0.0341151385927505 0.0826226012793177 0.0335820895522388
"emySub" 0.082089552238806 0.0623667377398721 0.0692963752665245 0.0543710021321962 0.0511727078891258 0.0751599147121535 0.0538379530916844 0.0506396588486141 0.0591684434968017 0 0.0602345415778252 0.0719616204690832 0.0346481876332623 0.0746268656716418 0.0900852878464819 0.0495735607675906 0.0751599147121535 0.0501066098081023
"gopAga" 0.0847547974413646 0.017590618336887 0.0559701492537313 0.0421108742004264 0.0245202558635394 0.0415778251599147 0.0207889125799574 0.0373134328358209 0.0479744136460554 0.0602345415778252 0 0.0485074626865672 0.0671641791044776 0.0890191897654584 0.087953091684435 0.0245202558635394 0.0842217484008529 0.0250533049040512
"malTer" 0.0954157782515992 0.0495735607675906 0.064498933901919 0.0495735607675906 0.0303837953091684 0.0634328358208955 0.0405117270788913 0.046908315565032 0.0570362473347548 0.0719616204690832 0.0485074626865672 0 0.0810234541577825 0.0991471215351812 0.0991471215351812 0.0335820895522388 0.0986140724946695 0.0298507462686567
"mesTub" 0.0906183368869936 0.0676972281449893 0.0778251599147122 0.0623667377398721 0.0607675906183369 0.082089552238806 0.0623667377398721 0.0602345415778252 0.0698294243070362 0.0346481876332623 0.0671641791044776 0.0810234541577825 0 0.0810234541577825 0.099680170575693 0.05863539445629 0.0804904051172708 0.0602345415778252
"pelCas" 0.113539445628998 0.0900852878464819 0.0980810234541578 0.0847547974413646 0.0794243070362473 0.0986140724946695 0.0831556503198294 0.0799573560767591 0.0890191897654584 0.0746268656716418 0.0890191897654584 0.0991471215351812 0.0810234541577825 0 0.115138592750533 0.0778251599147122 0.0783582089552239 0.0756929637526653
"pelSin" 0.0900852878464819 0.0863539445628998 0.0975479744136461 0.0842217484008529 0.0810234541577825 0.102345415778252 0.0810234541577825 0.0810234541577825 0.0868869936034115 0.0900852878464819 0.087953091684435 0.0991471215351812 0.099680170575693 0.115138592750533 0 0.0783582089552239 0.111940298507463 0.0772921108742004
"plaMeg" 0.0740938166311301 0.0271855010660981 0.0421108742004264 0.0266524520255864 0.0127931769722814 0.0394456289978678 0.017590618336887 0.0255863539445629 0.0341151385927505 0.0495735607675906 0.0245202558635394 0.0335820895522388 0.05863539445629 0.0778251599147122 0.0783582089552239 0 0.0756929637526653 0.0111940298507463
"podExp" 0.109275053304904 0.0836886993603412 0.0943496801705757 0.0767590618336887 0.0772921108742004 0.0911513859275053 0.0767590618336887 0.0756929637526653 0.0826226012793177 0.0751599147121535 0.0842217484008529 0.0986140724946695 0.0804904051172708 0.0783582089552239 0.111940298507463 0.0756929637526653 0 0.0767590618336887
"terMex" 0.0724946695095949 0.0266524520255864 0.0405117270788913 0.0282515991471215 0.00799573560767591 0.0399786780383795 0.0170575692963753 0.0250533049040512 0.0335820895522388 0.0501066098081023 0.0250533049040512 0.0298507462686567 0.0602345415778252 0.0756929637526653 0.0772921108742004 0.0111940298507463 0.0767590618336887 0
