"carIns" "cheAbi" "cheMyd" "cheSer" "chrPic" "cuoAmb" "cuoMcc" "derCor" "derMaw" "emySub" "gopAga" "malTer" "mesTub" "pelCas" "pelSin" "plaMeg" "podExp" "terMex"
"carIns" 0 0.0962850644427597 0.0993176648976497 0.0902198635329795 0.0947687642153146 0.0970432145564822 0.0940106141015921 0.329037149355572 0.103866565579985 0.12661106899166 0.166034874905231 0.0970432145564822 0.122820318423048 0.135708870356331 0.100833965125095 0.0887035633055345 0.138741470811221 0.0871872630780895
"cheAbi" 0.0962850644427597 0 0.0485216072782411 0.0386656557998484 0.0341167551175133 0.0295678544351782 0.023502653525398 0.304018195602729 0.0561031084154663 0.0849128127369219 0.0962850644427597 0.0341167551175133 0.0826383623957544 0.0993176648976497 0.0826383623957544 0.0272934040940106 0.0970432145564822 0.0280515542077331
"cheMyd" 0.0993176648976497 0.0485216072782411 0 0.0394238059135709 0.045489006823351 0.0515542077331312 0.0470053070507961 0.294162244124337 0.0576194086429113 0.0932524639878696 0.122820318423048 0.0447308567096285 0.0887035633055345 0.106141015921152 0.087945413191812 0.0348749052312358 0.107657316148597 0.0386656557998484
"cheSer" 0.0902198635329795 0.0386656557998484 0.0394238059135709 0 0.0401819560272934 0.043972706595906 0.0394238059135709 0.299469294920394 0.0447308567096285 0.0826383623957544 0.115996967399545 0.0386656557998484 0.0765731614859742 0.0978013646702047 0.0796057619408643 0.0326004548900682 0.100075815011372 0.0326004548900682
"chrPic" 0.0947687642153146 0.0341167551175133 0.045489006823351 0.0401819560272934 0 0.0356330553449583 0.0310841546626232 0.300227445034117 0.0568612585291888 0.0902198635329795 0.10841546626232 0.0136467020470053 0.0841546626231994 0.10538286580743 0.0780894617134193 0.0280515542077331 0.103866565579985 0.0136467020470053
"cuoAmb" 0.0970432145564822 0.0295678544351782 0.0515542077331312 0.043972706595906 0.0356330553449583 0 0.0090978013646702 0.300985595147839 0.0636846095526914 0.0924943138741471 0.104624715693707 0.0356330553449583 0.0887035633055345 0.10538286580743 0.0841546626231994 0.0310841546626232 0.106899166034875 0.0295678544351782
"cuoMcc" 0.0940106141015921 0.023502653525398 0.0470053070507961 0.0394238059135709 0.0310841546626232 0.0090978013646702 0 0.301743745261562 0.0568612585291888 0.0871872630780895 0.0985595147839272 0.0310841546626232 0.0833965125094769 0.100075815011372 0.0780894617134193 0.0250189537528431 0.100833965125095 0.0250189537528431
"derCor" 0.329037149355572 0.304018195602729 0.294162244124337 0.299469294920394 0.300227445034117 0.300985595147839 0.301743745261562 0 0.308567096285064 0.330553449583017 0.374526156178923 0.304018195602729 0.329037149355572 0.33737680060652 0.322971948445792 0.301743745261562 0.329037149355572 0.298711144806672
"derMaw" 0.103866565579985 0.0561031084154663 0.0576194086429113 0.0447308567096285 0.0568612585291888 0.0636846095526914 0.0568612585291888 0.308567096285064 0 0.0947687642153146 0.131159969673995 0.0568612585291888 0.0871872630780895 0.109173616376042 0.0887035633055345 0.0507960576194086 0.112964366944655 0.0477634571645186
"emySub" 0.12661106899166 0.0849128127369219 0.0932524639878696 0.0826383623957544 0.0902198635329795 0.0924943138741471 0.0871872630780895 0.330553449583017 0.0947687642153146 0 0.151630022744503 0.0917361637604246 0.045489006823351 0.0970432145564822 0.115996967399545 0.0803639120545868 0.100833965125095 0.086429112964367
"gopAga" 0.166034874905231 0.0962850644427597 0.122820318423048 0.115996967399545 0.10841546626232 0.104624715693707 0.0985595147839272 0.374526156178923 0.131159969673995 0.151630022744503 0 0.109931766489765 0.152388172858226 0.159969673995451 0.155420773313116 0.107657316148597 0.161485974222896 0.104624715693707
"malTer" 0.0970432145564822 0.0341167551175133 0.0447308567096285 0.0386656557998484 0.0136467020470053 0.0356330553449583 0.0310841546626232 0.304018195602729 0.0568612585291888 0.0917361637604246 0.109931766489765 0 0.086429112964367 0.103866565579985 0.0811220621683093 0.0265352539802881 0.106141015921152 0.0136467020470053
"mesTub" 0.122820318423048 0.0826383623957544 0.0887035633055345 0.0765731614859742 0.0841546626231994 0.0887035633055345 0.0833965125094769 0.329037149355572 0.0871872630780895 0.045489006823351 0.152388172858226 0.086429112964367 0 0.0940106141015921 0.106899166034875 0.0773313115996967 0.0970432145564822 0.0803639120545868
"pelCas" 0.135708870356331 0.0993176648976497 0.106141015921152 0.0978013646702047 0.10538286580743 0.10538286580743 0.100075815011372 0.33737680060652 0.109173616376042 0.0970432145564822 0.159969673995451 0.103866565579985 0.0940106141015921 0 0.121304018195603 0.0955269143290371 0.0856709628506444 0.0955269143290371
"pelSin" 0.100833965125095 0.0826383623957544 0.087945413191812 0.0796057619408643 0.0780894617134193 0.0841546626231994 0.0780894617134193 0.322971948445792 0.0887035633055345 0.115996967399545 0.155420773313116 0.0811220621683093 0.106899166034875 0.121304018195603 0 0.0750568612585292 0.125094768764215 0.0735405610310842
"plaMeg" 0.0887035633055345 0.0272934040940106 0.0348749052312358 0.0326004548900682 0.0280515542077331 0.0310841546626232 0.0250189537528431 0.301743745261562 0.0507960576194086 0.0803639120545868 0.107657316148597 0.0265352539802881 0.0773313115996967 0.0955269143290371 0.0750568612585292 0 0.100075815011372 0.020470053070508
"podExp" 0.138741470811221 0.0970432145564822 0.107657316148597 0.100075815011372 0.103866565579985 0.106899166034875 0.100833965125095 0.329037149355572 0.112964366944655 0.100833965125095 0.161485974222896 0.106141015921152 0.0970432145564822 0.0856709628506444 0.125094768764215 0.100075815011372 0 0.0993176648976497
"terMex" 0.0871872630780895 0.0280515542077331 0.0386656557998484 0.0326004548900682 0.0136467020470053 0.0295678544351782 0.0250189537528431 0.298711144806672 0.0477634571645186 0.086429112964367 0.104624715693707 0.0136467020470053 0.0803639120545868 0.0955269143290371 0.0735405610310842 0.020470053070508 0.0993176648976497 0
