"carIns" "cheAbi" "cheMyd" "cheSer" "chrPic" "cuoAmb" "cuoMcc" "derMaw" "emySub" "gopAga" "malTer" "pelCas" "pelSin" "plaMeg" "podExp" "terMex"
"carIns" 0 0.102475247524752 0.102475247524752 0.0985148514851485 0.099009900990099 0.101485148514851 0.112871287128713 0.106930693069307 0.113366336633663 0.103960396039604 0.13019801980198 0.123762376237624 0.103465346534653 0.0975247524752475 0.127227722772277 0.098019801980198
"cheAbi" 0.102475247524752 0 0.0391089108910891 0.0331683168316832 0.0252475247524752 0.0168316831683168 0.0272277227722772 0.0391089108910891 0.0633663366336634 0.0143564356435644 0.0569306930693069 0.0821782178217822 0.0851485148514852 0.0242574257425743 0.0826732673267327 0.0247524752475248
"cheMyd" 0.102475247524752 0.0391089108910891 0 0.0336633663366337 0.0316831683168317 0.0366336633663366 0.048019801980198 0.0371287128712871 0.0618811881188119 0.0410891089108911 0.0603960396039604 0.0801980198019802 0.0787128712871287 0.0287128712871287 0.0782178217821782 0.0287128712871287
"cheSer" 0.0985148514851485 0.0331683168316832 0.0336633663366337 0 0.0252475247524752 0.0306930693069307 0.0410891089108911 0.0336633663366337 0.054950495049505 0.0351485148514852 0.0574257425742574 0.0747524752475247 0.0782178217821782 0.0227722772277228 0.0757425742574257 0.0252475247524752
"chrPic" 0.099009900990099 0.0252475247524752 0.0316831683168317 0.0252475247524752 0 0.0232673267326733 0.0346534653465347 0.0331683168316832 0.0559405940594059 0.0267326732673267 0.0341584158415842 0.0757425742574257 0.0767326732673267 0.0153465346534653 0.0767326732673267 0.0108910891089109
"cuoAmb" 0.101485148514851 0.0168316831683168 0.0366336633663366 0.0306930693069307 0.0232673267326733 0 0.0163366336633663 0.0376237623762376 0.0594059405940594 0.0163366336633663 0.054950495049505 0.0787128712871287 0.0821782178217822 0.0222772277227723 0.0797029702970297 0.0222772277227723
"cuoMcc" 0.112871287128713 0.0272277227722772 0.048019801980198 0.0410891089108911 0.0346534653465347 0.0163366336633663 0 0.048019801980198 0.0698019801980198 0.0267326732673267 0.0663366336633663 0.0891089108910891 0.0905940594059406 0.0336633663366337 0.0900990099009901 0.0336633663366337
"derMaw" 0.106930693069307 0.0391089108910891 0.0371287128712871 0.0336633663366337 0.0331683168316832 0.0376237623762376 0.048019801980198 0 0.0633663366336634 0.0415841584158416 0.0643564356435644 0.0821782178217822 0.0806930693069307 0.0297029702970297 0.0816831683168317 0.0301980198019802
"emySub" 0.113366336633663 0.0633663366336634 0.0618811881188119 0.054950495049505 0.0559405940594059 0.0594059405940594 0.0698019801980198 0.0633663366336634 0 0.0638613861386139 0.0866336633663366 0.0603960396039604 0.0866336633663366 0.0544554455445545 0.0618811881188119 0.0564356435643564
"gopAga" 0.103960396039604 0.0143564356435644 0.0410891089108911 0.0351485148514852 0.0267326732673267 0.0163366336633663 0.0267326732673267 0.0415841584158416 0.0638613861386139 0 0.0584158415841584 0.0836633663366337 0.0841584158415842 0.0257425742574257 0.0811881188118812 0.0262376237623762
"malTer" 0.13019801980198 0.0569306930693069 0.0603960396039604 0.0574257425742574 0.0341584158415842 0.054950495049505 0.0663366336633663 0.0643564356435644 0.0866336633663366 0.0584158415841584 0 0.105940594059406 0.104455445544554 0.0465346534653465 0.106435643564356 0.0405940594059406
"pelCas" 0.123762376237624 0.0821782178217822 0.0801980198019802 0.0747524752475247 0.0757425742574257 0.0787128712871287 0.0891089108910891 0.0821782178217822 0.0603960396039604 0.0836633663366337 0.105940594059406 0 0.098019801980198 0.0732673267326733 0.0608910891089109 0.0742574257425743
"pelSin" 0.103465346534653 0.0851485148514852 0.0787128712871287 0.0782178217821782 0.0767326732673267 0.0821782178217822 0.0905940594059406 0.0806930693069307 0.0866336633663366 0.0841584158415842 0.104455445544554 0.098019801980198 0 0.0762376237623762 0.101485148514851 0.0747524752475247
"plaMeg" 0.0975247524752475 0.0242574257425743 0.0287128712871287 0.0227722772277228 0.0153465346534653 0.0222772277227723 0.0336633663366337 0.0297029702970297 0.0544554455445545 0.0257425742574257 0.0465346534653465 0.0732673267326733 0.0762376237623762 0 0.0737623762376238 0.0143564356435644
"podExp" 0.127227722772277 0.0826732673267327 0.0782178217821782 0.0757425742574257 0.0767326732673267 0.0797029702970297 0.0900990099009901 0.0816831683168317 0.0618811881188119 0.0811881188118812 0.106435643564356 0.0608910891089109 0.101485148514851 0.0737623762376238 0 0.0767326732673267
"terMex" 0.098019801980198 0.0247524752475248 0.0287128712871287 0.0252475247524752 0.0108910891089109 0.0222772277227723 0.0336633663366337 0.0301980198019802 0.0564356435643564 0.0262376237623762 0.0405940594059406 0.0742574257425743 0.0747524752475247 0.0143564356435644 0.0767326732673267 0
