"carIns" "cheAbi" "cheMyd" "cheSer" "chrPic" "cuoAmb" "derCor" "derMaw" "emySub" "gopAga" "malTer" "mesTub" "pelCas" "pelSin" "plaMeg" "podExp" "terMex"
"carIns" 0 0.0935709739019733 0.0821133036282623 0.0922978994271165 0.0884786760025461 0.09484404837683 0.0852959898154042 0.0884786760025461 0.108211330362826 0.0903882877148313 0.0878421387651178 0.119032463399109 0.126034373010821 0.0884786760025461 0.0846594525779758 0.113303628262253 0.0942075111394017
"cheAbi" 0.0935709739019733 0 0.0509229789942712 0.0451941438574157 0.0426479949077021 0.0267345639719924 0.0560152768936983 0.0572883513685551 0.07511139401655 0.0273711012094207 0.0432845321451305 0.0821133036282623 0.122851686823679 0.0763844684914067 0.0292807129217059 0.101845957988542 0.0311903246339911
"cheMyd" 0.0821133036282623 0.0509229789942712 0 0.0477402928071292 0.0426479949077021 0.0496499045194144 0.0254614894971356 0.0413749204328453 0.0789306174411203 0.0426479949077021 0.0420114576702737 0.0846594525779758 0.105665181413113 0.0681094844048377 0.0381922342457034 0.0922978994271165 0.045830681094844
"cheSer" 0.0922978994271165 0.0451941438574157 0.0477402928071292 0 0.0464672183322724 0.0426479949077021 0.0553787396562699 0.0515595162316996 0.0706556333545512 0.0483768300445576 0.0471037555697008 0.0789306174411203 0.11839592616168 0.071928707829408 0.0324633991088479 0.0986632718014004 0.0388287714831318
"chrPic" 0.0884786760025461 0.0426479949077021 0.0426479949077021 0.0464672183322724 0 0.0401018459579885 0.0432845321451305 0.045830681094844 0.0789306174411203 0.034373010821133 0.00509229789942712 0.0859325270528326 0.109484404837683 0.0661998726925525 0.0248249522597072 0.0884786760025461 0.0254614894971356
"cuoAmb" 0.09484404837683 0.0267345639719924 0.0496499045194144 0.0426479949077021 0.0401018459579885 0 0.0560152768936983 0.0515595162316996 0.0763844684914067 0.0299172501591343 0.0394653087205602 0.0846594525779758 0.121578612348822 0.0732017823042648 0.0280076384468491 0.0999363462762572 0.0299172501591343
"derCor" 0.0852959898154042 0.0560152768936983 0.0254614894971356 0.0553787396562699 0.0432845321451305 0.0560152768936983 0 0.0502864417568428 0.0814767663908339 0.0502864417568428 0.0420114576702737 0.0872056015276894 0.107574793125398 0.0700190961171229 0.0439210693825589 0.0929344366645449 0.0509229789942712
"derMaw" 0.0884786760025461 0.0572883513685551 0.0413749204328453 0.0515595162316996 0.045830681094844 0.0515595162316996 0.0502864417568428 0 0.0821133036282623 0.0502864417568428 0.0451941438574157 0.0852959898154042 0.106301718650541 0.0744748567791216 0.0439210693825589 0.0929344366645449 0.0496499045194144
"emySub" 0.108211330362826 0.07511139401655 0.0789306174411203 0.0706556333545512 0.0789306174411203 0.0763844684914067 0.0814767663908339 0.0821133036282623 0 0.0795671546785487 0.0795671546785487 0.0439210693825589 0.105028644175684 0.0916613621896881 0.0661998726925525 0.0808402291534055 0.0700190961171229
"gopAga" 0.0903882877148313 0.0273711012094207 0.0426479949077021 0.0483768300445576 0.034373010821133 0.0299172501591343 0.0502864417568428 0.0502864417568428 0.0795671546785487 0 0.0337364735837047 0.086569064290261 0.117122851686824 0.0693825588796945 0.0318268618714195 0.0942075111394017 0.0356460852959898
"malTer" 0.0878421387651178 0.0432845321451305 0.0420114576702737 0.0471037555697008 0.00509229789942712 0.0394653087205602 0.0420114576702737 0.0451941438574157 0.0795671546785487 0.0337364735837047 0 0.0852959898154042 0.110120942075111 0.0655633354551241 0.0254614894971356 0.086569064290261 0.026098026734564
"mesTub" 0.119032463399109 0.0821133036282623 0.0846594525779758 0.0789306174411203 0.0859325270528326 0.0846594525779758 0.0872056015276894 0.0852959898154042 0.0439210693825589 0.086569064290261 0.0852959898154042 0 0.112667091024825 0.100572883513686 0.0732017823042648 0.0910248249522597 0.0782940802036919
"pelCas" 0.126034373010821 0.122851686823679 0.105665181413113 0.11839592616168 0.109484404837683 0.121578612348822 0.107574793125398 0.106301718650541 0.105028644175684 0.117122851686824 0.110120942075111 0.112667091024825 0 0.119669000636537 0.112030553787397 0.101209420751114 0.117759388924252
"pelSin" 0.0884786760025461 0.0763844684914067 0.0681094844048377 0.071928707829408 0.0661998726925525 0.0732017823042648 0.0700190961171229 0.0744748567791216 0.0916613621896881 0.0693825588796945 0.0655633354551241 0.100572883513686 0.119669000636537 0 0.0681094844048377 0.102482495225971 0.0725652450668364
"plaMeg" 0.0846594525779758 0.0292807129217059 0.0381922342457034 0.0324633991088479 0.0248249522597072 0.0280076384468491 0.0439210693825589 0.0439210693825589 0.0661998726925525 0.0318268618714195 0.0254614894971356 0.0732017823042648 0.112030553787397 0.0681094844048377 0 0.0929344366645449 0.0203691915977085
"podExp" 0.113303628262253 0.101845957988542 0.0922978994271165 0.0986632718014004 0.0884786760025461 0.0999363462762572 0.0929344366645449 0.0929344366645449 0.0808402291534055 0.0942075111394017 0.086569064290261 0.0910248249522597 0.101209420751114 0.102482495225971 0.0929344366645449 0 0.0942075111394017
"terMex" 0.0942075111394017 0.0311903246339911 0.045830681094844 0.0388287714831318 0.0254614894971356 0.0299172501591343 0.0509229789942712 0.0496499045194144 0.0700190961171229 0.0356460852959898 0.026098026734564 0.0782940802036919 0.117759388924252 0.0725652450668364 0.0203691915977085 0.0942075111394017 0
