"cheAbi" "cheMyd" "cheSer" "chrPic" "cuoAmb" "cuoMcc" "derCor" "derMaw" "emySub" "gopAga" "malTer" "mesTub" "pelCas" "pelSin" "plaMeg" "podExp" "terMex"
"cheAbi" 0 0.0423661071143086 0.039568345323741 0.0251798561151079 0.0211830535571543 0.0211830535571543 0.0443645083932854 0.0479616306954436 0.070343725019984 0.0171862509992006 0.122302158273381 0.0831334932054357 0.0983213429256595 0.105115907274181 0.0235811350919265 0.107513988808953 0.0235811350919265
"cheMyd" 0.0423661071143086 0 0.0391686650679456 0.0347721822541966 0.0347721822541966 0.0323741007194245 0.0231814548361311 0.0463629096722622 0.0707434052757794 0.0443645083932854 0.129896083133493 0.0803357314148681 0.101918465227818 0.103117505995204 0.0339728217426059 0.111910471622702 0.0327737809752198
"cheSer" 0.039568345323741 0.0391686650679456 0 0.030775379696243 0.0327737809752198 0.030775379696243 0.0407673860911271 0.0443645083932854 0.0683453237410072 0.0419664268585132 0.126298960831335 0.0779376498800959 0.0939248601119105 0.101918465227818 0.0315747402078337 0.10951239008793 0.0299760191846523
"chrPic" 0.0251798561151079 0.0347721822541966 0.030775379696243 0 0.0191846522781775 0.0167865707434053 0.035171862509992 0.0403677058353317 0.0623501199040767 0.026378896882494 0.10431654676259 0.0739408473221423 0.0907274180655476 0.0979216626698641 0.0159872102318145 0.100319744204636 0.0107913669064748
"cuoAmb" 0.0211830535571543 0.0347721822541966 0.0327737809752198 0.0191846522781775 0 0.00719424460431655 0.0363709032773781 0.0423661071143086 0.0647482014388489 0.0231814548361311 0.116706634692246 0.0755395683453237 0.092326139088729 0.0987210231814548 0.0183852917665867 0.100719424460432 0.0179856115107914
"cuoMcc" 0.0211830535571543 0.0323741007194245 0.030775379696243 0.0167865707434053 0.00719424460431655 0 0.0339728217426059 0.0399680255795364 0.0631494804156675 0.0231814548361311 0.114308553157474 0.0731414868105516 0.0915267785771383 0.0971223021582734 0.0159872102318145 0.0995203836930456 0.0155875299760192
"derCor" 0.0443645083932854 0.0231814548361311 0.0407673860911271 0.035171862509992 0.0363709032773781 0.0339728217426059 0 0.0467625899280576 0.0723421262989608 0.0443645083932854 0.131494804156675 0.0779376498800959 0.101518784972022 0.104716227018385 0.0335731414868106 0.109112709832134 0.0343725019984013
"derMaw" 0.0479616306954436 0.0463629096722622 0.0443645083932854 0.0403677058353317 0.0423661071143086 0.0399680255795364 0.0467625899280576 0 0.0755395683453237 0.0479616306954436 0.134292565947242 0.0831334932054357 0.105515587529976 0.109912070343725 0.0391686650679456 0.111510791366906 0.0387689848121503
"emySub" 0.070343725019984 0.0707434052757794 0.0683453237410072 0.0623501199040767 0.0647482014388489 0.0631494804156675 0.0723421262989608 0.0755395683453237 0 0.0715427657873701 0.151079136690647 0.0347721822541966 0.0687450039968026 0.108313349320544 0.0619504396482814 0.0855315747402078 0.0611510791366906
"gopAga" 0.0171862509992006 0.0443645083932854 0.0419664268585132 0.026378896882494 0.0231814548361311 0.0231814548361311 0.0443645083932854 0.0479616306954436 0.0715427657873701 0 0.122302158273381 0.0839328537170264 0.102717825739408 0.105515587529976 0.0255795363709033 0.108313349320544 0.0259792166266986
"malTer" 0.122302158273381 0.129896083133493 0.126298960831335 0.10431654676259 0.116706634692246 0.114308553157474 0.131494804156675 0.134292565947242 0.151079136690647 0.122302158273381 0 0.158673061550759 0.170263788968825 0.184652278177458 0.112709832134293 0.179456434852118 0.108713029576339
"mesTub" 0.0831334932054357 0.0803357314148681 0.0779376498800959 0.0739408473221423 0.0755395683453237 0.0731414868105516 0.0779376498800959 0.0831334932054357 0.0347721822541966 0.0839328537170264 0.158673061550759 0 0.0803357314148681 0.117106314948042 0.0723421262989608 0.0943245403677058 0.0711430855315747
"pelCas" 0.0983213429256595 0.101918465227818 0.0939248601119105 0.0907274180655476 0.092326139088729 0.0915267785771383 0.101518784972022 0.105515587529976 0.0687450039968026 0.102717825739408 0.170263788968825 0.0803357314148681 0 0.13709032773781 0.0911270983213429 0.0875299760191846 0.0907274180655476
"pelSin" 0.105115907274181 0.103117505995204 0.101918465227818 0.0979216626698641 0.0987210231814548 0.0971223021582734 0.104716227018385 0.109912070343725 0.108313349320544 0.105515587529976 0.184652278177458 0.117106314948042 0.13709032773781 0 0.0963229416466826 0.146682653876898 0.0963229416466826
"plaMeg" 0.0235811350919265 0.0339728217426059 0.0315747402078337 0.0159872102318145 0.0183852917665867 0.0159872102318145 0.0335731414868106 0.0391686650679456 0.0619504396482814 0.0255795363709033 0.112709832134293 0.0723421262989608 0.0911270983213429 0.0963229416466826 0 0.0987210231814548 0.0155875299760192
"podExp" 0.107513988808953 0.111910471622702 0.10951239008793 0.100319744204636 0.100719424460432 0.0995203836930456 0.109112709832134 0.111510791366906 0.0855315747402078 0.108313349320544 0.179456434852118 0.0943245403677058 0.0875299760191846 0.146682653876898 0.0987210231814548 0 0.0979216626698641
"terMex" 0.0235811350919265 0.0327737809752198 0.0299760191846523 0.0107913669064748 0.0179856115107914 0.0155875299760192 0.0343725019984013 0.0387689848121503 0.0611510791366906 0.0259792166266986 0.108713029576339 0.0711430855315747 0.0907274180655476 0.0963229416466826 0.0155875299760192 0.0979216626698641 0
