"carIns" "cheAbi" "cheMyd" "cheSer" "chrPic" "cuoAmb" "cuoMcc" "derCor" "derMaw" "emySub" "gopAga" "mesTub" "pelCas" "pelSin" "plaMeg" "podExp" "terMex"
"carIns" 0 0.0569744597249509 0.0595939751146038 0.0595939751146038 0.0510805500982318 0.0537000654878847 0.054354944335298 0.119842829076621 0.0694171578258022 0.0595939751146038 0.0576293385723641 0.0648330058939096 0.0785854616895874 0.0563195808775377 0.054354944335298 0.151931892599869 0.0563195808775377
"cheAbi" 0.0569744597249509 0 0.0288146692861821 0.0281597904387688 0.0209561231172233 0.0189914865749836 0.0183366077275704 0.0877537655533726 0.0392927308447937 0.0451866404715128 0.0150622134905043 0.0491159135559921 0.0635232481990832 0.0537000654878847 0.0196463654223969 0.132940406024885 0.0216110019646365
"cheMyd" 0.0595939751146038 0.0288146692861821 0 0.0216110019646365 0.0222658808120498 0.0242305173542895 0.0235756385068762 0.0707269155206287 0.0340537000654879 0.0451866404715128 0.0255402750491159 0.045841519318926 0.0648330058939096 0.0517354289456451 0.0209561231172233 0.130320890635232 0.0242305173542895
"cheSer" 0.0595939751146038 0.0281597904387688 0.0216110019646365 0 0.0216110019646365 0.022920759659463 0.0235756385068762 0.0844793713163065 0.0353634577603143 0.045841519318926 0.0235756385068762 0.0497707924034054 0.0681074001309758 0.054354944335298 0.0203012442698101 0.133595284872299 0.0248853962017027
"chrPic" 0.0510805500982318 0.0209561231172233 0.0222658808120498 0.0216110019646365 0 0.0124426981008513 0.0130975769482646 0.0844793713163065 0.0347085789129011 0.0399476096922069 0.0150622134905043 0.0425671250818599 0.0595939751146038 0.0491159135559921 0.0104780615586117 0.130320890635232 0.0124426981008513
"cuoAmb" 0.0537000654878847 0.0189914865749836 0.0242305173542895 0.022920759659463 0.0124426981008513 0 0.00327439423706614 0.0844793713163065 0.0366732154551408 0.0386378519973805 0.014407334643091 0.0432220039292731 0.0582842174197773 0.0510805500982318 0.0117878192534381 0.127046496398166 0.0150622134905043
"cuoMcc" 0.054354944335298 0.0183366077275704 0.0235756385068762 0.0235756385068762 0.0130975769482646 0.00327439423706614 0 0.0825147347740668 0.0360183366077276 0.0392927308447937 0.0137524557956778 0.0438768827766863 0.0589390962671906 0.0517354289456451 0.0111329404060249 0.129011132940406 0.014407334643091
"derCor" 0.119842829076621 0.0877537655533726 0.0707269155206287 0.0844793713163065 0.0844793713163065 0.0844793713163065 0.0825147347740668 0 0.0969220694171578 0.10347085789129 0.0864440078585462 0.104125736738703 0.120497707924034 0.112639161755075 0.0818598559266536 0.18467583497053 0.0838244924688933
"derMaw" 0.0694171578258022 0.0392927308447937 0.0340537000654879 0.0353634577603143 0.0347085789129011 0.0366732154551408 0.0360183366077276 0.0969220694171578 0 0.0569744597249509 0.0366732154551408 0.0576293385723641 0.0753110674525213 0.0648330058939096 0.0333988212180747 0.141453831041257 0.0353634577603143
"emySub" 0.0595939751146038 0.0451866404715128 0.0451866404715128 0.045841519318926 0.0399476096922069 0.0386378519973805 0.0392927308447937 0.10347085789129 0.0569744597249509 0 0.0445317616240995 0.0170268500327439 0.0504256712508186 0.0576293385723641 0.0392927308447937 0.120497707924034 0.0412573673870334
"gopAga" 0.0576293385723641 0.0150622134905043 0.0255402750491159 0.0235756385068762 0.0150622134905043 0.014407334643091 0.0137524557956778 0.0864440078585462 0.0366732154551408 0.0445317616240995 0 0.0484610347085789 0.0641781270464964 0.0537000654878847 0.0137524557956778 0.132285527177472 0.0170268500327439
"mesTub" 0.0648330058939096 0.0491159135559921 0.045841519318926 0.0497707924034054 0.0425671250818599 0.0432220039292731 0.0438768827766863 0.104125736738703 0.0576293385723641 0.0170268500327439 0.0484610347085789 0 0.0537000654878847 0.0609037328094303 0.0432220039292731 0.122462344466274 0.0451866404715128
"pelCas" 0.0785854616895874 0.0635232481990832 0.0648330058939096 0.0681074001309758 0.0595939751146038 0.0582842174197773 0.0589390962671906 0.120497707924034 0.0753110674525213 0.0504256712508186 0.0641781270464964 0.0537000654878847 0 0.0720366732154551 0.060248853962017 0.122462344466274 0.0635232481990832
"pelSin" 0.0563195808775377 0.0537000654878847 0.0517354289456451 0.054354944335298 0.0491159135559921 0.0510805500982318 0.0517354289456451 0.112639161755075 0.0648330058939096 0.0576293385723641 0.0537000654878847 0.0609037328094303 0.0720366732154551 0 0.0504256712508186 0.139489194499018 0.054354944335298
"plaMeg" 0.054354944335298 0.0196463654223969 0.0209561231172233 0.0203012442698101 0.0104780615586117 0.0117878192534381 0.0111329404060249 0.0818598559266536 0.0333988212180747 0.0392927308447937 0.0137524557956778 0.0432220039292731 0.060248853962017 0.0504256712508186 0 0.129011132940406 0.0124426981008513
"podExp" 0.151931892599869 0.132940406024885 0.130320890635232 0.133595284872299 0.130320890635232 0.127046496398166 0.129011132940406 0.18467583497053 0.141453831041257 0.120497707924034 0.132285527177472 0.122462344466274 0.122462344466274 0.139489194499018 0.129011132940406 0 0.133595284872299
"terMex" 0.0563195808775377 0.0216110019646365 0.0242305173542895 0.0248853962017027 0.0124426981008513 0.0150622134905043 0.014407334643091 0.0838244924688933 0.0353634577603143 0.0412573673870334 0.0170268500327439 0.0451866404715128 0.0635232481990832 0.054354944335298 0.0124426981008513 0.133595284872299 0
