"carIns" "cheAbi" "cheMyd" "cheSer" "chrPic" "cuoAmb" "cuoMcc" "derCor" "derMaw" "emySub" "gopAga" "malTer" "mesTub" "pelCas" "pelSin" "plaMeg" "podExp" "terMex"
"carIns" 0 0.0406091370558376 0.0372250423011844 0.0355329949238579 0.0363790186125212 0.0355329949238579 0.0346869712351946 0.0372250423011844 0.0431472081218274 0.0439932318104907 0.0380710659898477 0.0363790186125212 0.0549915397631134 0.0465313028764805 0.0321489001692047 0.0338409475465313 0.0516074450084602 0.0338409475465313
"cheAbi" 0.0406091370558376 0 0.0211505922165821 0.0160744500846024 0.0152284263959391 0.0135363790186125 0.0109983079526227 0.0177664974619289 0.0253807106598985 0.0321489001692047 0.0109983079526227 0.0177664974619289 0.038917089678511 0.0355329949238579 0.0380710659898477 0.0135363790186125 0.0431472081218274 0.011844331641286
"cheMyd" 0.0372250423011844 0.0211505922165821 0 0.0152284263959391 0.0186125211505922 0.0169204737732657 0.0160744500846024 0.0135363790186125 0.0245346869712352 0.0304568527918782 0.0194585448392555 0.0194585448392555 0.0372250423011844 0.0304568527918782 0.0346869712351946 0.0169204737732657 0.0414551607445008 0.0135363790186125
"cheSer" 0.0355329949238579 0.0160744500846024 0.0152284263959391 0 0.0135363790186125 0.0135363790186125 0.0126903553299492 0.0135363790186125 0.0177664974619289 0.0296108291032149 0.0143824027072758 0.0126903553299492 0.0363790186125212 0.0321489001692047 0.032994923857868 0.011844331641286 0.0380710659898477 0.0101522842639594
"chrPic" 0.0363790186125212 0.0152284263959391 0.0186125211505922 0.0135363790186125 0 0.011844331641286 0.0109983079526227 0.0169204737732657 0.0228426395939086 0.0304568527918782 0.0126903553299492 0.00423011844331641 0.0355329949238579 0.032994923857868 0.0363790186125212 0.0101522842639594 0.038917089678511 0.00676818950930626
"cuoAmb" 0.0355329949238579 0.0135363790186125 0.0169204737732657 0.0135363790186125 0.011844331641286 0 0.00253807106598985 0.0152284263959391 0.0211505922165821 0.0287648054145516 0.0109983079526227 0.0126903553299492 0.0372250423011844 0.0296108291032149 0.032994923857868 0.0101522842639594 0.0406091370558376 0.00930626057529611
"cuoMcc" 0.0346869712351946 0.0109983079526227 0.0160744500846024 0.0126903553299492 0.0109983079526227 0.00253807106598985 0 0.0143824027072758 0.0203045685279188 0.0279187817258883 0.00846023688663283 0.0135363790186125 0.0363790186125212 0.0287648054145516 0.0321489001692047 0.00761421319796954 0.0397631133671743 0.00676818950930626
"derCor" 0.0372250423011844 0.0177664974619289 0.0135363790186125 0.0135363790186125 0.0169204737732657 0.0152284263959391 0.0143824027072758 0 0.0228426395939086 0.0313028764805415 0.0160744500846024 0.0169204737732657 0.0380710659898477 0.0321489001692047 0.0363790186125212 0.0152284263959391 0.0414551607445008 0.0135363790186125
"derMaw" 0.0431472081218274 0.0253807106598985 0.0245346869712352 0.0177664974619289 0.0228426395939086 0.0211505922165821 0.0203045685279188 0.0228426395939086 0 0.0372250423011844 0.0236886632825719 0.0219966159052453 0.0439932318104907 0.0372250423011844 0.0431472081218274 0.0194585448392555 0.0406091370558376 0.0194585448392555
"emySub" 0.0439932318104907 0.0321489001692047 0.0304568527918782 0.0296108291032149 0.0304568527918782 0.0287648054145516 0.0279187817258883 0.0313028764805415 0.0372250423011844 0 0.0313028764805415 0.0313028764805415 0.0228426395939086 0.0296108291032149 0.044839255499154 0.0253807106598985 0.0372250423011844 0.027072758037225
"gopAga" 0.0380710659898477 0.0109983079526227 0.0194585448392555 0.0143824027072758 0.0126903553299492 0.0109983079526227 0.00846023688663283 0.0160744500846024 0.0236886632825719 0.0313028764805415 0 0.0152284263959391 0.0380710659898477 0.0338409475465313 0.0355329949238579 0.0109983079526227 0.0414551607445008 0.00930626057529611
"malTer" 0.0363790186125212 0.0177664974619289 0.0194585448392555 0.0126903553299492 0.00423011844331641 0.0126903553299492 0.0135363790186125 0.0169204737732657 0.0219966159052453 0.0313028764805415 0.0152284263959391 0 0.0346869712351946 0.0338409475465313 0.0355329949238579 0.0126903553299492 0.0380710659898477 0.00930626057529611
"mesTub" 0.0549915397631134 0.038917089678511 0.0372250423011844 0.0363790186125212 0.0355329949238579 0.0372250423011844 0.0363790186125212 0.0380710659898477 0.0439932318104907 0.0228426395939086 0.0380710659898477 0.0346869712351946 0 0.0372250423011844 0.0516074450084602 0.0338409475465313 0.0431472081218274 0.0321489001692047
"pelCas" 0.0465313028764805 0.0355329949238579 0.0304568527918782 0.0321489001692047 0.032994923857868 0.0296108291032149 0.0287648054145516 0.0321489001692047 0.0372250423011844 0.0296108291032149 0.0338409475465313 0.0338409475465313 0.0372250423011844 0 0.044839255499154 0.0279187817258883 0.032994923857868 0.0296108291032149
"pelSin" 0.0321489001692047 0.0380710659898477 0.0346869712351946 0.032994923857868 0.0363790186125212 0.032994923857868 0.0321489001692047 0.0363790186125212 0.0431472081218274 0.044839255499154 0.0355329949238579 0.0355329949238579 0.0516074450084602 0.044839255499154 0 0.0346869712351946 0.0532994923857868 0.032994923857868
"plaMeg" 0.0338409475465313 0.0135363790186125 0.0169204737732657 0.011844331641286 0.0101522842639594 0.0101522842639594 0.00761421319796954 0.0152284263959391 0.0194585448392555 0.0253807106598985 0.0109983079526227 0.0126903553299492 0.0338409475465313 0.0279187817258883 0.0346869712351946 0 0.038917089678511 0.00676818950930626
"podExp" 0.0516074450084602 0.0431472081218274 0.0414551607445008 0.0380710659898477 0.038917089678511 0.0406091370558376 0.0397631133671743 0.0414551607445008 0.0406091370558376 0.0372250423011844 0.0414551607445008 0.0380710659898477 0.0431472081218274 0.032994923857868 0.0532994923857868 0.038917089678511 0 0.0372250423011844
"terMex" 0.0338409475465313 0.011844331641286 0.0135363790186125 0.0101522842639594 0.00676818950930626 0.00930626057529611 0.00676818950930626 0.0135363790186125 0.0194585448392555 0.027072758037225 0.00930626057529611 0.00930626057529611 0.0321489001692047 0.0296108291032149 0.032994923857868 0.00676818950930626 0.0372250423011844 0
