"carIns" "cheAbi" "cheMyd" "cheSer" "chrPic" "cuoAmb" "cuoMcc" "derMaw" "emySub" "gopAga" "malTer" "mesTub" "pelCas" "pelSin" "plaMeg" "podExp" "terMex"
"carIns" 0 0.150858849887976 0.182225541448842 0.147871545929798 0.150112023898432 0.179985063480209 0.144137415982076 0.160567587752054 0.233756534727409 0.150858849887976 0.182225541448842 0.175504107542942 0.240477968633308 0.241971620612397 0.142643764002987 0.23898431665422 0.153846153846154
"cheAbi" 0.150858849887976 0 0.115011202389843 0.070201643017177 0.0716952949962659 0.0866318147871546 0.0477968633308439 0.115011202389843 0.190440627333831 0.0477968633308439 0.101568334578043 0.130694548170276 0.201643017176998 0.200896191187453 0.0672143390589992 0.209858103061987 0.0716952949962659
"cheMyd" 0.182225541448842 0.115011202389843 0 0.110530246452577 0.0851381628080657 0.120985810306199 0.0784167289021658 0.147124719940254 0.172516803584765 0.0843913368185213 0.117998506348021 0.136669156086632 0.185959671396565 0.174010455563854 0.0739357729648992 0.176997759522031 0.0866318147871546
"cheSer" 0.147871545929798 0.070201643017177 0.110530246452577 0 0.0709484690067214 0.11277072442121 0.0716952949962659 0.103808812546677 0.187453323375653 0.0791635548917102 0.107542942494399 0.130694548170276 0.204630321135176 0.19865571321882 0.0679611650485437 0.206123973114264 0.0731889469753547
"chrPic" 0.150112023898432 0.0716952949962659 0.0851381628080657 0.0709484690067214 0 0.0814040328603435 0.041075429424944 0.109036594473488 0.165795369678865 0.0500373412994772 0.0537714712471994 0.0955937266616878 0.175504107542942 0.177744585511576 0.0336071695294996 0.179985063480209 0.0126960418222554
"cuoAmb" 0.179985063480209 0.0866318147871546 0.120985810306199 0.11277072442121 0.0814040328603435 0 0.0522778192681105 0.14637789395071 0.173263629574309 0.0612397311426438 0.0791635548917102 0.138162808065721 0.185959671396565 0.219566840926064 0.0709484690067214 0.194921583271098 0.0828976848394324
"cuoMcc" 0.144137415982076 0.0477968633308439 0.0784167289021658 0.0716952949962659 0.041075429424944 0.0522778192681105 0 0.109036594473488 0.161314413741598 0.0179238237490665 0.0716952949962659 0.101568334578043 0.175504107542942 0.179238237490665 0.0283793876026886 0.17849141150112 0.0425690814040329
"derMaw" 0.160567587752054 0.115011202389843 0.147124719940254 0.103808812546677 0.109036594473488 0.14637789395071 0.109036594473488 0 0.215085884988798 0.112023898431665 0.144884241971621 0.160567587752054 0.222554144884242 0.21882001493652 0.105302464525765 0.221060492905153 0.110530246452577
"emySub" 0.233756534727409 0.190440627333831 0.172516803584765 0.187453323375653 0.165795369678865 0.173263629574309 0.161314413741598 0.215085884988798 0 0.162061239731143 0.173263629574309 0.13293502613891 0.186706497386109 0.244958924570575 0.159820761762509 0.184466019417476 0.169529499626587
"gopAga" 0.150858849887976 0.0477968633308439 0.0843913368185213 0.0791635548917102 0.0500373412994772 0.0612397311426438 0.0179238237490665 0.112023898431665 0.162061239731143 0 0.0784167289021658 0.10604929051531 0.177744585511576 0.186706497386109 0.0373412994772218 0.182972367438387 0.0515309932785661
"malTer" 0.182225541448842 0.101568334578043 0.117998506348021 0.107542942494399 0.0537714712471994 0.0791635548917102 0.0716952949962659 0.144884241971621 0.173263629574309 0.0784167289021658 0 0.132188200149365 0.180731889469754 0.215832710978342 0.064973861090366 0.196415235250187 0.0604929051530993
"mesTub" 0.175504107542942 0.130694548170276 0.136669156086632 0.130694548170276 0.0955937266616878 0.138162808065721 0.101568334578043 0.160567587752054 0.13293502613891 0.10604929051531 0.132188200149365 0 0.188200149365198 0.209858103061987 0.100821508588499 0.177744585511576 0.0963405526512323
"pelCas" 0.240477968633308 0.201643017176998 0.185959671396565 0.204630321135176 0.175504107542942 0.185959671396565 0.175504107542942 0.222554144884242 0.186706497386109 0.177744585511576 0.180731889469754 0.188200149365198 0 0.259148618371919 0.167289021657954 0.177744585511576 0.182225541448842
"pelSin" 0.241971620612397 0.200896191187453 0.174010455563854 0.19865571321882 0.177744585511576 0.219566840926064 0.179238237490665 0.21882001493652 0.244958924570575 0.186706497386109 0.215832710978342 0.209858103061987 0.259148618371919 0 0.181478715459298 0.239731142643764 0.177744585511576
"plaMeg" 0.142643764002987 0.0672143390589992 0.0739357729648992 0.0679611650485437 0.0336071695294996 0.0709484690067214 0.0283793876026886 0.105302464525765 0.159820761762509 0.0373412994772218 0.064973861090366 0.100821508588499 0.167289021657954 0.181478715459298 0 0.176250933532487 0.0351008215085885
"podExp" 0.23898431665422 0.209858103061987 0.176997759522031 0.206123973114264 0.179985063480209 0.194921583271098 0.17849141150112 0.221060492905153 0.184466019417476 0.182972367438387 0.196415235250187 0.177744585511576 0.177744585511576 0.239731142643764 0.176250933532487 0 0.182972367438387
"terMex" 0.153846153846154 0.0716952949962659 0.0866318147871546 0.0731889469753547 0.0126960418222554 0.0828976848394324 0.0425690814040329 0.110530246452577 0.169529499626587 0.0515309932785661 0.0604929051530993 0.0963405526512323 0.182225541448842 0.177744585511576 0.0351008215085885 0.182972367438387 0
