"cheAbi" "cheMyd" "cheSer" "chrPic" "cuoAmb" "cuoMcc" "derCor" "derMaw" "emySub" "gopAga" "malTer" "mesTub" "pelCas" "pelSin" "plaMeg" "podExp" "terMex"
"cheAbi" 0 0.0279524807826695 0.0335429769392034 0.0216631726065688 0.0202655485674354 0.0195667365478686 0.0300489168413697 0.0391334730957372 0.0489168413696716 0.0125786163522013 0.0223619846261356 0.0566037735849057 0.0559049615653389 0.090146750524109 0.0202655485674354 0.06638714185884 0.0202655485674354
"cheMyd" 0.0279524807826695 0 0.0188679245283019 0.0181691125087351 0.0209643605870021 0.0188679245283019 0.00838574423480084 0.0251572327044025 0.0349406009783368 0.0258560447239693 0.0181691125087351 0.0419287211740042 0.0447239692522711 0.0803633822501747 0.0167714884696017 0.0580013976240391 0.0167714884696017
"cheSer" 0.0335429769392034 0.0188679245283019 0 0.0216631726065688 0.0223619846261356 0.0223619846261356 0.0216631726065688 0.0202655485674354 0.037037037037037 0.0307477288609364 0.0230607966457023 0.0440251572327044 0.0496156533892383 0.079664570230608 0.0216631726065688 0.0614954577218728 0.0202655485674354
"chrPic" 0.0216631726065688 0.0181691125087351 0.0216631726065688 0 0.013277428371768 0.0111809923130678 0.0209643605870021 0.0286512928022362 0.039832285115304 0.0188679245283019 0.00279524807826695 0.0461215932914046 0.0496156533892383 0.0803633822501747 0.0111809923130678 0.0614954577218728 0.00279524807826695
"cuoAmb" 0.0202655485674354 0.0209643605870021 0.0223619846261356 0.013277428371768 0 0.00209643605870021 0.0223619846261356 0.0279524807826695 0.0391334730957372 0.0160726764500349 0.0146750524109015 0.0468204053109713 0.050314465408805 0.0803633822501747 0.010482180293501 0.0580013976240391 0.010482180293501
"cuoMcc" 0.0195667365478686 0.0188679245283019 0.0223619846261356 0.0111809923130678 0.00209643605870021 0 0.0202655485674354 0.0279524807826695 0.039832285115304 0.0153738644304682 0.0125786163522013 0.0461215932914046 0.0482180293501048 0.0810621942697414 0.00978336827393431 0.0573025856044724 0.00838574423480084
"derCor" 0.0300489168413697 0.00838574423480084 0.0216631726065688 0.0209643605870021 0.0223619846261356 0.0202655485674354 0 0.0279524807826695 0.0377358490566038 0.0258560447239693 0.0209643605870021 0.0447239692522711 0.0461215932914046 0.0817610062893082 0.0195667365478686 0.0593990216631726 0.0195667365478686
"derMaw" 0.0391334730957372 0.0251572327044025 0.0202655485674354 0.0286512928022362 0.0279524807826695 0.0279524807826695 0.0279524807826695 0 0.0440251572327044 0.0349406009783368 0.0300489168413697 0.0468204053109713 0.0552061495457722 0.0831586303284416 0.0272536687631027 0.0642907058001398 0.0272536687631027
"emySub" 0.0489168413696716 0.0349406009783368 0.037037037037037 0.039832285115304 0.0391334730957372 0.039832285115304 0.0377358490566038 0.0440251572327044 0 0.0440251572327044 0.0384346610761705 0.0146750524109015 0.0293501048218029 0.0845562543675751 0.0391334730957372 0.0461215932914046 0.0391334730957372
"gopAga" 0.0125786163522013 0.0258560447239693 0.0307477288609364 0.0188679245283019 0.0160726764500349 0.0153738644304682 0.0258560447239693 0.0349406009783368 0.0440251572327044 0 0.0195667365478686 0.0517120894479385 0.053109713487072 0.0859538784067086 0.0160726764500349 0.0649895178197065 0.0174703004891684
"malTer" 0.0223619846261356 0.0181691125087351 0.0230607966457023 0.00279524807826695 0.0146750524109015 0.0125786163522013 0.0209643605870021 0.0300489168413697 0.0384346610761705 0.0195667365478686 0 0.0447239692522711 0.0496156533892383 0.0831586303284416 0.0125786163522013 0.0614954577218728 0.00419287211740042
"mesTub" 0.0566037735849057 0.0419287211740042 0.0440251572327044 0.0461215932914046 0.0468204053109713 0.0461215932914046 0.0447239692522711 0.0468204053109713 0.0146750524109015 0.0517120894479385 0.0447239692522711 0 0.0363382250174703 0.0908455625436757 0.0468204053109713 0.0454227812718379 0.0454227812718379
"pelCas" 0.0559049615653389 0.0447239692522711 0.0496156533892383 0.0496156533892383 0.050314465408805 0.0482180293501048 0.0461215932914046 0.0552061495457722 0.0293501048218029 0.053109713487072 0.0496156533892383 0.0363382250174703 0 0.0950384346610762 0.0475192173305381 0.0377358490566038 0.0475192173305381
"pelSin" 0.090146750524109 0.0803633822501747 0.079664570230608 0.0803633822501747 0.0803633822501747 0.0810621942697414 0.0817610062893082 0.0831586303284416 0.0845562543675751 0.0859538784067086 0.0831586303284416 0.0908455625436757 0.0950384346610762 0 0.0789657582110412 0.10482180293501 0.0810621942697414
"plaMeg" 0.0202655485674354 0.0167714884696017 0.0216631726065688 0.0111809923130678 0.010482180293501 0.00978336827393431 0.0195667365478686 0.0272536687631027 0.0391334730957372 0.0160726764500349 0.0125786163522013 0.0468204053109713 0.0475192173305381 0.0789657582110412 0 0.0621942697414396 0.00978336827393431
"podExp" 0.06638714185884 0.0580013976240391 0.0614954577218728 0.0614954577218728 0.0580013976240391 0.0573025856044724 0.0593990216631726 0.0642907058001398 0.0461215932914046 0.0649895178197065 0.0614954577218728 0.0454227812718379 0.0377358490566038 0.10482180293501 0.0621942697414396 0 0.0607966457023061
"terMex" 0.0202655485674354 0.0167714884696017 0.0202655485674354 0.00279524807826695 0.010482180293501 0.00838574423480084 0.0195667365478686 0.0272536687631027 0.0391334730957372 0.0174703004891684 0.00419287211740042 0.0454227812718379 0.0475192173305381 0.0810621942697414 0.00978336827393431 0.0607966457023061 0
