"carIns" "cheAbi" "cheMyd" "cheSer" "chrPic" "cuoAmb" "cuoMcc" "derCor" "derMaw" "emySub" "gopAga" "malTer" "mesTub" "pelCas" "pelSin" "plaMeg" "podExp" "terMex"
"carIns" 0 0.0841726618705036 0.081294964028777 0.079136690647482 0.0996402877697842 0.0827338129496403 0.0802158273381295 0.0856115107913669 0.0899280575539568 0.0892086330935252 0.0996402877697842 0.0848920863309353 0.107553956834532 0.104676258992806 0.104676258992806 0.0823741007194245 0.125179856115108 0.0841726618705036
"cheAbi" 0.0841726618705036 0 0.0435251798561151 0.0370503597122302 0.0471223021582734 0.0212230215827338 0.0172661870503597 0.0446043165467626 0.0514388489208633 0.0589928057553957 0.0370503597122302 0.0320143884892086 0.0751798561151079 0.070863309352518 0.0848920863309353 0.0262589928057554 0.10431654676259 0.0298561151079137
"cheMyd" 0.081294964028777 0.0435251798561151 0 0.0287769784172662 0.0553956834532374 0.0402877697841727 0.0370503597122302 0.018705035971223 0.0474820143884892 0.0586330935251799 0.0579136690647482 0.0410071942446043 0.0762589928057554 0.0719424460431655 0.0863309352517986 0.0359712230215827 0.102877697841727 0.0377697841726619
"cheSer" 0.079136690647482 0.0370503597122302 0.0287769784172662 0 0.05 0.0345323741007194 0.031294964028777 0.0287769784172662 0.0410071942446043 0.0525179856115108 0.0539568345323741 0.0338129496402878 0.0690647482014388 0.0683453237410072 0.0820143884892086 0.0280575539568345 0.0992805755395683 0.0327338129496403
"chrPic" 0.0996402877697842 0.0471223021582734 0.0553956834532374 0.05 0 0.0438848920863309 0.0402877697841727 0.0535971223021583 0.0672661870503597 0.0712230215827338 0.0636690647482014 0.0244604316546763 0.0888489208633094 0.0856115107913669 0.0971223021582734 0.0323741007194245 0.117625899280576 0.0287769784172662
"cuoAmb" 0.0827338129496403 0.0212230215827338 0.0402877697841727 0.0345323741007194 0.0438848920863309 0 0.0079136690647482 0.0410071942446043 0.0507194244604317 0.0557553956834532 0.0330935251798561 0.0284172661870504 0.0737410071942446 0.0669064748201439 0.083453237410072 0.0241007194244604 0.102877697841727 0.0262589928057554
"cuoMcc" 0.0802158273381295 0.0172661870503597 0.0370503597122302 0.031294964028777 0.0402877697841727 0.0079136690647482 0 0.0384892086330935 0.0474820143884892 0.0525179856115108 0.0345323741007194 0.0248201438848921 0.0712230215827338 0.0647482014388489 0.0805755395683453 0.0205035971223022 0.0992805755395683 0.0226618705035971
"derCor" 0.0856115107913669 0.0446043165467626 0.018705035971223 0.0287769784172662 0.0535971223021583 0.0410071942446043 0.0384892086330935 0 0.0471223021582734 0.0611510791366906 0.0593525179856115 0.0399280575539568 0.0758992805755396 0.0751798561151079 0.087410071942446 0.0341726618705036 0.105035971223022 0.0370503597122302
"derMaw" 0.0899280575539568 0.0514388489208633 0.0474820143884892 0.0410071942446043 0.0672661870503597 0.0507194244604317 0.0474820143884892 0.0471223021582734 0 0.0676258992805755 0.0690647482014388 0.0492805755395683 0.0830935251798561 0.0809352517985611 0.0924460431654676 0.0474820143884892 0.110071942446043 0.0485611510791367
"emySub" 0.0892086330935252 0.0589928057553957 0.0586330935251799 0.0525179856115108 0.0712230215827338 0.0557553956834532 0.0525179856115108 0.0611510791366906 0.0676258992805755 0 0.0766187050359712 0.0568345323741007 0.0471223021582734 0.0553956834532374 0.0920863309352518 0.0528776978417266 0.0838129496402878 0.0543165467625899
"gopAga" 0.0996402877697842 0.0370503597122302 0.0579136690647482 0.0539568345323741 0.0636690647482014 0.0330935251798561 0.0345323741007194 0.0593525179856115 0.0690647482014388 0.0766187050359712 0 0.0471223021582734 0.0935251798561151 0.0870503597122302 0.101438848920863 0.0431654676258993 0.11978417266187 0.0460431654676259
"malTer" 0.0848920863309353 0.0320143884892086 0.0410071942446043 0.0338129496402878 0.0244604316546763 0.0284172661870504 0.0248201438848921 0.0399280575539568 0.0492805755395683 0.0568345323741007 0.0471223021582734 0 0.0748201438848921 0.0705035971223022 0.0827338129496403 0.0172661870503597 0.102517985611511 0.0122302158273381
"mesTub" 0.107553956834532 0.0751798561151079 0.0762589928057554 0.0690647482014388 0.0888489208633094 0.0737410071942446 0.0712230215827338 0.0758992805755396 0.0830935251798561 0.0471223021582734 0.0935251798561151 0.0748201438848921 0 0.0723021582733813 0.100719424460432 0.0701438848920863 0.0982014388489209 0.073021582733813
"pelCas" 0.104676258992806 0.070863309352518 0.0719424460431655 0.0683453237410072 0.0856115107913669 0.0669064748201439 0.0647482014388489 0.0751798561151079 0.0809352517985611 0.0553956834532374 0.0870503597122302 0.0705035971223022 0.0723021582733813 0 0.102517985611511 0.0672661870503597 0.0780575539568345 0.068705035971223
"pelSin" 0.104676258992806 0.0848920863309353 0.0863309352517986 0.0820143884892086 0.0971223021582734 0.083453237410072 0.0805755395683453 0.087410071942446 0.0924460431654676 0.0920863309352518 0.101438848920863 0.0827338129496403 0.100719424460432 0.102517985611511 0 0.0802158273381295 0.12158273381295 0.0805755395683453
"plaMeg" 0.0823741007194245 0.0262589928057554 0.0359712230215827 0.0280575539568345 0.0323741007194245 0.0241007194244604 0.0205035971223022 0.0341726618705036 0.0474820143884892 0.0528776978417266 0.0431654676258993 0.0172661870503597 0.0701438848920863 0.0672661870503597 0.0802158273381295 0 0.100359712230216 0.0158273381294964
"podExp" 0.125179856115108 0.10431654676259 0.102877697841727 0.0992805755395683 0.117625899280576 0.102877697841727 0.0992805755395683 0.105035971223022 0.110071942446043 0.0838129496402878 0.11978417266187 0.102517985611511 0.0982014388489209 0.0780575539568345 0.12158273381295 0.100359712230216 0 0.102158273381295
"terMex" 0.0841726618705036 0.0298561151079137 0.0377697841726619 0.0327338129496403 0.0287769784172662 0.0262589928057554 0.0226618705035971 0.0370503597122302 0.0485611510791367 0.0543165467625899 0.0460431654676259 0.0122302158273381 0.073021582733813 0.068705035971223 0.0805755395683453 0.0158273381294964 0.102158273381295 0
