"carIns" "cheAbi" "cheMyd" "cheSer" "chrPic" "cuoAmb" "cuoMcc" "derCor" "derMaw" "emySub" "gopAga" "malTer" "mesTub" "pelCas" "pelSin" "plaMeg" "podExp" "terMex"
"carIns" 0 0.104451038575668 0.0949554896142433 0.0925816023738872 0.0925816023738872 0.11513353115727 0.0913946587537092 0.0943620178041543 0.100890207715134 0.103857566765579 0.0985163204747774 0.0985163204747774 0.140059347181009 0.11513353115727 0.0967359050445104 0.0902077151335312 0.124629080118694 0.0931750741839763
"cheAbi" 0.104451038575668 0 0.0433234421364985 0.0421364985163205 0.0326409495548961 0.0540059347181009 0.0302670623145401 0.0433234421364985 0.0540059347181009 0.0818991097922849 0.0225519287833828 0.0403560830860534 0.125816023738872 0.0884272997032641 0.0836795252225519 0.027299703264095 0.0973293768545994 0.0332344213649852
"cheMyd" 0.0949554896142433 0.0433234421364985 0 0.0314540059347181 0.0344213649851632 0.0605341246290801 0.0362017804154303 0.0219584569732938 0.0474777448071217 0.0706231454005935 0.0397626112759644 0.0403560830860534 0.115727002967359 0.0807121661721068 0.0747774480712166 0.029080118694362 0.0925816023738872 0.0373887240356083
"cheSer" 0.0925816023738872 0.0421364985163205 0.0314540059347181 0 0.0308605341246291 0.057566765578635 0.0332344213649852 0.0314540059347181 0.0391691394658754 0.0670623145400593 0.0379821958456973 0.0385756676557863 0.110385756676558 0.0777448071216617 0.0688427299703264 0.027299703264095 0.0890207715133531 0.0344213649851632
"chrPic" 0.0925816023738872 0.0326409495548961 0.0344213649851632 0.0308605341246291 0 0.0504451038575668 0.0255192878338279 0.0350148367952522 0.0456973293768546 0.0688427299703264 0.029673590504451 0.0154302670623145 0.110979228486647 0.0813056379821959 0.0741839762611276 0.0183976261127596 0.0896142433234421 0.0160237388724036
"cuoAmb" 0.11513353115727 0.0540059347181009 0.0605341246290801 0.057566765578635 0.0504451038575668 0 0.0326409495548961 0.0605341246290801 0.0682492581602374 0.0919881305637982 0.0504451038575668 0.057566765578635 0.137091988130564 0.105637982195846 0.0955489614243323 0.0445103857566766 0.115727002967359 0.0528189910979228
"cuoMcc" 0.0913946587537092 0.0302670623145401 0.0362017804154303 0.0332344213649852 0.0255192878338279 0.0326409495548961 0 0.0350148367952522 0.0445103857566766 0.0676557863501484 0.0267062314540059 0.0326409495548961 0.113353115727003 0.0801186943620178 0.0735905044510386 0.0201780415430267 0.0908011869436202 0.027893175074184
"derCor" 0.0943620178041543 0.0433234421364985 0.0219584569732938 0.0314540059347181 0.0350148367952522 0.0605341246290801 0.0350148367952522 0 0.0468842729970326 0.0688427299703264 0.0391691394658754 0.0421364985163205 0.112166172106825 0.0783382789317507 0.0700296735905045 0.028486646884273 0.0919881305637982 0.0367952522255193
"derMaw" 0.100890207715134 0.0540059347181009 0.0474777448071217 0.0391691394658754 0.0456973293768546 0.0682492581602374 0.0445103857566766 0.0468842729970326 0 0.0765578635014837 0.0510385756676558 0.0516320474777448 0.117507418397626 0.0890207715133531 0.0783382789317507 0.0427299703264095 0.0985163204747774 0.0468842729970326
"emySub" 0.103857566765579 0.0818991097922849 0.0706231454005935 0.0670623145400593 0.0688427299703264 0.0919881305637982 0.0676557863501484 0.0688427299703264 0.0765578635014837 0 0.0765578635014837 0.0747774480712166 0.0807121661721068 0.0688427299703264 0.084272997032641 0.0646884272997033 0.0771513353115727 0.0688427299703264
"gopAga" 0.0985163204747774 0.0225519287833828 0.0397626112759644 0.0379821958456973 0.029673590504451 0.0504451038575668 0.0267062314540059 0.0391691394658754 0.0510385756676558 0.0765578635014837 0 0.0367952522255193 0.122255192878338 0.08486646884273 0.0807121661721068 0.0237388724035608 0.0961424332344214 0.0314540059347181
"malTer" 0.0985163204747774 0.0403560830860534 0.0403560830860534 0.0385756676557863 0.0154302670623145 0.057566765578635 0.0326409495548961 0.0421364985163205 0.0516320474777448 0.0747774480712166 0.0367952522255193 0 0.116913946587537 0.0872403560830861 0.0801186943620178 0.0249258160237389 0.0943620178041543 0.0243323442136499
"mesTub" 0.140059347181009 0.125816023738872 0.115727002967359 0.110385756676558 0.110979228486647 0.137091988130564 0.113353115727003 0.112166172106825 0.117507418397626 0.0807121661721068 0.122255192878338 0.116913946587537 0 0.112166172106825 0.126409495548961 0.110979228486647 0.119881305637982 0.111572700296736
"pelCas" 0.11513353115727 0.0884272997032641 0.0807121661721068 0.0777448071216617 0.0813056379821959 0.105637982195846 0.0801186943620178 0.0783382789317507 0.0890207715133531 0.0688427299703264 0.08486646884273 0.0872403560830861 0.112166172106825 0 0.0937685459940653 0.0789317507418398 0.0682492581602374 0.0801186943620178
"pelSin" 0.0967359050445104 0.0836795252225519 0.0747774480712166 0.0688427299703264 0.0741839762611276 0.0955489614243323 0.0735905044510386 0.0700296735905045 0.0783382789317507 0.084272997032641 0.0807121661721068 0.0801186943620178 0.126409495548961 0.0937685459940653 0 0.0688427299703264 0.106231454005935 0.0718100890207715
"plaMeg" 0.0902077151335312 0.027299703264095 0.029080118694362 0.027299703264095 0.0183976261127596 0.0445103857566766 0.0201780415430267 0.028486646884273 0.0427299703264095 0.0646884272997033 0.0237388724035608 0.0249258160237389 0.110979228486647 0.0789317507418398 0.0688427299703264 0 0.0872403560830861 0.0189910979228487
"podExp" 0.124629080118694 0.0973293768545994 0.0925816023738872 0.0890207715133531 0.0896142433234421 0.115727002967359 0.0908011869436202 0.0919881305637982 0.0985163204747774 0.0771513353115727 0.0961424332344214 0.0943620178041543 0.119881305637982 0.0682492581602374 0.106231454005935 0.0872403560830861 0 0.0896142433234421
"terMex" 0.0931750741839763 0.0332344213649852 0.0373887240356083 0.0344213649851632 0.0160237388724036 0.0528189910979228 0.027893175074184 0.0367952522255193 0.0468842729970326 0.0688427299703264 0.0314540059347181 0.0243323442136499 0.111572700296736 0.0801186943620178 0.0718100890207715 0.0189910979228487 0.0896142433234421 0
