"carIns" "cheAbi" "cheMyd" "cheSer" "chrPic" "cuoAmb" "cuoMcc" "derCor" "derMaw" "emySub" "gopAga" "malTer" "mesTub" "pelCas" "pelSin" "plaMeg" "podExp" "terMex"
"carIns" 0 0.0870229007633588 0.0793893129770992 0.0819338422391857 0.0819338422391857 0.0849872773536896 0.0834605597964377 0.0788804071246819 0.0900763358778626 0.0910941475826972 0.094147582697201 0.0819338422391857 0.0936386768447837 0.10941475826972 0.105343511450382 0.0778625954198473 0.110432569974555 0.16030534351145
"cheAbi" 0.0870229007633588 0 0.0351145038167939 0.0325699745547074 0.0249363867684478 0.0234096692111959 0.021882951653944 0.0351145038167939 0.0447837150127226 0.0595419847328244 0.0305343511450382 0.0249363867684478 0.0620865139949109 0.0809160305343511 0.0910941475826972 0.0213740458015267 0.0860050890585242 0.118575063613232
"cheMyd" 0.0793893129770992 0.0351145038167939 0 0.0279898218829517 0.0264631043256997 0.0320610687022901 0.0315521628498728 0.0198473282442748 0.0402035623409669 0.050381679389313 0.043765903307888 0.0254452926208651 0.0519083969465649 0.0712468193384224 0.0819338422391857 0.0229007633587786 0.0763358778625954 0.11704834605598
"cheSer" 0.0819338422391857 0.0325699745547074 0.0279898218829517 0 0.0249363867684478 0.0320610687022901 0.0305343511450382 0.0325699745547074 0.038676844783715 0.0539440203562341 0.0442748091603053 0.0259541984732824 0.0564885496183206 0.0753180661577608 0.083969465648855 0.0229007633587786 0.0793893129770992 0.121119592875318
"chrPic" 0.0819338422391857 0.0249363867684478 0.0264631043256997 0.0249363867684478 0 0.0223918575063613 0.0208651399491094 0.0320610687022901 0.0366412213740458 0.0508905852417303 0.0366412213740458 0.00407124681933842 0.0549618320610687 0.0732824427480916 0.0829516539440204 0.0132315521628499 0.0778625954198473 0.104834605597964
"cuoAmb" 0.0849872773536896 0.0234096692111959 0.0320610687022901 0.0320610687022901 0.0223918575063613 0 0.00356234096692112 0.0361323155216285 0.0412213740458015 0.0585241730279898 0.0361323155216285 0.0229007633587786 0.060559796437659 0.0753180661577608 0.0905852417302799 0.0203562340966921 0.0819338422391857 0.11501272264631
"cuoMcc" 0.0834605597964377 0.021882951653944 0.0315521628498728 0.0305343511450382 0.0208651399491094 0.00356234096692112 0 0.0346055979643766 0.0407124681933842 0.0569974554707379 0.0346055979643766 0.0213740458015267 0.0590330788804071 0.0753180661577608 0.089058524173028 0.0188295165394402 0.0798982188295165 0.116030534351145
"derCor" 0.0788804071246819 0.0351145038167939 0.0198473282442748 0.0325699745547074 0.0320610687022901 0.0361323155216285 0.0346055979643766 0 0.0458015267175573 0.0513994910941476 0.0468193384223919 0.0320610687022901 0.0534351145038168 0.072264631043257 0.0875318066157761 0.0290076335877863 0.0798982188295165 0.124173027989822
"derMaw" 0.0900763358778626 0.0447837150127226 0.0402035623409669 0.038676844783715 0.0366412213740458 0.0412213740458015 0.0407124681933842 0.0458015267175573 0 0.0641221374045802 0.0539440203562341 0.0366412213740458 0.0641221374045802 0.0819338422391857 0.0900763358778626 0.0351145038167939 0.0910941475826972 0.125190839694656
"emySub" 0.0910941475826972 0.0595419847328244 0.050381679389313 0.0539440203562341 0.0508905852417303 0.0585241730279898 0.0569974554707379 0.0513994910941476 0.0641221374045802 0 0.0676844783715013 0.0519083969465649 0.0249363867684478 0.0564885496183206 0.0936386768447837 0.0519083969465649 0.0666666666666667 0.139949109414758
"gopAga" 0.094147582697201 0.0305343511450382 0.043765903307888 0.0442748091603053 0.0366412213740458 0.0361323155216285 0.0346055979643766 0.0468193384223919 0.0539440203562341 0.0676844783715013 0 0.0356234096692112 0.0707379134860051 0.0895674300254453 0.0982188295165394 0.0340966921119593 0.0951653944020356 0.121119592875318
"malTer" 0.0819338422391857 0.0249363867684478 0.0254452926208651 0.0259541984732824 0.00407124681933842 0.0229007633587786 0.0213740458015267 0.0320610687022901 0.0366412213740458 0.0519083969465649 0.0356234096692112 0 0.0549618320610687 0.0737913486005089 0.0829516539440204 0.0132315521628499 0.0768447837150127 0.105343511450382
"mesTub" 0.0936386768447837 0.0620865139949109 0.0519083969465649 0.0564885496183206 0.0549618320610687 0.060559796437659 0.0590330788804071 0.0534351145038168 0.0641221374045802 0.0249363867684478 0.0707379134860051 0.0549618320610687 0 0.0575063613231552 0.0936386768447837 0.0534351145038168 0.067175572519084 0.138931297709924
"pelCas" 0.10941475826972 0.0809160305343511 0.0712468193384224 0.0753180661577608 0.0732824427480916 0.0753180661577608 0.0753180661577608 0.072264631043257 0.0819338422391857 0.0564885496183206 0.0895674300254453 0.0737913486005089 0.0575063613231552 0 0.111450381679389 0.072264631043257 0.0610687022900763 0.158269720101781
"pelSin" 0.105343511450382 0.0910941475826972 0.0819338422391857 0.083969465648855 0.0829516539440204 0.0905852417302799 0.089058524173028 0.0875318066157761 0.0900763358778626 0.0936386768447837 0.0982188295165394 0.0829516539440204 0.0936386768447837 0.111450381679389 0 0.0814249363867685 0.109923664122137 0.168447837150127
"plaMeg" 0.0778625954198473 0.0213740458015267 0.0229007633587786 0.0229007633587786 0.0132315521628499 0.0203562340966921 0.0188295165394402 0.0290076335877863 0.0351145038167939 0.0519083969465649 0.0340966921119593 0.0132315521628499 0.0534351145038168 0.072264631043257 0.0814249363867685 0 0.0763358778625954 0.107379134860051
"podExp" 0.110432569974555 0.0860050890585242 0.0763358778625954 0.0793893129770992 0.0778625954198473 0.0819338422391857 0.0798982188295165 0.0798982188295165 0.0910941475826972 0.0666666666666667 0.0951653944020356 0.0768447837150127 0.067175572519084 0.0610687022900763 0.109923664122137 0.0763358778625954 0 0.161832061068702
"terMex" 0.16030534351145 0.118575063613232 0.11704834605598 0.121119592875318 0.104834605597964 0.11501272264631 0.116030534351145 0.124173027989822 0.125190839694656 0.139949109414758 0.121119592875318 0.105343511450382 0.138931297709924 0.158269720101781 0.168447837150127 0.107379134860051 0.161832061068702 0
