"carIns" "cheAbi" "cheMyd" "cheSer" "chrPic" "cuoAmb" "cuoMcc" "derCor" "derMaw" "emySub" "gopAga" "malTer" "mesTub" "pelCas" "pelSin" "plaMeg" "podExp" "terMex"
"carIns" 0 0.134385461501674 0.146819703491153 0.155906264945002 0.131037780966045 0.139167862266858 0.133428981348637 0.14442850310856 0.142037302725968 0.144906743185079 0.133907221425155 0.176948828311813 0.151602104256337 0.163079866092779 0.259684361549498 0.131516021042563 0.163079866092779 0.131516021042563
"cheAbi" 0.134385461501674 0 0.0459110473457676 0.0478240076518412 0.0176948828311813 0.0248684839789574 0.0129124820659971 0.0746054519368723 0.0396939263510282 0.0549976087996174 0.0124342419894787 0.128168340506934 0.0593017694882831 0.0712577714012434 0.242945958871353 0.0239120038259206 0.078909612625538 0.0181731229076997
"cheMyd" 0.146819703491153 0.0459110473457676 0 0.0602582496413199 0.040650406504065 0.0521281683405069 0.0420851267336203 0.0769966523194644 0.054519368723099 0.0674318507890961 0.0459110473457676 0.145384983261597 0.0736489717838355 0.087039693926351 0.257771401243424 0.0425633668101387 0.0865614538498326 0.040650406504065
"cheSer" 0.155906264945002 0.0478240076518412 0.0602582496413199 0 0.0416068866571019 0.054519368723099 0.0439980870396939 0.0884744141559063 0.0554758488761358 0.070779531324725 0.0473457675753228 0.15351506456241 0.078909612625538 0.0879961740793879 0.247250119560019 0.0435198469631755 0.092778574844572 0.0416068866571019
"chrPic" 0.131037780966045 0.0176948828311813 0.040650406504065 0.0416068866571019 0 0.0277379244380679 0.0157819225251076 0.068388330942133 0.032520325203252 0.0468675274988044 0.0176948828311813 0.114777618364419 0.0535628885700622 0.0650406504065041 0.239598278335725 0.0148254423720708 0.0726924916307987 0.00669536107125777
"cuoAmb" 0.139167862266858 0.0248684839789574 0.0521281683405069 0.054519368723099 0.0277379244380679 0 0.0167384026781444 0.0798660927785748 0.0497369679579149 0.0602582496413199 0.0224772835963654 0.131037780966045 0.0650406504065041 0.0769966523194644 0.236250597800096 0.0320420851267336 0.0875179340028694 0.0286944045911047
"cuoMcc" 0.133428981348637 0.0129124820659971 0.0420851267336203 0.0439980870396939 0.0157819225251076 0.0167384026781444 0 0.0726924916307987 0.0387374461979914 0.0502152080344333 0.0119560019129603 0.126733620277379 0.0564323290291726 0.0693448110951698 0.240554758488761 0.0191296030607365 0.0746054519368723 0.0157819225251076
"derCor" 0.14442850310856 0.0746054519368723 0.0769966523194644 0.0884744141559063 0.068388330942133 0.0798660927785748 0.0726924916307987 0 0.0779531324725012 0.0894308943089431 0.0741272118603539 0.13868962219034 0.0970827355332377 0.10856049736968 0.258249641319943 0.0703012912482066 0.114777618364419 0.068388330942133
"derMaw" 0.142037302725968 0.0396939263510282 0.054519368723099 0.0554758488761358 0.032520325203252 0.0497369679579149 0.0387374461979914 0.0779531324725012 0 0.062649450023912 0.0392156862745098 0.136298421807747 0.0712577714012434 0.0822572931611669 0.249163079866093 0.0363462458153993 0.0879961740793879 0.0306073648971784
"emySub" 0.144906743185079 0.0549976087996174 0.0674318507890961 0.070779531324725 0.0468675274988044 0.0602582496413199 0.0502152080344333 0.0894308943089431 0.062649450023912 0 0.0540411286465806 0.152080344332855 0.0339550454328073 0.0573888091822095 0.247728359636538 0.0521281683405069 0.0669536107125777 0.048780487804878
"gopAga" 0.133907221425155 0.0124342419894787 0.0459110473457676 0.0473457675753228 0.0176948828311813 0.0224772835963654 0.0119560019129603 0.0741272118603539 0.0392156862745098 0.0540411286465806 0 0.128168340506934 0.0597800095648015 0.0712577714012434 0.239598278335725 0.0229555236728838 0.0774748923959828 0.0181731229076997
"malTer" 0.176948828311813 0.128168340506934 0.145384983261597 0.15351506456241 0.114777618364419 0.131037780966045 0.126733620277379 0.13868962219034 0.136298421807747 0.152080344332855 0.128168340506934 0 0.158297465327594 0.166427546628407 0.256814921090387 0.124820659971306 0.175035868005739 0.118603538976566
"mesTub" 0.151602104256337 0.0593017694882831 0.0736489717838355 0.078909612625538 0.0535628885700622 0.0650406504065041 0.0564323290291726 0.0970827355332377 0.0712577714012434 0.0339550454328073 0.0597800095648015 0.158297465327594 0 0.0664753706360593 0.247250119560019 0.0559540889526542 0.0698230511716882 0.054519368723099
"pelCas" 0.163079866092779 0.0712577714012434 0.087039693926351 0.0879961740793879 0.0650406504065041 0.0769966523194644 0.0693448110951698 0.10856049736968 0.0822572931611669 0.0573888091822095 0.0712577714012434 0.166427546628407 0.0664753706360593 0 0.259684361549498 0.070779531324725 0.0631276901004304 0.0650406504065041
"pelSin" 0.259684361549498 0.242945958871353 0.257771401243424 0.247250119560019 0.239598278335725 0.236250597800096 0.240554758488761 0.258249641319943 0.249163079866093 0.247728359636538 0.239598278335725 0.256814921090387 0.247250119560019 0.259684361549498 0 0.245337159253945 0.264466762314682 0.241511238641798
"plaMeg" 0.131516021042563 0.0239120038259206 0.0425633668101387 0.0435198469631755 0.0148254423720708 0.0320420851267336 0.0191296030607365 0.0703012912482066 0.0363462458153993 0.0521281683405069 0.0229555236728838 0.124820659971306 0.0559540889526542 0.070779531324725 0.245337159253945 0 0.076518412242946 0.013868962219034
"podExp" 0.163079866092779 0.078909612625538 0.0865614538498326 0.092778574844572 0.0726924916307987 0.0875179340028694 0.0746054519368723 0.114777618364419 0.0879961740793879 0.0669536107125777 0.0774748923959828 0.175035868005739 0.0698230511716882 0.0631276901004304 0.264466762314682 0.076518412242946 0 0.0722142515542803
"terMex" 0.131516021042563 0.0181731229076997 0.040650406504065 0.0416068866571019 0.00669536107125777 0.0286944045911047 0.0157819225251076 0.068388330942133 0.0306073648971784 0.048780487804878 0.0181731229076997 0.118603538976566 0.054519368723099 0.0650406504065041 0.241511238641798 0.013868962219034 0.0722142515542803 0
