"carIns" "cheAbi" "cheSer" "chrPic" "derCor" "derMaw" "emySub" "gopAga" "malTer" "mesTub" "pelCas" "plaMeg" "podExp" "terMex"
"carIns" 0 0.110897435897436 0.0916666666666667 0.101282051282051 0.101282051282051 0.103205128205128 0.103846153846154 0.107692307692308 0.103846153846154 0.110897435897436 0.117948717948718 0.0935897435897436 0.133974358974359 0.0974358974358974
"cheAbi" 0.110897435897436 0 0.058974358974359 0.0487179487179487 0.0564102564102564 0.0685897435897436 0.0852564102564103 0.0301282051282051 0.0493589743589744 0.0878205128205128 0.0961538461538462 0.0467948717948718 0.11025641025641 0.0442307692307692
"cheSer" 0.0916666666666667 0.058974358974359 0 0.0487179487179487 0.0474358974358974 0.05 0.0698717948717949 0.0512820512820513 0.0506410256410256 0.0705128205128205 0.0833333333333333 0.0391025641025641 0.0987179487179487 0.0448717948717949
"chrPic" 0.101282051282051 0.0487179487179487 0.0487179487179487 0 0.0442307692307692 0.0576923076923077 0.0756410256410256 0.0448717948717949 0.0108974358974359 0.075 0.0891025641025641 0.0326923076923077 0.106410256410256 0.0211538461538462
"derCor" 0.101282051282051 0.0564102564102564 0.0474358974358974 0.0442307692307692 0 0.0532051282051282 0.0762820512820513 0.0474358974358974 0.0461538461538462 0.0762820512820513 0.083974358974359 0.0403846153846154 0.108333333333333 0.0403846153846154
"derMaw" 0.103205128205128 0.0685897435897436 0.05 0.0576923076923077 0.0532051282051282 0 0.0769230769230769 0.0634615384615385 0.0583333333333333 0.0801282051282051 0.0916666666666667 0.0493589743589744 0.107692307692308 0.0538461538461538
"emySub" 0.103846153846154 0.0852564102564103 0.0698717948717949 0.0756410256410256 0.0762820512820513 0.0769230769230769 0 0.0769230769230769 0.0756410256410256 0.057051282051282 0.0878205128205128 0.0698717948717949 0.103846153846154 0.0705128205128205
"gopAga" 0.107692307692308 0.0301282051282051 0.0512820512820513 0.0448717948717949 0.0474358974358974 0.0634615384615385 0.0769230769230769 0 0.0461538461538462 0.082051282051282 0.0916666666666667 0.042948717948718 0.104487179487179 0.0391025641025641
"malTer" 0.103846153846154 0.0493589743589744 0.0506410256410256 0.0108974358974359 0.0461538461538462 0.0583333333333333 0.0756410256410256 0.0461538461538462 0 0.075 0.0884615384615385 0.0333333333333333 0.107051282051282 0.0205128205128205
"mesTub" 0.110897435897436 0.0878205128205128 0.0705128205128205 0.075 0.0762820512820513 0.0801282051282051 0.057051282051282 0.082051282051282 0.075 0 0.0788461538461538 0.0705128205128205 0.0942307692307692 0.0724358974358974
"pelCas" 0.117948717948718 0.0961538461538462 0.0833333333333333 0.0891025641025641 0.083974358974359 0.0916666666666667 0.0878205128205128 0.0916666666666667 0.0884615384615385 0.0788461538461538 0 0.0826923076923077 0.0621794871794872 0.0846153846153846
"plaMeg" 0.0935897435897436 0.0467948717948718 0.0391025641025641 0.0326923076923077 0.0403846153846154 0.0493589743589744 0.0698717948717949 0.042948717948718 0.0333333333333333 0.0705128205128205 0.0826923076923077 0 0.101923076923077 0.0294871794871795
"podExp" 0.133974358974359 0.11025641025641 0.0987179487179487 0.106410256410256 0.108333333333333 0.107692307692308 0.103846153846154 0.104487179487179 0.107051282051282 0.0942307692307692 0.0621794871794872 0.101923076923077 0 0.104487179487179
"terMex" 0.0974358974358974 0.0442307692307692 0.0448717948717949 0.0211538461538462 0.0403846153846154 0.0538461538461538 0.0705128205128205 0.0391025641025641 0.0205128205128205 0.0724358974358974 0.0846153846153846 0.0294871794871795 0.104487179487179 0
