"carIns" "cheAbi" "cheMyd" "cheSer" "chrPic" "cuoAmb" "cuoMcc" "derMaw" "emySub" "gopAga" "malTer" "mesTub" "pelCas" "pelSin" "plaMeg" "podExp" "terMex"
"carIns" 0 0.0484581497797357 0.0493392070484582 0.0449339207048458 0.0466960352422907 0.0458149779735683 0.0484581497797357 0.0511013215859031 0.0493392070484582 0.0484581497797357 0.0475770925110132 0.0563876651982379 0.0687224669603524 0.100440528634361 0.0449339207048458 0.06784140969163 0.0449339207048458
"cheAbi" 0.0484581497797357 0 0.0211453744493392 0.0185022026431718 0.0193832599118943 0.0114537444933921 0.0140969162995595 0.0229074889867841 0.0299559471365639 0.0167400881057269 0.0176211453744493 0.0405286343612335 0.0651982378854626 0.0933920704845815 0.0185022026431718 0.0502202643171806 0.0158590308370044
"cheMyd" 0.0493392070484582 0.0211453744493392 0 0.0140969162995595 0.0193832599118943 0.0167400881057269 0.0193832599118943 0.0202643171806167 0.0229074889867841 0.0220264317180617 0.0176211453744493 0.0334801762114537 0.0563876651982379 0.0889867841409692 0.0167400881057269 0.0502202643171806 0.0158590308370044
"cheSer" 0.0449339207048458 0.0185022026431718 0.0140969162995595 0 0.0140969162995595 0.0140969162995595 0.0167400881057269 0.0167400881057269 0.0211453744493392 0.0176211453744493 0.0123348017621145 0.0334801762114537 0.054625550660793 0.0889867841409692 0.0123348017621145 0.0484581497797357 0.00969162995594714
"chrPic" 0.0466960352422907 0.0193832599118943 0.0193832599118943 0.0140969162995595 0 0.0176211453744493 0.0202643171806167 0.0220264317180617 0.0273127753303965 0.0176211453744493 0.00352422907488987 0.039647577092511 0.0616740088105727 0.0907488986784141 0.0158590308370044 0.052863436123348 0.00969162995594714
"cuoAmb" 0.0458149779735683 0.0114537444933921 0.0167400881057269 0.0140969162995595 0.0176211453744493 0 0.0026431718061674 0.0202643171806167 0.0237885462555066 0.0140969162995595 0.0158590308370044 0.0343612334801762 0.0599118942731277 0.0916299559471366 0.0140969162995595 0.0484581497797357 0.0114537444933921
"cuoMcc" 0.0484581497797357 0.0140969162995595 0.0193832599118943 0.0167400881057269 0.0202643171806167 0.0026431718061674 0 0.0229074889867841 0.026431718061674 0.0167400881057269 0.0185022026431718 0.0370044052863436 0.0625550660792952 0.094273127753304 0.0167400881057269 0.0511013215859031 0.0140969162995595
"derMaw" 0.0511013215859031 0.0229074889867841 0.0202643171806167 0.0167400881057269 0.0220264317180617 0.0202643171806167 0.0229074889867841 0 0.0299559471365639 0.0220264317180617 0.0202643171806167 0.0405286343612335 0.0643171806167401 0.0960352422907489 0.0185022026431718 0.054625550660793 0.0176211453744493
"emySub" 0.0493392070484582 0.0299559471365639 0.0229074889867841 0.0211453744493392 0.0273127753303965 0.0237885462555066 0.026431718061674 0.0299559471365639 0 0.0290748898678414 0.0237885462555066 0.0176211453744493 0.0519823788546256 0.0907488986784141 0.0237885462555066 0.0405286343612335 0.0229074889867841
"gopAga" 0.0484581497797357 0.0167400881057269 0.0220264317180617 0.0176211453744493 0.0176211453744493 0.0140969162995595 0.0167400881057269 0.0220264317180617 0.0290748898678414 0 0.0158590308370044 0.041409691629956 0.0643171806167401 0.0907488986784141 0.0158590308370044 0.0511013215859031 0.0149779735682819
"malTer" 0.0475770925110132 0.0176211453744493 0.0176211453744493 0.0123348017621145 0.00352422907488987 0.0158590308370044 0.0185022026431718 0.0202643171806167 0.0237885462555066 0.0158590308370044 0 0.0361233480176211 0.0590308370044053 0.0889867841409692 0.0140969162995595 0.0511013215859031 0.0079295154185022
"mesTub" 0.0563876651982379 0.0405286343612335 0.0334801762114537 0.0334801762114537 0.039647577092511 0.0343612334801762 0.0370044052863436 0.0405286343612335 0.0176211453744493 0.041409691629956 0.0361233480176211 0 0.0625550660792952 0.105726872246696 0.0361233480176211 0.0493392070484582 0.0352422907488987
"pelCas" 0.0687224669603524 0.0651982378854626 0.0563876651982379 0.054625550660793 0.0616740088105727 0.0599118942731277 0.0625550660792952 0.0643171806167401 0.0519823788546256 0.0643171806167401 0.0590308370044053 0.0625550660792952 0 0.117180616740088 0.054625550660793 0.0555066079295154 0.0572687224669604
"pelSin" 0.100440528634361 0.0933920704845815 0.0889867841409692 0.0889867841409692 0.0907488986784141 0.0916299559471366 0.094273127753304 0.0960352422907489 0.0907488986784141 0.0907488986784141 0.0889867841409692 0.105726872246696 0.117180616740088 0 0.0907488986784141 0.107488986784141 0.0863436123348018
"plaMeg" 0.0449339207048458 0.0185022026431718 0.0167400881057269 0.0123348017621145 0.0158590308370044 0.0140969162995595 0.0167400881057269 0.0185022026431718 0.0237885462555066 0.0158590308370044 0.0140969162995595 0.0361233480176211 0.054625550660793 0.0907488986784141 0 0.0458149779735683 0.0114537444933921
"podExp" 0.06784140969163 0.0502202643171806 0.0502202643171806 0.0484581497797357 0.052863436123348 0.0484581497797357 0.0511013215859031 0.054625550660793 0.0405286343612335 0.0511013215859031 0.0511013215859031 0.0493392070484582 0.0555066079295154 0.107488986784141 0.0458149779735683 0 0.0493392070484582
"terMex" 0.0449339207048458 0.0158590308370044 0.0158590308370044 0.00969162995594714 0.00969162995594714 0.0114537444933921 0.0140969162995595 0.0176211453744493 0.0229074889867841 0.0149779735682819 0.0079295154185022 0.0352422907488987 0.0572687224669604 0.0863436123348018 0.0114537444933921 0.0493392070484582 0
