"carIns" "cheAbi" "cheMyd" "cheSer" "chrPic" "cuoAmb" "cuoMcc" "derMaw" "emySub" "mesTub" "pelCas" "pelSin" "plaMeg" "podExp" "terMex"
"carIns" 0 0.0995670995670996 0.0952380952380952 0.0858585858585859 0.0974025974025974 0.119047619047619 0.0995670995670996 0.0988455988455988 0.101010101010101 0.1002886002886 0.116883116883117 0.0974025974025974 0.0887445887445888 0.11976911976912 0.266955266955267
"cheAbi" 0.0995670995670996 0 0.0425685425685426 0.044011544011544 0.0432900432900433 0.051948051948052 0.031024531024531 0.0577200577200577 0.0613275613275613 0.0642135642135642 0.0844155844155844 0.0772005772005772 0.031024531024531 0.0836940836940837 0.225829725829726
"cheMyd" 0.0952380952380952 0.0425685425685426 0 0.0360750360750361 0.0432900432900433 0.056998556998557 0.044011544011544 0.0483405483405483 0.056998556998557 0.0606060606060606 0.075036075036075 0.0735930735930736 0.0317460317460317 0.0772005772005772 0.222943722943723
"cheSer" 0.0858585858585859 0.044011544011544 0.0360750360750361 0 0.0360750360750361 0.0598845598845599 0.0411255411255411 0.0396825396825397 0.0526695526695527 0.0555555555555556 0.0714285714285714 0.0678210678210678 0.0295815295815296 0.0728715728715729 0.222943722943723
"chrPic" 0.0974025974025974 0.0432900432900433 0.0432900432900433 0.0360750360750361 0 0.0613275613275613 0.0425685425685426 0.0454545454545455 0.0584415584415584 0.062049062049062 0.0786435786435786 0.0707070707070707 0.0288600288600289 0.0757575757575758 0.211399711399711
"cuoAmb" 0.119047619047619 0.051948051948052 0.056998556998557 0.0598845598845599 0.0613275613275613 0 0.0303030303030303 0.0735930735930736 0.0822510822510823 0.0836940836940837 0.1002886002886 0.0945165945165945 0.0476190476190476 0.1002886002886 0.224386724386724
"cuoMcc" 0.0995670995670996 0.031024531024531 0.044011544011544 0.0411255411255411 0.0425685425685426 0.0303030303030303 0 0.0533910533910534 0.0591630591630592 0.0627705627705628 0.0822510822510823 0.0743145743145743 0.031024531024531 0.0822510822510823 0.225108225108225
"derMaw" 0.0988455988455988 0.0577200577200577 0.0483405483405483 0.0396825396825397 0.0454545454545455 0.0735930735930736 0.0533910533910534 0 0.0634920634920635 0.0642135642135642 0.0815295815295815 0.075036075036075 0.0404040404040404 0.082972582972583 0.235930735930736
"emySub" 0.101010101010101 0.0613275613275613 0.056998556998557 0.0526695526695527 0.0584415584415584 0.0822510822510823 0.0591630591630592 0.0634920634920635 0 0.031024531024531 0.0634920634920635 0.0779220779220779 0.0497835497835498 0.0663780663780664 0.235209235209235
"mesTub" 0.1002886002886 0.0642135642135642 0.0606060606060606 0.0555555555555556 0.062049062049062 0.0836940836940837 0.0627705627705628 0.0642135642135642 0.031024531024531 0 0.0642135642135642 0.082972582972583 0.0526695526695527 0.0685425685425685 0.238816738816739
"pelCas" 0.116883116883117 0.0844155844155844 0.075036075036075 0.0714285714285714 0.0786435786435786 0.1002886002886 0.0822510822510823 0.0815295815295815 0.0634920634920635 0.0642135642135642 0 0.095959595959596 0.0714285714285714 0.0598845598845599 0.256132756132756
"pelSin" 0.0974025974025974 0.0772005772005772 0.0735930735930736 0.0678210678210678 0.0707070707070707 0.0945165945165945 0.0743145743145743 0.075036075036075 0.0779220779220779 0.082972582972583 0.095959595959596 0 0.0649350649350649 0.0974025974025974 0.251803751803752
"plaMeg" 0.0887445887445888 0.031024531024531 0.0317460317460317 0.0295815295815296 0.0288600288600289 0.0476190476190476 0.031024531024531 0.0404040404040404 0.0497835497835498 0.0526695526695527 0.0714285714285714 0.0649350649350649 0 0.0685425685425685 0.214285714285714
"podExp" 0.11976911976912 0.0836940836940837 0.0772005772005772 0.0728715728715729 0.0757575757575758 0.1002886002886 0.0822510822510823 0.082972582972583 0.0663780663780664 0.0685425685425685 0.0598845598845599 0.0974025974025974 0.0685425685425685 0 0.251082251082251
"terMex" 0.266955266955267 0.225829725829726 0.222943722943723 0.222943722943723 0.211399711399711 0.224386724386724 0.225108225108225 0.235930735930736 0.235209235209235 0.238816738816739 0.256132756132756 0.251803751803752 0.214285714285714 0.251082251082251 0
