"carIns" "cheAbi" "cheMyd" "cheSer" "chrPic" "cuoAmb" "cuoMcc" "derCor" "derMaw" "emySub" "gopAga" "malTer" "mesTub" "pelCas" "pelSin" "plaMeg" "podExp" "terMex"
"carIns" 0 0.0352831940575673 0.0334261838440111 0.0269266480965645 0.0352831940575673 0.031569173630455 0.0844939647168059 0.0389972144846797 0.0343546889507892 0.0343546889507892 0.0352831940575673 0.0844939647168059 0.0334261838440111 0.0445682451253482 0.0687093779015785 0.0306406685236769 0.042711234911792 0.0547818012999072
"cheAbi" 0.0352831940575673 0 0.0194986072423398 0.0167130919220056 0.0148560817084494 0.0129990714948932 0.0659238625812442 0.0269266480965645 0.0185701021355617 0.0287836583101207 0.0129990714948932 0.0696378830083565 0.0297121634168988 0.0362116991643454 0.0659238625812442 0.0120705663881151 0.0324976787372331 0.0362116991643454
"cheMyd" 0.0334261838440111 0.0194986072423398 0 0.0120705663881151 0.0194986072423398 0.0176415970287837 0.0687093779015785 0.0129990714948932 0.0139275766016713 0.0241411327762303 0.0194986072423398 0.0724233983286908 0.0250696378830084 0.0352831940575673 0.0649953574744661 0.0148560817084494 0.0352831940575673 0.0389972144846797
"cheSer" 0.0269266480965645 0.0167130919220056 0.0120705663881151 0 0.0148560817084494 0.011142061281337 0.0631383472609099 0.0176415970287837 0.00928505106778087 0.0194986072423398 0.0148560817084494 0.0668523676880223 0.0204271123491179 0.0287836583101207 0.0594243268337976 0.010213556174559 0.0306406685236769 0.0343546889507892
"chrPic" 0.0352831940575673 0.0148560817084494 0.0194986072423398 0.0148560817084494 0 0.011142061281337 0.064066852367688 0.0287836583101207 0.0167130919220056 0.0232126276694522 0.0148560817084494 0.0547818012999072 0.0241411327762303 0.0306406685236769 0.0677808727948004 0.00649953574744661 0.031569173630455 0.0269266480965645
"cuoAmb" 0.031569173630455 0.0129990714948932 0.0176415970287837 0.011142061281337 0.011142061281337 0 0.0547818012999072 0.0269266480965645 0.0129990714948932 0.0250696378830084 0.011142061281337 0.064066852367688 0.0259981429897864 0.0324976787372331 0.064066852367688 0.00464252553389044 0.0343546889507892 0.0287836583101207
"cuoMcc" 0.0844939647168059 0.0659238625812442 0.0687093779015785 0.0631383472609099 0.064066852367688 0.0547818012999072 0 0.0752089136490251 0.0649953574744661 0.0770659238625813 0.064066852367688 0.0817084493964717 0.0779944289693593 0.0835654596100279 0.114206128133705 0.0575673166202414 0.085422469823584 0.0817084493964717
"derCor" 0.0389972144846797 0.0269266480965645 0.0129990714948932 0.0176415970287837 0.0287836583101207 0.0269266480965645 0.0752089136490251 0 0.0250696378830084 0.0297121634168988 0.0287836583101207 0.0789229340761374 0.0306406685236769 0.0408542246982358 0.0705663881151346 0.0241411327762303 0.0408542246982358 0.0482822655524605
"derMaw" 0.0343546889507892 0.0185701021355617 0.0139275766016713 0.00928505106778087 0.0167130919220056 0.0129990714948932 0.0649953574744661 0.0250696378830084 0 0.0250696378830084 0.0167130919220056 0.0687093779015785 0.0259981429897864 0.0343546889507892 0.064066852367688 0.0120705663881151 0.0343546889507892 0.0362116991643454
"emySub" 0.0343546889507892 0.0287836583101207 0.0241411327762303 0.0194986072423398 0.0232126276694522 0.0250696378830084 0.0770659238625813 0.0297121634168988 0.0250696378830084 0 0.0269266480965645 0.0752089136490251 0.00278551532033426 0.0194986072423398 0.0649953574744661 0.0222841225626741 0.0241411327762303 0.042711234911792
"gopAga" 0.0352831940575673 0.0129990714948932 0.0194986072423398 0.0148560817084494 0.0148560817084494 0.011142061281337 0.064066852367688 0.0287836583101207 0.0167130919220056 0.0269266480965645 0 0.0687093779015785 0.0278551532033426 0.0343546889507892 0.0659238625812442 0.010213556174559 0.0362116991643454 0.0343546889507892
"malTer" 0.0844939647168059 0.0696378830083565 0.0724233983286908 0.0668523676880223 0.0547818012999072 0.064066852367688 0.0817084493964717 0.0789229340761374 0.0687093779015785 0.0752089136490251 0.0687093779015785 0 0.0761374187558032 0.0807799442896936 0.118848653667595 0.0594243268337976 0.0835654596100279 0.0798514391829155
"mesTub" 0.0334261838440111 0.0297121634168988 0.0250696378830084 0.0204271123491179 0.0241411327762303 0.0259981429897864 0.0779944289693593 0.0306406685236769 0.0259981429897864 0.00278551532033426 0.0278551532033426 0.0761374187558032 0 0.0204271123491179 0.0659238625812442 0.0232126276694522 0.0250696378830084 0.0436397400185701
"pelCas" 0.0445682451253482 0.0362116991643454 0.0352831940575673 0.0287836583101207 0.0306406685236769 0.0324976787372331 0.0835654596100279 0.0408542246982358 0.0343546889507892 0.0194986072423398 0.0343546889507892 0.0807799442896936 0.0204271123491179 0 0.0752089136490251 0.0297121634168988 0.0222841225626741 0.0492107706592386
"pelSin" 0.0687093779015785 0.0659238625812442 0.0649953574744661 0.0594243268337976 0.0677808727948004 0.064066852367688 0.114206128133705 0.0705663881151346 0.064066852367688 0.0649953574744661 0.0659238625812442 0.118848653667595 0.0659238625812442 0.0752089136490251 0 0.0631383472609099 0.0724233983286908 0.085422469823584
"plaMeg" 0.0306406685236769 0.0120705663881151 0.0148560817084494 0.010213556174559 0.00649953574744661 0.00464252553389044 0.0575673166202414 0.0241411327762303 0.0120705663881151 0.0222841225626741 0.010213556174559 0.0594243268337976 0.0232126276694522 0.0297121634168988 0.0631383472609099 0 0.031569173630455 0.0241411327762303
"podExp" 0.042711234911792 0.0324976787372331 0.0352831940575673 0.0306406685236769 0.031569173630455 0.0343546889507892 0.085422469823584 0.0408542246982358 0.0343546889507892 0.0241411327762303 0.0362116991643454 0.0835654596100279 0.0250696378830084 0.0222841225626741 0.0724233983286908 0.031569173630455 0 0.0510677808727948
"terMex" 0.0547818012999072 0.0362116991643454 0.0389972144846797 0.0343546889507892 0.0269266480965645 0.0287836583101207 0.0817084493964717 0.0482822655524605 0.0362116991643454 0.042711234911792 0.0343546889507892 0.0798514391829155 0.0436397400185701 0.0492107706592386 0.085422469823584 0.0241411327762303 0.0510677808727948 0
