"cheAbi" "cheMyd" "cheSer" "chrPic" "cuoAmb" "derCor" "derMaw" "emySub" "gopAga" "malTer" "mesTub" "pelSin" "plaMeg" "podExp" "terMex"
"cheAbi" 0 0.0252343186733958 0.0223503965392934 0.0252343186733958 0.0432588320115357 0.0317231434751262 0.030281182408075 0.0915645277577505 0.0447007930785869 0.0252343186733958 0.0519105984138428 0.0504686373467916 0.0201874549387167 0.0706560922855083 0.0526315789473684
"cheMyd" 0.0252343186733958 0 0.0201874549387167 0.0245133381398702 0.053352559480894 0.0122566690699351 0.0245133381398702 0.0886806056236482 0.0540735400144196 0.0237923576063446 0.0461427541456381 0.0425378514780101 0.0209084354722422 0.0670511896178803 0.0483056957462148
"cheSer" 0.0223503965392934 0.0201874549387167 0 0.0223503965392934 0.049747656813266 0.026676279740447 0.0295602018745494 0.087238644556597 0.0519105984138428 0.023071377072819 0.0475847152126893 0.0439798125450613 0.0187454938716655 0.0677721701514059 0.0504686373467916
"chrPic" 0.0252343186733958 0.0245133381398702 0.0223503965392934 0 0.049747656813266 0.0317231434751262 0.0317231434751262 0.0908435472242249 0.053352559480894 0.00648882480173035 0.0511896178803172 0.0475847152126893 0.0187454938716655 0.0713770728190339 0.0425378514780101
"cuoAmb" 0.0432588320115357 0.053352559480894 0.049747656813266 0.049747656813266 0 0.0598413842826244 0.0540735400144196 0.0966113914924297 0.0483056957462148 0.0490266762797404 0.076423936553713 0.0771449170872386 0.0468637346791637 0.0944484498918529 0.0519105984138428
"derCor" 0.0317231434751262 0.0122566690699351 0.026676279740447 0.0317231434751262 0.0598413842826244 0 0.0324441240086518 0.0944484498918529 0.06056236481615 0.0310021629416006 0.0519105984138428 0.0475847152126893 0.0259552992069214 0.0728190338860851 0.0540735400144196
"derMaw" 0.030281182408075 0.0245133381398702 0.0295602018745494 0.0317231434751262 0.0540735400144196 0.0324441240086518 0 0.0908435472242249 0.0555155010814708 0.0310021629416006 0.0468637346791637 0.0526315789473684 0.0259552992069214 0.0699351117519827 0.0555155010814708
"emySub" 0.0915645277577505 0.0886806056236482 0.087238644556597 0.0908435472242249 0.0966113914924297 0.0944484498918529 0.0908435472242249 0 0.0966113914924297 0.0894015861571738 0.06056236481615 0.0980533525594809 0.0886806056236482 0.0922855082912761 0.0886806056236482
"gopAga" 0.0447007930785869 0.0540735400144196 0.0519105984138428 0.053352559480894 0.0483056957462148 0.06056236481615 0.0555155010814708 0.0966113914924297 0 0.0519105984138428 0.0814708002883922 0.0785868781542898 0.0504686373467916 0.101658255227109 0.0555155010814708
"malTer" 0.0252343186733958 0.0237923576063446 0.023071377072819 0.00648882480173035 0.0490266762797404 0.0310021629416006 0.0310021629416006 0.0894015861571738 0.0519105984138428 0 0.0504686373467916 0.0483056957462148 0.0180245133381399 0.0677721701514059 0.0410958904109589
"mesTub" 0.0519105984138428 0.0461427541456381 0.0475847152126893 0.0511896178803172 0.076423936553713 0.0519105984138428 0.0468637346791637 0.06056236481615 0.0814708002883922 0.0504686373467916 0 0.0591204037490988 0.0468637346791637 0.0519105984138428 0.0771449170872386
"pelSin" 0.0504686373467916 0.0425378514780101 0.0439798125450613 0.0475847152126893 0.0771449170872386 0.0475847152126893 0.0526315789473684 0.0980533525594809 0.0785868781542898 0.0483056957462148 0.0591204037490988 0 0.0461427541456381 0.0692141312184571 0.0757029560201875
"plaMeg" 0.0201874549387167 0.0209084354722422 0.0187454938716655 0.0187454938716655 0.0468637346791637 0.0259552992069214 0.0259552992069214 0.0886806056236482 0.0504686373467916 0.0180245133381399 0.0468637346791637 0.0461427541456381 0 0.0699351117519827 0.0454217736121125
"podExp" 0.0706560922855083 0.0670511896178803 0.0677721701514059 0.0713770728190339 0.0944484498918529 0.0728190338860851 0.0699351117519827 0.0922855082912761 0.101658255227109 0.0677721701514059 0.0519105984138428 0.0692141312184571 0.0699351117519827 0 0.0980533525594809
"terMex" 0.0526315789473684 0.0483056957462148 0.0504686373467916 0.0425378514780101 0.0519105984138428 0.0540735400144196 0.0555155010814708 0.0886806056236482 0.0555155010814708 0.0410958904109589 0.0771449170872386 0.0757029560201875 0.0454217736121125 0.0980533525594809 0
