"carIns" "cheAbi" "cheMyd" "cheSer" "chrPic" "cuoAmb" "cuoMcc" "derCor" "derMaw" "emySub" "gopAga" "malTer" "mesTub" "pelCas" "plaMeg" "podExp"
"carIns" 0 0.129398410896708 0.245743473325766 0.1316685584563 0.126560726447219 0.143586833144154 0.1316685584563 0.177639046538025 0.142451759364359 0.171963677639047 0.132236095346198 0.14472190692395 0.18161180476731 0.162883087400681 0.144154370034052 0.185584562996595
"cheAbi" 0.129398410896708 0 0.190692395005675 0.0720771850170261 0.0539160045402951 0.0584562996594779 0.047105561861521 0.111804767309875 0.0908059023836549 0.125425652667423 0.0340522133938706 0.0766174801362089 0.135641316685585 0.122587968217934 0.076049943246311 0.146992054483541
"cheMyd" 0.245743473325766 0.190692395005675 0 0.185017026106697 0.191827468785471 0.208853575482406 0.201475595913734 0.183314415437003 0.216799091940976 0.257094211123723 0.194097616345062 0.195800227014756 0.229284903518729 0.237797956867196 0.203745743473326 0.261634506242906
"cheSer" 0.1316685584563 0.0720771850170261 0.185017026106697 0 0.0675368898978434 0.0839954597048808 0.0749148694665153 0.107264472190692 0.0851305334846765 0.135073779795687 0.0709421112372304 0.0692395005675369 0.132803632236095 0.126560726447219 0.0817253121452894 0.150964812712826
"chrPic" 0.126560726447219 0.0539160045402951 0.191827468785471 0.0675368898978434 0 0.068671963677639 0.0556186152099886 0.110102156640182 0.08683314415437 0.115209988649262 0.0567536889897843 0.0368898978433598 0.132803632236095 0.11577752553916 0.0635641316685585 0.142451759364359
"cuoAmb" 0.143586833144154 0.0584562996594779 0.208853575482406 0.0839954597048808 0.068671963677639 0 0.0488081725312145 0.127128263337117 0.0981838819523269 0.141316685584563 0.0607264472190692 0.0862656072644722 0.152099886492622 0.139614074914869 0.0902383654937571 0.163450624290579
"cuoMcc" 0.1316685584563 0.047105561861521 0.201475595913734 0.0749148694665153 0.0556186152099886 0.0488081725312145 0 0.116345062429058 0.0908059023836549 0.120317820658343 0.0510783200908059 0.0754824063564132 0.142451759364359 0.128263337116913 0.0703745743473326 0.141316685584563
"derCor" 0.177639046538025 0.111804767309875 0.183314415437003 0.107264472190692 0.110102156640182 0.127128263337117 0.116345062429058 0 0.13677639046538 0.174233825198638 0.115209988649262 0.122020431328036 0.175368898978434 0.161748013620885 0.125993189557321 0.181044267877412
"derMaw" 0.142451759364359 0.0908059023836549 0.216799091940976 0.0851305334846765 0.08683314415437 0.0981838819523269 0.0908059023836549 0.13677639046538 0 0.145856980703746 0.0891032917139614 0.10272417707151 0.15266742338252 0.127695800227015 0.10783200908059 0.158342792281498
"emySub" 0.171963677639047 0.125425652667423 0.257094211123723 0.135073779795687 0.115209988649262 0.141316685584563 0.120317820658343 0.174233825198638 0.145856980703746 0 0.124290578887628 0.139046538024972 0.116912599318956 0.128263337116913 0.128263337116913 0.142451759364359
"gopAga" 0.132236095346198 0.0340522133938706 0.194097616345062 0.0709421112372304 0.0567536889897843 0.0607264472190692 0.0510783200908059 0.115209988649262 0.0891032917139614 0.124290578887628 0 0.072644721906924 0.130533484676504 0.122020431328036 0.0794551645856981 0.145289443813848
"malTer" 0.14472190692395 0.0766174801362089 0.195800227014756 0.0692395005675369 0.0368898978433598 0.0862656072644722 0.0754824063564132 0.122020431328036 0.10272417707151 0.139046538024972 0.072644721906924 0 0.135641316685585 0.129398410896708 0.0646992054483541 0.159477866061294
"mesTub" 0.18161180476731 0.135641316685585 0.229284903518729 0.132803632236095 0.132803632236095 0.152099886492622 0.142451759364359 0.175368898978434 0.15266742338252 0.116912599318956 0.130533484676504 0.135641316685585 0 0.130533484676504 0.149829738933031 0.154370034052213
"pelCas" 0.162883087400681 0.122587968217934 0.237797956867196 0.126560726447219 0.11577752553916 0.139614074914869 0.128263337116913 0.161748013620885 0.127695800227015 0.128263337116913 0.122020431328036 0.129398410896708 0.130533484676504 0 0.137911464245176 0.105561861520999
"plaMeg" 0.144154370034052 0.076049943246311 0.203745743473326 0.0817253121452894 0.0635641316685585 0.0902383654937571 0.0703745743473326 0.125993189557321 0.10783200908059 0.128263337116913 0.0794551645856981 0.0646992054483541 0.149829738933031 0.137911464245176 0 0.153802497162316
"podExp" 0.185584562996595 0.146992054483541 0.261634506242906 0.150964812712826 0.142451759364359 0.163450624290579 0.141316685584563 0.181044267877412 0.158342792281498 0.142451759364359 0.145289443813848 0.159477866061294 0.154370034052213 0.105561861520999 0.153802497162316 0
