"carIns" "cheAbi" "cheMyd" "cheSer" "chrPic" "cuoAmb" "cuoMcc" "derMaw" "emySub" "gopAga" "malTer" "mesTub" "pelCas" "pelSin" "plaMeg" "podExp" "terMex"
"carIns" 0 0.0655339805825243 0.0833333333333333 0.0752427184466019 0.0614886731391586 0.0711974110032362 0.0703883495145631 0.0622977346278317 0.0760517799352751 0.0711974110032362 0.0647249190938511 0.081715210355987 0.0825242718446602 0.0598705501618123 0.0687702265372168 0.0914239482200647 0.06957928802589
"cheAbi" 0.0655339805825243 0 0.0453074433656958 0.0453074433656958 0.0194174757281553 0.0275080906148867 0.0258899676375405 0.0380258899676375 0.0614886731391586 0.0113268608414239 0.0186084142394822 0.0647249190938511 0.0598705501618123 0.0614886731391586 0.0258899676375405 0.0744336569579288 0.0266990291262136
"cheMyd" 0.0833333333333333 0.0453074433656958 0 0.0542071197411003 0.0372168284789644 0.0461165048543689 0.0444983818770227 0.0461165048543689 0.0671521035598705 0.0453074433656958 0.0372168284789644 0.0687702265372168 0.0720064724919094 0.0671521035598705 0.0388349514563107 0.0849514563106796 0.0412621359223301
"cheSer" 0.0752427184466019 0.0453074433656958 0.0542071197411003 0 0.034789644012945 0.0364077669902913 0.040453074433657 0.0444983818770227 0.0598705501618123 0.0453074433656958 0.0380258899676375 0.0679611650485437 0.06957928802589 0.0655339805825243 0.0355987055016181 0.0825242718446602 0.0372168284789644
"chrPic" 0.0614886731391586 0.0194174757281553 0.0372168284789644 0.034789644012945 0 0.0202265372168285 0.0186084142394822 0.0266990291262136 0.0501618122977346 0.0210355987055016 0.00323624595469256 0.0566343042071197 0.0542071197411003 0.0550161812297735 0.0129449838187702 0.0687702265372168 0.0121359223300971
"cuoAmb" 0.0711974110032362 0.0275080906148867 0.0461165048543689 0.0364077669902913 0.0202265372168285 0 0.0129449838187702 0.0372168284789644 0.0558252427184466 0.0275080906148867 0.0218446601941748 0.063915857605178 0.0647249190938511 0.0574433656957929 0.0226537216828479 0.0703883495145631 0.0242718446601942
"cuoMcc" 0.0703883495145631 0.0258899676375405 0.0444983818770227 0.040453074433657 0.0186084142394822 0.0129449838187702 0 0.0339805825242718 0.0533980582524272 0.0258899676375405 0.0202265372168285 0.0590614886731392 0.063915857605178 0.0590614886731392 0.0194174757281553 0.0711974110032362 0.0218446601941748
"derMaw" 0.0622977346278317 0.0380258899676375 0.0461165048543689 0.0444983818770227 0.0266990291262136 0.0372168284789644 0.0339805825242718 0 0.0533980582524272 0.0380258899676375 0.0299352750809061 0.0574433656957929 0.0614886731391586 0.058252427184466 0.0331715210355987 0.0744336569579288 0.0339805825242718
"emySub" 0.0760517799352751 0.0614886731391586 0.0671521035598705 0.0598705501618123 0.0501618122977346 0.0558252427184466 0.0533980582524272 0.0533980582524272 0 0.0631067961165049 0.0517799352750809 0.0372168284789644 0.0558252427184466 0.0663430420711974 0.0566343042071197 0.0606796116504854 0.0550161812297735
"gopAga" 0.0711974110032362 0.0113268608414239 0.0453074433656958 0.0453074433656958 0.0210355987055016 0.0275080906148867 0.0258899676375405 0.0380258899676375 0.0631067961165049 0 0.0202265372168285 0.0647249190938511 0.058252427184466 0.0614886731391586 0.0258899676375405 0.0728155339805825 0.0266990291262136
"malTer" 0.0647249190938511 0.0186084142394822 0.0372168284789644 0.0380258899676375 0.00323624595469256 0.0218446601941748 0.0202265372168285 0.0299352750809061 0.0517799352750809 0.0202265372168285 0 0.058252427184466 0.0558252427184466 0.0566343042071197 0.0145631067961165 0.0703883495145631 0.0137540453074434
"mesTub" 0.081715210355987 0.0647249190938511 0.0687702265372168 0.0679611650485437 0.0566343042071197 0.063915857605178 0.0590614886731392 0.0574433656957929 0.0372168284789644 0.0647249190938511 0.058252427184466 0 0.0606796116504854 0.0687702265372168 0.0598705501618123 0.0687702265372168 0.058252427184466
"pelCas" 0.0825242718446602 0.0598705501618123 0.0720064724919094 0.06957928802589 0.0542071197411003 0.0647249190938511 0.063915857605178 0.0614886731391586 0.0558252427184466 0.058252427184466 0.0558252427184466 0.0606796116504854 0 0.0760517799352751 0.0614886731391586 0.052588996763754 0.0622977346278317
"pelSin" 0.0598705501618123 0.0614886731391586 0.0671521035598705 0.0655339805825243 0.0550161812297735 0.0574433656957929 0.0590614886731392 0.058252427184466 0.0663430420711974 0.0614886731391586 0.0566343042071197 0.0687702265372168 0.0760517799352751 0 0.0558252427184466 0.0825242718446602 0.0566343042071197
"plaMeg" 0.0687702265372168 0.0258899676375405 0.0388349514563107 0.0355987055016181 0.0129449838187702 0.0226537216828479 0.0194174757281553 0.0331715210355987 0.0566343042071197 0.0258899676375405 0.0145631067961165 0.0598705501618123 0.0614886731391586 0.0558252427184466 0 0.0703883495145631 0.0137540453074434
"podExp" 0.0914239482200647 0.0744336569579288 0.0849514563106796 0.0825242718446602 0.0687702265372168 0.0703883495145631 0.0711974110032362 0.0744336569579288 0.0606796116504854 0.0728155339805825 0.0703883495145631 0.0687702265372168 0.052588996763754 0.0825242718446602 0.0703883495145631 0 0.0711974110032362
"terMex" 0.06957928802589 0.0266990291262136 0.0412621359223301 0.0372168284789644 0.0121359223300971 0.0242718446601942 0.0218446601941748 0.0339805825242718 0.0550161812297735 0.0266990291262136 0.0137540453074434 0.058252427184466 0.0622977346278317 0.0566343042071197 0.0137540453074434 0.0711974110032362 0
