"carIns" "cheAbi" "cheSer" "chrPic" "cuoAmb" "cuoMcc" "derCor" "derMaw" "emySub" "gopAga" "malTer" "mesTub" "pelCas" "pelSin" "plaMeg" "podExp" "terMex"
"carIns" 0 0.392082940622055 0.0518378887841659 0.0518378887841659 0.123468426013195 0.121583411875589 0.120640904806786 0.0537229029217719 0.393025447690858 0.395852968897267 0.0518378887841659 0.0754005655042413 0.0801131008482564 0.0537229029217719 0.394910461828464 0.0876531573986805 0.0490103675777568
"cheAbi" 0.392082940622055 0 0.393967954759661 0.391140433553252 0.437323279924599 0.439208294062205 0.412818096135721 0.39679547596607 0.0471253534401508 0.0395852968897267 0.392082940622055 0.4062205466541 0.409990574929312 0.398680490103676 0.0216776625824694 0.393967954759661 0.394910461828464
"cheSer" 0.0518378887841659 0.393967954759661 0 0.0197926484448633 0.0857681432610745 0.0857681432610745 0.0904806786050895 0.0245051837888784 0.39679547596607 0.398680490103676 0.0197926484448633 0.0461828463713478 0.057492931196984 0.0499528746465598 0.398680490103676 0.0697455230914232 0.0188501413760603
"chrPic" 0.0518378887841659 0.391140433553252 0.0197926484448633 0 0.0810556079170594 0.0801131008482564 0.0895381715362865 0.0245051837888784 0.392082940622055 0.394910461828464 0.00377002827521206 0.0480678605089538 0.060320452403393 0.0471253534401508 0.393967954759661 0.0688030160226202 0.00659754948162111
"cuoAmb" 0.123468426013195 0.437323279924599 0.0857681432610745 0.0810556079170594 0 0.00754005655042413 0.156456173421301 0.0876531573986805 0.438265786993402 0.443920829406221 0.0801131008482564 0.116870876531574 0.126295947219604 0.114985862393968 0.442978322337418 0.133836003770028 0.0810556079170594
"cuoMcc" 0.121583411875589 0.439208294062205 0.0857681432610745 0.0801131008482564 0.00754005655042413 0 0.155513666352498 0.0885956644674835 0.441093308199812 0.445805843543827 0.0791705937794533 0.114043355325165 0.123468426013195 0.110273327049953 0.443920829406221 0.131008482563619 0.0801131008482564
"derCor" 0.120640904806786 0.412818096135721 0.0904806786050895 0.0895381715362865 0.156456173421301 0.155513666352498 0 0.0904806786050895 0.410933081998115 0.412818096135721 0.0885956644674835 0.116870876531574 0.123468426013195 0.110273327049953 0.413760603204524 0.126295947219604 0.0867106503298775
"derMaw" 0.0537229029217719 0.39679547596607 0.0245051837888784 0.0245051837888784 0.0876531573986805 0.0885956644674835 0.0904806786050895 0 0.399622997172479 0.400565504241282 0.0226201696512724 0.0556079170593779 0.0640904806786051 0.0490103675777568 0.400565504241282 0.0706880301602262 0.0245051837888784
"emySub" 0.393025447690858 0.0471253534401508 0.39679547596607 0.392082940622055 0.438265786993402 0.441093308199812 0.410933081998115 0.399622997172479 0 0.0650329877474081 0.391140433553252 0.411875589066918 0.411875589066918 0.401508011310085 0.0377002827521206 0.397737983034873 0.395852968897267
"gopAga" 0.395852968897267 0.0395852968897267 0.398680490103676 0.394910461828464 0.443920829406221 0.445805843543827 0.412818096135721 0.400565504241282 0.0650329877474081 0 0.395852968897267 0.410933081998115 0.41564561734213 0.4062205466541 0.0348727615457116 0.401508011310085 0.398680490103676
"malTer" 0.0518378887841659 0.392082940622055 0.0197926484448633 0.00377002827521206 0.0801131008482564 0.0791705937794533 0.0885956644674835 0.0226201696512724 0.391140433553252 0.395852968897267 0 0.0499528746465598 0.0622054665409991 0.0471253534401508 0.394910461828464 0.0706880301602262 0.00659754948162111
"mesTub" 0.0754005655042413 0.4062205466541 0.0461828463713478 0.0480678605089538 0.116870876531574 0.114043355325165 0.116870876531574 0.0556079170593779 0.411875589066918 0.410933081998115 0.0499528746465598 0 0.0508953817153629 0.0706880301602262 0.412818096135721 0.0688030160226202 0.0490103675777568
"pelCas" 0.0801131008482564 0.409990574929312 0.057492931196984 0.060320452403393 0.126295947219604 0.123468426013195 0.123468426013195 0.0640904806786051 0.411875589066918 0.41564561734213 0.0622054665409991 0.0508953817153629 0 0.0782280867106503 0.41564561734213 0.058435438265787 0.061262959472196
"pelSin" 0.0537229029217719 0.398680490103676 0.0499528746465598 0.0471253534401508 0.114985862393968 0.110273327049953 0.110273327049953 0.0490103675777568 0.401508011310085 0.4062205466541 0.0471253534401508 0.0706880301602262 0.0782280867106503 0 0.404335532516494 0.0838831291234684 0.0442978322337418
"plaMeg" 0.394910461828464 0.0216776625824694 0.398680490103676 0.393967954759661 0.442978322337418 0.443920829406221 0.413760603204524 0.400565504241282 0.0377002827521206 0.0348727615457116 0.394910461828464 0.412818096135721 0.41564561734213 0.404335532516494 0 0.404335532516494 0.397737983034873
"podExp" 0.0876531573986805 0.393967954759661 0.0697455230914232 0.0688030160226202 0.133836003770028 0.131008482563619 0.126295947219604 0.0706880301602262 0.397737983034873 0.401508011310085 0.0706880301602262 0.0688030160226202 0.058435438265787 0.0838831291234684 0.404335532516494 0 0.0688030160226202
"terMex" 0.0490103675777568 0.394910461828464 0.0188501413760603 0.00659754948162111 0.0810556079170594 0.0801131008482564 0.0867106503298775 0.0245051837888784 0.395852968897267 0.398680490103676 0.00659754948162111 0.0490103675777568 0.061262959472196 0.0442978322337418 0.397737983034873 0.0688030160226202 0
