"carIns" "cheAbi" "cheMyd" "cheSer" "chrPic" "cuoAmb" "cuoMcc" "derCor" "derMaw" "emySub" "malTer" "mesTub" "pelCas" "pelSin" "plaMeg" "podExp" "terMex"
"carIns" 0 0.0766961651917404 0.0766961651917404 0.0730088495575221 0.0722713864306785 0.0789085545722714 0.0766961651917404 0.0730088495575221 0.0811209439528024 0.0899705014749263 0.0730088495575221 0.0943952802359882 0.0988200589970502 0.0921828908554572 0.0722713864306785 0.104719764011799 0.0737463126843658
"cheAbi" 0.0766961651917404 0 0.0420353982300885 0.0368731563421829 0.0309734513274336 0.023598820058997 0.0199115044247788 0.0427728613569322 0.0486725663716814 0.0693215339233038 0.0317109144542773 0.0752212389380531 0.0744837758112094 0.079646017699115 0.03023598820059 0.0803834808259587 0.0309734513274336
"cheMyd" 0.0766961651917404 0.0420353982300885 0 0.028023598820059 0.0390855457227139 0.0412979351032448 0.0376106194690266 0.0199115044247788 0.0412979351032448 0.0641592920353982 0.0383480825958702 0.0685840707964602 0.0685840707964602 0.0781710914454277 0.0346607669616519 0.0803834808259587 0.0376106194690266
"cheSer" 0.0730088495575221 0.0368731563421829 0.028023598820059 0 0.0346607669616519 0.0339233038348083 0.03023598820059 0.03023598820059 0.0368731563421829 0.0612094395280236 0.0339233038348083 0.0678466076696165 0.0700589970501475 0.0766961651917404 0.0287610619469027 0.0803834808259587 0.0317109144542773
"chrPic" 0.0722713864306785 0.0309734513274336 0.0390855457227139 0.0346607669616519 0 0.03023598820059 0.0265486725663717 0.0368731563421829 0.0435103244837758 0.0648967551622419 0.00294985250737463 0.0737463126843658 0.0707964601769911 0.0803834808259587 0.0221238938053097 0.0811209439528024 0.00811209439528024
"cuoAmb" 0.0789085545722714 0.023598820058997 0.0412979351032448 0.0339233038348083 0.03023598820059 0 0.00811209439528024 0.0405604719764012 0.0471976401179941 0.0685840707964602 0.0309734513274336 0.0766961651917404 0.0759587020648968 0.0833333333333333 0.0272861356932153 0.0803834808259587 0.0287610619469027
"cuoMcc" 0.0766961651917404 0.0199115044247788 0.0376106194690266 0.03023598820059 0.0265486725663717 0.00811209439528024 0 0.0368731563421829 0.0435103244837758 0.0663716814159292 0.0272861356932153 0.0737463126843658 0.0722713864306785 0.0789085545722714 0.023598820058997 0.0789085545722714 0.0250737463126844
"derCor" 0.0730088495575221 0.0427728613569322 0.0199115044247788 0.03023598820059 0.0368731563421829 0.0405604719764012 0.0368731563421829 0 0.0420353982300885 0.0671091445427729 0.0361356932153392 0.0715339233038348 0.0744837758112094 0.0848082595870207 0.0353982300884956 0.0855457227138643 0.0368731563421829
"derMaw" 0.0811209439528024 0.0486725663716814 0.0412979351032448 0.0368731563421829 0.0435103244837758 0.0471976401179941 0.0435103244837758 0.0420353982300885 0 0.0715339233038348 0.0442477876106195 0.0811209439528024 0.0803834808259587 0.0884955752212389 0.0405604719764012 0.0892330383480826 0.0420353982300885
"emySub" 0.0899705014749263 0.0693215339233038 0.0641592920353982 0.0612094395280236 0.0648967551622419 0.0685840707964602 0.0663716814159292 0.0671091445427729 0.0715339233038348 0 0.0663716814159292 0.0376106194690266 0.0634218289085546 0.0877581120943953 0.0634218289085546 0.0656342182890855 0.0671091445427729
"malTer" 0.0730088495575221 0.0317109144542773 0.0383480825958702 0.0339233038348083 0.00294985250737463 0.0309734513274336 0.0272861356932153 0.0361356932153392 0.0442477876106195 0.0663716814159292 0 0.0722713864306785 0.0722713864306785 0.081858407079646 0.0228613569321534 0.0825958702064897 0.00811209439528024
"mesTub" 0.0943952802359882 0.0752212389380531 0.0685840707964602 0.0678466076696165 0.0737463126843658 0.0766961651917404 0.0737463126843658 0.0715339233038348 0.0811209439528024 0.0376106194690266 0.0722713864306785 0 0.0722713864306785 0.0958702064896755 0.0715339233038348 0.0737463126843658 0.0759587020648968
"pelCas" 0.0988200589970502 0.0744837758112094 0.0685840707964602 0.0700589970501475 0.0707964601769911 0.0759587020648968 0.0722713864306785 0.0744837758112094 0.0803834808259587 0.0634218289085546 0.0722713864306785 0.0722713864306785 0 0.0980825958702065 0.0722713864306785 0.0663716814159292 0.0715339233038348
"pelSin" 0.0921828908554572 0.079646017699115 0.0781710914454277 0.0766961651917404 0.0803834808259587 0.0833333333333333 0.0789085545722714 0.0848082595870207 0.0884955752212389 0.0877581120943953 0.081858407079646 0.0958702064896755 0.0980825958702065 0 0.0781710914454277 0.107669616519174 0.0803834808259587
"plaMeg" 0.0722713864306785 0.03023598820059 0.0346607669616519 0.0287610619469027 0.0221238938053097 0.0272861356932153 0.023598820058997 0.0353982300884956 0.0405604719764012 0.0634218289085546 0.0228613569321534 0.0715339233038348 0.0722713864306785 0.0781710914454277 0 0.079646017699115 0.0191740412979351
"podExp" 0.104719764011799 0.0803834808259587 0.0803834808259587 0.0803834808259587 0.0811209439528024 0.0803834808259587 0.0789085545722714 0.0855457227138643 0.0892330383480826 0.0656342182890855 0.0825958702064897 0.0737463126843658 0.0663716814159292 0.107669616519174 0.079646017699115 0 0.0848082595870207
"terMex" 0.0737463126843658 0.0309734513274336 0.0376106194690266 0.0317109144542773 0.00811209439528024 0.0287610619469027 0.0250737463126844 0.0368731563421829 0.0420353982300885 0.0671091445427729 0.00811209439528024 0.0759587020648968 0.0715339233038348 0.0803834808259587 0.0191740412979351 0.0848082595870207 0
