"carIns" "cheAbi" "cheMyd" "cheSer" "chrPic" "cuoAmb" "cuoMcc" "derCor" "derMaw" "emySub" "gopAga" "malTer" "mesTub" "pelCas" "pelSin" "plaMeg" "podExp" "terMex"
"carIns" 0 0.10693215339233 0.103982300884956 0.152654867256637 0.105457227138643 0.114306784660767 0.110619469026549 0.101032448377581 0.113569321533923 0.118731563421829 0.109144542772861 0.104719764011799 0.12094395280236 0.116519174041298 0.174778761061947 0.100294985250737 0.178466076696165 0.114306784660767
"cheAbi" 0.10693215339233 0 0.0250737463126844 0.0730088495575221 0.0176991150442478 0.0199115044247788 0.0147492625368732 0.0221238938053097 0.0346607669616519 0.0575221238938053 0.0140117994100295 0.0184365781710914 0.0575221238938053 0.0567846607669617 0.132005899705015 0.0154867256637168 0.126106194690265 0.053834808259587
"cheMyd" 0.103982300884956 0.0250737463126844 0 0.0671091445427729 0.0176991150442478 0.0309734513274336 0.025811209439528 0.0117994100294985 0.0265486725663717 0.0479351032448378 0.0287610619469027 0.0184365781710914 0.0494100294985251 0.0575221238938053 0.127581120943953 0.0154867256637168 0.125368731563422 0.0545722713864307
"cheSer" 0.152654867256637 0.0730088495575221 0.0671091445427729 0 0.0641592920353982 0.0766961651917404 0.0707964601769911 0.0656342182890855 0.0744837758112094 0.0988200589970502 0.079646017699115 0.0648967551622419 0.0980825958702065 0.105457227138643 0.169616519174041 0.0648967551622419 0.172566371681416 0.103244837758112
"chrPic" 0.105457227138643 0.0176991150442478 0.0176991150442478 0.0641592920353982 0 0.0243362831858407 0.0191740412979351 0.0162241887905605 0.0272861356932153 0.0508849557522124 0.0243362831858407 0.00368731563421829 0.0508849557522124 0.056047197640118 0.124631268436578 0.00811209439528024 0.126843657817109 0.0442477876106195
"cuoAmb" 0.114306784660767 0.0199115044247788 0.0309734513274336 0.0766961651917404 0.0243362831858407 0 0.00958702064896755 0.028023598820059 0.0383480825958702 0.0619469026548673 0.025811209439528 0.0250737463126844 0.0634218289085546 0.0671091445427729 0.134955752212389 0.023598820058997 0.137905604719764 0.0619469026548673
"cuoMcc" 0.110619469026549 0.0147492625368732 0.025811209439528 0.0707964601769911 0.0191740412979351 0.00958702064896755 0 0.0228613569321534 0.0353982300884956 0.0589970501474926 0.0206489675516224 0.0199115044247788 0.0589970501474926 0.0626843657817109 0.132005899705015 0.0184365781710914 0.133480825958702 0.0567846607669617
"derCor" 0.101032448377581 0.0221238938053097 0.0117994100294985 0.0656342182890855 0.0162241887905605 0.028023598820059 0.0228613569321534 0 0.0272861356932153 0.0494100294985251 0.0287610619469027 0.0154867256637168 0.0508849557522124 0.056047197640118 0.124631268436578 0.0140117994100295 0.124631268436578 0.0523598820058997
"derMaw" 0.113569321533923 0.0346607669616519 0.0265486725663717 0.0744837758112094 0.0272861356932153 0.0383480825958702 0.0353982300884956 0.0272861356932153 0 0.0597345132743363 0.0383480825958702 0.028023598820059 0.0589970501474926 0.0671091445427729 0.131268436578171 0.0265486725663717 0.132743362831858 0.0641592920353982
"emySub" 0.118731563421829 0.0575221238938053 0.0479351032448378 0.0988200589970502 0.0508849557522124 0.0619469026548673 0.0589970501474926 0.0494100294985251 0.0597345132743363 0 0.0597345132743363 0.0530973451327434 0.0309734513274336 0.0464601769911504 0.141592920353982 0.0494100294985251 0.117256637168142 0.0884955752212389
"gopAga" 0.109144542772861 0.0140117994100295 0.0287610619469027 0.079646017699115 0.0243362831858407 0.025811209439528 0.0206489675516224 0.0287610619469027 0.0383480825958702 0.0597345132743363 0 0.0250737463126844 0.0612094395280236 0.0641592920353982 0.134955752212389 0.0228613569321534 0.132005899705015 0.0612094395280236
"malTer" 0.104719764011799 0.0184365781710914 0.0184365781710914 0.0648967551622419 0.00368731563421829 0.0250737463126844 0.0199115044247788 0.0154867256637168 0.028023598820059 0.0530973451327434 0.0250737463126844 0 0.051622418879056 0.058259587020649 0.123893805309735 0.00884955752212389 0.126106194690265 0.0449852507374631
"mesTub" 0.12094395280236 0.0575221238938053 0.0494100294985251 0.0980825958702065 0.0508849557522124 0.0634218289085546 0.0589970501474926 0.0508849557522124 0.0589970501474926 0.0309734513274336 0.0612094395280236 0.051622418879056 0 0.0508849557522124 0.138643067846608 0.0479351032448378 0.123156342182891 0.0848082595870207
"pelCas" 0.116519174041298 0.0567846607669617 0.0575221238938053 0.105457227138643 0.056047197640118 0.0671091445427729 0.0626843657817109 0.056047197640118 0.0671091445427729 0.0464601769911504 0.0641592920353982 0.058259587020649 0.0508849557522124 0 0.136430678466077 0.0530973451327434 0.116519174041298 0.0951327433628319
"pelSin" 0.174778761061947 0.132005899705015 0.127581120943953 0.169616519174041 0.124631268436578 0.134955752212389 0.132005899705015 0.124631268436578 0.131268436578171 0.141592920353982 0.134955752212389 0.123893805309735 0.138643067846608 0.136430678466077 0 0.123893805309735 0.149705014749263 0.160766961651917
"plaMeg" 0.100294985250737 0.0154867256637168 0.0154867256637168 0.0648967551622419 0.00811209439528024 0.023598820058997 0.0184365781710914 0.0140117994100295 0.0265486725663717 0.0494100294985251 0.0228613569321534 0.00884955752212389 0.0479351032448378 0.0530973451327434 0.123893805309735 0 0.124631268436578 0.0464601769911504
"podExp" 0.178466076696165 0.126106194690265 0.125368731563422 0.172566371681416 0.126843657817109 0.137905604719764 0.133480825958702 0.124631268436578 0.132743362831858 0.117256637168142 0.132005899705015 0.126106194690265 0.123156342182891 0.116519174041298 0.149705014749263 0.124631268436578 0 0.160766961651917
"terMex" 0.114306784660767 0.053834808259587 0.0545722713864307 0.103244837758112 0.0442477876106195 0.0619469026548673 0.0567846607669617 0.0523598820058997 0.0641592920353982 0.0884955752212389 0.0612094395280236 0.0449852507374631 0.0848082595870207 0.0951327433628319 0.160766961651917 0.0464601769911504 0.160766961651917 0
