"carIns" "cheAbi" "cheMyd" "cheSer" "chrPic" "cuoAmb" "cuoMcc" "derCor" "derMaw" "emySub" "gopAga" "malTer" "mesTub" "pelCas" "pelSin" "plaMeg" "podExp" "terMex"
"carIns" 0 0.0570497147514262 0.0709046454767726 0.0546047269763651 0.136919315403423 0.058679706601467 0.0603096984515077 0.0594947025264874 0.06519967400163 0.0668296658516707 0.0603096984515077 0.0546047269763651 0.0709046454767726 0.0888345558272209 0.071719641401793 0.0594947025264874 0.0920945395273024 0.0562347188264059
"cheAbi" 0.0570497147514262 0 0.0448247758761206 0.026079869600652 0.10920945395273 0.0203748981255094 0.0203748981255094 0.0334148329258354 0.0374898125509372 0.0513447432762836 0.019559902200489 0.0236348818255909 0.0570497147514262 0.0766096169519152 0.0676446617766911 0.0252648736756316 0.0790546047269764 0.0236348818255909
"cheMyd" 0.0709046454767726 0.0448247758761206 0 0.0301548492257539 0.114099429502852 0.0423797881010595 0.0423797881010595 0.032599837000815 0.0431947840260799 0.0627546862265689 0.0480847595762021 0.039119804400978 0.0676446617766911 0.0855745721271394 0.0725346373268134 0.039119804400978 0.0880195599022005 0.0374898125509372
"cheSer" 0.0546047269763651 0.026079869600652 0.0301548492257539 0 0.106764466177669 0.0244498777506112 0.0244498777506112 0.0211898940505297 0.0236348818255909 0.0480847595762021 0.0317848410757946 0.0211898940505297 0.052159739201304 0.0733496332518337 0.058679706601467 0.0211898940505297 0.0766096169519152 0.019559902200489
"chrPic" 0.136919315403423 0.10920945395273 0.114099429502852 0.106764466177669 0 0.107579462102689 0.107579462102689 0.111654441727791 0.117359413202934 0.132844335778321 0.110024449877751 0.0896495517522412 0.134474327628362 0.154034229828851 0.142624286878566 0.101874490627547 0.155664221678892 0.0945395273023635
"cuoAmb" 0.058679706601467 0.0203748981255094 0.0423797881010595 0.0244498777506112 0.107579462102689 0 0.006519967400163 0.0277098614506927 0.0366748166259169 0.052159739201304 0.0211898940505297 0.0211898940505297 0.0578647106764466 0.0790546047269764 0.0668296658516707 0.0211898940505297 0.078239608801956 0.019559902200489
"cuoMcc" 0.0603096984515077 0.0203748981255094 0.0423797881010595 0.0244498777506112 0.107579462102689 0.006519967400163 0 0.0277098614506927 0.0366748166259169 0.052159739201304 0.0220048899755501 0.0211898940505297 0.0578647106764466 0.0774246128769356 0.0660146699266504 0.0211898940505297 0.078239608801956 0.019559902200489
"derCor" 0.0594947025264874 0.0334148329258354 0.032599837000815 0.0211898940505297 0.111654441727791 0.0277098614506927 0.0277098614506927 0 0.0317848410757946 0.0513447432762836 0.0350448247758761 0.0277098614506927 0.0546047269763651 0.0725346373268134 0.0635696821515892 0.0277098614506927 0.0733496332518337 0.026079869600652
"derMaw" 0.06519967400163 0.0374898125509372 0.0431947840260799 0.0236348818255909 0.117359413202934 0.0366748166259169 0.0366748166259169 0.0317848410757946 0 0.0554197229013855 0.0423797881010595 0.0334148329258354 0.0611246943765281 0.0798696006519967 0.0668296658516707 0.0334148329258354 0.084759576202119 0.0317848410757946
"emySub" 0.0668296658516707 0.0513447432762836 0.0627546862265689 0.0480847595762021 0.132844335778321 0.052159739201304 0.052159739201304 0.0513447432762836 0.0554197229013855 0 0.0578647106764466 0.0472697636511817 0.0285248573757131 0.0578647106764466 0.0774246128769356 0.052159739201304 0.0619396903015485 0.0488997555012225
"gopAga" 0.0603096984515077 0.019559902200489 0.0480847595762021 0.0317848410757946 0.110024449877751 0.0211898940505297 0.0220048899755501 0.0350448247758761 0.0423797881010595 0.0578647106764466 0 0.0268948655256724 0.0635696821515892 0.084759576202119 0.0700896495517522 0.0285248573757131 0.0839445802770986 0.0268948655256724
"malTer" 0.0546047269763651 0.0236348818255909 0.039119804400978 0.0211898940505297 0.0896495517522412 0.0211898940505297 0.0211898940505297 0.0277098614506927 0.0334148329258354 0.0472697636511817 0.0268948655256724 0 0.0513447432762836 0.0749796251018745 0.0643846780766096 0.0162999185004075 0.0749796251018745 0.00814995925020375
"mesTub" 0.0709046454767726 0.0570497147514262 0.0676446617766911 0.052159739201304 0.134474327628362 0.0578647106764466 0.0578647106764466 0.0546047269763651 0.0611246943765281 0.0285248573757131 0.0635696821515892 0.0513447432762836 0 0.0611246943765281 0.0823145884270579 0.0562347188264059 0.06519967400163 0.0529747351263244
"pelCas" 0.0888345558272209 0.0766096169519152 0.0855745721271394 0.0733496332518337 0.154034229828851 0.0790546047269764 0.0774246128769356 0.0725346373268134 0.0798696006519967 0.0578647106764466 0.084759576202119 0.0749796251018745 0.0611246943765281 0 0.0929095354523227 0.0774246128769356 0.058679706601467 0.0733496332518337
"pelSin" 0.071719641401793 0.0676446617766911 0.0725346373268134 0.058679706601467 0.142624286878566 0.0668296658516707 0.0660146699266504 0.0635696821515892 0.0668296658516707 0.0774246128769356 0.0700896495517522 0.0643846780766096 0.0823145884270579 0.0929095354523227 0 0.0643846780766096 0.102689486552567 0.0627546862265689
"plaMeg" 0.0594947025264874 0.0252648736756316 0.039119804400978 0.0211898940505297 0.101874490627547 0.0211898940505297 0.0211898940505297 0.0277098614506927 0.0334148329258354 0.052159739201304 0.0285248573757131 0.0162999185004075 0.0562347188264059 0.0774246128769356 0.0643846780766096 0 0.0790546047269764 0.0146699266503667
"podExp" 0.0920945395273024 0.0790546047269764 0.0880195599022005 0.0766096169519152 0.155664221678892 0.078239608801956 0.078239608801956 0.0733496332518337 0.084759576202119 0.0619396903015485 0.0839445802770986 0.0749796251018745 0.06519967400163 0.058679706601467 0.102689486552567 0.0790546047269764 0 0.0733496332518337
"terMex" 0.0562347188264059 0.0236348818255909 0.0374898125509372 0.019559902200489 0.0945395273023635 0.019559902200489 0.019559902200489 0.026079869600652 0.0317848410757946 0.0488997555012225 0.0268948655256724 0.00814995925020375 0.0529747351263244 0.0733496332518337 0.0627546862265689 0.0146699266503667 0.0733496332518337 0
