"carIns" "cheAbi" "cheMyd" "cheSer" "chrPic" "cuoAmb" "cuoMcc" "derCor" "derMaw" "emySub" "gopAga" "malTer" "mesTub" "pelCas" "pelSin" "plaMeg" "podExp"
"carIns" 0 0.0801963993453355 0.0801963993453355 0.0758319694489907 0.0709219858156028 0.0769230769230769 0.0747408619749045 0.0851063829787234 0.0812875068194217 0.0911074740861975 0.0769230769230769 0.0714675395526459 0.0927441352973268 0.103109656301146 0.0889252591380251 0.072013093289689 0.112384069830878
"cheAbi" 0.0801963993453355 0 0.0256410256410256 0.0245499181669394 0.0185488270594654 0.0147299509001637 0.0125477359519913 0.0338243316966721 0.0327332242225859 0.0523731587561375 0.0185488270594654 0.022367703218767 0.0594653573376978 0.0714675395526459 0.0714675395526459 0.0180032733224223 0.0812875068194217
"cheMyd" 0.0801963993453355 0.0256410256410256 0 0.0190943807965085 0.0196399345335516 0.0201854882705947 0.0180032733224223 0.0190943807965085 0.0272776868521549 0.0540098199672668 0.0261865793780687 0.0234588106928532 0.0572831423895254 0.0692853246044735 0.072013093289689 0.0185488270594654 0.0796508456082924
"cheSer" 0.0758319694489907 0.0245499181669394 0.0190943807965085 0 0.0174577195853792 0.0190943807965085 0.0169121658483361 0.0250954719039825 0.0250954719039825 0.0512820512820513 0.0245499181669394 0.0212765957446809 0.055100927441353 0.0687397708674304 0.0676486633933442 0.0174577195853792 0.0791052918712493
"chrPic" 0.0709219858156028 0.0185488270594654 0.0196399345335516 0.0174577195853792 0 0.0147299509001637 0.0125477359519913 0.0261865793780687 0.0261865793780687 0.0480087288597927 0.0196399345335516 0.00490998363338789 0.0523731587561375 0.0649208947081288 0.066557555919258 0.0103655210038189 0.0763775231860338
"cuoAmb" 0.0769230769230769 0.0147299509001637 0.0201854882705947 0.0190943807965085 0.0147299509001637 0 0.00436442989634479 0.0283687943262411 0.0267321331151118 0.0490998363338789 0.0158210583742499 0.0185488270594654 0.0556464811783961 0.0692853246044735 0.0671031096563011 0.0130932896890344 0.0785597381342062
"cuoMcc" 0.0747408619749045 0.0125477359519913 0.0180032733224223 0.0169121658483361 0.0125477359519913 0.00436442989634479 0 0.0261865793780687 0.0256410256410256 0.0469176213857065 0.0136388434260775 0.016366612111293 0.0534642662302237 0.0671031096563011 0.066012002182215 0.0114566284779051 0.07746863066012
"derCor" 0.0851063829787234 0.0338243316966721 0.0190943807965085 0.0250954719039825 0.0261865793780687 0.0283687943262411 0.0261865793780687 0 0.0343698854337152 0.0611020185488271 0.0343698854337152 0.0300054555373704 0.0638297872340425 0.0741953082378614 0.0752864157119476 0.0256410256410256 0.0861974904528096
"derMaw" 0.0812875068194217 0.0327332242225859 0.0272776868521549 0.0250954719039825 0.0261865793780687 0.0267321331151118 0.0256410256410256 0.0343698854337152 0 0.0611020185488271 0.0327332242225859 0.0300054555373704 0.0627386797599564 0.0752864157119476 0.0763775231860338 0.0261865793780687 0.0840152755046372
"emySub" 0.0911074740861975 0.0523731587561375 0.0540098199672668 0.0512820512820513 0.0480087288597927 0.0490998363338789 0.0469176213857065 0.0611020185488271 0.0611020185488271 0 0.0501909438079651 0.0518276050190944 0.0327332242225859 0.0594653573376978 0.0867430441898527 0.0469176213857065 0.072013093289689
"gopAga" 0.0769230769230769 0.0185488270594654 0.0261865793780687 0.0245499181669394 0.0196399345335516 0.0158210583742499 0.0136388434260775 0.0343698854337152 0.0327332242225859 0.0501909438079651 0 0.0234588106928532 0.055100927441353 0.0709219858156028 0.0698308783415166 0.0180032733224223 0.0801963993453355
"malTer" 0.0714675395526459 0.022367703218767 0.0234588106928532 0.0212765957446809 0.00490998363338789 0.0185488270594654 0.016366612111293 0.0300054555373704 0.0300054555373704 0.0518276050190944 0.0234588106928532 0 0.055100927441353 0.0692853246044735 0.0692853246044735 0.0141843971631206 0.0801963993453355
"mesTub" 0.0927441352973268 0.0594653573376978 0.0572831423895254 0.055100927441353 0.0523731587561375 0.0556464811783961 0.0534642662302237 0.0638297872340425 0.0627386797599564 0.0327332242225859 0.055100927441353 0.055100927441353 0 0.0611020185488271 0.0894708128750682 0.0501909438079651 0.0676486633933442
"pelCas" 0.103109656301146 0.0714675395526459 0.0692853246044735 0.0687397708674304 0.0649208947081288 0.0692853246044735 0.0671031096563011 0.0741953082378614 0.0752864157119476 0.0594653573376978 0.0709219858156028 0.0692853246044735 0.0611020185488271 0 0.102018548827059 0.0638297872340425 0.066012002182215
"pelSin" 0.0889252591380251 0.0714675395526459 0.072013093289689 0.0676486633933442 0.066557555919258 0.0671031096563011 0.066012002182215 0.0752864157119476 0.0763775231860338 0.0867430441898527 0.0698308783415166 0.0692853246044735 0.0894708128750682 0.102018548827059 0 0.066557555919258 0.106382978723404
"plaMeg" 0.072013093289689 0.0180032733224223 0.0185488270594654 0.0174577195853792 0.0103655210038189 0.0130932896890344 0.0114566284779051 0.0256410256410256 0.0261865793780687 0.0469176213857065 0.0180032733224223 0.0141843971631206 0.0501909438079651 0.0638297872340425 0.066557555919258 0 0.0752864157119476
"podExp" 0.112384069830878 0.0812875068194217 0.0796508456082924 0.0791052918712493 0.0763775231860338 0.0785597381342062 0.07746863066012 0.0861974904528096 0.0840152755046372 0.072013093289689 0.0801963993453355 0.0801963993453355 0.0676486633933442 0.066012002182215 0.106382978723404 0.0752864157119476 0
