"cheAbi" "cheMyd" "cheSer" "chrPic" "cuoAmb" "cuoMcc" "derCor" "derMaw" "emySub" "gopAga" "malTer" "mesTub" "pelCas" "pelSin" "plaMeg" "podExp" "terMex"
"cheAbi" 0 0.185446009389671 0.143192488262911 0.137715179968701 0.136150234741784 0.134585289514867 0.154929577464789 0.156494522691706 0.173708920187793 0.129890453834116 0.15414710485133 0.187793427230047 0.190923317683881 0.194053208137715 0.143192488262911 0.190923317683881 0.134585289514867
"cheMyd" 0.185446009389671 0 0.137715179968701 0.136150234741784 0.139280125195618 0.136932707355243 0.135367762128326 0.152582159624413 0.171361502347418 0.143192488262911 0.149452269170579 0.174491392801252 0.183881064162754 0.199530516431925 0.13849765258216 0.181533646322379 0.13302034428795
"cheSer" 0.143192488262911 0.137715179968701 0 0.0250391236306729 0.0273865414710485 0.0250391236306729 0.039906103286385 0.0359937402190923 0.0704225352112676 0.0336463223787167 0.041471048513302 0.0766823161189358 0.0876369327073552 0.158841940532081 0.0258215962441315 0.0899843505477308 0.0187793427230047
"chrPic" 0.137715179968701 0.136150234741784 0.0250391236306729 0 0.0242566510172144 0.0219092331768388 0.041471048513302 0.0367762128325509 0.0743348982785603 0.0305164319248826 0.02660406885759 0.0727699530516432 0.0915492957746479 0.158841940532081 0.0242566510172144 0.0923317683881064 0.00938967136150235
"cuoAmb" 0.136150234741784 0.139280125195618 0.0273865414710485 0.0242566510172144 0 0.0054773082942097 0.0438184663536776 0.039906103286385 0.0719874804381847 0.0234741784037559 0.041471048513302 0.081377151799687 0.094679186228482 0.160406885758998 0.02660406885759 0.0954616588419405 0.0179968701095462
"cuoMcc" 0.134585289514867 0.136932707355243 0.0250391236306729 0.0219092331768388 0.0054773082942097 0 0.041471048513302 0.0391236306729265 0.0696400625978091 0.0226917057902973 0.0391236306729265 0.0774647887323944 0.0923317683881064 0.158841940532081 0.0242566510172144 0.0923317683881064 0.0156494522691706
"derCor" 0.154929577464789 0.135367762128326 0.039906103286385 0.041471048513302 0.0438184663536776 0.041471048513302 0 0.0500782472613459 0.07981220657277 0.0446009389671361 0.0571205007824726 0.0829420970266041 0.0962441314553991 0.172143974960876 0.0406885758998435 0.0915492957746479 0.0336463223787167
"derMaw" 0.156494522691706 0.152582159624413 0.0359937402190923 0.0367762128325509 0.039906103286385 0.0391236306729265 0.0500782472613459 0 0.0868544600938967 0.0446009389671361 0.0539906103286385 0.0860719874804382 0.100156494522692 0.169014084507042 0.041471048513302 0.102503912363067 0.0312989045383412
"emySub" 0.173708920187793 0.171361502347418 0.0704225352112676 0.0743348982785603 0.0719874804381847 0.0696400625978091 0.07981220657277 0.0868544600938967 0 0.0782472613458529 0.0899843505477308 0.0539906103286385 0.0845070422535211 0.17527386541471 0.0758998435054773 0.0845070422535211 0.068075117370892
"gopAga" 0.129890453834116 0.143192488262911 0.0336463223787167 0.0305164319248826 0.0234741784037559 0.0226917057902973 0.0446009389671361 0.0446009389671361 0.0782472613458529 0 0.0477308294209703 0.0837245696400626 0.0907668231611894 0.163536776212833 0.0328638497652582 0.0962441314553991 0.0242566510172144
"malTer" 0.15414710485133 0.149452269170579 0.041471048513302 0.02660406885759 0.041471048513302 0.0391236306729265 0.0571205007824726 0.0539906103286385 0.0899843505477308 0.0477308294209703 0 0.0907668231611894 0.107981220657277 0.17527386541471 0.041471048513302 0.108763693270736 0.02660406885759
"mesTub" 0.187793427230047 0.174491392801252 0.0766823161189358 0.0727699530516432 0.081377151799687 0.0774647887323944 0.0829420970266041 0.0860719874804382 0.0539906103286385 0.0837245696400626 0.0907668231611894 0 0.0852895148669797 0.172926447574335 0.081377151799687 0.0899843505477308 0.0696400625978091
"pelCas" 0.190923317683881 0.183881064162754 0.0876369327073552 0.0915492957746479 0.094679186228482 0.0923317683881064 0.0962441314553991 0.100156494522692 0.0845070422535211 0.0907668231611894 0.107981220657277 0.0852895148669797 0 0.183881064162754 0.094679186228482 0.0837245696400626 0.0860719874804382
"pelSin" 0.194053208137715 0.199530516431925 0.158841940532081 0.158841940532081 0.160406885758998 0.158841940532081 0.172143974960876 0.169014084507042 0.17527386541471 0.163536776212833 0.17527386541471 0.172926447574335 0.183881064162754 0 0.162754303599374 0.183881064162754 0.155712050078247
"plaMeg" 0.143192488262911 0.13849765258216 0.0258215962441315 0.0242566510172144 0.02660406885759 0.0242566510172144 0.0406885758998435 0.041471048513302 0.0758998435054773 0.0328638497652582 0.041471048513302 0.081377151799687 0.094679186228482 0.162754303599374 0 0.0938967136150235 0.0179968701095462
"podExp" 0.190923317683881 0.181533646322379 0.0899843505477308 0.0923317683881064 0.0954616588419405 0.0923317683881064 0.0915492957746479 0.102503912363067 0.0845070422535211 0.0962441314553991 0.108763693270736 0.0899843505477308 0.0837245696400626 0.183881064162754 0.0938967136150235 0 0.0868544600938967
"terMex" 0.134585289514867 0.13302034428795 0.0187793427230047 0.00938967136150235 0.0179968701095462 0.0156494522691706 0.0336463223787167 0.0312989045383412 0.068075117370892 0.0242566510172144 0.02660406885759 0.0696400625978091 0.0860719874804382 0.155712050078247 0.0179968701095462 0.0868544600938967 0
