"carIns" "cheAbi" "cheMyd" "cheSer" "chrPic" "cuoAmb" "cuoMcc" "derCor" "derMaw" "emySub" "gopAga" "malTer" "mesTub" "pelCas" "pelSin" "plaMeg" "podExp" "terMex"
"carIns" 0 0.0803993694167105 0.0982658959537572 0.0767209668943773 0.0761954808197583 0.0835522858644246 0.0867052023121387 0.0809248554913295 0.0803993694167105 0.0893326326852338 0.0840777719390436 0.0956384655806621 0.092485549132948 0.118759852863899 0.14503415659485 0.0725170782974251 0.13977929584866 0.0667367314766159
"cheAbi" 0.0803993694167105 0 0.0677877036258539 0.0446663163426169 0.0352075669994745 0.0336311087756174 0.0420388859695218 0.0430898581187599 0.0514976353126642 0.0635838150289017 0.0204939569101419 0.0604308985811876 0.0672622175512349 0.100893326326852 0.127693116132422 0.0367840252233316 0.126642143983184 0.0299527062532843
"cheMyd" 0.0982658959537572 0.0677877036258539 0 0.0620073568050447 0.0572779821334735 0.0625328428796637 0.0599054125065686 0.0483447188649501 0.0656857593273778 0.0793483972674724 0.0672622175512349 0.0867052023121387 0.0872306883867578 0.103520756699947 0.144508670520231 0.0583289542827115 0.141881240147136 0.0562270099842354
"cheSer" 0.0767209668943773 0.0446663163426169 0.0620073568050447 0 0.0357330530740935 0.0441408302679979 0.0488702049395691 0.0383604834471886 0.0394114555964267 0.0546505517603783 0.0478192327903311 0.0620073568050447 0.0599054125065686 0.091960063058329 0.130320546505518 0.0367840252233316 0.119285338938518 0.0315291644771414
"chrPic" 0.0761954808197583 0.0352075669994745 0.0572779821334735 0.0357330530740935 0 0.0373095112979506 0.0420388859695218 0.0336311087756174 0.0425643720441408 0.0557015239096164 0.0420388859695218 0.0441408302679979 0.0614818707304256 0.094062007356805 0.126116657908565 0.0304781923279033 0.121912769311613 0.0157645822385707
"cuoAmb" 0.0835522858644246 0.0336311087756174 0.0625328428796637 0.0441408302679979 0.0373095112979506 0 0.0273252758801892 0.0446663163426169 0.0499211770888071 0.0646347871781398 0.0325801366263794 0.0646347871781398 0.0651602732527588 0.093536521282186 0.125065685759327 0.0341565948502365 0.124540199684708 0.0357330530740935
"cuoMcc" 0.0867052023121387 0.0420388859695218 0.0599054125065686 0.0488702049395691 0.0420388859695218 0.0273252758801892 0 0.0478192327903311 0.0535995796111403 0.070940620073568 0.0415133998949028 0.06988964792433 0.0719915922228061 0.092485549132948 0.128744088281661 0.0383604834471886 0.130320546505518 0.0404624277456647
"derCor" 0.0809248554913295 0.0430898581187599 0.0483447188649501 0.0383604834471886 0.0336311087756174 0.0446663163426169 0.0478192327903311 0 0.046768260641093 0.0557015239096164 0.0441408302679979 0.0599054125065686 0.0625328428796637 0.0882816605359958 0.131371518654756 0.0367840252233316 0.118759852863899 0.0320546505517604
"derMaw" 0.0803993694167105 0.0514976353126642 0.0656857593273778 0.0394114555964267 0.0425643720441408 0.0499211770888071 0.0535995796111403 0.046768260641093 0 0.0672622175512349 0.0520231213872832 0.0662112454019968 0.0725170782974251 0.0972149238045192 0.13452443510247 0.0367840252233316 0.128744088281661 0.0346820809248555
"emySub" 0.0893326326852338 0.0635838150289017 0.0793483972674724 0.0546505517603783 0.0557015239096164 0.0646347871781398 0.070940620073568 0.0557015239096164 0.0672622175512349 0 0.0672622175512349 0.0814503415659485 0.0415133998949028 0.0872306883867578 0.135575407251708 0.0583289542827115 0.114555964266947 0.0520231213872832
"gopAga" 0.0840777719390436 0.0204939569101419 0.0672622175512349 0.0478192327903311 0.0420388859695218 0.0325801366263794 0.0415133998949028 0.0441408302679979 0.0520231213872832 0.0672622175512349 0 0.0667367314766159 0.070415133998949 0.0982658959537572 0.132422490803994 0.0341565948502365 0.127693116132422 0.0367840252233316
"malTer" 0.0956384655806621 0.0604308985811876 0.0867052023121387 0.0620073568050447 0.0441408302679979 0.0646347871781398 0.06988964792433 0.0599054125065686 0.0662112454019968 0.0814503415659485 0.0667367314766159 0 0.0872306883867578 0.117183394640042 0.148187073042564 0.0504466631634262 0.146085128744088 0.0378349973725696
"mesTub" 0.092485549132948 0.0672622175512349 0.0872306883867578 0.0599054125065686 0.0614818707304256 0.0651602732527588 0.0719915922228061 0.0625328428796637 0.0725170782974251 0.0415133998949028 0.070415133998949 0.0872306883867578 0 0.0903836048344719 0.137677351550184 0.0651602732527588 0.119285338938518 0.0583289542827115
"pelCas" 0.118759852863899 0.100893326326852 0.103520756699947 0.091960063058329 0.094062007356805 0.093536521282186 0.092485549132948 0.0882816605359958 0.0972149238045192 0.0872306883867578 0.0982658959537572 0.117183394640042 0.0903836048344719 0 0.154492905937993 0.0893326326852338 0.119285338938518 0.0877561744613768
"pelSin" 0.14503415659485 0.127693116132422 0.144508670520231 0.130320546505518 0.126116657908565 0.125065685759327 0.128744088281661 0.131371518654756 0.13452443510247 0.135575407251708 0.132422490803994 0.148187073042564 0.137677351550184 0.154492905937993 0 0.125065685759327 0.170257488176563 0.122438255386232
"plaMeg" 0.0725170782974251 0.0367840252233316 0.0583289542827115 0.0367840252233316 0.0304781923279033 0.0341565948502365 0.0383604834471886 0.0367840252233316 0.0367840252233316 0.0583289542827115 0.0341565948502365 0.0504466631634262 0.0651602732527588 0.0893326326852338 0.125065685759327 0 0.119810825013137 0.0199684708355229
"podExp" 0.13977929584866 0.126642143983184 0.141881240147136 0.119285338938518 0.121912769311613 0.124540199684708 0.130320546505518 0.118759852863899 0.128744088281661 0.114555964266947 0.127693116132422 0.146085128744088 0.119285338938518 0.119285338938518 0.170257488176563 0.119810825013137 0 0.116657908565423
"terMex" 0.0667367314766159 0.0299527062532843 0.0562270099842354 0.0315291644771414 0.0157645822385707 0.0357330530740935 0.0404624277456647 0.0320546505517604 0.0346820809248555 0.0520231213872832 0.0367840252233316 0.0378349973725696 0.0583289542827115 0.0877561744613768 0.122438255386232 0.0199684708355229 0.116657908565423 0
