"carIns" "cheAbi" "cheMyd" "cheSer" "chrPic" "cuoAmb" "cuoMcc" "derCor" "derMaw" "emySub" "gopAga" "malTer" "mesTub" "pelSin" "plaMeg" "podExp" "terMex"
"carIns" 0 0.0920716112531969 0.0775788576300085 0.0801364023870418 0.0835464620630861 0.219096334185848 0.0809889173060529 0.0792838874680307 0.0895140664961637 0.0946291560102302 0.0886615515771526 0.0835464620630861 0.0971867007672634 0.0878090366581415 0.0835464620630861 0.115942028985507 0.0775788576300085
"cheAbi" 0.0920716112531969 0 0.0298380221653879 0.0315430520034101 0.030690537084399 0.172208013640239 0.0179028132992327 0.0375106564364876 0.0588235294117647 0.0639386189258312 0.0170502983802217 0.0315430520034101 0.0630861040068201 0.0809889173060529 0.0255754475703325 0.0963341858482523 0.0230179028132992
"cheMyd" 0.0775788576300085 0.0298380221653879 0 0.0213128729752771 0.0221653878942881 0.179880647911338 0.0272804774083546 0.020460358056266 0.0434782608695652 0.0537084398976982 0.0289855072463768 0.0247229326513214 0.0494458653026428 0.0690537084398977 0.0196078431372549 0.0869565217391304 0.0161977834612106
"cheSer" 0.0801364023870418 0.0315430520034101 0.0213128729752771 0 0.0281329923273657 0.18073316283035 0.0289855072463768 0.0289855072463768 0.051150895140665 0.0596760443307758 0.0289855072463768 0.0289855072463768 0.0554134697357204 0.0741687979539642 0.0213128729752771 0.0912190963341858 0.020460358056266
"chrPic" 0.0835464620630861 0.030690537084399 0.0221653878942881 0.0281329923273657 0 0.18073316283035 0.0247229326513214 0.0323955669224211 0.051150895140665 0.061381074168798 0.0281329923273657 0.00767263427109974 0.0571184995737425 0.0758738277919864 0.020460358056266 0.0954816709292413 0.0110826939471441
"cuoAmb" 0.219096334185848 0.172208013640239 0.179880647911338 0.18073316283035 0.18073316283035 0 0.163682864450128 0.184143222506394 0.200341005967604 0.210571184995737 0.170502983802217 0.18073316283035 0.205456095481671 0.213128729752771 0.171355498721228 0.233589087809037 0.174765558397272
"cuoMcc" 0.0809889173060529 0.0179028132992327 0.0272804774083546 0.0289855072463768 0.0247229326513214 0.163682864450128 0 0.030690537084399 0.0545609548167093 0.0588235294117647 0.0153452685421995 0.0255754475703325 0.0579710144927536 0.0716112531969309 0.0196078431372549 0.0920716112531969 0.0170502983802217
"derCor" 0.0792838874680307 0.0375106564364876 0.020460358056266 0.0289855072463768 0.0323955669224211 0.184143222506394 0.030690537084399 0 0.0545609548167093 0.0562659846547315 0.0358056265984655 0.0323955669224211 0.0571184995737425 0.0733162830349531 0.0289855072463768 0.0861040068201194 0.0264279624893436
"derMaw" 0.0895140664961637 0.0588235294117647 0.0434782608695652 0.051150895140665 0.051150895140665 0.200341005967604 0.0545609548167093 0.0545609548167093 0 0.0792838874680307 0.0579710144927536 0.0528559249786871 0.0716112531969309 0.0852514919011083 0.0477408354646206 0.104859335038363 0.0460358056265985
"emySub" 0.0946291560102302 0.0639386189258312 0.0537084398976982 0.0596760443307758 0.061381074168798 0.210571184995737 0.0588235294117647 0.0562659846547315 0.0792838874680307 0 0.0656436487638534 0.062233589087809 0.0341005967604433 0.082693947144075 0.0588235294117647 0.082693947144075 0.0537084398976982
"gopAga" 0.0886615515771526 0.0170502983802217 0.0289855072463768 0.0289855072463768 0.0281329923273657 0.170502983802217 0.0153452685421995 0.0358056265984655 0.0579710144927536 0.0656436487638534 0 0.0272804774083546 0.061381074168798 0.0801364023870418 0.0230179028132992 0.0963341858482523 0.020460358056266
"malTer" 0.0835464620630861 0.0315430520034101 0.0247229326513214 0.0289855072463768 0.00767263427109974 0.18073316283035 0.0255754475703325 0.0323955669224211 0.0528559249786871 0.062233589087809 0.0272804774083546 0 0.0596760443307758 0.0750213128729753 0.0213128729752771 0.0971867007672634 0.0119352088661552
"mesTub" 0.0971867007672634 0.0630861040068201 0.0494458653026428 0.0554134697357204 0.0571184995737425 0.205456095481671 0.0579710144927536 0.0571184995737425 0.0716112531969309 0.0341005967604433 0.061381074168798 0.0596760443307758 0 0.0852514919011083 0.0528559249786871 0.0895140664961637 0.0494458653026428
"pelSin" 0.0878090366581415 0.0809889173060529 0.0690537084398977 0.0741687979539642 0.0758738277919864 0.213128729752771 0.0716112531969309 0.0733162830349531 0.0852514919011083 0.082693947144075 0.0801364023870418 0.0750213128729753 0.0852514919011083 0 0.0716112531969309 0.112531969309463 0.0682011935208866
"plaMeg" 0.0835464620630861 0.0255754475703325 0.0196078431372549 0.0213128729752771 0.020460358056266 0.171355498721228 0.0196078431372549 0.0289855072463768 0.0477408354646206 0.0588235294117647 0.0230179028132992 0.0213128729752771 0.0528559249786871 0.0716112531969309 0 0.0912190963341858 0.0127877237851662
"podExp" 0.115942028985507 0.0963341858482523 0.0869565217391304 0.0912190963341858 0.0954816709292413 0.233589087809037 0.0920716112531969 0.0861040068201194 0.104859335038363 0.082693947144075 0.0963341858482523 0.0971867007672634 0.0895140664961637 0.112531969309463 0.0912190963341858 0 0.0903665814151748
"terMex" 0.0775788576300085 0.0230179028132992 0.0161977834612106 0.020460358056266 0.0110826939471441 0.174765558397272 0.0170502983802217 0.0264279624893436 0.0460358056265985 0.0537084398976982 0.020460358056266 0.0119352088661552 0.0494458653026428 0.0682011935208866 0.0127877237851662 0.0903665814151748 0
