"carIns" "cheAbi" "cheMyd" "cheSer" "chrPic" "cuoAmb" "cuoMcc" "derCor" "derMaw" "emySub" "gopAga" "malTer" "mesTub" "pelCas" "pelSin" "plaMeg" "podExp" "terMex"
"carIns" 0 0.051156271899089 0.0385423966362999 0.0420462508759636 0.0371408549404345 0.0448493342676945 0.0462508759635599 0.0378416257883672 0.0497547302032235 0.0567624386825508 0.0469516468114926 0.0385423966362999 0.0518570427470217 0.0560616678346181 0.0371408549404345 0.043447792571829 0.0602662929222144 0.0378416257883672
"cheAbi" 0.051156271899089 0 0.0343377715487036 0.0371408549404345 0.02312543798178 0.0217238962859145 0.0210231254379818 0.0343377715487036 0.0448493342676945 0.0581639803784163 0.0182200420462509 0.02312543798178 0.0539593552908199 0.0630693763139453 0.0490539593552908 0.028030833917309 0.0637701471618781 0.0203223545900491
"cheMyd" 0.0385423966362999 0.0343377715487036 0 0.0203223545900491 0.0238262088297127 0.0336370007007709 0.0336370007007709 0.0147161878065872 0.0301331464611072 0.0455501051156272 0.0336370007007709 0.0252277505255781 0.0413454800280308 0.0490539593552908 0.0392431674842327 0.0294323756131745 0.0532585844428872 0.0210231254379818
"cheSer" 0.0420462508759636 0.0371408549404345 0.0203223545900491 0 0.0217238962859145 0.0329362298528381 0.0329362298528381 0.0182200420462509 0.0308339173090399 0.0504555010511563 0.0343377715487036 0.02312543798178 0.043447792571829 0.0469516468114926 0.0385423966362999 0.0301331464611072 0.0525578135949544 0.0224246671338472
"chrPic" 0.0371408549404345 0.02312543798178 0.0238262088297127 0.0217238962859145 0 0.0168185003503854 0.0182200420462509 0.0217238962859145 0.0322354590049054 0.0483531885073581 0.0210231254379818 0.0028030833917309 0.0427470217238963 0.0476524176594254 0.0378416257883672 0.01541695865452 0.0518570427470217 0.00490539593552908
"cuoAmb" 0.0448493342676945 0.0217238962859145 0.0336370007007709 0.0329362298528381 0.0168185003503854 0 0.00420462508759636 0.0301331464611072 0.0378416257883672 0.0553608969866854 0.0196215837421163 0.0168185003503854 0.0497547302032235 0.0595655220742817 0.0462508759635599 0.0224246671338472 0.0602662929222144 0.0161177295024527
"cuoMcc" 0.0462508759635599 0.0210231254379818 0.0336370007007709 0.0329362298528381 0.0182200420462509 0.00420462508759636 0 0.0315346881569727 0.0392431674842327 0.0553608969866854 0.0196215837421163 0.0182200420462509 0.051156271899089 0.0595655220742817 0.0476524176594254 0.0224246671338472 0.0630693763139453 0.0161177295024527
"derCor" 0.0378416257883672 0.0343377715487036 0.0147161878065872 0.0182200420462509 0.0217238962859145 0.0301331464611072 0.0315346881569727 0 0.028030833917309 0.0490539593552908 0.0329362298528381 0.02312543798178 0.0420462508759636 0.051156271899089 0.0392431674842327 0.0273300630693763 0.0525578135949544 0.0196215837421163
"derMaw" 0.0497547302032235 0.0448493342676945 0.0301331464611072 0.0308339173090399 0.0322354590049054 0.0378416257883672 0.0392431674842327 0.028030833917309 0 0.0539593552908199 0.0448493342676945 0.0322354590049054 0.0469516468114926 0.0574632095304835 0.0504555010511563 0.0371408549404345 0.0609670637701472 0.0315346881569727
"emySub" 0.0567624386825508 0.0581639803784163 0.0455501051156272 0.0504555010511563 0.0483531885073581 0.0553608969866854 0.0553608969866854 0.0490539593552908 0.0539593552908199 0 0.0553608969866854 0.0483531885073581 0.0273300630693763 0.043447792571829 0.0525578135949544 0.0532585844428872 0.0455501051156272 0.0455501051156272
"gopAga" 0.0469516468114926 0.0182200420462509 0.0336370007007709 0.0343377715487036 0.0210231254379818 0.0196215837421163 0.0196215837421163 0.0329362298528381 0.0448493342676945 0.0553608969866854 0 0.0210231254379818 0.051156271899089 0.0602662929222144 0.0462508759635599 0.0252277505255781 0.0616678346180799 0.0175192711983181
"malTer" 0.0385423966362999 0.02312543798178 0.0252277505255781 0.02312543798178 0.0028030833917309 0.0168185003503854 0.0182200420462509 0.02312543798178 0.0322354590049054 0.0483531885073581 0.0210231254379818 0 0.0441485634197617 0.0490539593552908 0.0406447091800981 0.01541695865452 0.0518570427470217 0.00490539593552908
"mesTub" 0.0518570427470217 0.0539593552908199 0.0413454800280308 0.043447792571829 0.0427470217238963 0.0497547302032235 0.051156271899089 0.0420462508759636 0.0469516468114926 0.0273300630693763 0.051156271899089 0.0441485634197617 0 0.0385423966362999 0.0504555010511563 0.0483531885073581 0.0392431674842327 0.0420462508759636
"pelCas" 0.0560616678346181 0.0630693763139453 0.0490539593552908 0.0469516468114926 0.0476524176594254 0.0595655220742817 0.0595655220742817 0.051156271899089 0.0574632095304835 0.043447792571829 0.0602662929222144 0.0490539593552908 0.0385423966362999 0 0.0497547302032235 0.0546601261387526 0.0392431674842327 0.0497547302032235
"pelSin" 0.0371408549404345 0.0490539593552908 0.0392431674842327 0.0385423966362999 0.0378416257883672 0.0462508759635599 0.0476524176594254 0.0392431674842327 0.0504555010511563 0.0525578135949544 0.0462508759635599 0.0406447091800981 0.0504555010511563 0.0497547302032235 0 0.0455501051156272 0.0539593552908199 0.0378416257883672
"plaMeg" 0.043447792571829 0.028030833917309 0.0294323756131745 0.0301331464611072 0.01541695865452 0.0224246671338472 0.0224246671338472 0.0273300630693763 0.0371408549404345 0.0532585844428872 0.0252277505255781 0.01541695865452 0.0483531885073581 0.0546601261387526 0.0455501051156272 0 0.058864751226349 0.0119131044148563
"podExp" 0.0602662929222144 0.0637701471618781 0.0532585844428872 0.0525578135949544 0.0518570427470217 0.0602662929222144 0.0630693763139453 0.0525578135949544 0.0609670637701472 0.0455501051156272 0.0616678346180799 0.0518570427470217 0.0392431674842327 0.0392431674842327 0.0539593552908199 0.058864751226349 0 0.051156271899089
"terMex" 0.0378416257883672 0.0203223545900491 0.0210231254379818 0.0224246671338472 0.00490539593552908 0.0161177295024527 0.0161177295024527 0.0196215837421163 0.0315346881569727 0.0455501051156272 0.0175192711983181 0.00490539593552908 0.0420462508759636 0.0497547302032235 0.0378416257883672 0.0119131044148563 0.051156271899089 0
