"carIns" "cheAbi" "cheMyd" "cheSer" "chrPic" "cuoAmb" "cuoMcc" "derCor" "derMaw" "emySub" "gopAga" "malTer" "mesTub" "pelCas" "pelSin" "plaMeg" "podExp" "terMex"
"carIns" 0 0.0272952853598015 0.0272952853598015 0.0306038047973532 0.0256410256410256 0.0239867659222498 0.0248138957816377 0.033085194375517 0.032258064516129 0.0413564929693962 0.0256410256410256 0.0239867659222498 0.0380479735318445 0.0421836228287841 0.0239867659222498 0.0256410256410256 0.0413564929693962 0.0239867659222498
"cheAbi" 0.0272952853598015 0 0.0140612076095947 0.0140612076095947 0.010752688172043 0.00578990901571547 0.00661703887510339 0.0132340777502068 0.0173697270471464 0.0272952853598015 0.00578990901571547 0.010752688172043 0.0239867659222498 0.0372208436724566 0.0264681555004136 0.00909842845326716 0.0314309346567411 0.010752688172043
"cheMyd" 0.0272952853598015 0.0140612076095947 0 0.0124069478908189 0.0115798180314309 0.00992555831265509 0.010752688172043 0.00992555831265509 0.0173697270471464 0.0297766749379653 0.0115798180314309 0.00992555831265509 0.0281224152191894 0.0372208436724566 0.0248138957816377 0.0115798180314309 0.032258064516129 0.0115798180314309
"cheSer" 0.0306038047973532 0.0140612076095947 0.0124069478908189 0 0.0132340777502068 0.0115798180314309 0.0124069478908189 0.0165425971877585 0.0165425971877585 0.0281224152191894 0.0115798180314309 0.0132340777502068 0.0264681555004136 0.0363937138130687 0.0289495450785773 0.00827129859387924 0.0355665839536807 0.0132340777502068
"chrPic" 0.0256410256410256 0.010752688172043 0.0115798180314309 0.0132340777502068 0 0.00661703887510339 0.00744416873449132 0.0148883374689826 0.0165425971877585 0.0264681555004136 0.00661703887510339 0.00165425971877585 0.0231596360628619 0.0363937138130687 0.0223325062034739 0.00661703887510339 0.0339123242349049 0.00496277915632754
"cuoAmb" 0.0239867659222498 0.00578990901571547 0.00992555831265509 0.0115798180314309 0.00661703887510339 0 0.000827129859387924 0.0132340777502068 0.0148883374689826 0.0264681555004136 0.00165425971877585 0.00496277915632754 0.0231596360628619 0.033085194375517 0.0223325062034739 0.00496277915632754 0.0306038047973532 0.00661703887510339
"cuoMcc" 0.0248138957816377 0.00661703887510339 0.010752688172043 0.0124069478908189 0.00744416873449132 0.000827129859387924 0 0.0140612076095947 0.0157154673283706 0.0272952853598015 0.00248138957816377 0.00578990901571547 0.0239867659222498 0.0339123242349049 0.0231596360628619 0.00578990901571547 0.0314309346567411 0.00744416873449132
"derCor" 0.033085194375517 0.0132340777502068 0.00992555831265509 0.0165425971877585 0.0148883374689826 0.0132340777502068 0.0140612076095947 0 0.0190239867659222 0.033085194375517 0.0132340777502068 0.0148883374689826 0.0281224152191894 0.04383788254756 0.0297766749379653 0.0148883374689826 0.0380479735318445 0.0148883374689826
"derMaw" 0.032258064516129 0.0173697270471464 0.0173697270471464 0.0165425971877585 0.0165425971877585 0.0148883374689826 0.0157154673283706 0.0190239867659222 0 0.0347394540942928 0.0148883374689826 0.0165425971877585 0.0314309346567411 0.0413564929693962 0.0289495450785773 0.0148883374689826 0.0388751033912324 0.0148883374689826
"emySub" 0.0413564929693962 0.0272952853598015 0.0297766749379653 0.0281224152191894 0.0264681555004136 0.0264681555004136 0.0272952853598015 0.033085194375517 0.0347394540942928 0 0.0264681555004136 0.0264681555004136 0.00827129859387924 0.0339123242349049 0.0380479735318445 0.0248138957816377 0.032258064516129 0.0264681555004136
"gopAga" 0.0256410256410256 0.00578990901571547 0.0115798180314309 0.0115798180314309 0.00661703887510339 0.00165425971877585 0.00248138957816377 0.0132340777502068 0.0148883374689826 0.0264681555004136 0 0.00661703887510339 0.0231596360628619 0.0347394540942928 0.0239867659222498 0.00496277915632754 0.032258064516129 0.00661703887510339
"malTer" 0.0239867659222498 0.010752688172043 0.00992555831265509 0.0132340777502068 0.00165425971877585 0.00496277915632754 0.00578990901571547 0.0148883374689826 0.0165425971877585 0.0264681555004136 0.00661703887510339 0 0.0231596360628619 0.0347394540942928 0.0206782464846981 0.00661703887510339 0.032258064516129 0.00496277915632754
"mesTub" 0.0380479735318445 0.0239867659222498 0.0281224152191894 0.0264681555004136 0.0231596360628619 0.0231596360628619 0.0239867659222498 0.0281224152191894 0.0314309346567411 0.00827129859387924 0.0231596360628619 0.0231596360628619 0 0.032258064516129 0.0363937138130687 0.021505376344086 0.0289495450785773 0.0231596360628619
"pelCas" 0.0421836228287841 0.0372208436724566 0.0372208436724566 0.0363937138130687 0.0363937138130687 0.033085194375517 0.0339123242349049 0.04383788254756 0.0413564929693962 0.0339123242349049 0.0347394540942928 0.0347394540942928 0.032258064516129 0 0.0380479735318445 0.033085194375517 0.0223325062034739 0.033085194375517
"pelSin" 0.0239867659222498 0.0264681555004136 0.0248138957816377 0.0289495450785773 0.0223325062034739 0.0223325062034739 0.0231596360628619 0.0297766749379653 0.0289495450785773 0.0380479735318445 0.0239867659222498 0.0206782464846981 0.0363937138130687 0.0380479735318445 0 0.0239867659222498 0.0397022332506203 0.0206782464846981
"plaMeg" 0.0256410256410256 0.00909842845326716 0.0115798180314309 0.00827129859387924 0.00661703887510339 0.00496277915632754 0.00578990901571547 0.0148883374689826 0.0148883374689826 0.0248138957816377 0.00496277915632754 0.00661703887510339 0.021505376344086 0.033085194375517 0.0239867659222498 0 0.0306038047973532 0.00661703887510339
"podExp" 0.0413564929693962 0.0314309346567411 0.032258064516129 0.0355665839536807 0.0339123242349049 0.0306038047973532 0.0314309346567411 0.0380479735318445 0.0388751033912324 0.032258064516129 0.032258064516129 0.032258064516129 0.0289495450785773 0.0223325062034739 0.0397022332506203 0.0306038047973532 0 0.0306038047973532
"terMex" 0.0239867659222498 0.010752688172043 0.0115798180314309 0.0132340777502068 0.00496277915632754 0.00661703887510339 0.00744416873449132 0.0148883374689826 0.0148883374689826 0.0264681555004136 0.00661703887510339 0.00496277915632754 0.0231596360628619 0.033085194375517 0.0206782464846981 0.00661703887510339 0.0306038047973532 0
