"carIns" "cheAbi" "cheMyd" "cheSer" "chrPic" "cuoAmb" "cuoMcc" "derCor" "derMaw" "emySub" "gopAga" "malTer" "mesTub" "pelCas" "pelSin" "plaMeg" "podExp" "terMex"
"carIns" 0 0.104806934594169 0.0843183609141056 0.100078802206462 0.0882584712371946 0.104018912529551 0.105594956658786 0.0882584712371946 0.10086682427108 0.0977147360126084 0.10086682427108 0.0898345153664303 0.110323089046493 0.104018912529551 0.0890464933018125 0.0898345153664303 0.111899133175729 0.086682427107959
"cheAbi" 0.104806934594169 0 0.0488573680063042 0.0646178092986604 0.0488573680063042 0.0283687943262411 0.0315208825847124 0.0559495665878645 0.0669818754925138 0.0898345153664303 0.0236406619385343 0.049645390070922 0.103230890464933 0.0985027580772262 0.0914105594956659 0.0449172576832151 0.099290780141844 0.0441292356185973
"cheMyd" 0.0843183609141056 0.0488573680063042 0 0.0394011032308905 0.0267927501970055 0.0457052797478329 0.0480693459416864 0.0197005516154452 0.0394011032308905 0.0717100078802207 0.0386130811662727 0.0283687943262411 0.0843183609141056 0.0795902285263987 0.0756501182033097 0.0307328605200946 0.0851063829787234 0.0244286840031521
"cheSer" 0.100078802206462 0.0646178092986604 0.0394011032308905 0 0.049645390070922 0.0614657210401891 0.0598896769109535 0.0488573680063042 0.0567375886524823 0.0772261623325453 0.0575256107171001 0.0488573680063042 0.0953506698187549 0.0843183609141056 0.0858944050433412 0.0504334121355398 0.0914105594956659 0.0449172576832151
"chrPic" 0.0882584712371946 0.0488573680063042 0.0267927501970055 0.049645390070922 0 0.0425531914893617 0.0433412135539795 0.037037037037037 0.0480693459416864 0.0788022064617809 0.0409771473601261 0.0102442868400315 0.0898345153664303 0.08274231678487 0.0780141843971631 0.0291568163908589 0.0929866036249015 0.0157604412923562
"cuoAmb" 0.104018912529551 0.0283687943262411 0.0457052797478329 0.0614657210401891 0.0425531914893617 0 0.0118203309692671 0.0527974783293932 0.0646178092986604 0.0858944050433412 0.0260047281323877 0.0449172576832151 0.0937746256895193 0.0929866036249015 0.0874704491725768 0.0417651694247439 0.0945626477541371 0.0409771473601261
"cuoMcc" 0.105594956658786 0.0315208825847124 0.0480693459416864 0.0598896769109535 0.0433412135539795 0.0118203309692671 0 0.0520094562647754 0.0638297872340425 0.0874704491725768 0.0283687943262411 0.0457052797478329 0.0969267139479905 0.0969267139479905 0.0882584712371946 0.0409771473601261 0.0961386918833727 0.0417651694247439
"derCor" 0.0882584712371946 0.0559495665878645 0.0197005516154452 0.0488573680063042 0.037037037037037 0.0527974783293932 0.0520094562647754 0 0.0441292356185973 0.0756501182033097 0.0472813238770686 0.0401891252955083 0.086682427107959 0.0843183609141056 0.0819542947202522 0.0378250591016548 0.0914105594956659 0.037037037037037
"derMaw" 0.10086682427108 0.0669818754925138 0.0394011032308905 0.0567375886524823 0.0480693459416864 0.0646178092986604 0.0638297872340425 0.0441292356185973 0 0.0858944050433412 0.0598896769109535 0.049645390070922 0.0953506698187549 0.0961386918833727 0.0890464933018125 0.049645390070922 0.0985027580772262 0.0464933018124507
"emySub" 0.0977147360126084 0.0898345153664303 0.0717100078802207 0.0772261623325453 0.0788022064617809 0.0858944050433412 0.0874704491725768 0.0756501182033097 0.0858944050433412 0 0.0819542947202522 0.0772261623325453 0.053585500394011 0.0772261623325453 0.0843183609141056 0.0764381402679275 0.08274231678487 0.0756501182033097
"gopAga" 0.10086682427108 0.0236406619385343 0.0386130811662727 0.0575256107171001 0.0409771473601261 0.0260047281323877 0.0283687943262411 0.0472813238770686 0.0598896769109535 0.0819542947202522 0 0.0417651694247439 0.0937746256895193 0.0921985815602837 0.0874704491725768 0.037037037037037 0.0969267139479905 0.0362490149724192
"malTer" 0.0898345153664303 0.049645390070922 0.0283687943262411 0.0488573680063042 0.0102442868400315 0.0449172576832151 0.0457052797478329 0.0401891252955083 0.049645390070922 0.0772261623325453 0.0417651694247439 0 0.0882584712371946 0.0851063829787234 0.0780141843971631 0.0299448384554768 0.0914105594956659 0.016548463356974
"mesTub" 0.110323089046493 0.103230890464933 0.0843183609141056 0.0953506698187549 0.0898345153664303 0.0937746256895193 0.0969267139479905 0.086682427107959 0.0953506698187549 0.053585500394011 0.0937746256895193 0.0882584712371946 0 0.0921985815602837 0.0969267139479905 0.0890464933018125 0.0890464933018125 0.0890464933018125
"pelCas" 0.104018912529551 0.0985027580772262 0.0795902285263987 0.0843183609141056 0.08274231678487 0.0929866036249015 0.0969267139479905 0.0843183609141056 0.0961386918833727 0.0772261623325453 0.0921985815602837 0.0851063829787234 0.0921985815602837 0 0.100078802206462 0.0851063829787234 0.0677698975571316 0.0795902285263987
"pelSin" 0.0890464933018125 0.0914105594956659 0.0756501182033097 0.0858944050433412 0.0780141843971631 0.0874704491725768 0.0882584712371946 0.0819542947202522 0.0890464933018125 0.0843183609141056 0.0874704491725768 0.0780141843971631 0.0969267139479905 0.100078802206462 0 0.0772261623325453 0.0985027580772262 0.0756501182033097
"plaMeg" 0.0898345153664303 0.0449172576832151 0.0307328605200946 0.0504334121355398 0.0291568163908589 0.0417651694247439 0.0409771473601261 0.0378250591016548 0.049645390070922 0.0764381402679275 0.037037037037037 0.0299448384554768 0.0890464933018125 0.0851063829787234 0.0772261623325453 0 0.0882584712371946 0.0244286840031521
"podExp" 0.111899133175729 0.099290780141844 0.0851063829787234 0.0914105594956659 0.0929866036249015 0.0945626477541371 0.0961386918833727 0.0914105594956659 0.0985027580772262 0.08274231678487 0.0969267139479905 0.0914105594956659 0.0890464933018125 0.0677698975571316 0.0985027580772262 0.0882584712371946 0 0.0882584712371946
"terMex" 0.086682427107959 0.0441292356185973 0.0244286840031521 0.0449172576832151 0.0157604412923562 0.0409771473601261 0.0417651694247439 0.037037037037037 0.0464933018124507 0.0756501182033097 0.0362490149724192 0.016548463356974 0.0890464933018125 0.0795902285263987 0.0756501182033097 0.0244286840031521 0.0882584712371946 0
