"carIns" "cheAbi" "cheMyd" "cheSer" "chrPic" "cuoAmb" "cuoMcc" "derMaw" "emySub" "gopAga" "malTer" "mesTub" "pelCas" "pelSin" "plaMeg" "podExp" "terMex"
"carIns" 0 0.0747126436781609 0.0373563218390805 0.0366379310344828 0.0402298850574713 0.0352011494252874 0.033764367816092 0.0359195402298851 0.0416666666666667 0.0359195402298851 0.0395114942528736 0.0416666666666667 0.0452586206896552 0.0387931034482759 0.0366379310344828 0.0510057471264368 0.0352011494252874
"cheAbi" 0.0747126436781609 0 0.0545977011494253 0.055316091954023 0.0545977011494253 0.048132183908046 0.0466954022988506 0.0603448275862069 0.0725574712643678 0.0502873563218391 0.0538793103448276 0.0725574712643678 0.0718390804597701 0.0732758620689655 0.0524425287356322 0.0761494252873563 0.0510057471264368
"cheMyd" 0.0373563218390805 0.0545977011494253 0 0.0122126436781609 0.0158045977011494 0.0122126436781609 0.0107758620689655 0.0179597701149425 0.0308908045977011 0.0136494252873563 0.0150862068965517 0.0323275862068966 0.0359195402298851 0.0359195402298851 0.0122126436781609 0.040948275862069 0.0107758620689655
"cheSer" 0.0366379310344828 0.055316091954023 0.0122126436781609 0 0.0150862068965517 0.0129310344827586 0.0114942528735632 0.0172413793103448 0.0316091954022989 0.014367816091954 0.0158045977011494 0.0316091954022989 0.0352011494252874 0.033764367816092 0.0129310344827586 0.0387931034482759 0.0114942528735632
"chrPic" 0.0402298850574713 0.0545977011494253 0.0158045977011494 0.0150862068965517 0 0.0122126436781609 0.0107758620689655 0.0201149425287356 0.0330459770114943 0.0136494252873563 0.00646551724137931 0.033764367816092 0.0373563218390805 0.0373563218390805 0.0107758620689655 0.040948275862069 0.0107758620689655
"cuoAmb" 0.0352011494252874 0.048132183908046 0.0122126436781609 0.0129310344827586 0.0122126436781609 0 0.0014367816091954 0.0172413793103448 0.0301724137931034 0.00718390804597701 0.0114942528735632 0.0301724137931034 0.0323275862068966 0.0330459770114943 0.00862068965517241 0.0359195402298851 0.00862068965517241
"cuoMcc" 0.033764367816092 0.0466954022988506 0.0107758620689655 0.0114942528735632 0.0107758620689655 0.0014367816091954 0 0.0158045977011494 0.028735632183908 0.00574712643678161 0.0100574712643678 0.028735632183908 0.0308908045977011 0.0316091954022989 0.00718390804597701 0.0352011494252874 0.00718390804597701
"derMaw" 0.0359195402298851 0.0603448275862069 0.0179597701149425 0.0172413793103448 0.0201149425287356 0.0172413793103448 0.0158045977011494 0 0.0352011494252874 0.0193965517241379 0.0193965517241379 0.0352011494252874 0.0387931034482759 0.0373563218390805 0.0158045977011494 0.0438218390804598 0.0150862068965517
"emySub" 0.0416666666666667 0.0725574712643678 0.0308908045977011 0.0316091954022989 0.0330459770114943 0.0301724137931034 0.028735632183908 0.0352011494252874 0 0.0323275862068966 0.0344827586206897 0.0114942528735632 0.0237068965517241 0.0423850574712644 0.0316091954022989 0.0308908045977011 0.0301724137931034
"gopAga" 0.0359195402298851 0.0502873563218391 0.0136494252873563 0.014367816091954 0.0136494252873563 0.00718390804597701 0.00574712643678161 0.0193965517241379 0.0323275862068966 0 0.0129310344827586 0.0323275862068966 0.0344827586206897 0.0330459770114943 0.0100574712643678 0.0395114942528736 0.0100574712643678
"malTer" 0.0395114942528736 0.0538793103448276 0.0150862068965517 0.0158045977011494 0.00646551724137931 0.0114942528735632 0.0100574712643678 0.0193965517241379 0.0344827586206897 0.0129310344827586 0 0.0344827586206897 0.0380747126436782 0.0380747126436782 0.0100574712643678 0.0416666666666667 0.0100574712643678
"mesTub" 0.0416666666666667 0.0725574712643678 0.0323275862068966 0.0316091954022989 0.033764367816092 0.0301724137931034 0.028735632183908 0.0352011494252874 0.0114942528735632 0.0323275862068966 0.0344827586206897 0 0.0237068965517241 0.0387931034482759 0.0316091954022989 0.0308908045977011 0.0301724137931034
"pelCas" 0.0452586206896552 0.0718390804597701 0.0359195402298851 0.0352011494252874 0.0373563218390805 0.0323275862068966 0.0308908045977011 0.0387931034482759 0.0237068965517241 0.0344827586206897 0.0380747126436782 0.0237068965517241 0 0.0445402298850575 0.0352011494252874 0.0244252873563218 0.033764367816092
"pelSin" 0.0387931034482759 0.0732758620689655 0.0359195402298851 0.033764367816092 0.0373563218390805 0.0330459770114943 0.0316091954022989 0.0373563218390805 0.0423850574712644 0.0330459770114943 0.0380747126436782 0.0387931034482759 0.0445402298850575 0 0.0344827586206897 0.0502873563218391 0.033764367816092
"plaMeg" 0.0366379310344828 0.0524425287356322 0.0122126436781609 0.0129310344827586 0.0107758620689655 0.00862068965517241 0.00718390804597701 0.0158045977011494 0.0316091954022989 0.0100574712643678 0.0100574712643678 0.0316091954022989 0.0352011494252874 0.0344827586206897 0 0.0402298850574713 0.00718390804597701
"podExp" 0.0510057471264368 0.0761494252873563 0.040948275862069 0.0387931034482759 0.040948275862069 0.0359195402298851 0.0352011494252874 0.0438218390804598 0.0308908045977011 0.0395114942528736 0.0416666666666667 0.0308908045977011 0.0244252873563218 0.0502873563218391 0.0402298850574713 0 0.0387931034482759
"terMex" 0.0352011494252874 0.0510057471264368 0.0107758620689655 0.0114942528735632 0.0107758620689655 0.00862068965517241 0.00718390804597701 0.0150862068965517 0.0301724137931034 0.0100574712643678 0.0100574712643678 0.0301724137931034 0.033764367816092 0.033764367816092 0.00718390804597701 0.0387931034482759 0
