"carIns" "cheAbi" "cheMyd" "cheSer" "chrPic" "cuoAmb" "cuoMcc" "derCor" "derMaw" "emySub" "gopAga" "malTer" "mesTub" "pelCas" "pelSin" "plaMeg" "podExp" "terMex"
"carIns" 0 0.112037037037037 0.118518518518519 0.106481481481481 0.109259259259259 0.112962962962963 0.117592592592593 0.112962962962963 0.125 0.112037037037037 0.117592592592593 0.107407407407407 0.117592592592593 0.124074074074074 0.115740740740741 0.108333333333333 0.136111111111111 0.106481481481481
"cheAbi" 0.112037037037037 0 0.0472222222222222 0.0388888888888889 0.0268518518518519 0.0185185185185185 0.0194444444444444 0.0435185185185185 0.0592592592592593 0.0722222222222222 0.0203703703703704 0.0268518518518519 0.0814814814814815 0.0898148148148148 0.0935185185185185 0.0240740740740741 0.106481481481481 0.0240740740740741
"cheMyd" 0.118518518518519 0.0472222222222222 0 0.037962962962963 0.0388888888888889 0.0490740740740741 0.0518518518518519 0.0175925925925926 0.062962962962963 0.0796296296296296 0.0527777777777778 0.037037037037037 0.0888888888888889 0.0981481481481482 0.10462962962963 0.0342592592592593 0.114814814814815 0.0361111111111111
"cheSer" 0.106481481481481 0.0388888888888889 0.037962962962963 0 0.0287037037037037 0.0388888888888889 0.0416666666666667 0.0342592592592593 0.05 0.0638888888888889 0.0444444444444444 0.0287037037037037 0.0740740740740741 0.087962962962963 0.087037037037037 0.0240740740740741 0.10462962962963 0.0240740740740741
"chrPic" 0.109259259259259 0.0268518518518519 0.0388888888888889 0.0287037037037037 0 0.0268518518518519 0.0277777777777778 0.037037037037037 0.0490740740740741 0.0685185185185185 0.0305555555555556 0.00555555555555556 0.0787037037037037 0.0888888888888889 0.087962962962963 0.0138888888888889 0.108333333333333 0.0101851851851852
"cuoAmb" 0.112962962962963 0.0185185185185185 0.0490740740740741 0.0388888888888889 0.0268518518518519 0 0.00833333333333333 0.0435185185185185 0.0564814814814815 0.0731481481481481 0.0222222222222222 0.0268518518518519 0.0833333333333333 0.0898148148148148 0.0916666666666667 0.0259259259259259 0.107407407407407 0.0240740740740741
"cuoMcc" 0.117592592592593 0.0194444444444444 0.0518518518518519 0.0416666666666667 0.0277777777777778 0.00833333333333333 0 0.0462962962962963 0.0601851851851852 0.0777777777777778 0.0231481481481481 0.0277777777777778 0.0861111111111111 0.0888888888888889 0.0972222222222222 0.0268518518518519 0.108333333333333 0.025
"derCor" 0.112962962962963 0.0435185185185185 0.0175925925925926 0.0342592592592593 0.037037037037037 0.0435185185185185 0.0462962962962963 0 0.0611111111111111 0.0740740740740741 0.0490740740740741 0.037037037037037 0.0833333333333333 0.0962962962962963 0.0990740740740741 0.0324074074074074 0.112037037037037 0.0314814814814815
"derMaw" 0.125 0.0592592592592593 0.062962962962963 0.05 0.0490740740740741 0.0564814814814815 0.0601851851851852 0.0611111111111111 0 0.0898148148148148 0.0666666666666667 0.0509259259259259 0.102777777777778 0.112037037037037 0.112037037037037 0.05 0.130555555555556 0.05
"emySub" 0.112037037037037 0.0722222222222222 0.0796296296296296 0.0638888888888889 0.0685185185185185 0.0731481481481481 0.0777777777777778 0.0740740740740741 0.0898148148148148 0 0.0787037037037037 0.0685185185185185 0.0481481481481481 0.0731481481481481 0.0962962962962963 0.0657407407407407 0.0888888888888889 0.062962962962963
"gopAga" 0.117592592592593 0.0203703703703704 0.0527777777777778 0.0444444444444444 0.0305555555555556 0.0222222222222222 0.0231481481481481 0.0490740740740741 0.0666666666666667 0.0787037037037037 0 0.0305555555555556 0.0861111111111111 0.0953703703703704 0.0962962962962963 0.0296296296296296 0.110185185185185 0.0277777777777778
"malTer" 0.107407407407407 0.0268518518518519 0.037037037037037 0.0287037037037037 0.00555555555555556 0.0268518518518519 0.0277777777777778 0.037037037037037 0.0509259259259259 0.0685185185185185 0.0305555555555556 0 0.0768518518518519 0.0888888888888889 0.087962962962963 0.0138888888888889 0.108333333333333 0.0101851851851852
"mesTub" 0.117592592592593 0.0814814814814815 0.0888888888888889 0.0740740740740741 0.0787037037037037 0.0833333333333333 0.0861111111111111 0.0833333333333333 0.102777777777778 0.0481481481481481 0.0861111111111111 0.0768518518518519 0 0.0861111111111111 0.105555555555556 0.0759259259259259 0.101851851851852 0.0731481481481481
"pelCas" 0.124074074074074 0.0898148148148148 0.0981481481481482 0.087962962962963 0.0888888888888889 0.0898148148148148 0.0888888888888889 0.0962962962962963 0.112037037037037 0.0731481481481481 0.0953703703703704 0.0888888888888889 0.0861111111111111 0 0.114814814814815 0.0861111111111111 0.0675925925925926 0.0842592592592593
"pelSin" 0.115740740740741 0.0935185185185185 0.10462962962963 0.087037037037037 0.087962962962963 0.0916666666666667 0.0972222222222222 0.0990740740740741 0.112037037037037 0.0962962962962963 0.0962962962962963 0.087962962962963 0.105555555555556 0.114814814814815 0 0.0907407407407407 0.125925925925926 0.0861111111111111
"plaMeg" 0.108333333333333 0.0240740740740741 0.0342592592592593 0.0240740740740741 0.0138888888888889 0.0259259259259259 0.0268518518518519 0.0324074074074074 0.05 0.0657407407407407 0.0296296296296296 0.0138888888888889 0.0759259259259259 0.0861111111111111 0.0907407407407407 0 0.106481481481481 0.0111111111111111
"podExp" 0.136111111111111 0.106481481481481 0.114814814814815 0.10462962962963 0.108333333333333 0.107407407407407 0.108333333333333 0.112037037037037 0.130555555555556 0.0888888888888889 0.110185185185185 0.108333333333333 0.101851851851852 0.0675925925925926 0.125925925925926 0.106481481481481 0 0.103703703703704
"terMex" 0.106481481481481 0.0240740740740741 0.0361111111111111 0.0240740740740741 0.0101851851851852 0.0240740740740741 0.025 0.0314814814814815 0.05 0.062962962962963 0.0277777777777778 0.0101851851851852 0.0731481481481481 0.0842592592592593 0.0861111111111111 0.0111111111111111 0.103703703703704 0
