"carIns" "cheAbi" "cheMyd" "cheSer" "chrPic" "cuoAmb" "cuoMcc" "derCor" "derMaw" "emySub" "gopAga" "malTer" "mesTub" "pelCas" "pelSin" "plaMeg" "podExp" "terMex"
"carIns" 0 0.135906040268456 0.140939597315436 0.136744966442953 0.13255033557047 0.134228187919463 0.133389261744966 0.164429530201342 0.147651006711409 0.14010067114094 0.503355704697987 0.13255033557047 0.147651006711409 0.152684563758389 0.181208053691275 0.12751677852349 0.166107382550336 0.131711409395973
"cheAbi" 0.135906040268456 0 0.0436241610738255 0.0369127516778524 0.026006711409396 0.023489932885906 0.023489932885906 0.0796979865771812 0.0503355704697987 0.0629194630872483 0.48993288590604 0.0285234899328859 0.0805369127516778 0.0864093959731544 0.126677852348993 0.023489932885906 0.0939597315436242 0.0243288590604027
"cheMyd" 0.140939597315436 0.0436241610738255 0 0.0461409395973154 0.0402684563758389 0.0419463087248322 0.0411073825503356 0.0629194630872483 0.0587248322147651 0.0696308724832215 0.48741610738255 0.0427852348993289 0.0880872483221476 0.0931208053691275 0.135906040268456 0.0385906040268456 0.0981543624161074 0.0394295302013423
"cheSer" 0.136744966442953 0.0369127516778524 0.0461409395973154 0 0.0293624161073825 0.0360738255033557 0.0369127516778524 0.0788590604026846 0.0444630872483221 0.0662751677852349 0.485738255033557 0.0285234899328859 0.075503355704698 0.0880872483221476 0.129194630872483 0.0318791946308725 0.0973154362416107 0.0276845637583893
"chrPic" 0.13255033557047 0.026006711409396 0.0402684563758389 0.0293624161073825 0 0.0251677852348993 0.0243288590604027 0.0729865771812081 0.0453020134228188 0.0604026845637584 0.489093959731544 0.00419463087248322 0.0780201342281879 0.0796979865771812 0.12751677852349 0.0159395973154362 0.0880872483221476 0.00503355704697987
"cuoAmb" 0.134228187919463 0.023489932885906 0.0419463087248322 0.0360738255033557 0.0251677852348993 0 0.0125838926174497 0.0771812080536913 0.0503355704697987 0.063758389261745 0.491610738255034 0.026006711409396 0.0822147651006711 0.0838926174496644 0.13255033557047 0.0209731543624161 0.0922818791946309 0.0218120805369128
"cuoMcc" 0.133389261744966 0.023489932885906 0.0411073825503356 0.0369127516778524 0.0243288590604027 0.0125838926174497 0 0.0763422818791946 0.049496644295302 0.0645973154362416 0.48993288590604 0.0268456375838926 0.0805369127516778 0.0864093959731544 0.131711409395973 0.0209731543624161 0.0922818791946309 0.0226510067114094
"derCor" 0.164429530201342 0.0796979865771812 0.0629194630872483 0.0788590604026846 0.0729865771812081 0.0771812080536913 0.0763422818791946 0 0.0964765100671141 0.103187919463087 0.501677852348993 0.075503355704698 0.11744966442953 0.120805369127517 0.171140939597315 0.0729865771812081 0.124161073825503 0.0729865771812081
"derMaw" 0.147651006711409 0.0503355704697987 0.0587248322147651 0.0444630872483221 0.0453020134228188 0.0503355704697987 0.049496644295302 0.0964765100671141 0 0.0771812080536913 0.488255033557047 0.0478187919463087 0.0939597315436242 0.0998322147651007 0.135906040268456 0.0427852348993289 0.104026845637584 0.0436241610738255
"emySub" 0.14010067114094 0.0629194630872483 0.0696308724832215 0.0662751677852349 0.0604026845637584 0.063758389261745 0.0645973154362416 0.103187919463087 0.0771812080536913 0 0.483221476510067 0.0629194630872483 0.0419463087248322 0.0704697986577181 0.134228187919463 0.0578859060402685 0.0771812080536913 0.0595637583892617
"gopAga" 0.503355704697987 0.48993288590604 0.48741610738255 0.485738255033557 0.489093959731544 0.491610738255034 0.48993288590604 0.501677852348993 0.488255033557047 0.483221476510067 0 0.489093959731544 0.480704697986577 0.493288590604027 0.488255033557047 0.491610738255034 0.488255033557047 0.48993288590604
"malTer" 0.13255033557047 0.0285234899328859 0.0427852348993289 0.0285234899328859 0.00419463087248322 0.026006711409396 0.0268456375838926 0.075503355704698 0.0478187919463087 0.0629194630872483 0.489093959731544 0 0.0780201342281879 0.0813758389261745 0.13003355704698 0.0184563758389262 0.0914429530201342 0.00587248322147651
"mesTub" 0.147651006711409 0.0805369127516778 0.0880872483221476 0.075503355704698 0.0780201342281879 0.0822147651006711 0.0805369127516778 0.11744966442953 0.0939597315436242 0.0419463087248322 0.480704697986577 0.0780201342281879 0 0.0855704697986577 0.14261744966443 0.075503355704698 0.0956375838926175 0.0780201342281879
"pelCas" 0.152684563758389 0.0864093959731544 0.0931208053691275 0.0880872483221476 0.0796979865771812 0.0838926174496644 0.0864093959731544 0.120805369127517 0.0998322147651007 0.0704697986577181 0.493288590604027 0.0813758389261745 0.0855704697986577 0 0.150167785234899 0.0796979865771812 0.063758389261745 0.0780201342281879
"pelSin" 0.181208053691275 0.126677852348993 0.135906040268456 0.129194630872483 0.12751677852349 0.13255033557047 0.131711409395973 0.171140939597315 0.135906040268456 0.134228187919463 0.488255033557047 0.13003355704698 0.14261744966443 0.150167785234899 0 0.125838926174497 0.156879194630872 0.128355704697987
"plaMeg" 0.12751677852349 0.023489932885906 0.0385906040268456 0.0318791946308725 0.0159395973154362 0.0209731543624161 0.0209731543624161 0.0729865771812081 0.0427852348993289 0.0578859060402685 0.491610738255034 0.0184563758389262 0.075503355704698 0.0796979865771812 0.125838926174497 0 0.0906040268456376 0.014261744966443
"podExp" 0.166107382550336 0.0939597315436242 0.0981543624161074 0.0973154362416107 0.0880872483221476 0.0922818791946309 0.0922818791946309 0.124161073825503 0.104026845637584 0.0771812080536913 0.488255033557047 0.0914429530201342 0.0956375838926175 0.063758389261745 0.156879194630872 0.0906040268456376 0 0.0880872483221476
"terMex" 0.131711409395973 0.0243288590604027 0.0394295302013423 0.0276845637583893 0.00503355704697987 0.0218120805369128 0.0226510067114094 0.0729865771812081 0.0436241610738255 0.0595637583892617 0.48993288590604 0.00587248322147651 0.0780201342281879 0.0780201342281879 0.128355704697987 0.014261744966443 0.0880872483221476 0
