"carIns" "cheAbi" "cheMyd" "cheSer" "chrPic" "cuoAmb" "cuoMcc" "derCor" "derMaw" "emySub" "gopAga" "malTer" "mesTub" "pelCas" "pelSin" "plaMeg" "podExp" "terMex"
"carIns" 0 0.0594277329420396 0.0491562729273661 0.0528246515040352 0.0528246515040352 0.0528246515040352 0.0542920029347029 0.0491562729273661 0.0623624358033749 0.0645634629493764 0.0557593543653705 0.057960381511372 0.0645634629493764 0.0814380044020543 0.0674981658107117 0.0520909757887014 0.0858400586940572 0.0542920029347029
"cheAbi" 0.0594277329420396 0 0.0183418928833456 0.0190755685986794 0.020542920029347 0.012472487160675 0.012472487160675 0.0176082171680117 0.033015407190022 0.0440205429200293 0.00953778429933969 0.0242112986060161 0.0425531914893617 0.0645634629493764 0.0498899486426999 0.012472487160675 0.0689655172413793 0.0176082171680117
"cheMyd" 0.0491562729273661 0.0183418928833456 0 0.0110051357300073 0.0161408657373441 0.0110051357300073 0.0117388114453412 0.00953778429933969 0.02494497432135 0.0381511371973588 0.0139398385913426 0.020542920029347 0.0366837857666911 0.057960381511372 0.0432868672046955 0.00953778429933969 0.0601614086573734 0.0146735143066764
"cheSer" 0.0528246515040352 0.0190755685986794 0.0110051357300073 0 0.0168745414526779 0.0110051357300073 0.012472487160675 0.0117388114453412 0.0242112986060161 0.0388848129126926 0.0139398385913426 0.0220102714600147 0.0374174614820249 0.0601614086573734 0.0432868672046955 0.0110051357300073 0.0638297872340425 0.0139398385913426
"chrPic" 0.0528246515040352 0.020542920029347 0.0161408657373441 0.0168745414526779 0 0.0139398385913426 0.0154071900220103 0.0154071900220103 0.0286133528980191 0.0410858400586941 0.0168745414526779 0.00807043286867205 0.0388848129126926 0.0630961115187087 0.0476889214966985 0.0132061628760088 0.0667644900953778 0.00880410858400587
"cuoAmb" 0.0528246515040352 0.012472487160675 0.0110051357300073 0.0110051357300073 0.0139398385913426 0 0.00146735143066764 0.0117388114453412 0.02494497432135 0.0366837857666911 0.00586940572267058 0.0190755685986794 0.0352164343360235 0.0586940572267058 0.0425531914893617 0.0066030814380044 0.0630961115187087 0.00880410858400587
"cuoMcc" 0.0542920029347029 0.012472487160675 0.0117388114453412 0.012472487160675 0.0154071900220103 0.00146735143066764 0 0.0132061628760088 0.0264123257520176 0.0381511371973588 0.00733675715333822 0.0190755685986794 0.0366837857666911 0.0586940572267058 0.0440205429200293 0.0066030814380044 0.0645634629493764 0.0102714600146735
"derCor" 0.0491562729273661 0.0176082171680117 0.00953778429933969 0.0117388114453412 0.0154071900220103 0.0117388114453412 0.0132061628760088 0 0.0256786500366838 0.0374174614820249 0.0139398385913426 0.020542920029347 0.0359501100513573 0.0564930300807043 0.0440205429200293 0.00953778429933969 0.0616287600880411 0.0154071900220103
"derMaw" 0.0623624358033749 0.033015407190022 0.02494497432135 0.0242112986060161 0.0286133528980191 0.02494497432135 0.0264123257520176 0.0256786500366838 0 0.0484225972120323 0.0278796771826853 0.033015407190022 0.0498899486426999 0.0689655172413793 0.057960381511372 0.02494497432135 0.0755685986793837 0.0286133528980191
"emySub" 0.0645634629493764 0.0440205429200293 0.0381511371973588 0.0388848129126926 0.0410858400586941 0.0366837857666911 0.0381511371973588 0.0374174614820249 0.0484225972120323 0 0.0403521643433602 0.045487894350697 0.0271460014673514 0.057960381511372 0.0623624358033749 0.0366837857666911 0.0645634629493764 0.0396184886280264
"gopAga" 0.0557593543653705 0.00953778429933969 0.0139398385913426 0.0139398385913426 0.0168745414526779 0.00586940572267058 0.00733675715333822 0.0139398385913426 0.0278796771826853 0.0403521643433602 0 0.0220102714600147 0.0388848129126926 0.0623624358033749 0.0462215700660308 0.00880410858400587 0.0652971386647102 0.0117388114453412
"malTer" 0.057960381511372 0.0242112986060161 0.020542920029347 0.0220102714600147 0.00807043286867205 0.0190755685986794 0.0190755685986794 0.020542920029347 0.033015407190022 0.045487894350697 0.0220102714600147 0 0.0432868672046955 0.066030814380044 0.0513573000733676 0.0168745414526779 0.0711665443873808 0.0139398385913426
"mesTub" 0.0645634629493764 0.0425531914893617 0.0366837857666911 0.0374174614820249 0.0388848129126926 0.0352164343360235 0.0366837857666911 0.0359501100513573 0.0498899486426999 0.0271460014673514 0.0388848129126926 0.0432868672046955 0 0.0594277329420396 0.0616287600880411 0.0352164343360235 0.0674981658107117 0.0381511371973588
"pelCas" 0.0814380044020543 0.0645634629493764 0.057960381511372 0.0601614086573734 0.0630961115187087 0.0586940572267058 0.0586940572267058 0.0564930300807043 0.0689655172413793 0.057960381511372 0.0623624358033749 0.066030814380044 0.0594277329420396 0 0.0741012472487161 0.0586940572267058 0.0674981658107117 0.0630961115187087
"pelSin" 0.0674981658107117 0.0498899486426999 0.0432868672046955 0.0432868672046955 0.0476889214966985 0.0425531914893617 0.0440205429200293 0.0440205429200293 0.057960381511372 0.0623624358033749 0.0462215700660308 0.0513573000733676 0.0616287600880411 0.0741012472487161 0 0.0432868672046955 0.0829053558327219 0.0440205429200293
"plaMeg" 0.0520909757887014 0.012472487160675 0.00953778429933969 0.0110051357300073 0.0132061628760088 0.0066030814380044 0.0066030814380044 0.00953778429933969 0.02494497432135 0.0366837857666911 0.00880410858400587 0.0168745414526779 0.0352164343360235 0.0586940572267058 0.0432868672046955 0 0.0638297872340425 0.0102714600146735
"podExp" 0.0858400586940572 0.0689655172413793 0.0601614086573734 0.0638297872340425 0.0667644900953778 0.0630961115187087 0.0645634629493764 0.0616287600880411 0.0755685986793837 0.0645634629493764 0.0652971386647102 0.0711665443873808 0.0674981658107117 0.0674981658107117 0.0829053558327219 0.0638297872340425 0 0.066030814380044
"terMex" 0.0542920029347029 0.0176082171680117 0.0146735143066764 0.0139398385913426 0.00880410858400587 0.00880410858400587 0.0102714600146735 0.0154071900220103 0.0286133528980191 0.0396184886280264 0.0117388114453412 0.0139398385913426 0.0381511371973588 0.0630961115187087 0.0440205429200293 0.0102714600146735 0.066030814380044 0
