"carIns" "cheAbi" "cheMyd" "cheSer" "chrPic" "cuoAmb" "cuoMcc" "derCor" "derMaw" "emySub" "gopAga" "malTer" "mesTub" "pelCas" "pelSin" "plaMeg" "podExp" "terMex"
"carIns" 0 0.0634782608695652 0.0573913043478261 0.0643478260869565 0.0565217391304348 0.175652173913043 0.0617391304347826 0.0643478260869565 0.0678260869565217 0.0669565217391304 0.172173913043478 0.0660869565217391 0.0678260869565217 0.0739130434782609 0.0695652173913043 0.0582608695652174 0.088695652173913 0.0556521739130435
"cheAbi" 0.0634782608695652 0 0.0260869565217391 0.0356521739130435 0.0182608695652174 0.14 0.0165217391304348 0.031304347826087 0.0434782608695652 0.0417391304347826 0.136521739130435 0.0295652173913043 0.0408695652173913 0.0504347826086957 0.0547826086956522 0.0165217391304348 0.0652173913043478 0.0191304347826087
"cheMyd" 0.0573913043478261 0.0260869565217391 0 0.0278260869565217 0.0156521739130435 0.146086956521739 0.0217391304347826 0.0182608695652174 0.0347826086956522 0.0347826086956522 0.145217391304348 0.0278260869565217 0.0321739130434783 0.0417391304347826 0.0452173913043478 0.0156521739130435 0.0565217391304348 0.0156521739130435
"cheSer" 0.0643478260869565 0.0356521739130435 0.0278260869565217 0 0.0260869565217391 0.149565217391304 0.0321739130434783 0.031304347826087 0.0391304347826087 0.0434782608695652 0.151304347826087 0.0382608695652174 0.0408695652173913 0.048695652173913 0.0530434782608696 0.0269565217391304 0.0634782608695652 0.0269565217391304
"chrPic" 0.0565217391304348 0.0182608695652174 0.0156521739130435 0.0260869565217391 0 0.139130434782609 0.0156521739130435 0.02 0.0347826086956522 0.0339130434782609 0.138260869565217 0.0165217391304348 0.031304347826087 0.0391304347826087 0.0434782608695652 0.00782608695652174 0.0556521739130435 0.00608695652173913
"cuoAmb" 0.175652173913043 0.14 0.146086956521739 0.149565217391304 0.139130434782609 0 0.129565217391304 0.148695652173913 0.162608695652174 0.156521739130435 0.154782608695652 0.148695652173913 0.150434782608696 0.160869565217391 0.16 0.137391304347826 0.167826086956522 0.137391304347826
"cuoMcc" 0.0617391304347826 0.0165217391304348 0.0217391304347826 0.0321739130434783 0.0156521739130435 0.129565217391304 0 0.0269565217391304 0.0408695652173913 0.0365217391304348 0.136521739130435 0.0252173913043478 0.0365217391304348 0.0460869565217391 0.048695652173913 0.0121739130434783 0.0591304347826087 0.0147826086956522
"derCor" 0.0643478260869565 0.031304347826087 0.0182608695652174 0.031304347826087 0.02 0.148695652173913 0.0269565217391304 0 0.04 0.0382608695652174 0.151304347826087 0.031304347826087 0.0356521739130435 0.0434782608695652 0.0495652173913043 0.0208695652173913 0.06 0.0208695652173913
"derMaw" 0.0678260869565217 0.0434782608695652 0.0347826086956522 0.0391304347826087 0.0347826086956522 0.162608695652174 0.0408695652173913 0.04 0 0.048695652173913 0.157391304347826 0.0460869565217391 0.0452173913043478 0.0565217391304348 0.0617391304347826 0.0339130434782609 0.0695652173913043 0.0347826086956522
"emySub" 0.0669565217391304 0.0417391304347826 0.0347826086956522 0.0434782608695652 0.0339130434782609 0.156521739130435 0.0365217391304348 0.0382608695652174 0.048695652173913 0 0.156521739130435 0.0426086956521739 0.0182608695652174 0.0408695652173913 0.0565217391304348 0.0330434782608696 0.0556521739130435 0.0330434782608696
"gopAga" 0.172173913043478 0.136521739130435 0.145217391304348 0.151304347826087 0.138260869565217 0.154782608695652 0.136521739130435 0.151304347826087 0.157391304347826 0.156521739130435 0 0.150434782608696 0.149565217391304 0.161739130434783 0.162608695652174 0.137391304347826 0.17304347826087 0.139130434782609
"malTer" 0.0660869565217391 0.0295652173913043 0.0278260869565217 0.0382608695652174 0.0165217391304348 0.148695652173913 0.0252173913043478 0.031304347826087 0.0460869565217391 0.0426086956521739 0.150434782608696 0 0.0408695652173913 0.048695652173913 0.0556521739130435 0.02 0.0634782608695652 0.0173913043478261
"mesTub" 0.0678260869565217 0.0408695652173913 0.0321739130434783 0.0408695652173913 0.031304347826087 0.150434782608696 0.0365217391304348 0.0356521739130435 0.0452173913043478 0.0182608695652174 0.149565217391304 0.0408695652173913 0 0.0347826086956522 0.0521739130434783 0.0295652173913043 0.0460869565217391 0.031304347826087
"pelCas" 0.0739130434782609 0.0504347826086957 0.0417391304347826 0.048695652173913 0.0391304347826087 0.160869565217391 0.0460869565217391 0.0434782608695652 0.0565217391304348 0.0408695652173913 0.161739130434783 0.048695652173913 0.0347826086956522 0 0.0652173913043478 0.0391304347826087 0.0434782608695652 0.0391304347826087
"pelSin" 0.0695652173913043 0.0547826086956522 0.0452173913043478 0.0530434782608696 0.0434782608695652 0.16 0.048695652173913 0.0495652173913043 0.0617391304347826 0.0565217391304348 0.162608695652174 0.0556521739130435 0.0521739130434783 0.0652173913043478 0 0.0426086956521739 0.0721739130434783 0.0443478260869565
"plaMeg" 0.0582608695652174 0.0165217391304348 0.0156521739130435 0.0269565217391304 0.00782608695652174 0.137391304347826 0.0121739130434783 0.0208695652173913 0.0339130434782609 0.0330434782608696 0.137391304347826 0.02 0.0295652173913043 0.0391304347826087 0.0426086956521739 0 0.0547826086956522 0.00956521739130435
"podExp" 0.088695652173913 0.0652173913043478 0.0565217391304348 0.0634782608695652 0.0556521739130435 0.167826086956522 0.0591304347826087 0.06 0.0695652173913043 0.0556521739130435 0.17304347826087 0.0634782608695652 0.0460869565217391 0.0434782608695652 0.0721739130434783 0.0547826086956522 0 0.0556521739130435
"terMex" 0.0556521739130435 0.0191304347826087 0.0156521739130435 0.0269565217391304 0.00608695652173913 0.137391304347826 0.0147826086956522 0.0208695652173913 0.0347826086956522 0.0330434782608696 0.139130434782609 0.0173913043478261 0.031304347826087 0.0391304347826087 0.0443478260869565 0.00956521739130435 0.0556521739130435 0
