"cheAbi" "cheMyd" "cheSer" "chrPic" "cuoAmb" "cuoMcc" "derCor" "derMaw" "emySub" "gopAga" "malTer" "mesTub" "pelCas" "pelSin" "plaMeg" "terMex"
"cheAbi" 0 0.271477663230241 0.0756013745704467 0.0148911798396334 0.0194730813287514 0.0194730813287514 0.0309278350515464 0.0882016036655212 0.0515463917525773 0.0103092783505155 0.0767468499427262 0.0481099656357388 0.0504009163802978 0.0607101947308133 0.0217640320733104 0.013745704467354
"cheMyd" 0.271477663230241 0 0.281786941580756 0.271477663230241 0.2737686139748 0.2737686139748 0.262313860252005 0.320733104238259 0.293241695303551 0.27262313860252 0.289805269186713 0.289805269186713 0.290950744558992 0.290950744558992 0.271477663230241 0.269186712485682
"cheSer" 0.0756013745704467 0.281786941580756 0 0.0744558991981672 0.0790378006872852 0.0790378006872852 0.0756013745704467 0.130584192439863 0.0950744558991982 0.0744558991981672 0.0847651775486827 0.0916380297823597 0.0904925544100802 0.0996563573883162 0.0756013745704467 0.0698739977090493
"chrPic" 0.0148911798396334 0.271477663230241 0.0744558991981672 0 0.0206185567010309 0.0206185567010309 0.0274914089347079 0.0836197021764032 0.0504009163802978 0.0160366552119129 0.0618556701030928 0.0515463917525773 0.0492554410080183 0.0572737686139748 0.0206185567010309 0.0103092783505155
"cuoAmb" 0.0194730813287514 0.2737686139748 0.0790378006872852 0.0206185567010309 0 0 0.0343642611683849 0.0927835051546392 0.0595647193585338 0.0206185567010309 0.0778923253150057 0.0584192439862543 0.0561282932416953 0.0641466208476518 0.0183276059564719 0.0171821305841924
"cuoMcc" 0.0194730813287514 0.2737686139748 0.0790378006872852 0.0206185567010309 0 0 0.0343642611683849 0.0927835051546392 0.0595647193585338 0.0206185567010309 0.0778923253150057 0.0584192439862543 0.0561282932416953 0.0641466208476518 0.0183276059564719 0.0171821305841924
"derCor" 0.0309278350515464 0.262313860252005 0.0756013745704467 0.0274914089347079 0.0343642611683849 0.0343642611683849 0 0.0939289805269187 0.0549828178694158 0.0309278350515464 0.0893470790378007 0.0492554410080183 0.0492554410080183 0.0549828178694158 0.0320733104238259 0.0240549828178694
"derMaw" 0.0882016036655212 0.320733104238259 0.130584192439863 0.0836197021764032 0.0927835051546392 0.0927835051546392 0.0939289805269187 0 0.117983963344788 0.0847651775486827 0.127147766323024 0.11454753722795 0.11340206185567 0.120274914089347 0.0927835051546392 0.0847651775486827
"emySub" 0.0515463917525773 0.293241695303551 0.0950744558991982 0.0504009163802978 0.0595647193585338 0.0595647193585338 0.0549828178694158 0.117983963344788 0 0.0538373424971363 0.109965635738832 0.0206185567010309 0.0423825887743414 0.0721649484536082 0.0584192439862543 0.0504009163802978
"gopAga" 0.0103092783505155 0.27262313860252 0.0744558991981672 0.0160366552119129 0.0206185567010309 0.0206185567010309 0.0309278350515464 0.0847651775486827 0.0538373424971363 0 0.0767468499427262 0.0504009163802978 0.0504009163802978 0.0572737686139748 0.0229095074455899 0.013745704467354
"malTer" 0.0767468499427262 0.289805269186713 0.0847651775486827 0.0618556701030928 0.0778923253150057 0.0778923253150057 0.0893470790378007 0.127147766323024 0.109965635738832 0.0767468499427262 0 0.111111111111111 0.108820160366552 0.109965635738832 0.0756013745704467 0.0721649484536082
"mesTub" 0.0481099656357388 0.289805269186713 0.0916380297823597 0.0515463917525773 0.0584192439862543 0.0584192439862543 0.0492554410080183 0.11454753722795 0.0206185567010309 0.0504009163802978 0.111111111111111 0 0.0412371134020619 0.0664375715922108 0.0584192439862543 0.0469644902634593
"pelCas" 0.0504009163802978 0.290950744558992 0.0904925544100802 0.0492554410080183 0.0561282932416953 0.0561282932416953 0.0492554410080183 0.11340206185567 0.0423825887743414 0.0504009163802978 0.108820160366552 0.0412371134020619 0 0.0675830469644903 0.0584192439862543 0.0469644902634593
"pelSin" 0.0607101947308133 0.290950744558992 0.0996563573883162 0.0572737686139748 0.0641466208476518 0.0641466208476518 0.0549828178694158 0.120274914089347 0.0721649484536082 0.0572737686139748 0.109965635738832 0.0664375715922108 0.0675830469644903 0 0.0641466208476518 0.0549828178694158
"plaMeg" 0.0217640320733104 0.271477663230241 0.0756013745704467 0.0206185567010309 0.0183276059564719 0.0183276059564719 0.0320733104238259 0.0927835051546392 0.0584192439862543 0.0229095074455899 0.0756013745704467 0.0584192439862543 0.0584192439862543 0.0641466208476518 0 0.0171821305841924
"terMex" 0.013745704467354 0.269186712485682 0.0698739977090493 0.0103092783505155 0.0171821305841924 0.0171821305841924 0.0240549828178694 0.0847651775486827 0.0504009163802978 0.013745704467354 0.0721649484536082 0.0469644902634593 0.0469644902634593 0.0549828178694158 0.0171821305841924 0
