"carIns" "cheAbi" "cheMyd" "cheSer" "chrPic" "derCor" "derMaw" "emySub" "gopAga" "malTer" "mesTub" "pelCas" "pelSin" "plaMeg" "podExp" "terMex"
"carIns" 0 0.0540084388185654 0.0514767932489451 0.0447257383966245 0.0447257383966245 0.0481012658227848 0.0472573839662447 0.0531645569620253 0.0565400843881857 0.0767932489451477 0.0523206751054852 0.0675105485232067 0.0506329113924051 0.0455696202531646 0.0725738396624473 0.049789029535865
"cheAbi" 0.0540084388185654 0 0.029535864978903 0.029535864978903 0.020253164556962 0.0270042194092827 0.0329113924050633 0.0464135021097046 0.0126582278481013 0.0531645569620253 0.0472573839662447 0.0548523206751055 0.0455696202531646 0.0185654008438819 0.0691983122362869 0.0219409282700422
"cheMyd" 0.0514767932489451 0.029535864978903 0 0.0219409282700422 0.0194092827004219 0.0118143459915612 0.0261603375527426 0.0421940928270042 0.030379746835443 0.0531645569620253 0.0430379746835443 0.049789029535865 0.0421940928270042 0.0185654008438819 0.0641350210970464 0.0244725738396624
"cheSer" 0.0447257383966245 0.029535864978903 0.0219409282700422 0 0.0160337552742616 0.020253164556962 0.0227848101265823 0.0362869198312236 0.0278481012658228 0.0514767932489451 0.0371308016877637 0.0489451476793249 0.0371308016877637 0.0160337552742616 0.0616033755274262 0.0219409282700422
"chrPic" 0.0447257383966245 0.020253164556962 0.0194092827004219 0.0160337552742616 0 0.0177215189873418 0.0236286919831224 0.0345991561181435 0.0219409282700422 0.0379746835443038 0.0354430379746835 0.0472573839662447 0.0371308016877637 0.00675105485232068 0.059915611814346 0.010126582278481
"derCor" 0.0481012658227848 0.0270042194092827 0.0118143459915612 0.020253164556962 0.0177215189873418 0 0.0261603375527426 0.039662447257384 0.0270042194092827 0.0540084388185654 0.040506329113924 0.0489451476793249 0.0421940928270042 0.0168776371308017 0.0590717299578059 0.0227848101265823
"derMaw" 0.0472573839662447 0.0329113924050633 0.0261603375527426 0.0227848101265823 0.0236286919831224 0.0261603375527426 0 0.0421940928270042 0.0345991561181435 0.059915611814346 0.0430379746835443 0.0514767932489451 0.0438818565400844 0.0227848101265823 0.0649789029535865 0.0270042194092827
"emySub" 0.0531645569620253 0.0464135021097046 0.0421940928270042 0.0362869198312236 0.0345991561181435 0.039662447257384 0.0421940928270042 0 0.0481012658227848 0.0691983122362869 0.0219409282700422 0.0438818565400844 0.0455696202531646 0.0354430379746835 0.0540084388185654 0.039662447257384
"gopAga" 0.0565400843881857 0.0126582278481013 0.030379746835443 0.0278481012658228 0.0219409282700422 0.0270042194092827 0.0345991561181435 0.0481012658227848 0 0.0548523206751055 0.0472573839662447 0.0573839662447257 0.0472573839662447 0.020253164556962 0.0708860759493671 0.0253164556962025
"malTer" 0.0767932489451477 0.0531645569620253 0.0531645569620253 0.0514767932489451 0.0379746835443038 0.0540084388185654 0.059915611814346 0.0691983122362869 0.0548523206751055 0 0.070042194092827 0.0810126582278481 0.070042194092827 0.0413502109704641 0.0936708860759494 0.0447257383966245
"mesTub" 0.0523206751054852 0.0472573839662447 0.0430379746835443 0.0371308016877637 0.0354430379746835 0.040506329113924 0.0430379746835443 0.0219409282700422 0.0472573839662447 0.070042194092827 0 0.0421940928270042 0.0421940928270042 0.0362869198312236 0.0506329113924051 0.040506329113924
"pelCas" 0.0675105485232067 0.0548523206751055 0.049789029535865 0.0489451476793249 0.0472573839662447 0.0489451476793249 0.0514767932489451 0.0438818565400844 0.0573839662447257 0.0810126582278481 0.0421940928270042 0 0.059915611814346 0.0464135021097046 0.0489451476793249 0.0523206751054852
"pelSin" 0.0506329113924051 0.0455696202531646 0.0421940928270042 0.0371308016877637 0.0371308016877637 0.0421940928270042 0.0438818565400844 0.0455696202531646 0.0472573839662447 0.070042194092827 0.0421940928270042 0.059915611814346 0 0.0379746835443038 0.0675105485232067 0.0430379746835443
"plaMeg" 0.0455696202531646 0.0185654008438819 0.0185654008438819 0.0160337552742616 0.00675105485232068 0.0168776371308017 0.0227848101265823 0.0354430379746835 0.020253164556962 0.0413502109704641 0.0362869198312236 0.0464135021097046 0.0379746835443038 0 0.059915611814346 0.010126582278481
"podExp" 0.0725738396624473 0.0691983122362869 0.0641350210970464 0.0616033755274262 0.059915611814346 0.0590717299578059 0.0649789029535865 0.0540084388185654 0.0708860759493671 0.0936708860759494 0.0506329113924051 0.0489451476793249 0.0675105485232067 0.059915611814346 0 0.0658227848101266
"terMex" 0.049789029535865 0.0219409282700422 0.0244725738396624 0.0219409282700422 0.010126582278481 0.0227848101265823 0.0270042194092827 0.039662447257384 0.0253164556962025 0.0447257383966245 0.040506329113924 0.0523206751054852 0.0430379746835443 0.010126582278481 0.0658227848101266 0
