"carIns" "cheAbi" "cheMyd" "cheSer" "chrPic" "cuoAmb" "cuoMcc" "derCor" "emySub" "gopAga" "malTer" "mesTub" "pelCas" "pelSin" "plaMeg" "podExp" "terMex"
"carIns" 0 0.0652818991097923 0.0454995054401583 0.0593471810089021 0.0573689416419387 0.0425321463897132 0.0445103857566766 0.0603363006923838 0.0553907022749753 0.0682492581602374 0.0583580613254204 0.0504451038575668 0.0603363006923838 0.0642927794263106 0.0425321463897132 0.0692383778437191 0.0603363006923838
"cheAbi" 0.0652818991097923 0 0.0365974282888229 0.039564787339268 0.0356083086053412 0.0286844708209693 0.029673590504451 0.0385756676557863 0.0544015825914936 0.0158259149357072 0.0326409495548961 0.0593471810089021 0.0682492581602374 0.076162215628091 0.0276953511374876 0.0672601384767557 0.0346191889218595
"cheMyd" 0.0454995054401583 0.0365974282888229 0 0.0306627101879327 0.0267062314540059 0.0138476755687438 0.0148367952522255 0.029673590504451 0.0375865479723047 0.039564787339268 0.0276953511374876 0.0375865479723047 0.0504451038575668 0.0633036597428289 0.0108803165182987 0.0553907022749753 0.029673590504451
"cheSer" 0.0593471810089021 0.039564787339268 0.0306627101879327 0 0.0326409495548961 0.0306627101879327 0.0306627101879327 0.0316518298714144 0.0474777448071217 0.0425321463897132 0.0346191889218595 0.0544015825914936 0.0672601384767557 0.0692383778437191 0.0257171117705242 0.0583580613254204 0.0365974282888229
"chrPic" 0.0573689416419387 0.0356083086053412 0.0267062314540059 0.0326409495548961 0 0.0227497527200791 0.0237388724035608 0.0385756676557863 0.0454995054401583 0.0385756676557863 0.0039564787339268 0.0504451038575668 0.0613254203758655 0.0692383778437191 0.019782393669634 0.0534124629080119 0.0158259149357072
"cuoAmb" 0.0425321463897132 0.0286844708209693 0.0138476755687438 0.0306627101879327 0.0227497527200791 0 0.00494559841740851 0.0316518298714144 0.0375865479723047 0.0316518298714144 0.0237388724035608 0.0385756676557863 0.0494559841740851 0.0623145400593472 0.00692383778437191 0.0544015825914936 0.0267062314540059
"cuoMcc" 0.0445103857566766 0.029673590504451 0.0148367952522255 0.0306627101879327 0.0237388724035608 0.00494559841740851 0 0.0326409495548961 0.0385756676557863 0.0306627101879327 0.0247279920870425 0.039564787339268 0.0504451038575668 0.0623145400593472 0.00791295746785361 0.056379821958457 0.0276953511374876
"derCor" 0.0603363006923838 0.0385756676557863 0.029673590504451 0.0316518298714144 0.0385756676557863 0.0316518298714144 0.0326409495548961 0 0.0514342235410485 0.0405539070227498 0.0375865479723047 0.0553907022749753 0.0652818991097923 0.0741839762611276 0.0306627101879327 0.0672601384767557 0.0405539070227498
"emySub" 0.0553907022749753 0.0544015825914936 0.0375865479723047 0.0474777448071217 0.0454995054401583 0.0375865479723047 0.0385756676557863 0.0514342235410485 0 0.0573689416419387 0.04648862512364 0.0316518298714144 0.0534124629080119 0.0633036597428289 0.0365974282888229 0.0553907022749753 0.0504451038575668
"gopAga" 0.0682492581602374 0.0158259149357072 0.039564787339268 0.0425321463897132 0.0385756676557863 0.0316518298714144 0.0306627101879327 0.0405539070227498 0.0573689416419387 0 0.0375865479723047 0.0623145400593472 0.0712166172106825 0.0771513353115727 0.0306627101879327 0.0692383778437191 0.0375865479723047
"malTer" 0.0583580613254204 0.0326409495548961 0.0276953511374876 0.0346191889218595 0.0039564787339268 0.0237388724035608 0.0247279920870425 0.0375865479723047 0.04648862512364 0.0375865479723047 0 0.0504451038575668 0.0613254203758655 0.0702274975272008 0.0207715133531157 0.0553907022749753 0.0178041543026706
"mesTub" 0.0504451038575668 0.0593471810089021 0.0375865479723047 0.0544015825914936 0.0504451038575668 0.0385756676557863 0.039564787339268 0.0553907022749753 0.0316518298714144 0.0623145400593472 0.0504451038575668 0 0.0474777448071217 0.0633036597428289 0.0375865479723047 0.0524233432245302 0.0524233432245302
"pelCas" 0.0603363006923838 0.0682492581602374 0.0504451038575668 0.0672601384767557 0.0613254203758655 0.0494559841740851 0.0504451038575668 0.0652818991097923 0.0534124629080119 0.0712166172106825 0.0613254203758655 0.0474777448071217 0 0.0712166172106825 0.0484668644906034 0.0573689416419387 0.0633036597428289
"pelSin" 0.0642927794263106 0.076162215628091 0.0633036597428289 0.0692383778437191 0.0692383778437191 0.0623145400593472 0.0623145400593472 0.0741839762611276 0.0633036597428289 0.0771513353115727 0.0702274975272008 0.0633036597428289 0.0712166172106825 0 0.0603363006923838 0.076162215628091 0.0741839762611276
"plaMeg" 0.0425321463897132 0.0276953511374876 0.0108803165182987 0.0257171117705242 0.019782393669634 0.00692383778437191 0.00791295746785361 0.0306627101879327 0.0365974282888229 0.0306627101879327 0.0207715133531157 0.0375865479723047 0.0484668644906034 0.0603363006923838 0 0.0534124629080119 0.0237388724035608
"podExp" 0.0692383778437191 0.0672601384767557 0.0553907022749753 0.0583580613254204 0.0534124629080119 0.0544015825914936 0.056379821958457 0.0672601384767557 0.0553907022749753 0.0692383778437191 0.0553907022749753 0.0524233432245302 0.0573689416419387 0.076162215628091 0.0534124629080119 0 0.0613254203758655
"terMex" 0.0603363006923838 0.0346191889218595 0.029673590504451 0.0365974282888229 0.0158259149357072 0.0267062314540059 0.0276953511374876 0.0405539070227498 0.0504451038575668 0.0375865479723047 0.0178041543026706 0.0524233432245302 0.0633036597428289 0.0741839762611276 0.0237388724035608 0.0613254203758655 0
