"carIns" "cheAbi" "cheMyd" "cheSer" "chrPic" "cuoAmb" "cuoMcc" "derCor" "derMaw" "emySub" "gopAga" "malTer" "mesTub" "pelCas" "pelSin" "plaMeg" "podExp" "terMex"
"carIns" 0 0.114130434782609 0.12888198757764 0.112577639751553 0.110248447204969 0.116459627329193 0.114906832298137 0.115683229813665 0.119565217391304 0.134316770186335 0.11723602484472 0.111801242236025 0.136645962732919 0.125776397515528 0.141304347826087 0.114130434782609 0.135093167701863 0.111024844720497
"cheAbi" 0.114130434782609 0 0.046583850931677 0.031832298136646 0.0217391304347826 0.0124223602484472 0.0116459627329193 0.031055900621118 0.0333850931677019 0.0675465838509317 0.0124223602484472 0.0201863354037267 0.0745341614906832 0.0566770186335404 0.0978260869565217 0.0209627329192547 0.0745341614906832 0.0170807453416149
"cheMyd" 0.12888198757764 0.046583850931677 0 0.0458074534161491 0.047360248447205 0.0434782608695652 0.0434782608695652 0.0372670807453416 0.0496894409937888 0.0838509316770186 0.0512422360248447 0.046583850931677 0.0900621118012422 0.0815217391304348 0.0892857142857143 0.046583850931677 0.093944099378882 0.0434782608695652
"cheSer" 0.112577639751553 0.031832298136646 0.0458074534161491 0 0.031055900621118 0.0326086956521739 0.031055900621118 0.0287267080745342 0.0263975155279503 0.0667701863354037 0.0333850931677019 0.0302795031055901 0.0722049689440994 0.0644409937888199 0.100931677018634 0.0302795031055901 0.0799689440993789 0.0256211180124224
"chrPic" 0.110248447204969 0.0217391304347826 0.047360248447205 0.031055900621118 0 0.0209627329192547 0.0186335403726708 0.0302795031055901 0.0326086956521739 0.0644409937888199 0.0232919254658385 0.0062111801242236 0.0706521739130435 0.0582298136645963 0.100155279503106 0.0194099378881988 0.0753105590062112 0.0077639751552795
"cuoAmb" 0.116459627329193 0.0124223602484472 0.0434782608695652 0.0326086956521739 0.0209627329192547 0 0.00232919254658385 0.0326086956521739 0.0341614906832298 0.0706521739130435 0.0178571428571429 0.0194099378881988 0.0760869565217391 0.0590062111801242 0.0993788819875776 0.0225155279503106 0.0745341614906832 0.016304347826087
"cuoMcc" 0.114906832298137 0.0116459627329193 0.0434782608695652 0.031055900621118 0.0186335403726708 0.00232919254658385 0 0.031832298136646 0.0326086956521739 0.0690993788819876 0.016304347826087 0.0186335403726708 0.0745341614906832 0.0590062111801242 0.0978260869565217 0.0209627329192547 0.0745341614906832 0.015527950310559
"derCor" 0.115683229813665 0.031055900621118 0.0372670807453416 0.0287267080745342 0.0302795031055901 0.0326086956521739 0.031832298136646 0 0.031832298136646 0.0675465838509317 0.0349378881987578 0.0287267080745342 0.0760869565217391 0.0644409937888199 0.0962732919254658 0.0295031055900621 0.0768633540372671 0.0256211180124224
"derMaw" 0.119565217391304 0.0333850931677019 0.0496894409937888 0.0263975155279503 0.0326086956521739 0.0341614906832298 0.0326086956521739 0.031832298136646 0 0.0698757763975155 0.0380434782608696 0.031832298136646 0.0791925465838509 0.0644409937888199 0.100155279503106 0.031832298136646 0.0799689440993789 0.0287267080745342
"emySub" 0.134316770186335 0.0675465838509317 0.0838509316770186 0.0667701863354037 0.0644409937888199 0.0706521739130435 0.0690993788819876 0.0675465838509317 0.0698757763975155 0 0.0690993788819876 0.0652173913043478 0.047360248447205 0.0613354037267081 0.119565217391304 0.0636645962732919 0.077639751552795 0.062111801242236
"gopAga" 0.11723602484472 0.0124223602484472 0.0512422360248447 0.0333850931677019 0.0232919254658385 0.0178571428571429 0.016304347826087 0.0349378881987578 0.0380434782608696 0.0690993788819876 0 0.0209627329192547 0.0753105590062112 0.0605590062111801 0.100931677018634 0.0240683229813665 0.0768633540372671 0.0194099378881988
"malTer" 0.111801242236025 0.0201863354037267 0.046583850931677 0.0302795031055901 0.0062111801242236 0.0194099378881988 0.0186335403726708 0.0287267080745342 0.031832298136646 0.0652173913043478 0.0209627329192547 0 0.0729813664596273 0.0590062111801242 0.100931677018634 0.0186335403726708 0.0760869565217391 0.0062111801242236
"mesTub" 0.136645962732919 0.0745341614906832 0.0900621118012422 0.0722049689440994 0.0706521739130435 0.0760869565217391 0.0745341614906832 0.0760869565217391 0.0791925465838509 0.047360248447205 0.0753105590062112 0.0729813664596273 0 0.0690993788819876 0.119565217391304 0.0714285714285714 0.0822981366459627 0.0683229813664596
"pelCas" 0.125776397515528 0.0566770186335404 0.0815217391304348 0.0644409937888199 0.0582298136645963 0.0590062111801242 0.0590062111801242 0.0644409937888199 0.0644409937888199 0.0613354037267081 0.0605590062111801 0.0590062111801242 0.0690993788819876 0 0.111801242236025 0.0582298136645963 0.0582298136645963 0.0574534161490683
"pelSin" 0.141304347826087 0.0978260869565217 0.0892857142857143 0.100931677018634 0.100155279503106 0.0993788819875776 0.0978260869565217 0.0962732919254658 0.100155279503106 0.119565217391304 0.100931677018634 0.100931677018634 0.119565217391304 0.111801242236025 0 0.0954968944099379 0.121894409937888 0.0978260869565217
"plaMeg" 0.114130434782609 0.0209627329192547 0.046583850931677 0.0302795031055901 0.0194099378881988 0.0225155279503106 0.0209627329192547 0.0295031055900621 0.031832298136646 0.0636645962732919 0.0240683229813665 0.0186335403726708 0.0714285714285714 0.0582298136645963 0.0954968944099379 0 0.0745341614906832 0.015527950310559
"podExp" 0.135093167701863 0.0745341614906832 0.093944099378882 0.0799689440993789 0.0753105590062112 0.0745341614906832 0.0745341614906832 0.0768633540372671 0.0799689440993789 0.077639751552795 0.0768633540372671 0.0760869565217391 0.0822981366459627 0.0582298136645963 0.121894409937888 0.0745341614906832 0 0.0745341614906832
"terMex" 0.111024844720497 0.0170807453416149 0.0434782608695652 0.0256211180124224 0.0077639751552795 0.016304347826087 0.015527950310559 0.0256211180124224 0.0287267080745342 0.062111801242236 0.0194099378881988 0.0062111801242236 0.0683229813664596 0.0574534161490683 0.0978260869565217 0.015527950310559 0.0745341614906832 0
