"carIns" "cheAbi" "cheMyd" "cheSer" "chrPic" "cuoAmb" "cuoMcc" "derMaw" "emySub" "gopAga" "malTer" "mesTub" "pelCas" "pelSin" "plaMeg" "podExp" "terMex"
"carIns" 0 0.080456915818227 0.0913831636453936 0.0740004966476285 0.0705239632480755 0.0732555252048672 0.0737521728333747 0.0789669729327042 0.0841817730320338 0.0799602681897194 0.0916314874596474 0.0876583064315868 0.0968462875589769 0.118202135584803 0.0710206108765831 0.103799354358083 0.0697789918053141
"cheAbi" 0.080456915818227 0 0.0576111249068786 0.0335237149242612 0.0283089148249317 0.0228457909113484 0.0218524956543333 0.0429600198659051 0.0628259250062081 0.0223491432828408 0.052396324807549 0.0658058107772535 0.0807052396324808 0.107275887757636 0.0285572386391855 0.0821951825180035 0.0280605910106779
"cheMyd" 0.0913831636453936 0.0576111249068786 0 0.048919791407996 0.0469332008939657 0.0506580581077725 0.0496647628507574 0.0581077725353861 0.0762354109759126 0.0586044201638937 0.0735038490191209 0.0816985348894959 0.0958529923019618 0.104047678172337 0.0484231437794885 0.100571144772784 0.0469332008939657
"cheSer" 0.0740004966476285 0.0335237149242612 0.048919791407996 0 0.0253290290538863 0.0275639433821704 0.0270672957536628 0.0330270672957537 0.053637943878818 0.033772038738515 0.0504097342935187 0.0600943630494164 0.0732555252048672 0.100819468587037 0.0253290290538863 0.0764837347901664 0.0258256766823938
"chrPic" 0.0705239632480755 0.0283089148249317 0.0469332008939657 0.0253290290538863 0 0.0206108765830643 0.0201142289545567 0.0345170101812764 0.0511547057362801 0.0290538862676931 0.0297988577104544 0.0578594487211324 0.0700273156195679 0.0988328780730072 0.015147752669481 0.0737521728333747 0.00869133349888254
"cuoAmb" 0.0732555252048672 0.0228457909113484 0.0506580581077725 0.0275639433821704 0.0206108765830643 0 0.00322820958529923 0.0362552768810529 0.0556245343928483 0.023342438539856 0.0451949341941892 0.0600943630494164 0.0727588775763596 0.101316116215545 0.0211075242115719 0.0752421157188974 0.0203625527688105
"cuoMcc" 0.0737521728333747 0.0218524956543333 0.0496647628507574 0.0270672957536628 0.0201142289545567 0.00322820958529923 0 0.0352619816240377 0.0546312391358331 0.0223491432828408 0.0451949341941892 0.0593493916066551 0.0732555252048672 0.101316116215545 0.0206108765830643 0.0754904395331512 0.0203625527688105
"derMaw" 0.0789669729327042 0.0429600198659051 0.0581077725353861 0.0330270672957537 0.0345170101812764 0.0362552768810529 0.0352619816240377 0 0.0635708964489695 0.0439533151229203 0.0591010677924013 0.06754407747703 0.0799602681897194 0.10752421157189 0.0330270672957537 0.0824435063322573 0.0340203625527688
"emySub" 0.0841817730320338 0.0628259250062081 0.0762354109759126 0.053637943878818 0.0511547057362801 0.0556245343928483 0.0546312391358331 0.0635708964489695 0 0.0598460392351626 0.0772287062329277 0.0320337720387385 0.0583560963496399 0.112490687856965 0.0514030295505339 0.0648125155202384 0.052396324807549
"gopAga" 0.0799602681897194 0.0223491432828408 0.0586044201638937 0.033772038738515 0.0290538862676931 0.023342438539856 0.0223491432828408 0.0439533151229203 0.0598460392351626 0 0.0538862676930718 0.064067544077477 0.080456915818227 0.107772535386144 0.0290538862676931 0.0812018872609883 0.0290538862676931
"malTer" 0.0916314874596474 0.052396324807549 0.0735038490191209 0.0504097342935187 0.0297988577104544 0.0451949341941892 0.0451949341941892 0.0591010677924013 0.0772287062329277 0.0538862676930718 0 0.0814502110752421 0.0936180779736777 0.122423640427117 0.0402284579091135 0.099081201887261 0.0335237149242612
"mesTub" 0.0876583064315868 0.0658058107772535 0.0816985348894959 0.0600943630494164 0.0578594487211324 0.0600943630494164 0.0593493916066551 0.06754407747703 0.0320337720387385 0.064067544077477 0.0814502110752421 0 0.0610876583064316 0.11671219269928 0.0586044201638937 0.0645641917059846 0.0581077725353861
"pelCas" 0.0968462875589769 0.0807052396324808 0.0958529923019618 0.0732555252048672 0.0700273156195679 0.0727588775763596 0.0732555252048672 0.0799602681897194 0.0583560963496399 0.080456915818227 0.0936180779736777 0.0610876583064316 0 0.126645145269431 0.0682890489197914 0.0566178296498634 0.0697789918053141
"pelSin" 0.118202135584803 0.107275887757636 0.104047678172337 0.100819468587037 0.0988328780730072 0.101316116215545 0.101316116215545 0.10752421157189 0.112490687856965 0.107772535386144 0.122423640427117 0.11671219269928 0.126645145269431 0 0.100819468587037 0.128880059597715 0.0998261733300223
"plaMeg" 0.0710206108765831 0.0285572386391855 0.0484231437794885 0.0253290290538863 0.015147752669481 0.0211075242115719 0.0206108765830643 0.0330270672957537 0.0514030295505339 0.0290538862676931 0.0402284579091135 0.0586044201638937 0.0682890489197914 0.100819468587037 0 0.0730072013906134 0.015147752669481
"podExp" 0.103799354358083 0.0821951825180035 0.100571144772784 0.0764837347901664 0.0737521728333747 0.0752421157188974 0.0754904395331512 0.0824435063322573 0.0648125155202384 0.0812018872609883 0.099081201887261 0.0645641917059846 0.0566178296498634 0.128880059597715 0.0730072013906134 0 0.0735038490191209
"terMex" 0.0697789918053141 0.0280605910106779 0.0469332008939657 0.0258256766823938 0.00869133349888254 0.0203625527688105 0.0203625527688105 0.0340203625527688 0.052396324807549 0.0290538862676931 0.0335237149242612 0.0581077725353861 0.0697789918053141 0.0998261733300223 0.015147752669481 0.0735038490191209 0
