"carIns" "cheAbi" "cheMyd" "cheSer" "chrPic" "cuoAmb" "cuoMcc" "derMaw" "emySub" "gopAga" "malTer" "mesTub" "pelCas" "pelSin" "plaMeg" "podExp" "terMex"
"carIns" 0 0.0660919540229885 0.0625 0.0581896551724138 0.0596264367816092 0.0625 0.0639367816091954 0.0603448275862069 0.0732758620689655 0.0682471264367816 0.0718390804597701 0.154454022988506 0.0811781609195402 0.185344827586207 0.0775862068965517 0.10632183908046 0.102011494252874
"cheAbi" 0.0660919540229885 0 0.0294540229885057 0.0294540229885057 0.0244252873563218 0.0114942528735632 0.0129310344827586 0.0352011494252874 0.0517241379310345 0.014367816091954 0.0359195402298851 0.137212643678161 0.0581896551724138 0.198275862068966 0.0387931034482759 0.084051724137931 0.0668103448275862
"cheMyd" 0.0625 0.0294540229885057 0 0.021551724137931 0.0265804597701149 0.0244252873563218 0.0258620689655172 0.028735632183908 0.048132183908046 0.0323275862068966 0.0366379310344828 0.128591954022989 0.0567528735632184 0.196120689655172 0.0431034482758621 0.0818965517241379 0.0689655172413793
"cheSer" 0.0581896551724138 0.0294540229885057 0.021551724137931 0 0.0222701149425287 0.0237068965517241 0.0251436781609195 0.0244252873563218 0.0416666666666667 0.0294540229885057 0.0323275862068966 0.129310344827586 0.0545977011494253 0.189655172413793 0.0387931034482759 0.0797413793103448 0.0646551724137931
"chrPic" 0.0596264367816092 0.0244252873563218 0.0265804597701149 0.0222701149425287 0 0.0165229885057471 0.0186781609195402 0.0294540229885057 0.0438218390804598 0.0258620689655172 0.0158045977011494 0.130028735632184 0.055316091954023 0.190373563218391 0.0323275862068966 0.0804597701149425 0.055316091954023
"cuoAmb" 0.0625 0.0114942528735632 0.0244252873563218 0.0237068965517241 0.0165229885057471 0 0.0028735632183908 0.0280172413793103 0.0445402298850575 0.014367816091954 0.0280172413793103 0.130747126436782 0.0538793103448276 0.19683908045977 0.033764367816092 0.0847701149425287 0.0603448275862069
"cuoMcc" 0.0639367816091954 0.0129310344827586 0.0258620689655172 0.0251436781609195 0.0186781609195402 0.0028735632183908 0 0.0294540229885057 0.0459770114942529 0.0158045977011494 0.0301724137931034 0.129310344827586 0.0560344827586207 0.198994252873563 0.0352011494252874 0.0862068965517241 0.0625
"derMaw" 0.0603448275862069 0.0352011494252874 0.028735632183908 0.0244252873563218 0.0294540229885057 0.0280172413793103 0.0294540229885057 0 0.0488505747126437 0.0366379310344828 0.0387931034482759 0.136494252873563 0.0589080459770115 0.189655172413793 0.0459770114942529 0.0862068965517241 0.0732758620689655
"emySub" 0.0732758620689655 0.0517241379310345 0.048132183908046 0.0416666666666667 0.0438218390804598 0.0445402298850575 0.0459770114942529 0.0488505747126437 0 0.0517241379310345 0.0538793103448276 0.122844827586207 0.0495689655172414 0.201149425287356 0.0596264367816092 0.0725574712643678 0.089080459770115
"gopAga" 0.0682471264367816 0.014367816091954 0.0323275862068966 0.0294540229885057 0.0258620689655172 0.014367816091954 0.0158045977011494 0.0366379310344828 0.0517241379310345 0 0.0373563218390805 0.139367816091954 0.0625 0.199712643678161 0.0395114942528736 0.0862068965517241 0.0682471264367816
"malTer" 0.0718390804597701 0.0359195402298851 0.0366379310344828 0.0323275862068966 0.0158045977011494 0.0280172413793103 0.0301724137931034 0.0387931034482759 0.0538793103448276 0.0373563218390805 0 0.140804597701149 0.0653735632183908 0.198994252873563 0.0438218390804598 0.091235632183908 0.0668103448275862
"mesTub" 0.154454022988506 0.137212643678161 0.128591954022989 0.129310344827586 0.130028735632184 0.130747126436782 0.129310344827586 0.136494252873563 0.122844827586207 0.139367816091954 0.140804597701149 0 0.137931034482759 0.26867816091954 0.145833333333333 0.160201149425287 0.175287356321839
"pelCas" 0.0811781609195402 0.0581896551724138 0.0567528735632184 0.0545977011494253 0.055316091954023 0.0538793103448276 0.0560344827586207 0.0589080459770115 0.0495689655172414 0.0625 0.0653735632183908 0.137931034482759 0 0.201867816091954 0.0739942528735632 0.0660919540229885 0.0969827586206897
"pelSin" 0.185344827586207 0.198275862068966 0.196120689655172 0.189655172413793 0.190373563218391 0.19683908045977 0.198994252873563 0.189655172413793 0.201149425287356 0.199712643678161 0.198994252873563 0.26867816091954 0.201867816091954 0 0.211206896551724 0.225574712643678 0.199712643678161
"plaMeg" 0.0775862068965517 0.0387931034482759 0.0431034482758621 0.0387931034482759 0.0323275862068966 0.033764367816092 0.0352011494252874 0.0459770114942529 0.0596264367816092 0.0395114942528736 0.0438218390804598 0.145833333333333 0.0739942528735632 0.211206896551724 0 0.0804597701149425 0.076867816091954
"podExp" 0.10632183908046 0.084051724137931 0.0818965517241379 0.0797413793103448 0.0804597701149425 0.0847701149425287 0.0862068965517241 0.0862068965517241 0.0725574712643678 0.0862068965517241 0.091235632183908 0.160201149425287 0.0660919540229885 0.225574712643678 0.0804597701149425 0 0.120689655172414
"terMex" 0.102011494252874 0.0668103448275862 0.0689655172413793 0.0646551724137931 0.055316091954023 0.0603448275862069 0.0625 0.0732758620689655 0.089080459770115 0.0682471264367816 0.0668103448275862 0.175287356321839 0.0969827586206897 0.199712643678161 0.076867816091954 0.120689655172414 0
