"carIns" "cheAbi" "cheMyd" "chrPic" "cuoAmb" "cuoMcc" "derCor" "derMaw" "emySub" "gopAga" "mesTub" "pelCas" "pelSin" "plaMeg" "podExp"
"carIns" 0 0.101892871526379 0.0910189287152638 0.0877970197341925 0.0938380990737012 0.0926298832057994 0.0910189287152638 0.099073701167942 0.174385823600483 0.0982682239226742 0.117599677809102 0.126459927507048 0.217478856222312 0.0845751107531212 0.133709222714458
"cheAbi" 0.101892871526379 0 0.0471204188481675 0.0366492146596859 0.0289971808296416 0.0273862263391059 0.0491341119613371 0.0579943616592831 0.148610551751913 0.0233588401127668 0.0970600080547725 0.102698348771647 0.200966572694321 0.031413612565445 0.112364075714861
"cheMyd" 0.0910189287152638 0.0471204188481675 0 0.0285944422070077 0.035843737414418 0.0350382601691502 0.0209424083769634 0.0447039871123641 0.136125654450262 0.0430930326218284 0.0821586790173178 0.085380587998389 0.192509061619009 0.0257752718485703 0.101087394281112
"chrPic" 0.0877970197341925 0.0366492146596859 0.0285944422070077 0 0.0257752718485703 0.0257752718485703 0.0322190898107129 0.0414820781312928 0.133306484091824 0.0330245670559807 0.0805477245267821 0.0849778493757551 0.18848167539267 0.0153040676600886 0.0978654853000403
"cuoAmb" 0.0938380990737012 0.0289971808296416 0.035843737414418 0.0257752718485703 0 0.00443012484897302 0.0378574305275876 0.0475231574708014 0.138944824808699 0.0233588401127668 0.0865888038662908 0.0914216673378977 0.192911800241643 0.0217478856222312 0.103503826016915
"cuoMcc" 0.0926298832057994 0.0273862263391059 0.0350382601691502 0.0257752718485703 0.00443012484897302 0 0.0370519532823198 0.0467176802255336 0.138944824808699 0.0217478856222312 0.0873942811115586 0.0930326218284333 0.193314538864277 0.0201369311316955 0.104712041884817
"derCor" 0.0910189287152638 0.0491341119613371 0.0209424083769634 0.0322190898107129 0.0378574305275876 0.0370519532823198 0 0.0443012484897302 0.136125654450262 0.0459122029802658 0.0845751107531212 0.0894079742247282 0.191300845751108 0.0277889649617398 0.101490132903745
"derMaw" 0.099073701167942 0.0579943616592831 0.0447039871123641 0.0414820781312928 0.0475231574708014 0.0467176802255336 0.0443012484897302 0 0.143777688280306 0.0555779299234797 0.0950463149416029 0.0998791784132098 0.193717277486911 0.0390656463954893 0.109544905356424
"emySub" 0.174385823600483 0.148610551751913 0.136125654450262 0.133306484091824 0.138944824808699 0.138944824808699 0.136125654450262 0.143777688280306 0 0.144583165525574 0.114780507450665 0.144583165525574 0.215062424486508 0.131292790978655 0.157470801449859
"gopAga" 0.0982682239226742 0.0233588401127668 0.0430930326218284 0.0330245670559807 0.0233588401127668 0.0217478856222312 0.0459122029802658 0.0555779299234797 0.144583165525574 0 0.0914216673378977 0.0982682239226742 0.19774466371325 0.0273862263391059 0.108336689488522
"mesTub" 0.117599677809102 0.0970600080547725 0.0821586790173178 0.0805477245267821 0.0865888038662908 0.0873942811115586 0.0845751107531212 0.0950463149416029 0.114780507450665 0.0914216673378977 0 0.085783326621023 0.212645992750705 0.0781312927909786 0.0954490535642368
"pelCas" 0.126459927507048 0.102698348771647 0.085380587998389 0.0849778493757551 0.0914216673378977 0.0930326218284333 0.0894079742247282 0.0998791784132098 0.144583165525574 0.0982682239226742 0.085783326621023 0 0.215062424486508 0.0829641562625856 0.0845751107531212
"pelSin" 0.217478856222312 0.200966572694321 0.192509061619009 0.18848167539267 0.192911800241643 0.193314538864277 0.191300845751108 0.193717277486911 0.215062424486508 0.19774466371325 0.212645992750705 0.215062424486508 0 0.184051550543697 0.220700765203383
"plaMeg" 0.0845751107531212 0.031413612565445 0.0257752718485703 0.0153040676600886 0.0217478856222312 0.0201369311316955 0.0277889649617398 0.0390656463954893 0.131292790978655 0.0273862263391059 0.0781312927909786 0.0829641562625856 0.184051550543697 0 0.0954490535642368
"podExp" 0.133709222714458 0.112364075714861 0.101087394281112 0.0978654853000403 0.103503826016915 0.104712041884817 0.101490132903745 0.109544905356424 0.157470801449859 0.108336689488522 0.0954490535642368 0.0845751107531212 0.220700765203383 0.0954490535642368 0
