"carIns" "cheAbi" "cheMyd" "cheSer" "chrPic" "cuoMcc" "derCor" "derMaw" "emySub" "gopAga" "mesTub" "pelSin" "plaMeg" "podExp" "terMex"
"carIns" 0 0.107634543178974 0.0888610763454318 0.0826032540675845 0.081351689612015 0.0882352941176471 0.0832290362953692 0.0963704630788486 0.0863579474342929 0.117021276595745 0.0938673341677096 0.081351689612015 0.0788485607008761 0.115769712140175 0.108260325406758
"cheAbi" 0.107634543178974 0 0.074468085106383 0.0638297872340425 0.0538172715894869 0.0481852315394243 0.0707133917396746 0.0794743429286608 0.0963704630788486 0.0525657071339174 0.10450563204005 0.103879849812265 0.0525657071339174 0.128911138923655 0.0663329161451815
"cheMyd" 0.0888610763454318 0.074468085106383 0 0.0431789737171464 0.0506883604505632 0.0538172715894869 0.032540675844806 0.05819774718398 0.0788485607008761 0.0801001251564456 0.0888610763454318 0.0863579474342929 0.0494367959949937 0.114518147684606 0.0794743429286608
"cheSer" 0.0826032540675845 0.0638297872340425 0.0431789737171464 0 0.0337922403003755 0.0400500625782228 0.0344180225281602 0.0413016270337922 0.0682102628285357 0.0707133917396746 0.0769712140175219 0.0757196495619524 0.0331664580725907 0.101376720901126 0.0657071339173967
"chrPic" 0.081351689612015 0.0538172715894869 0.0506883604505632 0.0337922403003755 0 0.0300375469336671 0.0438047559449312 0.0506883604505632 0.0688360450563204 0.0613266583229036 0.0782227784730914 0.0788485607008761 0.0175219023779725 0.103879849812265 0.0456821026282854
"cuoMcc" 0.0882352941176471 0.0481852315394243 0.0538172715894869 0.0400500625782228 0.0300375469336671 0 0.0475594493116396 0.0569461827284105 0.0725907384230288 0.0550688360450563 0.0844806007509387 0.081351689612015 0.0275344180225282 0.108260325406758 0.0600750938673342
"derCor" 0.0832290362953692 0.0707133917396746 0.032540675844806 0.0344180225281602 0.0438047559449312 0.0475594493116396 0 0.0469336670838548 0.071964956195244 0.0775969962453066 0.0807259073842303 0.0788485607008761 0.0400500625782228 0.108260325406758 0.0732165206508135
"derMaw" 0.0963704630788486 0.0794743429286608 0.05819774718398 0.0413016270337922 0.0506883604505632 0.0569461827284105 0.0469336670838548 0 0.0794743429286608 0.083854818523154 0.0876095118898623 0.0863579474342929 0.0494367959949937 0.107634543178974 0.0794743429286608
"emySub" 0.0863579474342929 0.0963704630788486 0.0788485607008761 0.0682102628285357 0.0688360450563204 0.0725907384230288 0.071964956195244 0.0794743429286608 0 0.102002503128911 0.0312891113892365 0.0832290362953692 0.065081351689612 0.0782227784730914 0.0957446808510638
"gopAga" 0.117021276595745 0.0525657071339174 0.0801001251564456 0.0707133917396746 0.0613266583229036 0.0550688360450563 0.0775969962453066 0.083854818523154 0.102002503128911 0 0.112015018773467 0.112015018773467 0.0569461827284105 0.134543178973717 0.0675844806007509
"mesTub" 0.0938673341677096 0.10450563204005 0.0888610763454318 0.0769712140175219 0.0782227784730914 0.0844806007509387 0.0807259073842303 0.0876095118898623 0.0312891113892365 0.112015018773467 0 0.0913642052565707 0.074468085106383 0.083854818523154 0.103879849812265
"pelSin" 0.081351689612015 0.103879849812265 0.0863579474342929 0.0757196495619524 0.0788485607008761 0.081351689612015 0.0788485607008761 0.0863579474342929 0.0832290362953692 0.112015018773467 0.0913642052565707 0 0.0732165206508135 0.117021276595745 0.10450563204005
"plaMeg" 0.0788485607008761 0.0525657071339174 0.0494367959949937 0.0331664580725907 0.0175219023779725 0.0275344180225282 0.0400500625782228 0.0494367959949937 0.065081351689612 0.0569461827284105 0.074468085106383 0.0732165206508135 0 0.102002503128911 0.0469336670838548
"podExp" 0.115769712140175 0.128911138923655 0.114518147684606 0.101376720901126 0.103879849812265 0.108260325406758 0.108260325406758 0.107634543178974 0.0782227784730914 0.134543178973717 0.083854818523154 0.117021276595745 0.102002503128911 0 0.133291614518148
"terMex" 0.108260325406758 0.0663329161451815 0.0794743429286608 0.0657071339173967 0.0456821026282854 0.0600750938673342 0.0732165206508135 0.0794743429286608 0.0957446808510638 0.0675844806007509 0.103879849812265 0.10450563204005 0.0469336670838548 0.133291614518148 0
