"carIns" "cheAbi" "cheMyd" "cheSer" "chrPic" "cuoAmb" "cuoMcc" "derCor" "derMaw" "emySub" "gopAga" "malTer" "mesTub" "pelCas" "plaMeg" "podExp" "terMex"
"carIns" 0 0.135846798324357 0.148414123279473 0.129263913824057 0.122681029323758 0.131657690005984 0.13345302214243 0.131059245960503 0.16098144823459 0.163375224416517 0.13345302214243 0.175942549371634 0.172950329144225 0.172351885098743 0.116696588868941 0.199880311190904 0.119688809096349
"cheAbi" 0.135846798324357 0 0.0754039497307002 0.059245960502693 0.0424895272292041 0.0311190903650509 0.0329144225014961 0.0610412926391382 0.0981448234590066 0.114901256732496 0.0269299820466786 0.101735487731897 0.12327947336924 0.122082585278276 0.0388988629563136 0.154997007779773 0.0394973070017953
"cheMyd" 0.148414123279473 0.0754039497307002 0 0.0652304009575105 0.0634350688210652 0.0676241771394375 0.0682226211849192 0.0562537402752843 0.105924596050269 0.127468581687612 0.0718132854578097 0.122681029323758 0.131657690005984 0.136445242369838 0.0580490724117295 0.165170556552962 0.059245960502693
"cheSer" 0.129263913824057 0.059245960502693 0.0652304009575105 0 0.0442848593656493 0.0502692998204668 0.0508677438659485 0.049670855774985 0.0849790544584081 0.102932375822861 0.0550568521843208 0.104129263913824 0.107719928186715 0.117893476959904 0.0353081986834231 0.152004787552364 0.0365050867743866
"chrPic" 0.122681029323758 0.0424895272292041 0.0634350688210652 0.0442848593656493 0 0.0317175344105326 0.0323159784560144 0.0484739676840215 0.0819868342309994 0.0975463794135248 0.0383004189108318 0.0718132854578097 0.105924596050269 0.117295032914423 0.0209455415918612 0.147815679233992 0.0149611011370437
"cuoAmb" 0.131657690005984 0.0311190903650509 0.0676241771394375 0.0502692998204668 0.0317175344105326 0 0.0107719928186715 0.0526630760023938 0.0915619389587074 0.108318372232196 0.0233393177737881 0.0933572710951526 0.11310592459605 0.124476361460203 0.0299222022740874 0.147815679233992 0.0299222022740874
"cuoMcc" 0.13345302214243 0.0329144225014961 0.0682226211849192 0.0508677438659485 0.0323159784560144 0.0107719928186715 0 0.0532615200478755 0.0921603830041891 0.110113704368642 0.0263315380011969 0.0939557151406343 0.117295032914423 0.126271693596649 0.0305206463195691 0.1508078994614 0.0305206463195691
"derCor" 0.131059245960503 0.0610412926391382 0.0562537402752843 0.049670855774985 0.0484739676840215 0.0526630760023938 0.0532615200478755 0 0.0891681627767804 0.111310592459605 0.0586475164572113 0.107121484141233 0.114901256732496 0.119688809096349 0.0406941950927588 0.151406343506882 0.0418910831837223
"derMaw" 0.16098144823459 0.0981448234590066 0.105924596050269 0.0849790544584081 0.0819868342309994 0.0915619389587074 0.0921603830041891 0.0891681627767804 0 0.13345302214243 0.0957510472770796 0.136445242369838 0.139437462597247 0.145421903052065 0.0777977259126272 0.175942549371634 0.0766008378216637
"emySub" 0.163375224416517 0.114901256732496 0.127468581687612 0.102932375822861 0.0975463794135248 0.108318372232196 0.110113704368642 0.111310592459605 0.13345302214243 0 0.111310592459605 0.148414123279473 0.0783961699581089 0.111310592459605 0.0945541591861161 0.146020347097546 0.0933572710951526
"gopAga" 0.13345302214243 0.0269299820466786 0.0718132854578097 0.0550568521843208 0.0383004189108318 0.0233393177737881 0.0263315380011969 0.0586475164572113 0.0957510472770796 0.111310592459605 0 0.0981448234590066 0.119688809096349 0.124476361460203 0.0335128665469779 0.152004787552364 0.0341113105924596
"malTer" 0.175942549371634 0.101735487731897 0.122681029323758 0.104129263913824 0.0718132854578097 0.0933572710951526 0.0939557151406343 0.107121484141233 0.136445242369838 0.148414123279473 0.0981448234590066 0 0.157989228007181 0.165170556552962 0.0819868342309994 0.193297426690604 0.0771992818671454
"mesTub" 0.172950329144225 0.12327947336924 0.131657690005984 0.107719928186715 0.105924596050269 0.11310592459605 0.117295032914423 0.114901256732496 0.139437462597247 0.0783961699581089 0.119688809096349 0.157989228007181 0 0.117893476959904 0.104129263913824 0.1573907839617 0.104129263913824
"pelCas" 0.172351885098743 0.122082585278276 0.136445242369838 0.117893476959904 0.117295032914423 0.124476361460203 0.126271693596649 0.119688809096349 0.145421903052065 0.111310592459605 0.124476361460203 0.165170556552962 0.117893476959904 0 0.10951526032316 0.115499700777977 0.10951526032316
"plaMeg" 0.116696588868941 0.0388988629563136 0.0580490724117295 0.0353081986834231 0.0209455415918612 0.0299222022740874 0.0305206463195691 0.0406941950927588 0.0777977259126272 0.0945541591861161 0.0335128665469779 0.0819868342309994 0.104129263913824 0.10951526032316 0 0.144823459006583 0.0167564332734889
"podExp" 0.199880311190904 0.154997007779773 0.165170556552962 0.152004787552364 0.147815679233992 0.147815679233992 0.1508078994614 0.151406343506882 0.175942549371634 0.146020347097546 0.152004787552364 0.193297426690604 0.1573907839617 0.115499700777977 0.144823459006583 0 0.140634350688211
"terMex" 0.119688809096349 0.0394973070017953 0.059245960502693 0.0365050867743866 0.0149611011370437 0.0299222022740874 0.0305206463195691 0.0418910831837223 0.0766008378216637 0.0933572710951526 0.0341113105924596 0.0771992818671454 0.104129263913824 0.10951526032316 0.0167564332734889 0.140634350688211 0
