"carIns" "cheAbi" "cheMyd" "cheSer" "chrPic" "cuoAmb" "cuoMcc" "derCor" "derMaw" "emySub" "gopAga" "malTer" "pelCas" "pelSin" "plaMeg" "podExp" "terMex"
"carIns" 0 0.0865671641791045 0.082089552238806 0.0843283582089552 0.0783582089552239 0.0828358208955224 0.0828358208955224 0.0940298507462687 0.0955223880597015 0.114179104477612 0.0828358208955224 0.0805970149253731 0.121641791044776 0.11865671641791 0.0805970149253731 0.127611940298507 0.0791044776119403
"cheAbi" 0.0865671641791045 0 0.0395522388059701 0.0365671641791045 0.0313432835820895 0.0216417910447761 0.0208955223880597 0.0582089552238806 0.0574626865671642 0.0902985074626866 0.0216417910447761 0.0305970149253731 0.0992537313432836 0.102238805970149 0.0246268656716418 0.113432835820896 0.0305970149253731
"cheMyd" 0.082089552238806 0.0395522388059701 0 0.0373134328358209 0.0380597014925373 0.0395522388059701 0.0395522388059701 0.0358208955223881 0.0559701492537313 0.0895522388059701 0.041044776119403 0.0380597014925373 0.0962686567164179 0.0925373134328358 0.032089552238806 0.113432835820896 0.0373134328358209
"cheSer" 0.0843283582089552 0.0365671641791045 0.0373134328358209 0 0.0350746268656716 0.0373134328358209 0.0373134328358209 0.0507462686567164 0.0477611940298507 0.0925373134328358 0.0417910447761194 0.0335820895522388 0.0977611940298507 0.101492537313433 0.026865671641791 0.116417910447761 0.0343283582089552
"chrPic" 0.0783582089552239 0.0313432835820895 0.0380597014925373 0.0350746268656716 0 0.0276119402985075 0.026865671641791 0.0485074626865672 0.0514925373134328 0.0843283582089552 0.032089552238806 0.00671641791044776 0.0940298507462687 0.1 0.023134328358209 0.108208955223881 0.0156716417910448
"cuoAmb" 0.0828358208955224 0.0216417910447761 0.0395522388059701 0.0373134328358209 0.0276119402985075 0 0.00671641791044776 0.0552238805970149 0.0537313432835821 0.0880597014925373 0.0194029850746269 0.0283582089552239 0.100746268656716 0.101492537313433 0.026865671641791 0.117164179104478 0.026865671641791
"cuoMcc" 0.0828358208955224 0.0208955223880597 0.0395522388059701 0.0373134328358209 0.026865671641791 0.00671641791044776 0 0.0537313432835821 0.0552238805970149 0.0880597014925373 0.0186567164179104 0.0276119402985075 0.0985074626865672 0.1 0.0261194029850746 0.115671641791045 0.0261194029850746
"derCor" 0.0940298507462687 0.0582089552238806 0.0358208955223881 0.0507462686567164 0.0485074626865672 0.0552238805970149 0.0537313432835821 0 0.0708955223880597 0.103731343283582 0.0574626865671642 0.05 0.108955223880597 0.117910447761194 0.0514925373134328 0.121641791044776 0.0507462686567164
"derMaw" 0.0955223880597015 0.0574626865671642 0.0559701492537313 0.0477611940298507 0.0514925373134328 0.0537313432835821 0.0552238805970149 0.0708955223880597 0 0.103731343283582 0.0582089552238806 0.0514925373134328 0.109701492537313 0.112686567164179 0.0522388059701493 0.123134328358209 0.0514925373134328
"emySub" 0.114179104477612 0.0902985074626866 0.0895522388059701 0.0925373134328358 0.0843283582089552 0.0880597014925373 0.0880597014925373 0.103731343283582 0.103731343283582 0 0.0865671641791045 0.0843283582089552 0.0843283582089552 0.130597014925373 0.0865671641791045 0.0955223880597015 0.082089552238806
"gopAga" 0.0828358208955224 0.0216417910447761 0.041044776119403 0.0417910447761194 0.032089552238806 0.0194029850746269 0.0186567164179104 0.0574626865671642 0.0582089552238806 0.0865671641791045 0 0.0313432835820895 0.0992537313432836 0.101492537313433 0.0291044776119403 0.112686567164179 0.0298507462686567
"malTer" 0.0805970149253731 0.0305970149253731 0.0380597014925373 0.0335820895522388 0.00671641791044776 0.0283582089552239 0.0276119402985075 0.05 0.0514925373134328 0.0843283582089552 0.0313432835820895 0 0.0917910447761194 0.1 0.0223880597014925 0.107462686567164 0.0164179104477612
"pelCas" 0.121641791044776 0.0992537313432836 0.0962686567164179 0.0977611940298507 0.0940298507462687 0.100746268656716 0.0985074626865672 0.108955223880597 0.109701492537313 0.0843283582089552 0.0992537313432836 0.0917910447761194 0 0.129850746268657 0.0932835820895522 0.0865671641791045 0.091044776119403
"pelSin" 0.11865671641791 0.102238805970149 0.0925373134328358 0.101492537313433 0.1 0.101492537313433 0.1 0.117910447761194 0.112686567164179 0.130597014925373 0.101492537313433 0.1 0.129850746268657 0 0.0977611940298507 0.145522388059701 0.0962686567164179
"plaMeg" 0.0805970149253731 0.0246268656716418 0.032089552238806 0.026865671641791 0.023134328358209 0.026865671641791 0.0261194029850746 0.0514925373134328 0.0522388059701493 0.0865671641791045 0.0291044776119403 0.0223880597014925 0.0932835820895522 0.0977611940298507 0 0.11044776119403 0.0208955223880597
"podExp" 0.127611940298507 0.113432835820896 0.113432835820896 0.116417910447761 0.108208955223881 0.117164179104478 0.115671641791045 0.121641791044776 0.123134328358209 0.0955223880597015 0.112686567164179 0.107462686567164 0.0865671641791045 0.145522388059701 0.11044776119403 0 0.108208955223881
"terMex" 0.0791044776119403 0.0305970149253731 0.0373134328358209 0.0343283582089552 0.0156716417910448 0.026865671641791 0.0261194029850746 0.0507462686567164 0.0514925373134328 0.082089552238806 0.0298507462686567 0.0164179104477612 0.091044776119403 0.0962686567164179 0.0208955223880597 0.108208955223881 0
