"carIns" "cheAbi" "cheMyd" "cheSer" "chrPic" "cuoAmb" "cuoMcc" "derCor" "derMaw" "emySub" "gopAga" "malTer" "mesTub" "pelCas" "pelSin" "plaMeg" "podExp" "terMex"
"carIns" 0 0.162489894907033 0.0962004850444624 0.0970088924818108 0.0881164106709782 0.0913500404203719 0.089733225545675 0.0994341147938561 0.10266774454325 0.106709781729992 0.240097008892482 0.111560226354082 0.110751818916734 0.111560226354082 0.089733225545675 0.0937752627324171 0.113177041228779 0.089733225545675
"cheAbi" 0.162489894907033 0 0.117219078415521 0.113985448666128 0.103476151980598 0.100242522231205 0.0986257073565077 0.12287793047696 0.129345189975748 0.145513338722716 0.213419563459984 0.127728375101051 0.144704931285368 0.147130153597413 0.164915117219078 0.109943411479386 0.147938561034762 0.106709781729992
"cheMyd" 0.0962004850444624 0.117219078415521 0 0.0347615198059822 0.0315278900565885 0.0299110751818917 0.0282942603071948 0.0185933710590137 0.0485044462409054 0.0727566693613581 0.203718674211803 0.0549717057396928 0.0711398544866613 0.0792239288601455 0.0873080032336297 0.0339531123686338 0.0816491511721908 0.0339531123686338
"cheSer" 0.0970088924818108 0.113985448666128 0.0347615198059822 0 0.0299110751818917 0.0307194826192401 0.0291026677445432 0.0396119644300728 0.042037186742118 0.0703314470493129 0.199676637025061 0.0541632983023444 0.0711398544866613 0.0751818916734034 0.0913500404203719 0.0315278900565885 0.0832659660468876 0.0323362974939369
"chrPic" 0.0881164106709782 0.103476151980598 0.0315278900565885 0.0299110751818917 0 0.01535974130962 0.0137429264349232 0.0347615198059822 0.0412287793047696 0.0662894098625707 0.198059822150364 0.0299110751818917 0.0646725949878739 0.0703314470493129 0.0848827809215845 0.0129345189975748 0.0751818916734034 0.00889248181083266
"cuoAmb" 0.0913500404203719 0.100242522231205 0.0299110751818917 0.0307194826192401 0.01535974130962 0 0.00161681487469685 0.0331447049312854 0.0452708164915117 0.0670978172999192 0.194017784963622 0.042037186742118 0.0670978172999192 0.074373484236055 0.0848827809215845 0.0202101859337106 0.0776071139854487 0.0177849636216653
"cuoMcc" 0.089733225545675 0.0986257073565077 0.0282942603071948 0.0291026677445432 0.0137429264349232 0.00161681487469685 0 0.0315278900565885 0.0452708164915117 0.0662894098625707 0.194017784963622 0.0404203718674212 0.0654810024252223 0.0727566693613581 0.0832659660468876 0.0185933710590137 0.0759902991107518 0.0161681487469685
"derCor" 0.0994341147938561 0.12287793047696 0.0185933710590137 0.0396119644300728 0.0347615198059822 0.0331447049312854 0.0315278900565885 0 0.0541632983023444 0.0776071139854487 0.2053354890865 0.0582053354890865 0.0767987065481002 0.0840743734842361 0.0864995957962813 0.0363783346806791 0.0848827809215845 0.0371867421180275
"derMaw" 0.10266774454325 0.129345189975748 0.0485044462409054 0.042037186742118 0.0412287793047696 0.0452708164915117 0.0452708164915117 0.0541632983023444 0 0.0784155214227971 0.214227970897332 0.0654810024252223 0.0759902991107518 0.0832659660468876 0.0937752627324171 0.0412287793047696 0.0921584478577203 0.0412287793047696
"emySub" 0.106709781729992 0.145513338722716 0.0727566693613581 0.0703314470493129 0.0662894098625707 0.0670978172999192 0.0662894098625707 0.0776071139854487 0.0784155214227971 0 0.227970897332255 0.0905416329830234 0.0315278900565885 0.0525464834276475 0.0986257073565077 0.0703314470493129 0.0638641875505255 0.068714632174616
"gopAga" 0.240097008892482 0.213419563459984 0.203718674211803 0.199676637025061 0.198059822150364 0.194017784963622 0.194017784963622 0.2053354890865 0.214227970897332 0.227970897332255 0 0.223928860145513 0.226354082457559 0.227162489894907 0.242522231204527 0.202101859337106 0.232012934518998 0.202910266774454
"malTer" 0.111560226354082 0.127728375101051 0.0549717057396928 0.0541632983023444 0.0299110751818917 0.042037186742118 0.0404203718674212 0.0582053354890865 0.0654810024252223 0.0905416329830234 0.223928860145513 0 0.089733225545675 0.0945836701697656 0.111560226354082 0.0379951495553759 0.0978172999191593 0.0355699272433306
"mesTub" 0.110751818916734 0.144704931285368 0.0711398544866613 0.0711398544866613 0.0646725949878739 0.0670978172999192 0.0654810024252223 0.0767987065481002 0.0759902991107518 0.0315278900565885 0.226354082457559 0.089733225545675 0 0.0509296685529507 0.101859337105901 0.0670978172999192 0.0598221503637833 0.0670978172999192
"pelCas" 0.111560226354082 0.147130153597413 0.0792239288601455 0.0751818916734034 0.0703314470493129 0.074373484236055 0.0727566693613581 0.0840743734842361 0.0832659660468876 0.0525464834276475 0.227162489894907 0.0945836701697656 0.0509296685529507 0 0.104284559417947 0.0727566693613581 0.0460792239288601 0.0719482619240097
"pelSin" 0.089733225545675 0.164915117219078 0.0873080032336297 0.0913500404203719 0.0848827809215845 0.0848827809215845 0.0832659660468876 0.0864995957962813 0.0937752627324171 0.0986257073565077 0.242522231204527 0.111560226354082 0.101859337105901 0.104284559417947 0 0.089733225545675 0.111560226354082 0.0889248181083266
"plaMeg" 0.0937752627324171 0.109943411479386 0.0339531123686338 0.0315278900565885 0.0129345189975748 0.0202101859337106 0.0185933710590137 0.0363783346806791 0.0412287793047696 0.0703314470493129 0.202101859337106 0.0379951495553759 0.0670978172999192 0.0727566693613581 0.089733225545675 0 0.0792239288601455 0.01535974130962
"podExp" 0.113177041228779 0.147938561034762 0.0816491511721908 0.0832659660468876 0.0751818916734034 0.0776071139854487 0.0759902991107518 0.0848827809215845 0.0921584478577203 0.0638641875505255 0.232012934518998 0.0978172999191593 0.0598221503637833 0.0460792239288601 0.111560226354082 0.0792239288601455 0 0.0792239288601455
"terMex" 0.089733225545675 0.106709781729992 0.0339531123686338 0.0323362974939369 0.00889248181083266 0.0177849636216653 0.0161681487469685 0.0371867421180275 0.0412287793047696 0.068714632174616 0.202910266774454 0.0355699272433306 0.0670978172999192 0.0719482619240097 0.0889248181083266 0.01535974130962 0.0792239288601455 0
