"carIns" "cheAbi" "cheMyd" "cheSer" "chrPic" "cuoAmb" "cuoMcc" "derCor" "derMaw" "emySub" "gopAga" "malTer" "mesTub" "pelCas" "pelSin" "plaMeg" "podExp" "terMex"
"carIns" 0 0.0617551462621885 0.0747562296858072 0.0606717226435536 0.0595882990249187 0.0628385698808234 0.0617551462621885 0.0585048754062839 0.0650054171180932 0.0812567713976165 0.0660888407367281 0.0628385698808234 0.0866738894907909 0.0888407367280607 0.278439869989166 0.0552546045503792 0.0877573131094258 0.0595882990249187
"cheAbi" 0.0617551462621885 0 0.0487540628385699 0.0238353196099675 0.0227518959913326 0.0140845070422535 0.0140845070422535 0.0303358613217768 0.0325027085590466 0.0628385698808234 0.0216684723726977 0.0205850487540628 0.0617551462621885 0.0704225352112676 0.277356446370531 0.0130010834236186 0.0725893824485374 0.0173347778981582
"cheMyd" 0.0747562296858072 0.0487540628385699 0 0.0455037919826652 0.0498374864572048 0.0498374864572048 0.0498374864572048 0.037919826652221 0.0520043336944745 0.0790899241603467 0.0509209100758397 0.047670639219935 0.0801733477789816 0.0769230769230769 0.292524377031419 0.0400866738894908 0.0823401950162514 0.0465872156013001
"cheSer" 0.0606717226435536 0.0238353196099675 0.0455037919826652 0 0.0249187432286024 0.0249187432286024 0.0249187432286024 0.0238353196099675 0.0238353196099675 0.0628385698808234 0.0303358613217768 0.0205850487540628 0.0639219934994583 0.0693391115926327 0.275189599133261 0.0151679306608884 0.0682556879739978 0.0216684723726977
"chrPic" 0.0595882990249187 0.0227518959913326 0.0498374864572048 0.0249187432286024 0 0.0216684723726977 0.0216684723726977 0.0314192849404117 0.0314192849404117 0.0639219934994583 0.0260021668472373 0.00866738894907909 0.0671722643553629 0.0693391115926327 0.278439869989166 0.0140845070422535 0.0693391115926327 0.0140845070422535
"cuoAmb" 0.0628385698808234 0.0140845070422535 0.0498374864572048 0.0249187432286024 0.0216684723726977 0 0.00433369447453954 0.0314192849404117 0.0314192849404117 0.0660888407367281 0.0205850487540628 0.019501625135428 0.0671722643553629 0.0715059588299025 0.276273022751896 0.0140845070422535 0.0736728060671723 0.0184182015167931
"cuoMcc" 0.0617551462621885 0.0140845070422535 0.0498374864572048 0.0249187432286024 0.0216684723726977 0.00433369447453954 0 0.0314192849404117 0.0314192849404117 0.0650054171180932 0.0205850487540628 0.019501625135428 0.0660888407367281 0.0704225352112676 0.277356446370531 0.0140845070422535 0.0747562296858072 0.0184182015167931
"derCor" 0.0585048754062839 0.0303358613217768 0.037919826652221 0.0238353196099675 0.0314192849404117 0.0314192849404117 0.0314192849404117 0 0.0368364030335861 0.0650054171180932 0.0325027085590466 0.0270855904658722 0.0660888407367281 0.0671722643553629 0.278439869989166 0.0216684723726977 0.0693391115926327 0.0260021668472373
"derMaw" 0.0650054171180932 0.0325027085590466 0.0520043336944745 0.0238353196099675 0.0314192849404117 0.0314192849404117 0.0314192849404117 0.0368364030335861 0 0.0660888407367281 0.0346695557963164 0.0292524377031419 0.0704225352112676 0.0704225352112676 0.28169014084507 0.0238353196099675 0.0725893824485374 0.0303358613217768
"emySub" 0.0812567713976165 0.0628385698808234 0.0790899241603467 0.0628385698808234 0.0639219934994583 0.0660888407367281 0.0650054171180932 0.0650054171180932 0.0660888407367281 0 0.0704225352112676 0.0617551462621885 0.0390032502708559 0.0628385698808234 0.284940411700975 0.0541711809317443 0.0639219934994583 0.0585048754062839
"gopAga" 0.0660888407367281 0.0216684723726977 0.0509209100758397 0.0303358613217768 0.0260021668472373 0.0205850487540628 0.0205850487540628 0.0325027085590466 0.0346695557963164 0.0704225352112676 0 0.0249187432286024 0.0715059588299025 0.0747562296858072 0.28385698808234 0.019501625135428 0.0725893824485374 0.0216684723726977
"malTer" 0.0628385698808234 0.0205850487540628 0.047670639219935 0.0205850487540628 0.00866738894907909 0.019501625135428 0.019501625135428 0.0270855904658722 0.0292524377031419 0.0617551462621885 0.0249187432286024 0 0.0650054171180932 0.0693391115926327 0.280606717226436 0.0119176598049837 0.0693391115926327 0.0119176598049837
"mesTub" 0.0866738894907909 0.0617551462621885 0.0801733477789816 0.0639219934994583 0.0671722643553629 0.0671722643553629 0.0660888407367281 0.0660888407367281 0.0704225352112676 0.0390032502708559 0.0715059588299025 0.0650054171180932 0 0.0682556879739978 0.282773564463705 0.0552546045503792 0.0693391115926327 0.0617551462621885
"pelCas" 0.0888407367280607 0.0704225352112676 0.0769230769230769 0.0693391115926327 0.0693391115926327 0.0715059588299025 0.0704225352112676 0.0671722643553629 0.0704225352112676 0.0628385698808234 0.0747562296858072 0.0693391115926327 0.0682556879739978 0 0.297941495124594 0.0639219934994583 0.0520043336944745 0.0660888407367281
"pelSin" 0.278439869989166 0.277356446370531 0.292524377031419 0.275189599133261 0.278439869989166 0.276273022751896 0.277356446370531 0.278439869989166 0.28169014084507 0.284940411700975 0.28385698808234 0.280606717226436 0.282773564463705 0.297941495124594 0 0.270855904658722 0.297941495124594 0.277356446370531
"plaMeg" 0.0552546045503792 0.0130010834236186 0.0400866738894908 0.0151679306608884 0.0140845070422535 0.0140845070422535 0.0140845070422535 0.0216684723726977 0.0238353196099675 0.0541711809317443 0.019501625135428 0.0119176598049837 0.0552546045503792 0.0639219934994583 0.270855904658722 0 0.0660888407367281 0.0108342361863489
"podExp" 0.0877573131094258 0.0725893824485374 0.0823401950162514 0.0682556879739978 0.0693391115926327 0.0736728060671723 0.0747562296858072 0.0693391115926327 0.0725893824485374 0.0639219934994583 0.0725893824485374 0.0693391115926327 0.0693391115926327 0.0520043336944745 0.297941495124594 0.0660888407367281 0 0.0660888407367281
"terMex" 0.0595882990249187 0.0173347778981582 0.0465872156013001 0.0216684723726977 0.0140845070422535 0.0184182015167931 0.0184182015167931 0.0260021668472373 0.0303358613217768 0.0585048754062839 0.0216684723726977 0.0119176598049837 0.0617551462621885 0.0660888407367281 0.277356446370531 0.0108342361863489 0.0660888407367281 0
