"carIns" "cheAbi" "cheMyd" "cheSer" "chrPic" "cuoAmb" "cuoMcc" "derCor" "derMaw" "emySub" "malTer" "mesTub" "pelCas" "pelSin" "plaMeg" "podExp" "terMex"
"carIns" 0 0.183308494783905 0.178837555886736 0.0834575260804769 0.0931445603576751 0.195230998509687 0.189269746646796 0.190760059612519 0.0923994038748137 0.200447093889717 0.176602086438152 0.0991058122205663 0.107302533532042 0.0946348733233979 0.0819672131147541 0.10655737704918 0.0879284649776453
"cheAbi" 0.183308494783905 0 0.152011922503726 0.140089418777943 0.140834575260805 0.14903129657228 0.139344262295082 0.162444113263785 0.145305514157973 0.180327868852459 0.151266766020864 0.154992548435171 0.166169895678092 0.175111773472429 0.128166915052161 0.167660208643815 0.136363636363636
"cheMyd" 0.178837555886736 0.152011922503726 0 0.124441132637854 0.138599105812221 0.146050670640835 0.14903129657228 0.142324888226528 0.129657228017884 0.160208643815201 0.146795827123696 0.148286140089419 0.157228017883756 0.166169895678092 0.12220566318927 0.157973174366617 0.131892697466468
"cheSer" 0.0834575260804769 0.140089418777943 0.124441132637854 0 0.0380029806259314 0.148286140089419 0.142324888226528 0.145305514157973 0.0290611028315946 0.163189269746647 0.128166915052161 0.0558867362146051 0.0633383010432191 0.0655737704918033 0.0216095380029806 0.0640834575260805 0.0327868852459016
"chrPic" 0.0931445603576751 0.140834575260805 0.138599105812221 0.0380029806259314 0 0.148286140089419 0.138599105812221 0.156482861400894 0.0439642324888227 0.170640834575261 0.119970193740686 0.0543964232488823 0.0707898658718331 0.0730253353204173 0.0253353204172876 0.0760059612518629 0.0283159463487332
"cuoAmb" 0.195230998509687 0.14903129657228 0.146050670640835 0.148286140089419 0.148286140089419 0 0.0909090909090909 0.160208643815201 0.153502235469449 0.166169895678092 0.134873323397914 0.169150521609538 0.18107302533532 0.18628912071535 0.136363636363636 0.181818181818182 0.14381520119225
"cuoMcc" 0.189269746646796 0.139344262295082 0.14903129657228 0.142324888226528 0.138599105812221 0.0909090909090909 0 0.162444113263785 0.147540983606557 0.169150521609538 0.128166915052161 0.155737704918033 0.171385991058122 0.175856929955291 0.131892697466468 0.175111773472429 0.135618479880775
"derCor" 0.190760059612519 0.162444113263785 0.142324888226528 0.145305514157973 0.156482861400894 0.160208643815201 0.162444113263785 0 0.146795827123696 0.166169895678092 0.15424739195231 0.15946348733234 0.171385991058122 0.176602086438152 0.139344262295082 0.170640834575261 0.149776453055142
"derMaw" 0.0923994038748137 0.145305514157973 0.129657228017884 0.0290611028315946 0.0439642324888227 0.153502235469449 0.147540983606557 0.146795827123696 0 0.167660208643815 0.131892697466468 0.0558867362146051 0.0648286140089419 0.0685543964232489 0.0283159463487332 0.0707898658718331 0.03725782414307
"emySub" 0.200447093889717 0.180327868852459 0.160208643815201 0.163189269746647 0.170640834575261 0.166169895678092 0.169150521609538 0.166169895678092 0.167660208643815 0 0.166169895678092 0.154992548435171 0.169895678092399 0.192250372578241 0.158718330849478 0.162444113263785 0.161698956780924
"malTer" 0.176602086438152 0.151266766020864 0.146795827123696 0.128166915052161 0.119970193740686 0.134873323397914 0.128166915052161 0.15424739195231 0.131892697466468 0.166169895678092 0 0.146050670640835 0.15946348733234 0.163189269746647 0.11698956780924 0.156482861400894 0.120715350223547
"mesTub" 0.0991058122205663 0.154992548435171 0.148286140089419 0.0558867362146051 0.0543964232488823 0.169150521609538 0.155737704918033 0.15946348733234 0.0558867362146051 0.154992548435171 0.146050670640835 0 0.0543964232488823 0.0782414307004471 0.0491803278688525 0.0581222056631893 0.0529061102831595
"pelCas" 0.107302533532042 0.166169895678092 0.157228017883756 0.0633383010432191 0.0707898658718331 0.18107302533532 0.171385991058122 0.171385991058122 0.0648286140089419 0.169895678092399 0.15946348733234 0.0543964232488823 0 0.0819672131147541 0.0581222056631893 0.0499254843517139 0.0678092399403875
"pelSin" 0.0946348733233979 0.175111773472429 0.166169895678092 0.0655737704918033 0.0730253353204173 0.18628912071535 0.175856929955291 0.176602086438152 0.0685543964232489 0.192250372578241 0.163189269746647 0.0782414307004471 0.0819672131147541 0 0.0648286140089419 0.0886736214605067 0.0730253353204173
"plaMeg" 0.0819672131147541 0.128166915052161 0.12220566318927 0.0216095380029806 0.0253353204172876 0.136363636363636 0.131892697466468 0.139344262295082 0.0283159463487332 0.158718330849478 0.11698956780924 0.0491803278688525 0.0581222056631893 0.0648286140089419 0 0.0581222056631893 0.0216095380029806
"podExp" 0.10655737704918 0.167660208643815 0.157973174366617 0.0640834575260805 0.0760059612518629 0.181818181818182 0.175111773472429 0.170640834575261 0.0707898658718331 0.162444113263785 0.156482861400894 0.0581222056631893 0.0499254843517139 0.0886736214605067 0.0581222056631893 0 0.0692995529061103
"terMex" 0.0879284649776453 0.136363636363636 0.131892697466468 0.0327868852459016 0.0283159463487332 0.14381520119225 0.135618479880775 0.149776453055142 0.03725782414307 0.161698956780924 0.120715350223547 0.0529061102831595 0.0678092399403875 0.0730253353204173 0.0216095380029806 0.0692995529061103 0
