"carIns" "cheAbi" "cheMyd" "cheSer" "chrPic" "cuoAmb" "cuoMcc" "derCor" "derMaw" "gopAga" "malTer" "mesTub" "pelCas" "pelSin" "plaMeg" "podExp" "terMex"
"carIns" 0 0.120661157024793 0.139669421487603 0.131404958677686 0.119834710743802 0.152066115702479 0.127272727272727 0.127272727272727 0.134710743801653 0.123140495867769 0.120661157024793 0.129752066115702 0.13801652892562 0.139669421487603 0.122314049586777 0.142148760330579 0.121487603305785
"cheAbi" 0.120661157024793 0 0.0892561983471074 0.0413223140495868 0.0190082644628099 0.0462809917355372 0.0181818181818182 0.0413223140495868 0.0520661157024793 0.0165289256198347 0.0214876033057851 0.0644628099173554 0.0809917355371901 0.084297520661157 0.0198347107438017 0.084297520661157 0.0214876033057851
"cheMyd" 0.139669421487603 0.0892561983471074 0 0.0867768595041322 0.0809917355371901 0.117355371900826 0.0917355371900826 0.0743801652892562 0.096694214876033 0.0925619834710744 0.0851239669421488 0.112396694214876 0.118181818181818 0.131404958677686 0.0834710743801653 0.131404958677686 0.0818181818181818
"cheSer" 0.131404958677686 0.0413223140495868 0.0867768595041322 0 0.0330578512396694 0.0710743801652893 0.040495867768595 0.0388429752066116 0.0388429752066116 0.0462809917355372 0.0371900826446281 0.0636363636363636 0.0801652892561983 0.0752066115702479 0.0330578512396694 0.0793388429752066 0.0338842975206612
"chrPic" 0.119834710743802 0.0190082644628099 0.0809917355371901 0.0330578512396694 0 0.0479338842975207 0.0190082644628099 0.0322314049586777 0.0429752066115702 0.0239669421487603 0.00413223140495868 0.0619834710743802 0.0752066115702479 0.0818181818181818 0.012396694214876 0.084297520661157 0.00578512396694215
"cuoAmb" 0.152066115702479 0.0462809917355372 0.117355371900826 0.0710743801652893 0.0479338842975207 0 0.0446280991735537 0.0702479338842975 0.0785123966942149 0.0495867768595041 0.0495867768595041 0.0933884297520661 0.110743801652893 0.116528925619835 0.0479338842975207 0.116528925619835 0.0504132231404959
"cuoMcc" 0.127272727272727 0.0181818181818182 0.0917355371900826 0.040495867768595 0.0190082644628099 0.0446280991735537 0 0.0429752066115702 0.0504132231404959 0.0214876033057851 0.0214876033057851 0.0677685950413223 0.0834710743801653 0.087603305785124 0.0214876033057851 0.0884297520661157 0.0198347107438017
"derCor" 0.127272727272727 0.0413223140495868 0.0743801652892562 0.0388429752066116 0.0322314049586777 0.0702479338842975 0.0429752066115702 0 0.0504132231404959 0.0454545454545455 0.0363636363636364 0.0636363636363636 0.0793388429752066 0.084297520661157 0.0355371900826446 0.084297520661157 0.031404958677686
"derMaw" 0.134710743801653 0.0520661157024793 0.096694214876033 0.0388429752066116 0.0429752066115702 0.0785123966942149 0.0504132231404959 0.0504132231404959 0 0.0570247933884298 0.0471074380165289 0.0735537190082645 0.087603305785124 0.084297520661157 0.0462809917355372 0.096694214876033 0.043801652892562
"gopAga" 0.123140495867769 0.0165289256198347 0.0925619834710744 0.0462809917355372 0.0239669421487603 0.0495867768595041 0.0214876033057851 0.0454545454545455 0.0570247933884298 0 0.0264462809917355 0.068595041322314 0.084297520661157 0.0900826446280992 0.0247933884297521 0.0867768595041322 0.0264462809917355
"malTer" 0.120661157024793 0.0214876033057851 0.0851239669421488 0.0371900826446281 0.00413223140495868 0.0495867768595041 0.0214876033057851 0.0363636363636364 0.0471074380165289 0.0264462809917355 0 0.0644628099173554 0.0760330578512397 0.0818181818181818 0.015702479338843 0.0859504132231405 0.00991735537190083
"mesTub" 0.129752066115702 0.0644628099173554 0.112396694214876 0.0636363636363636 0.0619834710743802 0.0933884297520661 0.0677685950413223 0.0636363636363636 0.0735537190082645 0.068595041322314 0.0644628099173554 0 0.0628099173553719 0.0834710743801653 0.0611570247933884 0.0628099173553719 0.0628099173553719
"pelCas" 0.13801652892562 0.0809917355371901 0.118181818181818 0.0801652892561983 0.0752066115702479 0.110743801652893 0.0834710743801653 0.0793388429752066 0.087603305785124 0.084297520661157 0.0760330578512397 0.0628099173553719 0 0.0917355371900826 0.0776859504132231 0.0644628099173554 0.0776859504132231
"pelSin" 0.139669421487603 0.084297520661157 0.131404958677686 0.0752066115702479 0.0818181818181818 0.116528925619835 0.087603305785124 0.084297520661157 0.084297520661157 0.0900826446280992 0.0818181818181818 0.0834710743801653 0.0917355371900826 0 0.084297520661157 0.0958677685950413 0.0826446280991736
"plaMeg" 0.122314049586777 0.0198347107438017 0.0834710743801653 0.0330578512396694 0.012396694214876 0.0479338842975207 0.0214876033057851 0.0355371900826446 0.0462809917355372 0.0247933884297521 0.015702479338843 0.0611570247933884 0.0776859504132231 0.084297520661157 0 0.0818181818181818 0.0148760330578512
"podExp" 0.142148760330579 0.084297520661157 0.131404958677686 0.0793388429752066 0.084297520661157 0.116528925619835 0.0884297520661157 0.084297520661157 0.096694214876033 0.0867768595041322 0.0859504132231405 0.0628099173553719 0.0644628099173554 0.0958677685950413 0.0818181818181818 0 0.0851239669421488
"terMex" 0.121487603305785 0.0214876033057851 0.0818181818181818 0.0338842975206612 0.00578512396694215 0.0504132231404959 0.0198347107438017 0.031404958677686 0.043801652892562 0.0264462809917355 0.00991735537190083 0.0628099173553719 0.0776859504132231 0.0826446280991736 0.0148760330578512 0.0851239669421488 0
