"carIns" "cheAbi" "cheMyd" "cheSer" "chrPic" "cuoMcc" "derCor" "derMaw" "gopAga" "mesTub" "pelCas" "pelSin" "plaMeg" "podExp" "terMex"
"carIns" 0 0.092822966507177 0.0947368421052632 0.0899521531100479 0.0937799043062201 0.0909090909090909 0.11866028708134 0.101435406698565 0.0880382775119617 0.113875598086124 0.137799043062201 0.205741626794258 0.0842105263157895 0.132057416267943 0.0870813397129187
"cheAbi" 0.092822966507177 0 0.0497607655502392 0.0440191387559809 0.0401913875598086 0.0229665071770335 0.0832535885167464 0.0574162679425837 0.0143540669856459 0.0880382775119617 0.123444976076555 0.201913875598086 0.0267942583732057 0.112918660287081 0.0315789473684211
"cheMyd" 0.0947368421052632 0.0497607655502392 0 0.0411483253588517 0.0449760765550239 0.0488038277511962 0.0564593301435407 0.0545454545454545 0.0411483253588517 0.0880382775119617 0.119617224880383 0.199043062200957 0.0392344497607656 0.112918660287081 0.0411483253588517
"cheSer" 0.0899521531100479 0.0440191387559809 0.0411483253588517 0 0.0382775119617225 0.0421052631578947 0.0755980861244019 0.045933014354067 0.0344497607655502 0.0851674641148325 0.116746411483254 0.201913875598086 0.0325358851674641 0.108133971291866 0.0325358851674641
"chrPic" 0.0937799043062201 0.0401913875598086 0.0449760765550239 0.0382775119617225 0 0.0354066985645933 0.0736842105263158 0.0516746411483254 0.030622009569378 0.0861244019138756 0.116746411483254 0.2 0.0277511961722488 0.111004784688995 0.015311004784689
"cuoMcc" 0.0909090909090909 0.0229665071770335 0.0488038277511962 0.0421052631578947 0.0354066985645933 0 0.0803827751196172 0.0535885167464115 0.0162679425837321 0.0851674641148325 0.123444976076555 0.201913875598086 0.0229665071770335 0.111004784688995 0.0267942583732057
"derCor" 0.11866028708134 0.0832535885167464 0.0564593301435407 0.0755980861244019 0.0736842105263158 0.0803827751196172 0 0.0870813397129187 0.0755980861244019 0.11866028708134 0.102392344497608 0.18755980861244 0.0717703349282297 0.134928229665072 0.0736842105263158
"derMaw" 0.101435406698565 0.0574162679425837 0.0545454545454545 0.045933014354067 0.0516746411483254 0.0535885167464115 0.0870813397129187 0 0.0497607655502392 0.0861244019138756 0.125358851674641 0.204784688995215 0.0440191387559809 0.114832535885167 0.045933014354067
"gopAga" 0.0880382775119617 0.0143540669856459 0.0411483253588517 0.0344497607655502 0.030622009569378 0.0162679425837321 0.0755980861244019 0.0497607655502392 0 0.0822966507177034 0.116746411483254 0.198086124401914 0.0181818181818182 0.107177033492823 0.0239234449760766
"mesTub" 0.113875598086124 0.0880382775119617 0.0880382775119617 0.0851674641148325 0.0861244019138756 0.0851674641148325 0.11866028708134 0.0861244019138756 0.0822966507177034 0 0.117703349282297 0.217224880382775 0.0803827751196172 0.10622009569378 0.0803827751196172
"pelCas" 0.137799043062201 0.123444976076555 0.119617224880383 0.116746411483254 0.116746411483254 0.123444976076555 0.102392344497608 0.125358851674641 0.116746411483254 0.117703349282297 0 0.21244019138756 0.114832535885167 0.0966507177033493 0.114832535885167
"pelSin" 0.205741626794258 0.201913875598086 0.199043062200957 0.201913875598086 0.2 0.201913875598086 0.18755980861244 0.204784688995215 0.198086124401914 0.217224880382775 0.21244019138756 0 0.191387559808612 0.216267942583732 0.199043062200957
"plaMeg" 0.0842105263157895 0.0267942583732057 0.0392344497607656 0.0325358851674641 0.0277511961722488 0.0229665071770335 0.0717703349282297 0.0440191387559809 0.0181818181818182 0.0803827751196172 0.114832535885167 0.191387559808612 0 0.107177033492823 0.0191387559808612
"podExp" 0.132057416267943 0.112918660287081 0.112918660287081 0.108133971291866 0.111004784688995 0.111004784688995 0.134928229665072 0.114832535885167 0.107177033492823 0.10622009569378 0.0966507177033493 0.216267942583732 0.107177033492823 0 0.107177033492823
"terMex" 0.0870813397129187 0.0315789473684211 0.0411483253588517 0.0325358851674641 0.015311004784689 0.0267942583732057 0.0736842105263158 0.045933014354067 0.0239234449760766 0.0803827751196172 0.114832535885167 0.199043062200957 0.0191387559808612 0.107177033492823 0
