"carIns" "cheAbi" "cheSer" "chrPic" "cuoAmb" "cuoMcc" "derCor" "derMaw" "emySub" "gopAga" "malTer" "mesTub" "pelCas" "pelSin" "plaMeg" "podExp" "terMex"
"carIns" 0 0.31563981042654 0.0710900473933649 0.0587677725118483 0.0663507109004739 0.0663507109004739 0.0682464454976303 0.0691943127962085 0.0919431279620853 0.0654028436018957 0.0587677725118483 0.0938388625592417 0.110900473933649 0.0777251184834123 0.0635071090047393 0.0995260663507109 0.0587677725118483
"cheAbi" 0.31563981042654 0 0.293838862559242 0.298578199052133 0.296682464454976 0.292890995260664 0.295734597156398 0.301421800947867 0.324170616113744 0.288151658767772 0.295734597156398 0.325118483412322 0.332701421800948 0.317535545023697 0.29478672985782 0.328909952606635 0.291943127962085
"cheSer" 0.0710900473933649 0.293838862559242 0 0.033175355450237 0.0322274881516588 0.0312796208530806 0.0322274881516588 0.0492890995260664 0.0796208530805687 0.0312796208530806 0.0293838862559242 0.0853080568720379 0.102369668246445 0.0729857819905213 0.033175355450237 0.0890995260663507 0.0246445497630332
"chrPic" 0.0587677725118483 0.298578199052133 0.033175355450237 0 0.0255924170616114 0.0246445497630332 0.0303317535545024 0.0445497630331754 0.0767772511848341 0.0246445497630332 0.00568720379146919 0.0824644549763033 0.0947867298578199 0.0672985781990521 0.0227488151658768 0.0872037914691943 0.0123222748815166
"cuoAmb" 0.0663507109004739 0.296682464454976 0.0322274881516588 0.0255924170616114 0 0.00663507109004739 0.0341232227488152 0.04739336492891 0.0758293838862559 0.0161137440758294 0.0199052132701422 0.0815165876777251 0.100473933649289 0.0729857819905213 0.0255924170616114 0.0909952606635071 0.0170616113744076
"cuoMcc" 0.0663507109004739 0.292890995260664 0.0312796208530806 0.0246445497630332 0.00663507109004739 0 0.033175355450237 0.0483412322274882 0.0748815165876777 0.0151658767772512 0.018957345971564 0.0815165876777251 0.0957345971563981 0.0729857819905213 0.0246445497630332 0.0900473933649289 0.0161137440758294
"derCor" 0.0682464454976303 0.295734597156398 0.0322274881516588 0.0303317535545024 0.0341232227488152 0.033175355450237 0 0.0454976303317536 0.0758293838862559 0.0312796208530806 0.0274881516587678 0.0843601895734597 0.0957345971563981 0.0710900473933649 0.0274881516587678 0.0853080568720379 0.0246445497630332
"derMaw" 0.0691943127962085 0.301421800947867 0.0492890995260664 0.0445497630331754 0.04739336492891 0.0483412322274882 0.0454976303317536 0 0.0872037914691943 0.0492890995260664 0.042654028436019 0.0947867298578199 0.108056872037915 0.0796208530805687 0.0464454976303318 0.0957345971563981 0.0388625592417062
"emySub" 0.0919431279620853 0.324170616113744 0.0796208530805687 0.0767772511848341 0.0758293838862559 0.0748815165876777 0.0758293838862559 0.0872037914691943 0 0.0777251184834123 0.0720379146919431 0.0398104265402844 0.0767772511848341 0.0976303317535545 0.0739336492890995 0.0720379146919431 0.0682464454976303
"gopAga" 0.0654028436018957 0.288151658767772 0.0312796208530806 0.0246445497630332 0.0161137440758294 0.0151658767772512 0.0312796208530806 0.0492890995260664 0.0777251184834123 0 0.018957345971564 0.0815165876777251 0.0976303317535545 0.0710900473933649 0.0227488151658768 0.0900473933649289 0.0180094786729858
"malTer" 0.0587677725118483 0.295734597156398 0.0293838862559242 0.00568720379146919 0.0199052132701422 0.018957345971564 0.0274881516587678 0.042654028436019 0.0720379146919431 0.018957345971564 0 0.0777251184834123 0.0900473933649289 0.0654028436018957 0.0170616113744076 0.0824644549763033 0.00853080568720379
"mesTub" 0.0938388625592417 0.325118483412322 0.0853080568720379 0.0824644549763033 0.0815165876777251 0.0815165876777251 0.0843601895734597 0.0947867298578199 0.0398104265402844 0.0815165876777251 0.0777251184834123 0 0.0853080568720379 0.0995260663507109 0.0796208530805687 0.0748815165876777 0.0739336492890995
"pelCas" 0.110900473933649 0.332701421800948 0.102369668246445 0.0947867298578199 0.100473933649289 0.0957345971563981 0.0957345971563981 0.108056872037915 0.0767772511848341 0.0976303317535545 0.0900473933649289 0.0853080568720379 0 0.109952606635071 0.0919431279620853 0.0777251184834123 0.0890995260663507
"pelSin" 0.0777251184834123 0.317535545023697 0.0729857819905213 0.0672985781990521 0.0729857819905213 0.0729857819905213 0.0710900473933649 0.0796208530805687 0.0976303317535545 0.0710900473933649 0.0654028436018957 0.0995260663507109 0.109952606635071 0 0.0663507109004739 0.108056872037915 0.0635071090047393
"plaMeg" 0.0635071090047393 0.29478672985782 0.033175355450237 0.0227488151658768 0.0255924170616114 0.0246445497630332 0.0274881516587678 0.0464454976303318 0.0739336492890995 0.0227488151658768 0.0170616113744076 0.0796208530805687 0.0919431279620853 0.0663507109004739 0 0.0834123222748815 0.0161137440758294
"podExp" 0.0995260663507109 0.328909952606635 0.0890995260663507 0.0872037914691943 0.0909952606635071 0.0900473933649289 0.0853080568720379 0.0957345971563981 0.0720379146919431 0.0900473933649289 0.0824644549763033 0.0748815165876777 0.0777251184834123 0.108056872037915 0.0834123222748815 0 0.0805687203791469
"terMex" 0.0587677725118483 0.291943127962085 0.0246445497630332 0.0123222748815166 0.0170616113744076 0.0161137440758294 0.0246445497630332 0.0388625592417062 0.0682464454976303 0.0180094786729858 0.00853080568720379 0.0739336492890995 0.0890995260663507 0.0635071090047393 0.0161137440758294 0.0805687203791469 0
