"carIns" "cheAbi" "cheMyd" "cheSer" "chrPic" "cuoAmb" "cuoMcc" "derCor" "derMaw" "gopAga" "malTer" "mesTub" "pelCas" "pelSin" "plaMeg" "podExp" "terMex"
"carIns" 0 0.072156862745098 0.0698039215686275 0.0674509803921569 0.0643137254901961 0.0674509803921569 0.0666666666666667 0.0737254901960784 0.0776470588235294 0.0674509803921569 0.0650980392156863 0.0823529411764706 0.100392156862745 0.0705882352941176 0.0643137254901961 0.106666666666667 0.0611764705882353
"cheAbi" 0.072156862745098 0 0.0352941176470588 0.0329411764705882 0.0243137254901961 0.0188235294117647 0.0188235294117647 0.0352941176470588 0.0431372549019608 0.00784313725490196 0.0250980392156863 0.0627450980392157 0.0807843137254902 0.0698039215686275 0.0196078431372549 0.0925490196078431 0.0203921568627451
"cheMyd" 0.0698039215686275 0.0352941176470588 0 0.0235294117647059 0.0305882352941176 0.0290196078431373 0.0290196078431373 0.0219607843137255 0.0313725490196078 0.0305882352941176 0.0313725490196078 0.0635294117647059 0.0823529411764706 0.0674509803921569 0.0266666666666667 0.0941176470588235 0.0258823529411765
"cheSer" 0.0674509803921569 0.0329411764705882 0.0235294117647059 0 0.0282352941176471 0.0266666666666667 0.0250980392156863 0.0274509803921569 0.0305882352941176 0.0274509803921569 0.0290196078431373 0.0611764705882353 0.0792156862745098 0.0658823529411765 0.0219607843137255 0.0917647058823529 0.0235294117647059
"chrPic" 0.0643137254901961 0.0243137254901961 0.0305882352941176 0.0282352941176471 0 0.0188235294117647 0.0188235294117647 0.032156862745098 0.0384313725490196 0.0188235294117647 0.00235294117647059 0.0603921568627451 0.0752941176470588 0.0627450980392157 0.0117647058823529 0.0847058823529412 0.00784313725490196
"cuoAmb" 0.0674509803921569 0.0188235294117647 0.0290196078431373 0.0266666666666667 0.0188235294117647 0 0.00627450980392157 0.0313725490196078 0.0368627450980392 0.0125490196078431 0.0196078431372549 0.0580392156862745 0.0768627450980392 0.0627450980392157 0.0133333333333333 0.0870588235294118 0.0141176470588235
"cuoMcc" 0.0666666666666667 0.0188235294117647 0.0290196078431373 0.0250980392156863 0.0188235294117647 0.00627450980392157 0 0.0313725490196078 0.0368627450980392 0.0125490196078431 0.0196078431372549 0.0580392156862745 0.0768627450980392 0.0619607843137255 0.0133333333333333 0.0854901960784314 0.0141176470588235
"derCor" 0.0737254901960784 0.0352941176470588 0.0219607843137255 0.0274509803921569 0.032156862745098 0.0313725490196078 0.0313725490196078 0 0.0376470588235294 0.0305882352941176 0.0329411764705882 0.0682352941176471 0.083921568627451 0.072156862745098 0.0282352941176471 0.0964705882352941 0.0274509803921569
"derMaw" 0.0776470588235294 0.0431372549019608 0.0313725490196078 0.0305882352941176 0.0384313725490196 0.0368627450980392 0.0368627450980392 0.0376470588235294 0 0.0384313725490196 0.0392156862745098 0.0713725490196078 0.0847058823529412 0.0729411764705882 0.0329411764705882 0.0956862745098039 0.0337254901960784
"gopAga" 0.0674509803921569 0.00784313725490196 0.0305882352941176 0.0274509803921569 0.0188235294117647 0.0125490196078431 0.0125490196078431 0.0305882352941176 0.0384313725490196 0 0.0196078431372549 0.0580392156862745 0.0776470588235294 0.0658823529411765 0.0133333333333333 0.087843137254902 0.0141176470588235
"malTer" 0.0650980392156863 0.0250980392156863 0.0313725490196078 0.0290196078431373 0.00235294117647059 0.0196078431372549 0.0196078431372549 0.0329411764705882 0.0392156862745098 0.0196078431372549 0 0.0611764705882353 0.076078431372549 0.0635294117647059 0.0125490196078431 0.0854901960784314 0.00862745098039216
"mesTub" 0.0823529411764706 0.0627450980392157 0.0635294117647059 0.0611764705882353 0.0603921568627451 0.0580392156862745 0.0580392156862745 0.0682352941176471 0.0713725490196078 0.0580392156862745 0.0611764705882353 0 0.0650980392156863 0.0729411764705882 0.0580392156862745 0.0823529411764706 0.0556862745098039
"pelCas" 0.100392156862745 0.0807843137254902 0.0823529411764706 0.0792156862745098 0.0752941176470588 0.0768627450980392 0.0768627450980392 0.083921568627451 0.0847058823529412 0.0776470588235294 0.076078431372549 0.0650980392156863 0 0.0894117647058824 0.0729411764705882 0.0698039215686275 0.0705882352941176
"pelSin" 0.0705882352941176 0.0698039215686275 0.0674509803921569 0.0658823529411765 0.0627450980392157 0.0627450980392157 0.0619607843137255 0.072156862745098 0.0729411764705882 0.0658823529411765 0.0635294117647059 0.0729411764705882 0.0894117647058824 0 0.0588235294117647 0.101960784313725 0.0580392156862745
"plaMeg" 0.0643137254901961 0.0196078431372549 0.0266666666666667 0.0219607843137255 0.0117647058823529 0.0133333333333333 0.0133333333333333 0.0282352941176471 0.0329411764705882 0.0133333333333333 0.0125490196078431 0.0580392156862745 0.0729411764705882 0.0588235294117647 0 0.0831372549019608 0.00705882352941176
"podExp" 0.106666666666667 0.0925490196078431 0.0941176470588235 0.0917647058823529 0.0847058823529412 0.0870588235294118 0.0854901960784314 0.0964705882352941 0.0956862745098039 0.087843137254902 0.0854901960784314 0.0823529411764706 0.0698039215686275 0.101960784313725 0.0831372549019608 0 0.0831372549019608
"terMex" 0.0611764705882353 0.0203921568627451 0.0258823529411765 0.0235294117647059 0.00784313725490196 0.0141176470588235 0.0141176470588235 0.0274509803921569 0.0337254901960784 0.0141176470588235 0.00862745098039216 0.0556862745098039 0.0705882352941176 0.0580392156862745 0.00705882352941176 0.0831372549019608 0
