"carIns" "cheAbi" "cheMyd" "cheSer" "chrPic" "cuoAmb" "cuoMcc" "derMaw" "emySub" "gopAga" "mesTub" "pelCas" "plaMeg" "podExp" "terMex"
"carIns" 0 0.13715710723192 0.118869492934331 0.150734275422555 0.115821557218066 0.164588528678304 0.163203103352729 0.126350789692436 0.127459129952896 0.120532003325021 0.126350789692436 0.13937378775284 0.111942366306456 0.14436131892491 0.113050706566916
"cheAbi" 0.13715710723192 0 0.0626212247159878 0.0906068162926018 0.0479357162648933 0.0967026877251316 0.0953172623995567 0.0709337766694375 0.100858963701856 0.0390689941812136 0.102521474092546 0.115267387087836 0.0443336104183985 0.121086173455251 0.0462732058742034
"cheMyd" 0.118869492934331 0.0626212247159878 0 0.0767525630368523 0.0387919091160986 0.0958714325297866 0.0958714325297866 0.0487669714602383 0.0811859240786922 0.0459961208090884 0.0803546688833472 0.0947630922693267 0.0368523136602937 0.100581878636741 0.0368523136602937
"cheSer" 0.150734275422555 0.0906068162926018 0.0767525630368523 0 0.0750900526461624 0.128567470213355 0.128013300083126 0.0814630091438071 0.112773621501801 0.0778609032973123 0.111665281241341 0.128290385148241 0.0692712662787476 0.133555001385425 0.0720421169298975
"chrPic" 0.115821557218066 0.0479357162648933 0.0387919091160986 0.0750900526461624 0 0.0806317539484622 0.0784150734275423 0.0490440565253533 0.0756442227763924 0.0302022720975339 0.0764754779717373 0.0897755610972569 0.0202272097533943 0.0980881130507066 0.0105292324743696
"cuoAmb" 0.164588528678304 0.0967026877251316 0.0958714325297866 0.128567470213355 0.0806317539484622 0 0.0246605707952341 0.101967303962316 0.13050706566916 0.0764754779717373 0.131338320864505 0.14713216957606 0.0759213078415073 0.15045719035744 0.0784150734275423
"cuoMcc" 0.163203103352729 0.0953172623995567 0.0958714325297866 0.128013300083126 0.0784150734275423 0.0246605707952341 0 0.102521474092546 0.12995289553893 0.0761983929066223 0.131338320864505 0.144638403990025 0.0748129675810474 0.150734275422555 0.0764754779717373
"derMaw" 0.126350789692436 0.0709337766694375 0.0487669714602383 0.0814630091438071 0.0490440565253533 0.101967303962316 0.102521474092546 0 0.0917151565530618 0.0529232474369631 0.0955943474646717 0.105569409808811 0.0462732058742034 0.110002770850651 0.0471044610695484
"emySub" 0.127459129952896 0.100858963701856 0.0811859240786922 0.112773621501801 0.0756442227763924 0.13050706566916 0.12995289553893 0.0917151565530618 0 0.0834026045996121 0.0476586311997783 0.0820171792740371 0.0714879467996675 0.085065114990302 0.0748129675810474
"gopAga" 0.120532003325021 0.0390689941812136 0.0459961208090884 0.0778609032973123 0.0302022720975339 0.0764754779717373 0.0761983929066223 0.0529232474369631 0.0834026045996121 0 0.085342200055417 0.0978110279855916 0.0246605707952341 0.101967303962316 0.027431421446384
"mesTub" 0.126350789692436 0.102521474092546 0.0803546688833472 0.111665281241341 0.0764754779717373 0.131338320864505 0.131338320864505 0.0955943474646717 0.0476586311997783 0.085342200055417 0 0.0811859240786922 0.0745358825159324 0.084788029925187 0.0756442227763924
"pelCas" 0.13937378775284 0.115267387087836 0.0947630922693267 0.128290385148241 0.0897755610972569 0.14713216957606 0.144638403990025 0.105569409808811 0.0820171792740371 0.0978110279855916 0.0811859240786922 0 0.0897755610972569 0.0745358825159324 0.0903297312274868
"plaMeg" 0.111942366306456 0.0443336104183985 0.0368523136602937 0.0692712662787476 0.0202272097533943 0.0759213078415073 0.0748129675810474 0.0462732058742034 0.0714879467996675 0.0246605707952341 0.0745358825159324 0.0897755610972569 0 0.0975339429204766 0.0163480188417844
"podExp" 0.14436131892491 0.121086173455251 0.100581878636741 0.133555001385425 0.0980881130507066 0.15045719035744 0.150734275422555 0.110002770850651 0.085065114990302 0.101967303962316 0.084788029925187 0.0745358825159324 0.0975339429204766 0 0.0975339429204766
"terMex" 0.113050706566916 0.0462732058742034 0.0368523136602937 0.0720421169298975 0.0105292324743696 0.0784150734275423 0.0764754779717373 0.0471044610695484 0.0748129675810474 0.027431421446384 0.0756442227763924 0.0903297312274868 0.0163480188417844 0.0975339429204766 0
