"carIns" "cheAbi" "cheMyd" "cheSer" "chrPic" "cuoAmb" "cuoMcc" "derCor" "derMaw" "emySub" "gopAga" "mesTub" "pelCas" "pelSin" "plaMeg" "podExp" "terMex"
"carIns" 0 0.0997322623828648 0.0896921017402945 0.0917001338688086 0.0923694779116466 0.0943775100401606 0.0943775100401606 0.0903614457831325 0.0917001338688086 0.0977242302543507 0.0957161981258367 0.123159303882195 0.110441767068273 0.0903614457831325 0.0903614457831325 0.127175368139224 0.0917001338688086
"cheAbi" 0.0997322623828648 0 0.0220883534136546 0.0194109772423025 0.0187416331994645 0.0120481927710843 0.0120481927710843 0.0214190093708166 0.0220883534136546 0.0401606425702811 0.0107095046854083 0.0622489959839357 0.0522088353413655 0.0421686746987952 0.0194109772423025 0.0983935742971888 0.0160642570281124
"cheMyd" 0.0896921017402945 0.0220883534136546 0 0.0107095046854083 0.0140562248995984 0.0153949129852744 0.0153949129852744 0.00870147255689424 0.0133868808567604 0.0301204819277108 0.0174029451137885 0.0528781793842035 0.0441767068273092 0.0321285140562249 0.0107095046854083 0.0883534136546185 0.0113788487282463
"cheSer" 0.0917001338688086 0.0194109772423025 0.0107095046854083 0 0.0113788487282463 0.0140562248995984 0.0140562248995984 0.0113788487282463 0.00937081659973226 0.0287817938420348 0.0160642570281124 0.0515394912985274 0.0414993306559572 0.0307898259705489 0.00937081659973226 0.0876840696117804 0.00870147255689424
"chrPic" 0.0923694779116466 0.0187416331994645 0.0140562248995984 0.0113788487282463 0 0.0120481927710843 0.0120481927710843 0.0147255689424364 0.0140562248995984 0.0334672021419009 0.0140562248995984 0.0555555555555556 0.0441767068273092 0.0334672021419009 0.0113788487282463 0.0923694779116466 0.00401606425702811
"cuoAmb" 0.0943775100401606 0.0120481927710843 0.0153949129852744 0.0140562248995984 0.0120481927710843 0 0.00133868808567604 0.0160642570281124 0.0167336010709505 0.036144578313253 0.00736278447121821 0.0582329317269076 0.0455153949129853 0.036813922356091 0.0127175368139224 0.0910307898259705 0.00937081659973226
"cuoMcc" 0.0943775100401606 0.0120481927710843 0.0153949129852744 0.0140562248995984 0.0120481927710843 0.00133868808567604 0 0.0160642570281124 0.0153949129852744 0.036144578313253 0.00736278447121821 0.0582329317269076 0.0455153949129853 0.035475234270415 0.0127175368139224 0.0910307898259705 0.00937081659973226
"derCor" 0.0903614457831325 0.0214190093708166 0.00870147255689424 0.0113788487282463 0.0147255689424364 0.0160642570281124 0.0160642570281124 0 0.0140562248995984 0.0307898259705489 0.0167336010709505 0.0542168674698795 0.0428380187416332 0.034136546184739 0.0113788487282463 0.0890227576974565 0.0120481927710843
"derMaw" 0.0917001338688086 0.0220883534136546 0.0133868808567604 0.00937081659973226 0.0140562248995984 0.0167336010709505 0.0153949129852744 0.0140562248995984 0 0.0307898259705489 0.0187416331994645 0.0535475234270415 0.0435073627844712 0.0321285140562249 0.0120481927710843 0.0896921017402945 0.0113788487282463
"emySub" 0.0977242302543507 0.0401606425702811 0.0301204819277108 0.0287817938420348 0.0334672021419009 0.036144578313253 0.036144578313253 0.0307898259705489 0.0307898259705489 0 0.037483266398929 0.0307898259705489 0.036144578313253 0.0421686746987952 0.0301204819277108 0.0763052208835341 0.0294511378848728
"gopAga" 0.0957161981258367 0.0107095046854083 0.0174029451137885 0.0160642570281124 0.0140562248995984 0.00736278447121821 0.00736278447121821 0.0167336010709505 0.0187416331994645 0.037483266398929 0 0.0589022757697456 0.0455153949129853 0.0388219544846051 0.0147255689424364 0.0923694779116466 0.0113788487282463
"mesTub" 0.123159303882195 0.0622489959839357 0.0528781793842035 0.0515394912985274 0.0555555555555556 0.0582329317269076 0.0582329317269076 0.0542168674698795 0.0535475234270415 0.0307898259705489 0.0589022757697456 0 0.0582329317269076 0.0655957161981258 0.0528781793842035 0.0997322623828648 0.0522088353413655
"pelCas" 0.110441767068273 0.0522088353413655 0.0441767068273092 0.0414993306559572 0.0441767068273092 0.0455153949129853 0.0455153949129853 0.0428380187416332 0.0435073627844712 0.036144578313253 0.0455153949129853 0.0582329317269076 0 0.0568942436412316 0.0414993306559572 0.0736278447121821 0.0401606425702811
"pelSin" 0.0903614457831325 0.0421686746987952 0.0321285140562249 0.0307898259705489 0.0334672021419009 0.036813922356091 0.035475234270415 0.034136546184739 0.0321285140562249 0.0421686746987952 0.0388219544846051 0.0655957161981258 0.0568942436412316 0 0.0321285140562249 0.100401606425703 0.0327978580990629
"plaMeg" 0.0903614457831325 0.0194109772423025 0.0107095046854083 0.00937081659973226 0.0113788487282463 0.0127175368139224 0.0127175368139224 0.0113788487282463 0.0120481927710843 0.0301204819277108 0.0147255689424364 0.0528781793842035 0.0414993306559572 0.0321285140562249 0 0.0890227576974565 0.00870147255689424
"podExp" 0.127175368139224 0.0983935742971888 0.0883534136546185 0.0876840696117804 0.0923694779116466 0.0910307898259705 0.0910307898259705 0.0890227576974565 0.0896921017402945 0.0763052208835341 0.0923694779116466 0.0997322623828648 0.0736278447121821 0.100401606425703 0.0890227576974565 0 0.0883534136546185
"terMex" 0.0917001338688086 0.0160642570281124 0.0113788487282463 0.00870147255689424 0.00401606425702811 0.00937081659973226 0.00937081659973226 0.0120481927710843 0.0113788487282463 0.0294511378848728 0.0113788487282463 0.0522088353413655 0.0401606425702811 0.0327978580990629 0.00870147255689424 0.0883534136546185 0
