"carIns" "cheAbi" "cheMyd" "chrPic" "cuoAmb" "cuoMcc" "derCor" "derMaw" "emySub" "gopAga" "malTer" "pelCas" "pelSin" "plaMeg" "podExp" "terMex"
"carIns" 0 0.120584652862363 0.123020706455542 0.120584652862363 0.121802679658953 0.121802679658953 0.126674786845311 0.138855054811206 0.130328867235079 0.124238733252132 0.120584652862363 0.166869671132765 0.130328867235079 0.124238733252132 0.185140073081608 0.114494518879415
"cheAbi" 0.120584652862363 0 0.0341047503045067 0.02557856272838 0.0267965895249695 0.0280146163215591 0.0535931790499391 0.0572472594397077 0.0791717417783191 0.0243605359317905 0.0280146163215591 0.116930572472594 0.0986601705237515 0.0292326431181486 0.116930572472594 0.0292326431181486
"cheMyd" 0.123020706455542 0.0341047503045067 0 0.02557856272838 0.0267965895249695 0.0316686967113276 0.0365408038976857 0.0572472594397077 0.071863580998782 0.0377588306942753 0.0280146163215591 0.114494518879415 0.0925700365408039 0.0328867235079172 0.108404384896468 0.0365408038976857
"chrPic" 0.120584652862363 0.02557856272838 0.02557856272838 0 0.0182704019488429 0.023142509135201 0.0450669914738124 0.0548112058465286 0.0706455542021924 0.0292326431181486 0.0097442143727162 0.108404384896468 0.0937880633373934 0.0219244823386114 0.105968331303289 0.0207064555420219
"cuoAmb" 0.121802679658953 0.0267965895249695 0.0267965895249695 0.0182704019488429 0 0.0146163215590743 0.046285018270402 0.0584652862362972 0.074299634591961 0.0304506699147381 0.0207064555420219 0.114494518879415 0.0925700365408039 0.02557856272838 0.108404384896468 0.0292326431181486
"cuoMcc" 0.121802679658953 0.0280146163215591 0.0316686967113276 0.023142509135201 0.0146163215590743 0 0.05115712545676 0.0523751522533496 0.0755176613885506 0.0219244823386114 0.02557856272838 0.119366626065773 0.095006090133983 0.0304506699147381 0.116930572472594 0.0243605359317905
"derCor" 0.126674786845311 0.0535931790499391 0.0365408038976857 0.0450669914738124 0.046285018270402 0.05115712545676 0 0.074299634591961 0.0901339829476248 0.0572472594397077 0.0475030450669915 0.115712545676005 0.114494518879415 0.0499390986601705 0.125456760048721 0.0560292326431181
"derMaw" 0.138855054811206 0.0572472594397077 0.0572472594397077 0.0548112058465286 0.0584652862362972 0.0523751522533496 0.074299634591961 0 0.095006090133983 0.0584652862362972 0.0548112058465286 0.133982947624848 0.116930572472594 0.0596833130328867 0.130328867235079 0.0560292326431181
"emySub" 0.130328867235079 0.0791717417783191 0.071863580998782 0.0706455542021924 0.074299634591961 0.0755176613885506 0.0901339829476248 0.095006090133983 0 0.0828258221680877 0.0706455542021924 0.097442143727162 0.120584652862363 0.0767356881851401 0.099878197320341 0.0791717417783191
"gopAga" 0.124238733252132 0.0243605359317905 0.0377588306942753 0.0292326431181486 0.0304506699147381 0.0219244823386114 0.0572472594397077 0.0584652862362972 0.0828258221680877 0 0.0316686967113276 0.125456760048721 0.104750304506699 0.0353227771010962 0.123020706455542 0.0316686967113276
"malTer" 0.120584652862363 0.0280146163215591 0.0280146163215591 0.0097442143727162 0.0207064555420219 0.02557856272838 0.0475030450669915 0.0548112058465286 0.0706455542021924 0.0316686967113276 0 0.108404384896468 0.0937880633373934 0.023142509135201 0.107186358099878 0.023142509135201
"pelCas" 0.166869671132765 0.116930572472594 0.114494518879415 0.108404384896468 0.114494518879415 0.119366626065773 0.115712545676005 0.133982947624848 0.097442143727162 0.125456760048721 0.108404384896468 0 0.149817295980512 0.109622411693057 0.101096224116931 0.116930572472594
"pelSin" 0.130328867235079 0.0986601705237515 0.0925700365408039 0.0937880633373934 0.0925700365408039 0.095006090133983 0.114494518879415 0.116930572472594 0.120584652862363 0.104750304506699 0.0937880633373934 0.149817295980512 0 0.095006090133983 0.148599269183922 0.0986601705237515
"plaMeg" 0.124238733252132 0.0292326431181486 0.0328867235079172 0.0219244823386114 0.02557856272838 0.0304506699147381 0.0499390986601705 0.0596833130328867 0.0767356881851401 0.0353227771010962 0.023142509135201 0.109622411693057 0.095006090133983 0 0.107186358099878 0.0304506699147381
"podExp" 0.185140073081608 0.116930572472594 0.108404384896468 0.105968331303289 0.108404384896468 0.116930572472594 0.125456760048721 0.130328867235079 0.099878197320341 0.123020706455542 0.107186358099878 0.101096224116931 0.148599269183922 0.107186358099878 0 0.114494518879415
"terMex" 0.114494518879415 0.0292326431181486 0.0365408038976857 0.0207064555420219 0.0292326431181486 0.0243605359317905 0.0560292326431181 0.0560292326431181 0.0791717417783191 0.0316686967113276 0.023142509135201 0.116930572472594 0.0986601705237515 0.0304506699147381 0.114494518879415 0
