"carIns" "cheAbi" "cheMyd" "cheSer" "chrPic" "cuoAmb" "cuoMcc" "derCor" "derMaw" "emySub" "gopAga" "malTer" "mesTub" "pelCas" "pelSin" "podExp" "terMex"
"carIns" 0 0.0547138047138047 0.0563973063973064 0.0521885521885522 0.0513468013468013 0.152356902356902 0.0555555555555556 0.0547138047138047 0.0606060606060606 0.0782828282828283 0.0538720538720539 0.053030303030303 0.0824915824915825 0.131313131313131 0.0614478114478114 0.122053872053872 0.047979797979798
"cheAbi" 0.0547138047138047 0 0.0227272727272727 0.0235690235690236 0.0176767676767677 0.111952861952862 0.0109427609427609 0.0235690235690236 0.0286195286195286 0.0505050505050505 0.015993265993266 0.0193602693602694 0.0547138047138047 0.108585858585859 0.0521885521885522 0.0976430976430976 0.0143097643097643
"cheMyd" 0.0563973063973064 0.0227272727272727 0 0.0227272727272727 0.0151515151515152 0.121212121212121 0.0235690235690236 0.0126262626262626 0.0303030303030303 0.0513468013468013 0.0286195286195286 0.0168350168350168 0.0555555555555556 0.109427609427609 0.053030303030303 0.103535353535354 0.0117845117845118
"cheSer" 0.0521885521885522 0.0235690235690236 0.0227272727272727 0 0.015993265993266 0.122053872053872 0.0244107744107744 0.0235690235690236 0.0244107744107744 0.047979797979798 0.0294612794612795 0.0176767676767677 0.0538720538720539 0.105218855218855 0.0521885521885522 0.0976430976430976 0.0126262626262626
"chrPic" 0.0513468013468013 0.0176767676767677 0.0151515151515152 0.015993265993266 0 0.118686868686869 0.0168350168350168 0.0193602693602694 0.0218855218855219 0.0462962962962963 0.0218855218855219 0.00505050505050505 0.0521885521885522 0.104377104377104 0.0462962962962963 0.0993265993265993 0.00505050505050505
"cuoAmb" 0.152356902356902 0.111952861952862 0.121212121212121 0.122053872053872 0.118686868686869 0 0.109427609427609 0.122895622895623 0.126262626262626 0.148148148148148 0.115319865319865 0.11952861952862 0.153198653198653 0.204545454545455 0.150673400673401 0.194444444444444 0.116161616161616
"cuoMcc" 0.0555555555555556 0.0109427609427609 0.0235690235690236 0.0244107744107744 0.0168350168350168 0.109427609427609 0 0.0244107744107744 0.0294612794612795 0.0513468013468013 0.0151515151515152 0.0185185185185185 0.0572390572390572 0.107744107744108 0.0521885521885522 0.0993265993265993 0.0151515151515152
"derCor" 0.0547138047138047 0.0235690235690236 0.0126262626262626 0.0235690235690236 0.0193602693602694 0.122895622895623 0.0244107744107744 0 0.0311447811447811 0.0505050505050505 0.0277777777777778 0.021043771043771 0.0563973063973064 0.103535353535354 0.0505050505050505 0.0993265993265993 0.015993265993266
"derMaw" 0.0606060606060606 0.0286195286195286 0.0303030303030303 0.0244107744107744 0.0218855218855219 0.126262626262626 0.0294612794612795 0.0311447811447811 0 0.0563973063973064 0.0328282828282828 0.0235690235690236 0.0606060606060606 0.113636363636364 0.0563973063973064 0.104377104377104 0.0202020202020202
"emySub" 0.0782828282828283 0.0505050505050505 0.0513468013468013 0.047979797979798 0.0462962962962963 0.148148148148148 0.0513468013468013 0.0505050505050505 0.0563973063973064 0 0.0563973063973064 0.0462962962962963 0.0218855218855219 0.0968013468013468 0.0698653198653199 0.0925925925925926 0.0412457912457912
"gopAga" 0.0538720538720539 0.015993265993266 0.0286195286195286 0.0294612794612795 0.0218855218855219 0.115319865319865 0.0151515151515152 0.0277777777777778 0.0328282828282828 0.0563973063973064 0 0.0235690235690236 0.0622895622895623 0.108585858585859 0.0563973063973064 0.102693602693603 0.0202020202020202
"malTer" 0.053030303030303 0.0193602693602694 0.0168350168350168 0.0176767676767677 0.00505050505050505 0.11952861952862 0.0185185185185185 0.021043771043771 0.0235690235690236 0.0462962962962963 0.0235690235690236 0 0.0521885521885522 0.106060606060606 0.0496632996632997 0.0976430976430976 0.00673400673400673
"mesTub" 0.0824915824915825 0.0547138047138047 0.0555555555555556 0.0538720538720539 0.0521885521885522 0.153198653198653 0.0572390572390572 0.0563973063973064 0.0606060606060606 0.0218855218855219 0.0622895622895623 0.0521885521885522 0 0.101851851851852 0.0757575757575758 0.095959595959596 0.0471380471380471
"pelCas" 0.131313131313131 0.108585858585859 0.109427609427609 0.105218855218855 0.104377104377104 0.204545454545455 0.107744107744108 0.103535353535354 0.113636363636364 0.0968013468013468 0.108585858585859 0.106060606060606 0.101851851851852 0 0.126262626262626 0.134680134680135 0.0993265993265993
"pelSin" 0.0614478114478114 0.0521885521885522 0.053030303030303 0.0521885521885522 0.0462962962962963 0.150673400673401 0.0521885521885522 0.0505050505050505 0.0563973063973064 0.0698653198653199 0.0563973063973064 0.0496632996632997 0.0757575757575758 0.126262626262626 0 0.112794612794613 0.0462962962962963
"podExp" 0.122053872053872 0.0976430976430976 0.103535353535354 0.0976430976430976 0.0993265993265993 0.194444444444444 0.0993265993265993 0.0993265993265993 0.104377104377104 0.0925925925925926 0.102693602693603 0.0976430976430976 0.095959595959596 0.134680134680135 0.112794612794613 0 0.0942760942760943
"terMex" 0.047979797979798 0.0143097643097643 0.0117845117845118 0.0126262626262626 0.00505050505050505 0.116161616161616 0.0151515151515152 0.015993265993266 0.0202020202020202 0.0412457912457912 0.0202020202020202 0.00673400673400673 0.0471380471380471 0.0993265993265993 0.0462962962962963 0.0942760942760943 0
