"carIns" "cheAbi" "derMaw" "emySub" "malTer" "mesTub" "pelCas" "pelSin" "plaMeg" "terMex"
"carIns" 0 0.0776583034647551 0.0788530465949821 0.0764635603345281 0.103942652329749 0.0800477897252091 0.135005973715651 0.114695340501792 0.0597371565113501 0.138590203106332
"cheAbi" 0.0776583034647551 0 0.0525686977299881 0.0537634408602151 0.0788530465949821 0.0561529271206691 0.114695340501792 0.108721624850657 0.028673835125448 0.108721624850657
"derMaw" 0.0788530465949821 0.0525686977299881 0 0.0609318996415771 0.0884109916367981 0.0585424133811231 0.129032258064516 0.113500597371565 0.03584229390681 0.120669056152927
"emySub" 0.0764635603345281 0.0537634408602151 0.0609318996415771 0 0.0872162485065711 0.027479091995221 0.105137395459976 0.103942652329749 0.037037037037037 0.118279569892473
"malTer" 0.103942652329749 0.0788530465949821 0.0884109916367981 0.0872162485065711 0 0.0872162485065711 0.156511350059737 0.136200716845878 0.0549581839904421 0.044205495818399
"mesTub" 0.0800477897252091 0.0561529271206691 0.0585424133811231 0.027479091995221 0.0872162485065711 0 0.108721624850657 0.101553166069295 0.040621266427718 0.120669056152927
"pelCas" 0.135005973715651 0.114695340501792 0.129032258064516 0.105137395459976 0.156511350059737 0.108721624850657 0 0.174432497013142 0.108721624850657 0.185185185185185
"pelSin" 0.114695340501792 0.108721624850657 0.113500597371565 0.103942652329749 0.136200716845878 0.101553166069295 0.174432497013142 0 0.0931899641577061 0.169653524492234
"plaMeg" 0.0597371565113501 0.028673835125448 0.03584229390681 0.037037037037037 0.0549581839904421 0.040621266427718 0.108721624850657 0.0931899641577061 0 0.0896057347670251
"terMex" 0.138590203106332 0.108721624850657 0.120669056152927 0.118279569892473 0.044205495818399 0.120669056152927 0.185185185185185 0.169653524492234 0.0896057347670251 0
