"carIns" "cheAbi" "cheMyd" "cheSer" "chrPic" "cuoAmb" "cuoMcc" "derCor" "derMaw" "emySub" "gopAga" "malTer" "mesTub" "pelCas" "pelSin" "plaMeg" "podExp" "terMex"
"carIns" 0 0.0656036446469248 0.0569476082004556 0.0596810933940774 0.0574031890660592 0.0610478359908884 0.0605922551252847 0.0601366742596811 0.0610478359908884 0.0646924829157175 0.0708428246013667 0.116173120728929 0.0656036446469248 0.0726651480637813 0.0567198177676538 0.0548974943052392 0.0697038724373576 0.055125284738041
"cheAbi" 0.0656036446469248 0 0.0343963553530752 0.0364464692482916 0.0248291571753986 0.0195899772209567 0.0182232346241458 0.0355353075170843 0.0387243735763098 0.0583143507972665 0.0200455580865604 0.0861047835990888 0.0599088838268793 0.0630979498861048 0.061503416856492 0.0225512528473804 0.0660592255125285 0.0214123006833713
"cheMyd" 0.0569476082004556 0.0343963553530752 0 0.0230068337129841 0.024373576309795 0.0280182232346241 0.0271070615034169 0.0154897494305239 0.0275626423690205 0.0482915717539863 0.0403189066059225 0.085876993166287 0.0507972665148064 0.0564920273348519 0.05125284738041 0.0218678815489749 0.0574031890660592 0.0214123006833713
"cheSer" 0.0596810933940774 0.0364464692482916 0.0230068337129841 0 0.0234624145785877 0.0273348519362187 0.0273348519362187 0.0259681093394077 0.0255125284738041 0.0501138952164009 0.0400911161731207 0.0854214123006834 0.0535307517084282 0.0599088838268793 0.0514806378132118 0.0218678815489749 0.058997722095672 0.0218678815489749
"chrPic" 0.0574031890660592 0.0248291571753986 0.024373576309795 0.0234624145785877 0 0.0154897494305239 0.0154897494305239 0.0252847380410023 0.0293849658314351 0.04874715261959 0.0287015945330296 0.0703872437357631 0.0503416856492027 0.0560364464692483 0.0514806378132118 0.0100227790432802 0.057630979498861 0.00751708428246014
"cuoAmb" 0.0610478359908884 0.0195899772209567 0.0280182232346241 0.0273348519362187 0.0154897494305239 0 0.00318906605922551 0.0293849658314351 0.0328018223234624 0.0519362186788155 0.0239179954441913 0.0792710706150342 0.0546697038724374 0.0599088838268793 0.0558086560364465 0.0154897494305239 0.0610478359908884 0.0129840546697039
"cuoMcc" 0.0605922551252847 0.0182232346241458 0.0271070615034169 0.0273348519362187 0.0154897494305239 0.00318906605922551 0 0.0284738041002278 0.0325740318906606 0.0523917995444191 0.0234624145785877 0.0790432801822323 0.0546697038724374 0.0585421412300683 0.0558086560364465 0.0145785876993166 0.0592255125284738 0.0125284738041002
"derCor" 0.0601366742596811 0.0355353075170843 0.0154897494305239 0.0259681093394077 0.0252847380410023 0.0293849658314351 0.0284738041002278 0 0.0298405466970387 0.0523917995444191 0.0416856492027335 0.087243735763098 0.0544419134396355 0.0610478359908884 0.055125284738041 0.0230068337129841 0.0633257403189066 0.0218678815489749
"derMaw" 0.0610478359908884 0.0387243735763098 0.0275626423690205 0.0255125284738041 0.0293849658314351 0.0328018223234624 0.0325740318906606 0.0298405466970387 0 0.0542141230068337 0.0446469248291572 0.089749430523918 0.0562642369020501 0.0626423690205011 0.0560364464692483 0.0280182232346241 0.0630979498861048 0.0264236902050114
"emySub" 0.0646924829157175 0.0583143507972665 0.0482915717539863 0.0501138952164009 0.04874715261959 0.0519362186788155 0.0523917995444191 0.0523917995444191 0.0542141230068337 0 0.0637813211845103 0.107289293849658 0.0298405466970387 0.0435079726651481 0.0624145785876993 0.0476082004555809 0.0425968109339408 0.0471526195899772
"gopAga" 0.0708428246013667 0.0200455580865604 0.0403189066059225 0.0400911161731207 0.0287015945330296 0.0239179954441913 0.0234624145785877 0.0416856492027335 0.0446469248291572 0.0637813211845103 0 0.0908883826879271 0.0656036446469248 0.069248291571754 0.0658314350797266 0.0273348519362187 0.0712984054669704 0.0261958997722096
"malTer" 0.116173120728929 0.0861047835990888 0.085876993166287 0.0854214123006834 0.0703872437357631 0.0792710706150342 0.0790432801822323 0.087243735763098 0.089749430523918 0.107289293849658 0.0908883826879271 0 0.110706150341686 0.114806378132118 0.110933940774487 0.0738041002277904 0.117767653758542 0.0712984054669704
"mesTub" 0.0656036446469248 0.0599088838268793 0.0507972665148064 0.0535307517084282 0.0503416856492027 0.0546697038724374 0.0546697038724374 0.0544419134396355 0.0562642369020501 0.0298405466970387 0.0656036446469248 0.110706150341686 0 0.0444191343963554 0.0646924829157175 0.0478359908883827 0.0441913439635535 0.04874715261959
"pelCas" 0.0726651480637813 0.0630979498861048 0.0564920273348519 0.0599088838268793 0.0560364464692483 0.0599088838268793 0.0585421412300683 0.0610478359908884 0.0626423690205011 0.0435079726651481 0.069248291571754 0.114806378132118 0.0444191343963554 0 0.0699316628701595 0.0548974943052392 0.0375854214123007 0.0535307517084282
"pelSin" 0.0567198177676538 0.061503416856492 0.05125284738041 0.0514806378132118 0.0514806378132118 0.0558086560364465 0.0558086560364465 0.055125284738041 0.0560364464692483 0.0624145785876993 0.0658314350797266 0.110933940774487 0.0646924829157175 0.0699316628701595 0 0.0498861047835991 0.069248291571754 0.0492027334851936
"plaMeg" 0.0548974943052392 0.0225512528473804 0.0218678815489749 0.0218678815489749 0.0100227790432802 0.0154897494305239 0.0145785876993166 0.0230068337129841 0.0280182232346241 0.0476082004555809 0.0273348519362187 0.0738041002277904 0.0478359908883827 0.0548974943052392 0.0498861047835991 0 0.0564920273348519 0.00797266514806378
"podExp" 0.0697038724373576 0.0660592255125285 0.0574031890660592 0.058997722095672 0.057630979498861 0.0610478359908884 0.0592255125284738 0.0633257403189066 0.0630979498861048 0.0425968109339408 0.0712984054669704 0.117767653758542 0.0441913439635535 0.0375854214123007 0.069248291571754 0.0564920273348519 0 0.0548974943052392
"terMex" 0.055125284738041 0.0214123006833713 0.0214123006833713 0.0218678815489749 0.00751708428246014 0.0129840546697039 0.0125284738041002 0.0218678815489749 0.0264236902050114 0.0471526195899772 0.0261958997722096 0.0712984054669704 0.04874715261959 0.0535307517084282 0.0492027334851936 0.00797266514806378 0.0548974943052392 0
