"chrPic" "derCor" "derMaw" "emySub" "gopAga" "malTer" "mesTub" "pelSin" "plaMeg" "podExp" "terMex"
"chrPic" 0 0.0524193548387097 0.0463709677419355 0.0645161290322581 0.0372983870967742 0.0120967741935484 0.0675403225806452 0.0665322580645161 0.0201612903225806 0.115927419354839 0.0705645161290323
"derCor" 0.0524193548387097 0 0.0685483870967742 0.0846774193548387 0.0645161290322581 0.0544354838709677 0.0877016129032258 0.0877016129032258 0.0534274193548387 0.137096774193548 0.104838709677419
"derMaw" 0.0463709677419355 0.0685483870967742 0 0.0735887096774194 0.0554435483870968 0.0483870967741935 0.0836693548387097 0.0756048387096774 0.0423387096774194 0.127016129032258 0.0957661290322581
"emySub" 0.0645161290322581 0.0846774193548387 0.0735887096774194 0 0.0665322580645161 0.063508064516129 0.0352822580645161 0.0856854838709677 0.0604838709677419 0.0997983870967742 0.109879032258065
"gopAga" 0.0372983870967742 0.0645161290322581 0.0554435483870968 0.0665322580645161 0 0.0393145161290323 0.0766129032258065 0.0695564516129032 0.0332661290322581 0.125 0.0846774193548387
"malTer" 0.0120967741935484 0.0544354838709677 0.0483870967741935 0.063508064516129 0.0393145161290323 0 0.0685483870967742 0.0645161290322581 0.0221774193548387 0.119959677419355 0.0725806451612903
"mesTub" 0.0675403225806452 0.0877016129032258 0.0836693548387097 0.0352822580645161 0.0766129032258065 0.0685483870967742 0 0.094758064516129 0.0675403225806452 0.0987903225806452 0.116935483870968
"pelSin" 0.0665322580645161 0.0877016129032258 0.0756048387096774 0.0856854838709677 0.0695564516129032 0.0645161290322581 0.094758064516129 0 0.063508064516129 0.136088709677419 0.113911290322581
"plaMeg" 0.0201612903225806 0.0534274193548387 0.0423387096774194 0.0604838709677419 0.0332661290322581 0.0221774193548387 0.0675403225806452 0.063508064516129 0 0.118951612903226 0.0705645161290323
"podExp" 0.115927419354839 0.137096774193548 0.127016129032258 0.0997983870967742 0.125 0.119959677419355 0.0987903225806452 0.136088709677419 0.118951612903226 0 0.164314516129032
"terMex" 0.0705645161290323 0.104838709677419 0.0957661290322581 0.109879032258065 0.0846774193548387 0.0725806451612903 0.116935483870968 0.113911290322581 0.0705645161290323 0.164314516129032 0
