"carIns" "cheAbi" "cheMyd" "cheSer" "chrPic" "cuoAmb" "cuoMcc" "derCor" "derMaw" "emySub" "gopAga" "malTer" "mesTub" "pelCas" "pelSin" "plaMeg" "podExp" "terMex"
"carIns" 0 0.0736738703339882 0.107072691552063 0.0658153241650295 0.0658153241650295 0.113948919449902 0.0726915520628684 0.0756385068762279 0.0717092337917485 0.0785854616895874 0.0736738703339882 0.0667976424361493 0.160117878192534 0.087426326129666 0.0707269155206287 0.0658153241650295 0.100196463654224 0.0667976424361493
"cheAbi" 0.0736738703339882 0 0.0667976424361493 0.0176817288801572 0.0166994106090373 0.0569744597249509 0.012770137524558 0.0304518664047151 0.0343811394891945 0.0579567779960707 0.0147347740667976 0.0166994106090373 0.144400785854617 0.0746561886051081 0.0579567779960707 0.0166994106090373 0.0795677799607073 0.0157170923379175
"cheMyd" 0.107072691552063 0.0667976424361493 0 0.055992141453831 0.0609037328094303 0.110019646365422 0.0667976424361493 0.0569744597249509 0.068762278978389 0.0913555992141454 0.0697445972495088 0.0628683693516699 0.151277013752456 0.111001964636542 0.0943025540275049 0.0628683693516699 0.114931237721022 0.0618860510805501
"cheSer" 0.0658153241650295 0.0176817288801572 0.055992141453831 0 0.012770137524558 0.0599214145383104 0.018664047151277 0.0206286836935167 0.0225933202357564 0.0451866404715128 0.0225933202357564 0.0147347740667976 0.132612966601179 0.0658153241650295 0.0481335952848723 0.0147347740667976 0.0677799607072692 0.0137524557956778
"chrPic" 0.0658153241650295 0.0166994106090373 0.0609037328094303 0.012770137524558 0 0.0589390962671906 0.0157170923379175 0.0245579567779961 0.0294695481335953 0.0520628683693517 0.018664047151277 0.00196463654223969 0.136542239685658 0.0717092337917485 0.0510805500982318 0.0117878192534381 0.0756385068762279 0.00491159135559921
"cuoAmb" 0.113948919449902 0.0569744597249509 0.110019646365422 0.0599214145383104 0.0589390962671906 0 0.0481335952848723 0.0736738703339882 0.0746561886051081 0.0952848722986248 0.0618860510805501 0.0589390962671906 0.162082514734774 0.111001964636542 0.0992141453831041 0.0569744597249509 0.116895874263261 0.0579567779960707
"cuoMcc" 0.0726915520628684 0.012770137524558 0.0667976424361493 0.018664047151277 0.0157170923379175 0.0481335952848723 0 0.0304518664047151 0.0333988212180747 0.0569744597249509 0.0176817288801572 0.0157170923379175 0.143418467583497 0.0736738703339882 0.055992141453831 0.0157170923379175 0.0785854616895874 0.0147347740667976
"derCor" 0.0756385068762279 0.0304518664047151 0.0569744597249509 0.0206286836935167 0.0245579567779961 0.0736738703339882 0.0304518664047151 0 0.0353634577603143 0.0579567779960707 0.031434184675835 0.0265225933202358 0.142436149312377 0.0785854616895874 0.0599214145383104 0.0275049115913556 0.0785854616895874 0.0265225933202358
"derMaw" 0.0717092337917485 0.0343811394891945 0.068762278978389 0.0225933202357564 0.0294695481335953 0.0746561886051081 0.0333988212180747 0.0353634577603143 0 0.0540275049115914 0.037328094302554 0.031434184675835 0.140471512770138 0.0746561886051081 0.0530451866404715 0.0294695481335953 0.0746561886051081 0.0284872298624754
"emySub" 0.0785854616895874 0.0579567779960707 0.0913555992141454 0.0451866404715128 0.0520628683693517 0.0952848722986248 0.0569744597249509 0.0579567779960707 0.0540275049115914 0 0.0609037328094303 0.0540275049115914 0.108055009823183 0.0461689587426326 0.050098231827112 0.0471512770137525 0.0510805500982318 0.0520628683693517
"gopAga" 0.0736738703339882 0.0147347740667976 0.0697445972495088 0.0225933202357564 0.018664047151277 0.0618860510805501 0.0176817288801572 0.031434184675835 0.037328094302554 0.0609037328094303 0 0.018664047151277 0.147347740667976 0.0756385068762279 0.0599214145383104 0.0216110019646365 0.0795677799607073 0.0206286836935167
"malTer" 0.0667976424361493 0.0166994106090373 0.0628683693516699 0.0147347740667976 0.00196463654223969 0.0589390962671906 0.0157170923379175 0.0265225933202358 0.031434184675835 0.0540275049115914 0.018664047151277 0 0.137524557956778 0.0726915520628684 0.0530451866404715 0.0137524557956778 0.0746561886051081 0.0068762278978389
"mesTub" 0.160117878192534 0.144400785854617 0.151277013752456 0.132612966601179 0.136542239685658 0.162082514734774 0.143418467583497 0.142436149312377 0.140471512770138 0.108055009823183 0.147347740667976 0.137524557956778 0 0.128683693516699 0.138506876227898 0.135559921414538 0.133595284872299 0.137524557956778
"pelCas" 0.087426326129666 0.0746561886051081 0.111001964636542 0.0658153241650295 0.0717092337917485 0.111001964636542 0.0736738703339882 0.0785854616895874 0.0746561886051081 0.0461689587426326 0.0756385068762279 0.0726915520628684 0.128683693516699 0 0.0717092337917485 0.0707269155206287 0.0491159135559921 0.0707269155206287
"pelSin" 0.0707269155206287 0.0579567779960707 0.0943025540275049 0.0481335952848723 0.0510805500982318 0.0992141453831041 0.055992141453831 0.0599214145383104 0.0530451866404715 0.050098231827112 0.0599214145383104 0.0530451866404715 0.138506876227898 0.0717092337917485 0 0.0491159135559921 0.0785854616895874 0.0510805500982318
"plaMeg" 0.0658153241650295 0.0166994106090373 0.0628683693516699 0.0147347740667976 0.0117878192534381 0.0569744597249509 0.0157170923379175 0.0275049115913556 0.0294695481335953 0.0471512770137525 0.0216110019646365 0.0137524557956778 0.135559921414538 0.0707269155206287 0.0491159135559921 0 0.0746561886051081 0.0108055009823183
"podExp" 0.100196463654224 0.0795677799607073 0.114931237721022 0.0677799607072692 0.0756385068762279 0.116895874263261 0.0785854616895874 0.0785854616895874 0.0746561886051081 0.0510805500982318 0.0795677799607073 0.0746561886051081 0.133595284872299 0.0491159135559921 0.0785854616895874 0.0746561886051081 0 0.0756385068762279
"terMex" 0.0667976424361493 0.0157170923379175 0.0618860510805501 0.0137524557956778 0.00491159135559921 0.0579567779960707 0.0147347740667976 0.0265225933202358 0.0284872298624754 0.0520628683693517 0.0206286836935167 0.0068762278978389 0.137524557956778 0.0707269155206287 0.0510805500982318 0.0108055009823183 0.0756385068762279 0
