"cheAbi" "cheMyd" "cheSer" "chrPic" "cuoAmb" "cuoMcc" "derMaw" "emySub" "gopAga" "malTer" "mesTub" "pelCas" "pelSin" "plaMeg" "podExp" "terMex"
"cheAbi" 0 0.200235017626322 0.194829612220917 0.191774383078731 0.188954171562867 0.189424206815511 0.200705052878966 0.208225616921269 0.189659224441833 0.192009400705053 0.213866039952996 0.219976498237368 0.21786133960047 0.190129259694477 0.224441833137485 0.189894242068155
"cheMyd" 0.200235017626322 0 0.0474735605170388 0.045358401880141 0.0481786133960047 0.0470035252643948 0.0556991774383079 0.0690951821386604 0.0526439482961222 0.045593419506463 0.0719153936545241 0.0853113983548766 0.090716803760282 0.0437132784958872 0.0900117508813161 0.0437132784958872
"cheSer" 0.194829612220917 0.0474735605170388 0 0.0190364277320799 0.0246768507638073 0.0237367802585194 0.0279670975323149 0.0439482961222092 0.0293772032902468 0.0190364277320799 0.0470035252643948 0.0613396004700353 0.0650998824911868 0.0169212690951821 0.0669800235017626 0.0164512338425382
"chrPic" 0.191774383078731 0.045358401880141 0.0190364277320799 0 0.0176263219741481 0.0166862514688602 0.0279670975323149 0.0448883666274971 0.0218566392479436 0.00352526439482961 0.0484136310223267 0.0601645123384254 0.063689776733255 0.0108108108108108 0.063454759106933 0.00752056404230317
"cuoAmb" 0.188954171562867 0.0481786133960047 0.0246768507638073 0.0176263219741481 0 0.00399529964747356 0.0291421856639248 0.0474735605170388 0.0176263219741481 0.0173913043478261 0.0519388954171563 0.063454759106933 0.0648648648648649 0.0157461809635723 0.0665099882491187 0.0152761457109283
"cuoMcc" 0.189424206815511 0.0470035252643948 0.0237367802585194 0.0166862514688602 0.00399529964747356 0 0.0296122209165687 0.0470035252643948 0.0169212690951821 0.0169212690951821 0.0514688601645123 0.063689776733255 0.063924794359577 0.0148061104582844 0.0672150411280846 0.0143360752056404
"derMaw" 0.200705052878966 0.0556991774383079 0.0279670975323149 0.0279670975323149 0.0291421856639248 0.0296122209165687 0 0.0531139835487662 0.0347826086956522 0.0282021151586369 0.0568742655699177 0.0702702702702703 0.07262044653349 0.0246768507638073 0.0742655699177438 0.0249118683901293
"emySub" 0.208225616921269 0.0690951821386604 0.0439482961222092 0.0448883666274971 0.0474735605170388 0.0470035252643948 0.0531139835487662 0 0.0521739130434783 0.0444183313748531 0.0202115158636898 0.0477085781433608 0.0761457109283196 0.0418331374853114 0.0554641598119859 0.0418331374853114
"gopAga" 0.189659224441833 0.0526439482961222 0.0293772032902468 0.0218566392479436 0.0176263219741481 0.0169212690951821 0.0347826086956522 0.0521739130434783 0 0.0225616921269095 0.0556991774383079 0.0672150411280846 0.0662749706227967 0.0195064629847239 0.0693301997649824 0.0195064629847239
"malTer" 0.192009400705053 0.045593419506463 0.0190364277320799 0.00352526439482961 0.0173913043478261 0.0169212690951821 0.0282021151586369 0.0444183313748531 0.0225616921269095 0 0.0479435957696827 0.0596944770857814 0.0627497062279671 0.0112808460634548 0.063689776733255 0.00775558166862515
"mesTub" 0.213866039952996 0.0719153936545241 0.0470035252643948 0.0484136310223267 0.0519388954171563 0.0514688601645123 0.0568742655699177 0.0202115158636898 0.0556991774383079 0.0479435957696827 0 0.0526439482961222 0.0754406580493537 0.0465334900117509 0.0613396004700353 0.045828437132785
"pelCas" 0.219976498237368 0.0853113983548766 0.0613396004700353 0.0601645123384254 0.063454759106933 0.063689776733255 0.0702702702702703 0.0477085781433608 0.0672150411280846 0.0596944770857814 0.0526439482961222 0 0.0883666274970623 0.0587544065804935 0.054289071680376 0.0589894242068155
"pelSin" 0.21786133960047 0.090716803760282 0.0650998824911868 0.063689776733255 0.0648648648648649 0.063924794359577 0.07262044653349 0.0761457109283196 0.0662749706227967 0.0627497062279671 0.0754406580493537 0.0883666274970623 0 0.0615746180963572 0.0977673325499412 0.0603995299647474
"plaMeg" 0.190129259694477 0.0437132784958872 0.0169212690951821 0.0108108108108108 0.0157461809635723 0.0148061104582844 0.0246768507638073 0.0418331374853114 0.0195064629847239 0.0112808460634548 0.0465334900117509 0.0587544065804935 0.0615746180963572 0 0.063454759106933 0.00799059929494712
"podExp" 0.224441833137485 0.0900117508813161 0.0669800235017626 0.063454759106933 0.0665099882491187 0.0672150411280846 0.0742655699177438 0.0554641598119859 0.0693301997649824 0.063689776733255 0.0613396004700353 0.054289071680376 0.0977673325499412 0.063454759106933 0 0.063924794359577
"terMex" 0.189894242068155 0.0437132784958872 0.0164512338425382 0.00752056404230317 0.0152761457109283 0.0143360752056404 0.0249118683901293 0.0418331374853114 0.0195064629847239 0.00775558166862515 0.045828437132785 0.0589894242068155 0.0603995299647474 0.00799059929494712 0.063924794359577 0
