"carIns" "cheAbi" "cheMyd" "chrPic" "cuoAmb" "cuoMcc" "derCor" "derMaw" "emySub" "gopAga" "malTer" "mesTub" "pelCas" "pelSin" "plaMeg" "podExp"
"carIns" 0 0.142231947483589 0.145514223194748 0.141137855579869 0.148796498905908 0.161925601750547 0.140043763676149 0.144420131291028 0.148796498905908 0.143326039387309 0.142231947483589 0.146608315098468 0.152078774617068 0.153172866520788 0.141137855579869 0.161925601750547
"cheAbi" 0.142231947483589 0 0.0339168490153173 0.0240700218818381 0.0196936542669584 0.110503282275711 0.0306345733041575 0.037199124726477 0.050328227571116 0.00984682713347921 0.0229759299781182 0.0492341356673961 0.0612691466083151 0.074398249452954 0.0218818380743982 0.0700218818380744
"cheMyd" 0.145514223194748 0.0339168490153173 0 0.0295404814004376 0.0328227571115974 0.12253829321663 0.0164113785557987 0.0328227571115974 0.0448577680525164 0.0328227571115974 0.0284463894967177 0.0481400437636762 0.0547045951859956 0.0667396061269147 0.0273522975929978 0.0601750547045952
"chrPic" 0.141137855579869 0.0240700218818381 0.0295404814004376 0 0.0284463894967177 0.115973741794311 0.0262582056892779 0.0328227571115974 0.0459518599562363 0.0229759299781182 0.00328227571115974 0.0470459518599562 0.0612691466083151 0.0678336980306346 0.0175054704595186 0.0678336980306346
"cuoAmb" 0.148796498905908 0.0196936542669584 0.0328227571115974 0.0284463894967177 0 0.102844638949672 0.0317286652078775 0.0415754923413567 0.0536105032822757 0.0142231947483589 0.0273522975929978 0.0525164113785558 0.0612691466083151 0.0765864332603939 0.0262582056892779 0.0700218818380744
"cuoMcc" 0.161925601750547 0.110503282275711 0.12253829321663 0.115973741794311 0.102844638949672 0 0.12253829321663 0.12910284463895 0.132385120350109 0.105032822757112 0.114879649890591 0.131291028446389 0.145514223194748 0.158643326039387 0.113785557986871 0.155361050328228
"derCor" 0.140043763676149 0.0306345733041575 0.0164113785557987 0.0262582056892779 0.0317286652078775 0.12253829321663 0 0.0295404814004376 0.0437636761487965 0.0295404814004376 0.025164113785558 0.0470459518599562 0.0547045951859956 0.0656455142231947 0.0240700218818381 0.0590809628008753
"derMaw" 0.144420131291028 0.037199124726477 0.0328227571115974 0.0328227571115974 0.0415754923413567 0.12910284463895 0.0295404814004376 0 0.0525164113785558 0.0361050328227571 0.0317286652078775 0.0514223194748359 0.0612691466083151 0.0689277899343545 0.0306345733041575 0.0634573304157549
"emySub" 0.148796498905908 0.050328227571116 0.0448577680525164 0.0459518599562363 0.0536105032822757 0.132385120350109 0.0437636761487965 0.0525164113785558 0 0.0492341356673961 0.0448577680525164 0.0262582056892779 0.0459518599562363 0.0809628008752735 0.0470459518599562 0.0536105032822757
"gopAga" 0.143326039387309 0.00984682713347921 0.0328227571115974 0.0229759299781182 0.0142231947483589 0.105032822757112 0.0295404814004376 0.0361050328227571 0.0492341356673961 0 0.0218818380743982 0.0481400437636762 0.0601750547045952 0.0689277899343545 0.0207877461706783 0.0667396061269147
"malTer" 0.142231947483589 0.0229759299781182 0.0284463894967177 0.00328227571115974 0.0273522975929978 0.114879649890591 0.025164113785558 0.0317286652078775 0.0448577680525164 0.0218818380743982 0 0.0481400437636762 0.0601750547045952 0.0689277899343545 0.0164113785557987 0.0667396061269147
"mesTub" 0.146608315098468 0.0492341356673961 0.0481400437636762 0.0470459518599562 0.0525164113785558 0.131291028446389 0.0470459518599562 0.0514223194748359 0.0262582056892779 0.0481400437636762 0.0481400437636762 0 0.0470459518599562 0.0776805251641138 0.0492341356673961 0.0525164113785558
"pelCas" 0.152078774617068 0.0612691466083151 0.0547045951859956 0.0612691466083151 0.0612691466083151 0.145514223194748 0.0547045951859956 0.0612691466083151 0.0459518599562363 0.0601750547045952 0.0601750547045952 0.0470459518599562 0 0.0820568927789934 0.0568927789934354 0.0470459518599562
"pelSin" 0.153172866520788 0.074398249452954 0.0667396061269147 0.0678336980306346 0.0765864332603939 0.158643326039387 0.0656455142231947 0.0689277899343545 0.0809628008752735 0.0689277899343545 0.0689277899343545 0.0776805251641138 0.0820568927789934 0 0.0634573304157549 0.0897155361050328
"plaMeg" 0.141137855579869 0.0218818380743982 0.0273522975929978 0.0175054704595186 0.0262582056892779 0.113785557986871 0.0240700218818381 0.0306345733041575 0.0470459518599562 0.0207877461706783 0.0164113785557987 0.0492341356673961 0.0568927789934354 0.0634573304157549 0 0.0634573304157549
"podExp" 0.161925601750547 0.0700218818380744 0.0601750547045952 0.0678336980306346 0.0700218818380744 0.155361050328228 0.0590809628008753 0.0634573304157549 0.0536105032822757 0.0667396061269147 0.0667396061269147 0.0525164113785558 0.0470459518599562 0.0897155361050328 0.0634573304157549 0
