"carIns" "cheAbi" "cheMyd" "cheSer" "chrPic" "cuoAmb" "cuoMcc" "derCor" "derMaw" "emySub" "gopAga" "malTer" "mesTub" "pelCas" "pelSin" "plaMeg" "podExp" "terMex"
"carIns" 0 0.106623586429725 0.0840064620355412 0.0920840064620355 0.0856219709208401 0.121163166397415 0.137318255250404 0.0888529886914378 0.103392568659128 0.0872374798061389 0.098546042003231 0.193861066235864 0.0936995153473344 0.158319870759289 0.119547657512116 0.0904684975767367 0.10016155088853 0.105008077544426
"cheAbi" 0.106623586429725 0 0.0759289176090469 0.0694668820678514 0.0581583198707593 0.0823909531502423 0.0856219709208401 0.0710823909531502 0.0726978998384491 0.103392568659128 0.0484652665589661 0.161550888529887 0.0920840064620355 0.15670436187399 0.11470113085622 0.0565428109854604 0.101777059773829 0.0565428109854604
"cheMyd" 0.0840064620355412 0.0759289176090469 0 0.0290791599353796 0.0210016155088853 0.0630048465266559 0.111470113085622 0.0210016155088853 0.0549273021001615 0.0823909531502423 0.0339256865912763 0.164781906300485 0.0791599353796446 0.11470113085622 0.0872374798061389 0.0258481421647819 0.0533117932148627 0.061389337641357
"cheSer" 0.0920840064620355 0.0694668820678514 0.0290791599353796 0 0.0210016155088853 0.0630048465266559 0.111470113085622 0.024232633279483 0.061389337641357 0.0791599353796446 0.0306946688206785 0.169628432956381 0.0759289176090469 0.108239095315024 0.0823909531502423 0.0258481421647819 0.0565428109854604 0.061389337641357
"chrPic" 0.0856219709208401 0.0581583198707593 0.0210016155088853 0.0210016155088853 0 0.0484652665589661 0.0969305331179321 0.0193861066235864 0.0533117932148627 0.0775444264943457 0.0193861066235864 0.148626817447496 0.0710823909531502 0.106623586429725 0.0791599353796446 0.00807754442649435 0.0516962843295638 0.0403877221324717
"cuoAmb" 0.121163166397415 0.0823909531502423 0.0630048465266559 0.0630048465266559 0.0484652665589661 0 0.0484652665589661 0.0630048465266559 0.0969305331179321 0.117932148626817 0.0420032310177706 0.161550888529887 0.111470113085622 0.143780290791599 0.119547657512116 0.0516962843295638 0.0888529886914378 0.0888529886914378
"cuoMcc" 0.137318255250404 0.0856219709208401 0.111470113085622 0.111470113085622 0.0969305331179321 0.0484652665589661 0 0.111470113085622 0.109854604200323 0.134087237479806 0.0904684975767367 0.169628432956381 0.121163166397415 0.189014539579968 0.140549273021002 0.098546042003231 0.137318255250404 0.0888529886914378
"derCor" 0.0888529886914378 0.0710823909531502 0.0210016155088853 0.024232633279483 0.0193861066235864 0.0630048465266559 0.111470113085622 0 0.0630048465266559 0.0823909531502423 0.0323101777059774 0.168012924071082 0.0791599353796446 0.111470113085622 0.0888529886914378 0.024232633279483 0.0500807754442649 0.0597738287560582
"derMaw" 0.103392568659128 0.0726978998384491 0.0549273021001615 0.061389337641357 0.0533117932148627 0.0969305331179321 0.109854604200323 0.0630048465266559 0 0.0823909531502423 0.0694668820678514 0.166397415185784 0.0694668820678514 0.145395799676898 0.0969305331179321 0.0565428109854604 0.0920840064620355 0.0630048465266559
"emySub" 0.0872374798061389 0.103392568659128 0.0823909531502423 0.0791599353796446 0.0775444264943457 0.117932148626817 0.134087237479806 0.0823909531502423 0.0823909531502423 0 0.0936995153473344 0.189014539579968 0.0226171243941842 0.137318255250404 0.109854604200323 0.0759289176090469 0.0888529886914378 0.0872374798061389
"gopAga" 0.098546042003231 0.0484652665589661 0.0339256865912763 0.0306946688206785 0.0193861066235864 0.0420032310177706 0.0904684975767367 0.0323101777059774 0.0694668820678514 0.0936995153473344 0 0.161550888529887 0.0872374798061389 0.119547657512116 0.0904684975767367 0.0210016155088853 0.0662358642972536 0.0597738287560582
"malTer" 0.193861066235864 0.161550888529887 0.164781906300485 0.169628432956381 0.148626817447496 0.161550888529887 0.169628432956381 0.168012924071082 0.166397415185784 0.189014539579968 0.161550888529887 0 0.177705977382876 0.205169628432956 0.190630048465267 0.155088852988691 0.20032310177706 0.151857835218094
"mesTub" 0.0936995153473344 0.0920840064620355 0.0791599353796446 0.0759289176090469 0.0710823909531502 0.111470113085622 0.121163166397415 0.0791599353796446 0.0694668820678514 0.0226171243941842 0.0872374798061389 0.177705977382876 0 0.135702746365105 0.105008077544426 0.0710823909531502 0.0791599353796446 0.074313408723748
"pelCas" 0.158319870759289 0.15670436187399 0.11470113085622 0.108239095315024 0.106623586429725 0.143780290791599 0.189014539579968 0.111470113085622 0.145395799676898 0.137318255250404 0.119547657512116 0.205169628432956 0.135702746365105 0 0.163166397415186 0.111470113085622 0.111470113085622 0.143780290791599
"pelSin" 0.119547657512116 0.11470113085622 0.0872374798061389 0.0823909531502423 0.0791599353796446 0.119547657512116 0.140549273021002 0.0888529886914378 0.0969305331179321 0.109854604200323 0.0904684975767367 0.190630048465267 0.105008077544426 0.163166397415186 0 0.0759289176090469 0.103392568659128 0.0920840064620355
"plaMeg" 0.0904684975767367 0.0565428109854604 0.0258481421647819 0.0258481421647819 0.00807754442649435 0.0516962843295638 0.098546042003231 0.024232633279483 0.0565428109854604 0.0759289176090469 0.0210016155088853 0.155088852988691 0.0710823909531502 0.111470113085622 0.0759289176090469 0 0.0516962843295638 0.0452342487883683
"podExp" 0.10016155088853 0.101777059773829 0.0533117932148627 0.0565428109854604 0.0516962843295638 0.0888529886914378 0.137318255250404 0.0500807754442649 0.0920840064620355 0.0888529886914378 0.0662358642972536 0.20032310177706 0.0791599353796446 0.111470113085622 0.103392568659128 0.0516962843295638 0 0.0920840064620355
"terMex" 0.105008077544426 0.0565428109854604 0.061389337641357 0.061389337641357 0.0403877221324717 0.0888529886914378 0.0888529886914378 0.0597738287560582 0.0630048465266559 0.0872374798061389 0.0597738287560582 0.151857835218094 0.074313408723748 0.143780290791599 0.0920840064620355 0.0452342487883683 0.0920840064620355 0
