"carIns" "cheAbi" "cheMyd" "cheSer" "chrPic" "cuoMcc" "derMaw" "emySub" "gopAga" "malTer" "mesTub" "pelCas" "pelSin" "plaMeg" "podExp" "terMex"
"carIns" 0 0.135050251256281 0.133793969849246 0.125628140703518 0.124371859296482 0.131281407035176 0.136934673366834 0.14070351758794 0.133165829145729 0.118090452261307 0.154522613065327 0.160175879396985 0.14572864321608 0.118090452261307 0.174623115577889 0.123743718592965
"cheAbi" 0.135050251256281 0 0.0603015075376884 0.0527638190954774 0.0552763819095477 0.0420854271356784 0.0646984924623116 0.0986180904522613 0.0314070351758794 0.0464824120603015 0.10427135678392 0.114321608040201 0.125628140703518 0.0477386934673367 0.128768844221106 0.0439698492462312
"cheMyd" 0.133793969849246 0.0603015075376884 0 0.0483668341708543 0.0515075376884422 0.0565326633165829 0.0615577889447236 0.0923366834170854 0.0546482412060302 0.0439698492462312 0.101758793969849 0.114321608040201 0.12248743718593 0.0464824120603015 0.128768844221106 0.0376884422110553
"cheSer" 0.125628140703518 0.0527638190954774 0.0483668341708543 0 0.0389447236180905 0.042713567839196 0.0559045226130653 0.0860552763819095 0.0471105527638191 0.0370603015075377 0.0998743718592965 0.113693467336683 0.114949748743719 0.0339195979899497 0.12751256281407 0.0345477386934673
"chrPic" 0.124371859296482 0.0552763819095477 0.0515075376884422 0.0389447236180905 0 0.0471105527638191 0.0590452261306533 0.0898241206030151 0.0489949748743719 0.0175879396984925 0.103015075376884 0.109924623115578 0.115577889447236 0.032035175879397 0.126256281407035 0.0207286432160804
"cuoMcc" 0.131281407035176 0.0420854271356784 0.0565326633165829 0.042713567839196 0.0471105527638191 0 0.0628140703517588 0.0898241206030151 0.0408291457286432 0.0439698492462312 0.103015075376884 0.117462311557789 0.12248743718593 0.0332914572864322 0.128768844221106 0.0389447236180905
"derMaw" 0.136934673366834 0.0646984924623116 0.0615577889447236 0.0559045226130653 0.0590452261306533 0.0628140703517588 0 0.0954773869346734 0.060929648241206 0.0471105527638191 0.105527638190955 0.118090452261307 0.124371859296482 0.0521356783919598 0.128768844221106 0.0515075376884422
"emySub" 0.14070351758794 0.0986180904522613 0.0923366834170854 0.0860552763819095 0.0898241206030151 0.0898241206030151 0.0954773869346734 0 0.0910804020100503 0.082286432160804 0.060929648241206 0.0847989949748744 0.130025125628141 0.0772613065326633 0.0992462311557789 0.0791457286432161
"gopAga" 0.133165829145729 0.0314070351758794 0.0546482412060302 0.0471105527638191 0.0489949748743719 0.0408291457286432 0.060929648241206 0.0910804020100503 0 0.0383165829145729 0.103643216080402 0.110552763819095 0.123115577889447 0.0370603015075377 0.12248743718593 0.0376884422110553
"malTer" 0.118090452261307 0.0464824120603015 0.0439698492462312 0.0370603015075377 0.0175879396984925 0.0439698492462312 0.0471105527638191 0.082286432160804 0.0383165829145729 0 0.0942211055276382 0.101130653266332 0.109924623115578 0.0263819095477387 0.114949748743719 0.0144472361809045
"mesTub" 0.154522613065327 0.10427135678392 0.101758793969849 0.0998743718592965 0.103015075376884 0.103015075376884 0.105527638190955 0.060929648241206 0.103643216080402 0.0942211055276382 0 0.0998743718592965 0.136306532663317 0.096105527638191 0.111809045226131 0.0910804020100503
"pelCas" 0.160175879396985 0.114321608040201 0.114321608040201 0.113693467336683 0.109924623115578 0.117462311557789 0.118090452261307 0.0847989949748744 0.110552763819095 0.101130653266332 0.0998743718592965 0 0.14572864321608 0.10427135678392 0.0885678391959799 0.0998743718592965
"pelSin" 0.14572864321608 0.125628140703518 0.12248743718593 0.114949748743719 0.115577889447236 0.12248743718593 0.124371859296482 0.130025125628141 0.123115577889447 0.109924623115578 0.136306532663317 0.14572864321608 0 0.110552763819095 0.15891959798995 0.107412060301508
"plaMeg" 0.118090452261307 0.0477386934673367 0.0464824120603015 0.0339195979899497 0.032035175879397 0.0332914572864322 0.0521356783919598 0.0772613065326633 0.0370603015075377 0.0263819095477387 0.096105527638191 0.10427135678392 0.110552763819095 0 0.116834170854271 0.0270100502512563
"podExp" 0.174623115577889 0.128768844221106 0.128768844221106 0.12751256281407 0.126256281407035 0.128768844221106 0.128768844221106 0.0992462311557789 0.12248743718593 0.114949748743719 0.111809045226131 0.0885678391959799 0.15891959798995 0.116834170854271 0 0.117462311557789
"terMex" 0.123743718592965 0.0439698492462312 0.0376884422110553 0.0345477386934673 0.0207286432160804 0.0389447236180905 0.0515075376884422 0.0791457286432161 0.0376884422110553 0.0144472361809045 0.0910804020100503 0.0998743718592965 0.107412060301508 0.0270100502512563 0.117462311557789 0
