"carIns" "cheAbi" "cheMyd" "cheSer" "chrPic" "cuoAmb" "cuoMcc" "derCor" "derMaw" "emySub" "gopAga" "malTer" "pelCas" "pelSin" "plaMeg" "podExp" "terMex"
"carIns" 0 0.0787282361847086 0.0794852384557154 0.0802422407267222 0.0772142316426949 0.0734292202876609 0.0772142316426949 0.0832702498107494 0.0878122634367903 0.0893262679788039 0.0779712339137017 0.0900832702498107 0.0946252838758516 0.0923542770628312 0.0764572293716881 0.105980317940954 0.0772142316426949
"cheAbi" 0.0787282361847086 0 0.0439061317183952 0.0386071158213475 0.0219530658591976 0.0166540499621499 0.0196820590461771 0.0355791067373202 0.0416351249053747 0.060560181680545 0.0158970476911431 0.0476911430734292 0.0545041635124905 0.0681302043906132 0.0227100681302044 0.0651021953065859 0.020439061317184
"cheMyd" 0.0794852384557154 0.0439061317183952 0 0.0386071158213475 0.0393641180923543 0.0355791067373202 0.0393641180923543 0.0257380772142316 0.048448145344436 0.0651021953065859 0.0378501135503407 0.0537471612414837 0.0673732021196064 0.072672218016654 0.0355791067373202 0.0825132475397426 0.0355791067373202
"cheSer" 0.0802422407267222 0.0386071158213475 0.0386071158213475 0 0.0310370931112793 0.0302800908402725 0.032551097653293 0.0370931112793338 0.0408781226343679 0.0620741862225587 0.0317940953822861 0.0492051476154428 0.0628311884935655 0.072672218016654 0.0310370931112793 0.0772142316426949 0.0302800908402725
"chrPic" 0.0772142316426949 0.0219530658591976 0.0393641180923543 0.0310370931112793 0 0.0174110522331567 0.0219530658591976 0.0295230885692657 0.0355791067373202 0.0613171839515519 0.0189250567751703 0.032551097653293 0.0552611657834974 0.0673732021196064 0.0181680545041635 0.0681302043906132 0.00984102952308857
"cuoAmb" 0.0734292202876609 0.0166540499621499 0.0355791067373202 0.0302800908402725 0.0174110522331567 0 0.00908402725208176 0.0264950794852385 0.032551097653293 0.0590461771385314 0.0128690386071158 0.044663133989402 0.0514761544284633 0.0651021953065859 0.0166540499621499 0.0658591975775927 0.0166540499621499
"cuoMcc" 0.0772142316426949 0.0196820590461771 0.0393641180923543 0.032551097653293 0.0219530658591976 0.00908402725208176 0 0.0302800908402725 0.0348221044663134 0.0613171839515519 0.0158970476911431 0.0476911430734292 0.0552611657834974 0.06888720666162 0.020439061317184 0.0681302043906132 0.0196820590461771
"derCor" 0.0832702498107494 0.0355791067373202 0.0257380772142316 0.0370931112793338 0.0295230885692657 0.0264950794852385 0.0302800908402725 0 0.0386071158213475 0.0666161998485996 0.0280090840272521 0.056775170325511 0.060560181680545 0.06888720666162 0.0264950794852385 0.0779712339137017 0.0272520817562453
"derMaw" 0.0878122634367903 0.0416351249053747 0.048448145344436 0.0408781226343679 0.0355791067373202 0.032551097653293 0.0348221044663134 0.0386071158213475 0 0.06888720666162 0.0333080999242998 0.0613171839515519 0.0590461771385314 0.0749432248296745 0.032551097653293 0.0757002271006813 0.0348221044663134
"emySub" 0.0893262679788039 0.060560181680545 0.0651021953065859 0.0620741862225587 0.0613171839515519 0.0590461771385314 0.0613171839515519 0.0666161998485996 0.06888720666162 0 0.0590461771385314 0.0749432248296745 0.056775170325511 0.0825132475397426 0.0590461771385314 0.060560181680545 0.0598031794095382
"gopAga" 0.0779712339137017 0.0158970476911431 0.0378501135503407 0.0317940953822861 0.0189250567751703 0.0128690386071158 0.0158970476911431 0.0280090840272521 0.0333080999242998 0.0590461771385314 0 0.044663133989402 0.0552611657834974 0.0658591975775927 0.0166540499621499 0.0681302043906132 0.0166540499621499
"malTer" 0.0900832702498107 0.0476911430734292 0.0537471612414837 0.0492051476154428 0.032551097653293 0.044663133989402 0.0476911430734292 0.056775170325511 0.0613171839515519 0.0749432248296745 0.044663133989402 0 0.0772142316426949 0.0847842543527631 0.0439061317183952 0.0855412566237699 0.036336109008327
"pelCas" 0.0946252838758516 0.0545041635124905 0.0673732021196064 0.0628311884935655 0.0552611657834974 0.0514761544284633 0.0552611657834974 0.060560181680545 0.0590461771385314 0.056775170325511 0.0552611657834974 0.0772142316426949 0 0.0757002271006813 0.0529901589704769 0.0492051476154428 0.0545041635124905
"pelSin" 0.0923542770628312 0.0681302043906132 0.072672218016654 0.072672218016654 0.0673732021196064 0.0651021953065859 0.06888720666162 0.06888720666162 0.0749432248296745 0.0825132475397426 0.0658591975775927 0.0847842543527631 0.0757002271006813 0 0.0673732021196064 0.0878122634367903 0.0673732021196064
"plaMeg" 0.0764572293716881 0.0227100681302044 0.0355791067373202 0.0310370931112793 0.0181680545041635 0.0166540499621499 0.020439061317184 0.0264950794852385 0.032551097653293 0.0590461771385314 0.0166540499621499 0.0439061317183952 0.0529901589704769 0.0673732021196064 0 0.0666161998485996 0.0158970476911431
"podExp" 0.105980317940954 0.0651021953065859 0.0825132475397426 0.0772142316426949 0.0681302043906132 0.0658591975775927 0.0681302043906132 0.0779712339137017 0.0757002271006813 0.060560181680545 0.0681302043906132 0.0855412566237699 0.0492051476154428 0.0878122634367903 0.0666161998485996 0 0.0673732021196064
"terMex" 0.0772142316426949 0.020439061317184 0.0355791067373202 0.0302800908402725 0.00984102952308857 0.0166540499621499 0.0196820590461771 0.0272520817562453 0.0348221044663134 0.0598031794095382 0.0166540499621499 0.036336109008327 0.0545041635124905 0.0673732021196064 0.0158970476911431 0.0673732021196064 0
