"carIns" "cheAbi" "cheMyd" "cheSer" "chrPic" "cuoAmb" "cuoMcc" "derCor" "derMaw" "emySub" "gopAga" "malTer" "mesTub" "pelCas" "pelSin" "plaMeg" "podExp" "terMex"
"carIns" 0 0.127864005912786 0.117516629711752 0.138211382113821 0.142645971914265 0.118255728011826 0.118255728011826 0.120473022912047 0.147080561714708 0.133776792313378 0.130081300813008 0.120473022912047 0.13229859571323 0.155210643015521 0.152254249815225 0.114560236511456 0.161123429416112 0.118255728011826
"cheAbi" 0.127864005912786 0 0.0509977827050998 0.0694752402069475 0.0679970436067997 0.0399113082039911 0.0362158167036216 0.0502586844050259 0.0894308943089431 0.110125646711013 0.0546932742054693 0.0450849963045085 0.1019955654102 0.130081300813008 0.146341463414634 0.0384331116038433 0.133037694013304 0.041389504804139
"cheMyd" 0.117516629711752 0.0509977827050998 0 0.057649667405765 0.0694752402069475 0.0450849963045085 0.0458240946045824 0.0288248337028825 0.0753880266075388 0.104951958610495 0.0620842572062084 0.0436067997043607 0.0960827790096083 0.122690317812269 0.141167775314117 0.0339985218033999 0.126385809312639 0.0399113082039911
"cheSer" 0.138211382113821 0.0694752402069475 0.057649667405765 0 0.0628233555062823 0.0643015521064302 0.0628233555062823 0.0598669623059867 0.0849963045084996 0.11529933481153 0.0650406504065041 0.057649667405765 0.103473762010347 0.136733185513673 0.158906134515891 0.0480413895048041 0.142645971914265 0.0517368810051737
"chrPic" 0.142645971914265 0.0679970436067997 0.0694752402069475 0.0628233555062823 0 0.0613451589061345 0.0606060606060606 0.0687361419068736 0.0931263858093126 0.122690317812269 0.0613451589061345 0.0273466371027347 0.11529933481153 0.14560236511456 0.169992609016999 0.0502586844050259 0.147819660014782 0.040650406504065
"cuoAmb" 0.118255728011826 0.0399113082039911 0.0450849963045085 0.0643015521064302 0.0613451589061345 0 0.0118255728011826 0.0450849963045085 0.0813008130081301 0.104951958610495 0.0473022912047302 0.0354767184035477 0.0960827790096083 0.129342202512934 0.139689578713969 0.0288248337028825 0.127124907612713 0.0317812269031781
"cuoMcc" 0.118255728011826 0.0362158167036216 0.0458240946045824 0.0628233555062823 0.0606060606060606 0.0118255728011826 0 0.0443458980044346 0.0813008130081301 0.102734663710273 0.0458240946045824 0.0347376201034738 0.0931263858093126 0.127864005912786 0.136733185513673 0.0280857354028086 0.127124907612713 0.0310421286031042
"derCor" 0.120473022912047 0.0502586844050259 0.0288248337028825 0.0598669623059867 0.0687361419068736 0.0450849963045085 0.0443458980044346 0 0.0805617147080562 0.101256467110126 0.0620842572062084 0.0428677014042868 0.0960827790096083 0.124168514412417 0.143385070214338 0.0362158167036216 0.123429416112343 0.0391722099039172
"derMaw" 0.147080561714708 0.0894308943089431 0.0753880266075388 0.0849963045084996 0.0931263858093126 0.0813008130081301 0.0813008130081301 0.0805617147080562 0 0.138211382113821 0.0872135994087214 0.0790835181079084 0.126385809312639 0.151515151515152 0.172209903917221 0.0709534368070953 0.154471544715447 0.0753880266075388
"emySub" 0.133776792313378 0.110125646711013 0.104951958610495 0.11529933481153 0.122690317812269 0.104951958610495 0.102734663710273 0.101256467110126 0.138211382113821 0 0.116038433111604 0.101256467110126 0.0502586844050259 0.0938654841093866 0.158167036215817 0.0938654841093866 0.108647450110865 0.0990391722099039
"gopAga" 0.130081300813008 0.0546932742054693 0.0620842572062084 0.0650406504065041 0.0613451589061345 0.0473022912047302 0.0458240946045824 0.0620842572062084 0.0872135994087214 0.116038433111604 0 0.0546932742054693 0.107169253510717 0.140428677014043 0.156688839615669 0.0480413895048041 0.135994087213599 0.0509977827050998
"malTer" 0.120473022912047 0.0450849963045085 0.0436067997043607 0.057649667405765 0.0273466371027347 0.0354767184035477 0.0347376201034738 0.0428677014042868 0.0790835181079084 0.101256467110126 0.0546932742054693 0 0.0931263858093126 0.123429416112343 0.147080561714708 0.024390243902439 0.12860310421286 0.0147819660014782
"mesTub" 0.13229859571323 0.1019955654102 0.0960827790096083 0.103473762010347 0.11529933481153 0.0960827790096083 0.0931263858093126 0.0960827790096083 0.126385809312639 0.0502586844050259 0.107169253510717 0.0931263858093126 0 0.0909090909090909 0.146341463414634 0.0857354028085735 0.0997782705099778 0.0909090909090909
"pelCas" 0.155210643015521 0.130081300813008 0.122690317812269 0.136733185513673 0.14560236511456 0.129342202512934 0.127864005912786 0.124168514412417 0.151515151515152 0.0938654841093866 0.140428677014043 0.123429416112343 0.0909090909090909 0 0.167775314116778 0.11529933481153 0.0997782705099778 0.121951219512195
"pelSin" 0.152254249815225 0.146341463414634 0.141167775314117 0.158906134515891 0.169992609016999 0.139689578713969 0.136733185513673 0.143385070214338 0.172209903917221 0.158167036215817 0.156688839615669 0.147080561714708 0.146341463414634 0.167775314116778 0 0.135254988913525 0.178861788617886 0.142645971914265
"plaMeg" 0.114560236511456 0.0384331116038433 0.0339985218033999 0.0480413895048041 0.0502586844050259 0.0288248337028825 0.0280857354028086 0.0362158167036216 0.0709534368070953 0.0938654841093866 0.0480413895048041 0.024390243902439 0.0857354028085735 0.11529933481153 0.135254988913525 0 0.119733924611973 0.0214338507021434
"podExp" 0.161123429416112 0.133037694013304 0.126385809312639 0.142645971914265 0.147819660014782 0.127124907612713 0.127124907612713 0.123429416112343 0.154471544715447 0.108647450110865 0.135994087213599 0.12860310421286 0.0997782705099778 0.0997782705099778 0.178861788617886 0.119733924611973 0 0.126385809312639
"terMex" 0.118255728011826 0.041389504804139 0.0399113082039911 0.0517368810051737 0.040650406504065 0.0317812269031781 0.0310421286031042 0.0391722099039172 0.0753880266075388 0.0990391722099039 0.0509977827050998 0.0147819660014782 0.0909090909090909 0.121951219512195 0.142645971914265 0.0214338507021434 0.126385809312639 0
