"carIns" "cheAbi" "cheMyd" "cheSer" "chrPic" "cuoAmb" "cuoMcc" "derCor" "derMaw" "gopAga" "malTer" "mesTub" "pelCas" "pelSin" "plaMeg" "podExp" "terMex"
"carIns" 0 0.0879419764279238 0.112420670897552 0.0897552130553037 0.086128739800544 0.0834088848594742 0.0834088848594742 0.0888485947416138 0.109700815956482 0.085222121486854 0.0979147778785131 0.106980961015413 0.102447869446963 0.0988213961922031 0.0888485947416138 0.116047144152312 0.0879419764279238
"cheAbi" 0.0879419764279238 0 0.0607434270172258 0.0444242973708069 0.0299184043517679 0.0181323662737987 0.0190389845874887 0.0471441523118767 0.0625566636446056 0.014505893019039 0.043517679057117 0.071622846781505 0.0652765185856754 0.0915684496826836 0.029011786038078 0.0888485947416138 0.029011786038078
"cheMyd" 0.112420670897552 0.0607434270172258 0 0.057116953762466 0.0507706255666364 0.0507706255666364 0.0525838621940163 0.0525838621940163 0.0643699002719855 0.0616500453309157 0.0652765185856754 0.085222121486854 0.0825022665457842 0.109700815956482 0.0525838621940163 0.106980961015413 0.0462375339981868
"cheSer" 0.0897552130553037 0.0444242973708069 0.057116953762466 0 0.0398912058023572 0.0371713508612874 0.0371713508612874 0.0417044424297371 0.0562103354487761 0.042611060743427 0.0516772438803264 0.0616500453309157 0.0698096101541251 0.086128739800544 0.0362647325475975 0.0879419764279238 0.0380779691749773
"chrPic" 0.086128739800544 0.0299184043517679 0.0507706255666364 0.0398912058023572 0 0.0235720761559383 0.0235720761559383 0.0480507706255666 0.0580235720761559 0.029011786038078 0.0208522212148685 0.0689029918404352 0.0643699002719855 0.0915684496826836 0.0226654578422484 0.0906618313689937 0.0117860380779692
"cuoAmb" 0.0834088848594742 0.0181323662737987 0.0507706255666364 0.0371713508612874 0.0235720761559383 0 0.00543970988213962 0.042611060743427 0.0562103354487761 0.0199456029011786 0.0389845874886673 0.0670897552130553 0.0616500453309157 0.0870353581142339 0.0190389845874887 0.086128739800544 0.0226654578422484
"cuoMcc" 0.0834088848594742 0.0190389845874887 0.0525838621940163 0.0371713508612874 0.0235720761559383 0.00543970988213962 0 0.042611060743427 0.0562103354487761 0.0208522212148685 0.0371713508612874 0.0670897552130553 0.0625566636446056 0.0870353581142339 0.0190389845874887 0.086128739800544 0.0226654578422484
"derCor" 0.0888485947416138 0.0471441523118767 0.0525838621940163 0.0417044424297371 0.0480507706255666 0.042611060743427 0.042611060743427 0 0.0652765185856754 0.0480507706255666 0.0589301903898459 0.0689029918404352 0.0743427017225748 0.0897552130553037 0.043517679057117 0.0797824116047144 0.0453309156844968
"derMaw" 0.109700815956482 0.0625566636446056 0.0643699002719855 0.0562103354487761 0.0580235720761559 0.0562103354487761 0.0562103354487761 0.0652765185856754 0 0.0634632819582956 0.071622846781505 0.0888485947416138 0.0843155031731641 0.104261106074343 0.0562103354487761 0.111514052583862 0.057116953762466
"gopAga" 0.085222121486854 0.014505893019039 0.0616500453309157 0.042611060743427 0.029011786038078 0.0199456029011786 0.0208522212148685 0.0480507706255666 0.0634632819582956 0 0.0417044424297371 0.071622846781505 0.0652765185856754 0.0906618313689937 0.028105167724388 0.0888485947416138 0.029011786038078
"malTer" 0.0979147778785131 0.043517679057117 0.0652765185856754 0.0516772438803264 0.0208522212148685 0.0389845874886673 0.0371713508612874 0.0589301903898459 0.071622846781505 0.0417044424297371 0 0.0797824116047144 0.0770625566636446 0.101541251133273 0.0371713508612874 0.0970081595648232 0.0308250226654578
"mesTub" 0.106980961015413 0.071622846781505 0.085222121486854 0.0616500453309157 0.0689029918404352 0.0670897552130553 0.0670897552130553 0.0689029918404352 0.0888485947416138 0.071622846781505 0.0797824116047144 0 0.0643699002719855 0.117860380779692 0.0661831368993654 0.0879419764279238 0.0661831368993654
"pelCas" 0.102447869446963 0.0652765185856754 0.0825022665457842 0.0698096101541251 0.0643699002719855 0.0616500453309157 0.0625566636446056 0.0743427017225748 0.0843155031731641 0.0652765185856754 0.0770625566636446 0.0643699002719855 0 0.116047144152312 0.0661831368993654 0.0698096101541251 0.0616500453309157
"pelSin" 0.0988213961922031 0.0915684496826836 0.109700815956482 0.086128739800544 0.0915684496826836 0.0870353581142339 0.0870353581142339 0.0897552130553037 0.104261106074343 0.0906618313689937 0.101541251133273 0.117860380779692 0.116047144152312 0 0.0870353581142339 0.129646418857661 0.0924750679963735
"plaMeg" 0.0888485947416138 0.029011786038078 0.0525838621940163 0.0362647325475975 0.0226654578422484 0.0190389845874887 0.0190389845874887 0.043517679057117 0.0562103354487761 0.028105167724388 0.0371713508612874 0.0661831368993654 0.0661831368993654 0.0870353581142339 0 0.0870353581142339 0.0217588395285585
"podExp" 0.116047144152312 0.0888485947416138 0.106980961015413 0.0879419764279238 0.0906618313689937 0.086128739800544 0.086128739800544 0.0797824116047144 0.111514052583862 0.0888485947416138 0.0970081595648232 0.0879419764279238 0.0698096101541251 0.129646418857661 0.0870353581142339 0 0.086128739800544
"terMex" 0.0879419764279238 0.029011786038078 0.0462375339981868 0.0380779691749773 0.0117860380779692 0.0226654578422484 0.0226654578422484 0.0453309156844968 0.057116953762466 0.029011786038078 0.0308250226654578 0.0661831368993654 0.0616500453309157 0.0924750679963735 0.0217588395285585 0.086128739800544 0
