"carIns" "cheAbi" "cheMyd" "cheSer" "chrPic" "cuoAmb" "cuoMcc" "derMaw" "emySub" "gopAga" "malTer" "mesTub" "pelCas" "pelSin" "plaMeg" "podExp" "terMex"
"carIns" 0 0.0635313531353135 0.0610561056105611 0.066006600660066 0.0602310231023102 0.165016501650165 0.0585808580858086 0.0693069306930693 0.0734323432343234 0.0693069306930693 0.0627062706270627 0.0734323432343234 0.0932343234323432 0.070957095709571 0.0585808580858086 0.0816831683168317 0.0585808580858086
"cheAbi" 0.0635313531353135 0 0.0305280528052805 0.0363036303630363 0.0239273927392739 0.143564356435644 0.0239273927392739 0.0354785478547855 0.0693069306930693 0.0239273927392739 0.0280528052805281 0.0651815181518152 0.08003300330033 0.0643564356435644 0.0214521452145215 0.0775577557755776 0.0264026402640264
"cheMyd" 0.0610561056105611 0.0305280528052805 0 0.0305280528052805 0.0165016501650165 0.135313531353135 0.0272277227722772 0.0280528052805281 0.0643564356435644 0.0280528052805281 0.0214521452145215 0.0536303630363036 0.0792079207920792 0.051980198019802 0.014026402640264 0.0668316831683168 0.0288778877887789
"cheSer" 0.066006600660066 0.0363036303630363 0.0305280528052805 0 0.0297029702970297 0.14026402640264 0.0313531353135314 0.0363036303630363 0.0668316831683168 0.0363036303630363 0.0321782178217822 0.0643564356435644 0.0808580858085809 0.0676567656765677 0.0272277227722772 0.0759075907590759 0.0346534653465347
"chrPic" 0.0602310231023102 0.0239273927392739 0.0165016501650165 0.0297029702970297 0 0.133663366336634 0.0222772277227723 0.0231023102310231 0.0594059405940594 0.0214521452145215 0.0066006600660066 0.051980198019802 0.0759075907590759 0.0503300330033003 0.00742574257425743 0.0651815181518152 0.0206270627062706
"cuoAmb" 0.165016501650165 0.143564356435644 0.135313531353135 0.14026402640264 0.133663366336634 0 0.132013201320132 0.145214521452145 0.165841584158416 0.139438943894389 0.137788778877888 0.162541254125413 0.185643564356436 0.163366336633663 0.132838283828383 0.179042904290429 0.142739273927393
"cuoMcc" 0.0585808580858086 0.0239273927392739 0.0272277227722772 0.0313531353135314 0.0222772277227723 0.132013201320132 0 0.0354785478547855 0.0651815181518152 0.0264026402640264 0.0264026402640264 0.0610561056105611 0.0750825082508251 0.0643564356435644 0.0198019801980198 0.0726072607260726 0.0247524752475248
"derMaw" 0.0693069306930693 0.0354785478547855 0.0280528052805281 0.0363036303630363 0.0231023102310231 0.145214521452145 0.0354785478547855 0 0.0693069306930693 0.0346534653465347 0.0280528052805281 0.0585808580858086 0.0841584158415842 0.0610561056105611 0.0206270627062706 0.0734323432343234 0.0354785478547855
"emySub" 0.0734323432343234 0.0693069306930693 0.0643564356435644 0.0668316831683168 0.0594059405940594 0.165841584158416 0.0651815181518152 0.0693069306930693 0 0.066006600660066 0.0610561056105611 0.0371287128712871 0.0676567656765677 0.0750825082508251 0.0577557755775578 0.0734323432343234 0.0585808580858086
"gopAga" 0.0693069306930693 0.0239273927392739 0.0280528052805281 0.0363036303630363 0.0214521452145215 0.139438943894389 0.0264026402640264 0.0346534653465347 0.066006600660066 0 0.0247524752475248 0.0594059405940594 0.0816831683168317 0.0627062706270627 0.0181518151815182 0.0767326732673267 0.0264026402640264
"malTer" 0.0627062706270627 0.0280528052805281 0.0214521452145215 0.0321782178217822 0.0066006600660066 0.137788778877888 0.0264026402640264 0.0280528052805281 0.0610561056105611 0.0247524752475248 0 0.0569306930693069 0.0767326732673267 0.0552805280528053 0.0123762376237624 0.0701320132013201 0.0239273927392739
"mesTub" 0.0734323432343234 0.0651815181518152 0.0536303630363036 0.0643564356435644 0.051980198019802 0.162541254125413 0.0610561056105611 0.0585808580858086 0.0371287128712871 0.0594059405940594 0.0569306930693069 0 0.0701320132013201 0.070957095709571 0.0486798679867987 0.066006600660066 0.0594059405940594
"pelCas" 0.0932343234323432 0.08003300330033 0.0792079207920792 0.0808580858085809 0.0759075907590759 0.185643564356436 0.0750825082508251 0.0841584158415842 0.0676567656765677 0.0816831683168317 0.0767326732673267 0.0701320132013201 0 0.0965346534653465 0.0726072607260726 0.0693069306930693 0.0759075907590759
"pelSin" 0.070957095709571 0.0643564356435644 0.051980198019802 0.0676567656765677 0.0503300330033003 0.163366336633663 0.0643564356435644 0.0610561056105611 0.0750825082508251 0.0627062706270627 0.0552805280528053 0.070957095709571 0.0965346534653465 0 0.0503300330033003 0.0841584158415842 0.0635313531353135
"plaMeg" 0.0585808580858086 0.0214521452145215 0.014026402640264 0.0272277227722772 0.00742574257425743 0.132838283828383 0.0198019801980198 0.0206270627062706 0.0577557755775578 0.0181518151815182 0.0123762376237624 0.0486798679867987 0.0726072607260726 0.0503300330033003 0 0.0627062706270627 0.0198019801980198
"podExp" 0.0816831683168317 0.0775577557755776 0.0668316831683168 0.0759075907590759 0.0651815181518152 0.179042904290429 0.0726072607260726 0.0734323432343234 0.0734323432343234 0.0767326732673267 0.0701320132013201 0.066006600660066 0.0693069306930693 0.0841584158415842 0.0627062706270627 0 0.0742574257425743
"terMex" 0.0585808580858086 0.0264026402640264 0.0288778877887789 0.0346534653465347 0.0206270627062706 0.142739273927393 0.0247524752475248 0.0354785478547855 0.0585808580858086 0.0264026402640264 0.0239273927392739 0.0594059405940594 0.0759075907590759 0.0635313531353135 0.0198019801980198 0.0742574257425743 0
