"carIns" "cheAbi" "cheMyd" "cheSer" "chrPic" "cuoAmb" "cuoMcc" "derCor" "derMaw" "emySub" "gopAga" "malTer" "mesTub" "pelCas" "pelSin" "plaMeg" "podExp" "terMex"
"carIns" 0 0.0679953106682298 0.0656506447831184 0.0627198124267292 0.0621336459554514 0.0644783118405627 0.0674091441969519 0.0697538100820633 0.112543962485346 0.0685814771395076 0.0644783118405627 0.100820633059789 0.111957796014068 0.0926143024618992 0.0685814771395076 0.0638921453692849 0.0832356389214537 0.0592028135990621
"cheAbi" 0.0679953106682298 0 0.0304806565064478 0.0351699882766706 0.0293083235638921 0.0263774912075029 0.0275498241500586 0.0404454865181712 0.093200468933177 0.0586166471277843 0.0216881594372802 0.0762016412661196 0.0978898007033998 0.0738569753810082 0.063305978898007 0.02989449003517 0.0732708089097304 0.0246189917936694
"cheMyd" 0.0656506447831184 0.0304806565064478 0 0.0310668229777257 0.02989449003517 0.0316529894490035 0.0322391559202814 0.0310668229777257 0.0885111371629543 0.0533411488862837 0.0339976553341149 0.0762016412661196 0.0984759671746776 0.0732708089097304 0.0580304806565064 0.02989449003517 0.0726846424384525 0.0228604923798359
"cheSer" 0.0627198124267292 0.0351699882766706 0.0310668229777257 0 0.0269636576787808 0.0287221570926143 0.0304806565064478 0.0404454865181712 0.0867526377491207 0.0545134818288394 0.02989449003517 0.0720984759671747 0.0926143024618992 0.0756154747948417 0.0586166471277843 0.0281359906213365 0.0662368112543962 0.0269636576787808
"chrPic" 0.0621336459554514 0.0293083235638921 0.02989449003517 0.0269636576787808 0 0.0193434935521688 0.0211019929660023 0.0375146541617819 0.0908558030480656 0.0515826494724502 0.0205158264947245 0.0556858147713951 0.08968347010551 0.0738569753810082 0.0556858147713951 0.0228604923798359 0.0650644783118406 0.00996483001172333
"cuoAmb" 0.0644783118405627 0.0263774912075029 0.0316529894490035 0.0287221570926143 0.0193434935521688 0 0.00703399765533412 0.0392731535756155 0.0926143024618992 0.0556858147713951 0.0211019929660023 0.0679953106682298 0.0914419695193435 0.0738569753810082 0.0580304806565064 0.0246189917936694 0.0697538100820633 0.0216881594372802
"cuoMcc" 0.0674091441969519 0.0275498241500586 0.0322391559202814 0.0304806565064478 0.0211019929660023 0.00703399765533412 0 0.0398593200468933 0.0926143024618992 0.0556858147713951 0.022274325908558 0.0703399765533411 0.0908558030480656 0.0750293083235639 0.0592028135990621 0.0252051582649472 0.0703399765533411 0.0234466588511137
"derCor" 0.0697538100820633 0.0404454865181712 0.0310668229777257 0.0404454865181712 0.0375146541617819 0.0392731535756155 0.0398593200468933 0 0.0937866354044549 0.0556858147713951 0.0392731535756155 0.0844079718640094 0.104337631887456 0.0803048065650645 0.063305978898007 0.0375146541617819 0.0756154747948417 0.0339976553341149
"derMaw" 0.112543962485346 0.093200468933177 0.0885111371629543 0.0867526377491207 0.0908558030480656 0.0926143024618992 0.0926143024618992 0.0937866354044549 0 0.103751465416178 0.0926143024618992 0.101992966002345 0.151817116060961 0.120164126611958 0.110785463071512 0.08968347010551 0.115474794841735 0.0879249706916764
"emySub" 0.0685814771395076 0.0586166471277843 0.0533411488862837 0.0545134818288394 0.0515826494724502 0.0556858147713951 0.0556858147713951 0.0556858147713951 0.103751465416178 0 0.0550996483001172 0.0937866354044549 0.0732708089097304 0.05978898007034 0.0685814771395076 0.0533411488862837 0.0556858147713951 0.0468933177022274
"gopAga" 0.0644783118405627 0.0216881594372802 0.0339976553341149 0.02989449003517 0.0205158264947245 0.0211019929660023 0.022274325908558 0.0392731535756155 0.0926143024618992 0.0550996483001172 0 0.0679953106682298 0.093200468933177 0.074443141852286 0.0592028135990621 0.0252051582649472 0.0668229777256741 0.0240328253223916
"malTer" 0.100820633059789 0.0762016412661196 0.0762016412661196 0.0720984759671747 0.0556858147713951 0.0679953106682298 0.0703399765533411 0.0844079718640094 0.101992966002345 0.0937866354044549 0.0679953106682298 0 0.134232121922626 0.110199296600234 0.0990621336459555 0.0720984759671747 0.104337631887456 0.05978898007034
"mesTub" 0.111957796014068 0.0978898007033998 0.0984759671746776 0.0926143024618992 0.08968347010551 0.0914419695193435 0.0908558030480656 0.104337631887456 0.151817116060961 0.0732708089097304 0.093200468933177 0.134232121922626 0 0.0990621336459555 0.110199296600234 0.0920281359906213 0.0949589683470106 0.0890973036342321
"pelCas" 0.0926143024618992 0.0738569753810082 0.0732708089097304 0.0756154747948417 0.0738569753810082 0.0738569753810082 0.0750293083235639 0.0803048065650645 0.120164126611958 0.05978898007034 0.074443141852286 0.110199296600234 0.0990621336459555 0 0.0832356389214537 0.0750293083235639 0.0609613130128957 0.0697538100820633
"pelSin" 0.0685814771395076 0.063305978898007 0.0580304806565064 0.0586166471277843 0.0556858147713951 0.0580304806565064 0.0592028135990621 0.063305978898007 0.110785463071512 0.0685814771395076 0.0592028135990621 0.0990621336459555 0.110199296600234 0.0832356389214537 0 0.0592028135990621 0.0797186400937866 0.0539273153575615
"plaMeg" 0.0638921453692849 0.02989449003517 0.02989449003517 0.0281359906213365 0.0228604923798359 0.0246189917936694 0.0252051582649472 0.0375146541617819 0.08968347010551 0.0533411488862837 0.0252051582649472 0.0720984759671747 0.0920281359906213 0.0750293083235639 0.0592028135990621 0 0.0691676436107855 0.0211019929660023
"podExp" 0.0832356389214537 0.0732708089097304 0.0726846424384525 0.0662368112543962 0.0650644783118406 0.0697538100820633 0.0703399765533411 0.0756154747948417 0.115474794841735 0.0556858147713951 0.0668229777256741 0.104337631887456 0.0949589683470106 0.0609613130128957 0.0797186400937866 0.0691676436107855 0 0.0668229777256741
"terMex" 0.0592028135990621 0.0246189917936694 0.0228604923798359 0.0269636576787808 0.00996483001172333 0.0216881594372802 0.0234466588511137 0.0339976553341149 0.0879249706916764 0.0468933177022274 0.0240328253223916 0.05978898007034 0.0890973036342321 0.0697538100820633 0.0539273153575615 0.0211019929660023 0.0668229777256741 0
