"cheMyd" "cheSer" "chrPic" "cuoAmb" "cuoMcc" "derMaw" "emySub" "gopAga" "malTer" "mesTub" "pelCas" "pelSin" "plaMeg" "podExp" "terMex"
"cheMyd" 0 0.0174927113702624 0.0262390670553936 0.021379980563654 0.0223517978620019 0.0291545189504373 0.100097181729835 0.0204081632653061 0.0349854227405248 0.075801749271137 0.0456754130223518 0.0583090379008746 0.0165208940719145 0.086491739552964 0.021379980563654
"cheSer" 0.0174927113702624 0 0.0184645286686103 0.0136054421768707 0.0145772594752187 0.0233236151603499 0.0952380952380952 0.0136054421768707 0.0272108843537415 0.0680272108843537 0.0466472303206997 0.0515063168124393 0.0087463556851312 0.0816326530612245 0.0136054421768707
"chrPic" 0.0262390670553936 0.0184645286686103 0 0.0145772594752187 0.0174927113702624 0.032069970845481 0.100097181729835 0.0165208940719145 0.0165208940719145 0.0748299319727891 0.0485908649173955 0.0583090379008746 0.0136054421768707 0.0835762876579203 0.00680272108843537
"cuoAmb" 0.021379980563654 0.0136054421768707 0.0145772594752187 0 0.00680272108843537 0.0252672497570457 0.0971817298347911 0.0116618075801749 0.0252672497570457 0.0699708454810496 0.0466472303206997 0.0515063168124393 0.0087463556851312 0.0816326530612245 0.0116618075801749
"cuoMcc" 0.0223517978620019 0.0145772594752187 0.0174927113702624 0.00680272108843537 0 0.0262390670553936 0.098153547133139 0.0126336248785228 0.0262390670553936 0.0709426627793975 0.0515063168124393 0.0563654033041788 0.00971817298347911 0.0884353741496599 0.0126336248785228
"derMaw" 0.0291545189504373 0.0233236151603499 0.032069970845481 0.0252672497570457 0.0262390670553936 0 0.103012633624879 0.0272108843537415 0.0408163265306122 0.0748299319727891 0.054421768707483 0.0583090379008746 0.0223517978620019 0.0913508260447036 0.0272108843537415
"emySub" 0.100097181729835 0.0952380952380952 0.100097181729835 0.0971817298347911 0.098153547133139 0.103012633624879 0 0.098153547133139 0.107871720116618 0.0699708454810496 0.107871720116618 0.114674441205053 0.0942662779397473 0.140913508260447 0.0971817298347911
"gopAga" 0.0204081632653061 0.0136054421768707 0.0165208940719145 0.0116618075801749 0.0126336248785228 0.0272108843537415 0.098153547133139 0 0.0252672497570457 0.0719144800777454 0.0485908649173955 0.0534499514091351 0.0087463556851312 0.0855199222546161 0.0116618075801749
"malTer" 0.0349854227405248 0.0272108843537415 0.0165208940719145 0.0252672497570457 0.0262390670553936 0.0408163265306122 0.107871720116618 0.0252672497570457 0 0.0826044703595724 0.0592808551992225 0.0689990281827016 0.0223517978620019 0.0942662779397473 0.0155490767735666
"mesTub" 0.075801749271137 0.0680272108843537 0.0748299319727891 0.0699708454810496 0.0709426627793975 0.0748299319727891 0.0699708454810496 0.0719144800777454 0.0826044703595724 0 0.0787172011661808 0.0913508260447036 0.0660835762876579 0.118561710398445 0.0719144800777454
"pelCas" 0.0456754130223518 0.0466472303206997 0.0485908649173955 0.0466472303206997 0.0515063168124393 0.054421768707483 0.107871720116618 0.0485908649173955 0.0592808551992225 0.0787172011661808 0 0.06511175898931 0.0447035957240039 0.0689990281827016 0.0456754130223518
"pelSin" 0.0583090379008746 0.0515063168124393 0.0583090379008746 0.0515063168124393 0.0563654033041788 0.0583090379008746 0.114674441205053 0.0534499514091351 0.0689990281827016 0.0913508260447036 0.06511175898931 0 0.0495626822157434 0.0991253644314869 0.0553935860058309
"plaMeg" 0.0165208940719145 0.0087463556851312 0.0136054421768707 0.0087463556851312 0.00971817298347911 0.0223517978620019 0.0942662779397473 0.0087463556851312 0.0223517978620019 0.0660835762876579 0.0447035957240039 0.0495626822157434 0 0.0816326530612245 0.0087463556851312
"podExp" 0.086491739552964 0.0816326530612245 0.0835762876579203 0.0816326530612245 0.0884353741496599 0.0913508260447036 0.140913508260447 0.0855199222546161 0.0942662779397473 0.118561710398445 0.0689990281827016 0.0991253644314869 0.0816326530612245 0 0.0845481049562682
"terMex" 0.021379980563654 0.0136054421768707 0.00680272108843537 0.0116618075801749 0.0126336248785228 0.0272108843537415 0.0971817298347911 0.0116618075801749 0.0155490767735666 0.0719144800777454 0.0456754130223518 0.0553935860058309 0.0087463556851312 0.0845481049562682 0
