"carIns" "cheAbi" "cheMyd" "cheSer" "chrPic" "cuoAmb" "cuoMcc" "derCor" "derMaw" "emySub" "gopAga" "malTer" "mesTub" "pelCas" "pelSin" "plaMeg" "podExp" "terMex"
"carIns" 0 0.101416853094705 0.0969425801640567 0.10365398956003 0.0969425801640567 0.0961968680089485 0.0961968680089485 0.100671140939597 0.101416853094705 0.10738255033557 0.100671140939597 0.217002237136465 0.110365398956003 0.123788217747949 0.0902311707680835 0.0909768829231916 0.120805369127517 0.0991797166293811
"cheAbi" 0.101416853094705 0 0.0507084265473527 0.0559284116331096 0.0357941834451902 0.0275913497390007 0.0275913497390007 0.0484712900820283 0.0529455630126771 0.075316927665921 0.0208799403430276 0.167039522744221 0.0820283370618941 0.0976882923191648 0.0768083519761372 0.0320656226696495 0.0984340044742729 0.0335570469798658
"cheMyd" 0.0969425801640567 0.0507084265473527 0 0.0395227442207308 0.0372856077554064 0.0380313199105145 0.0417598806860552 0.0178970917225951 0.0372856077554064 0.0708426547352722 0.0469798657718121 0.165548098434004 0.0745712155108128 0.0924683072334079 0.0708426547352722 0.0372856077554064 0.100671140939597 0.0365398956002983
"cheSer" 0.10365398956003 0.0559284116331096 0.0395227442207308 0 0.0417598806860552 0.0447427293064877 0.0447427293064877 0.0410141685309471 0.0432513049962714 0.0693512304250559 0.052199850857569 0.170022371364653 0.0738255033557047 0.0954511558538404 0.0775540641312453 0.0395227442207308 0.0984340044742729 0.0425055928411633
"chrPic" 0.0969425801640567 0.0357941834451902 0.0372856077554064 0.0417598806860552 0 0.0283370618941089 0.029082774049217 0.0357941834451902 0.0410141685309471 0.0686055182699478 0.0335570469798658 0.146905294556301 0.075316927665921 0.0924683072334079 0.0738255033557047 0.0246085011185682 0.0961968680089485 0.0111856823266219
"cuoAmb" 0.0961968680089485 0.0275913497390007 0.0380313199105145 0.0447427293064877 0.0283370618941089 0 0.0156599552572707 0.0380313199105145 0.0425055928411633 0.0693512304250559 0.0253542132736764 0.158090976882923 0.0738255033557047 0.0909768829231916 0.0686055182699478 0.023117076808352 0.0947054436987323 0.0260999254287845
"cuoMcc" 0.0961968680089485 0.0275913497390007 0.0417598806860552 0.0447427293064877 0.029082774049217 0.0156599552572707 0 0.0402684563758389 0.0454884414615958 0.0708426547352722 0.0260999254287845 0.160328113348248 0.075316927665921 0.0961968680089485 0.0723340790454884 0.0238627889634601 0.0969425801640567 0.0268456375838926
"derCor" 0.100671140939597 0.0484712900820283 0.0178970917225951 0.0410141685309471 0.0357941834451902 0.0380313199105145 0.0402684563758389 0 0.0410141685309471 0.075316927665921 0.0417598806860552 0.164056674123788 0.0760626398210291 0.0954511558538404 0.0738255033557047 0.0387770320656227 0.0984340044742729 0.0372856077554064
"derMaw" 0.101416853094705 0.0529455630126771 0.0372856077554064 0.0432513049962714 0.0410141685309471 0.0425055928411633 0.0454884414615958 0.0410141685309471 0 0.0708426547352722 0.0514541387024608 0.168530947054437 0.081282624906786 0.093214019388516 0.0738255033557047 0.0417598806860552 0.0939597315436242 0.0387770320656227
"emySub" 0.10738255033557 0.075316927665921 0.0708426547352722 0.0693512304250559 0.0686055182699478 0.0693512304250559 0.0708426547352722 0.075316927665921 0.0708426547352722 0 0.0760626398210291 0.196868008948546 0.0395227442207308 0.070096942580164 0.0879940343027591 0.0671140939597315 0.0820283370618941 0.0686055182699478
"gopAga" 0.100671140939597 0.0208799403430276 0.0469798657718121 0.052199850857569 0.0335570469798658 0.0253542132736764 0.0260999254287845 0.0417598806860552 0.0514541387024608 0.0760626398210291 0 0.164056674123788 0.0835197613721104 0.0954511558538404 0.0738255033557047 0.0320656226696495 0.0961968680089485 0.0328113348247576
"malTer" 0.217002237136465 0.167039522744221 0.165548098434004 0.170022371364653 0.146905294556301 0.158090976882923 0.160328113348248 0.164056674123788 0.168530947054437 0.196868008948546 0.164056674123788 0 0.19537658463833 0.20730797912006 0.19910514541387 0.155108128262491 0.2110365398956 0.147651006711409
"mesTub" 0.110365398956003 0.0820283370618941 0.0745712155108128 0.0738255033557047 0.075316927665921 0.0738255033557047 0.075316927665921 0.0760626398210291 0.081282624906786 0.0395227442207308 0.0835197613721104 0.19537658463833 0 0.0782997762863535 0.0917225950782998 0.0738255033557047 0.0887397464578673 0.0768083519761372
"pelCas" 0.123788217747949 0.0976882923191648 0.0924683072334079 0.0954511558538404 0.0924683072334079 0.0909768829231916 0.0961968680089485 0.0954511558538404 0.093214019388516 0.070096942580164 0.0954511558538404 0.20730797912006 0.0782997762863535 0 0.108128262490679 0.0947054436987323 0.070096942580164 0.0954511558538404
"pelSin" 0.0902311707680835 0.0768083519761372 0.0708426547352722 0.0775540641312453 0.0738255033557047 0.0686055182699478 0.0723340790454884 0.0738255033557047 0.0738255033557047 0.0879940343027591 0.0738255033557047 0.19910514541387 0.0917225950782998 0.108128262490679 0 0.0663683818046234 0.108873974645787 0.0715883668903803
"plaMeg" 0.0909768829231916 0.0320656226696495 0.0372856077554064 0.0395227442207308 0.0246085011185682 0.023117076808352 0.0238627889634601 0.0387770320656227 0.0417598806860552 0.0671140939597315 0.0320656226696495 0.155108128262491 0.0738255033557047 0.0947054436987323 0.0663683818046234 0 0.0939597315436242 0.023117076808352
"podExp" 0.120805369127517 0.0984340044742729 0.100671140939597 0.0984340044742729 0.0961968680089485 0.0947054436987323 0.0969425801640567 0.0984340044742729 0.0939597315436242 0.0820283370618941 0.0961968680089485 0.2110365398956 0.0887397464578673 0.070096942580164 0.108873974645787 0.0939597315436242 0 0.0999254287844892
"terMex" 0.0991797166293811 0.0335570469798658 0.0365398956002983 0.0425055928411633 0.0111856823266219 0.0260999254287845 0.0268456375838926 0.0372856077554064 0.0387770320656227 0.0686055182699478 0.0328113348247576 0.147651006711409 0.0768083519761372 0.0954511558538404 0.0715883668903803 0.023117076808352 0.0999254287844892 0
