"carIns" "cheAbi" "cheMyd" "cheSer" "chrPic" "cuoAmb" "cuoMcc" "derCor" "derMaw" "emySub" "gopAga" "mesTub" "pelCas" "pelSin" "plaMeg" "podExp" "terMex"
"carIns" 0 0.114982578397213 0.198606271777003 0.103368176538908 0.102206736353078 0.128919860627178 0.137049941927991 0.116144018583043 0.116144018583043 0.117305458768873 0.111498257839721 0.116144018583043 0.139372822299652 0.192799070847851 0.105691056910569 0.148664343786295 0.0963995354239257
"cheAbi" 0.114982578397213 0 0.137049941927991 0.0383275261324042 0.0348432055749129 0.0394889663182346 0.0441347270615563 0.0545876887340302 0.0580720092915215 0.0813008130081301 0.0197444831591173 0.0813008130081301 0.0963995354239257 0.169570267131243 0.024390243902439 0.105691056910569 0.0301974448315912
"cheMyd" 0.198606271777003 0.137049941927991 0 0.13472706155633 0.142857142857143 0.146341463414634 0.138211382113821 0.131242740998839 0.153310104529617 0.181184668989547 0.13588850174216 0.177700348432056 0.185830429732869 0.191637630662021 0.133565621370499 0.192799070847851 0.139372822299652
"cheSer" 0.103368176538908 0.0383275261324042 0.13472706155633 0 0.0348432055749129 0.0499419279907085 0.0580720092915215 0.0464576074332172 0.0441347270615563 0.0696864111498258 0.0371660859465738 0.0673635307781649 0.0894308943089431 0.16144018583043 0.0255516840882695 0.101045296167247 0.0267131242740999
"chrPic" 0.102206736353078 0.0348432055749129 0.142857142857143 0.0348432055749129 0 0.0522648083623693 0.0545876887340302 0.0534262485481998 0.0522648083623693 0.0731707317073171 0.032520325203252 0.0754936120789779 0.0894308943089431 0.16144018583043 0.0209059233449477 0.104529616724739 0.0174216027874564
"cuoAmb" 0.128919860627178 0.0394889663182346 0.146341463414634 0.0499419279907085 0.0522648083623693 0 0.0499419279907085 0.0708478513356562 0.0731707317073171 0.091753774680604 0.040650406504065 0.0894308943089431 0.110336817653891 0.169570267131243 0.0429732868757259 0.120789779326365 0.0418118466898955
"cuoMcc" 0.137049941927991 0.0441347270615563 0.138211382113821 0.0580720092915215 0.0545876887340302 0.0499419279907085 0 0.0731707317073171 0.0743321718931475 0.0963995354239257 0.0418118466898955 0.0963995354239257 0.110336817653891 0.19047619047619 0.0452961672473868 0.118466898954704 0.0511033681765389
"derCor" 0.116144018583043 0.0545876887340302 0.131242740998839 0.0464576074332172 0.0534262485481998 0.0708478513356562 0.0731707317073171 0 0.0603948896631823 0.0929152148664344 0.0557491289198606 0.0905923344947735 0.0963995354239257 0.181184668989547 0.0441347270615563 0.10917537746806 0.0499419279907085
"derMaw" 0.116144018583043 0.0580720092915215 0.153310104529617 0.0441347270615563 0.0522648083623693 0.0731707317073171 0.0743321718931475 0.0603948896631823 0 0.0813008130081301 0.0557491289198606 0.0801393728222996 0.091753774680604 0.173054587688734 0.0464576074332172 0.104529616724739 0.0499419279907085
"emySub" 0.117305458768873 0.0813008130081301 0.181184668989547 0.0696864111498258 0.0731707317073171 0.091753774680604 0.0963995354239257 0.0929152148664344 0.0813008130081301 0 0.0789779326364692 0.0336817653890825 0.0859465737514518 0.174216027874564 0.0696864111498258 0.0952380952380952 0.0650406504065041
"gopAga" 0.111498257839721 0.0197444831591173 0.13588850174216 0.0371660859465738 0.032520325203252 0.040650406504065 0.0418118466898955 0.0557491289198606 0.0557491289198606 0.0789779326364692 0 0.0789779326364692 0.0963995354239257 0.167247386759582 0.0255516840882695 0.104529616724739 0.0267131242740999
"mesTub" 0.116144018583043 0.0813008130081301 0.177700348432056 0.0673635307781649 0.0754936120789779 0.0894308943089431 0.0963995354239257 0.0905923344947735 0.0801393728222996 0.0336817653890825 0.0789779326364692 0 0.0847851335656214 0.176538908246225 0.0696864111498258 0.091753774680604 0.0603948896631823
"pelCas" 0.139372822299652 0.0963995354239257 0.185830429732869 0.0894308943089431 0.0894308943089431 0.110336817653891 0.110336817653891 0.0963995354239257 0.091753774680604 0.0859465737514518 0.0963995354239257 0.0847851335656214 0 0.193960511033682 0.0859465737514518 0.091753774680604 0.0894308943089431
"pelSin" 0.192799070847851 0.169570267131243 0.191637630662021 0.16144018583043 0.16144018583043 0.169570267131243 0.19047619047619 0.181184668989547 0.173054587688734 0.174216027874564 0.167247386759582 0.176538908246225 0.193960511033682 0 0.159117305458769 0.196283391405343 0.159117305458769
"plaMeg" 0.105691056910569 0.024390243902439 0.133565621370499 0.0255516840882695 0.0209059233449477 0.0429732868757259 0.0452961672473868 0.0441347270615563 0.0464576074332172 0.0696864111498258 0.0255516840882695 0.0696864111498258 0.0859465737514518 0.159117305458769 0 0.0963995354239257 0.0174216027874564
"podExp" 0.148664343786295 0.105691056910569 0.192799070847851 0.101045296167247 0.104529616724739 0.120789779326365 0.118466898954704 0.10917537746806 0.104529616724739 0.0952380952380952 0.104529616724739 0.091753774680604 0.091753774680604 0.196283391405343 0.0963995354239257 0 0.101045296167247
"terMex" 0.0963995354239257 0.0301974448315912 0.139372822299652 0.0267131242740999 0.0174216027874564 0.0418118466898955 0.0511033681765389 0.0499419279907085 0.0499419279907085 0.0650406504065041 0.0267131242740999 0.0603948896631823 0.0894308943089431 0.159117305458769 0.0174216027874564 0.101045296167247 0
