"cheAbi" "cheMyd" "chrPic" "derCor" "derMaw" "gopAga" "pelCas" "pelSin" "terMex"
"cheAbi" 0 0.0826121164437451 0.03147128245476 0.029897718332022 0.04720692368214 0.018095987411487 0.0912667191188041 0.145554681353265 0.0613690007867821
"cheMyd" 0.0826121164437451 0 0.0889063729346971 0.0723839496459481 0.0936270653029111 0.0896931549960661 0.132179386309992 0.154209284028324 0.100708103855232
"chrPic" 0.03147128245476 0.0889063729346971 0 0.034618410700236 0.050354051927616 0.036191974822974 0.0944138473642801 0.147128245476003 0.047993705743509
"derCor" 0.029897718332022 0.0723839496459481 0.034618410700236 0 0.044846577498033 0.036978756884343 0.0912667191188041 0.147915027537372 0.0582218725413061
"derMaw" 0.04720692368214 0.0936270653029111 0.050354051927616 0.044846577498033 0 0.051927616050354 0.103855232100708 0.156569630212431 0.0676632572777341
"gopAga" 0.018095987411487 0.0896931549960661 0.036191974822974 0.036978756884343 0.051927616050354 0 0.100708103855232 0.154209284028324 0.0676632572777341
"pelCas" 0.0912667191188041 0.132179386309992 0.0944138473642801 0.0912667191188041 0.103855232100708 0.100708103855232 0 0.169158143194335 0.116443745082612
"pelSin" 0.145554681353265 0.154209284028324 0.147128245476003 0.147915027537372 0.156569630212431 0.154209284028324 0.169158143194335 0 0.166011014948859
"terMex" 0.0613690007867821 0.100708103855232 0.047993705743509 0.0582218725413061 0.0676632572777341 0.0676632572777341 0.116443745082612 0.166011014948859 0
