"carIns" "cheAbi" "cheMyd" "cheSer" "chrPic" "cuoAmb" "cuoMcc" "derCor" "derMaw" "emySub" "gopAga" "malTer" "mesTub" "pelCas" "pelSin" "plaMeg" "terMex"
"carIns" 0 0.117782909930716 0.105080831408776 0.105080831408776 0.110854503464203 0.115473441108545 0.11431870669746 0.103926096997691 0.16743648960739 0.120092378752887 0.11431870669746 0.110854503464203 0.132794457274827 0.13972286374134 0.108545034642032 0.106235565819861 0.107390300230947
"cheAbi" 0.117782909930716 0 0.0484988452655889 0.0508083140877598 0.0519630484988453 0.0254041570438799 0.0207852193995381 0.0508083140877598 0.110854503464203 0.0750577367205543 0.0196304849884527 0.0508083140877598 0.0912240184757506 0.0958429561200924 0.0912240184757506 0.046189376443418 0.0473441108545035
"cheMyd" 0.105080831408776 0.0484988452655889 0 0.0254041570438799 0.035796766743649 0.0496535796766744 0.0450346420323326 0.0184757505773672 0.109699769053118 0.0600461893764434 0.0381062355658199 0.0346420323325635 0.081986143187067 0.0796766743648961 0.0785219399538106 0.0323325635103926 0.035796766743649
"cheSer" 0.105080831408776 0.0508083140877598 0.0254041570438799 0 0.0392609699769053 0.0542725173210162 0.0496535796766744 0.0277136258660508 0.109699769053118 0.0635103926096998 0.0404157043879908 0.0369515011547344 0.0889145496535797 0.0808314087759815 0.0762124711316397 0.0392609699769053 0.0381062355658199
"chrPic" 0.110854503464203 0.0519630484988453 0.035796766743649 0.0392609699769053 0 0.0484988452655889 0.046189376443418 0.0381062355658199 0.120092378752887 0.0658198614318707 0.0404157043879908 0.0046189376443418 0.0877598152424942 0.0831408775981524 0.081986143187067 0.023094688221709 0.0161662817551963
"cuoAmb" 0.115473441108545 0.0254041570438799 0.0496535796766744 0.0542725173210162 0.0484988452655889 0 0.00577367205542725 0.0519630484988453 0.117782909930716 0.0715935334872979 0.0346420323325635 0.0473441108545035 0.0877598152424942 0.092378752886836 0.0946882217090069 0.0427251732101617 0.0438799076212471
"cuoMcc" 0.11431870669746 0.0207852193995381 0.0450346420323326 0.0496535796766744 0.046189376443418 0.00577367205542725 0 0.0473441108545035 0.115473441108545 0.069284064665127 0.0300230946882217 0.0450346420323326 0.0854503464203233 0.0900692840646651 0.0900692840646651 0.0404157043879908 0.0415704387990762
"derCor" 0.103926096997691 0.0508083140877598 0.0184757505773672 0.0277136258660508 0.0381062355658199 0.0519630484988453 0.0473441108545035 0 0.109699769053118 0.0542725173210162 0.0404157043879908 0.0369515011547344 0.0831408775981524 0.0785219399538106 0.0785219399538106 0.0346420323325635 0.0381062355658199
"derMaw" 0.16743648960739 0.110854503464203 0.109699769053118 0.109699769053118 0.120092378752887 0.117782909930716 0.115473441108545 0.109699769053118 0 0.13972286374134 0.113163972286374 0.118937644341801 0.143187066974596 0.158198614318707 0.147806004618938 0.118937644341801 0.122401847575058
"emySub" 0.120092378752887 0.0750577367205543 0.0600461893764434 0.0635103926096998 0.0658198614318707 0.0715935334872979 0.069284064665127 0.0542725173210162 0.13972286374134 0 0.0669745958429561 0.0658198614318707 0.0531177829099307 0.0704387990762125 0.0866050808314088 0.0612009237875289 0.0623556581986143
"gopAga" 0.11431870669746 0.0196304849884527 0.0381062355658199 0.0404157043879908 0.0404157043879908 0.0346420323325635 0.0300230946882217 0.0404157043879908 0.113163972286374 0.0669745958429561 0 0.0392609699769053 0.0912240184757506 0.0877598152424942 0.0808314087759815 0.0334872979214781 0.0369515011547344
"malTer" 0.110854503464203 0.0508083140877598 0.0346420323325635 0.0369515011547344 0.0046189376443418 0.0473441108545035 0.0450346420323326 0.0369515011547344 0.118937644341801 0.0658198614318707 0.0392609699769053 0 0.0877598152424942 0.0831408775981524 0.0808314087759815 0.0219399538106236 0.0161662817551963
"mesTub" 0.132794457274827 0.0912240184757506 0.081986143187067 0.0889145496535797 0.0877598152424942 0.0877598152424942 0.0854503464203233 0.0831408775981524 0.143187066974596 0.0531177829099307 0.0912240184757506 0.0877598152424942 0 0.0969976905311778 0.11662817551963 0.0877598152424942 0.0889145496535797
"pelCas" 0.13972286374134 0.0958429561200924 0.0796766743648961 0.0808314087759815 0.0831408775981524 0.092378752886836 0.0900692840646651 0.0785219399538106 0.158198614318707 0.0704387990762125 0.0877598152424942 0.0831408775981524 0.0969976905311778 0 0.100461893764434 0.0831408775981524 0.0842956120092379
"pelSin" 0.108545034642032 0.0912240184757506 0.0785219399538106 0.0762124711316397 0.081986143187067 0.0946882217090069 0.0900692840646651 0.0785219399538106 0.147806004618938 0.0866050808314088 0.0808314087759815 0.0808314087759815 0.11662817551963 0.100461893764434 0 0.0808314087759815 0.0773672055427252
"plaMeg" 0.106235565819861 0.046189376443418 0.0323325635103926 0.0392609699769053 0.023094688221709 0.0427251732101617 0.0404157043879908 0.0346420323325635 0.118937644341801 0.0612009237875289 0.0334872979214781 0.0219399538106236 0.0877598152424942 0.0831408775981524 0.0808314087759815 0 0.023094688221709
"terMex" 0.107390300230947 0.0473441108545035 0.035796766743649 0.0381062355658199 0.0161662817551963 0.0438799076212471 0.0415704387990762 0.0381062355658199 0.122401847575058 0.0623556581986143 0.0369515011547344 0.0161662817551963 0.0889145496535797 0.0842956120092379 0.0773672055427252 0.023094688221709 0
