"carIns" "cheAbi" "cheMyd" "cheSer" "chrPic" "cuoAmb" "cuoMcc" "derCor" "derMaw" "emySub" "gopAga" "malTer" "mesTub" "pelCas" "pelSin" "plaMeg" "podExp" "terMex"
"carIns" 0 0.141500474833808 0.150997150997151 0.144349477682811 0.135802469135802 0.132003798670465 0.127255460588794 0.188983855650522 0.15954415954416 0.171889838556505 0.147198480531814 0.140550807217474 0.161443494776828 0.183285849952517 0.141500474833808 0.138651471984805 0.191832858499525 0.13960113960114
"cheAbi" 0.141500474833808 0 0.0626780626780627 0.0579297245963913 0.0417853751187085 0.0389363722697056 0.0398860398860399 0.10636277302944 0.0987654320987654 0.115859449192783 0.0265906932573599 0.0398860398860399 0.100664767331434 0.12630579297246 0.0949667616334283 0.0446343779677113 0.134852801519468 0.0417853751187085
"cheMyd" 0.150997150997151 0.0626780626780627 0 0.0617283950617284 0.0522317188983856 0.0560303893637227 0.056980056980057 0.0769230769230769 0.094017094017094 0.11301044634378 0.0655270655270655 0.0588793922127255 0.103513770180437 0.121557454890788 0.0978157644824312 0.0588793922127255 0.123456790123457 0.0598290598290598
"cheSer" 0.144349477682811 0.0579297245963913 0.0617283950617284 0 0.0588793922127255 0.0607787274453941 0.0579297245963913 0.0997150997150997 0.0968660968660969 0.120607787274454 0.0645773979107312 0.0579297245963913 0.108262108262108 0.127255460588794 0.0987654320987654 0.0645773979107312 0.1329534662868 0.0560303893637227
"chrPic" 0.135802469135802 0.0417853751187085 0.0522317188983856 0.0588793922127255 0 0.0294396961063628 0.0341880341880342 0.0997150997150997 0.087369420702754 0.104463437796771 0.0484330484330484 0.0208926875593542 0.0892687559354226 0.117758784425451 0.087369420702754 0.0360873694207028 0.130104463437797 0.0284900284900285
"cuoAmb" 0.132003798670465 0.0389363722697056 0.0560303893637227 0.0607787274453941 0.0294396961063628 0 0.00664767331433998 0.103513770180437 0.0892687559354226 0.102564102564103 0.0484330484330484 0.0379867046533713 0.0854700854700855 0.113960113960114 0.0902184235517569 0.0389363722697056 0.132003798670465 0.0408357075023742
"cuoMcc" 0.127255460588794 0.0398860398860399 0.056980056980057 0.0579297245963913 0.0341880341880342 0.00664767331433998 0 0.102564102564103 0.0864197530864197 0.101614434947768 0.0474833808167142 0.0389363722697056 0.0835707502374169 0.11301044634378 0.087369420702754 0.0398860398860399 0.131054131054131 0.0398860398860399
"derCor" 0.188983855650522 0.10636277302944 0.0769230769230769 0.0997150997150997 0.0997150997150997 0.103513770180437 0.102564102564103 0 0.134852801519468 0.157644824311491 0.103513770180437 0.100664767331434 0.144349477682811 0.156695156695157 0.138651471984805 0.104463437796771 0.170940170940171 0.0997150997150997
"derMaw" 0.15954415954416 0.0987654320987654 0.094017094017094 0.0968660968660969 0.087369420702754 0.0892687559354226 0.0864197530864197 0.134852801519468 0 0.14624881291548 0.0987654320987654 0.0892687559354226 0.133903133903134 0.155745489078822 0.127255460588794 0.0902184235517569 0.165242165242165 0.0930674264007597
"emySub" 0.171889838556505 0.115859449192783 0.11301044634378 0.120607787274454 0.104463437796771 0.102564102564103 0.101614434947768 0.157644824311491 0.14624881291548 0 0.121557454890788 0.110161443494777 0.0493827160493827 0.103513770180437 0.133903133903134 0.113960113960114 0.117758784425451 0.113960113960114
"gopAga" 0.147198480531814 0.0265906932573599 0.0655270655270655 0.0645773979107312 0.0484330484330484 0.0484330484330484 0.0474833808167142 0.103513770180437 0.0987654320987654 0.121557454890788 0 0.0484330484330484 0.105413105413105 0.128205128205128 0.0968660968660969 0.0522317188983856 0.136752136752137 0.0493827160493827
"malTer" 0.140550807217474 0.0398860398860399 0.0588793922127255 0.0579297245963913 0.0208926875593542 0.0379867046533713 0.0389363722697056 0.100664767331434 0.0892687559354226 0.110161443494777 0.0484330484330484 0 0.0949667616334283 0.12630579297246 0.0892687559354226 0.0417853751187085 0.128205128205128 0.0208926875593542
"mesTub" 0.161443494776828 0.100664767331434 0.103513770180437 0.108262108262108 0.0892687559354226 0.0854700854700855 0.0835707502374169 0.144349477682811 0.133903133903134 0.0493827160493827 0.105413105413105 0.0949667616334283 0 0.0854700854700855 0.122507122507123 0.0987654320987654 0.0987654320987654 0.0987654320987654
"pelCas" 0.183285849952517 0.12630579297246 0.121557454890788 0.127255460588794 0.117758784425451 0.113960113960114 0.11301044634378 0.156695156695157 0.155745489078822 0.103513770180437 0.128205128205128 0.12630579297246 0.0854700854700855 0 0.14624881291548 0.123456790123457 0.110161443494777 0.127255460588794
"pelSin" 0.141500474833808 0.0949667616334283 0.0978157644824312 0.0987654320987654 0.087369420702754 0.0902184235517569 0.087369420702754 0.138651471984805 0.127255460588794 0.133903133903134 0.0968660968660969 0.0892687559354226 0.122507122507123 0.14624881291548 0 0.0949667616334283 0.155745489078822 0.0911680911680912
"plaMeg" 0.138651471984805 0.0446343779677113 0.0588793922127255 0.0645773979107312 0.0360873694207028 0.0389363722697056 0.0398860398860399 0.104463437796771 0.0902184235517569 0.113960113960114 0.0522317188983856 0.0417853751187085 0.0987654320987654 0.123456790123457 0.0949667616334283 0 0.137701804368471 0.0455840455840456
"podExp" 0.191832858499525 0.134852801519468 0.123456790123457 0.1329534662868 0.130104463437797 0.132003798670465 0.131054131054131 0.170940170940171 0.165242165242165 0.117758784425451 0.136752136752137 0.128205128205128 0.0987654320987654 0.110161443494777 0.155745489078822 0.137701804368471 0 0.130104463437797
"terMex" 0.13960113960114 0.0417853751187085 0.0598290598290598 0.0560303893637227 0.0284900284900285 0.0408357075023742 0.0398860398860399 0.0997150997150997 0.0930674264007597 0.113960113960114 0.0493827160493827 0.0208926875593542 0.0987654320987654 0.127255460588794 0.0911680911680912 0.0455840455840456 0.130104463437797 0
