"carIns" "cheAbi" "cheMyd" "cheSer" "chrPic" "cuoAmb" "cuoMcc" "derCor" "derMaw" "emySub" "gopAga" "malTer" "mesTub" "pelCas" "pelSin" "plaMeg" "podExp" "terMex"
"carIns" 0 0.147058823529412 0.0874811463046757 0.103318250377074 0.0806938159879336 0.142533936651584 0.153092006033183 0.105580693815988 0.0942684766214178 0.0927601809954751 0.081447963800905 0.20211161387632 0.0897435897435897 0.126696832579186 0.117647058823529 0.079185520361991 0.109351432880845 0.0754147812971342
"cheAbi" 0.147058823529412 0 0.113876319758673 0.126696832579186 0.0987933634992458 0.118401206636501 0.116138763197587 0.124434389140271 0.119909502262443 0.125188536953243 0.0920060331825038 0.18552036199095 0.122926093514329 0.145550527903469 0.154600301659125 0.0995475113122172 0.148567119155354 0.0950226244343891
"cheMyd" 0.0874811463046757 0.113876319758673 0 0.059577677224736 0.0369532428355958 0.111613876319759 0.120663650075415 0.0535444947209653 0.0542986425339367 0.0648567119155355 0.0558069381598793 0.170437405731523 0.0648567119155355 0.0927601809954751 0.100301659125189 0.0384615384615385 0.0867269984917044 0.0346907993966818
"cheSer" 0.103318250377074 0.126696832579186 0.059577677224736 0 0.0497737556561086 0.125188536953243 0.134238310708899 0.0799396681749623 0.059577677224736 0.0754147812971342 0.0610859728506787 0.187782805429864 0.0769230769230769 0.110105580693816 0.100301659125189 0.0482654600301659 0.0995475113122172 0.0460030165912519
"chrPic" 0.0806938159879336 0.0987933634992458 0.0369532428355958 0.0497737556561086 0 0.0987933634992458 0.107088989441931 0.0588235294117647 0.0444947209653092 0.0535444947209653 0.0339366515837104 0.150075414781297 0.0542986425339367 0.0844645550527904 0.0912518853695324 0.0188536953242836 0.0754147812971342 0.00904977375565611
"cuoAmb" 0.142533936651584 0.118401206636501 0.111613876319759 0.125188536953243 0.0987933634992458 0 0.101809954751131 0.128205128205128 0.119155354449472 0.119155354449472 0.0935143288084465 0.184012066365008 0.122926093514329 0.139517345399698 0.155354449472097 0.0957767722473605 0.143288084464555 0.0950226244343891
"cuoMcc" 0.153092006033183 0.116138763197587 0.120663650075415 0.134238310708899 0.107088989441931 0.101809954751131 0 0.131975867269985 0.125942684766214 0.128205128205128 0.102564102564103 0.17948717948718 0.135746606334842 0.142533936651584 0.166666666666667 0.106334841628959 0.150829562594268 0.104072398190045
"derCor" 0.105580693815988 0.124434389140271 0.0535444947209653 0.0799396681749623 0.0588235294117647 0.128205128205128 0.131975867269985 0 0.0761689291101056 0.083710407239819 0.0701357466063348 0.174962292609351 0.083710407239819 0.0987933634992458 0.119909502262443 0.0588235294117647 0.104072398190045 0.0580693815987934
"derMaw" 0.0942684766214178 0.119909502262443 0.0542986425339367 0.059577677224736 0.0444947209653092 0.119155354449472 0.125942684766214 0.0761689291101056 0 0.0723981900452489 0.0542986425339367 0.177978883861237 0.0723981900452489 0.103318250377074 0.110859728506787 0.0422322775263952 0.0904977375565611 0.0407239819004525
"emySub" 0.0927601809954751 0.125188536953243 0.0648567119155355 0.0754147812971342 0.0535444947209653 0.119155354449472 0.128205128205128 0.083710407239819 0.0723981900452489 0 0.0618401206636501 0.183257918552036 0.0279034690799397 0.079185520361991 0.100301659125189 0.0497737556561086 0.0625942684766214 0.0497737556561086
"gopAga" 0.081447963800905 0.0920060331825038 0.0558069381598793 0.0610859728506787 0.0339366515837104 0.0935143288084465 0.102564102564103 0.0701357466063348 0.0542986425339367 0.0618401206636501 0 0.166666666666667 0.0648567119155355 0.0935143288084465 0.102564102564103 0.0331825037707391 0.0822021116138763 0.0294117647058824
"malTer" 0.20211161387632 0.18552036199095 0.170437405731523 0.187782805429864 0.150075414781297 0.184012066365008 0.17948717948718 0.174962292609351 0.177978883861237 0.183257918552036 0.166666666666667 0 0.184012066365008 0.193061840120664 0.209653092006033 0.159879336349925 0.20211161387632 0.15158371040724
"mesTub" 0.0897435897435897 0.122926093514329 0.0648567119155355 0.0769230769230769 0.0542986425339367 0.122926093514329 0.135746606334842 0.083710407239819 0.0723981900452489 0.0279034690799397 0.0648567119155355 0.184012066365008 0 0.0799396681749623 0.105580693815988 0.0535444947209653 0.0656108597285068 0.0505279034690799
"pelCas" 0.126696832579186 0.145550527903469 0.0927601809954751 0.110105580693816 0.0844645550527904 0.139517345399698 0.142533936651584 0.0987933634992458 0.103318250377074 0.079185520361991 0.0935143288084465 0.193061840120664 0.0799396681749623 0 0.1289592760181 0.0844645550527904 0.0822021116138763 0.083710407239819
"pelSin" 0.117647058823529 0.154600301659125 0.100301659125189 0.100301659125189 0.0912518853695324 0.155354449472097 0.166666666666667 0.119909502262443 0.110859728506787 0.100301659125189 0.102564102564103 0.209653092006033 0.105580693815988 0.1289592760181 0 0.0912518853695324 0.117647058823529 0.0874811463046757
"plaMeg" 0.079185520361991 0.0995475113122172 0.0384615384615385 0.0482654600301659 0.0188536953242836 0.0957767722473605 0.106334841628959 0.0588235294117647 0.0422322775263952 0.0497737556561086 0.0331825037707391 0.159879336349925 0.0535444947209653 0.0844645550527904 0.0912518853695324 0 0.0716440422322775 0.0143288084464555
"podExp" 0.109351432880845 0.148567119155354 0.0867269984917044 0.0995475113122172 0.0754147812971342 0.143288084464555 0.150829562594268 0.104072398190045 0.0904977375565611 0.0625942684766214 0.0822021116138763 0.20211161387632 0.0656108597285068 0.0822021116138763 0.117647058823529 0.0716440422322775 0 0.0723981900452489
"terMex" 0.0754147812971342 0.0950226244343891 0.0346907993966818 0.0460030165912519 0.00904977375565611 0.0950226244343891 0.104072398190045 0.0580693815987934 0.0407239819004525 0.0497737556561086 0.0294117647058824 0.15158371040724 0.0505279034690799 0.083710407239819 0.0874811463046757 0.0143288084464555 0.0723981900452489 0
