"carIns" "cheAbi" "cheMyd" "cheSer" "chrPic" "cuoAmb" "cuoMcc" "derCor" "derMaw" "emySub" "gopAga" "malTer" "mesTub" "pelCas" "pelSin" "plaMeg" "podExp" "terMex"
"carIns" 0 0.1 0.109154929577465 0.0936619718309859 0.0943661971830986 0.0908450704225352 0.0929577464788732 0.100704225352113 0.105633802816901 0.114788732394366 0.0992957746478873 0.26830985915493 0.122535211267606 0.126056338028169 0.0880281690140845 0.0908450704225352 0.126056338028169 0.0929577464788732
"cheAbi" 0.1 0 0.0514084507042254 0.0380281690140845 0.0288732394366197 0.0211267605633803 0.0197183098591549 0.0436619718309859 0.05 0.076056338028169 0.021830985915493 0.236619718309859 0.0802816901408451 0.0957746478873239 0.0690140845070423 0.026056338028169 0.0964788732394366 0.0274647887323944
"cheMyd" 0.109154929577465 0.0514084507042254 0 0.0366197183098592 0.0415492957746479 0.0408450704225352 0.0415492957746479 0.0197183098591549 0.05 0.0845070422535211 0.0507042253521127 0.230281690140845 0.0873239436619718 0.100704225352113 0.0753521126760563 0.0366197183098592 0.104929577464789 0.0387323943661972
"cheSer" 0.0936619718309859 0.0380281690140845 0.0366197183098592 0 0.0288732394366197 0.0288732394366197 0.028169014084507 0.0274647887323944 0.0387323943661972 0.0704225352112676 0.0359154929577465 0.22887323943662 0.073943661971831 0.0894366197183099 0.0626760563380282 0.0246478873239437 0.0901408450704225 0.0274647887323944
"chrPic" 0.0943661971830986 0.0288732394366197 0.0415492957746479 0.0288732394366197 0 0.0190140845070423 0.0197183098591549 0.0309859154929577 0.0408450704225352 0.0676056338028169 0.0274647887323944 0.220422535211268 0.0711267605633803 0.0845070422535211 0.0591549295774648 0.0133802816901408 0.0873239436619718 0.00845070422535211
"cuoAmb" 0.0908450704225352 0.0211267605633803 0.0408450704225352 0.0288732394366197 0.0190140845070423 0 0.00704225352112676 0.0316901408450704 0.0408450704225352 0.0690140845070423 0.0204225352112676 0.230281690140845 0.071830985915493 0.0816901408450704 0.0591549295774648 0.0140845070422535 0.0866197183098592 0.0176056338028169
"cuoMcc" 0.0929577464788732 0.0197183098591549 0.0415492957746479 0.028169014084507 0.0197183098591549 0.00704225352112676 0 0.0323943661971831 0.0422535211267606 0.0683098591549296 0.0197183098591549 0.230281690140845 0.0711267605633803 0.0830985915492958 0.0598591549295775 0.0147887323943662 0.0852112676056338 0.0183098591549296
"derCor" 0.100704225352113 0.0436619718309859 0.0197183098591549 0.0274647887323944 0.0309859154929577 0.0316901408450704 0.0323943661971831 0 0.0443661971830986 0.0732394366197183 0.0401408450704225 0.226056338028169 0.0767605633802817 0.0887323943661972 0.0640845070422535 0.0274647887323944 0.0943661971830986 0.0302816901408451
"derMaw" 0.105633802816901 0.05 0.05 0.0387323943661972 0.0408450704225352 0.0408450704225352 0.0422535211267606 0.0443661971830986 0 0.0753521126760563 0.05 0.235211267605634 0.0795774647887324 0.0922535211267606 0.073943661971831 0.0387323943661972 0.0992957746478873 0.0401408450704225
"emySub" 0.114788732394366 0.076056338028169 0.0845070422535211 0.0704225352112676 0.0676056338028169 0.0690140845070423 0.0683098591549296 0.0732394366197183 0.0753521126760563 0 0.0725352112676056 0.240845070422535 0.0380281690140845 0.078169014084507 0.0830985915492958 0.0669014084507042 0.0753521126760563 0.0669014084507042
"gopAga" 0.0992957746478873 0.021830985915493 0.0507042253521127 0.0359154929577465 0.0274647887323944 0.0204225352112676 0.0197183098591549 0.0401408450704225 0.05 0.0725352112676056 0 0.230985915492958 0.076056338028169 0.0901408450704225 0.0619718309859155 0.0246478873239437 0.0929577464788732 0.026056338028169
"malTer" 0.26830985915493 0.236619718309859 0.230281690140845 0.22887323943662 0.220422535211268 0.230281690140845 0.230281690140845 0.226056338028169 0.235211267605634 0.240845070422535 0.230985915492958 0 0.242957746478873 0.256338028169014 0.241549295774648 0.223943661971831 0.26056338028169 0.223239436619718
"mesTub" 0.122535211267606 0.0802816901408451 0.0873239436619718 0.073943661971831 0.0711267605633803 0.071830985915493 0.0711267605633803 0.0767605633802817 0.0795774647887324 0.0380281690140845 0.076056338028169 0.242957746478873 0 0.0838028169014085 0.0823943661971831 0.0704225352112676 0.0859154929577465 0.0690140845070423
"pelCas" 0.126056338028169 0.0957746478873239 0.100704225352113 0.0894366197183099 0.0845070422535211 0.0816901408450704 0.0830985915492958 0.0887323943661972 0.0922535211267606 0.078169014084507 0.0901408450704225 0.256338028169014 0.0838028169014085 0 0.0894366197183099 0.0838028169014085 0.0683098591549296 0.0852112676056338
"pelSin" 0.0880281690140845 0.0690140845070423 0.0753521126760563 0.0626760563380282 0.0591549295774648 0.0591549295774648 0.0598591549295775 0.0640845070422535 0.073943661971831 0.0830985915492958 0.0619718309859155 0.241549295774648 0.0823943661971831 0.0894366197183099 0 0.0577464788732394 0.0880281690140845 0.0605633802816901
"plaMeg" 0.0908450704225352 0.026056338028169 0.0366197183098592 0.0246478873239437 0.0133802816901408 0.0140845070422535 0.0147887323943662 0.0274647887323944 0.0387323943661972 0.0669014084507042 0.0246478873239437 0.223943661971831 0.0704225352112676 0.0838028169014085 0.0577464788732394 0 0.0873239436619718 0.0133802816901408
"podExp" 0.126056338028169 0.0964788732394366 0.104929577464789 0.0901408450704225 0.0873239436619718 0.0866197183098592 0.0852112676056338 0.0943661971830986 0.0992957746478873 0.0753521126760563 0.0929577464788732 0.26056338028169 0.0859154929577465 0.0683098591549296 0.0880281690140845 0.0873239436619718 0 0.0880281690140845
"terMex" 0.0929577464788732 0.0274647887323944 0.0387323943661972 0.0274647887323944 0.00845070422535211 0.0176056338028169 0.0183098591549296 0.0302816901408451 0.0401408450704225 0.0669014084507042 0.026056338028169 0.223239436619718 0.0690140845070423 0.0852112676056338 0.0605633802816901 0.0133802816901408 0.0880281690140845 0
