"carIns" "cheAbi" "cheMyd" "cheSer" "chrPic" "cuoAmb" "cuoMcc" "derCor" "derMaw" "emySub" "gopAga" "malTer" "mesTub" "pelCas" "pelSin" "plaMeg" "podExp"
"carIns" 0 0.109947643979058 0.153328347045625 0.0979805534779357 0.100972326103216 0.106207928197457 0.100224382946896 0.0987284966342558 0.112191473448018 0.118922961854899 0.112939416604338 0.101720269259536 0.120418848167539 0.130142109199701 0.18997756170531 0.0912490650710546 0.134629768137622
"cheAbi" 0.109947643979058 0 0.107703814510097 0.0531039640987285 0.0344053851907255 0.0254300673148841 0.0209424083769634 0.056095736724009 0.0598354525056096 0.0912490650710546 0.0254300673148841 0.0359012715033657 0.0949887808526552 0.106955871353777 0.174270755422588 0.0366492146596859 0.104712041884817
"cheMyd" 0.153328347045625 0.107703814510097 0 0.0964846671652954 0.0942408376963351 0.104712041884817 0.100972326103216 0.0905011219147345 0.105459985041137 0.139865370231862 0.107703814510097 0.0927449513836948 0.142857142857143 0.150336574420344 0.212415856394914 0.0927449513836948 0.157816005983545
"cheSer" 0.0979805534779357 0.0531039640987285 0.0964846671652954 0 0.0396409872849663 0.0471204188481675 0.0441286462228871 0.0433807030665669 0.0493642483171279 0.0852655198204936 0.0531039640987285 0.037397157816006 0.0912490650710546 0.0972326103216156 0.162303664921466 0.0351533283470456 0.103964098728497
"chrPic" 0.100972326103216 0.0344053851907255 0.0942408376963351 0.0396409872849663 0 0.0284218399401645 0.0239341810022438 0.0448765893792072 0.0456245325355273 0.0785340314136126 0.0344053851907255 0.00673148840688108 0.0845175766641735 0.0987284966342558 0.160807778608826 0.0231862378459237 0.0979805534779357
"cuoAmb" 0.106207928197457 0.0254300673148841 0.104712041884817 0.0471204188481675 0.0284218399401645 0 0.00598354525056096 0.0508601346297681 0.0553477935676889 0.0890052356020942 0.0216903515332835 0.0306656694091249 0.0890052356020942 0.104712041884817 0.172026925953628 0.0276738967838444 0.104712041884817
"cuoMcc" 0.100224382946896 0.0209424083769634 0.100972326103216 0.0441286462228871 0.0239341810022438 0.00598354525056096 0 0.0478683620044877 0.0508601346297681 0.0845175766641735 0.0194465220643231 0.0261780104712042 0.0845175766641735 0.100972326103216 0.166791323859387 0.024682124158564 0.101720269259536
"derCor" 0.0987284966342558 0.056095736724009 0.0905011219147345 0.0433807030665669 0.0448765893792072 0.0508601346297681 0.0478683620044877 0 0.0545998504113687 0.0845175766641735 0.056095736724009 0.0456245325355273 0.0822737471952132 0.0979805534779357 0.161555721765146 0.0396409872849663 0.106207928197457
"derMaw" 0.112191473448018 0.0598354525056096 0.105459985041137 0.0493642483171279 0.0456245325355273 0.0553477935676889 0.0508601346297681 0.0545998504113687 0 0.0912490650710546 0.0643231114435303 0.0463724756918474 0.093492894540015 0.103964098728497 0.169035153328347 0.0448765893792072 0.105459985041137
"emySub" 0.118922961854899 0.0912490650710546 0.139865370231862 0.0852655198204936 0.0785340314136126 0.0890052356020942 0.0845175766641735 0.0845175766641735 0.0912490650710546 0 0.0912490650710546 0.0777860882572924 0.0426327599102468 0.0718025430067315 0.175766641735228 0.0785340314136126 0.0792819745699327
"gopAga" 0.112939416604338 0.0254300673148841 0.107703814510097 0.0531039640987285 0.0344053851907255 0.0216903515332835 0.0194465220643231 0.056095736724009 0.0643231114435303 0.0912490650710546 0 0.0366492146596859 0.093492894540015 0.107703814510097 0.174270755422588 0.0381451009723261 0.107703814510097
"malTer" 0.101720269259536 0.0359012715033657 0.0927449513836948 0.037397157816006 0.00673148840688108 0.0306656694091249 0.0261780104712042 0.0456245325355273 0.0463724756918474 0.0777860882572924 0.0366492146596859 0 0.0852655198204936 0.0979805534779357 0.160807778608826 0.0239341810022438 0.0972326103216156
"mesTub" 0.120418848167539 0.0949887808526552 0.142857142857143 0.0912490650710546 0.0845175766641735 0.0890052356020942 0.0845175766641735 0.0822737471952132 0.093492894540015 0.0426327599102468 0.093492894540015 0.0852655198204936 0 0.0718025430067315 0.181750186985789 0.0800299177262528 0.0890052356020942
"pelCas" 0.130142109199701 0.106955871353777 0.150336574420344 0.0972326103216156 0.0987284966342558 0.104712041884817 0.100972326103216 0.0979805534779357 0.103964098728497 0.0718025430067315 0.107703814510097 0.0979805534779357 0.0718025430067315 0 0.18922961854899 0.0949887808526552 0.0732984293193717
"pelSin" 0.18997756170531 0.174270755422588 0.212415856394914 0.162303664921466 0.160807778608826 0.172026925953628 0.166791323859387 0.161555721765146 0.169035153328347 0.175766641735228 0.174270755422588 0.160807778608826 0.181750186985789 0.18922961854899 0 0.164547494390426 0.204936424831713
"plaMeg" 0.0912490650710546 0.0366492146596859 0.0927449513836948 0.0351533283470456 0.0231862378459237 0.0276738967838444 0.024682124158564 0.0396409872849663 0.0448765893792072 0.0785340314136126 0.0381451009723261 0.0239341810022438 0.0800299177262528 0.0949887808526552 0.164547494390426 0 0.093492894540015
"podExp" 0.134629768137622 0.104712041884817 0.157816005983545 0.103964098728497 0.0979805534779357 0.104712041884817 0.101720269259536 0.106207928197457 0.105459985041137 0.0792819745699327 0.107703814510097 0.0972326103216156 0.0890052356020942 0.0732984293193717 0.204936424831713 0.093492894540015 0
