"carIns" "cheAbi" "cheMyd" "cheSer" "chrPic" "cuoAmb" "cuoMcc" "derMaw" "emySub" "gopAga" "malTer" "mesTub" "pelCas" "pelSin" "podExp" "terMex"
"carIns" 0 0.0763005780346821 0.0739884393063584 0.0797687861271676 0.0739884393063584 0.0763005780346821 0.0763005780346821 0.0820809248554913 0.0832369942196532 0.0763005780346821 0.0728323699421965 0.0809248554913295 0.0959537572254335 0.0786127167630058 0.100578034682081 0.0705202312138728
"cheAbi" 0.0763005780346821 0 0.0300578034682081 0.0265895953757225 0.0161849710982659 0.015028901734104 0.015028901734104 0.0323699421965318 0.0439306358381503 0.015028901734104 0.015028901734104 0.0439306358381503 0.0543352601156069 0.0473988439306358 0.0739884393063584 0.0161849710982659
"cheMyd" 0.0739884393063584 0.0300578034682081 0 0.0265895953757225 0.0242774566473988 0.0242774566473988 0.0242774566473988 0.0300578034682081 0.0404624277456647 0.0265895953757225 0.023121387283237 0.0358381502890173 0.0508670520231214 0.046242774566474 0.0705202312138728 0.0196531791907514
"cheSer" 0.0797687861271676 0.0265895953757225 0.0265895953757225 0 0.0173410404624277 0.0208092485549133 0.0208092485549133 0.0289017341040462 0.0416184971098266 0.023121387283237 0.0161849710982659 0.0416184971098266 0.0554913294797688 0.0450867052023121 0.0728323699421965 0.0173410404624277
"chrPic" 0.0739884393063584 0.0161849710982659 0.0242774566473988 0.0173410404624277 0 0.0104046242774566 0.0104046242774566 0.0254335260115607 0.0369942196531792 0.0127167630057803 0.00115606936416185 0.0369942196531792 0.0497109826589595 0.0416184971098266 0.0670520231213873 0.0046242774566474
"cuoAmb" 0.0763005780346821 0.015028901734104 0.0242774566473988 0.0208092485549133 0.0104046242774566 0 0.0023121387283237 0.0242774566473988 0.0404624277456647 0.0092485549132948 0.0092485549132948 0.0358381502890173 0.0485549132947977 0.0416184971098266 0.0670520231213873 0.0104046242774566
"cuoMcc" 0.0763005780346821 0.015028901734104 0.0242774566473988 0.0208092485549133 0.0104046242774566 0.0023121387283237 0 0.0265895953757225 0.0404624277456647 0.0092485549132948 0.0092485549132948 0.0358381502890173 0.0485549132947977 0.0439306358381503 0.0682080924855491 0.0104046242774566
"derMaw" 0.0820809248554913 0.0323699421965318 0.0300578034682081 0.0289017341040462 0.0254335260115607 0.0242774566473988 0.0265895953757225 0 0.046242774566474 0.0289017341040462 0.0242774566473988 0.0439306358381503 0.0554913294797688 0.046242774566474 0.069364161849711 0.023121387283237
"emySub" 0.0832369942196532 0.0439306358381503 0.0404624277456647 0.0416184971098266 0.0369942196531792 0.0404624277456647 0.0404624277456647 0.046242774566474 0 0.0427745664739884 0.0358381502890173 0.0173410404624277 0.0427745664739884 0.0589595375722543 0.0589595375722543 0.0346820809248555
"gopAga" 0.0763005780346821 0.015028901734104 0.0265895953757225 0.023121387283237 0.0127167630057803 0.0092485549132948 0.0092485549132948 0.0289017341040462 0.0427745664739884 0 0.0115606936416185 0.0404624277456647 0.0554913294797688 0.0485549132947977 0.0728323699421965 0.0127167630057803
"malTer" 0.0728323699421965 0.015028901734104 0.023121387283237 0.0161849710982659 0.00115606936416185 0.0092485549132948 0.0092485549132948 0.0242774566473988 0.0358381502890173 0.0115606936416185 0 0.0358381502890173 0.0485549132947977 0.0404624277456647 0.0658959537572254 0.00346820809248555
"mesTub" 0.0809248554913295 0.0439306358381503 0.0358381502890173 0.0416184971098266 0.0369942196531792 0.0358381502890173 0.0358381502890173 0.0439306358381503 0.0173410404624277 0.0404624277456647 0.0358381502890173 0 0.0427745664739884 0.0589595375722543 0.0601156069364162 0.0346820809248555
"pelCas" 0.0959537572254335 0.0543352601156069 0.0508670520231214 0.0554913294797688 0.0497109826589595 0.0485549132947977 0.0485549132947977 0.0554913294797688 0.0427745664739884 0.0554913294797688 0.0485549132947977 0.0427745664739884 0 0.0658959537572254 0.0485549132947977 0.0473988439306358
"pelSin" 0.0786127167630058 0.0473988439306358 0.046242774566474 0.0450867052023121 0.0416184971098266 0.0416184971098266 0.0439306358381503 0.046242774566474 0.0589595375722543 0.0485549132947977 0.0404624277456647 0.0589595375722543 0.0658959537572254 0 0.0786127167630058 0.0369942196531792
"podExp" 0.100578034682081 0.0739884393063584 0.0705202312138728 0.0728323699421965 0.0670520231213873 0.0670520231213873 0.0682080924855491 0.069364161849711 0.0589595375722543 0.0728323699421965 0.0658959537572254 0.0601156069364162 0.0485549132947977 0.0786127167630058 0 0.0647398843930636
"terMex" 0.0705202312138728 0.0161849710982659 0.0196531791907514 0.0173410404624277 0.0046242774566474 0.0104046242774566 0.0104046242774566 0.023121387283237 0.0346820809248555 0.0127167630057803 0.00346820809248555 0.0346820809248555 0.0473988439306358 0.0369942196531792 0.0647398843930636 0
