"carIns" "cheAbi" "cheMyd" "cheSer" "chrPic" "cuoAmb" "cuoMcc" "derMaw" "emySub" "gopAga" "malTer" "mesTub" "pelCas" "pelSin" "plaMeg" "podExp" "terMex"
"carIns" 0 0.0655307994757536 0.136304062909568 0.0576671035386632 0.0602883355176933 0.0642201834862385 0.0602883355176933 0.0655307994757536 0.072083879423329 0.0694626474442988 0.0602883355176933 0.0707732634338139 0.0773263433813893 0.124508519003932 0.0576671035386632 0.0812581913499345 0.0576671035386632
"cheAbi" 0.0655307994757536 0 0.108781127129751 0.0301441677588467 0.018348623853211 0.0144167758846658 0.0157273918741809 0.0393184796854522 0.0511140235910878 0.0117955439056356 0.018348623853211 0.0602883355176933 0.0655307994757536 0.128440366972477 0.0157273918741809 0.0655307994757536 0.018348623853211
"cheMyd" 0.136304062909568 0.108781127129751 0 0.108781127129751 0.107470511140236 0.110091743119266 0.108781127129751 0.119266055045872 0.128440366972477 0.112712975098296 0.107470511140236 0.133682830930537 0.134993446920052 0.153342070773263 0.107470511140236 0.150720838794233 0.107470511140236
"cheSer" 0.0576671035386632 0.0301441677588467 0.108781127129751 0 0.0235910878112713 0.0262123197903014 0.0249017038007864 0.0327653997378768 0.0471821756225426 0.0340760157273919 0.0235910878112713 0.0524246395806029 0.0576671035386632 0.123197903014417 0.0222804718217562 0.0668414154652687 0.0249017038007864
"chrPic" 0.0602883355176933 0.018348623853211 0.107470511140236 0.0235910878112713 0 0.0117955439056356 0.0157273918741809 0.0353866317169069 0.0458715596330275 0.0222804718217562 0 0.0524246395806029 0.0629095674967235 0.116644823066841 0.0104849279161206 0.0655307994757536 0.00786369593709043
"cuoAmb" 0.0642201834862385 0.0144167758846658 0.110091743119266 0.0262123197903014 0.0117955439056356 0 0.00393184796854522 0.0353866317169069 0.0445609436435125 0.018348623853211 0.0117955439056356 0.0511140235910878 0.0615989515072084 0.124508519003932 0.0091743119266055 0.0642201834862385 0.0117955439056356
"cuoMcc" 0.0602883355176933 0.0157273918741809 0.108781127129751 0.0249017038007864 0.0157273918741809 0.00393184796854522 0 0.0340760157273919 0.0458715596330275 0.0170380078636959 0.0157273918741809 0.055045871559633 0.0576671035386632 0.123197903014417 0.0104849279161206 0.0629095674967235 0.0157273918741809
"derMaw" 0.0655307994757536 0.0393184796854522 0.119266055045872 0.0327653997378768 0.0353866317169069 0.0353866317169069 0.0340760157273919 0 0.0576671035386632 0.0419397116644823 0.0353866317169069 0.0668414154652687 0.073394495412844 0.129750982961992 0.0353866317169069 0.0747051114023591 0.0353866317169069
"emySub" 0.072083879423329 0.0511140235910878 0.128440366972477 0.0471821756225426 0.0458715596330275 0.0445609436435125 0.0458715596330275 0.0576671035386632 0 0.055045871559633 0.0458715596330275 0.0249017038007864 0.0458715596330275 0.124508519003932 0.0419397116644823 0.0589777195281782 0.0445609436435125
"gopAga" 0.0694626474442988 0.0117955439056356 0.112712975098296 0.0340760157273919 0.0222804718217562 0.018348623853211 0.0170380078636959 0.0419397116644823 0.055045871559633 0 0.0222804718217562 0.0642201834862385 0.0642201834862385 0.129750982961992 0.0196592398427261 0.0694626474442988 0.0222804718217562
"malTer" 0.0602883355176933 0.018348623853211 0.107470511140236 0.0235910878112713 0 0.0117955439056356 0.0157273918741809 0.0353866317169069 0.0458715596330275 0.0222804718217562 0 0.0524246395806029 0.0629095674967235 0.116644823066841 0.0104849279161206 0.0655307994757536 0.00786369593709043
"mesTub" 0.0707732634338139 0.0602883355176933 0.133682830930537 0.0524246395806029 0.0524246395806029 0.0511140235910878 0.055045871559633 0.0668414154652687 0.0249017038007864 0.0642201834862385 0.0524246395806029 0 0.0563564875491481 0.129750982961992 0.0511140235910878 0.0694626474442988 0.0484927916120577
"pelCas" 0.0773263433813893 0.0655307994757536 0.134993446920052 0.0576671035386632 0.0629095674967235 0.0615989515072084 0.0576671035386632 0.073394495412844 0.0458715596330275 0.0642201834862385 0.0629095674967235 0.0563564875491481 0 0.144167758846658 0.0589777195281782 0.0602883355176933 0.0615989515072084
"pelSin" 0.124508519003932 0.128440366972477 0.153342070773263 0.123197903014417 0.116644823066841 0.124508519003932 0.123197903014417 0.129750982961992 0.124508519003932 0.129750982961992 0.116644823066841 0.129750982961992 0.144167758846658 0 0.117955439056356 0.131061598951507 0.114023591087811
"plaMeg" 0.0576671035386632 0.0157273918741809 0.107470511140236 0.0222804718217562 0.0104849279161206 0.0091743119266055 0.0104849279161206 0.0353866317169069 0.0419397116644823 0.0196592398427261 0.0104849279161206 0.0511140235910878 0.0589777195281782 0.117955439056356 0 0.0642201834862385 0.00786369593709043
"podExp" 0.0812581913499345 0.0655307994757536 0.150720838794233 0.0668414154652687 0.0655307994757536 0.0642201834862385 0.0629095674967235 0.0747051114023591 0.0589777195281782 0.0694626474442988 0.0655307994757536 0.0694626474442988 0.0602883355176933 0.131061598951507 0.0642201834862385 0 0.0668414154652687
"terMex" 0.0576671035386632 0.018348623853211 0.107470511140236 0.0249017038007864 0.00786369593709043 0.0117955439056356 0.0157273918741809 0.0353866317169069 0.0445609436435125 0.0222804718217562 0.00786369593709043 0.0484927916120577 0.0615989515072084 0.114023591087811 0.00786369593709043 0.0668414154652687 0
