"carIns" "cheAbi" "cheMyd" "cheSer" "chrPic" "cuoAmb" "cuoMcc" "derCor" "derMaw" "emySub" "gopAga" "malTer" "mesTub" "pelCas" "pelSin" "plaMeg" "podExp"
"carIns" 0 0.10972850678733 0.110859728506787 0.0916289592760181 0.0938914027149321 0.0961538461538462 0.0882352941176471 0.113122171945701 0.100678733031674 0.10972850678733 0.0984162895927602 0.0938914027149321 0.113122171945701 0.125565610859729 0.0938914027149321 0.0950226244343891 0.14027149321267
"cheAbi" 0.10972850678733 0 0.0735294117647059 0.0667420814479638 0.0599547511312217 0.0407239819004525 0.0475113122171946 0.0882352941176471 0.0746606334841629 0.0995475113122172 0.0576923076923077 0.0656108597285068 0.0904977375565611 0.100678733031674 0.100678733031674 0.0690045248868778 0.107466063348416
"cheMyd" 0.110859728506787 0.0735294117647059 0 0.0656108597285068 0.0644796380090498 0.0690045248868778 0.0599547511312217 0.0746606334841629 0.0723981900452489 0.0984162895927602 0.0882352941176471 0.0723981900452489 0.0916289592760181 0.101809954751131 0.104072398190045 0.0542986425339367 0.113122171945701
"cheSer" 0.0916289592760181 0.0667420814479638 0.0656108597285068 0 0.0418552036199095 0.0407239819004525 0.0361990950226244 0.0644796380090498 0.0520361990950226 0.0723981900452489 0.0576923076923077 0.0486425339366516 0.080316742081448 0.0927601809954751 0.0769230769230769 0.0509049773755656 0.106334841628959
"chrPic" 0.0938914027149321 0.0599547511312217 0.0644796380090498 0.0418552036199095 0 0.0339366515837104 0.0350678733031674 0.0644796380090498 0.0486425339366516 0.0735294117647059 0.0599547511312217 0.0294117647058824 0.079185520361991 0.0927601809954751 0.0735294117647059 0.0463800904977376 0.108597285067873
"cuoAmb" 0.0961538461538462 0.0407239819004525 0.0690045248868778 0.0407239819004525 0.0339366515837104 0 0.0203619909502262 0.0633484162895928 0.0520361990950226 0.079185520361991 0.0429864253393665 0.0350678733031674 0.079185520361991 0.0961538461538462 0.079185520361991 0.0531674208144796 0.105203619909502
"cuoMcc" 0.0882352941176471 0.0475113122171946 0.0599547511312217 0.0361990950226244 0.0350678733031674 0.0203619909502262 0 0.0656108597285068 0.0486425339366516 0.0723981900452489 0.0418552036199095 0.0384615384615385 0.0746606334841629 0.100678733031674 0.0746606334841629 0.0452488687782805 0.106334841628959
"derCor" 0.113122171945701 0.0882352941176471 0.0746606334841629 0.0644796380090498 0.0644796380090498 0.0633484162895928 0.0656108597285068 0 0.0746606334841629 0.0961538461538462 0.082579185520362 0.0690045248868778 0.0938914027149321 0.117647058823529 0.106334841628959 0.0769230769230769 0.130090497737557
"derMaw" 0.100678733031674 0.0746606334841629 0.0723981900452489 0.0520361990950226 0.0486425339366516 0.0520361990950226 0.0486425339366516 0.0746606334841629 0 0.084841628959276 0.0622171945701357 0.0542986425339367 0.083710407239819 0.102941176470588 0.085972850678733 0.0588235294117647 0.114253393665158
"emySub" 0.10972850678733 0.0995475113122172 0.0984162895927602 0.0723981900452489 0.0735294117647059 0.079185520361991 0.0723981900452489 0.0961538461538462 0.084841628959276 0 0.0893665158371041 0.0769230769230769 0.0542986425339367 0.0904977375565611 0.108597285067873 0.083710407239819 0.104072398190045
"gopAga" 0.0984162895927602 0.0576923076923077 0.0882352941176471 0.0576923076923077 0.0599547511312217 0.0429864253393665 0.0418552036199095 0.082579185520362 0.0622171945701357 0.0893665158371041 0 0.0509049773755656 0.0938914027149321 0.114253393665158 0.082579185520362 0.0723981900452489 0.116515837104072
"malTer" 0.0938914027149321 0.0656108597285068 0.0723981900452489 0.0486425339366516 0.0294117647058824 0.0350678733031674 0.0384615384615385 0.0690045248868778 0.0542986425339367 0.0769230769230769 0.0509049773755656 0 0.085972850678733 0.104072398190045 0.082579185520362 0.0599547511312217 0.110859728506787
"mesTub" 0.113122171945701 0.0904977375565611 0.0916289592760181 0.080316742081448 0.079185520361991 0.079185520361991 0.0746606334841629 0.0938914027149321 0.083710407239819 0.0542986425339367 0.0938914027149321 0.085972850678733 0 0.0950226244343891 0.111990950226244 0.079185520361991 0.104072398190045
"pelCas" 0.125565610859729 0.100678733031674 0.101809954751131 0.0927601809954751 0.0927601809954751 0.0961538461538462 0.100678733031674 0.117647058823529 0.102941176470588 0.0904977375565611 0.114253393665158 0.104072398190045 0.0950226244343891 0 0.127828054298643 0.0938914027149321 0.081447963800905
"pelSin" 0.0938914027149321 0.100678733031674 0.104072398190045 0.0769230769230769 0.0735294117647059 0.079185520361991 0.0746606334841629 0.106334841628959 0.085972850678733 0.108597285067873 0.082579185520362 0.082579185520362 0.111990950226244 0.127828054298643 0 0.08710407239819 0.136877828054299
"plaMeg" 0.0950226244343891 0.0690045248868778 0.0542986425339367 0.0509049773755656 0.0463800904977376 0.0531674208144796 0.0452488687782805 0.0769230769230769 0.0588235294117647 0.083710407239819 0.0723981900452489 0.0599547511312217 0.079185520361991 0.0938914027149321 0.08710407239819 0 0.104072398190045
"podExp" 0.14027149321267 0.107466063348416 0.113122171945701 0.106334841628959 0.108597285067873 0.105203619909502 0.106334841628959 0.130090497737557 0.114253393665158 0.104072398190045 0.116515837104072 0.110859728506787 0.104072398190045 0.081447963800905 0.136877828054299 0.104072398190045 0
