"carIns" "cheAbi" "cheMyd" "chrPic" "cuoAmb" "cuoMcc" "derCor" "emySub" "gopAga" "malTer" "mesTub" "pelCas" "pelSin" "plaMeg" "podExp" "terMex"
"carIns" 0 0.171503957783641 0.158311345646438 0.264731750219877 0.329815303430079 0.165347405452946 0.163588390501319 0.171503957783641 0.159190853122252 0.157431838170624 0.179419525065963 0.19613016710642 0.176781002638522 0.153034300791557 0.199648197009675 0.156552330694811
"cheAbi" 0.171503957783641 0 0.0905892700087951 0.205804749340369 0.272647317502199 0.0958663148636763 0.0949868073878628 0.124890061565523 0.0738786279683377 0.088830255057168 0.119613016710642 0.136323658751099 0.116974494283201 0.0826737027264732 0.148636763412489 0.0897097625329815
"cheMyd" 0.158311345646438 0.0905892700087951 0 0.144239226033421 0.217238346525945 0.0422163588390501 0.0184696569920844 0.0624450307827617 0.029023746701847 0.0246262093227792 0.0536499560246262 0.0738786279683377 0.0686015831134565 0.0211081794195251 0.0897097625329815 0.0255057167985928
"chrPic" 0.264731750219877 0.205804749340369 0.144239226033421 0 0.33509234828496 0.159190853122252 0.146877748460862 0.175901495162709 0.142480211081794 0.129287598944591 0.170624450307828 0.190853122251539 0.182058047493404 0.137203166226913 0.197889182058047 0.139841688654354
"cuoAmb" 0.329815303430079 0.272647317502199 0.217238346525945 0.33509234828496 0 0.218997361477573 0.218997361477573 0.24802110817942 0.20844327176781 0.216358839050132 0.238346525945471 0.252418645558487 0.247141600703606 0.210202286719437 0.260334212840809 0.218997361477573
"cuoMcc" 0.165347405452946 0.0958663148636763 0.0422163588390501 0.159190853122252 0.218997361477573 0 0.0430958663148637 0.0606860158311346 0.0325417766051011 0.0413368513632366 0.06948109058927 0.0914687774846086 0.0782761653474054 0.0343007915567282 0.102022867194371 0.040457343887423
"derCor" 0.163588390501319 0.0949868073878628 0.0184696569920844 0.146877748460862 0.218997361477573 0.0430958663148637 0 0.059806508355321 0.0316622691292876 0.0272647317502199 0.0545294635004398 0.0765171503957784 0.0677220756376429 0.0237467018469657 0.088830255057168 0.0281442392260334
"emySub" 0.171503957783641 0.124890061565523 0.0624450307827617 0.175901495162709 0.24802110817942 0.0606860158311346 0.059806508355321 0 0.0633245382585752 0.059806508355321 0.0439753737906772 0.0800351802990325 0.0958663148636763 0.0554089709762533 0.0897097625329815 0.0615655233069481
"gopAga" 0.159190853122252 0.0738786279683377 0.029023746701847 0.142480211081794 0.20844327176781 0.0325417766051011 0.0316622691292876 0.0633245382585752 0 0.0263852242744063 0.0580474934036939 0.0800351802990325 0.0650835532102023 0.0175901495162709 0.0905892700087951 0.0272647317502199
"malTer" 0.157431838170624 0.088830255057168 0.0246262093227792 0.129287598944591 0.216358839050132 0.0413368513632366 0.0272647317502199 0.059806508355321 0.0263852242744063 0 0.0527704485488127 0.0729991204925242 0.0659630606860158 0.0175901495162709 0.0879507475813544 0.0184696569920844
"mesTub" 0.179419525065963 0.119613016710642 0.0536499560246262 0.170624450307828 0.238346525945471 0.06948109058927 0.0545294635004398 0.0439753737906772 0.0580474934036939 0.0527704485488127 0 0.0721196130167106 0.0905892700087951 0.050131926121372 0.088830255057168 0.0536499560246262
"pelCas" 0.19613016710642 0.136323658751099 0.0738786279683377 0.190853122251539 0.252418645558487 0.0914687774846086 0.0765171503957784 0.0800351802990325 0.0800351802990325 0.0729991204925242 0.0721196130167106 0 0.103781882145998 0.0712401055408971 0.0800351802990325 0.0756376429199648
"pelSin" 0.176781002638522 0.116974494283201 0.0686015831134565 0.182058047493404 0.247141600703606 0.0782761653474054 0.0677220756376429 0.0958663148636763 0.0650835532102023 0.0659630606860158 0.0905892700087951 0.103781882145998 0 0.0615655233069481 0.113456464379947 0.0668425681618294
"plaMeg" 0.153034300791557 0.0826737027264732 0.0211081794195251 0.137203166226913 0.210202286719437 0.0343007915567282 0.0237467018469657 0.0554089709762533 0.0175901495162709 0.0175901495162709 0.050131926121372 0.0712401055408971 0.0615655233069481 0 0.0844327176781003 0.0184696569920844
"podExp" 0.199648197009675 0.148636763412489 0.0897097625329815 0.197889182058047 0.260334212840809 0.102022867194371 0.088830255057168 0.0897097625329815 0.0905892700087951 0.0879507475813544 0.088830255057168 0.0800351802990325 0.113456464379947 0.0844327176781003 0 0.0897097625329815
"terMex" 0.156552330694811 0.0897097625329815 0.0255057167985928 0.139841688654354 0.218997361477573 0.040457343887423 0.0281442392260334 0.0615655233069481 0.0272647317502199 0.0184696569920844 0.0536499560246262 0.0756376429199648 0.0668425681618294 0.0184696569920844 0.0897097625329815 0
