"cheAbi" "cheMyd" "cheSer" "chrPic" "cuoMcc" "derCor" "derMaw" "emySub" "gopAga" "malTer" "pelCas" "pelSin" "plaMeg" "podExp" "terMex"
"cheAbi" 0 0.0299319727891156 0.0251700680272109 0.0142857142857143 0.0129251700680272 0.0319727891156463 0.0224489795918367 0.045578231292517 0.0122448979591837 0.0115646258503401 0.0489795918367347 0.0510204081632653 0.0115646258503401 0.0693877551020408 0.0122448979591837
"cheMyd" 0.0299319727891156 0 0.0292517006802721 0.0292517006802721 0.0319727891156463 0.0142857142857143 0.027891156462585 0.0551020408163265 0.0306122448979592 0.027891156462585 0.0585034013605442 0.0591836734693878 0.026530612244898 0.0789115646258503 0.0285714285714286
"cheSer" 0.0251700680272109 0.0292517006802721 0 0.0238095238095238 0.0258503401360544 0.0312925170068027 0.0217687074829932 0.0476190476190476 0.0258503401360544 0.0238095238095238 0.0482993197278912 0.0496598639455782 0.019047619047619 0.0693877551020408 0.0224489795918367
"chrPic" 0.0142857142857143 0.0292517006802721 0.0238095238095238 0 0.0149659863945578 0.0326530612244898 0.0204081632653061 0.045578231292517 0.0156462585034014 0.00408163265306122 0.0510204081632653 0.0510204081632653 0.0122448979591837 0.0700680272108844 0.0115646258503401
"cuoMcc" 0.0129251700680272 0.0319727891156463 0.0258503401360544 0.0149659863945578 0 0.0326530612244898 0.0217687074829932 0.0448979591836735 0.0156462585034014 0.0136054421768707 0.0476190476190476 0.0503401360544218 0.0122448979591837 0.0666666666666667 0.0156462585034014
"derCor" 0.0319727891156463 0.0142857142857143 0.0312925170068027 0.0326530612244898 0.0326530612244898 0 0.0299319727891156 0.0557823129251701 0.0326530612244898 0.0312925170068027 0.0591836734693878 0.0605442176870748 0.0285714285714286 0.0802721088435374 0.0306122448979592
"derMaw" 0.0224489795918367 0.027891156462585 0.0217687074829932 0.0204081632653061 0.0217687074829932 0.0299319727891156 0 0.0476190476190476 0.0238095238095238 0.0204081632653061 0.0503401360544218 0.0496598639455782 0.019047619047619 0.0714285714285714 0.0197278911564626
"emySub" 0.045578231292517 0.0551020408163265 0.0476190476190476 0.045578231292517 0.0448979591836735 0.0557823129251701 0.0476190476190476 0 0.0469387755102041 0.0462585034013605 0.0435374149659864 0.0666666666666667 0.0408163265306122 0.0591836734693878 0.0448979591836735
"gopAga" 0.0122448979591837 0.0306122448979592 0.0258503401360544 0.0156462585034014 0.0156462585034014 0.0326530612244898 0.0238095238095238 0.0469387755102041 0 0.0129251700680272 0.0496598639455782 0.0523809523809524 0.0129251700680272 0.0687074829931973 0.0136054421768707
"malTer" 0.0115646258503401 0.027891156462585 0.0238095238095238 0.00408163265306122 0.0136054421768707 0.0312925170068027 0.0204081632653061 0.0462585034013605 0.0129251700680272 0 0.0510204081632653 0.0503401360544218 0.0108843537414966 0.0700680272108844 0.0102040816326531
"pelCas" 0.0489795918367347 0.0585034013605442 0.0482993197278912 0.0510204081632653 0.0476190476190476 0.0591836734693878 0.0503401360544218 0.0435374149659864 0.0496598639455782 0.0510204081632653 0 0.0727891156462585 0.0482993197278912 0.0442176870748299 0.0503401360544218
"pelSin" 0.0510204081632653 0.0591836734693878 0.0496598639455782 0.0510204081632653 0.0503401360544218 0.0605442176870748 0.0496598639455782 0.0666666666666667 0.0523809523809524 0.0503401360544218 0.0727891156462585 0 0.0462585034013605 0.0884353741496599 0.0476190476190476
"plaMeg" 0.0115646258503401 0.026530612244898 0.019047619047619 0.0122448979591837 0.0122448979591837 0.0285714285714286 0.019047619047619 0.0408163265306122 0.0129251700680272 0.0108843537414966 0.0482993197278912 0.0462585034013605 0 0.0659863945578231 0.0102040816326531
"podExp" 0.0693877551020408 0.0789115646258503 0.0693877551020408 0.0700680272108844 0.0666666666666667 0.0802721088435374 0.0714285714285714 0.0591836734693878 0.0687074829931973 0.0700680272108844 0.0442176870748299 0.0884353741496599 0.0659863945578231 0 0.0707482993197279
"terMex" 0.0122448979591837 0.0285714285714286 0.0224489795918367 0.0115646258503401 0.0156462585034014 0.0306122448979592 0.0197278911564626 0.0448979591836735 0.0136054421768707 0.0102040816326531 0.0503401360544218 0.0476190476190476 0.0102040816326531 0.0707482993197279 0
