"cheAbi" "cheSer" "chrPic" "derMaw" "emySub" "gopAga" "mesTub" "pelSin" "plaMeg" "podExp" "terMex"
"cheAbi" 0 0.133009708737864 0.029126213592233 0.133980582524272 0.0631067961165049 0.0203883495145631 0.0718446601941748 0.0757281553398058 0.0184466019417476 0.19126213592233 0.151456310679612
"cheSer" 0.133009708737864 0 0.131067961165049 0.157281553398058 0.152427184466019 0.13495145631068 0.166990291262136 0.166990291262136 0.123300970873786 0.276699029126214 0.249514563106796
"chrPic" 0.029126213592233 0.131067961165049 0 0.13495145631068 0.0592233009708738 0.0223300970873786 0.0728155339805825 0.0718446601941748 0.0106796116504854 0.188349514563107 0.135922330097087
"derMaw" 0.133980582524272 0.157281553398058 0.13495145631068 0 0.155339805825243 0.135922330097087 0.168932038834951 0.171844660194175 0.125242718446602 0.278640776699029 0.257281553398058
"emySub" 0.0631067961165049 0.152427184466019 0.0592233009708738 0.155339805825243 0 0.0601941747572816 0.0388349514563107 0.0922330097087379 0.0504854368932039 0.17378640776699 0.17378640776699
"gopAga" 0.0203883495145631 0.13495145631068 0.0223300970873786 0.135922330097087 0.0601941747572816 0 0.0718446601941748 0.0728155339805825 0.0116504854368932 0.189320388349515 0.14368932038835
"mesTub" 0.0718446601941748 0.166990291262136 0.0728155339805825 0.168932038834951 0.0388349514563107 0.0718446601941748 0 0.1 0.0621359223300971 0.176699029126214 0.180582524271845
"pelSin" 0.0757281553398058 0.166990291262136 0.0718446601941748 0.171844660194175 0.0922330097087379 0.0728155339805825 0.1 0 0.0650485436893204 0.198058252427184 0.181553398058252
"plaMeg" 0.0184466019417476 0.123300970873786 0.0106796116504854 0.125242718446602 0.0504854368932039 0.0116504854368932 0.0621359223300971 0.0650485436893204 0 0.18252427184466 0.13495145631068
"podExp" 0.19126213592233 0.276699029126214 0.188349514563107 0.278640776699029 0.17378640776699 0.189320388349515 0.176699029126214 0.198058252427184 0.18252427184466 0 0.193203883495146
"terMex" 0.151456310679612 0.249514563106796 0.135922330097087 0.257281553398058 0.17378640776699 0.14368932038835 0.180582524271845 0.181553398058252 0.13495145631068 0.193203883495146 0
