"carIns" "cheAbi" "cheMyd" "cheSer" "chrPic" "cuoAmb" "cuoMcc" "derCor" "derMaw" "emySub" "gopAga" "malTer" "mesTub" "pelCas" "pelSin" "plaMeg" "podExp" "terMex"
"carIns" 0 0.0699685534591195 0.0613207547169811 0.0589622641509434 0.0613207547169811 0.0621069182389937 0.0621069182389937 0.065251572327044 0.0589622641509434 0.0676100628930818 0.0668238993710692 0.059748427672956 0.0707547169811321 0.0668238993710692 0.0628930817610063 0.059748427672956 0.0723270440251572 0.0589622641509434
"cheAbi" 0.0699685534591195 0 0.0361635220125786 0.0377358490566038 0.0235849056603774 0.0188679245283019 0.0180817610062893 0.0400943396226415 0.0424528301886792 0.0636792452830189 0.0251572327044025 0.0259433962264151 0.0668238993710692 0.0691823899371069 0.0660377358490566 0.0243710691823899 0.0683962264150943 0.0251572327044025
"cheMyd" 0.0613207547169811 0.0361635220125786 0 0.0235849056603774 0.0243710691823899 0.029874213836478 0.0290880503144654 0.0157232704402516 0.0338050314465409 0.0542452830188679 0.0369496855345912 0.0251572327044025 0.0526729559748428 0.0581761006289308 0.0550314465408805 0.0220125786163522 0.065251572327044 0.0267295597484277
"cheSer" 0.0589622641509434 0.0377358490566038 0.0235849056603774 0 0.0243710691823899 0.0283018867924528 0.0275157232704403 0.0275157232704403 0.0275157232704403 0.0526729559748428 0.0322327044025157 0.0251572327044025 0.0534591194968553 0.0573899371069182 0.0542452830188679 0.0235849056603774 0.0613207547169811 0.0243710691823899
"chrPic" 0.0613207547169811 0.0235849056603774 0.0243710691823899 0.0243710691823899 0 0.0172955974842767 0.014937106918239 0.0283018867924528 0.0314465408805031 0.0542452830188679 0.0227987421383648 0.00393081761006289 0.0550314465408805 0.0636792452830189 0.0558176100628931 0.0125786163522013 0.065251572327044 0.0102201257861635
"cuoAmb" 0.0621069182389937 0.0188679245283019 0.029874213836478 0.0283018867924528 0.0172955974842767 0 0.00550314465408805 0.0338050314465409 0.0322327044025157 0.0550314465408805 0.0165094339622642 0.0196540880503145 0.0581761006289308 0.059748427672956 0.0558176100628931 0.0196540880503145 0.0628930817610063 0.0172955974842767
"cuoMcc" 0.0621069182389937 0.0180817610062893 0.0290880503144654 0.0275157232704403 0.014937106918239 0.00550314465408805 0 0.0330188679245283 0.0330188679245283 0.0550314465408805 0.0157232704402516 0.0172955974842767 0.0566037735849057 0.059748427672956 0.0573899371069182 0.0172955974842767 0.065251572327044 0.014937106918239
"derCor" 0.065251572327044 0.0400943396226415 0.0157232704402516 0.0275157232704403 0.0283018867924528 0.0338050314465409 0.0330188679245283 0 0.035377358490566 0.0589622641509434 0.0393081761006289 0.0290880503144654 0.0581761006289308 0.0660377358490566 0.0589622641509434 0.0259433962264151 0.0691823899371069 0.0322327044025157
"derMaw" 0.0589622641509434 0.0424528301886792 0.0338050314465409 0.0275157232704403 0.0314465408805031 0.0322327044025157 0.0330188679245283 0.035377358490566 0 0.0558176100628931 0.0385220125786164 0.0345911949685535 0.059748427672956 0.0668238993710692 0.0573899371069182 0.035377358490566 0.0683962264150943 0.0330188679245283
"emySub" 0.0676100628930818 0.0636792452830189 0.0542452830188679 0.0526729559748428 0.0542452830188679 0.0550314465408805 0.0550314465408805 0.0589622641509434 0.0558176100628931 0 0.0613207547169811 0.0558176100628931 0.0361635220125786 0.0621069182389937 0.0581761006289308 0.0542452830188679 0.065251572327044 0.0526729559748428
"gopAga" 0.0668238993710692 0.0251572327044025 0.0369496855345912 0.0322327044025157 0.0227987421383648 0.0165094339622642 0.0157232704402516 0.0393081761006289 0.0385220125786164 0.0613207547169811 0 0.0251572327044025 0.0628930817610063 0.0660377358490566 0.0636792452830189 0.0235849056603774 0.0707547169811321 0.0235849056603774
"malTer" 0.059748427672956 0.0259433962264151 0.0251572327044025 0.0251572327044025 0.00393081761006289 0.0196540880503145 0.0172955974842767 0.0290880503144654 0.0345911949685535 0.0558176100628931 0.0251572327044025 0 0.0542452830188679 0.0613207547169811 0.0550314465408805 0.0125786163522013 0.065251572327044 0.0125786163522013
"mesTub" 0.0707547169811321 0.0668238993710692 0.0526729559748428 0.0534591194968553 0.0550314465408805 0.0581761006289308 0.0566037735849057 0.0581761006289308 0.059748427672956 0.0361635220125786 0.0628930817610063 0.0542452830188679 0 0.0573899371069182 0.059748427672956 0.0518867924528302 0.0676100628930818 0.0542452830188679
"pelCas" 0.0668238993710692 0.0691823899371069 0.0581761006289308 0.0573899371069182 0.0636792452830189 0.059748427672956 0.059748427672956 0.0660377358490566 0.0668238993710692 0.0621069182389937 0.0660377358490566 0.0613207547169811 0.0573899371069182 0 0.0644654088050314 0.0558176100628931 0.0526729559748428 0.059748427672956
"pelSin" 0.0628930817610063 0.0660377358490566 0.0550314465408805 0.0542452830188679 0.0558176100628931 0.0558176100628931 0.0573899371069182 0.0589622641509434 0.0573899371069182 0.0581761006289308 0.0636792452830189 0.0550314465408805 0.059748427672956 0.0644654088050314 0 0.0566037735849057 0.0676100628930818 0.0534591194968553
"plaMeg" 0.059748427672956 0.0243710691823899 0.0220125786163522 0.0235849056603774 0.0125786163522013 0.0196540880503145 0.0172955974842767 0.0259433962264151 0.035377358490566 0.0542452830188679 0.0235849056603774 0.0125786163522013 0.0518867924528302 0.0558176100628931 0.0566037735849057 0 0.0644654088050314 0.014937106918239
"podExp" 0.0723270440251572 0.0683962264150943 0.065251572327044 0.0613207547169811 0.065251572327044 0.0628930817610063 0.065251572327044 0.0691823899371069 0.0683962264150943 0.065251572327044 0.0707547169811321 0.065251572327044 0.0676100628930818 0.0526729559748428 0.0676100628930818 0.0644654088050314 0 0.065251572327044
"terMex" 0.0589622641509434 0.0251572327044025 0.0267295597484277 0.0243710691823899 0.0102201257861635 0.0172955974842767 0.014937106918239 0.0322327044025157 0.0330188679245283 0.0526729559748428 0.0235849056603774 0.0125786163522013 0.0542452830188679 0.059748427672956 0.0534591194968553 0.014937106918239 0.065251572327044 0
