"carIns" "cheAbi" "cheMyd" "cheSer" "chrPic" "cuoAmb" "cuoMcc" "derCor" "derMaw" "emySub" "gopAga" "malTer" "mesTub" "pelCas" "pelSin" "plaMeg" "podExp" "terMex"
"carIns" 0 0.111876075731497 0.104417670682731 0.110154905335628 0.10671256454389 0.104991394148021 0.10671256454389 0.10671256454389 0.110154905335628 0.122203098106713 0.108433734939759 0.117039586919105 0.122203098106713 0.137119908204246 0.139414802065404 0.100401606425703 0.132530120481928 0.102122776821572
"cheAbi" 0.111876075731497 0 0.0344234079173838 0.0464716006884682 0.0395869191049914 0.0235226620768789 0.0240963855421687 0.0395869191049914 0.0533562822719449 0.0728628800917958 0.0258175559380379 0.0481927710843374 0.0763052208835341 0.0883534136546185 0.104417670682731 0.0235226620768789 0.0917957544463569 0.0258175559380379
"cheMyd" 0.104417670682731 0.0344234079173838 0 0.0344234079173838 0.0349971313826736 0.0252438324727481 0.0269650028686173 0.0154905335628227 0.0378657487091222 0.0636833046471601 0.0321285140562249 0.044750430292599 0.0648307515777395 0.0803212851405622 0.0952380952380952 0.0177854274239816 0.0814687320711417 0.0223752151462995
"cheSer" 0.110154905335628 0.0464716006884682 0.0344234079173838 0 0.0464716006884682 0.036144578313253 0.0401606425702811 0.0395869191049914 0.0493402180149168 0.0705679862306368 0.0476190476190476 0.0545037292025244 0.0717154331612163 0.087205966724039 0.103843947217441 0.029833620195066 0.093516924842226 0.0344234079173838
"chrPic" 0.10671256454389 0.0395869191049914 0.0349971313826736 0.0464716006884682 0 0.0315547905909352 0.0327022375215146 0.04245553643144 0.0493402180149168 0.074584050487665 0.0384394721744119 0.0160642570281124 0.0757314974182444 0.0883534136546185 0.107860011474469 0.0218014916810098 0.0952380952380952 0.0183591508892714
"cuoAmb" 0.104991394148021 0.0235226620768789 0.0252438324727481 0.036144578313253 0.0315547905909352 0 0.0074584050487665 0.0321285140562249 0.0441767068273092 0.065978198508319 0.0240963855421687 0.0401606425702811 0.0671256454388985 0.0831899024670109 0.0952380952380952 0.0166379804934022 0.0866322432587493 0.0189328743545611
"cuoMcc" 0.10671256454389 0.0240963855421687 0.0269650028686173 0.0401606425702811 0.0327022375215146 0.0074584050487665 0 0.0338496844520941 0.0458978772231784 0.0665519219736087 0.0246701090074584 0.0413080895008606 0.0676993689041882 0.0814687320711417 0.095811818703385 0.0172117039586919 0.0860585197934595 0.0195065978198508
"derCor" 0.10671256454389 0.0395869191049914 0.0154905335628227 0.0395869191049914 0.04245553643144 0.0321285140562249 0.0338496844520941 0 0.0441767068273092 0.0699942627653471 0.0401606425702811 0.051061388410786 0.0699942627653471 0.0854847963281698 0.102696500286862 0.0263912794033276 0.0877796901893287 0.029833620195066
"derMaw" 0.110154905335628 0.0533562822719449 0.0378657487091222 0.0493402180149168 0.0493402180149168 0.0441767068273092 0.0458978772231784 0.0441767068273092 0 0.0757314974182444 0.0545037292025244 0.059667240390132 0.0757314974182444 0.0883534136546185 0.10671256454389 0.0372920252438325 0.0917957544463569 0.0413080895008606
"emySub" 0.122203098106713 0.0728628800917958 0.0636833046471601 0.0705679862306368 0.074584050487665 0.065978198508319 0.0665519219736087 0.0699942627653471 0.0757314974182444 0 0.0699942627653471 0.0831899024670109 0.0436029833620195 0.0671256454388985 0.112449799196787 0.0585197934595525 0.0768789443488239 0.0613884107860012
"gopAga" 0.108433734939759 0.0258175559380379 0.0321285140562249 0.0476190476190476 0.0384394721744119 0.0240963855421687 0.0246701090074584 0.0401606425702811 0.0545037292025244 0.0699942627653471 0 0.0458978772231784 0.074584050487665 0.0895008605851979 0.0986804360298336 0.0235226620768789 0.0895008605851979 0.0258175559380379
"malTer" 0.117039586919105 0.0481927710843374 0.044750430292599 0.0545037292025244 0.0160642570281124 0.0401606425702811 0.0413080895008606 0.051061388410786 0.059667240390132 0.0831899024670109 0.0458978772231784 0 0.0843373493975904 0.0986804360298336 0.115318416523236 0.0315547905909352 0.104417670682731 0.0281124497991968
"mesTub" 0.122203098106713 0.0763052208835341 0.0648307515777395 0.0717154331612163 0.0757314974182444 0.0671256454388985 0.0676993689041882 0.0699942627653471 0.0757314974182444 0.0436029833620195 0.074584050487665 0.0843373493975904 0 0.0734366035570855 0.10728628800918 0.059667240390132 0.0797475616752725 0.0631095811818703
"pelCas" 0.137119908204246 0.0883534136546185 0.0803212851405622 0.087205966724039 0.0883534136546185 0.0831899024670109 0.0814687320711417 0.0854847963281698 0.0883534136546185 0.0671256454388985 0.0895008605851979 0.0986804360298336 0.0734366035570855 0 0.12679288582903 0.0711417096959266 0.0682730923694779 0.0768789443488239
"pelSin" 0.139414802065404 0.104417670682731 0.0952380952380952 0.103843947217441 0.107860011474469 0.0952380952380952 0.095811818703385 0.102696500286862 0.10671256454389 0.112449799196787 0.0986804360298336 0.115318416523236 0.10728628800918 0.12679288582903 0 0.0917957544463569 0.1285140562249 0.0946643717728055
"plaMeg" 0.100401606425703 0.0235226620768789 0.0177854274239816 0.029833620195066 0.0218014916810098 0.0166379804934022 0.0172117039586919 0.0263912794033276 0.0372920252438325 0.0585197934595525 0.0235226620768789 0.0315547905909352 0.059667240390132 0.0711417096959266 0.0917957544463569 0 0.078600114744693 0.00803212851405622
"podExp" 0.132530120481928 0.0917957544463569 0.0814687320711417 0.093516924842226 0.0952380952380952 0.0866322432587493 0.0860585197934595 0.0877796901893287 0.0917957544463569 0.0768789443488239 0.0895008605851979 0.104417670682731 0.0797475616752725 0.0682730923694779 0.1285140562249 0.078600114744693 0 0.0814687320711417
"terMex" 0.102122776821572 0.0258175559380379 0.0223752151462995 0.0344234079173838 0.0183591508892714 0.0189328743545611 0.0195065978198508 0.029833620195066 0.0413080895008606 0.0613884107860012 0.0258175559380379 0.0281124497991968 0.0631095811818703 0.0768789443488239 0.0946643717728055 0.00803212851405622 0.0814687320711417 0
