"carIns" "cheAbi" "cheMyd" "cheSer" "chrPic" "cuoMcc" "derCor" "derMaw" "emySub" "gopAga" "malTer" "mesTub" "pelCas" "pelSin" "plaMeg" "podExp" "terMex"
"carIns" 0 0.0765492102065614 0.0729040097205346 0.0668286755771567 0.0741190765492102 0.0801944106925881 0.117861482381531 0.0789793438639125 0.0886998784933171 0.0765492102065614 0.0753341433778858 0.0826245443499393 0.094775212636695 0.0801944106925881 0.0729040097205346 0.094775212636695 0.0741190765492102
"cheAbi" 0.0765492102065614 0 0.0267314702308627 0.0255164034021871 0.0109356014580802 0.00972053462940462 0.0765492102065614 0.0352369380315917 0.0498177399756987 0.00850546780072904 0.0121506682867558 0.0413122721749696 0.0522478736330498 0.0486026731470231 0.0145808019441069 0.0534629404617254 0.0109356014580802
"cheMyd" 0.0729040097205346 0.0267314702308627 0 0.0157958687727825 0.0206561360874848 0.0267314702308627 0.0643985419198056 0.0291616038882139 0.0498177399756987 0.0279465370595383 0.0218712029161604 0.0388821385176185 0.0522478736330498 0.0522478736330498 0.0218712029161604 0.0498177399756987 0.0206561360874848
"cheSer" 0.0668286755771567 0.0255164034021871 0.0157958687727825 0 0.0194410692588092 0.0243013365735115 0.06318347509113 0.0279465370595383 0.0473876063183475 0.0243013365735115 0.0206561360874848 0.0376670716889429 0.0473876063183475 0.0461725394896719 0.0206561360874848 0.0437424058323208 0.0194410692588092
"chrPic" 0.0741190765492102 0.0109356014580802 0.0206561360874848 0.0194410692588092 0 0.0109356014580802 0.0704738760631835 0.0291616038882139 0.0437424058323208 0.00972053462940462 0.00121506682867558 0.0376670716889429 0.0486026731470231 0.0425273390036452 0.00850546780072904 0.0498177399756987 0.00486026731470231
"cuoMcc" 0.0801944106925881 0.00972053462940462 0.0267314702308627 0.0243013365735115 0.0109356014580802 0 0.0765492102065614 0.0340218712029162 0.0498177399756987 0.0109356014580802 0.0121506682867558 0.0437424058323208 0.0522478736330498 0.0486026731470231 0.0145808019441069 0.0558930741190765 0.0109356014580802
"derCor" 0.117861482381531 0.0765492102065614 0.0643985419198056 0.06318347509113 0.0704738760631835 0.0765492102065614 0 0.0765492102065614 0.0923450789793439 0.0777642770352369 0.071688942891859 0.0850546780072904 0.0959902794653706 0.094775212636695 0.0704738760631835 0.0959902794653706 0.0704738760631835
"derMaw" 0.0789793438639125 0.0352369380315917 0.0291616038882139 0.0279465370595383 0.0291616038882139 0.0340218712029162 0.0765492102065614 0 0.0534629404617254 0.0340218712029162 0.0303766707168894 0.0486026731470231 0.0607533414337789 0.0607533414337789 0.0328068043742406 0.0619684082624544 0.031591737545565
"emySub" 0.0886998784933171 0.0498177399756987 0.0498177399756987 0.0473876063183475 0.0437424058323208 0.0498177399756987 0.0923450789793439 0.0534629404617254 0 0.0510328068043742 0.0449574726609964 0.0279465370595383 0.0425273390036452 0.06318347509113 0.0425273390036452 0.0498177399756987 0.0461725394896719
"gopAga" 0.0765492102065614 0.00850546780072904 0.0279465370595383 0.0243013365735115 0.00972053462940462 0.0109356014580802 0.0777642770352369 0.0340218712029162 0.0510328068043742 0 0.0109356014580802 0.0449574726609964 0.0558930741190765 0.0473876063183475 0.0157958687727825 0.054678007290401 0.0121506682867558
"malTer" 0.0753341433778858 0.0121506682867558 0.0218712029161604 0.0206561360874848 0.00121506682867558 0.0121506682867558 0.071688942891859 0.0303766707168894 0.0449574726609964 0.0109356014580802 0 0.0388821385176185 0.0498177399756987 0.0437424058323208 0.00972053462940462 0.0510328068043742 0.00607533414337789
"mesTub" 0.0826245443499393 0.0413122721749696 0.0388821385176185 0.0376670716889429 0.0376670716889429 0.0437424058323208 0.0850546780072904 0.0486026731470231 0.0279465370595383 0.0449574726609964 0.0388821385176185 0 0.0352369380315917 0.0522478736330498 0.0364520048602673 0.0388821385176185 0.0376670716889429
"pelCas" 0.094775212636695 0.0522478736330498 0.0522478736330498 0.0473876063183475 0.0486026731470231 0.0522478736330498 0.0959902794653706 0.0607533414337789 0.0425273390036452 0.0558930741190765 0.0498177399756987 0.0352369380315917 0 0.0704738760631835 0.0449574726609964 0.031591737545565 0.0461725394896719
"pelSin" 0.0801944106925881 0.0486026731470231 0.0522478736330498 0.0461725394896719 0.0425273390036452 0.0486026731470231 0.094775212636695 0.0607533414337789 0.06318347509113 0.0473876063183475 0.0437424058323208 0.0522478736330498 0.0704738760631835 0 0.0437424058323208 0.0656136087484812 0.040097205346294
"plaMeg" 0.0729040097205346 0.0145808019441069 0.0218712029161604 0.0206561360874848 0.00850546780072904 0.0145808019441069 0.0704738760631835 0.0328068043742406 0.0425273390036452 0.0157958687727825 0.00972053462940462 0.0364520048602673 0.0449574726609964 0.0437424058323208 0 0.0486026731470231 0.00850546780072904
"podExp" 0.094775212636695 0.0534629404617254 0.0498177399756987 0.0437424058323208 0.0498177399756987 0.0558930741190765 0.0959902794653706 0.0619684082624544 0.0498177399756987 0.054678007290401 0.0510328068043742 0.0388821385176185 0.031591737545565 0.0656136087484812 0.0486026731470231 0 0.0473876063183475
"terMex" 0.0741190765492102 0.0109356014580802 0.0206561360874848 0.0194410692588092 0.00486026731470231 0.0109356014580802 0.0704738760631835 0.031591737545565 0.0461725394896719 0.0121506682867558 0.00607533414337789 0.0376670716889429 0.0461725394896719 0.040097205346294 0.00850546780072904 0.0473876063183475 0
