"carIns" "cheAbi" "cheMyd" "cheSer" "chrPic" "cuoAmb" "cuoMcc" "derCor" "derMaw" "emySub" "gopAga" "malTer" "mesTub" "pelCas" "pelSin" "plaMeg" "podExp" "terMex"
"carIns" 0 0.093984962406015 0.0958646616541353 0.100563909774436 0.0921052631578947 0.0902255639097744 0.093984962406015 0.104323308270677 0.104323308270677 0.104323308270677 0.0949248120300752 0.087406015037594 0.115601503759398 0.121240601503759 0.0958646616541353 0.087406015037594 0.128759398496241 0.0921052631578947
"cheAbi" 0.093984962406015 0 0.0357142857142857 0.0366541353383459 0.0357142857142857 0.0234962406015038 0.0244360902255639 0.0422932330827068 0.0441729323308271 0.0742481203007519 0.0169172932330827 0.0338345864661654 0.0864661654135338 0.100563909774436 0.0761278195488722 0.0253759398496241 0.103383458646617 0.0291353383458647
"cheMyd" 0.0958646616541353 0.0357142857142857 0 0.0394736842105263 0.0366541353383459 0.0319548872180451 0.0347744360902256 0.0131578947368421 0.0432330827067669 0.0798872180451128 0.0338345864661654 0.0347744360902256 0.0864661654135338 0.103383458646617 0.0836466165413534 0.031015037593985 0.105263157894737 0.0300751879699248
"cheSer" 0.100563909774436 0.0366541353383459 0.0394736842105263 0 0.037593984962406 0.0272556390977444 0.0300751879699248 0.0404135338345865 0.0394736842105263 0.0770676691729323 0.0347744360902256 0.0357142857142857 0.087406015037594 0.100563909774436 0.0817669172932331 0.0244360902255639 0.103383458646617 0.0328947368421053
"chrPic" 0.0921052631578947 0.0357142857142857 0.0366541353383459 0.037593984962406 0 0.0253759398496241 0.0281954887218045 0.0432330827067669 0.0469924812030075 0.075187969924812 0.0281954887218045 0.0075187969924812 0.087406015037594 0.0968045112781955 0.0770676691729323 0.0291353383458647 0.102443609022556 0.0169172932330827
"cuoAmb" 0.0902255639097744 0.0234962406015038 0.0319548872180451 0.0272556390977444 0.0253759398496241 0 0.00657894736842105 0.0328947368421053 0.0366541353383459 0.0723684210526316 0.0178571428571429 0.0234962406015038 0.0817669172932331 0.093984962406015 0.0733082706766917 0.018796992481203 0.0986842105263158 0.0216165413533835
"cuoMcc" 0.093984962406015 0.0244360902255639 0.0347744360902256 0.0300751879699248 0.0281954887218045 0.00657894736842105 0 0.037593984962406 0.0394736842105263 0.0761278195488722 0.0206766917293233 0.0263157894736842 0.0864661654135338 0.0986842105263158 0.0780075187969925 0.0216165413533835 0.103383458646617 0.0263157894736842
"derCor" 0.104323308270677 0.0422932330827068 0.0131578947368421 0.0404135338345865 0.0432330827067669 0.0328947368421053 0.037593984962406 0 0.0451127819548872 0.0836466165413534 0.0385338345864662 0.0413533834586466 0.0892857142857143 0.105263157894737 0.087406015037594 0.0338345864661654 0.107142857142857 0.0347744360902256
"derMaw" 0.104323308270677 0.0441729323308271 0.0432330827067669 0.0394736842105263 0.0469924812030075 0.0366541353383459 0.0394736842105263 0.0451127819548872 0 0.0798872180451128 0.0385338345864662 0.0451127819548872 0.0864661654135338 0.109962406015038 0.0892857142857143 0.0319548872180451 0.109962406015038 0.0422932330827068
"emySub" 0.104323308270677 0.0742481203007519 0.0798872180451128 0.0770676691729323 0.075187969924812 0.0723684210526316 0.0761278195488722 0.0836466165413534 0.0798872180451128 0 0.0714285714285714 0.075187969924812 0.0554511278195489 0.0798872180451128 0.0930451127819549 0.0676691729323308 0.0789473684210526 0.0704887218045113
"gopAga" 0.0949248120300752 0.0169172932330827 0.0338345864661654 0.0347744360902256 0.0281954887218045 0.0178571428571429 0.0206766917293233 0.0385338345864662 0.0385338345864662 0.0714285714285714 0 0.0263157894736842 0.0798872180451128 0.0958646616541353 0.0723684210526316 0.0216165413533835 0.100563909774436 0.0225563909774436
"malTer" 0.087406015037594 0.0338345864661654 0.0347744360902256 0.0357142857142857 0.0075187969924812 0.0234962406015038 0.0263157894736842 0.0413533834586466 0.0451127819548872 0.075187969924812 0.0263157894736842 0 0.087406015037594 0.0986842105263158 0.0770676691729323 0.0272556390977444 0.104323308270677 0.0150375939849624
"mesTub" 0.115601503759398 0.0864661654135338 0.0864661654135338 0.087406015037594 0.087406015037594 0.0817669172932331 0.0864661654135338 0.0892857142857143 0.0864661654135338 0.0554511278195489 0.0798872180451128 0.087406015037594 0 0.0892857142857143 0.104323308270677 0.0761278195488722 0.0892857142857143 0.0845864661654135
"pelCas" 0.121240601503759 0.100563909774436 0.103383458646617 0.100563909774436 0.0968045112781955 0.093984962406015 0.0986842105263158 0.105263157894737 0.109962406015038 0.0798872180451128 0.0958646616541353 0.0986842105263158 0.0892857142857143 0 0.113721804511278 0.0911654135338346 0.0808270676691729 0.0949248120300752
"pelSin" 0.0958646616541353 0.0761278195488722 0.0836466165413534 0.0817669172932331 0.0770676691729323 0.0733082706766917 0.0780075187969925 0.087406015037594 0.0892857142857143 0.0930451127819549 0.0723684210526316 0.0770676691729323 0.104323308270677 0.113721804511278 0 0.0704887218045113 0.118421052631579 0.0733082706766917
"plaMeg" 0.087406015037594 0.0253759398496241 0.031015037593985 0.0244360902255639 0.0291353383458647 0.018796992481203 0.0216165413533835 0.0338345864661654 0.0319548872180451 0.0676691729323308 0.0216165413533835 0.0272556390977444 0.0761278195488722 0.0911654135338346 0.0704887218045113 0 0.0958646616541353 0.0234962406015038
"podExp" 0.128759398496241 0.103383458646617 0.105263157894737 0.103383458646617 0.102443609022556 0.0986842105263158 0.103383458646617 0.107142857142857 0.109962406015038 0.0789473684210526 0.100563909774436 0.104323308270677 0.0892857142857143 0.0808270676691729 0.118421052631579 0.0958646616541353 0 0.0996240601503759
"terMex" 0.0921052631578947 0.0291353383458647 0.0300751879699248 0.0328947368421053 0.0169172932330827 0.0216165413533835 0.0263157894736842 0.0347744360902256 0.0422932330827068 0.0704887218045113 0.0225563909774436 0.0150375939849624 0.0845864661654135 0.0949248120300752 0.0733082706766917 0.0234962406015038 0.0996240601503759 0
