"carIns" "cheAbi" "cheMyd" "chrPic" "cuoAmb" "cuoMcc" "derCor" "derMaw" "emySub" "gopAga" "malTer" "mesTub" "pelCas" "pelSin" "plaMeg" "podExp" "terMex"
"carIns" 0 0.0751677852348993 0.0677852348993289 0.0677852348993289 0.0691275167785235 0.0691275167785235 0.0751677852348993 0.074496644295302 0.0677852348993289 0.0697986577181208 0.0664429530201342 0.0704697986577181 0.076510067114094 0.087248322147651 0.0657718120805369 0.0818791946308725 0.0677852348993289
"cheAbi" 0.0751677852348993 0 0.0308724832214765 0.0241610738255034 0.0154362416107383 0.0161073825503356 0.038255033557047 0.0395973154362416 0.0630872483221477 0.0174496644295302 0.0201342281879195 0.0610738255033557 0.0704697986577181 0.0838926174496644 0.0248322147651007 0.0697986577181208 0.025503355704698
"cheMyd" 0.0677852348993289 0.0308724832214765 0 0.025503355704698 0.0248322147651007 0.025503355704698 0.0214765100671141 0.0355704697986577 0.0570469798657718 0.0268456375838926 0.0228187919463087 0.0577181208053691 0.063758389261745 0.0778523489932886 0.0248322147651007 0.0664429530201342 0.0295302013422819
"chrPic" 0.0677852348993289 0.0241610738255034 0.025503355704698 0 0.0167785234899329 0.0174496644295302 0.0322147651006711 0.0342281879194631 0.0563758389261745 0.0214765100671141 0.00671140939597315 0.0557046979865772 0.0630872483221477 0.0832214765100671 0.0147651006711409 0.0644295302013423 0.0147651006711409
"cuoAmb" 0.0691275167785235 0.0154362416107383 0.0248322147651007 0.0167785234899329 0 0.00604026845637584 0.0328859060402685 0.0355704697986577 0.0610738255033557 0.012751677852349 0.0140939597315436 0.0590604026845638 0.0624161073825503 0.0785234899328859 0.0174496644295302 0.0651006711409396 0.0194630872483221
"cuoMcc" 0.0691275167785235 0.0161073825503356 0.025503355704698 0.0174496644295302 0.00604026845637584 0 0.0335570469798658 0.036241610738255 0.061744966442953 0.0134228187919463 0.0147651006711409 0.0597315436241611 0.0664429530201342 0.0785234899328859 0.0181208053691275 0.0671140939597315 0.0201342281879195
"derCor" 0.0751677852348993 0.038255033557047 0.0214765100671141 0.0322147651006711 0.0328859060402685 0.0335570469798658 0 0.0422818791946309 0.061744966442953 0.0335570469798658 0.0295302013422819 0.0651006711409396 0.0704697986577181 0.0845637583892618 0.0288590604026846 0.0738255033557047 0.036241610738255
"derMaw" 0.074496644295302 0.0395973154362416 0.0355704697986577 0.0342281879194631 0.0355704697986577 0.036241610738255 0.0422818791946309 0 0.063758389261745 0.0375838926174497 0.0308724832214765 0.063758389261745 0.0704697986577181 0.087248322147651 0.0335570469798658 0.0731543624161074 0.0335570469798658
"emySub" 0.0677852348993289 0.0630872483221477 0.0570469798657718 0.0563758389261745 0.0610738255033557 0.061744966442953 0.061744966442953 0.063758389261745 0 0.0604026845637584 0.0536912751677852 0.0281879194630872 0.0597315436241611 0.087248322147651 0.0583892617449664 0.0610738255033557 0.0563758389261745
"gopAga" 0.0697986577181208 0.0174496644295302 0.0268456375838926 0.0214765100671141 0.012751677852349 0.0134228187919463 0.0335570469798658 0.0375838926174497 0.0604026845637584 0 0.0187919463087248 0.0583892617449664 0.0677852348993289 0.0771812080536913 0.0208053691275168 0.0657718120805369 0.0241610738255034
"malTer" 0.0664429530201342 0.0201342281879195 0.0228187919463087 0.00671140939597315 0.0140939597315436 0.0147651006711409 0.0295302013422819 0.0308724832214765 0.0536912751677852 0.0187919463087248 0 0.0536912751677852 0.063758389261745 0.0805369127516778 0.012751677852349 0.0644295302013423 0.010738255033557
"mesTub" 0.0704697986577181 0.0610738255033557 0.0577181208053691 0.0557046979865772 0.0590604026845638 0.0597315436241611 0.0651006711409396 0.063758389261745 0.0281879194630872 0.0583892617449664 0.0536912751677852 0 0.0577181208053691 0.089261744966443 0.0570469798657718 0.0604026845637584 0.0577181208053691
"pelCas" 0.076510067114094 0.0704697986577181 0.063758389261745 0.0630872483221477 0.0624161073825503 0.0664429530201342 0.0704697986577181 0.0704697986577181 0.0597315436241611 0.0677852348993289 0.063758389261745 0.0577181208053691 0 0.0932885906040268 0.0630872483221477 0.0557046979865772 0.0644295302013423
"pelSin" 0.087248322147651 0.0838926174496644 0.0778523489932886 0.0832214765100671 0.0785234899328859 0.0785234899328859 0.0845637583892618 0.087248322147651 0.087248322147651 0.0771812080536913 0.0805369127516778 0.089261744966443 0.0932885906040268 0 0.0812080536912752 0.0912751677852349 0.0818791946308725
"plaMeg" 0.0657718120805369 0.0248322147651007 0.0248322147651007 0.0147651006711409 0.0174496644295302 0.0181208053691275 0.0288590604026846 0.0335570469798658 0.0583892617449664 0.0208053691275168 0.012751677852349 0.0570469798657718 0.0630872483221477 0.0812080536912752 0 0.0664429530201342 0.0194630872483221
"podExp" 0.0818791946308725 0.0697986577181208 0.0664429530201342 0.0644295302013423 0.0651006711409396 0.0671140939597315 0.0738255033557047 0.0731543624161074 0.0610738255033557 0.0657718120805369 0.0644295302013423 0.0604026845637584 0.0557046979865772 0.0912751677852349 0.0664429530201342 0 0.0657718120805369
"terMex" 0.0677852348993289 0.025503355704698 0.0295302013422819 0.0147651006711409 0.0194630872483221 0.0201342281879195 0.036241610738255 0.0335570469798658 0.0563758389261745 0.0241610738255034 0.010738255033557 0.0577181208053691 0.0644295302013423 0.0818791946308725 0.0194630872483221 0.0657718120805369 0
