"carIns" "cheAbi" "cheMyd" "cheSer" "chrPic" "cuoAmb" "cuoMcc" "derCor" "derMaw" "emySub" "gopAga" "malTer" "mesTub" "pelCas" "pelSin" "plaMeg" "podExp" "terMex"
"carIns" 0 0.0561914672216441 0.14047866805411 0.0447450572320499 0.0530697190426639 0.276795005202914 0.0509885535900104 0.0437044745057232 0.0551508844953174 0.0561914672216441 0.0520291363163371 0.0530697190426639 0.0572320499479709 0.0624349635796046 0.0457856399583767 0.0499479708636837 0.0603537981269511 0.0509885535900104
"cheAbi" 0.0561914672216441 0 0.126951092611863 0.0187304890738814 0.0176899063475546 0.245577523413111 0.0072840790842872 0.0208116545265349 0.0353798126951093 0.0426638917793965 0.0072840790842872 0.0197710718002081 0.0468262226847034 0.0520291363163371 0.0447450572320499 0.0104058272632674 0.0572320499479709 0.0156087408949011
"cheMyd" 0.14047866805411 0.126951092611863 0 0.117585848074922 0.122788761706556 0.354838709677419 0.122788761706556 0.112382934443288 0.126951092611863 0.13111342351717 0.122788761706556 0.120707596253902 0.133194588969823 0.136316337148803 0.124869927159209 0.120707596253902 0.136316337148803 0.121748178980229
"cheSer" 0.0447450572320499 0.0187304890738814 0.117585848074922 0 0.0176899063475546 0.250780437044745 0.0156087408949011 0.0135275754422477 0.0249739854318418 0.0312174817898023 0.0197710718002081 0.0176899063475546 0.0343392299687825 0.0416233090530697 0.036420395421436 0.0124869927159209 0.0478668054110302 0.0135275754422477
"chrPic" 0.0530697190426639 0.0176899063475546 0.122788761706556 0.0176899063475546 0 0.254942767950052 0.0145681581685744 0.0197710718002081 0.032258064516129 0.0416233090530697 0.0166493236212279 0.00624349635796046 0.0457856399583767 0.0437044745057232 0.036420395421436 0.00936524453694069 0.0551508844953174 0.00624349635796046
"cuoAmb" 0.276795005202914 0.245577523413111 0.354838709677419 0.250780437044745 0.254942767950052 0 0.242455775234131 0.250780437044745 0.265348595213319 0.263267429760666 0.247658688865765 0.252861602497399 0.263267429760666 0.27159209157128 0.263267429760666 0.248699271592092 0.27471383975026 0.249739854318418
"cuoMcc" 0.0509885535900104 0.0072840790842872 0.122788761706556 0.0156087408949011 0.0145681581685744 0.242455775234131 0 0.0197710718002081 0.0301768990634755 0.0385015608740895 0.00832466181061394 0.0166493236212279 0.0426638917793965 0.0478668054110302 0.0395421436004162 0.00936524453694069 0.0551508844953174 0.0124869927159209
"derCor" 0.0437044745057232 0.0208116545265349 0.112382934443288 0.0135275754422477 0.0197710718002081 0.250780437044745 0.0197710718002081 0 0.032258064516129 0.036420395421436 0.0176899063475546 0.0197710718002081 0.0395421436004162 0.0437044745057232 0.0343392299687825 0.0166493236212279 0.0489073881373569 0.0176899063475546
"derMaw" 0.0551508844953174 0.0353798126951093 0.126951092611863 0.0249739854318418 0.032258064516129 0.265348595213319 0.0301768990634755 0.032258064516129 0 0.0447450572320499 0.0353798126951093 0.032258064516129 0.0489073881373569 0.0509885535900104 0.0489073881373569 0.0270551508844953 0.0624349635796046 0.0312174817898023
"emySub" 0.0561914672216441 0.0426638917793965 0.13111342351717 0.0312174817898023 0.0416233090530697 0.263267429760666 0.0385015608740895 0.036420395421436 0.0447450572320499 0 0.040582726326743 0.0395421436004162 0.0197710718002081 0.0332986472424558 0.0468262226847034 0.036420395421436 0.0437044745057232 0.0395421436004162
"gopAga" 0.0520291363163371 0.0072840790842872 0.122788761706556 0.0197710718002081 0.0166493236212279 0.247658688865765 0.00832466181061394 0.0176899063475546 0.0353798126951093 0.040582726326743 0 0.0187304890738814 0.0447450572320499 0.0478668054110302 0.040582726326743 0.0114464099895942 0.0551508844953174 0.0166493236212279
"malTer" 0.0530697190426639 0.0197710718002081 0.120707596253902 0.0176899063475546 0.00624349635796046 0.252861602497399 0.0166493236212279 0.0197710718002081 0.032258064516129 0.0395421436004162 0.0187304890738814 0 0.0447450572320499 0.0457856399583767 0.036420395421436 0.0114464099895942 0.0551508844953174 0.00832466181061394
"mesTub" 0.0572320499479709 0.0468262226847034 0.133194588969823 0.0343392299687825 0.0457856399583767 0.263267429760666 0.0426638917793965 0.0395421436004162 0.0489073881373569 0.0197710718002081 0.0447450572320499 0.0447450572320499 0 0.0385015608740895 0.0530697190426639 0.040582726326743 0.0437044745057232 0.0416233090530697
"pelCas" 0.0624349635796046 0.0520291363163371 0.136316337148803 0.0416233090530697 0.0437044745057232 0.27159209157128 0.0478668054110302 0.0437044745057232 0.0509885535900104 0.0332986472424558 0.0478668054110302 0.0457856399583767 0.0385015608740895 0 0.0520291363163371 0.0457856399583767 0.0374609781477627 0.0489073881373569
"pelSin" 0.0457856399583767 0.0447450572320499 0.124869927159209 0.036420395421436 0.036420395421436 0.263267429760666 0.0395421436004162 0.0343392299687825 0.0489073881373569 0.0468262226847034 0.040582726326743 0.036420395421436 0.0530697190426639 0.0520291363163371 0 0.036420395421436 0.0613943808532778 0.0374609781477627
"plaMeg" 0.0499479708636837 0.0104058272632674 0.120707596253902 0.0124869927159209 0.00936524453694069 0.248699271592092 0.00936524453694069 0.0166493236212279 0.0270551508844953 0.036420395421436 0.0114464099895942 0.0114464099895942 0.040582726326743 0.0457856399583767 0.036420395421436 0 0.0530697190426639 0.0072840790842872
"podExp" 0.0603537981269511 0.0572320499479709 0.136316337148803 0.0478668054110302 0.0551508844953174 0.27471383975026 0.0551508844953174 0.0489073881373569 0.0624349635796046 0.0437044745057232 0.0551508844953174 0.0551508844953174 0.0437044745057232 0.0374609781477627 0.0613943808532778 0.0530697190426639 0 0.0541103017689906
"terMex" 0.0509885535900104 0.0156087408949011 0.121748178980229 0.0135275754422477 0.00624349635796046 0.249739854318418 0.0124869927159209 0.0176899063475546 0.0312174817898023 0.0395421436004162 0.0166493236212279 0.00832466181061394 0.0416233090530697 0.0489073881373569 0.0374609781477627 0.0072840790842872 0.0541103017689906 0
