"carIns" "cheAbi" "cheMyd" "cheSer" "chrPic" "cuoAmb" "cuoMcc" "derCor" "derMaw" "emySub" "gopAga" "malTer" "mesTub" "pelCas" "pelSin" "plaMeg" "podExp" "terMex"
"carIns" 0 0.0654307524536532 0.064340239912759 0.0730643402399128 0.064340239912759 0.0665212649945474 0.0697928026172301 0.064340239912759 0.0785169029443839 0.0806979280261723 0.107960741548528 0.0654307524536532 0.0752453653217012 0.0872410032715376 0.0687022900763359 0.0632497273718648 0.0905125408942203 0.0665212649945474
"cheAbi" 0.0654307524536532 0 0.0174482006543075 0.0338058887677208 0.0185387131952017 0.0119956379498364 0.0152671755725191 0.0174482006543075 0.0370774263904035 0.0490730643402399 0.0556161395856052 0.0174482006543075 0.0523446019629226 0.0490730643402399 0.0468920392584515 0.0163576881134133 0.0479825517993457 0.019629225736096
"cheMyd" 0.064340239912759 0.0174482006543075 0 0.0250817884405671 0.0141766630316249 0.0163576881134133 0.0218102508178844 0.00654307524536532 0.0381679389312977 0.0414394765539804 0.0599781897491821 0.0152671755725191 0.0458015267175573 0.0523446019629226 0.0479825517993457 0.0141766630316249 0.0556161395856052 0.0163576881134133
"cheSer" 0.0730643402399128 0.0338058887677208 0.0250817884405671 0 0.0283533260632497 0.0305343511450382 0.0338058887677208 0.0250817884405671 0.0403489640130862 0.054525627044711 0.0697928026172301 0.0272628135223555 0.054525627044711 0.0599781897491821 0.0577971646673937 0.0261723009814613 0.0567066521264995 0.0250817884405671
"chrPic" 0.064340239912759 0.0185387131952017 0.0141766630316249 0.0283533260632497 0 0.0152671755725191 0.0185387131952017 0.0119956379498364 0.0392584514721919 0.0414394765539804 0.0588876772082879 0.00327153762268266 0.0436205016357688 0.0479825517993457 0.0501635768811341 0.0109051254089422 0.054525627044711 0.00763358778625954
"cuoAmb" 0.0665212649945474 0.0119956379498364 0.0163576881134133 0.0305343511450382 0.0152671755725191 0 0.0054525627044711 0.0163576881134133 0.034896401308615 0.0458015267175573 0.054525627044711 0.0141766630316249 0.0468920392584515 0.0501635768811341 0.0523446019629226 0.0130861504907306 0.0534351145038168 0.0163576881134133
"cuoMcc" 0.0697928026172301 0.0152671755725191 0.0218102508178844 0.0338058887677208 0.0185387131952017 0.0054525627044711 0 0.0218102508178844 0.0359869138495093 0.0468920392584515 0.0577971646673937 0.0174482006543075 0.0501635768811341 0.0512540894220284 0.0556161395856052 0.0163576881134133 0.054525627044711 0.019629225736096
"derCor" 0.064340239912759 0.0174482006543075 0.00654307524536532 0.0250817884405671 0.0119956379498364 0.0163576881134133 0.0218102508178844 0 0.0381679389312977 0.0403489640130862 0.0588876772082879 0.0130861504907306 0.0436205016357688 0.0501635768811341 0.044711014176663 0.0141766630316249 0.0534351145038168 0.0119956379498364
"derMaw" 0.0785169029443839 0.0370774263904035 0.0381679389312977 0.0403489640130862 0.0392584514721919 0.034896401308615 0.0359869138495093 0.0381679389312977 0 0.0556161395856052 0.0785169029443839 0.0381679389312977 0.0632497273718648 0.0610687022900763 0.0654307524536532 0.0392584514721919 0.0610687022900763 0.0370774263904035
"emySub" 0.0806979280261723 0.0490730643402399 0.0414394765539804 0.054525627044711 0.0414394765539804 0.0458015267175573 0.0468920392584515 0.0403489640130862 0.0556161395856052 0 0.0894220283533261 0.0425299890948746 0.0272628135223555 0.0359869138495093 0.0610687022900763 0.0414394765539804 0.0436205016357688 0.0436205016357688
"gopAga" 0.107960741548528 0.0556161395856052 0.0599781897491821 0.0697928026172301 0.0588876772082879 0.054525627044711 0.0577971646673937 0.0588876772082879 0.0785169029443839 0.0894220283533261 0 0.0577971646673937 0.0926935659760087 0.093784078516903 0.0916030534351145 0.0567066521264995 0.093784078516903 0.0599781897491821
"malTer" 0.0654307524536532 0.0174482006543075 0.0152671755725191 0.0272628135223555 0.00327153762268266 0.0141766630316249 0.0174482006543075 0.0130861504907306 0.0381679389312977 0.0425299890948746 0.0577971646673937 0 0.0425299890948746 0.0490730643402399 0.0490730643402399 0.00981461286804798 0.0534351145038168 0.00654307524536532
"mesTub" 0.0752453653217012 0.0523446019629226 0.0458015267175573 0.054525627044711 0.0436205016357688 0.0468920392584515 0.0501635768811341 0.0436205016357688 0.0632497273718648 0.0272628135223555 0.0926935659760087 0.0425299890948746 0 0.0436205016357688 0.0588876772082879 0.0414394765539804 0.0512540894220284 0.044711014176663
"pelCas" 0.0872410032715376 0.0490730643402399 0.0523446019629226 0.0599781897491821 0.0479825517993457 0.0501635768811341 0.0512540894220284 0.0501635768811341 0.0610687022900763 0.0359869138495093 0.093784078516903 0.0490730643402399 0.0436205016357688 0 0.0610687022900763 0.0479825517993457 0.0294438386041439 0.0501635768811341
"pelSin" 0.0687022900763359 0.0468920392584515 0.0479825517993457 0.0577971646673937 0.0501635768811341 0.0523446019629226 0.0556161395856052 0.044711014176663 0.0654307524536532 0.0610687022900763 0.0916030534351145 0.0490730643402399 0.0588876772082879 0.0610687022900763 0 0.0479825517993457 0.0665212649945474 0.0479825517993457
"plaMeg" 0.0632497273718648 0.0163576881134133 0.0141766630316249 0.0261723009814613 0.0109051254089422 0.0130861504907306 0.0163576881134133 0.0141766630316249 0.0392584514721919 0.0414394765539804 0.0567066521264995 0.00981461286804798 0.0414394765539804 0.0479825517993457 0.0479825517993457 0 0.0534351145038168 0.0141766630316249
"podExp" 0.0905125408942203 0.0479825517993457 0.0556161395856052 0.0567066521264995 0.054525627044711 0.0534351145038168 0.054525627044711 0.0534351145038168 0.0610687022900763 0.0436205016357688 0.093784078516903 0.0534351145038168 0.0512540894220284 0.0294438386041439 0.0665212649945474 0.0534351145038168 0 0.0523446019629226
"terMex" 0.0665212649945474 0.019629225736096 0.0163576881134133 0.0250817884405671 0.00763358778625954 0.0163576881134133 0.019629225736096 0.0119956379498364 0.0370774263904035 0.0436205016357688 0.0599781897491821 0.00654307524536532 0.044711014176663 0.0501635768811341 0.0479825517993457 0.0141766630316249 0.0523446019629226 0
