"carIns" "cheAbi" "cheMyd" "cheSer" "chrPic" "cuoAmb" "cuoMcc" "derMaw" "emySub" "gopAga" "malTer" "mesTub" "pelCas" "pelSin" "plaMeg" "podExp" "terMex"
"carIns" 0 0.0703735881841877 0.0625543006081668 0.0703735881841877 0.0582102519548219 0.0625543006081668 0.0599478714161599 0.0738488271068636 0.0747176368375326 0.0677671589921807 0.0608166811468288 0.0868809730668983 0.0912250217202433 0.151172893136403 0.054735013032146 0.0929626411815812 0.0642919200695048
"cheAbi" 0.0703735881841877 0 0.0425716768027802 0.0495221546481321 0.0304083405734144 0.0199826238053866 0.0173761946133797 0.052997393570808 0.0634231103388358 0.0173761946133797 0.0330147697654214 0.0729800173761946 0.0894874022589053 0.151172893136403 0.0278019113814075 0.0868809730668983 0.0364900086880973
"cheMyd" 0.0625543006081668 0.0425716768027802 0 0.0356211989574283 0.0295395308427454 0.0330147697654214 0.0304083405734144 0.0399652476107732 0.0556038227628149 0.0417028670721112 0.0304083405734144 0.0625543006081668 0.0781928757602085 0.144222415291051 0.0278019113814075 0.0825369244135534 0.0356211989574283
"cheSer" 0.0703735881841877 0.0495221546481321 0.0356211989574283 0 0.0338835794960904 0.0382276281494353 0.0356211989574283 0.0399652476107732 0.0616854908774978 0.0443092962641182 0.0356211989574283 0.0695047784535187 0.0807993049522155 0.147697654213727 0.0321459600347524 0.0816681146828844 0.0338835794960904
"chrPic" 0.0582102519548219 0.0304083405734144 0.0295395308427454 0.0338835794960904 0 0.0199826238053866 0.0173761946133797 0.0408340573414422 0.054735013032146 0.0278019113814075 0.00695047784535187 0.0660295395308427 0.0747176368375326 0.142484795829713 0.0139009556907037 0.0807993049522155 0.0112945264986968
"cuoAmb" 0.0625543006081668 0.0199826238053866 0.0330147697654214 0.0382276281494353 0.0199826238053866 0 0.00434404865334492 0.0443092962641182 0.0556038227628149 0.0199826238053866 0.0234578627280626 0.0668983492615117 0.0790616854908775 0.148566463944396 0.0165073848827107 0.0816681146828844 0.0251954821894005
"cuoMcc" 0.0599478714161599 0.0173761946133797 0.0304083405734144 0.0356211989574283 0.0173761946133797 0.00434404865334492 0 0.0417028670721112 0.052997393570808 0.0173761946133797 0.0208514335360556 0.0642919200695048 0.0773240660295395 0.145960034752389 0.0139009556907037 0.0790616854908775 0.0225890529973936
"derMaw" 0.0738488271068636 0.052997393570808 0.0399652476107732 0.0399652476107732 0.0408340573414422 0.0443092962641182 0.0417028670721112 0 0.0642919200695048 0.05125977410947 0.0425716768027802 0.0729800173761946 0.0886185925282363 0.14509122502172 0.0364900086880973 0.0912250217202433 0.0443092962641182
"emySub" 0.0747176368375326 0.0634231103388358 0.0556038227628149 0.0616854908774978 0.054735013032146 0.0556038227628149 0.052997393570808 0.0642919200695048 0 0.0599478714161599 0.0590790616854909 0.0295395308427454 0.054735013032146 0.154648132059079 0.05125977410947 0.053866203301477 0.0599478714161599
"gopAga" 0.0677671589921807 0.0173761946133797 0.0417028670721112 0.0443092962641182 0.0278019113814075 0.0199826238053866 0.0173761946133797 0.05125977410947 0.0599478714161599 0 0.0312771503040834 0.0703735881841877 0.0825369244135534 0.152910512597741 0.0243266724587315 0.0860121633362294 0.0321459600347524
"malTer" 0.0608166811468288 0.0330147697654214 0.0304083405734144 0.0356211989574283 0.00695047784535187 0.0234578627280626 0.0208514335360556 0.0425716768027802 0.0590790616854909 0.0312771503040834 0 0.0703735881841877 0.0790616854908775 0.14509122502172 0.0173761946133797 0.0842745438748914 0.0147697654213727
"mesTub" 0.0868809730668983 0.0729800173761946 0.0625543006081668 0.0695047784535187 0.0660295395308427 0.0668983492615117 0.0642919200695048 0.0729800173761946 0.0295395308427454 0.0703735881841877 0.0703735881841877 0 0.0660295395308427 0.163336229365769 0.0616854908774978 0.0599478714161599 0.0695047784535187
"pelCas" 0.0912250217202433 0.0894874022589053 0.0781928757602085 0.0807993049522155 0.0747176368375326 0.0790616854908775 0.0773240660295395 0.0886185925282363 0.054735013032146 0.0825369244135534 0.0790616854908775 0.0660295395308427 0 0.163336229365769 0.0738488271068636 0.0495221546481321 0.0790616854908775
"pelSin" 0.151172893136403 0.151172893136403 0.144222415291051 0.147697654213727 0.142484795829713 0.148566463944396 0.145960034752389 0.14509122502172 0.154648132059079 0.152910512597741 0.14509122502172 0.163336229365769 0.163336229365769 0 0.141615986099044 0.172024326672459 0.146828844483058
"plaMeg" 0.054735013032146 0.0278019113814075 0.0278019113814075 0.0321459600347524 0.0139009556907037 0.0165073848827107 0.0139009556907037 0.0364900086880973 0.05125977410947 0.0243266724587315 0.0173761946133797 0.0616854908774978 0.0738488271068636 0.141615986099044 0 0.0764552562988706 0.0199826238053866
"podExp" 0.0929626411815812 0.0868809730668983 0.0825369244135534 0.0816681146828844 0.0807993049522155 0.0816681146828844 0.0790616854908775 0.0912250217202433 0.053866203301477 0.0860121633362294 0.0842745438748914 0.0599478714161599 0.0495221546481321 0.172024326672459 0.0764552562988706 0 0.0834057341442224
"terMex" 0.0642919200695048 0.0364900086880973 0.0356211989574283 0.0338835794960904 0.0112945264986968 0.0251954821894005 0.0225890529973936 0.0443092962641182 0.0599478714161599 0.0321459600347524 0.0147697654213727 0.0695047784535187 0.0790616854908775 0.146828844483058 0.0199826238053866 0.0834057341442224 0
