"carIns" "cheAbi" "cheMyd" "cheSer" "chrPic" "cuoAmb" "cuoMcc" "derCor" "derMaw" "emySub" "gopAga" "malTer" "mesTub" "pelCas" "pelSin" "plaMeg" "podExp" "terMex"
"carIns" 0 0.071957671957672 0.100529100529101 0.0666666666666667 0.0687830687830688 0.0677248677248677 0.0666666666666667 0.073015873015873 0.0708994708994709 0.0793650793650794 0.071957671957672 0.0698412698412698 0.073015873015873 0.0783068783068783 0.0698412698412698 0.0624338624338624 0.0878306878306878 0.0761904761904762
"cheAbi" 0.071957671957672 0 0.0751322751322751 0.0338624338624339 0.0264550264550265 0.0169312169312169 0.0158730158730159 0.0444444444444444 0.0412698412698413 0.0645502645502646 0.0158730158730159 0.0275132275132275 0.0582010582010582 0.073015873015873 0.0772486772486772 0.0222222222222222 0.0772486772486772 0.0338624338624339
"cheMyd" 0.100529100529101 0.0751322751322751 0 0.0603174603174603 0.0656084656084656 0.0645502645502646 0.0634920634920635 0.0592592592592593 0.071957671957672 0.0931216931216931 0.0698412698412698 0.0666666666666667 0.0888888888888889 0.0941798941798942 0.106878306878307 0.0634920634920635 0.102645502645503 0.073015873015873
"cheSer" 0.0666666666666667 0.0338624338624339 0.0603174603174603 0 0.0222222222222222 0.0232804232804233 0.0222222222222222 0.0296296296296296 0.0285714285714286 0.0560846560846561 0.0296296296296296 0.0232804232804233 0.055026455026455 0.0624338624338624 0.0656084656084656 0.0222222222222222 0.0698412698412698 0.0296296296296296
"chrPic" 0.0687830687830688 0.0264550264550265 0.0656084656084656 0.0222222222222222 0 0.0116402116402116 0.0105820105820106 0.0349206349206349 0.0296296296296296 0.0571428571428571 0.019047619047619 0.00105820105820106 0.0529100529100529 0.0687830687830688 0.0677248677248677 0.0126984126984127 0.0740740740740741 0.0116402116402116
"cuoAmb" 0.0677248677248677 0.0169312169312169 0.0645502645502646 0.0232804232804233 0.0116402116402116 0 0.00105820105820106 0.0317460317460317 0.0285714285714286 0.0518518518518519 0.00952380952380952 0.0126984126984127 0.0486772486772487 0.0656084656084656 0.0666666666666667 0.0116402116402116 0.071957671957672 0.019047619047619
"cuoMcc" 0.0666666666666667 0.0158730158730159 0.0634920634920635 0.0222222222222222 0.0105820105820106 0.00105820105820106 0 0.0306878306878307 0.0275132275132275 0.0529100529100529 0.00846560846560847 0.0116402116402116 0.0497354497354497 0.0666666666666667 0.0677248677248677 0.0105820105820106 0.073015873015873 0.017989417989418
"derCor" 0.073015873015873 0.0444444444444444 0.0592592592592593 0.0296296296296296 0.0349206349206349 0.0317460317460317 0.0306878306878307 0 0.0328042328042328 0.0645502645502646 0.037037037037037 0.035978835978836 0.0613756613756614 0.0656084656084656 0.0708994708994709 0.0306878306878307 0.0708994708994709 0.0423280423280423
"derMaw" 0.0708994708994709 0.0412698412698413 0.071957671957672 0.0285714285714286 0.0296296296296296 0.0285714285714286 0.0275132275132275 0.0328042328042328 0 0.0624338624338624 0.0317460317460317 0.0306878306878307 0.0613756613756614 0.0708994708994709 0.073015873015873 0.0296296296296296 0.0761904761904762 0.037037037037037
"emySub" 0.0793650793650794 0.0645502645502646 0.0931216931216931 0.0560846560846561 0.0571428571428571 0.0518518518518519 0.0529100529100529 0.0645502645502646 0.0624338624338624 0 0.0592592592592593 0.0560846560846561 0.0222222222222222 0.0486772486772487 0.0878306878306878 0.0571428571428571 0.0634920634920635 0.0645502645502646
"gopAga" 0.071957671957672 0.0158730158730159 0.0698412698412698 0.0296296296296296 0.019047619047619 0.00952380952380952 0.00846560846560847 0.037037037037037 0.0317460317460317 0.0592592592592593 0 0.0201058201058201 0.0582010582010582 0.073015873015873 0.073015873015873 0.019047619047619 0.0793650793650794 0.0264550264550265
"malTer" 0.0698412698412698 0.0275132275132275 0.0666666666666667 0.0232804232804233 0.00105820105820106 0.0126984126984127 0.0116402116402116 0.035978835978836 0.0306878306878307 0.0560846560846561 0.0201058201058201 0 0.053968253968254 0.0677248677248677 0.0687830687830688 0.0137566137566138 0.0751322751322751 0.0126984126984127
"mesTub" 0.073015873015873 0.0582010582010582 0.0888888888888889 0.055026455026455 0.0529100529100529 0.0486772486772487 0.0497354497354497 0.0613756613756614 0.0613756613756614 0.0222222222222222 0.0582010582010582 0.053968253968254 0 0.0507936507936508 0.0814814814814815 0.053968253968254 0.0656084656084656 0.0603174603174603
"pelCas" 0.0783068783068783 0.073015873015873 0.0941798941798942 0.0624338624338624 0.0687830687830688 0.0656084656084656 0.0666666666666667 0.0656084656084656 0.0708994708994709 0.0486772486772487 0.073015873015873 0.0677248677248677 0.0507936507936508 0 0.091005291005291 0.0645502645502646 0.053968253968254 0.0761904761904762
"pelSin" 0.0698412698412698 0.0772486772486772 0.106878306878307 0.0656084656084656 0.0677248677248677 0.0666666666666667 0.0677248677248677 0.0708994708994709 0.073015873015873 0.0878306878306878 0.073015873015873 0.0687830687830688 0.0814814814814815 0.091005291005291 0 0.0687830687830688 0.100529100529101 0.0772486772486772
"plaMeg" 0.0624338624338624 0.0222222222222222 0.0634920634920635 0.0222222222222222 0.0126984126984127 0.0116402116402116 0.0105820105820106 0.0306878306878307 0.0296296296296296 0.0571428571428571 0.019047619047619 0.0137566137566138 0.053968253968254 0.0645502645502646 0.0687830687830688 0 0.071957671957672 0.0201058201058201
"podExp" 0.0878306878306878 0.0772486772486772 0.102645502645503 0.0698412698412698 0.0740740740740741 0.071957671957672 0.073015873015873 0.0708994708994709 0.0761904761904762 0.0634920634920635 0.0793650793650794 0.0751322751322751 0.0656084656084656 0.053968253968254 0.100529100529101 0.071957671957672 0 0.0814814814814815
"terMex" 0.0761904761904762 0.0338624338624339 0.073015873015873 0.0296296296296296 0.0116402116402116 0.019047619047619 0.017989417989418 0.0423280423280423 0.037037037037037 0.0645502645502646 0.0264550264550265 0.0126984126984127 0.0603174603174603 0.0761904761904762 0.0772486772486772 0.0201058201058201 0.0814814814814815 0
