"carIns" "cheAbi" "cheMyd" "cheSer" "chrPic" "cuoAmb" "cuoMcc" "derCor" "derMaw" "emySub" "gopAga" "malTer" "mesTub" "pelCas" "pelSin" "plaMeg" "podExp" "terMex"
"carIns" 0 0.0747330960854092 0.066429418742586 0.069988137603796 0.069988137603796 0.0676156583629893 0.0676156583629893 0.0652431791221827 0.0794780545670225 0.0937129300118624 0.0794780545670225 0.0676156583629893 0.0948991696322657 0.115065243179122 0.0854092526690391 0.0676156583629893 0.107947805456702 0.0688018979833926
"cheAbi" 0.0747330960854092 0 0.0474495848161329 0.0415183867141162 0.0403321470937129 0.0189798339264531 0.0237247924080664 0.0391459074733096 0.0415183867141162 0.0925266903914591 0.0166073546856465 0.0391459074733096 0.0937129300118624 0.122182680901542 0.0759193357058126 0.036773428232503 0.109134045077106 0.0379596678529063
"cheMyd" 0.066429418742586 0.0474495848161329 0 0.0391459074733096 0.0284697508896797 0.0320284697508897 0.036773428232503 0.0237247924080664 0.0415183867141162 0.0877817319098458 0.0427046263345196 0.0249110320284698 0.0877817319098458 0.124555160142349 0.0806642941874259 0.029655990510083 0.099644128113879 0.0320284697508897
"cheSer" 0.069988137603796 0.0415183867141162 0.0391459074733096 0 0.0344009489916963 0.0284697508896797 0.033214709371293 0.033214709371293 0.0391459074733096 0.0901542111506524 0.0391459074733096 0.033214709371293 0.0972716488730724 0.113879003558719 0.0806642941874259 0.029655990510083 0.112692763938316 0.036773428232503
"chrPic" 0.069988137603796 0.0403321470937129 0.0284697508896797 0.0344009489916963 0 0.0249110320284698 0.0272835112692764 0.0260972716488731 0.036773428232503 0.0842230130486358 0.033214709371293 0.00593119810201661 0.0901542111506524 0.116251482799526 0.0688018979833926 0.0213523131672598 0.099644128113879 0.0130486358244365
"cuoAmb" 0.0676156583629893 0.0189798339264531 0.0320284697508897 0.0284697508896797 0.0249110320284698 0 0.00474495848161329 0.0260972716488731 0.0272835112692764 0.0877817319098458 0.0189798339264531 0.0237247924080664 0.0889679715302491 0.116251482799526 0.0711743772241993 0.0237247924080664 0.100830367734282 0.0249110320284698
"cuoMcc" 0.0676156583629893 0.0237247924080664 0.036773428232503 0.033214709371293 0.0272835112692764 0.00474495848161329 0 0.0308422301304864 0.0320284697508897 0.0877817319098458 0.0237247924080664 0.0260972716488731 0.0889679715302491 0.115065243179122 0.0735468564650059 0.0284697508896797 0.0972716488730724 0.029655990510083
"derCor" 0.0652431791221827 0.0391459074733096 0.0237247924080664 0.033214709371293 0.0260972716488731 0.0260972716488731 0.0308422301304864 0 0.036773428232503 0.0877817319098458 0.0391459074733096 0.0225385527876631 0.0901542111506524 0.120996441281139 0.0735468564650059 0.0237247924080664 0.0972716488730724 0.0308422301304864
"derMaw" 0.0794780545670225 0.0415183867141162 0.0415183867141162 0.0391459074733096 0.036773428232503 0.0272835112692764 0.0320284697508897 0.036773428232503 0 0.0877817319098458 0.0403321470937129 0.033214709371293 0.0948991696322657 0.124555160142349 0.0782918149466192 0.036773428232503 0.110320284697509 0.0379596678529063
"emySub" 0.0937129300118624 0.0925266903914591 0.0877817319098458 0.0901542111506524 0.0842230130486358 0.0877817319098458 0.0877817319098458 0.0877817319098458 0.0877817319098458 0 0.0901542111506524 0.0830367734282325 0.0498220640569395 0.111506524317912 0.106761565836299 0.0865954922894425 0.0948991696322657 0.0818505338078292
"gopAga" 0.0794780545670225 0.0166073546856465 0.0427046263345196 0.0391459074733096 0.033214709371293 0.0189798339264531 0.0237247924080664 0.0391459074733096 0.0403321470937129 0.0901542111506524 0 0.0320284697508897 0.0913404507710558 0.118623962040332 0.0735468564650059 0.036773428232503 0.102016607354686 0.0308422301304864
"malTer" 0.0676156583629893 0.0391459074733096 0.0249110320284698 0.033214709371293 0.00593119810201661 0.0237247924080664 0.0260972716488731 0.0225385527876631 0.033214709371293 0.0830367734282325 0.0320284697508897 0 0.0901542111506524 0.116251482799526 0.0676156583629893 0.0213523131672598 0.096085409252669 0.0142348754448399
"mesTub" 0.0948991696322657 0.0937129300118624 0.0877817319098458 0.0972716488730724 0.0901542111506524 0.0889679715302491 0.0889679715302491 0.0901542111506524 0.0948991696322657 0.0498220640569395 0.0913404507710558 0.0901542111506524 0 0.103202846975089 0.110320284697509 0.0913404507710558 0.099644128113879 0.0865954922894425
"pelCas" 0.115065243179122 0.122182680901542 0.124555160142349 0.113879003558719 0.116251482799526 0.116251482799526 0.115065243179122 0.120996441281139 0.124555160142349 0.111506524317912 0.118623962040332 0.116251482799526 0.103202846975089 0 0.135231316725979 0.120996441281139 0.106761565836299 0.118623962040332
"pelSin" 0.0854092526690391 0.0759193357058126 0.0806642941874259 0.0806642941874259 0.0688018979833926 0.0711743772241993 0.0735468564650059 0.0735468564650059 0.0782918149466192 0.106761565836299 0.0735468564650059 0.0676156583629893 0.110320284697509 0.135231316725979 0 0.0747330960854092 0.118623962040332 0.066429418742586
"plaMeg" 0.0676156583629893 0.036773428232503 0.029655990510083 0.029655990510083 0.0213523131672598 0.0237247924080664 0.0284697508896797 0.0237247924080664 0.036773428232503 0.0865954922894425 0.036773428232503 0.0213523131672598 0.0913404507710558 0.120996441281139 0.0747330960854092 0 0.103202846975089 0.0260972716488731
"podExp" 0.107947805456702 0.109134045077106 0.099644128113879 0.112692763938316 0.099644128113879 0.100830367734282 0.0972716488730724 0.0972716488730724 0.110320284697509 0.0948991696322657 0.102016607354686 0.096085409252669 0.099644128113879 0.106761565836299 0.118623962040332 0.103202846975089 0 0.102016607354686
"terMex" 0.0688018979833926 0.0379596678529063 0.0320284697508897 0.036773428232503 0.0130486358244365 0.0249110320284698 0.029655990510083 0.0308422301304864 0.0379596678529063 0.0818505338078292 0.0308422301304864 0.0142348754448399 0.0865954922894425 0.118623962040332 0.066429418742586 0.0260972716488731 0.102016607354686 0
