"carIns" "cheAbi" "cheMyd" "cheSer" "chrPic" "cuoAmb" "cuoMcc" "derMaw" "emySub" "gopAga" "malTer" "mesTub" "pelCas" "pelSin" "plaMeg" "podExp" "terMex"
"carIns" 0 0.0458015267175573 0.141645462256149 0.0983884648006785 0.0381679389312977 0.0424088210347752 0.0432569974554707 0.111111111111111 0.13401187446989 0.0432569974554707 0.0390161153519932 0.110262934690416 0.0551314673452078 0.0916030534351145 0.0390161153519932 0.131467345207803 0.0398642917726887
"cheAbi" 0.0458015267175573 0 0.121289228159457 0.0814249363867685 0.0110262934690416 0.0101781170483461 0.00932994062765055 0.0932994062765055 0.121289228159457 0.0118744698897371 0.0101781170483461 0.10008481764207 0.0407124681933842 0.0848176420695505 0.0101781170483461 0.128922815945717 0.0127226463104326
"cheMyd" 0.141645462256149 0.121289228159457 0 0.148430873621713 0.118744698897371 0.119592875318066 0.120441051738762 0.1509754028838 0.174724342663274 0.121289228159457 0.11704834605598 0.169635284139101 0.14334181509754 0.148430873621713 0.117896522476675 0.17726887192536 0.120441051738762
"cheSer" 0.0983884648006785 0.0814249363867685 0.148430873621713 0 0.0746395250212044 0.0771840542832909 0.0780322307039864 0.104325699745547 0.132315521628499 0.0805767599660729 0.0737913486005089 0.116200169635284 0.104325699745547 0.0966921119592875 0.0737913486005089 0.135708227311281 0.0763358778625954
"chrPic" 0.0381679389312977 0.0110262934690416 0.118744698897371 0.0746395250212044 0 0.00593723494486853 0.00678541136556404 0.089058524173028 0.11704834605598 0.0110262934690416 0.00254452926208651 0.0949957591178965 0.0390161153519932 0.0771840542832909 0.00254452926208651 0.124681933842239 0.00508905852417303
"cuoAmb" 0.0424088210347752 0.0101781170483461 0.119592875318066 0.0771840542832909 0.00593723494486853 0 0.000848176420695505 0.090754877014419 0.119592875318066 0.0101781170483461 0.00508905852417303 0.097540288379983 0.0398642917726887 0.0797285835453774 0.00508905852417303 0.127226463104326 0.00763358778625954
"cuoMcc" 0.0432569974554707 0.00932994062765055 0.120441051738762 0.0780322307039864 0.00678541136556404 0.000848176420695505 0 0.0899067005937235 0.118744698897371 0.00932994062765055 0.00593723494486853 0.0966921119592875 0.0390161153519932 0.0805767599660729 0.00593723494486853 0.12637828668363 0.00848176420695505
"derMaw" 0.111111111111111 0.0932994062765055 0.1509754028838 0.104325699745547 0.089058524173028 0.090754877014419 0.0899067005937235 0 0.13401187446989 0.0916030534351145 0.0882103477523325 0.119592875318066 0.115351993214589 0.110262934690416 0.0882103477523325 0.146734520780322 0.090754877014419
"emySub" 0.13401187446989 0.121289228159457 0.174724342663274 0.132315521628499 0.11704834605598 0.119592875318066 0.118744698897371 0.13401187446989 0 0.122137404580153 0.11704834605598 0.106022052586938 0.118744698897371 0.133163698049194 0.11704834605598 0.120441051738762 0.117896522476675
"gopAga" 0.0432569974554707 0.0118744698897371 0.121289228159457 0.0805767599660729 0.0110262934690416 0.0101781170483461 0.00932994062765055 0.0916030534351145 0.122137404580153 0 0.0101781170483461 0.10008481764207 0.0424088210347752 0.0848176420695505 0.0101781170483461 0.128922815945717 0.0127226463104326
"malTer" 0.0390161153519932 0.0101781170483461 0.11704834605598 0.0737913486005089 0.00254452926208651 0.00508905852417303 0.00593723494486853 0.0882103477523325 0.11704834605598 0.0101781170483461 0 0.094147582697201 0.0381679389312977 0.0780322307039864 0.00169635284139101 0.124681933842239 0.00424088210347752
"mesTub" 0.110262934690416 0.10008481764207 0.169635284139101 0.116200169635284 0.0949957591178965 0.097540288379983 0.0966921119592875 0.119592875318066 0.106022052586938 0.10008481764207 0.094147582697201 0 0.0949957591178965 0.110262934690416 0.094147582697201 0.129770992366412 0.0949957591178965
"pelCas" 0.0551314673452078 0.0407124681933842 0.14334181509754 0.104325699745547 0.0390161153519932 0.0398642917726887 0.0390161153519932 0.115351993214589 0.118744698897371 0.0424088210347752 0.0381679389312977 0.0949957591178965 0 0.099236641221374 0.0381679389312977 0.113655640373198 0.0390161153519932
"pelSin" 0.0916030534351145 0.0848176420695505 0.148430873621713 0.0966921119592875 0.0771840542832909 0.0797285835453774 0.0805767599660729 0.110262934690416 0.133163698049194 0.0848176420695505 0.0780322307039864 0.110262934690416 0.099236641221374 0 0.0780322307039864 0.131467345207803 0.0788804071246819
"plaMeg" 0.0390161153519932 0.0101781170483461 0.117896522476675 0.0737913486005089 0.00254452926208651 0.00508905852417303 0.00593723494486853 0.0882103477523325 0.11704834605598 0.0101781170483461 0.00169635284139101 0.094147582697201 0.0381679389312977 0.0780322307039864 0 0.124681933842239 0.00424088210347752
"podExp" 0.131467345207803 0.128922815945717 0.17726887192536 0.135708227311281 0.124681933842239 0.127226463104326 0.12637828668363 0.146734520780322 0.120441051738762 0.128922815945717 0.124681933842239 0.129770992366412 0.113655640373198 0.131467345207803 0.124681933842239 0 0.124681933842239
"terMex" 0.0398642917726887 0.0127226463104326 0.120441051738762 0.0763358778625954 0.00508905852417303 0.00763358778625954 0.00848176420695505 0.090754877014419 0.117896522476675 0.0127226463104326 0.00424088210347752 0.0949957591178965 0.0390161153519932 0.0788804071246819 0.00424088210347752 0.124681933842239 0
