"carIns" "cheAbi" "cheMyd" "cheSer" "chrPic" "derCor" "derMaw" "emySub" "gopAga" "malTer" "mesTub" "pelCas" "pelSin" "plaMeg" "podExp" "terMex"
"carIns" 0 0.0609540636042403 0.0556537102473498 0.0591872791519435 0.058303886925795 0.113074204946996 0.0662544169611307 0.0627208480565371 0.0627208480565371 0.0591872791519435 0.0591872791519435 0.0680212014134276 0.068904593639576 0.0556537102473498 0.0750883392226148 0.0574204946996466
"cheAbi" 0.0609540636042403 0 0.0273851590106007 0.0291519434628975 0.0220848056537102 0.0812720848056537 0.0379858657243816 0.0468197879858657 0.0123674911660777 0.0247349823321555 0.0477031802120141 0.0556537102473498 0.073321554770318 0.019434628975265 0.0662544169611307 0.0203180212014134
"cheMyd" 0.0556537102473498 0.0273851590106007 0 0.019434628975265 0.0212014134275618 0.0671378091872792 0.0300353356890459 0.0353356890459364 0.0291519434628975 0.0238515901060071 0.034452296819788 0.0485865724381625 0.0680212014134276 0.0220848056537102 0.0556537102473498 0.019434628975265
"cheSer" 0.0591872791519435 0.0291519434628975 0.019434628975265 0 0.019434628975265 0.0795053003533569 0.0265017667844523 0.0406360424028269 0.0291519434628975 0.0220848056537102 0.0379858657243816 0.053886925795053 0.0697879858657244 0.0220848056537102 0.0662544169611307 0.0176678445229682
"chrPic" 0.058303886925795 0.0220848056537102 0.0212014134275618 0.019434628975265 0 0.0812720848056537 0.0300353356890459 0.0441696113074205 0.0220848056537102 0.00618374558303887 0.0415194346289753 0.0530035335689046 0.0724381625441696 0.0132508833922261 0.068904593639576 0.00353356890459364
"derCor" 0.113074204946996 0.0812720848056537 0.0671378091872792 0.0795053003533569 0.0812720848056537 0 0.0874558303886926 0.0954063604240283 0.0830388692579505 0.0839222614840989 0.0945229681978799 0.106890459363958 0.125441696113074 0.0786219081272085 0.112190812720848 0.0795053003533569
"derMaw" 0.0662544169611307 0.0379858657243816 0.0300353356890459 0.0265017667844523 0.0300353356890459 0.0874558303886926 0 0.0477031802120141 0.0379858657243816 0.0326855123674912 0.0432862190812721 0.0600706713780919 0.0715547703180212 0.0326855123674912 0.0706713780918728 0.0282685512367491
"emySub" 0.0627208480565371 0.0468197879858657 0.0353356890459364 0.0406360424028269 0.0441696113074205 0.0954063604240283 0.0477031802120141 0 0.0468197879858657 0.0450530035335689 0.0203180212014134 0.0406360424028269 0.0706713780918728 0.0441696113074205 0.0556537102473498 0.0424028268551237
"gopAga" 0.0627208480565371 0.0123674911660777 0.0291519434628975 0.0291519434628975 0.0220848056537102 0.0830388692579505 0.0379858657243816 0.0468197879858657 0 0.0247349823321555 0.049469964664311 0.0609540636042403 0.0768551236749117 0.0176678445229682 0.0715547703180212 0.0203180212014134
"malTer" 0.0591872791519435 0.0247349823321555 0.0238515901060071 0.0220848056537102 0.00618374558303887 0.0839222614840989 0.0326855123674912 0.0450530035335689 0.0247349823321555 0 0.0424028268551237 0.053886925795053 0.0724381625441696 0.0159010600706714 0.0697879858657244 0.00618374558303887
"mesTub" 0.0591872791519435 0.0477031802120141 0.034452296819788 0.0379858657243816 0.0415194346289753 0.0945229681978799 0.0432862190812721 0.0203180212014134 0.049469964664311 0.0424028268551237 0 0.0415194346289753 0.068904593639576 0.0415194346289753 0.0565371024734982 0.0397526501766784
"pelCas" 0.0680212014134276 0.0556537102473498 0.0485865724381625 0.053886925795053 0.0530035335689046 0.106890459363958 0.0600706713780919 0.0406360424028269 0.0609540636042403 0.053886925795053 0.0415194346289753 0 0.0830388692579505 0.0556537102473498 0.0521201413427562 0.0530035335689046
"pelSin" 0.068904593639576 0.073321554770318 0.0680212014134276 0.0697879858657244 0.0724381625441696 0.125441696113074 0.0715547703180212 0.0706713780918728 0.0768551236749117 0.0724381625441696 0.068904593639576 0.0830388692579505 0 0.0715547703180212 0.0918727915194346 0.0715547703180212
"plaMeg" 0.0556537102473498 0.019434628975265 0.0220848056537102 0.0220848056537102 0.0132508833922261 0.0786219081272085 0.0326855123674912 0.0441696113074205 0.0176678445229682 0.0159010600706714 0.0415194346289753 0.0556537102473498 0.0715547703180212 0 0.0671378091872792 0.0114840989399293
"podExp" 0.0750883392226148 0.0662544169611307 0.0556537102473498 0.0662544169611307 0.068904593639576 0.112190812720848 0.0706713780918728 0.0556537102473498 0.0715547703180212 0.0697879858657244 0.0565371024734982 0.0521201413427562 0.0918727915194346 0.0671378091872792 0 0.0671378091872792
"terMex" 0.0574204946996466 0.0203180212014134 0.019434628975265 0.0176678445229682 0.00353356890459364 0.0795053003533569 0.0282685512367491 0.0424028268551237 0.0203180212014134 0.00618374558303887 0.0397526501766784 0.0530035335689046 0.0715547703180212 0.0114840989399293 0.0671378091872792 0
