"carIns" "cheAbi" "cheMyd" "cheSer" "chrPic" "cuoAmb" "cuoMcc" "derCor" "derMaw" "emySub" "gopAga" "mesTub" "pelCas" "pelSin" "plaMeg" "podExp"
"carIns" 0 0.0485436893203883 0.0533980582524272 0.0497572815533981 0.0546116504854369 0.0521844660194175 0.0473300970873786 0.0509708737864078 0.0546116504854369 0.0655339805825243 0.385922330097087 0.0703883495145631 0.0776699029126214 0.0509708737864078 0.0521844660194175 0.0691747572815534
"cheAbi" 0.0485436893203883 0 0.0242718446601942 0.0194174757281553 0.0182038834951456 0.00970873786407767 0.00849514563106796 0.0194174757281553 0.0254854368932039 0.0303398058252427 0.384708737864078 0.0364077669902913 0.0509708737864078 0.037621359223301 0.0133495145631068 0.0436893203883495
"cheMyd" 0.0533980582524272 0.0242718446601942 0 0.0218446601941748 0.0279126213592233 0.0254854368932039 0.020631067961165 0.00970873786407767 0.0303398058252427 0.0388349514563107 0.384708737864078 0.037621359223301 0.0533980582524272 0.0424757281553398 0.0230582524271845 0.0436893203883495
"cheSer" 0.0497572815533981 0.0194174757281553 0.0218446601941748 0 0.020631067961165 0.020631067961165 0.0182038834951456 0.0169902912621359 0.0182038834951456 0.0303398058252427 0.382281553398058 0.0364077669902913 0.0497572815533981 0.0400485436893204 0.0182038834951456 0.0388349514563107
"chrPic" 0.0546116504854369 0.0182038834951456 0.0279126213592233 0.020631067961165 0 0.0194174757281553 0.0169902912621359 0.0230582524271845 0.0266990291262136 0.0339805825242718 0.387135922330097 0.0449029126213592 0.0509708737864078 0.0412621359223301 0.00970873786407767 0.0436893203883495
"cuoAmb" 0.0521844660194175 0.00970873786407767 0.0254854368932039 0.020631067961165 0.0194174757281553 0 0.00485436893203883 0.020631067961165 0.0266990291262136 0.029126213592233 0.382281553398058 0.037621359223301 0.0509708737864078 0.0388349514563107 0.0145631067961165 0.0461165048543689
"cuoMcc" 0.0473300970873786 0.00849514563106796 0.020631067961165 0.0182038834951456 0.0169902912621359 0.00485436893203883 0 0.0182038834951456 0.0242718446601942 0.029126213592233 0.383495145631068 0.0351941747572816 0.0509708737864078 0.0364077669902913 0.0121359223300971 0.0424757281553398
"derCor" 0.0509708737864078 0.0194174757281553 0.00970873786407767 0.0169902912621359 0.0230582524271845 0.020631067961165 0.0182038834951456 0 0.0254854368932039 0.0351941747572816 0.385922330097087 0.0364077669902913 0.0546116504854369 0.037621359223301 0.0182038834951456 0.0436893203883495
"derMaw" 0.0546116504854369 0.0254854368932039 0.0303398058252427 0.0182038834951456 0.0266990291262136 0.0266990291262136 0.0242718446601942 0.0254854368932039 0 0.0364077669902913 0.383495145631068 0.0449029126213592 0.0558252427184466 0.0461165048543689 0.0242718446601942 0.0473300970873786
"emySub" 0.0655339805825243 0.0303398058252427 0.0388349514563107 0.0303398058252427 0.0339805825242718 0.029126213592233 0.029126213592233 0.0351941747572816 0.0364077669902913 0 0.390776699029126 0.0279126213592233 0.0436893203883495 0.0558252427184466 0.0315533980582524 0.0364077669902913
"gopAga" 0.385922330097087 0.384708737864078 0.384708737864078 0.382281553398058 0.387135922330097 0.382281553398058 0.383495145631068 0.385922330097087 0.383495145631068 0.390776699029126 0 0.384708737864078 0.379854368932039 0.385922330097087 0.383495145631068 0.390776699029126
"mesTub" 0.0703883495145631 0.0364077669902913 0.037621359223301 0.0364077669902913 0.0449029126213592 0.037621359223301 0.0351941747572816 0.0364077669902913 0.0449029126213592 0.0279126213592233 0.384708737864078 0 0.0473300970873786 0.0570388349514563 0.0400485436893204 0.0424757281553398
"pelCas" 0.0776699029126214 0.0509708737864078 0.0533980582524272 0.0497572815533981 0.0509708737864078 0.0509708737864078 0.0509708737864078 0.0546116504854369 0.0558252427184466 0.0436893203883495 0.379854368932039 0.0473300970873786 0 0.0631067961165049 0.0485436893203883 0.0473300970873786
"pelSin" 0.0509708737864078 0.037621359223301 0.0424757281553398 0.0400485436893204 0.0412621359223301 0.0388349514563107 0.0364077669902913 0.037621359223301 0.0461165048543689 0.0558252427184466 0.385922330097087 0.0570388349514563 0.0631067961165049 0 0.0364077669902913 0.0631067961165049
"plaMeg" 0.0521844660194175 0.0133495145631068 0.0230582524271845 0.0182038834951456 0.00970873786407767 0.0145631067961165 0.0121359223300971 0.0182038834951456 0.0242718446601942 0.0315533980582524 0.383495145631068 0.0400485436893204 0.0485436893203883 0.0364077669902913 0 0.0436893203883495
"podExp" 0.0691747572815534 0.0436893203883495 0.0436893203883495 0.0388349514563107 0.0436893203883495 0.0461165048543689 0.0424757281553398 0.0436893203883495 0.0473300970873786 0.0364077669902913 0.390776699029126 0.0424757281553398 0.0473300970873786 0.0631067961165049 0.0436893203883495 0
