"carIns" "cheAbi" "cheMyd" "cheSer" "chrPic" "cuoAmb" "cuoMcc" "derCor" "derMaw" "emySub" "gopAga" "malTer" "mesTub" "pelCas" "pelSin" "plaMeg" "podExp" "terMex"
"carIns" 0 0.107598784194529 0.103951367781155 0.111246200607903 0.108206686930091 0.10516717325228 0.103343465045593 0.105775075987842 0.114285714285714 0.122796352583587 0.112462006079027 0.107598784194529 0.119756838905775 0.136170212765957 0.106990881458967 0.0972644376899696 0.150151975683891 0.10516717325228
"cheAbi" 0.107598784194529 0 0.0449848024316109 0.0516717325227964 0.0364741641337386 0.0212765957446809 0.0188449848024316 0.0504559270516717 0.0577507598784195 0.0759878419452888 0.017629179331307 0.0340425531914894 0.0790273556231003 0.0984802431610942 0.0875379939209726 0.033434650455927 0.10273556231003 0.0322188449848024
"cheMyd" 0.103951367781155 0.0449848024316109 0 0.0407294832826748 0.0389057750759878 0.0401215805471125 0.0370820668693009 0.0261398176291793 0.0462006079027356 0.0729483282674772 0.0474164133738602 0.0382978723404255 0.078419452887538 0.0984802431610942 0.086322188449848 0.0303951367781155 0.104559270516717 0.0346504559270517
"cheSer" 0.111246200607903 0.0516717325227964 0.0407294832826748 0 0.0419452887537994 0.043161094224924 0.0389057750759878 0.0474164133738602 0.0516717325227964 0.0772036474164134 0.051063829787234 0.0413373860182371 0.0857142857142857 0.101519756838906 0.088145896656535 0.0346504559270517 0.11063829787234 0.0376899696048632
"chrPic" 0.108206686930091 0.0364741641337386 0.0389057750759878 0.0419452887537994 0 0.0310030395136778 0.0279635258358663 0.0449848024316109 0.0504559270516717 0.0729483282674772 0.0382978723404255 0.00729483282674772 0.0765957446808511 0.0984802431610942 0.0869300911854103 0.0249240121580547 0.104559270516717 0.0121580547112462
"cuoAmb" 0.10516717325228 0.0212765957446809 0.0401215805471125 0.043161094224924 0.0310030395136778 0 0.00729483282674772 0.043161094224924 0.0498480243161094 0.070516717325228 0.0218844984802432 0.0297872340425532 0.0772036474164134 0.0972644376899696 0.0844984802431611 0.0249240121580547 0.103343465045593 0.0261398176291793
"cuoMcc" 0.103343465045593 0.0188449848024316 0.0370820668693009 0.0389057750759878 0.0279635258358663 0.00729483282674772 0 0.0413373860182371 0.0492401215805471 0.0674772036474164 0.0194528875379939 0.0267477203647416 0.0741641337386018 0.0948328267477204 0.0808510638297872 0.0218844984802432 0.103951367781155 0.0243161094224924
"derCor" 0.105775075987842 0.0504559270516717 0.0261398176291793 0.0474164133738602 0.0449848024316109 0.043161094224924 0.0413373860182371 0 0.0480243161094225 0.0759878419452888 0.0522796352583587 0.0425531914893617 0.0820668693009119 0.104559270516717 0.086322188449848 0.0358662613981763 0.108814589665653 0.0401215805471125
"derMaw" 0.114285714285714 0.0577507598784195 0.0462006079027356 0.0516717325227964 0.0504559270516717 0.0498480243161094 0.0492401215805471 0.0480243161094225 0 0.0832826747720365 0.0595744680851064 0.0498480243161094 0.0905775075987842 0.103951367781155 0.096048632218845 0.043161094224924 0.11306990881459 0.0462006079027356
"emySub" 0.122796352583587 0.0759878419452888 0.0729483282674772 0.0772036474164134 0.0729483282674772 0.070516717325228 0.0674772036474164 0.0759878419452888 0.0832826747720365 0 0.0765957446808511 0.070516717325228 0.0468085106382979 0.0851063829787234 0.100303951367781 0.0632218844984802 0.0954407294832827 0.068693009118541
"gopAga" 0.112462006079027 0.017629179331307 0.0474164133738602 0.051063829787234 0.0382978723404255 0.0218844984802432 0.0194528875379939 0.0522796352583587 0.0595744680851064 0.0765957446808511 0 0.0358662613981763 0.0826747720364742 0.0972644376899696 0.0893617021276596 0.0346504559270517 0.10273556231003 0.0346504559270517
"malTer" 0.107598784194529 0.0340425531914894 0.0382978723404255 0.0413373860182371 0.00729483282674772 0.0297872340425532 0.0267477203647416 0.0425531914893617 0.0498480243161094 0.070516717325228 0.0358662613981763 0 0.0741641337386018 0.0972644376899696 0.0857142857142857 0.0243161094224924 0.10273556231003 0.0109422492401216
"mesTub" 0.119756838905775 0.0790273556231003 0.078419452887538 0.0857142857142857 0.0765957446808511 0.0772036474164134 0.0741641337386018 0.0820668693009119 0.0905775075987842 0.0468085106382979 0.0826747720364742 0.0741641337386018 0 0.0857142857142857 0.0996960486322188 0.0723404255319149 0.096048632218845 0.0741641337386018
"pelCas" 0.136170212765957 0.0984802431610942 0.0984802431610942 0.101519756838906 0.0984802431610942 0.0972644376899696 0.0948328267477204 0.104559270516717 0.103951367781155 0.0851063829787234 0.0972644376899696 0.0972644376899696 0.0857142857142857 0 0.114893617021277 0.0917933130699088 0.0820668693009119 0.0930091185410334
"pelSin" 0.106990881458967 0.0875379939209726 0.086322188449848 0.088145896656535 0.0869300911854103 0.0844984802431611 0.0808510638297872 0.086322188449848 0.096048632218845 0.100303951367781 0.0893617021276596 0.0857142857142857 0.0996960486322188 0.114893617021277 0 0.078419452887538 0.131306990881459 0.0814589665653495
"plaMeg" 0.0972644376899696 0.033434650455927 0.0303951367781155 0.0346504559270517 0.0249240121580547 0.0249240121580547 0.0218844984802432 0.0358662613981763 0.043161094224924 0.0632218844984802 0.0346504559270517 0.0243161094224924 0.0723404255319149 0.0917933130699088 0.078419452887538 0 0.0996960486322188 0.0206686930091185
"podExp" 0.150151975683891 0.10273556231003 0.104559270516717 0.11063829787234 0.104559270516717 0.103343465045593 0.103951367781155 0.108814589665653 0.11306990881459 0.0954407294832827 0.10273556231003 0.10273556231003 0.096048632218845 0.0820668693009119 0.131306990881459 0.0996960486322188 0 0.0984802431610942
"terMex" 0.10516717325228 0.0322188449848024 0.0346504559270517 0.0376899696048632 0.0121580547112462 0.0261398176291793 0.0243161094224924 0.0401215805471125 0.0462006079027356 0.068693009118541 0.0346504559270517 0.0109422492401216 0.0741641337386018 0.0930091185410334 0.0814589665653495 0.0206686930091185 0.0984802431610942 0
