"carIns" "cheAbi" "cheMyd" "cheSer" "chrPic" "cuoAmb" "cuoMcc" "derCor" "derMaw" "emySub" "gopAga" "malTer" "mesTub" "pelCas" "pelSin" "plaMeg" "podExp" "terMex"
"carIns" 0 0.0727272727272727 0.0719367588932806 0.066403162055336 0.0695652173913043 0.0671936758893281 0.0695652173913043 0.0719367588932806 0.0782608695652174 0.0790513833992095 0.0790513833992095 0.0711462450592885 0.0869565217391304 0.0932806324110672 0.075098814229249 0.0656126482213439 0.113833992094862 0.0727272727272727
"cheAbi" 0.0727272727272727 0 0.0355731225296443 0.033201581027668 0.0213438735177866 0.0126482213438735 0.0150197628458498 0.0371541501976285 0.0434782608695652 0.0648221343873518 0.0229249011857708 0.0213438735177866 0.0695652173913043 0.0735177865612648 0.0624505928853755 0.0181818181818182 0.0964426877470356 0.0245059288537549
"cheMyd" 0.0719367588932806 0.0355731225296443 0 0.0292490118577075 0.0300395256916996 0.0324110671936759 0.0347826086956522 0.0181818181818182 0.0379446640316206 0.0616600790513834 0.0411067193675889 0.0316205533596838 0.0656126482213439 0.0671936758893281 0.0608695652173913 0.0237154150197628 0.0909090909090909 0.0316205533596838
"cheSer" 0.066403162055336 0.033201581027668 0.0292490118577075 0 0.0284584980237154 0.0268774703557312 0.0292490118577075 0.0324110671936759 0.0316205533596838 0.058498023715415 0.0371541501976285 0.0284584980237154 0.0656126482213439 0.0656126482213439 0.0553359683794466 0.0221343873517787 0.0940711462450593 0.0300395256916996
"chrPic" 0.0695652173913043 0.0213438735177866 0.0300395256916996 0.0284584980237154 0 0.0181818181818182 0.0205533596837945 0.0316205533596838 0.0379446640316206 0.0624505928853755 0.0284584980237154 0.00711462450592885 0.0671936758893281 0.066403162055336 0.0592885375494071 0.0126482213438735 0.0909090909090909 0.0110671936758893
"cuoAmb" 0.0671936758893281 0.0126482213438735 0.0324110671936759 0.0268774703557312 0.0181818181818182 0 0.00395256916996047 0.0308300395256917 0.0387351778656126 0.0592885375494071 0.0181818181818182 0.0181818181818182 0.0656126482213439 0.0671936758893281 0.058498023715415 0.0134387351778656 0.0924901185770751 0.0213438735177866
"cuoMcc" 0.0695652173913043 0.0150197628458498 0.0347826086956522 0.0292490118577075 0.0205533596837945 0.00395256916996047 0 0.033201581027668 0.0411067193675889 0.0616600790513834 0.0205533596837945 0.0205533596837945 0.0679841897233202 0.0695652173913043 0.0608695652173913 0.0158102766798419 0.0948616600790514 0.0237154150197628
"derCor" 0.0719367588932806 0.0371541501976285 0.0181818181818182 0.0324110671936759 0.0316205533596838 0.0308300395256917 0.033201581027668 0 0.0426877470355731 0.0648221343873518 0.0403162055335968 0.0300395256916996 0.0671936758893281 0.0703557312252964 0.0632411067193676 0.0237154150197628 0.0893280632411067 0.0316205533596838
"derMaw" 0.0782608695652174 0.0434782608695652 0.0379446640316206 0.0316205533596838 0.0379446640316206 0.0387351778656126 0.0411067193675889 0.0426877470355731 0 0.0679841897233202 0.0490118577075099 0.0395256916996047 0.0719367588932806 0.0727272727272727 0.0616600790513834 0.0316205533596838 0.0988142292490119 0.0395256916996047
"emySub" 0.0790513833992095 0.0648221343873518 0.0616600790513834 0.058498023715415 0.0624505928853755 0.0592885375494071 0.0616600790513834 0.0648221343873518 0.0679841897233202 0 0.0679841897233202 0.0640316205533597 0.0387351778656126 0.0592885375494071 0.0695652173913043 0.0569169960474308 0.0774703557312253 0.0656126482213439
"gopAga" 0.0790513833992095 0.0229249011857708 0.0411067193675889 0.0371541501976285 0.0284584980237154 0.0181818181818182 0.0205533596837945 0.0403162055335968 0.0490118577075099 0.0679841897233202 0 0.0284584980237154 0.0743083003952569 0.0774703557312253 0.0679841897233202 0.0221343873517787 0.101185770750988 0.0300395256916996
"malTer" 0.0711462450592885 0.0213438735177866 0.0316205533596838 0.0284584980237154 0.00711462450592885 0.0181818181818182 0.0205533596837945 0.0300395256916996 0.0395256916996047 0.0640316205533597 0.0284584980237154 0 0.0671936758893281 0.0687747035573123 0.0608695652173913 0.0126482213438735 0.0940711462450593 0.0118577075098814
"mesTub" 0.0869565217391304 0.0695652173913043 0.0656126482213439 0.0656126482213439 0.0671936758893281 0.0656126482213439 0.0679841897233202 0.0671936758893281 0.0719367588932806 0.0387351778656126 0.0743083003952569 0.0671936758893281 0 0.0624505928853755 0.0735177865612648 0.0624505928853755 0.0782608695652174 0.0687747035573123
"pelCas" 0.0932806324110672 0.0735177865612648 0.0671936758893281 0.0656126482213439 0.066403162055336 0.0671936758893281 0.0695652173913043 0.0703557312252964 0.0727272727272727 0.0592885375494071 0.0774703557312253 0.0687747035573123 0.0624505928853755 0 0.0766798418972332 0.0624505928853755 0.0648221343873518 0.0711462450592885
"pelSin" 0.075098814229249 0.0624505928853755 0.0608695652173913 0.0553359683794466 0.0592885375494071 0.058498023715415 0.0608695652173913 0.0632411067193676 0.0616600790513834 0.0695652173913043 0.0679841897233202 0.0608695652173913 0.0735177865612648 0.0766798418972332 0 0.0553359683794466 0.101185770750988 0.0624505928853755
"plaMeg" 0.0656126482213439 0.0181818181818182 0.0237154150197628 0.0221343873517787 0.0126482213438735 0.0134387351778656 0.0158102766798419 0.0237154150197628 0.0316205533596838 0.0569169960474308 0.0221343873517787 0.0126482213438735 0.0624505928853755 0.0624505928853755 0.0553359683794466 0 0.0877470355731225 0.0142292490118577
"podExp" 0.113833992094862 0.0964426877470356 0.0909090909090909 0.0940711462450593 0.0909090909090909 0.0924901185770751 0.0948616600790514 0.0893280632411067 0.0988142292490119 0.0774703557312253 0.101185770750988 0.0940711462450593 0.0782608695652174 0.0648221343873518 0.101185770750988 0.0877470355731225 0 0.0909090909090909
"terMex" 0.0727272727272727 0.0245059288537549 0.0316205533596838 0.0300395256916996 0.0110671936758893 0.0213438735177866 0.0237154150197628 0.0316205533596838 0.0395256916996047 0.0656126482213439 0.0300395256916996 0.0118577075098814 0.0687747035573123 0.0711462450592885 0.0624505928853755 0.0142292490118577 0.0909090909090909 0
