"carIns" "cheAbi" "cheMyd" "cheSer" "chrPic" "cuoAmb" "cuoMcc" "derCor" "derMaw" "emySub" "gopAga" "mesTub" "pelCas" "podExp" "terMex"
"carIns" 0 0.0490928495197439 0.0544290288153682 0.0501600853788687 0.0469583778014941 0.0522945570971185 0.0501600853788687 0.0544290288153682 0.0501600853788687 0.0544290288153682 0.0522945570971185 0.0554962646744931 0.0608324439701174 0.0618996798292423 0.0490928495197439
"cheAbi" 0.0490928495197439 0 0.016008537886873 0.0245464247598719 0.0106723585912487 0.0096051227321238 0.00747065101387407 0.0288153681963714 0.0266808964781217 0.0202774813233725 0.00533617929562433 0.0202774813233725 0.0341515474919957 0.0352187833511206 0.0128068303094984
"cheMyd" 0.0544290288153682 0.016008537886873 0 0.0234791889007471 0.0181430096051227 0.0149413020277481 0.0128068303094984 0.0234791889007471 0.0277481323372465 0.0234791889007471 0.0149413020277481 0.0234791889007471 0.0394877267876201 0.0362860192102455 0.0181430096051227
"cheSer" 0.0501600853788687 0.0245464247598719 0.0234791889007471 0 0.0266808964781217 0.0234791889007471 0.0213447171824973 0.0298826040554963 0.0298826040554963 0.032017075773746 0.0213447171824973 0.032017075773746 0.0426894343649947 0.0458911419423693 0.0266808964781217
"chrPic" 0.0469583778014941 0.0106723585912487 0.0181430096051227 0.0266808964781217 0 0.0117395944503735 0.0096051227321238 0.0309498399146211 0.0266808964781217 0.0224119530416222 0.0117395944503735 0.0224119530416222 0.0373532550693703 0.0352187833511206 0.00426894343649947
"cuoAmb" 0.0522945570971185 0.0096051227321238 0.0149413020277481 0.0234791889007471 0.0117395944503735 0 0.00213447171824973 0.0277481323372465 0.0256136606189968 0.0192102454642476 0.00853788687299893 0.0213447171824973 0.0362860192102455 0.0352187833511206 0.0117395944503735
"cuoMcc" 0.0501600853788687 0.00747065101387407 0.0128068303094984 0.0213447171824973 0.0096051227321238 0.00213447171824973 0 0.0256136606189968 0.0234791889007471 0.0170757737459979 0.0064034151547492 0.0192102454642476 0.0341515474919957 0.0330843116328709 0.0096051227321238
"derCor" 0.0544290288153682 0.0288153681963714 0.0234791889007471 0.0298826040554963 0.0309498399146211 0.0277481323372465 0.0256136606189968 0 0.0309498399146211 0.032017075773746 0.0256136606189968 0.0341515474919957 0.0426894343649947 0.0458911419423693 0.0309498399146211
"derMaw" 0.0501600853788687 0.0266808964781217 0.0277481323372465 0.0298826040554963 0.0266808964781217 0.0256136606189968 0.0234791889007471 0.0309498399146211 0 0.0309498399146211 0.0256136606189968 0.0309498399146211 0.0373532550693703 0.0458911419423693 0.0266808964781217
"emySub" 0.0544290288153682 0.0202774813233725 0.0234791889007471 0.032017075773746 0.0224119530416222 0.0192102454642476 0.0170757737459979 0.032017075773746 0.0309498399146211 0 0.0213447171824973 0.0128068303094984 0.0298826040554963 0.0245464247598719 0.0245464247598719
"gopAga" 0.0522945570971185 0.00533617929562433 0.0149413020277481 0.0213447171824973 0.0117395944503735 0.00853788687299893 0.0064034151547492 0.0256136606189968 0.0256136606189968 0.0213447171824973 0 0.0213447171824973 0.0330843116328709 0.0341515474919957 0.0117395944503735
"mesTub" 0.0554962646744931 0.0202774813233725 0.0234791889007471 0.032017075773746 0.0224119530416222 0.0213447171824973 0.0192102454642476 0.0341515474919957 0.0309498399146211 0.0128068303094984 0.0213447171824973 0 0.0309498399146211 0.032017075773746 0.0245464247598719
"pelCas" 0.0608324439701174 0.0341515474919957 0.0394877267876201 0.0426894343649947 0.0373532550693703 0.0362860192102455 0.0341515474919957 0.0426894343649947 0.0373532550693703 0.0298826040554963 0.0330843116328709 0.0309498399146211 0 0.0416221985058698 0.0394877267876201
"podExp" 0.0618996798292423 0.0352187833511206 0.0362860192102455 0.0458911419423693 0.0352187833511206 0.0352187833511206 0.0330843116328709 0.0458911419423693 0.0458911419423693 0.0245464247598719 0.0341515474919957 0.032017075773746 0.0416221985058698 0 0.0373532550693703
"terMex" 0.0490928495197439 0.0128068303094984 0.0181430096051227 0.0266808964781217 0.00426894343649947 0.0117395944503735 0.0096051227321238 0.0309498399146211 0.0266808964781217 0.0245464247598719 0.0117395944503735 0.0245464247598719 0.0394877267876201 0.0373532550693703 0
