"carIns" "cheAbi" "chrPic" "derCor" "emySub" "malTer" "pelCas" "pelSin" "podExp" "terMex"
"carIns" 0 0.12847965738758 0.0813704496788009 0.0935046395431834 0.101356174161313 0.1192005710207 0.174161313347609 0.146324054246966 0.116345467523198 0.118486795146324
"cheAbi" 0.12847965738758 0 0.0820842255531763 0.0942184154175589 0.0706638115631692 0.0571020699500357 0.131334760885082 0.0985010706638116 0.0949321912919343 0.124910778015703
"chrPic" 0.0813704496788009 0.0820842255531763 0 0.0428265524625268 0.0756602426837973 0.0699500356887937 0.151320485367595 0.130620985010707 0.092790863668808 0.0613847251962884
"derCor" 0.0935046395431834 0.0942184154175589 0.0428265524625268 0 0.0835117773019272 0.0849393290506781 0.160599571734475 0.133476088508208 0.099214846538187 0.0870806566738044
"emySub" 0.101356174161313 0.0706638115631692 0.0756602426837973 0.0835117773019272 0 0.0685224839400428 0.107066381156317 0.107780157030692 0.0471092077087794 0.1192005710207
"malTer" 0.1192005710207 0.0571020699500357 0.0699500356887937 0.0849393290506781 0.0685224839400428 0 0.129193433261956 0.0963597430406852 0.0842255531763026 0.110635260528194
"pelCas" 0.174161313347609 0.131334760885082 0.151320485367595 0.160599571734475 0.107066381156317 0.129193433261956 0 0.139186295503212 0.114917915774447 0.194147037830121
"pelSin" 0.146324054246966 0.0985010706638116 0.130620985010707 0.133476088508208 0.107780157030692 0.0963597430406852 0.139186295503212 0 0.122055674518201 0.169878658101356
"podExp" 0.116345467523198 0.0949321912919343 0.092790863668808 0.099214846538187 0.0471092077087794 0.0842255531763026 0.114917915774447 0.122055674518201 0 0.132762312633833
"terMex" 0.118486795146324 0.124910778015703 0.0613847251962884 0.0870806566738044 0.1192005710207 0.110635260528194 0.194147037830121 0.169878658101356 0.132762312633833 0
