"carIns" "cheMyd" "cheSer" "cuoAmb" "cuoMcc" "derMaw" "emySub" "gopAga" "malTer" "mesTub" "pelCas" "pelSin" "podExp" "terMex"
"carIns" 0 0.163719512195122 0.163109756097561 0.17530487804878 0.161280487804878 0.166768292682927 0.178048780487805 0.168292682926829 0.161890243902439 0.190548780487805 0.18140243902439 0.171341463414634 0.200609756097561 0.159756097560976
"cheMyd" 0.163719512195122 0 0.0332317073170732 0.0929878048780488 0.036280487804878 0.0463414634146341 0.073780487804878 0.0439024390243902 0.036280487804878 0.0899390243902439 0.0893292682926829 0.0847560975609756 0.10609756097561 0.0317073170731707
"cheSer" 0.163109756097561 0.0332317073170732 0 0.0896341463414634 0.0320121951219512 0.0396341463414634 0.0707317073170732 0.0393292682926829 0.0332317073170732 0.0844512195121951 0.0865853658536585 0.0823170731707317 0.104573170731707 0.0289634146341463
"cuoAmb" 0.17530487804878 0.0929878048780488 0.0896341463414634 0 0.0652439024390244 0.0996951219512195 0.123475609756098 0.0801829268292683 0.086280487804878 0.135365853658537 0.13780487804878 0.134451219512195 0.152743902439024 0.0814024390243902
"cuoMcc" 0.161280487804878 0.036280487804878 0.0320121951219512 0.0652439024390244 0 0.0423780487804878 0.0682926829268293 0.0207317073170732 0.0268292682926829 0.0832317073170732 0.0865853658536585 0.0814024390243902 0.103658536585366 0.0225609756097561
"derMaw" 0.166768292682927 0.0463414634146341 0.0396341463414634 0.0996951219512195 0.0423780487804878 0 0.076219512195122 0.0466463414634146 0.0423780487804878 0.0920731707317073 0.0926829268292683 0.0875 0.1125 0.038719512195122
"emySub" 0.178048780487805 0.073780487804878 0.0707317073170732 0.123475609756098 0.0682926829268293 0.076219512195122 0 0.074390243902439 0.0685975609756098 0.051219512195122 0.0780487804878049 0.0951219512195122 0.0969512195121951 0.0649390243902439
"gopAga" 0.168292682926829 0.0439024390243902 0.0393292682926829 0.0801829268292683 0.0207317073170732 0.0466463414634146 0.074390243902439 0 0.0341463414634146 0.0865853658536585 0.0917682926829268 0.0853658536585366 0.109756097560976 0.0298780487804878
"malTer" 0.161890243902439 0.036280487804878 0.0332317073170732 0.086280487804878 0.0268292682926829 0.0423780487804878 0.0685975609756098 0.0341463414634146 0 0.0844512195121951 0.0850609756097561 0.0795731707317073 0.105182926829268 0.0121951219512195
"mesTub" 0.190548780487805 0.0899390243902439 0.0844512195121951 0.135365853658537 0.0832317073170732 0.0920731707317073 0.051219512195122 0.0865853658536585 0.0844512195121951 0 0.0917682926829268 0.105792682926829 0.106707317073171 0.0798780487804878
"pelCas" 0.18140243902439 0.0893292682926829 0.0865853658536585 0.13780487804878 0.0865853658536585 0.0926829268292683 0.0780487804878049 0.0917682926829268 0.0850609756097561 0.0917682926829268 0 0.110670731707317 0.0798780487804878 0.0817073170731707
"pelSin" 0.171341463414634 0.0847560975609756 0.0823170731707317 0.134451219512195 0.0814024390243902 0.0875 0.0951219512195122 0.0853658536585366 0.0795731707317073 0.105792682926829 0.110670731707317 0 0.129878048780488 0.0768292682926829
"podExp" 0.200609756097561 0.10609756097561 0.104573170731707 0.152743902439024 0.103658536585366 0.1125 0.0969512195121951 0.109756097560976 0.105182926829268 0.106707317073171 0.0798780487804878 0.129878048780488 0 0.100609756097561
"terMex" 0.159756097560976 0.0317073170731707 0.0289634146341463 0.0814024390243902 0.0225609756097561 0.038719512195122 0.0649390243902439 0.0298780487804878 0.0121951219512195 0.0798780487804878 0.0817073170731707 0.0768292682926829 0.100609756097561 0
