"carIns" "cheAbi" "cheMyd" "chrPic" "cuoAmb" "cuoMcc" "derCor" "derMaw" "emySub" "gopAga" "malTer" "mesTub" "pelCas" "plaMeg" "podExp" "terMex"
"carIns" 0 0.100911002102313 0.133146461107218 0.0903994393833217 0.0925017519271198 0.0925017519271198 0.102312543798178 0.111422564821303 0.110021023125438 0.102312543798178 0.101611772950245 0.114926419060967 0.130343377715487 0.0875963559915908 0.133146461107218 0.0875963559915908
"cheAbi" 0.100911002102313 0 0.0911002102312544 0.0364400840925018 0.028030833917309 0.0266292922214436 0.0462508759635599 0.0707778556412053 0.0805886475122635 0.028030833917309 0.0518570427470217 0.0770847932725999 0.0988086895585144 0.0322354590049054 0.110021023125438 0.0336370007007709
"cheMyd" 0.133146461107218 0.0911002102312544 0 0.0777855641205326 0.0840925017519271 0.0826909600560617 0.066573230553609 0.104414856341976 0.121233356692362 0.0967063770147162 0.0918009810791871 0.121233356692362 0.140854940434478 0.0735809390329362 0.152768044849334 0.0749824807288017
"chrPic" 0.0903994393833217 0.0364400840925018 0.0777855641205326 0 0.0266292922214436 0.0266292922214436 0.0385423966362999 0.0546601261387526 0.0672740014015417 0.0392431674842327 0.0224246671338472 0.0679747722494744 0.086895585143658 0.0175192711983181 0.103714085494043 0.0112123335669236
"cuoAmb" 0.0925017519271198 0.028030833917309 0.0840925017519271 0.0266292922214436 0 0.0112123335669236 0.0413454800280308 0.0651716888577435 0.0686755430974071 0.0350385423966363 0.043447792571829 0.0707778556412053 0.0903994393833217 0.0245269796776454 0.108619481429573 0.02312543798178
"cuoMcc" 0.0925017519271198 0.0266292922214436 0.0826909600560617 0.0266292922214436 0.0112123335669236 0 0.0420462508759636 0.0609670637701472 0.0707778556412053 0.0308339173090399 0.0420462508759636 0.0707778556412053 0.0911002102312544 0.02312543798178 0.10791871058164 0.0245269796776454
"derCor" 0.102312543798178 0.0462508759635599 0.066573230553609 0.0385423966362999 0.0413454800280308 0.0420462508759636 0 0.066573230553609 0.0770847932725999 0.0574632095304835 0.0525578135949544 0.079187105816398 0.0988086895585144 0.0336370007007709 0.110021023125438 0.035739313244569
"derMaw" 0.111422564821303 0.0707778556412053 0.104414856341976 0.0546601261387526 0.0651716888577435 0.0609670637701472 0.066573230553609 0 0.0953048353188507 0.071478626489138 0.071478626489138 0.10021023125438 0.112123335669236 0.0525578135949544 0.128241065171689 0.0525578135949544
"emySub" 0.110021023125438 0.0805886475122635 0.121233356692362 0.0672740014015417 0.0686755430974071 0.0707778556412053 0.0770847932725999 0.0953048353188507 0 0.0840925017519271 0.0826909600560617 0.043447792571829 0.0686755430974071 0.0637701471618781 0.0854940434477926 0.0637701471618781
"gopAga" 0.102312543798178 0.028030833917309 0.0967063770147162 0.0392431674842327 0.0350385423966363 0.0308339173090399 0.0574632095304835 0.071478626489138 0.0840925017519271 0 0.0546601261387526 0.0847932725998598 0.0960056061667835 0.0364400840925018 0.110721793973371 0.0378416257883672
"malTer" 0.101611772950245 0.0518570427470217 0.0918009810791871 0.0224246671338472 0.043447792571829 0.0420462508759636 0.0525578135949544 0.071478626489138 0.0826909600560617 0.0546601261387526 0 0.0833917309039944 0.102312543798178 0.0329362298528381 0.117729502452698 0.0266292922214436
"mesTub" 0.114926419060967 0.0770847932725999 0.121233356692362 0.0679747722494744 0.0707778556412053 0.0707778556412053 0.079187105816398 0.10021023125438 0.043447792571829 0.0847932725998598 0.0833917309039944 0 0.0735809390329362 0.0644709180098108 0.0911002102312544 0.0644709180098108
"pelCas" 0.130343377715487 0.0988086895585144 0.140854940434478 0.086895585143658 0.0903994393833217 0.0911002102312544 0.0988086895585144 0.112123335669236 0.0686755430974071 0.0960056061667835 0.102312543798178 0.0735809390329362 0 0.0861948142957253 0.0798878766643308 0.0847932725998598
"plaMeg" 0.0875963559915908 0.0322354590049054 0.0735809390329362 0.0175192711983181 0.0245269796776454 0.02312543798178 0.0336370007007709 0.0525578135949544 0.0637701471618781 0.0364400840925018 0.0329362298528381 0.0644709180098108 0.0861948142957253 0 0.104414856341976 0.0147161878065872
"podExp" 0.133146461107218 0.110021023125438 0.152768044849334 0.103714085494043 0.108619481429573 0.10791871058164 0.110021023125438 0.128241065171689 0.0854940434477926 0.110721793973371 0.117729502452698 0.0911002102312544 0.0798878766643308 0.104414856341976 0 0.101611772950245
"terMex" 0.0875963559915908 0.0336370007007709 0.0749824807288017 0.0112123335669236 0.02312543798178 0.0245269796776454 0.035739313244569 0.0525578135949544 0.0637701471618781 0.0378416257883672 0.0266292922214436 0.0644709180098108 0.0847932725998598 0.0147161878065872 0.101611772950245 0
