"carIns" "cheAbi" "cheMyd" "cheSer" "chrPic" "cuoMcc" "derCor" "derMaw" "emySub" "gopAga" "malTer" "mesTub" "pelCas" "pelSin" "plaMeg" "podExp" "terMex"
"carIns" 0 0.0524534686971235 0.0549915397631134 0.0549915397631134 0.044839255499154 0.0516074450084602 0.0592216582064298 0.0617597292724196 0.0549915397631134 0.0549915397631134 0.0473773265651438 0.0592216582064298 0.0693739424703892 0.0541455160744501 0.0465313028764805 0.104906937394247 0.0482233502538071
"cheAbi" 0.0524534686971235 0 0.0296108291032149 0.0296108291032149 0.0160744500846024 0.0152284263959391 0.0287648054145516 0.0346869712351946 0.032994923857868 0.0143824027072758 0.0143824027072758 0.0372250423011844 0.0516074450084602 0.0380710659898477 0.0135363790186125 0.0854483925549915 0.0152284263959391
"cheMyd" 0.0549915397631134 0.0296108291032149 0 0.0321489001692047 0.0211505922165821 0.0253807106598985 0.0143824027072758 0.0406091370558376 0.0372250423011844 0.032994923857868 0.0194585448392555 0.0414551607445008 0.0532994923857868 0.038917089678511 0.0186125211505922 0.0922165820642978 0.0203045685279188
"cheSer" 0.0549915397631134 0.0296108291032149 0.0321489001692047 0 0.0177664974619289 0.0245346869712352 0.0313028764805415 0.0363790186125212 0.0372250423011844 0.032994923857868 0.0194585448392555 0.0414551607445008 0.0549915397631134 0.0397631133671743 0.0186125211505922 0.0905245346869712 0.0203045685279188
"chrPic" 0.044839255499154 0.0160744500846024 0.0211505922165821 0.0177664974619289 0 0.0101522842639594 0.0203045685279188 0.0296108291032149 0.0262267343485618 0.0186125211505922 0.0050761421319797 0.0304568527918782 0.044839255499154 0.0321489001692047 0.00423011844331641 0.0803722504230118 0.00592216582064298
"cuoMcc" 0.0516074450084602 0.0152284263959391 0.0253807106598985 0.0245346869712352 0.0101522842639594 0 0.0245346869712352 0.0338409475465313 0.0304568527918782 0.0177664974619289 0.00930626057529611 0.0346869712351946 0.0482233502538071 0.0355329949238579 0.00846023688663283 0.083756345177665 0.0101522842639594
"derCor" 0.0592216582064298 0.0287648054145516 0.0143824027072758 0.0313028764805415 0.0203045685279188 0.0245346869712352 0 0.0397631133671743 0.0380710659898477 0.0321489001692047 0.0186125211505922 0.0406091370558376 0.0566835871404399 0.0431472081218274 0.0177664974619289 0.0913705583756345 0.0194585448392555
"derMaw" 0.0617597292724196 0.0346869712351946 0.0406091370558376 0.0363790186125212 0.0296108291032149 0.0338409475465313 0.0397631133671743 0 0.0423011844331641 0.0397631133671743 0.0279187817258883 0.0482233502538071 0.0609137055837563 0.050761421319797 0.027072758037225 0.0930626057529611 0.0287648054145516
"emySub" 0.0549915397631134 0.032994923857868 0.0372250423011844 0.0372250423011844 0.0262267343485618 0.0304568527918782 0.0380710659898477 0.0423011844331641 0 0.0380710659898477 0.0245346869712352 0.011844331641286 0.0363790186125212 0.0423011844331641 0.0236886632825719 0.0744500846023689 0.0253807106598985
"gopAga" 0.0549915397631134 0.0143824027072758 0.032994923857868 0.032994923857868 0.0186125211505922 0.0177664974619289 0.0321489001692047 0.0397631133671743 0.0380710659898477 0 0.0169204737732657 0.0397631133671743 0.0566835871404399 0.0406091370558376 0.0160744500846024 0.089678510998308 0.0177664974619289
"malTer" 0.0473773265651438 0.0143824027072758 0.0194585448392555 0.0194585448392555 0.0050761421319797 0.00930626057529611 0.0186125211505922 0.0279187817258883 0.0245346869712352 0.0169204737732657 0 0.0287648054145516 0.0431472081218274 0.0313028764805415 0.00253807106598985 0.0786802030456853 0.00423011844331641
"mesTub" 0.0592216582064298 0.0372250423011844 0.0414551607445008 0.0414551607445008 0.0304568527918782 0.0346869712351946 0.0406091370558376 0.0482233502538071 0.011844331641286 0.0397631133671743 0.0287648054145516 0 0.0380710659898477 0.044839255499154 0.027072758037225 0.0761421319796954 0.0296108291032149
"pelCas" 0.0693739424703892 0.0516074450084602 0.0532994923857868 0.0549915397631134 0.044839255499154 0.0482233502538071 0.0566835871404399 0.0609137055837563 0.0363790186125212 0.0566835871404399 0.0431472081218274 0.0380710659898477 0 0.0609137055837563 0.0423011844331641 0.0736040609137056 0.0439932318104907
"pelSin" 0.0541455160744501 0.0380710659898477 0.038917089678511 0.0397631133671743 0.0321489001692047 0.0355329949238579 0.0431472081218274 0.050761421319797 0.0423011844331641 0.0406091370558376 0.0313028764805415 0.044839255499154 0.0609137055837563 0 0.0304568527918782 0.0913705583756345 0.0304568527918782
"plaMeg" 0.0465313028764805 0.0135363790186125 0.0186125211505922 0.0186125211505922 0.00423011844331641 0.00846023688663283 0.0177664974619289 0.027072758037225 0.0236886632825719 0.0160744500846024 0.00253807106598985 0.027072758037225 0.0423011844331641 0.0304568527918782 0 0.0786802030456853 0.00338409475465313
"podExp" 0.104906937394247 0.0854483925549915 0.0922165820642978 0.0905245346869712 0.0803722504230118 0.083756345177665 0.0913705583756345 0.0930626057529611 0.0744500846023689 0.089678510998308 0.0786802030456853 0.0761421319796954 0.0736040609137056 0.0913705583756345 0.0786802030456853 0 0.0803722504230118
"terMex" 0.0482233502538071 0.0152284263959391 0.0203045685279188 0.0203045685279188 0.00592216582064298 0.0101522842639594 0.0194585448392555 0.0287648054145516 0.0253807106598985 0.0177664974619289 0.00423011844331641 0.0296108291032149 0.0439932318104907 0.0304568527918782 0.00338409475465313 0.0803722504230118 0
