"cheAbi" "cheMyd" "cheSer" "chrPic" "cuoAmb" "cuoMcc" "derCor" "derMaw" "emySub" "gopAga" "malTer" "mesTub" "pelCas" "pelSin" "plaMeg" "podExp" "terMex"
"cheAbi" 0 0.0236686390532544 0.0216962524654832 0.0108481262327416 0.0177514792899408 0.0157790927021696 0.0236686390532544 0.0207100591715976 0.0542406311637081 0.0138067061143984 0.0108481262327416 0.0601577909270217 0.0621301775147929 0.0522682445759369 0.0118343195266272 0.0700197238658777 0.00986193293885602
"cheMyd" 0.0236686390532544 0 0.0256410256410256 0.0187376725838264 0.0256410256410256 0.0236686390532544 0.0138067061143984 0.02465483234714 0.0571992110453649 0.0256410256410256 0.0187376725838264 0.0591715976331361 0.0700197238658777 0.0571992110453649 0.0177514792899408 0.0769230769230769 0.0177514792899408
"cheSer" 0.0216962524654832 0.0256410256410256 0 0.014792899408284 0.0236686390532544 0.0216962524654832 0.0236686390532544 0.0177514792899408 0.0522682445759369 0.0236686390532544 0.014792899408284 0.0581854043392505 0.0631163708086785 0.0552268244575937 0.0157790927021696 0.0719921104536489 0.0138067061143984
"chrPic" 0.0108481262327416 0.0187376725838264 0.014792899408284 0 0.014792899408284 0.0128205128205128 0.0187376725838264 0.0167652859960552 0.0483234714003945 0.014792899408284 0.0019723865877712 0.0542406311637081 0.0571992110453649 0.0483234714003945 0.00690335305719921 0.0660749506903353 0.0029585798816568
"cuoAmb" 0.0177514792899408 0.0256410256410256 0.0236686390532544 0.014792899408284 0 0.00394477317554241 0.0236686390532544 0.0256410256410256 0.0581854043392505 0.0177514792899408 0.014792899408284 0.0601577909270217 0.0690335305719921 0.0571992110453649 0.0157790927021696 0.0739644970414201 0.0138067061143984
"cuoMcc" 0.0157790927021696 0.0236686390532544 0.0216962524654832 0.0128205128205128 0.00394477317554241 0 0.0236686390532544 0.0236686390532544 0.0562130177514793 0.0157790927021696 0.0128205128205128 0.0581854043392505 0.0650887573964497 0.0552268244575937 0.0138067061143984 0.0739644970414201 0.0118343195266272
"derCor" 0.0236686390532544 0.0138067061143984 0.0236686390532544 0.0187376725838264 0.0236686390532544 0.0236686390532544 0 0.0226824457593688 0.0552268244575937 0.0256410256410256 0.0187376725838264 0.0571992110453649 0.0680473372781065 0.0552268244575937 0.0177514792899408 0.0769230769230769 0.0177514792899408
"derMaw" 0.0207100591715976 0.02465483234714 0.0177514792899408 0.0167652859960552 0.0256410256410256 0.0236686390532544 0.0226824457593688 0 0.0463510848126233 0.019723865877712 0.0167652859960552 0.0532544378698225 0.0562130177514793 0.0502958579881657 0.0167652859960552 0.0660749506903353 0.0157790927021696
"emySub" 0.0542406311637081 0.0571992110453649 0.0522682445759369 0.0483234714003945 0.0581854043392505 0.0562130177514793 0.0552268244575937 0.0463510848126233 0 0.0522682445759369 0.0483234714003945 0.0285996055226824 0.0532544378698225 0.0650887573964497 0.0493096646942801 0.0611439842209073 0.0473372781065089
"gopAga" 0.0138067061143984 0.0256410256410256 0.0236686390532544 0.014792899408284 0.0177514792899408 0.0157790927021696 0.0256410256410256 0.019723865877712 0.0522682445759369 0 0.014792899408284 0.0601577909270217 0.0650887573964497 0.0532544378698225 0.0157790927021696 0.0710059171597633 0.0138067061143984
"malTer" 0.0108481262327416 0.0187376725838264 0.014792899408284 0.0019723865877712 0.014792899408284 0.0128205128205128 0.0187376725838264 0.0167652859960552 0.0483234714003945 0.014792899408284 0 0.0542406311637081 0.0591715976331361 0.0483234714003945 0.00690335305719921 0.0680473372781065 0.0029585798816568
"mesTub" 0.0601577909270217 0.0591715976331361 0.0581854043392505 0.0542406311637081 0.0601577909270217 0.0581854043392505 0.0571992110453649 0.0532544378698225 0.0285996055226824 0.0601577909270217 0.0542406311637081 0 0.0611439842209073 0.0729783037475345 0.0552268244575937 0.0631163708086785 0.0512820512820513
"pelCas" 0.0621301775147929 0.0700197238658777 0.0631163708086785 0.0571992110453649 0.0690335305719921 0.0650887573964497 0.0680473372781065 0.0562130177514793 0.0532544378698225 0.0650887573964497 0.0591715976331361 0.0611439842209073 0 0.0808678500986193 0.0601577909270217 0.0601577909270217 0.0581854043392505
"pelSin" 0.0522682445759369 0.0571992110453649 0.0552268244575937 0.0483234714003945 0.0571992110453649 0.0552268244575937 0.0552268244575937 0.0502958579881657 0.0650887573964497 0.0532544378698225 0.0483234714003945 0.0729783037475345 0.0808678500986193 0 0.0493096646942801 0.0798816568047337 0.0483234714003945
"plaMeg" 0.0118343195266272 0.0177514792899408 0.0157790927021696 0.00690335305719921 0.0157790927021696 0.0138067061143984 0.0177514792899408 0.0167652859960552 0.0493096646942801 0.0157790927021696 0.00690335305719921 0.0552268244575937 0.0601577909270217 0.0493096646942801 0 0.0690335305719921 0.00591715976331361
"podExp" 0.0700197238658777 0.0769230769230769 0.0719921104536489 0.0660749506903353 0.0739644970414201 0.0739644970414201 0.0769230769230769 0.0660749506903353 0.0611439842209073 0.0710059171597633 0.0680473372781065 0.0631163708086785 0.0601577909270217 0.0798816568047337 0.0690335305719921 0 0.0670611439842209
"terMex" 0.00986193293885602 0.0177514792899408 0.0138067061143984 0.0029585798816568 0.0138067061143984 0.0118343195266272 0.0177514792899408 0.0157790927021696 0.0473372781065089 0.0138067061143984 0.0029585798816568 0.0512820512820513 0.0581854043392505 0.0483234714003945 0.00591715976331361 0.0670611439842209 0
