"carIns" "cheAbi" "cheMyd" "cheSer" "chrPic" "cuoAmb" "cuoMcc" "derCor" "derMaw" "emySub" "gopAga" "mesTub" "pelCas" "pelSin" "plaMeg" "podExp" "terMex"
"carIns" 0 0.0769769069279216 0.0678796361091673 0.0692792162351295 0.0699790062981106 0.0741777466759972 0.0713785864240728 0.0685794261721484 0.0720783764870539 0.086074177746676 0.0748775367389783 0.0937718684394682 0.102869139258223 0.0748775367389783 0.0699790062981106 0.099370188943317 0.0657802659202239
"cheAbi" 0.0769769069279216 0 0.0370888733379986 0.0342897130860742 0.0279916025192442 0.0251924422673198 0.0209937018894332 0.0426871938418474 0.0349895031490553 0.0650804758572428 0.0125962211336599 0.0650804758572428 0.0874737578726382 0.0587823652904129 0.0258922323303009 0.0825752274317705 0.0230930720783765
"cheMyd" 0.0678796361091673 0.0370888733379986 0 0.0237928621413576 0.0272918124562631 0.0300909727081875 0.0279916025192442 0.0146955913226032 0.0307907627711686 0.059482155353394 0.0356892932120364 0.0622813156053184 0.079776067179846 0.0601819454163751 0.0244926522043387 0.0811756473058083 0.0230930720783765
"cheSer" 0.0692792162351295 0.0342897130860742 0.0237928621413576 0 0.0279916025192442 0.0314905528341498 0.0279916025192442 0.0279916025192442 0.0251924422673198 0.0552834149755073 0.0342897130860742 0.0608817354793562 0.079776067179846 0.0615815255423373 0.0251924422673198 0.0776766969909027 0.0237928621413576
"chrPic" 0.0699790062981106 0.0279916025192442 0.0272918124562631 0.0279916025192442 0 0.0181945416375087 0.0153953813855843 0.0321903428971309 0.0293911826452064 0.0573827851644507 0.0251924422673198 0.0601819454163751 0.0818754373687894 0.0601819454163751 0.0174947515745276 0.079776067179846 0.0104968509447166
"cuoAmb" 0.0741777466759972 0.0251924422673198 0.0300909727081875 0.0314905528341498 0.0181945416375087 0 0.00559832050384884 0.0370888733379986 0.032890132960112 0.0566829951014696 0.0223932820153954 0.059482155353394 0.0818754373687894 0.059482155353394 0.0216934919524143 0.0804758572428271 0.0160951714485654
"cuoMcc" 0.0713785864240728 0.0209937018894332 0.0279916025192442 0.0279916025192442 0.0153953813855843 0.00559832050384884 0 0.0335899230230931 0.0286913925822253 0.0559832050384885 0.019594121763471 0.0566829951014696 0.0804758572428271 0.0587823652904129 0.0174947515745276 0.0776766969909027 0.0118964310706788
"derCor" 0.0685794261721484 0.0426871938418474 0.0146955913226032 0.0279916025192442 0.0321903428971309 0.0370888733379986 0.0335899230230931 0 0.0377886634009797 0.0650804758572428 0.0412876137158852 0.0671798460461861 0.0867739678096571 0.0650804758572428 0.0314905528341498 0.0846745976207138 0.0300909727081875
"derMaw" 0.0720783764870539 0.0349895031490553 0.0307907627711686 0.0251924422673198 0.0293911826452064 0.032890132960112 0.0286913925822253 0.0377886634009797 0 0.059482155353394 0.0363890832750175 0.0636808957312806 0.0811756473058083 0.0643806857942617 0.026592022393282 0.0790762771168649 0.0223932820153954
"emySub" 0.086074177746676 0.0650804758572428 0.059482155353394 0.0552834149755073 0.0573827851644507 0.0566829951014696 0.0559832050384885 0.0650804758572428 0.059482155353394 0 0.0608817354793562 0.0363890832750175 0.0762771168649405 0.079776067179846 0.0573827851644507 0.0755773268019594 0.0552834149755073
"gopAga" 0.0748775367389783 0.0125962211336599 0.0356892932120364 0.0342897130860742 0.0251924422673198 0.0223932820153954 0.019594121763471 0.0412876137158852 0.0363890832750175 0.0608817354793562 0 0.0636808957312806 0.0846745976207138 0.0587823652904129 0.0244926522043387 0.0832750174947516 0.0216934919524143
"mesTub" 0.0937718684394682 0.0650804758572428 0.0622813156053184 0.0608817354793562 0.0601819454163751 0.059482155353394 0.0566829951014696 0.0671798460461861 0.0636808957312806 0.0363890832750175 0.0636808957312806 0 0.0783764870538838 0.0783764870538838 0.0573827851644507 0.0811756473058083 0.0559832050384885
"pelCas" 0.102869139258223 0.0874737578726382 0.079776067179846 0.079776067179846 0.0818754373687894 0.0818754373687894 0.0804758572428271 0.0867739678096571 0.0811756473058083 0.0762771168649405 0.0846745976207138 0.0783764870538838 0 0.0986703988803359 0.0818754373687894 0.059482155353394 0.0804758572428271
"pelSin" 0.0748775367389783 0.0587823652904129 0.0601819454163751 0.0615815255423373 0.0601819454163751 0.059482155353394 0.0587823652904129 0.0650804758572428 0.0643806857942617 0.079776067179846 0.0587823652904129 0.0783764870538838 0.0986703988803359 0 0.0601819454163751 0.10146955913226 0.0559832050384885
"plaMeg" 0.0699790062981106 0.0258922323303009 0.0244926522043387 0.0251924422673198 0.0174947515745276 0.0216934919524143 0.0174947515745276 0.0314905528341498 0.026592022393282 0.0573827851644507 0.0244926522043387 0.0573827851644507 0.0818754373687894 0.0601819454163751 0 0.0811756473058083 0.00979706088173548
"podExp" 0.099370188943317 0.0825752274317705 0.0811756473058083 0.0776766969909027 0.079776067179846 0.0804758572428271 0.0776766969909027 0.0846745976207138 0.0790762771168649 0.0755773268019594 0.0832750174947516 0.0811756473058083 0.059482155353394 0.10146955913226 0.0811756473058083 0 0.0783764870538838
"terMex" 0.0657802659202239 0.0230930720783765 0.0230930720783765 0.0237928621413576 0.0104968509447166 0.0160951714485654 0.0118964310706788 0.0300909727081875 0.0223932820153954 0.0552834149755073 0.0216934919524143 0.0559832050384885 0.0804758572428271 0.0559832050384885 0.00979706088173548 0.0783764870538838 0
