"carIns" "cheMyd" "chrPic" "cuoAmb" "cuoMcc" "derCor" "derMaw" "emySub" "gopAga" "malTer" "mesTub" "pelCas" "pelSin" "plaMeg" "podExp" "terMex"
"carIns" 0 0.0540540540540541 0.0465465465465465 0.045045045045045 0.045045045045045 0.0555555555555556 0.0735735735735736 0.0705705705705706 0.0540540540540541 0.0660660660660661 0.127627627627628 0.0825825825825826 0.0840840840840841 0.0465465465465465 0.123123123123123 0.0540540540540541
"cheMyd" 0.0540540540540541 0 0.021021021021021 0.0165165165165165 0.0165165165165165 0.0225225225225225 0.0465465465465465 0.0495495495495495 0.024024024024024 0.0405405405405405 0.115615615615616 0.0705705705705706 0.0675675675675676 0.0195195195195195 0.112612612612613 0.027027027027027
"chrPic" 0.0465465465465465 0.021021021021021 0 0.00750750750750751 0.00750750750750751 0.027027027027027 0.0465465465465465 0.0405405405405405 0.018018018018018 0.0225225225225225 0.108108108108108 0.0645645645645646 0.0585585585585586 0.00900900900900901 0.103603603603604 0.00900900900900901
"cuoAmb" 0.045045045045045 0.0165165165165165 0.00750750750750751 0 0.003003003003003 0.0225225225225225 0.042042042042042 0.0405405405405405 0.0135135135135135 0.027027027027027 0.105105105105105 0.0615615615615616 0.057057057057057 0.00600600600600601 0.100600600600601 0.0135135135135135
"cuoMcc" 0.045045045045045 0.0165165165165165 0.00750750750750751 0.003003003003003 0 0.0225225225225225 0.042042042042042 0.039039039039039 0.0135135135135135 0.027027027027027 0.105105105105105 0.0600600600600601 0.057057057057057 0.00600600600600601 0.0990990990990991 0.0135135135135135
"derCor" 0.0555555555555556 0.0225225225225225 0.027027027027027 0.0225225225225225 0.0225225225225225 0 0.0555555555555556 0.0555555555555556 0.033033033033033 0.0435435435435435 0.114114114114114 0.0780780780780781 0.0675675675675676 0.0255255255255255 0.115615615615616 0.033033033033033
"derMaw" 0.0735735735735736 0.0465465465465465 0.0465465465465465 0.042042042042042 0.042042042042042 0.0555555555555556 0 0.0795795795795796 0.0525525525525526 0.048048048048048 0.141141141141141 0.0930930930930931 0.0765765765765766 0.045045045045045 0.136636636636637 0.051051051051051
"emySub" 0.0705705705705706 0.0495495495495495 0.0405405405405405 0.0405405405405405 0.039039039039039 0.0555555555555556 0.0795795795795796 0 0.051051051051051 0.0600600600600601 0.0945945945945946 0.0540540540540541 0.0720720720720721 0.0375375375375375 0.0990990990990991 0.048048048048048
"gopAga" 0.0540540540540541 0.024024024024024 0.018018018018018 0.0135135135135135 0.0135135135135135 0.033033033033033 0.0525525525525526 0.051051051051051 0 0.0375375375375375 0.114114114114114 0.0720720720720721 0.0615615615615616 0.0165165165165165 0.108108108108108 0.0225225225225225
"malTer" 0.0660660660660661 0.0405405405405405 0.0225225225225225 0.027027027027027 0.027027027027027 0.0435435435435435 0.048048048048048 0.0600600600600601 0.0375375375375375 0 0.129129129129129 0.0825825825825826 0.0630630630630631 0.03003003003003 0.121621621621622 0.027027027027027
"mesTub" 0.127627627627628 0.115615615615616 0.108108108108108 0.105105105105105 0.105105105105105 0.114114114114114 0.141141141141141 0.0945945945945946 0.114114114114114 0.129129129129129 0 0.105105105105105 0.13963963963964 0.105105105105105 0.154654654654655 0.112612612612613
"pelCas" 0.0825825825825826 0.0705705705705706 0.0645645645645646 0.0615615615615616 0.0600600600600601 0.0780780780780781 0.0930930930930931 0.0540540540540541 0.0720720720720721 0.0825825825825826 0.105105105105105 0 0.0990990990990991 0.0585585585585586 0.0915915915915916 0.0690690690690691
"pelSin" 0.0840840840840841 0.0675675675675676 0.0585585585585586 0.057057057057057 0.057057057057057 0.0675675675675676 0.0765765765765766 0.0720720720720721 0.0615615615615616 0.0630630630630631 0.13963963963964 0.0990990990990991 0 0.0585585585585586 0.138138138138138 0.0660660660660661
"plaMeg" 0.0465465465465465 0.0195195195195195 0.00900900900900901 0.00600600600600601 0.00600600600600601 0.0255255255255255 0.045045045045045 0.0375375375375375 0.0165165165165165 0.03003003003003 0.105105105105105 0.0585585585585586 0.0585585585585586 0 0.0975975975975976 0.0165165165165165
"podExp" 0.123123123123123 0.112612612612613 0.103603603603604 0.100600600600601 0.0990990990990991 0.115615615615616 0.136636636636637 0.0990990990990991 0.108108108108108 0.121621621621622 0.154654654654655 0.0915915915915916 0.138138138138138 0.0975975975975976 0 0.111111111111111
"terMex" 0.0540540540540541 0.027027027027027 0.00900900900900901 0.0135135135135135 0.0135135135135135 0.033033033033033 0.051051051051051 0.048048048048048 0.0225225225225225 0.027027027027027 0.112612612612613 0.0690690690690691 0.0660660660660661 0.0165165165165165 0.111111111111111 0
