"carIns" "cheAbi" "cheSer" "cuoMcc" "malTer" "mesTub" "pelCas" "pelSin" "podExp"
"carIns" 0 0.162303664921466 0.179755671902269 0.161431064572426 0.18673647469459 0.174520069808028 0.195462478184991 0.157940663176265 0.205061082024433
"cheAbi" 0.162303664921466 0 0.136125654450262 0.00349040139616056 0.138743455497382 0.0322862129144852 0.157068062827225 0.0305410122164049 0.160558464223386
"cheSer" 0.179755671902269 0.136125654450262 0 0.132635253054101 0.168411867364747 0.145724258289703 0.183246073298429 0.148342059336824 0.191972076788831
"cuoMcc" 0.161431064572426 0.00349040139616056 0.132635253054101 0 0.136998254799302 0.0322862129144852 0.155322862129145 0.0287958115183246 0.158813263525305
"malTer" 0.18673647469459 0.138743455497382 0.168411867364747 0.136998254799302 0 0.150087260034904 0.171902268760908 0.152705061082024 0.177137870855148
"mesTub" 0.174520069808028 0.0322862129144852 0.145724258289703 0.0322862129144852 0.150087260034904 0 0.142233856893543 0.0383944153577661 0.149214659685864
"pelCas" 0.195462478184991 0.157068062827225 0.183246073298429 0.155322862129145 0.171902268760908 0.142233856893543 0 0.161431064572426 0.173647469458988
"pelSin" 0.157940663176265 0.0305410122164049 0.148342059336824 0.0287958115183246 0.152705061082024 0.0383944153577661 0.161431064572426 0 0.159685863874346
"podExp" 0.205061082024433 0.160558464223386 0.191972076788831 0.158813263525305 0.177137870855148 0.149214659685864 0.173647469458988 0.159685863874346 0
