"carIns" "cheAbi" "cheMyd" "chrPic" "cuoMcc" "derCor" "derMaw" "emySub" "gopAga" "mesTub" "pelCas" "pelSin" "plaMeg" "podExp" "terMex"
"carIns" 0 0.0684371807967314 0.0582226762002043 0.0602655771195097 0.0561797752808989 0.12461695607763 0.0612870275791624 0.0725229826353422 0.0572012257405516 0.0796731358529111 0.0847803881511747 0.0653728294177732 0.059244126659857 0.0878447395301328 0.0612870275791624
"cheAbi" 0.0684371807967314 0 0.0296220633299285 0.0296220633299285 0.0204290091930541 0.093973442288049 0.0357507660878447 0.0510725229826353 0.0204290091930541 0.0510725229826353 0.0561797752808989 0.0510725229826353 0.0275791624106231 0.0602655771195097 0.0296220633299285
"cheMyd" 0.0582226762002043 0.0296220633299285 0 0.0183861082737487 0.0163432073544433 0.0776302349336057 0.0286006128702758 0.0408580183861083 0.024514811031665 0.0449438202247191 0.0469867211440245 0.0449438202247191 0.017364657814096 0.0572012257405516 0.0194075587334014
"chrPic" 0.0602655771195097 0.0296220633299285 0.0183861082737487 0 0.0163432073544433 0.0817160367722165 0.0306435137895812 0.041879468845761 0.024514811031665 0.0449438202247191 0.0490296220633299 0.0469867211440245 0.017364657814096 0.0572012257405516 0.0112359550561798
"cuoMcc" 0.0561797752808989 0.0204290091930541 0.0163432073544433 0.0163432073544433 0 0.0827374872318693 0.0265577119509704 0.0388151174668029 0.0143003064351379 0.0408580183861083 0.0439223697650664 0.0408580183861083 0.0132788559754852 0.0541368743615935 0.0153217568947906
"derCor" 0.12461695607763 0.093973442288049 0.0776302349336057 0.0817160367722165 0.0827374872318693 0 0.0970377936670072 0.106230847803882 0.0919305413687436 0.10929519918284 0.10929519918284 0.108273748723187 0.0847803881511747 0.112359550561798 0.0868232890704801
"derMaw" 0.0612870275791624 0.0357507660878447 0.0286006128702758 0.0306435137895812 0.0265577119509704 0.0970377936670072 0 0.0490296220633299 0.0316649642492339 0.0510725229826353 0.0551583248212462 0.0480081716036772 0.0275791624106231 0.0643513789581205 0.0296220633299285
"emySub" 0.0725229826353422 0.0510725229826353 0.0408580183861083 0.041879468845761 0.0388151174668029 0.106230847803882 0.0490296220633299 0 0.0429009193054137 0.0275791624106231 0.0388151174668029 0.0582226762002043 0.0377936670071502 0.0459652706843718 0.041879468845761
"gopAga" 0.0572012257405516 0.0204290091930541 0.024514811031665 0.024514811031665 0.0143003064351379 0.0919305413687436 0.0316649642492339 0.0429009193054137 0 0.0490296220633299 0.052093973442288 0.0449438202247191 0.0194075587334014 0.0582226762002043 0.0234933605720123
"mesTub" 0.0796731358529111 0.0510725229826353 0.0449438202247191 0.0449438202247191 0.0408580183861083 0.10929519918284 0.0510725229826353 0.0275791624106231 0.0490296220633299 0 0.041879468845761 0.0653728294177732 0.041879468845761 0.0500510725229826 0.0439223697650664
"pelCas" 0.0847803881511747 0.0561797752808989 0.0469867211440245 0.0490296220633299 0.0439223697650664 0.10929519918284 0.0551583248212462 0.0388151174668029 0.052093973442288 0.041879468845761 0 0.0653728294177732 0.0480081716036772 0.0429009193054137 0.0500510725229826
"pelSin" 0.0653728294177732 0.0510725229826353 0.0449438202247191 0.0469867211440245 0.0408580183861083 0.108273748723187 0.0480081716036772 0.0582226762002043 0.0449438202247191 0.0653728294177732 0.0653728294177732 0 0.0439223697650664 0.0735444330949949 0.0469867211440245
"plaMeg" 0.059244126659857 0.0275791624106231 0.017364657814096 0.017364657814096 0.0132788559754852 0.0847803881511747 0.0275791624106231 0.0377936670071502 0.0194075587334014 0.041879468845761 0.0480081716036772 0.0439223697650664 0 0.0561797752808989 0.0163432073544433
"podExp" 0.0878447395301328 0.0602655771195097 0.0572012257405516 0.0572012257405516 0.0541368743615935 0.112359550561798 0.0643513789581205 0.0459652706843718 0.0582226762002043 0.0500510725229826 0.0429009193054137 0.0735444330949949 0.0561797752808989 0 0.0551583248212462
"terMex" 0.0612870275791624 0.0296220633299285 0.0194075587334014 0.0112359550561798 0.0153217568947906 0.0868232890704801 0.0296220633299285 0.041879468845761 0.0234933605720123 0.0439223697650664 0.0500510725229826 0.0469867211440245 0.0163432073544433 0.0551583248212462 0
