"carIns" "cheAbi" "cheMyd" "chrPic" "cuoMcc" "derCor" "derMaw" "emySub" "gopAga" "malTer" "pelCas" "pelSin" "plaMeg" "podExp" "terMex"
"carIns" 0 0.115296803652968 0.11986301369863 0.106164383561644 0.102739726027397 0.117579908675799 0.121004566210046 0.188356164383562 0.110730593607306 0.105022831050228 0.168949771689498 0.111872146118721 0.105022831050228 0.168949771689498 0.108447488584475
"cheAbi" 0.115296803652968 0 0.0525114155251142 0.0273972602739726 0.021689497716895 0.0410958904109589 0.0833333333333333 0.146118721461187 0.0251141552511416 0.0262557077625571 0.124429223744292 0.103881278538813 0.0262557077625571 0.133561643835616 0.0285388127853881
"cheMyd" 0.11986301369863 0.0525114155251142 0 0.0445205479452055 0.0388127853881279 0.0422374429223744 0.091324200913242 0.158675799086758 0.0525114155251142 0.04337899543379 0.128995433789954 0.10958904109589 0.04337899543379 0.139269406392694 0.04337899543379
"chrPic" 0.106164383561644 0.0273972602739726 0.0445205479452055 0 0.0125570776255708 0.0365296803652968 0.0730593607305936 0.143835616438356 0.0262557077625571 0.0102739726027397 0.115296803652968 0.0970319634703196 0.0171232876712329 0.128995433789954 0.0148401826484018
"cuoMcc" 0.102739726027397 0.021689497716895 0.0388127853881279 0.0125570776255708 0 0.0353881278538813 0.0684931506849315 0.138127853881279 0.0205479452054795 0.0114155251141553 0.115296803652968 0.093607305936073 0.0136986301369863 0.127853881278539 0.0159817351598174
"derCor" 0.117579908675799 0.0410958904109589 0.0422374429223744 0.0365296803652968 0.0353881278538813 0 0.0867579908675799 0.156392694063927 0.047945205479452 0.0331050228310502 0.118721461187215 0.107305936073059 0.0365296803652968 0.132420091324201 0.0388127853881279
"derMaw" 0.121004566210046 0.0833333333333333 0.091324200913242 0.0730593607305936 0.0684931506849315 0.0867579908675799 0 0.164383561643836 0.0821917808219178 0.0753424657534247 0.151826484018265 0.116438356164384 0.0730593607305936 0.157534246575342 0.0776255707762557
"emySub" 0.188356164383562 0.146118721461187 0.158675799086758 0.143835616438356 0.138127853881279 0.156392694063927 0.164383561643836 0 0.142694063926941 0.142694063926941 0.162100456621005 0.174657534246575 0.138127853881279 0.179223744292237 0.144977168949772
"gopAga" 0.110730593607306 0.0251141552511416 0.0525114155251142 0.0262557077625571 0.0205479452054795 0.047945205479452 0.0821917808219178 0.142694063926941 0 0.0251141552511416 0.123287671232877 0.0970319634703196 0.0273972602739726 0.131278538812785 0.0273972602739726
"malTer" 0.105022831050228 0.0262557077625571 0.04337899543379 0.0102739726027397 0.0114155251141553 0.0331050228310502 0.0753424657534247 0.142694063926941 0.0251141552511416 0 0.110730593607306 0.091324200913242 0.0159817351598174 0.126712328767123 0.0136986301369863
"pelCas" 0.168949771689498 0.124429223744292 0.128995433789954 0.115296803652968 0.115296803652968 0.118721461187215 0.151826484018265 0.162100456621005 0.123287671232877 0.110730593607306 0 0.150684931506849 0.116438356164384 0.111872146118721 0.118721461187215
"pelSin" 0.111872146118721 0.103881278538813 0.10958904109589 0.0970319634703196 0.093607305936073 0.107305936073059 0.116438356164384 0.174657534246575 0.0970319634703196 0.091324200913242 0.150684931506849 0 0.0947488584474886 0.157534246575342 0.0970319634703196
"plaMeg" 0.105022831050228 0.0262557077625571 0.04337899543379 0.0171232876712329 0.0136986301369863 0.0365296803652968 0.0730593607305936 0.138127853881279 0.0273972602739726 0.0159817351598174 0.116438356164384 0.0947488584474886 0 0.128995433789954 0.0205479452054795
"podExp" 0.168949771689498 0.133561643835616 0.139269406392694 0.128995433789954 0.127853881278539 0.132420091324201 0.157534246575342 0.179223744292237 0.131278538812785 0.126712328767123 0.111872146118721 0.157534246575342 0.128995433789954 0 0.127853881278539
"terMex" 0.108447488584475 0.0285388127853881 0.04337899543379 0.0148401826484018 0.0159817351598174 0.0388127853881279 0.0776255707762557 0.144977168949772 0.0273972602739726 0.0136986301369863 0.118721461187215 0.0970319634703196 0.0205479452054795 0.127853881278539 0
