"carIns" "cheAbi" "cheMyd" "cheSer" "chrPic" "cuoMcc" "derCor" "derMaw" "emySub" "gopAga" "malTer" "mesTub" "pelCas" "pelSin" "plaMeg" "podExp"
"carIns" 0 0.0926517571884984 0.0894568690095847 0.0873269435569755 0.0947816826411076 0.0915867944621938 0.0915867944621938 0.0915867944621938 0.0958466453674121 0.0883919062832801 0.0958466453674121 0.0979765708200213 0.112886048988285 0.117145899893504 0.0862619808306709 0.120340788072417
"cheAbi" 0.0926517571884984 0 0.033013844515442 0.0287539936102236 0.0234291799787007 0.0117145899893504 0.0394036208732694 0.0372736954206603 0.0575079872204473 0.00958466453674121 0.0244941427050053 0.0628328008519702 0.080937167199148 0.11395101171459 0.0191693290734824 0.0894568690095847
"cheMyd" 0.0894568690095847 0.033013844515442 0 0.0276890308839191 0.033013844515442 0.0276890308839191 0.0212992545260916 0.033013844515442 0.0521831735889244 0.0340788072417465 0.0319488817891374 0.0596379126730564 0.0883919062832801 0.104366347177849 0.0266240681576145 0.0894568690095847
"cheSer" 0.0873269435569755 0.0287539936102236 0.0276890308839191 0 0.033013844515442 0.0255591054313099 0.0340788072417465 0.0362087326943557 0.0543130990415335 0.0276890308839191 0.0319488817891374 0.0585729499467519 0.0788072417465389 0.104366347177849 0.0244941427050053 0.0894568690095847
"chrPic" 0.0947816826411076 0.0234291799787007 0.033013844515442 0.033013844515442 0 0.020234291799787 0.0372736954206603 0.0372736954206603 0.0575079872204473 0.0266240681576145 0.00638977635782748 0.0628328008519702 0.0841320553780618 0.111821086261981 0.0191693290734824 0.0894568690095847
"cuoMcc" 0.0915867944621938 0.0117145899893504 0.0276890308839191 0.0255591054313099 0.020234291799787 0 0.0340788072417465 0.0319488817891374 0.0521831735889244 0.0106496272630458 0.0181043663471778 0.0575079872204473 0.0788072417465389 0.106496272630458 0.0138445154419595 0.0862619808306709
"derCor" 0.0915867944621938 0.0394036208732694 0.0212992545260916 0.0340788072417465 0.0372736954206603 0.0340788072417465 0 0.0394036208732694 0.0564430244941427 0.0383386581469649 0.0383386581469649 0.0660276890308839 0.0958466453674121 0.108626198083067 0.0308839190628328 0.0947816826411076
"derMaw" 0.0915867944621938 0.0372736954206603 0.033013844515442 0.0362087326943557 0.0372736954206603 0.0319488817891374 0.0394036208732694 0 0.0617678381256656 0.0383386581469649 0.0362087326943557 0.0649627263045793 0.0915867944621938 0.107561235356763 0.0308839190628328 0.0958466453674121
"emySub" 0.0958466453674121 0.0575079872204473 0.0521831735889244 0.0543130990415335 0.0575079872204473 0.0521831735889244 0.0564430244941427 0.0617678381256656 0 0.0564430244941427 0.0553780617678381 0.0276890308839191 0.073482428115016 0.103301384451544 0.0511182108626198 0.0660276890308839
"gopAga" 0.0883919062832801 0.00958466453674121 0.0340788072417465 0.0276890308839191 0.0266240681576145 0.0106496272630458 0.0383386581469649 0.0383386581469649 0.0564430244941427 0 0.0255591054313099 0.0638977635782748 0.0777422790202343 0.107561235356763 0.0159744408945687 0.0873269435569755
"malTer" 0.0958466453674121 0.0244941427050053 0.0319488817891374 0.0319488817891374 0.00638977635782748 0.0181043663471778 0.0383386581469649 0.0362087326943557 0.0553780617678381 0.0255591054313099 0 0.060702875399361 0.0851970181043663 0.110756123535676 0.0181043663471778 0.0873269435569755
"mesTub" 0.0979765708200213 0.0628328008519702 0.0596379126730564 0.0585729499467519 0.0628328008519702 0.0575079872204473 0.0660276890308839 0.0649627263045793 0.0276890308839191 0.0638977635782748 0.060702875399361 0 0.0766773162939297 0.109691160809372 0.0564430244941427 0.0649627263045793
"pelCas" 0.112886048988285 0.080937167199148 0.0883919062832801 0.0788072417465389 0.0841320553780618 0.0788072417465389 0.0958466453674121 0.0915867944621938 0.073482428115016 0.0777422790202343 0.0851970181043663 0.0766773162939297 0 0.124600638977636 0.0820021299254526 0.0915867944621938
"pelSin" 0.117145899893504 0.11395101171459 0.104366347177849 0.104366347177849 0.111821086261981 0.106496272630458 0.108626198083067 0.107561235356763 0.103301384451544 0.107561235356763 0.110756123535676 0.109691160809372 0.124600638977636 0 0.103301384451544 0.132055378061768
"plaMeg" 0.0862619808306709 0.0191693290734824 0.0266240681576145 0.0244941427050053 0.0191693290734824 0.0138445154419595 0.0308839190628328 0.0308839190628328 0.0511182108626198 0.0159744408945687 0.0181043663471778 0.0564430244941427 0.0820021299254526 0.103301384451544 0 0.0830670926517572
"podExp" 0.120340788072417 0.0894568690095847 0.0894568690095847 0.0894568690095847 0.0894568690095847 0.0862619808306709 0.0947816826411076 0.0958466453674121 0.0660276890308839 0.0873269435569755 0.0873269435569755 0.0649627263045793 0.0915867944621938 0.132055378061768 0.0830670926517572 0
