"carIns" "cheAbi" "cheMyd" "cheSer" "chrPic" "cuoAmb" "derCor" "derMaw" "emySub" "gopAga" "mesTub" "pelCas" "pelSin" "plaMeg" "podExp" "terMex"
"carIns" 0 0.127129750982962 0.117955439056356 0.115334207077326 0.115334207077326 0.114678899082569 0.119921363040629 0.123197903014417 0.208387942332896 0.117955439056356 0.163171690694626 0.157273918741809 0.13564875491481 0.113368283093054 0.257536041939712 0.112057667103539
"cheAbi" 0.127129750982962 0 0.0622542595019659 0.0642201834862385 0.0504587155963303 0.0406290956749672 0.0668414154652687 0.073394495412844 0.197247706422018 0.0327653997378768 0.125163826998689 0.125163826998689 0.108781127129751 0.0465268676277851 0.241153342070773 0.0484927916120577
"cheMyd" 0.117955439056356 0.0622542595019659 0 0.0412844036697248 0.0412844036697248 0.0439056356487549 0.0222804718217562 0.0517693315858453 0.17824377457405 0.0465268676277851 0.105504587155963 0.107470511140236 0.09043250327654 0.0425950196592398 0.22346002621232 0.0393184796854522
"cheSer" 0.115334207077326 0.0642201834862385 0.0412844036697248 0 0.0412844036697248 0.0439056356487549 0.0432503276539974 0.0432503276539974 0.178899082568807 0.0465268676277851 0.106159895150721 0.106159895150721 0.091743119266055 0.0412844036697248 0.229357798165138 0.0399737876802097
"chrPic" 0.115334207077326 0.0504587155963303 0.0412844036697248 0.0412844036697248 0 0.0288335517693316 0.0445609436435125 0.0517693315858453 0.179554390563565 0.0334207077326343 0.102883355176933 0.106815203145478 0.0878112712975098 0.0262123197903014 0.222804718217562 0.0104849279161206
"cuoAmb" 0.114678899082569 0.0406290956749672 0.0439056356487549 0.0439056356487549 0.0288335517693316 0 0.0484927916120577 0.0517693315858453 0.182830930537353 0.0235910878112713 0.104193971166448 0.110747051114024 0.0910878112712975 0.0235910878112713 0.231979030144168 0.026867627785059
"derCor" 0.119921363040629 0.0668414154652687 0.0222804718217562 0.0432503276539974 0.0445609436435125 0.0484927916120577 0 0.055045871559633 0.18348623853211 0.0511140235910878 0.104849279161206 0.108781127129751 0.0884665792922674 0.0445609436435125 0.228047182175623 0.0425950196592398
"derMaw" 0.123197903014417 0.073394495412844 0.0517693315858453 0.0432503276539974 0.0517693315858453 0.0517693315858453 0.055045871559633 0 0.185452162516383 0.0570117955439056 0.110091743119266 0.112712975098296 0.0996068152031455 0.0504587155963303 0.231979030144168 0.0511140235910878
"emySub" 0.208387942332896 0.197247706422018 0.17824377457405 0.178899082568807 0.179554390563565 0.182830930537353 0.18348623853211 0.185452162516383 0 0.18872870249017 0.177588466579292 0.1913499344692 0.21821756225426 0.180209698558322 0.237876802096986 0.17824377457405
"gopAga" 0.117955439056356 0.0327653997378768 0.0465268676277851 0.0465268676277851 0.0334207077326343 0.0235910878112713 0.0511140235910878 0.0570117955439056 0.18872870249017 0 0.110091743119266 0.110747051114024 0.0937090432503277 0.0294888597640891 0.228047182175623 0.0314547837483617
"mesTub" 0.163171690694626 0.125163826998689 0.105504587155963 0.106159895150721 0.102883355176933 0.104193971166448 0.104849279161206 0.110091743119266 0.177588466579292 0.110091743119266 0 0.111402359108781 0.13564875491481 0.102883355176933 0.242463958060288 0.100917431192661
"pelCas" 0.157273918741809 0.125163826998689 0.107470511140236 0.106159895150721 0.106815203145478 0.110747051114024 0.108781127129751 0.112712975098296 0.1913499344692 0.110747051114024 0.111402359108781 0 0.137614678899083 0.105504587155963 0.212319790301442 0.104193971166448
"pelSin" 0.13564875491481 0.108781127129751 0.09043250327654 0.091743119266055 0.0878112712975098 0.0910878112712975 0.0884665792922674 0.0996068152031455 0.21821756225426 0.0937090432503277 0.13564875491481 0.137614678899083 0 0.0891218872870249 0.251638269986894 0.0865006553079948
"plaMeg" 0.113368283093054 0.0465268676277851 0.0425950196592398 0.0412844036697248 0.0262123197903014 0.0235910878112713 0.0445609436435125 0.0504587155963303 0.180209698558322 0.0294888597640891 0.102883355176933 0.105504587155963 0.0891218872870249 0 0.22608125819135 0.0242463958060288
"podExp" 0.257536041939712 0.241153342070773 0.22346002621232 0.229357798165138 0.222804718217562 0.231979030144168 0.228047182175623 0.231979030144168 0.237876802096986 0.228047182175623 0.242463958060288 0.212319790301442 0.251638269986894 0.22608125819135 0 0.22083879423329
"terMex" 0.112057667103539 0.0484927916120577 0.0393184796854522 0.0399737876802097 0.0104849279161206 0.026867627785059 0.0425950196592398 0.0511140235910878 0.17824377457405 0.0314547837483617 0.100917431192661 0.104193971166448 0.0865006553079948 0.0242463958060288 0.22083879423329 0
