"carIns" "cheAbi" "cheMyd" "cheSer" "chrPic" "cuoAmb" "cuoMcc" "derCor" "derMaw" "emySub" "gopAga" "mesTub" "pelCas" "pelSin" "plaMeg" "podExp" "terMex"
"carIns" 0 0.0800268997982515 0.0786819098856759 0.078009414929388 0.0692669804976463 0.0773369199731002 0.0800268997982515 0.0968392737054472 0.0759919300605245 0.0928043039677202 0.0833893745796907 0.0874243443174176 0.102891728312038 0.0733019502353732 0.0712844653665097 0.0954942837928716 0.0699394754539341
"cheAbi" 0.0800268997982515 0 0.0410221923335575 0.0403496973772697 0.0262273032952253 0.0161398789509079 0.0201748486886348 0.0652320107599193 0.0410221923335575 0.0719569603227976 0.01546738399462 0.0672494956287828 0.0773369199731002 0.0679219905850706 0.0262273032952253 0.0786819098856759 0.0268997982515131
"cheMyd" 0.0786819098856759 0.0410221923335575 0 0.0289172831203766 0.0289172831203766 0.0376597175521184 0.0416946872898453 0.0517821116341627 0.039004707464694 0.0699394754539341 0.0423671822461332 0.0659045057162071 0.0759919300605245 0.0685944855413584 0.0295897780766644 0.078009414929388 0.0316072629455279
"cheSer" 0.078009414929388 0.0403496973772697 0.0289172831203766 0 0.0268997982515131 0.0369872225958305 0.0410221923335575 0.058507061197041 0.0356422326832549 0.0685944855413584 0.0416946872898453 0.0645595158036315 0.0773369199731002 0.0685944855413584 0.0289172831203766 0.0766644250168124 0.0295897780766644
"chrPic" 0.0692669804976463 0.0262273032952253 0.0289172831203766 0.0268997982515131 0 0.0208473436449227 0.023537323470074 0.0517821116341627 0.0262273032952253 0.0598520511096167 0.0255548083389375 0.0551445864156019 0.0672494956287828 0.058507061197041 0.0107599193006052 0.0692669804976463 0.00739744451916611
"cuoAmb" 0.0773369199731002 0.0161398789509079 0.0376597175521184 0.0369872225958305 0.0208473436449227 0 0.00537995965030262 0.0598520511096167 0.0369872225958305 0.0672494956287828 0.01546738399462 0.0611970410221923 0.0739744451916611 0.0638870208473436 0.0208473436449227 0.0759919300605245 0.0201748486886348
"cuoMcc" 0.0800268997982515 0.0201748486886348 0.0416946872898453 0.0410221923335575 0.023537323470074 0.00537995965030262 0 0.0638870208473436 0.0410221923335575 0.0699394754539341 0.0188298587760592 0.0638870208473436 0.0766644250168124 0.0645595158036315 0.0248823133826496 0.078009414929388 0.0242098184263618
"derCor" 0.0968392737054472 0.0652320107599193 0.0517821116341627 0.058507061197041 0.0517821116341627 0.0598520511096167 0.0638870208473436 0 0.0591795561533289 0.0914593140551446 0.066577000672495 0.086079354404842 0.0941492938802959 0.0921318090114324 0.0524546065904506 0.0961667787491594 0.054472091459314
"derMaw" 0.0759919300605245 0.0410221923335575 0.039004707464694 0.0356422326832549 0.0262273032952253 0.0369872225958305 0.0410221923335575 0.0591795561533289 0 0.0659045057162071 0.0416946872898453 0.0605245460659045 0.0739744451916611 0.066577000672495 0.0289172831203766 0.0733019502353732 0.0295897780766644
"emySub" 0.0928043039677202 0.0719569603227976 0.0699394754539341 0.0685944855413584 0.0598520511096167 0.0672494956287828 0.0699394754539341 0.0914593140551446 0.0659045057162071 0 0.0699394754539341 0.0275722932078009 0.0652320107599193 0.0827168796234028 0.0611970410221923 0.0699394754539341 0.0605245460659045
"gopAga" 0.0833893745796907 0.01546738399462 0.0423671822461332 0.0416946872898453 0.0255548083389375 0.01546738399462 0.0188298587760592 0.066577000672495 0.0416946872898453 0.0699394754539341 0 0.066577000672495 0.0766644250168124 0.0685944855413584 0.0255548083389375 0.0793544048419637 0.0242098184263618
"mesTub" 0.0874243443174176 0.0672494956287828 0.0659045057162071 0.0645595158036315 0.0551445864156019 0.0611970410221923 0.0638870208473436 0.086079354404842 0.0605245460659045 0.0275722932078009 0.066577000672495 0 0.062542030934768 0.078009414929388 0.0564895763281775 0.0645595158036315 0.0558170813718897
"pelCas" 0.102891728312038 0.0773369199731002 0.0759919300605245 0.0773369199731002 0.0672494956287828 0.0739744451916611 0.0766644250168124 0.0941492938802959 0.0739744451916611 0.0652320107599193 0.0766644250168124 0.062542030934768 0 0.0928043039677202 0.0706119704102219 0.0598520511096167 0.0679219905850706
"pelSin" 0.0733019502353732 0.0679219905850706 0.0685944855413584 0.0685944855413584 0.058507061197041 0.0638870208473436 0.0645595158036315 0.0921318090114324 0.066577000672495 0.0827168796234028 0.0685944855413584 0.078009414929388 0.0928043039677202 0 0.062542030934768 0.0921318090114324 0.0605245460659045
"plaMeg" 0.0712844653665097 0.0262273032952253 0.0295897780766644 0.0289172831203766 0.0107599193006052 0.0208473436449227 0.0248823133826496 0.0524546065904506 0.0289172831203766 0.0611970410221923 0.0255548083389375 0.0564895763281775 0.0706119704102219 0.062542030934768 0 0.0712844653665097 0.0114324142568931
"podExp" 0.0954942837928716 0.0786819098856759 0.078009414929388 0.0766644250168124 0.0692669804976463 0.0759919300605245 0.078009414929388 0.0961667787491594 0.0733019502353732 0.0699394754539341 0.0793544048419637 0.0645595158036315 0.0598520511096167 0.0921318090114324 0.0712844653665097 0 0.0699394754539341
"terMex" 0.0699394754539341 0.0268997982515131 0.0316072629455279 0.0295897780766644 0.00739744451916611 0.0201748486886348 0.0242098184263618 0.054472091459314 0.0295897780766644 0.0605245460659045 0.0242098184263618 0.0558170813718897 0.0679219905850706 0.0605245460659045 0.0114324142568931 0.0699394754539341 0
