"carIns" "cheAbi" "cheMyd" "chrPic" "cuoAmb" "cuoMcc" "derCor" "derMaw" "emySub" "gopAga" "malTer" "mesTub" "pelCas" "pelSin" "plaMeg" "podExp" "terMex"
"carIns" 0 0.152740341419587 0.142857142857143 0.142857142857143 0.148247978436658 0.149146451033243 0.161725067385445 0.1455525606469 0.148247978436658 0.150044923629829 0.143755615453729 0.147349505840072 0.150044923629829 0.149146451033243 0.1455525606469 0.152740341419587 0.141060197663971
"cheAbi" 0.152740341419587 0 0.0161725067385445 0.0134770889487871 0.0125786163522013 0.0107816711590297 0.143755615453729 0.0188679245283019 0.032345013477089 0.0107816711590297 0.0161725067385445 0.0296495956873315 0.0314465408805031 0.0359389038634322 0.0152740341419587 0.0422282120395328 0.0152740341419587
"cheMyd" 0.142857142857143 0.0161725067385445 0 0.00808625336927224 0.00898472596585804 0.0107816711590297 0.133872416891285 0.00988319856244385 0.0215633423180593 0.0107816711590297 0.00898472596585804 0.0197663971248877 0.0206648697214735 0.0278526504941599 0.00808625336927224 0.0350404312668464 0.00628930817610063
"chrPic" 0.142857142857143 0.0134770889487871 0.00808625336927224 0 0.00808625336927224 0.00808625336927224 0.137466307277628 0.0107816711590297 0.0215633423180593 0.00988319856244385 0.00269541778975741 0.0197663971248877 0.0233602875112309 0.0278526504941599 0.00539083557951483 0.0359389038634322 0.00359389038634322
"cuoAmb" 0.148247978436658 0.0125786163522013 0.00898472596585804 0.00808625336927224 0 0.00359389038634322 0.137466307277628 0.0134770889487871 0.0269541778975741 0.00718778077268643 0.00898472596585804 0.0251572327044025 0.0260557053009883 0.0305480682839173 0.00808625336927224 0.0404312668463612 0.00808625336927224
"cuoMcc" 0.149146451033243 0.0107816711590297 0.0107816711590297 0.00808625336927224 0.00359389038634322 0 0.138364779874214 0.0134770889487871 0.0269541778975741 0.00898472596585804 0.0107816711590297 0.0251572327044025 0.0260557053009883 0.0305480682839173 0.00988319856244385 0.0404312668463612 0.00988319856244385
"derCor" 0.161725067385445 0.143755615453729 0.133872416891285 0.137466307277628 0.137466307277628 0.138364779874214 0 0.141060197663971 0.147349505840072 0.138364779874214 0.1392632524708 0.146451033243486 0.149146451033243 0.148247978436658 0.138364779874214 0.158131176999102 0.136567834681042
"derMaw" 0.1455525606469 0.0188679245283019 0.00988319856244385 0.0107816711590297 0.0134770889487871 0.0134770889487871 0.141060197663971 0 0.0233602875112309 0.0152740341419587 0.0134770889487871 0.0197663971248877 0.0242587601078167 0.0278526504941599 0.0125786163522013 0.036837376460018 0.0107816711590297
"emySub" 0.148247978436658 0.032345013477089 0.0215633423180593 0.0215633423180593 0.0269541778975741 0.0269541778975741 0.147349505840072 0.0233602875112309 0 0.0287511230907457 0.0242587601078167 0.00808625336927224 0.0206648697214735 0.0341419586702606 0.0242587601078167 0.0350404312668464 0.0215633423180593
"gopAga" 0.150044923629829 0.0107816711590297 0.0107816711590297 0.00988319856244385 0.00718778077268643 0.00898472596585804 0.138364779874214 0.0152740341419587 0.0287511230907457 0 0.0107816711590297 0.0269541778975741 0.0278526504941599 0.032345013477089 0.00988319856244385 0.0422282120395328 0.00988319856244385
"malTer" 0.143755615453729 0.0161725067385445 0.00898472596585804 0.00269541778975741 0.00898472596585804 0.0107816711590297 0.1392632524708 0.0134770889487871 0.0242587601078167 0.0107816711590297 0 0.0224618149146451 0.0260557053009883 0.0305480682839173 0.00628930817610063 0.0386343216531896 0.00449236298292902
"mesTub" 0.147349505840072 0.0296495956873315 0.0197663971248877 0.0197663971248877 0.0251572327044025 0.0251572327044025 0.146451033243486 0.0197663971248877 0.00808625336927224 0.0269541778975741 0.0224618149146451 0 0.0206648697214735 0.032345013477089 0.0224618149146451 0.0350404312668464 0.0197663971248877
"pelCas" 0.150044923629829 0.0314465408805031 0.0206648697214735 0.0233602875112309 0.0260557053009883 0.0260557053009883 0.149146451033243 0.0242587601078167 0.0206648697214735 0.0278526504941599 0.0260557053009883 0.0206648697214735 0 0.0359389038634322 0.0251572327044025 0.0305480682839173 0.0233602875112309
"pelSin" 0.149146451033243 0.0359389038634322 0.0278526504941599 0.0278526504941599 0.0305480682839173 0.0305480682839173 0.148247978436658 0.0278526504941599 0.0341419586702606 0.032345013477089 0.0305480682839173 0.032345013477089 0.0359389038634322 0 0.0296495956873315 0.0449236298292902 0.0296495956873315
"plaMeg" 0.1455525606469 0.0152740341419587 0.00808625336927224 0.00539083557951483 0.00808625336927224 0.00988319856244385 0.138364779874214 0.0125786163522013 0.0242587601078167 0.00988319856244385 0.00628930817610063 0.0224618149146451 0.0251572327044025 0.0296495956873315 0 0.0377358490566038 0.00539083557951483
"podExp" 0.152740341419587 0.0422282120395328 0.0350404312668464 0.0359389038634322 0.0404312668463612 0.0404312668463612 0.158131176999102 0.036837376460018 0.0350404312668464 0.0422282120395328 0.0386343216531896 0.0350404312668464 0.0305480682839173 0.0449236298292902 0.0377358490566038 0 0.0359389038634322
"terMex" 0.141060197663971 0.0152740341419587 0.00628930817610063 0.00359389038634322 0.00808625336927224 0.00988319856244385 0.136567834681042 0.0107816711590297 0.0215633423180593 0.00988319856244385 0.00449236298292902 0.0197663971248877 0.0233602875112309 0.0296495956873315 0.00539083557951483 0.0359389038634322 0
