"carIns" "cheMyd" "cheSer" "cuoAmb" "cuoMcc" "derMaw" "mesTub" "pelCas" "pelSin"
"carIns" 0 0.11053089643168 0.0992167101827676 0.0939947780678851 0.0948651000870322 0.114012184508268 0.157528285465622 0.144473455178416 0.100957354221062
"cheMyd" 0.11053089643168 0 0.0861618798955614 0.0748476936466493 0.0713664055700609 0.0905134899912968 0.140121845082681 0.132288946910357 0.0957354221061793
"cheSer" 0.0992167101827676 0.0861618798955614 0 0.0609225413402959 0.0600522193211488 0.0809399477806789 0.126196692776327 0.122715404699739 0.082680591818973
"cuoAmb" 0.0939947780678851 0.0748476936466493 0.0609225413402959 0 0.00522193211488251 0.0765883376849434 0.118363794604003 0.0739773716275022 0.0391644908616188
"cuoMcc" 0.0948651000870322 0.0713664055700609 0.0600522193211488 0.00522193211488251 0 0.0731070496083551 0.117493472584856 0.0731070496083551 0.0374238468233246
"derMaw" 0.114012184508268 0.0905134899912968 0.0809399477806789 0.0765883376849434 0.0731070496083551 0 0.14621409921671 0.136640557006092 0.0948651000870322
"mesTub" 0.157528285465622 0.140121845082681 0.126196692776327 0.118363794604003 0.117493472584856 0.14621409921671 0 0.126196692776327 0.133159268929504
"pelCas" 0.144473455178416 0.132288946910357 0.122715404699739 0.0739773716275022 0.0731070496083551 0.136640557006092 0.126196692776327 0 0.0896431679721497
"pelSin" 0.100957354221062 0.0957354221061793 0.082680591818973 0.0391644908616188 0.0374238468233246 0.0948651000870322 0.133159268929504 0.0896431679721497 0
