"carIns" "cheAbi" "cheMyd" "chrPic" "cuoAmb" "cuoMcc" "derMaw" "emySub" "gopAga" "mesTub" "pelCas" "pelSin" "plaMeg" "podExp" "terMex"
"carIns" 0 0.146042363433668 0.129319955406912 0.0791527313266444 0.247491638795987 0.0824972129319955 0.0836120401337793 0.0858416945373467 0.0813823857302118 0.0914158305462653 0.0947603121516165 0.15273132664437 0.0824972129319955 0.0947603121516165 0.0791527313266444
"cheAbi" 0.146042363433668 0 0.157190635451505 0.0914158305462653 0.279821627647715 0.0836120401337793 0.110367892976589 0.123745819397993 0.084726867335563 0.119286510590858 0.134894091415831 0.211817168338907 0.0958751393534002 0.140468227424749 0.0914158305462653
"cheMyd" 0.129319955406912 0.157190635451505 0 0.084726867335563 0.236343366778149 0.0914158305462653 0.0914158305462653 0.11371237458194 0.0880713489409142 0.108138238573021 0.117056856187291 0.1438127090301 0.0869565217391304 0.129319955406912 0.084726867335563
"chrPic" 0.0791527313266444 0.0914158305462653 0.084726867335563 0 0.20958751393534 0.0167224080267559 0.0367892976588629 0.0490523968784838 0.0178372352285396 0.0479375696767001 0.0635451505016722 0.142697881828317 0.0178372352285396 0.0702341137123746 0.00780379041248606
"cuoAmb" 0.247491638795987 0.279821627647715 0.236343366778149 0.20958751393534 0 0.206243032329989 0.224080267558528 0.243032329988852 0.208472686733556 0.237458193979933 0.237458193979933 0.263099219620959 0.211817168338907 0.243032329988852 0.214046822742475
"cuoMcc" 0.0824972129319955 0.0836120401337793 0.0914158305462653 0.0167224080267559 0.206243032329989 0 0.040133779264214 0.052396878483835 0.0144927536231884 0.0479375696767001 0.0668896321070234 0.1438127090301 0.0234113712374582 0.0735785953177258 0.0189520624303233
"derMaw" 0.0836120401337793 0.110367892976589 0.0914158305462653 0.0367892976588629 0.224080267558528 0.040133779264214 0 0.0613154960981048 0.0390189520624303 0.0579710144927536 0.0668896321070234 0.142697881828317 0.0412486064659978 0.0702341137123746 0.0356744704570792
"emySub" 0.0858416945373467 0.123745819397993 0.11371237458194 0.0490523968784838 0.243032329988852 0.052396878483835 0.0613154960981048 0 0.0535117056856187 0.0345596432552954 0.0657748049052397 0.157190635451505 0.0546265328874025 0.0758082497212932 0.0468227424749164
"gopAga" 0.0813823857302118 0.084726867335563 0.0880713489409142 0.0178372352285396 0.208472686733556 0.0144927536231884 0.0390189520624303 0.0535117056856187 0 0.0512820512820513 0.0657748049052397 0.146042363433668 0.0222965440356745 0.072463768115942 0.0178372352285396
"mesTub" 0.0914158305462653 0.119286510590858 0.108138238573021 0.0479375696767001 0.237458193979933 0.0479375696767001 0.0579710144927536 0.0345596432552954 0.0512820512820513 0 0.0602006688963211 0.15273132664437 0.0535117056856187 0.0746934225195095 0.0479375696767001
"pelCas" 0.0947603121516165 0.134894091415831 0.117056856187291 0.0635451505016722 0.237458193979933 0.0668896321070234 0.0668896321070234 0.0657748049052397 0.0657748049052397 0.0602006688963211 0 0.156075808249721 0.0680044593088071 0.0590858416945373 0.0624303232998885
"pelSin" 0.15273132664437 0.211817168338907 0.1438127090301 0.142697881828317 0.263099219620959 0.1438127090301 0.142697881828317 0.157190635451505 0.146042363433668 0.15273132664437 0.156075808249721 0 0.147157190635452 0.164994425863991 0.142697881828317
"plaMeg" 0.0824972129319955 0.0958751393534002 0.0869565217391304 0.0178372352285396 0.211817168338907 0.0234113712374582 0.0412486064659978 0.0546265328874025 0.0222965440356745 0.0535117056856187 0.0680044593088071 0.147157190635452 0 0.0691192865105909 0.0178372352285396
"podExp" 0.0947603121516165 0.140468227424749 0.129319955406912 0.0702341137123746 0.243032329988852 0.0735785953177258 0.0702341137123746 0.0758082497212932 0.072463768115942 0.0746934225195095 0.0590858416945373 0.164994425863991 0.0691192865105909 0 0.0680044593088071
"terMex" 0.0791527313266444 0.0914158305462653 0.084726867335563 0.00780379041248606 0.214046822742475 0.0189520624303233 0.0356744704570792 0.0468227424749164 0.0178372352285396 0.0479375696767001 0.0624303232998885 0.142697881828317 0.0178372352285396 0.0680044593088071 0
