"carIns" "cheAbi" "cheMyd" "cheSer" "chrPic" "cuoAmb" "cuoMcc" "derCor" "derMaw" "emySub" "gopAga" "malTer" "mesTub" "pelCas" "pelSin" "plaMeg" "podExp" "terMex"
"carIns" 0 0.119291070211316 0.178595773687798 0.117927743694615 0.115201090661213 0.116564417177914 0.169734151329243 0.122699386503067 0.12815269256987 0.124062713019768 0.171779141104294 0.115201090661213 0.130879345603272 0.138377641445126 0.117927743694615 0.112474437627812 0.187457396046353 0.168370824812543
"cheAbi" 0.119291070211316 0 0.134969325153374 0.0265848670756646 0.0204498977505112 0.0156782549420586 0.0702113156100886 0.0368098159509202 0.0388548057259714 0.0565780504430811 0.0681663258350375 0.0211315610088616 0.0620313565098841 0.0749829584185412 0.0647580095432856 0.0170415814587594 0.123381049761418 0.124744376278119
"cheMyd" 0.178595773687798 0.134969325153374 0 0.130879345603272 0.132924335378323 0.133605998636673 0.138377641445126 0.124062713019768 0.143149284253579 0.149284253578732 0.142467620995228 0.133605998636673 0.154055896387185 0.16291751874574 0.156782549420586 0.128834355828221 0.171097477845944 0.143149284253579
"cheSer" 0.117927743694615 0.0265848670756646 0.130879345603272 0 0.0224948875255624 0.0231765507839127 0.0777096114519427 0.0347648261758691 0.0320381731424676 0.0504430811179277 0.0783912747102931 0.021813224267212 0.0572597137014315 0.065439672801636 0.0606680299931834 0.0149965916837082 0.115201090661213 0.122017723244717
"chrPic" 0.115201090661213 0.0204498977505112 0.132924335378323 0.0224948875255624 0 0.0184049079754601 0.0722563053851397 0.0320381731424676 0.0354464894342195 0.0456714383094751 0.0729379686434901 0.00749829584185412 0.0552147239263804 0.0661213360599864 0.059986366734833 0.0115882753919564 0.115201090661213 0.116564417177914
"cuoAmb" 0.116564417177914 0.0156782549420586 0.133605998636673 0.0231765507839127 0.0184049079754601 0 0.0620313565098841 0.0340831629175187 0.0340831629175187 0.0511247443762781 0.0695296523517382 0.0197682344921609 0.0586230402181322 0.0695296523517382 0.059986366734833 0.0149965916837082 0.117927743694615 0.124744376278119
"cuoMcc" 0.169734151329243 0.0702113156100886 0.138377641445126 0.0777096114519427 0.0722563053851397 0.0620313565098841 0 0.0886162235855487 0.0920245398773006 0.105657805044308 0.0715746421267894 0.0770279481935924 0.110429447852761 0.124744376278119 0.115201090661213 0.0702113156100886 0.124062713019768 0.132924335378323
"derCor" 0.122699386503067 0.0368098159509202 0.124062713019768 0.0347648261758691 0.0320381731424676 0.0340831629175187 0.0886162235855487 0 0.0463531015678255 0.0531697341513292 0.0913428766189502 0.032719836400818 0.0586230402181322 0.0743012951601909 0.0668029993183367 0.0286298568507157 0.124062713019768 0.138377641445126
"derMaw" 0.12815269256987 0.0388548057259714 0.143149284253579 0.0320381731424676 0.0354464894342195 0.0340831629175187 0.0920245398773006 0.0463531015678255 0 0.0627130197682345 0.0933878663940014 0.0340831629175187 0.0688479890933879 0.0783912747102931 0.0743012951601909 0.0293115201090661 0.125426039536469 0.138377641445126
"emySub" 0.124062713019768 0.0565780504430811 0.149284253578732 0.0504430811179277 0.0456714383094751 0.0511247443762781 0.105657805044308 0.0531697341513292 0.0627130197682345 0 0.10906612133606 0.0470347648261759 0.0306748466257669 0.0497614178595774 0.070892978868439 0.0463531015678255 0.100204498977505 0.146557600545331
"gopAga" 0.171779141104294 0.0681663258350375 0.142467620995228 0.0783912747102931 0.0729379686434901 0.0695296523517382 0.0715746421267894 0.0913428766189502 0.0933878663940014 0.10906612133606 0 0.0749829584185412 0.115201090661213 0.125426039536469 0.118609406952965 0.070892978868439 0.134969325153374 0.113837764144513
"malTer" 0.115201090661213 0.0211315610088616 0.133605998636673 0.021813224267212 0.00749829584185412 0.0197682344921609 0.0770279481935924 0.032719836400818 0.0340831629175187 0.0470347648261759 0.0749829584185412 0 0.05453306066803 0.0640763462849352 0.0627130197682345 0.010906612133606 0.113156100886162 0.117246080436264
"mesTub" 0.130879345603272 0.0620313565098841 0.154055896387185 0.0572597137014315 0.0552147239263804 0.0586230402181322 0.110429447852761 0.0586230402181322 0.0688479890933879 0.0306748466257669 0.115201090661213 0.05453306066803 0 0.05453306066803 0.076346284935242 0.0538513974096796 0.102249488752556 0.154737559645535
"pelCas" 0.138377641445126 0.0749829584185412 0.16291751874574 0.065439672801636 0.0661213360599864 0.0695296523517382 0.124744376278119 0.0743012951601909 0.0783912747102931 0.0497614178595774 0.125426039536469 0.0640763462849352 0.05453306066803 0 0.0845262440354465 0.0633946830265849 0.0940695296523517 0.156100886162236
"pelSin" 0.117927743694615 0.0647580095432856 0.156782549420586 0.0606680299931834 0.059986366734833 0.059986366734833 0.115201090661213 0.0668029993183367 0.0743012951601909 0.070892978868439 0.118609406952965 0.0627130197682345 0.076346284935242 0.0845262440354465 0 0.0586230402181322 0.133605998636673 0.158145875937287
"plaMeg" 0.112474437627812 0.0170415814587594 0.128834355828221 0.0149965916837082 0.0115882753919564 0.0149965916837082 0.0702113156100886 0.0286298568507157 0.0293115201090661 0.0463531015678255 0.070892978868439 0.010906612133606 0.0538513974096796 0.0633946830265849 0.0586230402181322 0 0.110429447852761 0.117246080436264
"podExp" 0.187457396046353 0.123381049761418 0.171097477845944 0.115201090661213 0.115201090661213 0.117927743694615 0.124062713019768 0.124062713019768 0.125426039536469 0.100204498977505 0.134969325153374 0.113156100886162 0.102249488752556 0.0940695296523517 0.133605998636673 0.110429447852761 0 0.167689161554192
"terMex" 0.168370824812543 0.124744376278119 0.143149284253579 0.122017723244717 0.116564417177914 0.124744376278119 0.132924335378323 0.138377641445126 0.138377641445126 0.146557600545331 0.113837764144513 0.117246080436264 0.154737559645535 0.156100886162236 0.158145875937287 0.117246080436264 0.167689161554192 0
