"carIns" "cheAbi" "cheMyd" "cheSer" "chrPic" "cuoAmb" "cuoMcc" "derMaw" "emySub" "gopAga" "malTer" "mesTub" "pelCas" "pelSin" "plaMeg" "podExp" "terMex"
"carIns" 0 0.170172084130019 0.167304015296367 0.161567877629063 0.159655831739962 0.167304015296367 0.165391969407266 0.175908221797323 0.166347992351816 0.309751434034417 0.162523900573614 0.18642447418738 0.206500956022945 0.17112810707457 0.15678776290631 0.201720841300191 0.15678776290631
"cheAbi" 0.170172084130019 0 0.10038240917782 0.0956022944550669 0.0869980879541109 0.0889101338432122 0.0850860420650096 0.112810707456979 0.132887189292543 0.244741873804971 0.0889101338432122 0.147227533460803 0.17208413001912 0.150095602294455 0.0850860420650096 0.163479923518164 0.0812619502868069
"cheMyd" 0.167304015296367 0.10038240917782 0 0.0372848948374761 0.0334608030592734 0.0391969407265774 0.0353728489483748 0.0535372848948375 0.0812619502868069 0.202676864244742 0.0372848948374761 0.0984703632887189 0.118546845124283 0.107074569789675 0.0315487571701721 0.115678776290631 0.0296367112810707
"cheSer" 0.161567877629063 0.0956022944550669 0.0372848948374761 0 0.0296367112810707 0.0334608030592734 0.0315487571701721 0.0449330783938815 0.0678776290630975 0.198852772466539 0.0334608030592734 0.0850860420650096 0.11472275334608 0.0965583173996176 0.0239005736137667 0.105162523900574 0.0258126195028681
"chrPic" 0.159655831739962 0.0869980879541109 0.0334608030592734 0.0296367112810707 0 0.0267686424474187 0.0210325047801147 0.0478011472275335 0.0688336520076482 0.188336520076482 0.00573613766730402 0.0860420650095602 0.109942638623327 0.0975143403441683 0.0152963671128107 0.106118546845124 0.011472275334608
"cuoAmb" 0.167304015296367 0.0889101338432122 0.0391969407265774 0.0334608030592734 0.0267686424474187 0 0.00956022944550669 0.0573613766730402 0.0803059273422562 0.191204588910134 0.0305927342256214 0.0946462715105163 0.117590822179732 0.0994263862332696 0.0229445506692161 0.111854684512428 0.0229445506692161
"cuoMcc" 0.165391969407266 0.0850860420650096 0.0353728489483748 0.0315487571701721 0.0210325047801147 0.00956022944550669 0 0.0535372848948375 0.0745697896749522 0.189292543021033 0.0248565965583174 0.0898661567877629 0.11376673040153 0.0975143403441683 0.0210325047801147 0.110898661567878 0.0191204588910134
"derMaw" 0.175908221797323 0.112810707456979 0.0535372848948375 0.0449330783938815 0.0478011472275335 0.0573613766730402 0.0535372848948375 0 0.0879541108986616 0.212237093690249 0.0516252390057361 0.103250478011472 0.130975143403442 0.11472275334608 0.0449330783938815 0.124282982791587 0.0439770554493308
"emySub" 0.166347992351816 0.132887189292543 0.0812619502868069 0.0678776290630975 0.0688336520076482 0.0803059273422562 0.0745697896749522 0.0879541108986616 0 0.218929254302103 0.0697896749521989 0.0411089866156788 0.0975143403441683 0.106118546845124 0.0650095602294455 0.0879541108986616 0.0669216061185468
"gopAga" 0.309751434034417 0.244741873804971 0.202676864244742 0.198852772466539 0.188336520076482 0.191204588910134 0.189292543021033 0.212237093690249 0.218929254302103 0 0.191204588910134 0.233269598470363 0.261950286806883 0.243785850860421 0.191204588910134 0.252390057361377 0.189292543021033
"malTer" 0.162523900573614 0.0889101338432122 0.0372848948374761 0.0334608030592734 0.00573613766730402 0.0305927342256214 0.0248565965583174 0.0516252390057361 0.0697896749521989 0.191204588910134 0 0.0889101338432122 0.111854684512428 0.101338432122371 0.0191204588910134 0.107074569789675 0.0152963671128107
"mesTub" 0.18642447418738 0.147227533460803 0.0984703632887189 0.0850860420650096 0.0860420650095602 0.0946462715105163 0.0898661567877629 0.103250478011472 0.0411089866156788 0.233269598470363 0.0889101338432122 0 0.110898661567878 0.11376673040153 0.0803059273422562 0.0994263862332696 0.0841300191204589
"pelCas" 0.206500956022945 0.17208413001912 0.118546845124283 0.11472275334608 0.109942638623327 0.117590822179732 0.11376673040153 0.130975143403442 0.0975143403441683 0.261950286806883 0.111854684512428 0.110898661567878 0 0.138623326959847 0.108030592734226 0.0975143403441683 0.104206500956023
"pelSin" 0.17112810707457 0.150095602294455 0.107074569789675 0.0965583173996176 0.0975143403441683 0.0994263862332696 0.0975143403441683 0.11472275334608 0.106118546845124 0.243785850860421 0.101338432122371 0.11376673040153 0.138623326959847 0 0.0917782026768642 0.136711281070746 0.0927342256214149
"plaMeg" 0.15678776290631 0.0850860420650096 0.0315487571701721 0.0239005736137667 0.0152963671128107 0.0229445506692161 0.0210325047801147 0.0449330783938815 0.0650095602294455 0.191204588910134 0.0191204588910134 0.0803059273422562 0.108030592734226 0.0917782026768642 0 0.103250478011472 0.011472275334608
"podExp" 0.201720841300191 0.163479923518164 0.115678776290631 0.105162523900574 0.106118546845124 0.111854684512428 0.110898661567878 0.124282982791587 0.0879541108986616 0.252390057361377 0.107074569789675 0.0994263862332696 0.0975143403441683 0.136711281070746 0.103250478011472 0 0.0984703632887189
"terMex" 0.15678776290631 0.0812619502868069 0.0296367112810707 0.0258126195028681 0.011472275334608 0.0229445506692161 0.0191204588910134 0.0439770554493308 0.0669216061185468 0.189292543021033 0.0152963671128107 0.0841300191204589 0.104206500956023 0.0927342256214149 0.011472275334608 0.0984703632887189 0
