"carIns" "cheAbi" "cheMyd" "cheSer" "chrPic" "cuoAmb" "cuoMcc" "derCor" "derMaw" "emySub" "gopAga" "malTer" "mesTub" "pelCas" "pelSin" "plaMeg" "podExp"
"carIns" 0 0.151444184231069 0.130366900858704 0.128024980483997 0.136612021857924 0.133489461358314 0.131147540983607 0.138953942232631 0.138953942232631 0.174863387978142 0.133489461358314 0.132708821233411 0.179547228727557 0.234192037470726 0.14207650273224 0.124902419984387 0.188134270101483
"cheAbi" 0.151444184231069 0 0.0913348946135831 0.0788446526151444 0.0788446526151444 0.068696330991413 0.063231850117096 0.092896174863388 0.101483216237315 0.151444184231069 0.053864168618267 0.0772833723653396 0.156908665105386 0.211553473848556 0.149102263856362 0.0796252927400468 0.16783762685402
"cheMyd" 0.130366900858704 0.0913348946135831 0 0.0523028883684621 0.0624512099921936 0.0702576112412178 0.0663544106167057 0.0382513661202186 0.0827478532396565 0.129586260733802 0.063231850117096 0.0624512099921936 0.141295862607338 0.188134270101483 0.12568306010929 0.0554254488680718 0.131147540983607
"cheSer" 0.128024980483997 0.0788446526151444 0.0523028883684621 0 0.0515222482435597 0.0562060889929742 0.0507416081186573 0.053864168618267 0.0624512099921936 0.110850897736144 0.0507416081186573 0.0491803278688525 0.123341139734582 0.186572989851678 0.106947697111632 0.04839968774395 0.134270101483216
"chrPic" 0.136612021857924 0.0788446526151444 0.0624512099921936 0.0515222482435597 0 0.063231850117096 0.0585480093676815 0.0640124902419984 0.0772833723653396 0.123341139734582 0.0585480093676815 0.0124902419984387 0.131147540983607 0.185792349726776 0.120218579234973 0.053864168618267 0.134270101483216
"cuoAmb" 0.133489461358314 0.068696330991413 0.0702576112412178 0.0562060889929742 0.063231850117096 0 0.0226385636221702 0.0733801717408275 0.0796252927400468 0.12568306010929 0.0421545667447307 0.0608899297423888 0.136612021857924 0.194379391100703 0.127244340359094 0.0562060889929742 0.146760343481655
"cuoMcc" 0.131147540983607 0.063231850117096 0.0663544106167057 0.0507416081186573 0.0585480093676815 0.0226385636221702 0 0.0694769711163154 0.0835284933645589 0.123341139734582 0.0351288056206089 0.0554254488680718 0.131928181108509 0.19047619047619 0.12256049960968 0.0523028883684621 0.142857142857143
"derCor" 0.138953942232631 0.092896174863388 0.0382513661202186 0.053864168618267 0.0640124902419984 0.0733801717408275 0.0694769711163154 0 0.0819672131147541 0.131147540983607 0.0655737704918033 0.0655737704918033 0.14207650273224 0.189695550351288 0.128024980483997 0.0569867291178767 0.14207650273224
"derMaw" 0.138953942232631 0.101483216237315 0.0827478532396565 0.0624512099921936 0.0772833723653396 0.0796252927400468 0.0835284933645589 0.0819672131147541 0 0.128805620608899 0.0819672131147541 0.0757220921155347 0.128024980483997 0.198282591725215 0.133489461358314 0.0796252927400468 0.149882903981265
"emySub" 0.174863387978142 0.151444184231069 0.129586260733802 0.110850897736144 0.123341139734582 0.12568306010929 0.123341139734582 0.131147540983607 0.128805620608899 0 0.124121779859485 0.118657298985168 0.0835284933645589 0.183450429352069 0.153005464480874 0.124121779859485 0.138173302107728
"gopAga" 0.133489461358314 0.053864168618267 0.063231850117096 0.0507416081186573 0.0585480093676815 0.0421545667447307 0.0351288056206089 0.0655737704918033 0.0819672131147541 0.124121779859485 0 0.0569867291178767 0.131928181108509 0.188914910226386 0.12568306010929 0.0507416081186573 0.141295862607338
"malTer" 0.132708821233411 0.0772833723653396 0.0624512099921936 0.0491803278688525 0.0124902419984387 0.0608899297423888 0.0554254488680718 0.0655737704918033 0.0757220921155347 0.118657298985168 0.0569867291178767 0 0.128805620608899 0.185792349726776 0.117096018735363 0.0515222482435597 0.130366900858704
"mesTub" 0.179547228727557 0.156908665105386 0.141295862607338 0.123341139734582 0.131147540983607 0.136612021857924 0.131928181108509 0.14207650273224 0.128024980483997 0.0835284933645589 0.131928181108509 0.128805620608899 0 0.176424668227947 0.160031225604996 0.134270101483216 0.12568306010929
"pelCas" 0.234192037470726 0.211553473848556 0.188134270101483 0.186572989851678 0.185792349726776 0.194379391100703 0.19047619047619 0.189695550351288 0.198282591725215 0.183450429352069 0.188914910226386 0.185792349726776 0.176424668227947 0 0.21935987509758 0.188134270101483 0.149102263856362
"pelSin" 0.14207650273224 0.149102263856362 0.12568306010929 0.106947697111632 0.120218579234973 0.127244340359094 0.12256049960968 0.128024980483997 0.133489461358314 0.153005464480874 0.12568306010929 0.117096018735363 0.160031225604996 0.21935987509758 0 0.12256049960968 0.171740827478532
"plaMeg" 0.124902419984387 0.0796252927400468 0.0554254488680718 0.04839968774395 0.053864168618267 0.0562060889929742 0.0523028883684621 0.0569867291178767 0.0796252927400468 0.124121779859485 0.0507416081186573 0.0515222482435597 0.134270101483216 0.188134270101483 0.12256049960968 0 0.135831381733021
"podExp" 0.188134270101483 0.16783762685402 0.131147540983607 0.134270101483216 0.134270101483216 0.146760343481655 0.142857142857143 0.14207650273224 0.149882903981265 0.138173302107728 0.141295862607338 0.130366900858704 0.12568306010929 0.149102263856362 0.171740827478532 0.135831381733021 0
