"carIns" "cheAbi" "cheMyd" "cheSer" "cuoAmb" "cuoMcc" "derMaw" "malTer" "pelCas" "pelSin" "podExp"
"carIns" 0 0.205087440381558 0.120826709062003 0.0667726550079491 0.0969793322734499 0.155802861685215 0.0794912559618442 0.0572337042925278 0.224165341812401 0.0651828298887122 0.176470588235294
"cheAbi" 0.205087440381558 0 0.195548489666137 0.174880763116057 0.176470588235294 0.131955484896661 0.197138314785374 0.176470588235294 0.255961844197138 0.189189189189189 0.186009538950715
"cheMyd" 0.120826709062003 0.195548489666137 0 0.0922098569157393 0.116057233704293 0.181240063593005 0.101748807631161 0.0858505564387917 0.262321144674086 0.104928457869634 0.203497615262321
"cheSer" 0.0667726550079491 0.174880763116057 0.0922098569157393 0 0.0588235294117647 0.117647058823529 0.0397456279809221 0.0222575516693164 0.208267090620032 0.0381558028616852 0.152623211446741
"cuoAmb" 0.0969793322734499 0.176470588235294 0.116057233704293 0.0588235294117647 0 0.114467408585056 0.0715421303656598 0.0524642289348172 0.209856915739269 0.0715421303656598 0.155802861685215
"cuoMcc" 0.155802861685215 0.131955484896661 0.181240063593005 0.117647058823529 0.114467408585056 0 0.130365659777424 0.112877583465819 0.200317965023847 0.127186009538951 0.133545310015898
"derMaw" 0.0794912559618442 0.197138314785374 0.101748807631161 0.0397456279809221 0.0715421303656598 0.130365659777424 0 0.0349761526232114 0.217806041335453 0.0445151033386327 0.151033386327504
"malTer" 0.0572337042925278 0.176470588235294 0.0858505564387917 0.0222575516693164 0.0524642289348172 0.112877583465819 0.0349761526232114 0 0.201907790143084 0.0286168521462639 0.14785373608903
"pelCas" 0.224165341812401 0.255961844197138 0.262321144674086 0.208267090620032 0.209856915739269 0.200317965023847 0.217806041335453 0.201907790143084 0 0.205087440381558 0.209856915739269
"pelSin" 0.0651828298887122 0.189189189189189 0.104928457869634 0.0381558028616852 0.0715421303656598 0.127186009538951 0.0445151033386327 0.0286168521462639 0.205087440381558 0 0.157392686804452
"podExp" 0.176470588235294 0.186009538950715 0.203497615262321 0.152623211446741 0.155802861685215 0.133545310015898 0.151033386327504 0.14785373608903 0.209856915739269 0.157392686804452 0
