"carIns" "cheAbi" "cheMyd" "cheSer" "chrPic" "cuoAmb" "cuoMcc" "derCor" "derMaw" "emySub" "gopAga" "malTer" "mesTub" "pelCas" "pelSin" "plaMeg" "podExp" "terMex"
"carIns" 0 0.0498687664041995 0.0498687664041995 0.047244094488189 0.0463692038495188 0.0498687664041995 0.0507436570428696 0.0551181102362205 0.0516185476815398 0.068241469816273 0.05249343832021 0.0454943132108486 0.0673665791776028 0.0752405949256343 0.0533683289588801 0.0454943132108486 0.0822397200349956 0.0463692038495188
"cheAbi" 0.0498687664041995 0 0.0174978127734033 0.020997375328084 0.010498687664042 0.00699912510936133 0.0078740157480315 0.0236220472440945 0.0244969378827647 0.0551181102362205 0.010498687664042 0.0131233595800525 0.0568678915135608 0.0612423447069116 0.0568678915135608 0.0113735783027122 0.0726159230096238 0.0122484689413823
"cheMyd" 0.0498687664041995 0.0174978127734033 0 0.0174978127734033 0.015748031496063 0.015748031496063 0.0183727034120735 0.0113735783027122 0.0201224846894138 0.0551181102362205 0.0227471566054243 0.0166229221347332 0.0568678915135608 0.0621172353455818 0.0603674540682415 0.0166229221347332 0.0708661417322835 0.0192475940507437
"cheSer" 0.047244094488189 0.020997375328084 0.0174978127734033 0 0.015748031496063 0.0192475940507437 0.0218722659667542 0.0244969378827647 0.0192475940507437 0.0533683289588801 0.0236220472440945 0.0166229221347332 0.0559930008748906 0.0612423447069116 0.0612423447069116 0.0166229221347332 0.0717410323709536 0.0174978127734033
"chrPic" 0.0463692038495188 0.010498687664042 0.015748031496063 0.015748031496063 0 0.00874890638670166 0.0113735783027122 0.0218722659667542 0.0244969378827647 0.05249343832021 0.015748031496063 0.0026246719160105 0.0542432195975503 0.0621172353455818 0.0568678915135608 0.0078740157480315 0.0717410323709536 0.00349956255468067
"cuoAmb" 0.0498687664041995 0.00699912510936133 0.015748031496063 0.0192475940507437 0.00874890638670166 0 0.0026246719160105 0.0218722659667542 0.0244969378827647 0.0533683289588801 0.0122484689413823 0.0113735783027122 0.0551181102362205 0.0612423447069116 0.0551181102362205 0.0113735783027122 0.0708661417322835 0.010498687664042
"cuoMcc" 0.0507436570428696 0.0078740157480315 0.0183727034120735 0.0218722659667542 0.0113735783027122 0.0026246719160105 0 0.0244969378827647 0.0236220472440945 0.0559930008748906 0.0131233595800525 0.0139982502187227 0.057742782152231 0.0621172353455818 0.0559930008748906 0.0122484689413823 0.073490813648294 0.0131233595800525
"derCor" 0.0551181102362205 0.0236220472440945 0.0113735783027122 0.0244969378827647 0.0218722659667542 0.0218722659667542 0.0244969378827647 0 0.0288713910761155 0.0603674540682415 0.0279965004374453 0.0227471566054243 0.0621172353455818 0.0664916885389326 0.0656167979002625 0.0227471566054243 0.073490813648294 0.0253718285214348
"derMaw" 0.0516185476815398 0.0244969378827647 0.0201224846894138 0.0192475940507437 0.0244969378827647 0.0244969378827647 0.0236220472440945 0.0288713910761155 0 0.0559930008748906 0.0271216097987752 0.0236220472440945 0.057742782152231 0.062992125984252 0.0594925634295713 0.0236220472440945 0.073490813648294 0.0244969378827647
"emySub" 0.068241469816273 0.0551181102362205 0.0551181102362205 0.0533683289588801 0.05249343832021 0.0533683289588801 0.0559930008748906 0.0603674540682415 0.0559930008748906 0 0.0594925634295713 0.0516185476815398 0.0236220472440945 0.0551181102362205 0.078740157480315 0.0559930008748906 0.0612423447069116 0.05249343832021
"gopAga" 0.05249343832021 0.010498687664042 0.0227471566054243 0.0236220472440945 0.015748031496063 0.0122484689413823 0.0131233595800525 0.0279965004374453 0.0271216097987752 0.0594925634295713 0 0.0183727034120735 0.0586176727909011 0.0647419072615923 0.057742782152231 0.0166229221347332 0.0752405949256343 0.0174978127734033
"malTer" 0.0454943132108486 0.0131233595800525 0.0166229221347332 0.0166229221347332 0.0026246719160105 0.0113735783027122 0.0139982502187227 0.0227471566054243 0.0236220472440945 0.0516185476815398 0.0183727034120735 0 0.0533683289588801 0.0612423447069116 0.0568678915135608 0.010498687664042 0.0708661417322835 0.00437445319335083
"mesTub" 0.0673665791776028 0.0568678915135608 0.0568678915135608 0.0559930008748906 0.0542432195975503 0.0551181102362205 0.057742782152231 0.0621172353455818 0.057742782152231 0.0236220472440945 0.0586176727909011 0.0533683289588801 0 0.0559930008748906 0.0717410323709536 0.057742782152231 0.0638670166229221 0.0542432195975503
"pelCas" 0.0752405949256343 0.0612423447069116 0.0621172353455818 0.0612423447069116 0.0621172353455818 0.0612423447069116 0.0621172353455818 0.0664916885389326 0.062992125984252 0.0551181102362205 0.0647419072615923 0.0612423447069116 0.0559930008748906 0 0.083989501312336 0.0638670166229221 0.05249343832021 0.0621172353455818
"pelSin" 0.0533683289588801 0.0568678915135608 0.0603674540682415 0.0612423447069116 0.0568678915135608 0.0551181102362205 0.0559930008748906 0.0656167979002625 0.0594925634295713 0.078740157480315 0.057742782152231 0.0568678915135608 0.0717410323709536 0.083989501312336 0 0.057742782152231 0.0883639545056868 0.057742782152231
"plaMeg" 0.0454943132108486 0.0113735783027122 0.0166229221347332 0.0166229221347332 0.0078740157480315 0.0113735783027122 0.0122484689413823 0.0227471566054243 0.0236220472440945 0.0559930008748906 0.0166229221347332 0.010498687664042 0.057742782152231 0.0638670166229221 0.057742782152231 0 0.073490813648294 0.0113735783027122
"podExp" 0.0822397200349956 0.0726159230096238 0.0708661417322835 0.0717410323709536 0.0717410323709536 0.0708661417322835 0.073490813648294 0.073490813648294 0.073490813648294 0.0612423447069116 0.0752405949256343 0.0708661417322835 0.0638670166229221 0.05249343832021 0.0883639545056868 0.073490813648294 0 0.0717410323709536
"terMex" 0.0463692038495188 0.0122484689413823 0.0192475940507437 0.0174978127734033 0.00349956255468067 0.010498687664042 0.0131233595800525 0.0253718285214348 0.0244969378827647 0.05249343832021 0.0174978127734033 0.00437445319335083 0.0542432195975503 0.0621172353455818 0.057742782152231 0.0113735783027122 0.0717410323709536 0
