"carIns" "cheAbi" "cheMyd" "cheSer" "chrPic" "cuoAmb" "cuoMcc" "derMaw" "emySub" "gopAga" "malTer" "mesTub" "pelCas" "pelSin" "plaMeg" "podExp" "terMex"
"carIns" 0 0.064804469273743 0.453631284916201 0.467039106145251 0.484916201117318 0.16536312849162 0.064804469273743 0.0737430167597765 0.0603351955307263 0.449162011173184 0.0636871508379888 0.15195530726257 0.460335195530726 0.0793296089385475 0.453631284916201 0.0916201117318436 0.471508379888268
"cheAbi" 0.064804469273743 0 0.458100558659218 0.471508379888268 0.488268156424581 0.127374301675978 0.0156424581005587 0.0446927374301676 0.041340782122905 0.44804469273743 0.0212290502793296 0.13072625698324 0.465921787709497 0.0625698324022346 0.456983240223464 0.0692737430167598 0.479329608938547
"cheMyd" 0.453631284916201 0.458100558659218 0 0.0502793296089385 0.158659217877095 0.505027932960894 0.45586592178771 0.462569832402235 0.449162011173184 0.0759776536312849 0.451396648044693 0.481564245810056 0.166480446927374 0.458100558659218 0.0424581005586592 0.450279329608939 0.0983240223463687
"cheSer" 0.467039106145251 0.471508379888268 0.0502793296089385 0 0.163128491620112 0.511731843575419 0.46927374301676 0.472625698324022 0.464804469273743 0.0837988826815642 0.463687150837989 0.494972067039106 0.169832402234637 0.471508379888268 0.0536312849162011 0.462569832402235 0.105027932960894
"chrPic" 0.484916201117318 0.488268156424581 0.158659217877095 0.163128491620112 0 0.531843575418994 0.489385474860335 0.493854748603352 0.480446927374302 0.173184357541899 0.484916201117318 0.497206703910615 0.220111731843575 0.489385474860335 0.155307262569832 0.481564245810056 0.112849162011173
"cuoAmb" 0.16536312849162 0.127374301675978 0.505027932960894 0.511731843575419 0.531843575418994 0 0.122905027932961 0.147486033519553 0.148603351955307 0.498324022346369 0.129608938547486 0.236871508379888 0.508379888268156 0.16536312849162 0.50391061452514 0.173184357541899 0.509497206703911
"cuoMcc" 0.064804469273743 0.0156424581005587 0.45586592178771 0.46927374301676 0.489385474860335 0.122905027932961 0 0.0402234636871508 0.0391061452513966 0.445810055865922 0.0167597765363128 0.128491620111732 0.463687150837989 0.0592178770949721 0.454748603351955 0.0692737430167598 0.477094972067039
"derMaw" 0.0737430167597765 0.0446927374301676 0.462569832402235 0.472625698324022 0.493854748603352 0.147486033519553 0.0402234636871508 0 0.0513966480446927 0.450279329608939 0.0391061452513966 0.145251396648045 0.46927374301676 0.0692737430167598 0.459217877094972 0.0737430167597765 0.478212290502793
"emySub" 0.0603351955307263 0.041340782122905 0.449162011173184 0.464804469273743 0.480446927374302 0.148603351955307 0.0391061452513966 0.0513966480446927 0 0.443575418994413 0.0379888268156425 0.111731843575419 0.45586592178771 0.0614525139664804 0.450279329608939 0.0502793296089385 0.46927374301676
"gopAga" 0.449162011173184 0.44804469273743 0.0759776536312849 0.0837988826815642 0.173184357541899 0.498324022346369 0.445810055865922 0.450279329608939 0.443575418994413 0 0.441340782122905 0.468156424581006 0.172067039106145 0.452513966480447 0.0681564245810056 0.443575418994413 0.121787709497207
"malTer" 0.0636871508379888 0.0212290502793296 0.451396648044693 0.463687150837989 0.484916201117318 0.129608938547486 0.0167597765363128 0.0391061452513966 0.0379888268156425 0.441340782122905 0 0.129608938547486 0.459217877094972 0.0569832402234637 0.450279329608939 0.0636871508379888 0.471508379888268
"mesTub" 0.15195530726257 0.13072625698324 0.481564245810056 0.494972067039106 0.497206703910615 0.236871508379888 0.128491620111732 0.145251396648045 0.111731843575419 0.468156424581006 0.129608938547486 0 0.480446927374302 0.148603351955307 0.477094972067039 0.14413407821229 0.487150837988827
"pelCas" 0.460335195530726 0.465921787709497 0.166480446927374 0.169832402234637 0.220111731843575 0.508379888268156 0.463687150837989 0.46927374301676 0.45586592178771 0.172067039106145 0.459217877094972 0.480446927374302 0 0.470391061452514 0.159776536312849 0.454748603351955 0.173184357541899
"pelSin" 0.0793296089385475 0.0625698324022346 0.458100558659218 0.471508379888268 0.489385474860335 0.16536312849162 0.0592178770949721 0.0692737430167598 0.0614525139664804 0.452513966480447 0.0569832402234637 0.148603351955307 0.470391061452514 0 0.458100558659218 0.0782122905027933 0.477094972067039
"plaMeg" 0.453631284916201 0.456983240223464 0.0424581005586592 0.0536312849162011 0.155307262569832 0.50391061452514 0.454748603351955 0.459217877094972 0.450279329608939 0.0681564245810056 0.450279329608939 0.477094972067039 0.159776536312849 0.458100558659218 0 0.44804469273743 0.0949720670391061
"podExp" 0.0916201117318436 0.0692737430167598 0.450279329608939 0.462569832402235 0.481564245810056 0.173184357541899 0.0692737430167598 0.0737430167597765 0.0502793296089385 0.443575418994413 0.0636871508379888 0.14413407821229 0.454748603351955 0.0782122905027933 0.44804469273743 0 0.471508379888268
"terMex" 0.471508379888268 0.479329608938547 0.0983240223463687 0.105027932960894 0.112849162011173 0.509497206703911 0.477094972067039 0.478212290502793 0.46927374301676 0.121787709497207 0.471508379888268 0.487150837988827 0.173184357541899 0.477094972067039 0.0949720670391061 0.471508379888268 0
