"carIns" "cheAbi" "cheMyd" "cheSer" "chrPic" "cuoAmb" "cuoMcc" "derCor" "derMaw" "emySub" "gopAga" "malTer" "mesTub" "pelCas" "pelSin" "plaMeg" "podExp" "terMex"
"carIns" 0 0.0611183355006502 0.0559167750325098 0.0559167750325098 0.0559167750325098 0.0507152145643693 0.0507152145643693 0.0559167750325098 0.0689206762028609 0.0832249674902471 0.0611183355006502 0.0533159947984395 0.0884265279583875 0.0780234070221066 0.0728218465539662 0.462938881664499 0.101430429128739 0.0520156046814044
"cheAbi" 0.0611183355006502 0 0.0312093628088427 0.0286085825747724 0.0286085825747724 0.0182054616384915 0.0182054616384915 0.0325097529258778 0.0429128738621586 0.070221066319896 0.0182054616384915 0.0286085825747724 0.0754226267880364 0.0598179453836151 0.0611183355006502 0.472041612483745 0.093628088426528 0.0247074122236671
"cheMyd" 0.0559167750325098 0.0312093628088427 0 0.0208062418725618 0.0260078023407022 0.0208062418725618 0.0208062418725618 0.0143042912873862 0.0377113133940182 0.070221066319896 0.0312093628088427 0.0260078023407022 0.070221066319896 0.0572171651495449 0.0546163849154746 0.477243172951886 0.0806241872561769 0.0221066319895969
"cheSer" 0.0559167750325098 0.0286085825747724 0.0208062418725618 0 0.023407022106632 0.0208062418725618 0.0208062418725618 0.0221066319895969 0.0403120936280884 0.0676202860858258 0.0286085825747724 0.023407022106632 0.0728218465539662 0.0546163849154746 0.0533159947984395 0.472041612483745 0.0832249674902471 0.0221066319895969
"chrPic" 0.0559167750325098 0.0286085825747724 0.0260078023407022 0.023407022106632 0 0.0156046814044213 0.0143042912873862 0.0247074122236671 0.0390117035110533 0.070221066319896 0.0260078023407022 0.00520156046814044 0.0728218465539662 0.0546163849154746 0.0546163849154746 0.474642392717815 0.0858257477243173 0.00910273081924577
"cuoAmb" 0.0507152145643693 0.0182054616384915 0.0208062418725618 0.0208062418725618 0.0156046814044213 0 0.00260078023407022 0.0195058517555267 0.035110533159948 0.0650195058517555 0.0182054616384915 0.0156046814044213 0.070221066319896 0.0546163849154746 0.0559167750325098 0.469440832249675 0.081924577373212 0.011703511053316
"cuoMcc" 0.0507152145643693 0.0182054616384915 0.0208062418725618 0.0208062418725618 0.0143042912873862 0.00260078023407022 0 0.0195058517555267 0.035110533159948 0.0650195058517555 0.0182054616384915 0.0143042912873862 0.070221066319896 0.0546163849154746 0.0559167750325098 0.469440832249675 0.081924577373212 0.011703511053316
"derCor" 0.0559167750325098 0.0325097529258778 0.0143042912873862 0.0221066319895969 0.0247074122236671 0.0195058517555267 0.0195058517555267 0 0.0390117035110533 0.0715214564369311 0.0325097529258778 0.0247074122236671 0.0715214564369311 0.0572171651495449 0.0559167750325098 0.474642392717815 0.0845253576072822 0.0208062418725618
"derMaw" 0.0689206762028609 0.0429128738621586 0.0377113133940182 0.0403120936280884 0.0390117035110533 0.035110533159948 0.035110533159948 0.0390117035110533 0 0.0754226267880364 0.0429128738621586 0.0390117035110533 0.0806241872561769 0.0663198959687906 0.0676202860858258 0.46814044213264 0.0910273081924577 0.035110533159948
"emySub" 0.0832249674902471 0.070221066319896 0.070221066319896 0.0676202860858258 0.070221066319896 0.0650195058517555 0.0650195058517555 0.0715214564369311 0.0754226267880364 0 0.0676202860858258 0.0728218465539662 0.0403120936280884 0.0780234070221066 0.0832249674902471 0.479843953185956 0.0949284785435631 0.0689206762028609
"gopAga" 0.0611183355006502 0.0182054616384915 0.0312093628088427 0.0286085825747724 0.0260078023407022 0.0182054616384915 0.0182054616384915 0.0325097529258778 0.0429128738621586 0.0676202860858258 0 0.0286085825747724 0.0767230169050715 0.0624187256176853 0.0611183355006502 0.477243172951886 0.0910273081924577 0.0247074122236671
"malTer" 0.0533159947984395 0.0286085825747724 0.0260078023407022 0.023407022106632 0.00520156046814044 0.0156046814044213 0.0143042912873862 0.0247074122236671 0.0390117035110533 0.0728218465539662 0.0286085825747724 0 0.0754226267880364 0.0546163849154746 0.0572171651495449 0.474642392717815 0.0858257477243173 0.00910273081924577
"mesTub" 0.0884265279583875 0.0754226267880364 0.070221066319896 0.0728218465539662 0.0728218465539662 0.070221066319896 0.070221066319896 0.0715214564369311 0.0806241872561769 0.0403120936280884 0.0767230169050715 0.0754226267880364 0 0.0780234070221066 0.0832249674902471 0.479843953185956 0.0988296488946684 0.0715214564369311
"pelCas" 0.0780234070221066 0.0598179453836151 0.0572171651495449 0.0546163849154746 0.0546163849154746 0.0546163849154746 0.0546163849154746 0.0572171651495449 0.0663198959687906 0.0780234070221066 0.0624187256176853 0.0546163849154746 0.0780234070221066 0 0.0767230169050715 0.47594278283485 0.0611183355006502 0.0533159947984395
"pelSin" 0.0728218465539662 0.0611183355006502 0.0546163849154746 0.0533159947984395 0.0546163849154746 0.0559167750325098 0.0559167750325098 0.0559167750325098 0.0676202860858258 0.0832249674902471 0.0611183355006502 0.0572171651495449 0.0832249674902471 0.0767230169050715 0 0.478543563068921 0.0923276983094928 0.0572171651495449
"plaMeg" 0.462938881664499 0.472041612483745 0.477243172951886 0.472041612483745 0.474642392717815 0.469440832249675 0.469440832249675 0.474642392717815 0.46814044213264 0.479843953185956 0.477243172951886 0.474642392717815 0.479843953185956 0.47594278283485 0.478543563068921 0 0.490247074122237 0.47334200260078
"podExp" 0.101430429128739 0.093628088426528 0.0806241872561769 0.0832249674902471 0.0858257477243173 0.081924577373212 0.081924577373212 0.0845253576072822 0.0910273081924577 0.0949284785435631 0.0910273081924577 0.0858257477243173 0.0988296488946684 0.0611183355006502 0.0923276983094928 0.490247074122237 0 0.0845253576072822
"terMex" 0.0520156046814044 0.0247074122236671 0.0221066319895969 0.0221066319895969 0.00910273081924577 0.011703511053316 0.011703511053316 0.0208062418725618 0.035110533159948 0.0689206762028609 0.0247074122236671 0.00910273081924577 0.0715214564369311 0.0533159947984395 0.0572171651495449 0.47334200260078 0.0845253576072822 0
