"carIns" "cheMyd" "cheSer" "chrPic" "gopAga" "mesTub" "pelCas" "pelSin" "plaMeg" "podExp" "terMex"
"carIns" 0 0.0532994923857868 0.0850253807106599 0.0571065989847716 0.0685279187817259 0.0774111675126904 0.17005076142132 0.0951776649746193 0.0583756345177665 0.0799492385786802 0.0545685279187817
"cheMyd" 0.0532994923857868 0 0.0456852791878173 0.0139593908629442 0.0253807106598985 0.0418781725888325 0.137055837563452 0.0774111675126904 0.0152284263959391 0.0532994923857868 0.0114213197969543
"cheSer" 0.0850253807106599 0.0456852791878173 0 0.049492385786802 0.0558375634517767 0.0723350253807107 0.166243654822335 0.0875634517766497 0.0482233502538071 0.0799492385786802 0.0469543147208122
"chrPic" 0.0571065989847716 0.0139593908629442 0.049492385786802 0 0.0203045685279188 0.0406091370558376 0.137055837563452 0.0799492385786802 0.0114213197969543 0.0545685279187817 0.00761421319796954
"gopAga" 0.0685279187817259 0.0253807106598985 0.0558375634517767 0.0203045685279188 0 0.0545685279187817 0.142131979695431 0.0901015228426396 0.0228426395939086 0.065989847715736 0.0190355329949239
"mesTub" 0.0774111675126904 0.0418781725888325 0.0723350253807107 0.0406091370558376 0.0545685279187817 0 0.143401015228426 0.0989847715736041 0.0431472081218274 0.0545685279187817 0.0406091370558376
"pelCas" 0.17005076142132 0.137055837563452 0.166243654822335 0.137055837563452 0.142131979695431 0.143401015228426 0 0.192893401015228 0.140862944162437 0.140862944162437 0.137055837563452
"pelSin" 0.0951776649746193 0.0774111675126904 0.0875634517766497 0.0799492385786802 0.0901015228426396 0.0989847715736041 0.192893401015228 0 0.0799492385786802 0.102791878172589 0.0761421319796954
"plaMeg" 0.0583756345177665 0.0152284263959391 0.0482233502538071 0.0114213197969543 0.0228426395939086 0.0431472081218274 0.140862944162437 0.0799492385786802 0 0.050761421319797 0.00888324873096447
"podExp" 0.0799492385786802 0.0532994923857868 0.0799492385786802 0.0545685279187817 0.065989847715736 0.0545685279187817 0.140862944162437 0.102791878172589 0.050761421319797 0 0.0520304568527919
"terMex" 0.0545685279187817 0.0114213197969543 0.0469543147208122 0.00761421319796954 0.0190355329949239 0.0406091370558376 0.137055837563452 0.0761421319796954 0.00888324873096447 0.0520304568527919 0
