"carIns" "cheAbi" "cheMyd" "cheSer" "chrPic" "cuoAmb" "cuoMcc" "derCor" "derMaw" "emySub" "gopAga" "malTer" "mesTub" "pelCas" "pelSin" "plaMeg" "podExp" "terMex"
"carIns" 0 0.0668756530825496 0.0626959247648903 0.0658307210031348 0.06478578892372 0.0658307210031348 0.0616509926854754 0.0606060606060606 0.0815047021943574 0.077324973876698 0.0689655172413793 0.0679205851619645 0.0679205851619645 0.0846394984326019 0.0762800417972832 0.0637408568443051 0.0762800417972832 0.0668756530825496
"cheAbi" 0.0668756530825496 0 0.0397074190177638 0.038662486938349 0.0292580982236155 0.0303030303030303 0.0229885057471264 0.0397074190177638 0.0543364681295716 0.0700104493207941 0.0146290491118077 0.0344827586206897 0.06478578892372 0.0877742946708464 0.0898641588296761 0.0229885057471264 0.0846394984326019 0.0292580982236155
"cheMyd" 0.0626959247648903 0.0397074190177638 0 0.038662486938349 0.0376175548589342 0.0407523510971787 0.0334378265412748 0.0219435736677116 0.0543364681295716 0.0658307210031348 0.0376175548589342 0.0417972831765935 0.0585161964472309 0.0794148380355277 0.0804597701149425 0.0334378265412748 0.0741901776384535 0.0355276907001045
"cheSer" 0.0658307210031348 0.038662486938349 0.038662486938349 0 0.0365726227795193 0.0376175548589342 0.0344827586206897 0.038662486938349 0.0459770114942529 0.0668756530825496 0.0365726227795193 0.0376175548589342 0.0595611285266458 0.0815047021943574 0.0909090909090909 0.0365726227795193 0.0846394984326019 0.038662486938349
"chrPic" 0.06478578892372 0.0292580982236155 0.0376175548589342 0.0365726227795193 0 0.026123301985371 0.0188087774294671 0.0397074190177638 0.0564263322884013 0.0679205851619645 0.0271682340647858 0.0114942528735632 0.0626959247648903 0.0815047021943574 0.0888192267502612 0.0208986415882968 0.0825496342737722 0.0188087774294671
"cuoAmb" 0.0658307210031348 0.0303030303030303 0.0407523510971787 0.0376175548589342 0.026123301985371 0 0.0125391849529781 0.0428422152560084 0.0564263322884013 0.0626959247648903 0.026123301985371 0.0292580982236155 0.0616509926854754 0.083594566353187 0.0867293625914316 0.026123301985371 0.0877742946708464 0.0282131661442006
"cuoMcc" 0.0616509926854754 0.0229885057471264 0.0334378265412748 0.0344827586206897 0.0188087774294671 0.0125391849529781 0 0.0376175548589342 0.0480668756530825 0.0637408568443051 0.0188087774294671 0.0240334378265413 0.0585161964472309 0.0794148380355277 0.083594566353187 0.0188087774294671 0.0846394984326019 0.0188087774294671
"derCor" 0.0606060606060606 0.0397074190177638 0.0219435736677116 0.038662486938349 0.0397074190177638 0.0428422152560084 0.0376175548589342 0 0.0585161964472309 0.071055381400209 0.0407523510971787 0.0428422152560084 0.0595611285266458 0.0783699059561129 0.083594566353187 0.0355276907001045 0.071055381400209 0.0417972831765935
"derMaw" 0.0815047021943574 0.0543364681295716 0.0543364681295716 0.0459770114942529 0.0564263322884013 0.0564263322884013 0.0480668756530825 0.0585161964472309 0 0.0815047021943574 0.0522466039707419 0.0553814002089864 0.0794148380355277 0.0950888192267503 0.0940438871473354 0.0543364681295716 0.0961337513061651 0.0564263322884013
"emySub" 0.077324973876698 0.0700104493207941 0.0658307210031348 0.0668756530825496 0.0679205851619645 0.0626959247648903 0.0637408568443051 0.071055381400209 0.0815047021943574 0 0.0721003134796238 0.0721003134796238 0.0376175548589342 0.0606060606060606 0.0856844305120167 0.0668756530825496 0.0762800417972832 0.0668756530825496
"gopAga" 0.0689655172413793 0.0146290491118077 0.0376175548589342 0.0365726227795193 0.0271682340647858 0.026123301985371 0.0188087774294671 0.0407523510971787 0.0522466039707419 0.0721003134796238 0 0.0292580982236155 0.06478578892372 0.0888192267502612 0.0919540229885057 0.0219435736677116 0.0867293625914316 0.0271682340647858
"malTer" 0.0679205851619645 0.0344827586206897 0.0417972831765935 0.0376175548589342 0.0114942528735632 0.0292580982236155 0.0240334378265413 0.0428422152560084 0.0553814002089864 0.0721003134796238 0.0292580982236155 0 0.0668756530825496 0.0867293625914316 0.0961337513061651 0.026123301985371 0.0877742946708464 0.026123301985371
"mesTub" 0.0679205851619645 0.06478578892372 0.0585161964472309 0.0595611285266458 0.0626959247648903 0.0616509926854754 0.0585161964472309 0.0595611285266458 0.0794148380355277 0.0376175548589342 0.06478578892372 0.0668756530825496 0 0.0564263322884013 0.0815047021943574 0.0595611285266458 0.06478578892372 0.0616509926854754
"pelCas" 0.0846394984326019 0.0877742946708464 0.0794148380355277 0.0815047021943574 0.0815047021943574 0.083594566353187 0.0794148380355277 0.0783699059561129 0.0950888192267503 0.0606060606060606 0.0888192267502612 0.0867293625914316 0.0564263322884013 0 0.0982236154649948 0.0846394984326019 0.0783699059561129 0.083594566353187
"pelSin" 0.0762800417972832 0.0898641588296761 0.0804597701149425 0.0909090909090909 0.0888192267502612 0.0867293625914316 0.083594566353187 0.083594566353187 0.0940438871473354 0.0856844305120167 0.0919540229885057 0.0961337513061651 0.0815047021943574 0.0982236154649948 0 0.0856844305120167 0.108672936259143 0.0898641588296761
"plaMeg" 0.0637408568443051 0.0229885057471264 0.0334378265412748 0.0365726227795193 0.0208986415882968 0.026123301985371 0.0188087774294671 0.0355276907001045 0.0543364681295716 0.0668756530825496 0.0219435736677116 0.026123301985371 0.0595611285266458 0.0846394984326019 0.0856844305120167 0 0.083594566353187 0.0208986415882968
"podExp" 0.0762800417972832 0.0846394984326019 0.0741901776384535 0.0846394984326019 0.0825496342737722 0.0877742946708464 0.0846394984326019 0.071055381400209 0.0961337513061651 0.0762800417972832 0.0867293625914316 0.0877742946708464 0.06478578892372 0.0783699059561129 0.108672936259143 0.083594566353187 0 0.0856844305120167
"terMex" 0.0668756530825496 0.0292580982236155 0.0355276907001045 0.038662486938349 0.0188087774294671 0.0282131661442006 0.0188087774294671 0.0417972831765935 0.0564263322884013 0.0668756530825496 0.0271682340647858 0.026123301985371 0.0616509926854754 0.083594566353187 0.0898641588296761 0.0208986415882968 0.0856844305120167 0
