"carIns" "cheAbi" "cheMyd" "cheSer" "chrPic" "cuoMcc" "derCor" "derMaw" "emySub" "gopAga" "malTer" "mesTub" "pelCas" "pelSin" "plaMeg" "podExp" "terMex"
"carIns" 0 0.121251629726206 0.0691003911342894 0.0704041720990874 0.109517601043025 0.0651890482398957 0.0860495436766623 0.123859191655802 0.075619295958279 0.0769230769230769 0.0691003911342894 0.0847457627118644 0.0899608865710561 0.0743155149934811 0.0651890482398957 0.0886571056062582 0.0677966101694915
"cheAbi" 0.121251629726206 0 0.0938722294654498 0.0886571056062582 0.0938722294654498 0.0625814863102999 0.100391134289439 0.101694915254237 0.114732724902216 0.059973924380704 0.0743155149934811 0.116036505867014 0.129074315514993 0.1251629726206 0.0704041720990874 0.136897001303781 0.0730117340286832
"cheMyd" 0.0691003911342894 0.0938722294654498 0 0.0338983050847458 0.0664928292046936 0.0378096479791395 0.0312907431551499 0.0860495436766623 0.059973924380704 0.0469361147327249 0.0286831812255541 0.061277705345502 0.0743155149934811 0.0730117340286832 0.0273794002607562 0.075619295958279 0.029986962190352
"cheSer" 0.0704041720990874 0.0886571056062582 0.0338983050847458 0 0.0691003911342894 0.0352020860495437 0.0521512385919166 0.0821382007822686 0.059973924380704 0.0443285528031291 0.0312907431551499 0.0638852672750978 0.0704041720990874 0.0638852672750978 0.0234680573663625 0.0808344198174707 0.0286831812255541
"chrPic" 0.109517601043025 0.0938722294654498 0.0664928292046936 0.0691003911342894 0 0.059973924380704 0.0664928292046936 0.0795306388526728 0.0990873533246415 0.0664928292046936 0.045632333767927 0.101694915254237 0.106910039113429 0.106910039113429 0.0534550195567145 0.114732724902216 0.0508474576271186
"cuoMcc" 0.0651890482398957 0.0625814863102999 0.0378096479791395 0.0352020860495437 0.059973924380704 0 0.0508474576271186 0.0834419817470665 0.0586701434159061 0.0130378096479791 0.0221642764015645 0.0638852672750978 0.075619295958279 0.0677966101694915 0.0143415906127771 0.0821382007822686 0.0169491525423729
"derCor" 0.0860495436766623 0.100391134289439 0.0312907431551499 0.0521512385919166 0.0664928292046936 0.0508474576271186 0 0.0886571056062582 0.075619295958279 0.0573663624511082 0.0469361147327249 0.0743155149934811 0.091264667535854 0.0899608865710561 0.0430247718383312 0.0951760104302477 0.0482398956975228
"derMaw" 0.123859191655802 0.101694915254237 0.0860495436766623 0.0821382007822686 0.0795306388526728 0.0834419817470665 0.0886571056062582 0 0.110821382007823 0.0925684485006519 0.0847457627118644 0.114732724902216 0.121251629726206 0.119947848761408 0.0795306388526728 0.127770534550196 0.0821382007822686
"emySub" 0.075619295958279 0.114732724902216 0.059973924380704 0.059973924380704 0.0990873533246415 0.0586701434159061 0.075619295958279 0.110821382007823 0 0.0704041720990874 0.061277705345502 0.0312907431551499 0.059973924380704 0.075619295958279 0.0534550195567145 0.0704041720990874 0.061277705345502
"gopAga" 0.0769230769230769 0.059973924380704 0.0469361147327249 0.0443285528031291 0.0664928292046936 0.0130378096479791 0.0573663624511082 0.0925684485006519 0.0704041720990874 0 0.029986962190352 0.075619295958279 0.0873533246414602 0.0782268578878748 0.0234680573663625 0.0938722294654498 0.0247718383311604
"malTer" 0.0691003911342894 0.0743155149934811 0.0286831812255541 0.0312907431551499 0.045632333767927 0.0221642764015645 0.0469361147327249 0.0847457627118644 0.061277705345502 0.029986962190352 0 0.0664928292046936 0.0769230769230769 0.0717079530638853 0.015645371577575 0.0834419817470665 0.0104302477183833
"mesTub" 0.0847457627118644 0.116036505867014 0.061277705345502 0.0638852672750978 0.101694915254237 0.0638852672750978 0.0743155149934811 0.114732724902216 0.0312907431551499 0.075619295958279 0.0664928292046936 0 0.0651890482398957 0.0834419817470665 0.0586701434159061 0.075619295958279 0.0651890482398957
"pelCas" 0.0899608865710561 0.129074315514993 0.0743155149934811 0.0704041720990874 0.106910039113429 0.075619295958279 0.091264667535854 0.121251629726206 0.059973924380704 0.0873533246414602 0.0769230769230769 0.0651890482398957 0 0.0782268578878748 0.0704041720990874 0.0638852672750978 0.075619295958279
"pelSin" 0.0743155149934811 0.1251629726206 0.0730117340286832 0.0638852672750978 0.106910039113429 0.0677966101694915 0.0899608865710561 0.119947848761408 0.075619295958279 0.0782268578878748 0.0717079530638853 0.0834419817470665 0.0782268578878748 0 0.0638852672750978 0.0938722294654498 0.0691003911342894
"plaMeg" 0.0651890482398957 0.0704041720990874 0.0273794002607562 0.0234680573663625 0.0534550195567145 0.0143415906127771 0.0430247718383312 0.0795306388526728 0.0534550195567145 0.0234680573663625 0.015645371577575 0.0586701434159061 0.0704041720990874 0.0638852672750978 0 0.0782268578878748 0.0130378096479791
"podExp" 0.0886571056062582 0.136897001303781 0.075619295958279 0.0808344198174707 0.114732724902216 0.0821382007822686 0.0951760104302477 0.127770534550196 0.0704041720990874 0.0938722294654498 0.0834419817470665 0.075619295958279 0.0638852672750978 0.0938722294654498 0.0782268578878748 0 0.0808344198174707
"terMex" 0.0677966101694915 0.0730117340286832 0.029986962190352 0.0286831812255541 0.0508474576271186 0.0169491525423729 0.0482398956975228 0.0821382007822686 0.061277705345502 0.0247718383311604 0.0104302477183833 0.0651890482398957 0.075619295958279 0.0691003911342894 0.0130378096479791 0.0808344198174707 0
