"cheAbi" "cheMyd" "cheSer" "chrPic" "cuoAmb" "cuoMcc" "derCor" "derMaw" "emySub" "gopAga" "malTer" "mesTub" "pelCas" "pelSin" "plaMeg" "podExp" "terMex"
"cheAbi" 0 0.0522565320665083 0.0530482977038797 0.051464766429137 0.0332541567695962 0.0332541567695962 0.0498812351543943 0.144101346001584 0.0870942201108472 0.103721298495645 0.056215360253365 0.212193190815519 0.121140142517815 0.14806017418844 0.0427553444180523 0.207442596991291 0.0475059382422803
"cheMyd" 0.0522565320665083 0 0.0395882818685669 0.051464766429137 0.0443388756927949 0.0459224069675376 0.0292953285827395 0.14172604908947 0.0863024544734759 0.122723673792557 0.0554235946159937 0.213776722090261 0.114014251781473 0.139350752177356 0.0411718131433096 0.201900237529691 0.0475059382422803
"cheSer" 0.0530482977038797 0.0395882818685669 0 0.0459224069675376 0.0459224069675376 0.046714172604909 0.0403800475059382 0.139350752177356 0.0863024544734759 0.121140142517815 0.0522565320665083 0.21298495645289 0.120348376880443 0.139350752177356 0.0356294536817102 0.208234362628662 0.0435471100554236
"chrPic" 0.051464766429137 0.051464766429137 0.0459224069675376 0 0.0435471100554236 0.0435471100554236 0.0506730007917656 0.144893111638955 0.0815518606492478 0.122723673792557 0.0158353127474268 0.209026128266033 0.115597783056215 0.140142517814727 0.0356294536817102 0.209026128266033 0.0166270783847981
"cuoAmb" 0.0332541567695962 0.0443388756927949 0.0459224069675376 0.0435471100554236 0 0.00791765637371338 0.0443388756927949 0.145684877276326 0.0847189231987332 0.106096595407759 0.0482977038796516 0.211401425178147 0.116389548693587 0.143309580364212 0.0340459224069675 0.205859065716548 0.0395882818685669
"cuoMcc" 0.0332541567695962 0.0459224069675376 0.046714172604909 0.0435471100554236 0.00791765637371338 0 0.0443388756927949 0.144101346001584 0.0839271575613618 0.106888361045131 0.0482977038796516 0.211401425178147 0.115597783056215 0.14172604908947 0.0340459224069675 0.206650831353919 0.0395882818685669
"derCor" 0.0498812351543943 0.0292953285827395 0.0403800475059382 0.0506730007917656 0.0443388756927949 0.0443388756927949 0 0.140934283452098 0.0855106888361045 0.119556611243072 0.0570071258907363 0.211401425178147 0.117973079968329 0.13618368962787 0.0419635787806809 0.205067300079177 0.046714172604909
"derMaw" 0.144101346001584 0.14172604908947 0.139350752177356 0.144893111638955 0.145684877276326 0.144101346001584 0.140934283452098 0 0.175771971496437 0.215360253365004 0.146476642913698 0.237529691211401 0.193190815518606 0.193190815518606 0.142517814726841 0.252573238321457 0.140142517814727
"emySub" 0.0870942201108472 0.0863024544734759 0.0863024544734759 0.0815518606492478 0.0847189231987332 0.0839271575613618 0.0855106888361045 0.175771971496437 0 0.152810768012668 0.0886777513855899 0.19556611243072 0.101346001583531 0.158353127474268 0.0807600950118765 0.197941409342835 0.0815518606492478
"gopAga" 0.103721298495645 0.122723673792557 0.121140142517815 0.122723673792557 0.106096595407759 0.106888361045131 0.119556611243072 0.215360253365004 0.152810768012668 0 0.127474267616785 0.281868566904196 0.186064924782264 0.207442596991291 0.11243072050673 0.271575613618369 0.117181314330958
"malTer" 0.056215360253365 0.0554235946159937 0.0522565320665083 0.0158353127474268 0.0482977038796516 0.0482977038796516 0.0570071258907363 0.146476642913698 0.0886777513855899 0.127474267616785 0 0.214568487727633 0.118764845605701 0.144101346001584 0.0419635787806809 0.209817893903405 0.0229612034837688
"mesTub" 0.212193190815519 0.213776722090261 0.21298495645289 0.209026128266033 0.211401425178147 0.211401425178147 0.211401425178147 0.237529691211401 0.19556611243072 0.281868566904196 0.214568487727633 0 0.226444972288203 0.244655581947743 0.207442596991291 0.258907363420428 0.205859065716548
"pelCas" 0.121140142517815 0.114014251781473 0.120348376880443 0.115597783056215 0.116389548693587 0.115597783056215 0.117973079968329 0.193190815518606 0.101346001583531 0.186064924782264 0.118764845605701 0.226444972288203 0 0.186856690419636 0.113222486144101 0.190023752969121 0.114806017418844
"pelSin" 0.14806017418844 0.139350752177356 0.139350752177356 0.140142517814727 0.143309580364212 0.14172604908947 0.13618368962787 0.193190815518606 0.158353127474268 0.207442596991291 0.144101346001584 0.244655581947743 0.186856690419636 0 0.134600158353127 0.241488519398258 0.135391923990499
"plaMeg" 0.0427553444180523 0.0411718131433096 0.0356294536817102 0.0356294536817102 0.0340459224069675 0.0340459224069675 0.0419635787806809 0.142517814726841 0.0807600950118765 0.11243072050673 0.0419635787806809 0.207442596991291 0.113222486144101 0.134600158353127 0 0.198733174980206 0.0300870942201108
"podExp" 0.207442596991291 0.201900237529691 0.208234362628662 0.209026128266033 0.205859065716548 0.206650831353919 0.205067300079177 0.252573238321457 0.197941409342835 0.271575613618369 0.209817893903405 0.258907363420428 0.190023752969121 0.241488519398258 0.198733174980206 0 0.209026128266033
"terMex" 0.0475059382422803 0.0475059382422803 0.0435471100554236 0.0166270783847981 0.0395882818685669 0.0395882818685669 0.046714172604909 0.140142517814727 0.0815518606492478 0.117181314330958 0.0229612034837688 0.205859065716548 0.114806017418844 0.135391923990499 0.0300870942201108 0.209026128266033 0
