"carIns" "cheAbi" "cheMyd" "cheSer" "chrPic" "cuoAmb" "cuoMcc" "derCor" "derMaw" "emySub" "gopAga" "malTer" "mesTub" "pelCas" "pelSin" "podExp" "terMex"
"carIns" 0 0.0824622531939605 0.0754936120789779 0.0813008130081301 0.0720092915214866 0.110336817653891 0.0789779326364692 0.0754936120789779 0.0696864111498258 0.091753774680604 0.0847851335656214 0.121951219512195 0.102206736353078 0.121951219512195 0.10801393728223 0.102206736353078 0.0743321718931475
"cheAbi" 0.0824622531939605 0 0.0313588850174216 0.0371660859465738 0.016260162601626 0.048780487804878 0.0174216027874564 0.0290360046457607 0.0418118466898955 0.0522648083623693 0.00929152148664344 0.0696864111498258 0.0638792102206736 0.0859465737514518 0.0940766550522648 0.0766550522648084 0.0139372822299652
"cheMyd" 0.0754936120789779 0.0313588850174216 0 0.0290360046457607 0.0220673635307782 0.0615563298490128 0.0278745644599303 0.00929152148664344 0.0313588850174216 0.048780487804878 0.0313588850174216 0.0754936120789779 0.0592334494773519 0.083623693379791 0.0871080139372822 0.0708478513356562 0.0220673635307782
"cheSer" 0.0813008130081301 0.0371660859465738 0.0290360046457607 0 0.0301974448315912 0.0650406504065041 0.0313588850174216 0.0267131242740999 0.032520325203252 0.0545876887340302 0.0394889663182346 0.0801393728222996 0.0627177700348432 0.091753774680604 0.0952380952380952 0.0766550522648084 0.0278745644599303
"chrPic" 0.0720092915214866 0.016260162601626 0.0220673635307782 0.0301974448315912 0 0.0429732868757259 0.0127758420441347 0.0220673635307782 0.0290360046457607 0.0464576074332172 0.0185830429732869 0.056910569105691 0.0592334494773519 0.0824622531939605 0.0824622531939605 0.0708478513356562 0.00464576074332172
"cuoAmb" 0.110336817653891 0.048780487804878 0.0615563298490128 0.0650406504065041 0.0429732868757259 0 0.0336817653890825 0.0580720092915215 0.0650406504065041 0.0847851335656214 0.0522648083623693 0.0952380952380952 0.091753774680604 0.112659698025552 0.120789779326365 0.102206736353078 0.0429732868757259
"cuoMcc" 0.0789779326364692 0.0174216027874564 0.0278745644599303 0.0313588850174216 0.0127758420441347 0.0336817653890825 0 0.0255516840882695 0.0360046457607433 0.0534262485481998 0.0185830429732869 0.0662020905923345 0.0638792102206736 0.083623693379791 0.0905923344947735 0.0731707317073171 0.0104529616724739
"derCor" 0.0754936120789779 0.0290360046457607 0.00929152148664344 0.0267131242740999 0.0220673635307782 0.0580720092915215 0.0255516840882695 0 0.0313588850174216 0.048780487804878 0.0290360046457607 0.0754936120789779 0.0592334494773519 0.083623693379791 0.0882694541231127 0.0731707317073171 0.0197444831591173
"derMaw" 0.0696864111498258 0.0418118466898955 0.0313588850174216 0.032520325203252 0.0290360046457607 0.0650406504065041 0.0360046457607433 0.0313588850174216 0 0.0580720092915215 0.0441347270615563 0.0801393728222996 0.0662020905923345 0.0882694541231127 0.0940766550522648 0.0720092915214866 0.032520325203252
"emySub" 0.091753774680604 0.0522648083623693 0.048780487804878 0.0545876887340302 0.0464576074332172 0.0847851335656214 0.0534262485481998 0.048780487804878 0.0580720092915215 0 0.0522648083623693 0.0963995354239257 0.0290360046457607 0.0847851335656214 0.10917537746806 0.0766550522648084 0.0464576074332172
"gopAga" 0.0847851335656214 0.00929152148664344 0.0313588850174216 0.0394889663182346 0.0185830429732869 0.0522648083623693 0.0185830429732869 0.0290360046457607 0.0441347270615563 0.0522648083623693 0 0.0720092915214866 0.0662020905923345 0.0859465737514518 0.0963995354239257 0.0789779326364692 0.016260162601626
"malTer" 0.121951219512195 0.0696864111498258 0.0754936120789779 0.0801393728222996 0.056910569105691 0.0952380952380952 0.0662020905923345 0.0754936120789779 0.0801393728222996 0.0963995354239257 0.0720092915214866 0 0.10917537746806 0.110336817653891 0.13588850174216 0.110336817653891 0.0615563298490128
"mesTub" 0.102206736353078 0.0638792102206736 0.0592334494773519 0.0627177700348432 0.0592334494773519 0.091753774680604 0.0638792102206736 0.0592334494773519 0.0662020905923345 0.0290360046457607 0.0662020905923345 0.10917537746806 0 0.0975609756097561 0.113821138211382 0.0882694541231127 0.0592334494773519
"pelCas" 0.121951219512195 0.0859465737514518 0.083623693379791 0.091753774680604 0.0824622531939605 0.112659698025552 0.083623693379791 0.083623693379791 0.0882694541231127 0.0847851335656214 0.0859465737514518 0.110336817653891 0.0975609756097561 0 0.138211382113821 0.0824622531939605 0.0824622531939605
"pelSin" 0.10801393728223 0.0940766550522648 0.0871080139372822 0.0952380952380952 0.0824622531939605 0.120789779326365 0.0905923344947735 0.0882694541231127 0.0940766550522648 0.10917537746806 0.0963995354239257 0.13588850174216 0.113821138211382 0.138211382113821 0 0.131242740998839 0.0847851335656214
"podExp" 0.102206736353078 0.0766550522648084 0.0708478513356562 0.0766550522648084 0.0708478513356562 0.102206736353078 0.0731707317073171 0.0731707317073171 0.0720092915214866 0.0766550522648084 0.0789779326364692 0.110336817653891 0.0882694541231127 0.0824622531939605 0.131242740998839 0 0.0720092915214866
"terMex" 0.0743321718931475 0.0139372822299652 0.0220673635307782 0.0278745644599303 0.00464576074332172 0.0429732868757259 0.0104529616724739 0.0197444831591173 0.032520325203252 0.0464576074332172 0.016260162601626 0.0615563298490128 0.0592334494773519 0.0824622531939605 0.0847851335656214 0.0720092915214866 0
