"carIns" "cheAbi" "cheMyd" "cheSer" "chrPic" "cuoAmb" "cuoMcc" "derCor" "derMaw" "emySub" "malTer" "mesTub" "pelCas" "pelSin" "plaMeg" "podExp" "terMex"
"carIns" 0 0.0635118306351183 0.0921544209215442 0.0547945205479452 0.0535491905354919 0.0983810709838107 0.0572851805728518 0.0684931506849315 0.0560398505603985 0.0572851805728518 0.100871731008717 0.062266500622665 0.11332503113325 0.0909090909090909 0.0535491905354919 0.0834371108343711 0.0884184308841843
"cheAbi" 0.0635118306351183 0 0.0697384806973848 0.0298879202988792 0.0149439601494396 0.0585305105853051 0.0136986301369863 0.0448318804483188 0.0336239103362391 0.0423412204234122 0.0672478206724782 0.0473225404732254 0.0946450809464508 0.087173100871731 0.0149439601494396 0.0635118306351183 0.0572851805728518
"cheMyd" 0.0921544209215442 0.0697384806973848 0 0.0585305105853051 0.0597758405977584 0.0759651307596513 0.0635118306351183 0.0560398505603985 0.0597758405977584 0.0797011207970112 0.108343711083437 0.0797011207970112 0.0946450809464508 0.0784557907845579 0.0572851805728518 0.100871731008717 0.0672478206724782
"cheSer" 0.0547945205479452 0.0298879202988792 0.0585305105853051 0 0.0199252801992528 0.0672478206724782 0.024906600249066 0.0311332503113325 0.024906600249066 0.0410958904109589 0.0672478206724782 0.0435865504358655 0.0921544209215442 0.0809464508094645 0.0174346201743462 0.0635118306351183 0.0610211706102117
"chrPic" 0.0535491905354919 0.0149439601494396 0.0597758405977584 0.0199252801992528 0 0.0535491905354919 0.0087173100871731 0.0348692403486924 0.0236612702366127 0.0348692403486924 0.0560398505603985 0.037359900373599 0.087173100871731 0.0772104607721046 0.0049813200498132 0.0547945205479452 0.0473225404732254
"cuoAmb" 0.0983810709838107 0.0585305105853051 0.0759651307596513 0.0672478206724782 0.0535491905354919 0 0.0473225404732254 0.0784557907845579 0.0722291407222914 0.0809464508094645 0.104607721046077 0.0821917808219178 0.100871731008717 0.0909090909090909 0.0535491905354919 0.100871731008717 0.0635118306351183
"cuoMcc" 0.0572851805728518 0.0136986301369863 0.0635118306351183 0.024906600249066 0.0087173100871731 0.0473225404732254 0 0.0386052303860523 0.0273972602739726 0.0386052303860523 0.062266500622665 0.0410958904109589 0.0884184308841843 0.0809464508094645 0.0087173100871731 0.0585305105853051 0.0510585305105853
"derCor" 0.0684931506849315 0.0448318804483188 0.0560398505603985 0.0311332503113325 0.0348692403486924 0.0784557907845579 0.0386052303860523 0 0.0386052303860523 0.0547945205479452 0.0809464508094645 0.0510585305105853 0.104607721046077 0.0884184308841843 0.0323785803237858 0.074719800747198 0.0722291407222914
"derMaw" 0.0560398505603985 0.0336239103362391 0.0597758405977584 0.024906600249066 0.0236612702366127 0.0722291407222914 0.0273972602739726 0.0386052303860523 0 0.0386052303860523 0.074719800747198 0.0410958904109589 0.0909090909090909 0.0784557907845579 0.0211706102117061 0.062266500622665 0.0610211706102117
"emySub" 0.0572851805728518 0.0423412204234122 0.0797011207970112 0.0410958904109589 0.0348692403486924 0.0809464508094645 0.0386052303860523 0.0547945205479452 0.0386052303860523 0 0.0809464508094645 0.0199252801992528 0.0921544209215442 0.0909090909090909 0.0348692403486924 0.0572851805728518 0.0772104607721046
"malTer" 0.100871731008717 0.0672478206724782 0.108343711083437 0.0672478206724782 0.0560398505603985 0.104607721046077 0.062266500622665 0.0809464508094645 0.074719800747198 0.0809464508094645 0 0.0834371108343711 0.13200498132005 0.122042341220423 0.0610211706102117 0.0983810709838107 0.100871731008717
"mesTub" 0.062266500622665 0.0473225404732254 0.0797011207970112 0.0435865504358655 0.037359900373599 0.0821917808219178 0.0410958904109589 0.0510585305105853 0.0410958904109589 0.0199252801992528 0.0834371108343711 0 0.0946450809464508 0.0921544209215442 0.037359900373599 0.0572851805728518 0.074719800747198
"pelCas" 0.11332503113325 0.0946450809464508 0.0946450809464508 0.0921544209215442 0.087173100871731 0.100871731008717 0.0884184308841843 0.104607721046077 0.0909090909090909 0.0921544209215442 0.13200498132005 0.0946450809464508 0 0.105853051058531 0.0859277708592777 0.100871731008717 0.0946450809464508
"pelSin" 0.0909090909090909 0.087173100871731 0.0784557907845579 0.0809464508094645 0.0772104607721046 0.0909090909090909 0.0809464508094645 0.0884184308841843 0.0784557907845579 0.0909090909090909 0.122042341220423 0.0921544209215442 0.105853051058531 0 0.0772104607721046 0.104607721046077 0.0884184308841843
"plaMeg" 0.0535491905354919 0.0149439601494396 0.0572851805728518 0.0174346201743462 0.0049813200498132 0.0535491905354919 0.0087173100871731 0.0323785803237858 0.0211706102117061 0.0348692403486924 0.0610211706102117 0.037359900373599 0.0859277708592777 0.0772104607721046 0 0.0547945205479452 0.0473225404732254
"podExp" 0.0834371108343711 0.0635118306351183 0.100871731008717 0.0635118306351183 0.0547945205479452 0.100871731008717 0.0585305105853051 0.074719800747198 0.062266500622665 0.0572851805728518 0.0983810709838107 0.0572851805728518 0.100871731008717 0.104607721046077 0.0547945205479452 0 0.0896637608966376
"terMex" 0.0884184308841843 0.0572851805728518 0.0672478206724782 0.0610211706102117 0.0473225404732254 0.0635118306351183 0.0510585305105853 0.0722291407222914 0.0610211706102117 0.0772104607721046 0.100871731008717 0.074719800747198 0.0946450809464508 0.0884184308841843 0.0473225404732254 0.0896637608966376 0
