"carIns" "cheAbi" "cheMyd" "cheSer" "chrPic" "cuoAmb" "cuoMcc" "derCor" "derMaw" "emySub" "gopAga" "malTer" "mesTub" "pelCas" "pelSin" "plaMeg" "podExp" "terMex"
"carIns" 0 0.0639899623588457 0.0752823086574655 0.067754077791719 0.0664993726474278 0.0652446675031368 0.0639899623588457 0.0715181932245922 0.0664993726474278 0.0752823086574655 0.06900878293601 0.0639899623588457 0.0865746549560853 0.265997490589711 0.191969887076537 0.067754077791719 0.095357590966123 0.0627352572145546
"cheAbi" 0.0639899623588457 0 0.0401505646173149 0.0376411543287327 0.0238393977415307 0.0100376411543287 0.00627352572145546 0.0439146800501882 0.0351317440401506 0.0602258469259724 0.0200752823086575 0.0213299874529486 0.0627352572145546 0.250941028858218 0.179422835633626 0.0263488080301129 0.0765370138017566 0.0175658720200753
"cheMyd" 0.0752823086574655 0.0401505646173149 0 0.0301129234629862 0.0376411543287327 0.0401505646173149 0.0363864491844417 0.0150564617314931 0.0301129234629862 0.0664993726474278 0.0451693851944793 0.0401505646173149 0.06900878293601 0.248431618569636 0.17189460476788 0.0401505646173149 0.0752823086574655 0.0338770388958595
"cheSer" 0.067754077791719 0.0376411543287327 0.0301129234629862 0 0.0313676286072773 0.0376411543287327 0.0338770388958595 0.0363864491844417 0.0326223337515684 0.0652446675031368 0.041405269761606 0.0338770388958595 0.067754077791719 0.250941028858218 0.179422835633626 0.0376411543287327 0.0715181932245922 0.0288582183186951
"chrPic" 0.0664993726474278 0.0238393977415307 0.0376411543287327 0.0313676286072773 0 0.0213299874529486 0.0200752823086575 0.0439146800501882 0.0363864491844417 0.0664993726474278 0.0313676286072773 0.00752823086574655 0.0664993726474278 0.252195734002509 0.174404015056462 0.0313676286072773 0.0803011292346299 0.0100376411543287
"cuoAmb" 0.0652446675031368 0.0100376411543287 0.0401505646173149 0.0376411543287327 0.0213299874529486 0 0.00376411543287327 0.0439146800501882 0.0351317440401506 0.0639899623588457 0.0200752823086575 0.0188205771643664 0.0652446675031368 0.252195734002509 0.179422835633626 0.027603513174404 0.0765370138017566 0.0175658720200753
"cuoMcc" 0.0639899623588457 0.00627352572145546 0.0363864491844417 0.0338770388958595 0.0200752823086575 0.00376411543287327 0 0.0401505646173149 0.0338770388958595 0.0627352572145546 0.0163111668757842 0.0175658720200753 0.0614805520702635 0.248431618569636 0.175658720200753 0.0238393977415307 0.0727728983688833 0.013801756587202
"derCor" 0.0715181932245922 0.0439146800501882 0.0150564617314931 0.0363864491844417 0.0439146800501882 0.0439146800501882 0.0401505646173149 0 0.0363864491844417 0.0652446675031368 0.0464240903387704 0.0439146800501882 0.0702634880803011 0.247176913425345 0.17189460476788 0.0439146800501882 0.0790464240903388 0.0376411543287327
"derMaw" 0.0664993726474278 0.0351317440401506 0.0301129234629862 0.0326223337515684 0.0363864491844417 0.0351317440401506 0.0338770388958595 0.0363864491844417 0 0.0564617314930991 0.041405269761606 0.0363864491844417 0.0602258469259724 0.248431618569636 0.176913425345044 0.0363864491844417 0.0765370138017566 0.0326223337515684
"emySub" 0.0752823086574655 0.0602258469259724 0.0664993726474278 0.0652446675031368 0.0664993726474278 0.0639899623588457 0.0627352572145546 0.0652446675031368 0.0564617314930991 0 0.0664993726474278 0.0614805520702635 0.0326223337515684 0.244667503136763 0.190715181932246 0.0664993726474278 0.0639899623588457 0.0602258469259724
"gopAga" 0.06900878293601 0.0200752823086575 0.0451693851944793 0.041405269761606 0.0313676286072773 0.0200752823086575 0.0163111668757842 0.0464240903387704 0.041405269761606 0.0664993726474278 0 0.0263488080301129 0.0702634880803011 0.249686323713927 0.173149309912171 0.0326223337515684 0.0790464240903388 0.0250941028858218
"malTer" 0.0639899623588457 0.0213299874529486 0.0401505646173149 0.0338770388958595 0.00752823086574655 0.0188205771643664 0.0175658720200753 0.0439146800501882 0.0363864491844417 0.0614805520702635 0.0263488080301129 0 0.0614805520702635 0.249686323713927 0.175658720200753 0.0288582183186951 0.0752823086574655 0.00752823086574655
"mesTub" 0.0865746549560853 0.0627352572145546 0.06900878293601 0.067754077791719 0.0664993726474278 0.0652446675031368 0.0614805520702635 0.0702634880803011 0.0602258469259724 0.0326223337515684 0.0702634880803011 0.0614805520702635 0 0.248431618569636 0.194479297365119 0.067754077791719 0.0589711417816813 0.0577164366373902
"pelCas" 0.265997490589711 0.250941028858218 0.248431618569636 0.250941028858218 0.252195734002509 0.252195734002509 0.248431618569636 0.247176913425345 0.248431618569636 0.244667503136763 0.249686323713927 0.249686323713927 0.248431618569636 0 0.281053952321205 0.248431618569636 0.24090338770389 0.245922208281054
"pelSin" 0.191969887076537 0.179422835633626 0.17189460476788 0.179422835633626 0.174404015056462 0.179422835633626 0.175658720200753 0.17189460476788 0.176913425345044 0.190715181932246 0.173149309912171 0.175658720200753 0.194479297365119 0.281053952321205 0 0.17189460476788 0.198243412797992 0.169385194479297
"plaMeg" 0.067754077791719 0.0263488080301129 0.0401505646173149 0.0376411543287327 0.0313676286072773 0.027603513174404 0.0238393977415307 0.0439146800501882 0.0363864491844417 0.0664993726474278 0.0326223337515684 0.0288582183186951 0.067754077791719 0.248431618569636 0.17189460476788 0 0.0740276035131744 0.0225846925972397
"podExp" 0.095357590966123 0.0765370138017566 0.0752823086574655 0.0715181932245922 0.0803011292346299 0.0765370138017566 0.0727728983688833 0.0790464240903388 0.0765370138017566 0.0639899623588457 0.0790464240903388 0.0752823086574655 0.0589711417816813 0.24090338770389 0.198243412797992 0.0740276035131744 0 0.0715181932245922
"terMex" 0.0627352572145546 0.0175658720200753 0.0338770388958595 0.0288582183186951 0.0100376411543287 0.0175658720200753 0.013801756587202 0.0376411543287327 0.0326223337515684 0.0602258469259724 0.0250941028858218 0.00752823086574655 0.0577164366373902 0.245922208281054 0.169385194479297 0.0225846925972397 0.0715181932245922 0
