"carIns" "cheAbi" "cheMyd" "cheSer" "chrPic" "cuoAmb" "cuoMcc" "derCor" "derMaw" "emySub" "gopAga" "malTer" "mesTub" "pelCas" "plaMeg" "podExp" "terMex"
"carIns" 0 0.112299465240642 0.127272727272727 0.12192513368984 0.111229946524064 0.119786096256684 0.12192513368984 0.122994652406417 0.157219251336898 0.14331550802139 0.120855614973262 0.115508021390374 0.145454545454545 0.147593582887701 0.110160427807487 0.154010695187166 0.115508021390374
"cheAbi" 0.112299465240642 0 0.0491978609625668 0.0631016042780749 0.027807486631016 0.0310160427807487 0.0288770053475936 0.0588235294117647 0.0994652406417112 0.108021390374332 0.0224598930481283 0.027807486631016 0.0994652406417112 0.114438502673797 0.0385026737967914 0.125133689839572 0.0342245989304813
"cheMyd" 0.127272727272727 0.0491978609625668 0 0.06524064171123 0.0459893048128342 0.0566844919786096 0.0545454545454545 0.0342245989304813 0.0983957219251337 0.115508021390374 0.0588235294117647 0.0470588235294118 0.109090909090909 0.122994652406417 0.0491978609625668 0.136898395721925 0.0481283422459893
"cheSer" 0.12192513368984 0.0631016042780749 0.06524064171123 0 0.0491978609625668 0.067379679144385 0.0631016042780749 0.0641711229946524 0.0919786096256685 0.115508021390374 0.06524064171123 0.0545454545454545 0.104812834224599 0.128342245989305 0.0491978609625668 0.141176470588235 0.0556149732620321
"chrPic" 0.111229946524064 0.027807486631016 0.0459893048128342 0.0491978609625668 0 0.0331550802139037 0.0288770053475936 0.0481283422459893 0.0909090909090909 0.101604278074866 0.0342245989304813 0.00641711229946524 0.093048128342246 0.113368983957219 0.0192513368983957 0.125133689839572 0.0192513368983957
"cuoAmb" 0.119786096256684 0.0310160427807487 0.0566844919786096 0.067379679144385 0.0331550802139037 0 0.0149732620320856 0.0631016042780749 0.104812834224599 0.104812834224599 0.0374331550802139 0.0331550802139037 0.0941176470588235 0.115508021390374 0.039572192513369 0.128342245989305 0.0342245989304813
"cuoMcc" 0.12192513368984 0.0288770053475936 0.0545454545454545 0.0631016042780749 0.0288770053475936 0.0149732620320856 0 0.0609625668449198 0.0994652406417112 0.104812834224599 0.0352941176470588 0.0288770053475936 0.0951871657754011 0.118716577540107 0.0352941176470588 0.13475935828877 0.0299465240641711
"derCor" 0.122994652406417 0.0588235294117647 0.0342245989304813 0.0641711229946524 0.0481283422459893 0.0631016042780749 0.0609625668449198 0 0.0962566844919786 0.12192513368984 0.0631016042780749 0.0491978609625668 0.112299465240642 0.125133689839572 0.0524064171122995 0.131550802139037 0.0491978609625668
"derMaw" 0.157219251336898 0.0994652406417112 0.0983957219251337 0.0919786096256685 0.0909090909090909 0.104812834224599 0.0994652406417112 0.0962566844919786 0 0.148663101604278 0.102673796791444 0.0898395721925134 0.141176470588235 0.156149732620321 0.0909090909090909 0.171122994652406 0.0941176470588235
"emySub" 0.14331550802139 0.108021390374332 0.115508021390374 0.115508021390374 0.101604278074866 0.104812834224599 0.104812834224599 0.12192513368984 0.148663101604278 0 0.115508021390374 0.103743315508021 0.0705882352941176 0.113368983957219 0.0983957219251337 0.133689839572193 0.109090909090909
"gopAga" 0.120855614973262 0.0224598930481283 0.0588235294117647 0.06524064171123 0.0342245989304813 0.0374331550802139 0.0352941176470588 0.0631016042780749 0.102673796791444 0.115508021390374 0 0.0342245989304813 0.103743315508021 0.117647058823529 0.0417112299465241 0.13048128342246 0.0406417112299465
"malTer" 0.115508021390374 0.027807486631016 0.0470588235294118 0.0545454545454545 0.00641711229946524 0.0331550802139037 0.0288770053475936 0.0491978609625668 0.0898395721925134 0.103743315508021 0.0342245989304813 0 0.093048128342246 0.113368983957219 0.0235294117647059 0.122994652406417 0.0192513368983957
"mesTub" 0.145454545454545 0.0994652406417112 0.109090909090909 0.104812834224599 0.093048128342246 0.0941176470588235 0.0951871657754011 0.112299465240642 0.141176470588235 0.0705882352941176 0.103743315508021 0.093048128342246 0 0.105882352941176 0.093048128342246 0.122994652406417 0.0962566844919786
"pelCas" 0.147593582887701 0.114438502673797 0.122994652406417 0.128342245989305 0.113368983957219 0.115508021390374 0.118716577540107 0.125133689839572 0.156149732620321 0.113368983957219 0.117647058823529 0.113368983957219 0.105882352941176 0 0.112299465240642 0.0909090909090909 0.114438502673797
"plaMeg" 0.110160427807487 0.0385026737967914 0.0491978609625668 0.0491978609625668 0.0192513368983957 0.039572192513369 0.0352941176470588 0.0524064171122995 0.0909090909090909 0.0983957219251337 0.0417112299465241 0.0235294117647059 0.093048128342246 0.112299465240642 0 0.132620320855615 0.027807486631016
"podExp" 0.154010695187166 0.125133689839572 0.136898395721925 0.141176470588235 0.125133689839572 0.128342245989305 0.13475935828877 0.131550802139037 0.171122994652406 0.133689839572193 0.13048128342246 0.122994652406417 0.122994652406417 0.0909090909090909 0.132620320855615 0 0.128342245989305
"terMex" 0.115508021390374 0.0342245989304813 0.0481283422459893 0.0556149732620321 0.0192513368983957 0.0342245989304813 0.0299465240641711 0.0491978609625668 0.0941176470588235 0.109090909090909 0.0406417112299465 0.0192513368983957 0.0962566844919786 0.114438502673797 0.027807486631016 0.128342245989305 0
