"carIns" "cheAbi" "cheMyd" "chrPic" "derCor" "derMaw" "emySub" "pelSin" "plaMeg" "podExp" "terMex"
"carIns" 0 0.0979667282809612 0.0850277264325323 0.0961182994454713 0.0924214417744917 0.105360443622921 0.0905730129390018 0.0961182994454713 0.0961182994454713 0.0979667282809612 0.0924214417744917
"cheAbi" 0.0979667282809612 0 0.0517560073937153 0.0609981515711645 0.0609981515711645 0.0757855822550832 0.0609981515711645 0.0813308687615527 0.0683918669131238 0.0683918669131238 0.0517560073937153
"cheMyd" 0.0850277264325323 0.0517560073937153 0 0.0351201478743068 0.0258780036968577 0.066543438077634 0.0425138632162662 0.077634011090573 0.044362292051756 0.0628465804066543 0.0240295748613678
"chrPic" 0.0961182994454713 0.0609981515711645 0.0351201478743068 0 0.0499075785582255 0.0591497227356747 0.055452865064695 0.077634011090573 0.0425138632162662 0.0739371534195934 0.0277264325323475
"derCor" 0.0924214417744917 0.0609981515711645 0.0258780036968577 0.0499075785582255 0 0.0683918669131238 0.0425138632162662 0.0720887245841035 0.0573012939001848 0.066543438077634 0.0388170055452865
"derMaw" 0.105360443622921 0.0757855822550832 0.066543438077634 0.0591497227356747 0.0683918669131238 0 0.0739371534195934 0.0813308687615527 0.0609981515711645 0.0868761552680222 0.0646950092421442
"emySub" 0.0905730129390018 0.0609981515711645 0.0425138632162662 0.055452865064695 0.0425138632162662 0.0739371534195934 0 0.0739371534195934 0.0591497227356747 0.0573012939001848 0.0406654343807763
"pelSin" 0.0961182994454713 0.0813308687615527 0.077634011090573 0.077634011090573 0.0720887245841035 0.0813308687615527 0.0739371534195934 0 0.0813308687615527 0.0850277264325323 0.0757855822550832
"plaMeg" 0.0961182994454713 0.0683918669131238 0.044362292051756 0.0425138632162662 0.0573012939001848 0.0609981515711645 0.0591497227356747 0.0813308687615527 0 0.0794824399260629 0.0314232902033272
"podExp" 0.0979667282809612 0.0683918669131238 0.0628465804066543 0.0739371534195934 0.066543438077634 0.0868761552680222 0.0573012939001848 0.0850277264325323 0.0794824399260629 0 0.0628465804066543
"terMex" 0.0924214417744917 0.0517560073937153 0.0240295748613678 0.0277264325323475 0.0388170055452865 0.0646950092421442 0.0406654343807763 0.0757855822550832 0.0314232902033272 0.0628465804066543 0
