"carIns" "cheAbi" "cheMyd" "cheSer" "chrPic" "cuoAmb" "cuoMcc" "derCor" "derMaw" "emySub" "gopAga" "malTer" "mesTub" "pelCas" "plaMeg" "podExp"
"carIns" 0 0.0974124809741248 0.101978691019787 0.133942161339422 0.170471841704718 0.132420091324201 0.21765601217656 0.10958904109589 0.112633181126332 0.171993911719939 0.13089802130898 0.165905631659056 0.138508371385084 0.150684931506849 0.105022831050228 0.199391171993912
"cheAbi" 0.0974124809741248 0 0.0517503805175038 0.0867579908675799 0.111111111111111 0.0715372907153729 0.164383561643836 0.0517503805175038 0.060882800608828 0.132420091324201 0.0700152207001522 0.106544901065449 0.0928462709284627 0.114155251141553 0.0471841704718417 0.161339421613394
"cheMyd" 0.101978691019787 0.0517503805175038 0 0.091324200913242 0.123287671232877 0.0852359208523592 0.176560121765601 0.0334855403348554 0.0715372907153729 0.136986301369863 0.0837138508371385 0.118721461187215 0.0958904109589041 0.120243531202435 0.060882800608828 0.168949771689498
"cheSer" 0.133942161339422 0.0867579908675799 0.091324200913242 0 0.126331811263318 0.0898021308980213 0.184170471841705 0.0852359208523592 0.106544901065449 0.147640791476408 0.091324200913242 0.124809741248097 0.136986301369863 0.161339421613394 0.101978691019787 0.161339421613394
"chrPic" 0.170471841704718 0.111111111111111 0.123287671232877 0.126331811263318 0 0.106544901065449 0.191780821917808 0.120243531202435 0.141552511415525 0.181126331811263 0.10958904109589 0.0076103500761035 0.167427701674277 0.190258751902588 0.127853881278539 0.199391171993912
"cuoAmb" 0.132420091324201 0.0715372907153729 0.0852359208523592 0.0898021308980213 0.106544901065449 0 0.103500761035008 0.0791476407914764 0.0989345509893455 0.138508371385084 0.0502283105022831 0.101978691019787 0.12937595129376 0.146118721461187 0.0837138508371385 0.158295281582953
"cuoMcc" 0.21765601217656 0.164383561643836 0.176560121765601 0.184170471841705 0.191780821917808 0.103500761035008 0 0.170471841704718 0.185692541856925 0.222222222222222 0.141552511415525 0.191780821917808 0.208523592085236 0.21765601217656 0.181126331811263 0.232876712328767
"derCor" 0.10958904109589 0.0517503805175038 0.0334855403348554 0.0852359208523592 0.120243531202435 0.0791476407914764 0.170471841704718 0 0.0654490106544901 0.135464231354642 0.0837138508371385 0.118721461187215 0.0974124809741248 0.12937595129376 0.0624048706240487 0.17351598173516
"derMaw" 0.112633181126332 0.060882800608828 0.0715372907153729 0.106544901065449 0.141552511415525 0.0989345509893455 0.185692541856925 0.0654490106544901 0 0.141552511415525 0.101978691019787 0.136986301369863 0.100456621004566 0.136986301369863 0.076103500761035 0.17503805175038
"emySub" 0.171993911719939 0.132420091324201 0.136986301369863 0.147640791476408 0.181126331811263 0.138508371385084 0.222222222222222 0.135464231354642 0.141552511415525 0 0.143074581430746 0.176560121765601 0.10958904109589 0.136986301369863 0.141552511415525 0.158295281582953
"gopAga" 0.13089802130898 0.0700152207001522 0.0837138508371385 0.091324200913242 0.10958904109589 0.0502283105022831 0.141552511415525 0.0837138508371385 0.101978691019787 0.143074581430746 0 0.105022831050228 0.135464231354642 0.146118721461187 0.0852359208523592 0.165905631659056
"malTer" 0.165905631659056 0.106544901065449 0.118721461187215 0.124809741248097 0.0076103500761035 0.101978691019787 0.191780821917808 0.118721461187215 0.136986301369863 0.176560121765601 0.105022831050228 0 0.159817351598174 0.185692541856925 0.123287671232877 0.19482496194825
"mesTub" 0.138508371385084 0.0928462709284627 0.0958904109589041 0.136986301369863 0.167427701674277 0.12937595129376 0.208523592085236 0.0974124809741248 0.100456621004566 0.10958904109589 0.135464231354642 0.159817351598174 0 0.106544901065449 0.10958904109589 0.158295281582953
"pelCas" 0.150684931506849 0.114155251141553 0.120243531202435 0.161339421613394 0.190258751902588 0.146118721461187 0.21765601217656 0.12937595129376 0.136986301369863 0.136986301369863 0.146118721461187 0.185692541856925 0.106544901065449 0 0.120243531202435 0.138508371385084
"plaMeg" 0.105022831050228 0.0471841704718417 0.060882800608828 0.101978691019787 0.127853881278539 0.0837138508371385 0.181126331811263 0.0624048706240487 0.076103500761035 0.141552511415525 0.0852359208523592 0.123287671232877 0.10958904109589 0.120243531202435 0 0.17503805175038
"podExp" 0.199391171993912 0.161339421613394 0.168949771689498 0.161339421613394 0.199391171993912 0.158295281582953 0.232876712328767 0.17351598173516 0.17503805175038 0.158295281582953 0.165905631659056 0.19482496194825 0.158295281582953 0.138508371385084 0.17503805175038 0
