"carIns" "cheAbi" "cheMyd" "cheSer" "chrPic" "cuoAmb" "cuoMcc" "derCor" "derMaw" "emySub" "gopAga" "malTer" "mesTub" "pelCas" "plaMeg" "podExp" "terMex"
"carIns" 0 0.179869524697111 0.16309412861137 0.179869524697111 0.173345759552656 0.17614165890028 0.175209692451072 0.168685927306617 0.18452935694315 0.233923578751165 0.179869524697111 0.305684995340168 0.234855545200373 0.211556383970177 0.17148182665424 0.216216216216216 0.170549860205033
"cheAbi" 0.179869524697111 0 0.0671015843429636 0.0801491146318733 0.0559179869524697 0.0410065237651445 0.0391425908667288 0.0698974836905871 0.0941286113699907 0.172413793103448 0.0354147250698975 0.206896551724138 0.167753960857409 0.136999068033551 0.0559179869524697 0.15004659832246 0.0540540540540541
"cheMyd" 0.16309412861137 0.0671015843429636 0 0.0475302889095993 0.0521901211556384 0.059645852749301 0.0577819198508854 0.0260950605778192 0.0717614165890028 0.151910531220876 0.0624417520969245 0.207828518173346 0.158434296365331 0.116495806150979 0.0438024231127679 0.12861136999068 0.0465983224603914
"cheSer" 0.179869524697111 0.0801491146318733 0.0475302889095993 0 0.0671015843429636 0.0717614165890028 0.0698974836905871 0.0559179869524697 0.0857409133271202 0.167753960857409 0.0782851817334576 0.219944082013048 0.168685927306617 0.131407269338304 0.0615097856477167 0.14165890027959 0.0559179869524697
"chrPic" 0.173345759552656 0.0559179869524697 0.0521901211556384 0.0671015843429636 0 0.0456663560111836 0.0465983224603914 0.0540540540540541 0.0754892823858341 0.156570363466915 0.0540540540540541 0.172413793103448 0.157502329916123 0.127679403541473 0.0354147250698975 0.134203168685927 0.0242311276794035
"cuoAmb" 0.17614165890028 0.0410065237651445 0.059645852749301 0.0717614165890028 0.0456663560111836 0 0.00838769804287046 0.0605778191985089 0.0829450139794967 0.167753960857409 0.0372786579683131 0.199440820130475 0.164958061509786 0.125815470643057 0.0438024231127679 0.140726933830382 0.0438024231127679
"cuoMcc" 0.175209692451072 0.0391425908667288 0.0577819198508854 0.0698974836905871 0.0465983224603914 0.00838769804287046 0 0.059645852749301 0.0838769804287046 0.165890027958993 0.0354147250698975 0.201304753028891 0.164958061509786 0.126747437092265 0.0400745573159366 0.14165890027959 0.0410065237651445
"derCor" 0.168685927306617 0.0698974836905871 0.0260950605778192 0.0559179869524697 0.0540540540540541 0.0605778191985089 0.059645852749301 0 0.0754892823858341 0.156570363466915 0.0661696178937558 0.210624417520969 0.160298229263747 0.12022367194781 0.0447343895619758 0.131407269338304 0.0512581547064306
"derMaw" 0.18452935694315 0.0941286113699907 0.0717614165890028 0.0857409133271202 0.0754892823858341 0.0829450139794967 0.0838769804287046 0.0754892823858341 0 0.18452935694315 0.0941286113699907 0.229263746505126 0.189189189189189 0.149114631873253 0.0764212488350419 0.153774464119292 0.0773532152842498
"emySub" 0.233923578751165 0.172413793103448 0.151910531220876 0.167753960857409 0.156570363466915 0.167753960857409 0.165890027958993 0.156570363466915 0.18452935694315 0 0.17148182665424 0.29170549860205 0.129543336439888 0.159366262814539 0.157502329916123 0.17614165890028 0.155638397017707
"gopAga" 0.179869524697111 0.0354147250698975 0.0624417520969245 0.0782851817334576 0.0540540540540541 0.0372786579683131 0.0354147250698975 0.0661696178937558 0.0941286113699907 0.17148182665424 0 0.209692451071761 0.16309412861137 0.12861136999068 0.0484622553588071 0.146318732525629 0.0447343895619758
"malTer" 0.305684995340168 0.206896551724138 0.207828518173346 0.219944082013048 0.172413793103448 0.199440820130475 0.201304753028891 0.210624417520969 0.229263746505126 0.29170549860205 0.209692451071761 0 0.292637465051258 0.260950605778192 0.196644920782852 0.267474370922647 0.189189189189189
"mesTub" 0.234855545200373 0.167753960857409 0.158434296365331 0.168685927306617 0.157502329916123 0.164958061509786 0.164958061509786 0.160298229263747 0.189189189189189 0.129543336439888 0.16309412861137 0.292637465051258 0 0.160298229263747 0.159366262814539 0.174277726001864 0.152842497670084
"pelCas" 0.211556383970177 0.136999068033551 0.116495806150979 0.131407269338304 0.127679403541473 0.125815470643057 0.126747437092265 0.12022367194781 0.149114631873253 0.159366262814539 0.12861136999068 0.260950605778192 0.160298229263747 0 0.117427772600186 0.102516309412861 0.12022367194781
"plaMeg" 0.17148182665424 0.0559179869524697 0.0438024231127679 0.0615097856477167 0.0354147250698975 0.0438024231127679 0.0400745573159366 0.0447343895619758 0.0764212488350419 0.157502329916123 0.0484622553588071 0.196644920782852 0.159366262814539 0.117427772600186 0 0.134203168685927 0.0307548928238583
"podExp" 0.216216216216216 0.15004659832246 0.12861136999068 0.14165890027959 0.134203168685927 0.140726933830382 0.14165890027959 0.131407269338304 0.153774464119292 0.17614165890028 0.146318732525629 0.267474370922647 0.174277726001864 0.102516309412861 0.134203168685927 0 0.131407269338304
"terMex" 0.170549860205033 0.0540540540540541 0.0465983224603914 0.0559179869524697 0.0242311276794035 0.0438024231127679 0.0410065237651445 0.0512581547064306 0.0773532152842498 0.155638397017707 0.0447343895619758 0.189189189189189 0.152842497670084 0.12022367194781 0.0307548928238583 0.131407269338304 0
