"carIns" "cheAbi" "cheMyd" "cheSer" "chrPic" "cuoAmb" "cuoMcc" "derCor" "derMaw" "gopAga" "malTer" "mesTub" "pelCas" "pelSin" "plaMeg" "podExp" "terMex"
"carIns" 0 0.0825242718446602 0.133980582524272 0.0796116504854369 0.0766990291262136 0.11747572815534 0.120388349514563 0.0776699029126214 0.0902912621359223 0.0844660194174757 0.0805825242718447 0.106796116504854 0.113592233009709 0.0951456310679612 0.0747572815533981 0.145631067961165 0.0766990291262136
"cheAbi" 0.0825242718446602 0 0.110679611650485 0.0446601941747573 0.0300970873786408 0.0640776699029126 0.0650485436893204 0.0504854368932039 0.0563106796116505 0.0213592233009709 0.0281553398058252 0.10873786407767 0.100970873786408 0.0941747572815534 0.0271844660194175 0.136893203883495 0.029126213592233
"cheMyd" 0.133980582524272 0.110679611650485 0 0.0951456310679612 0.0980582524271845 0.145631067961165 0.145631067961165 0.0951456310679612 0.115533980582524 0.10873786407767 0.101941747572816 0.154368932038835 0.150485436893204 0.133009708737864 0.0932038834951456 0.189320388349515 0.0961165048543689
"cheSer" 0.0796116504854369 0.0446601941747573 0.0951456310679612 0 0.0330097087378641 0.0825242718446602 0.0825242718446602 0.0398058252427184 0.0446601941747573 0.041747572815534 0.0368932038834951 0.0990291262135922 0.0941747572815534 0.0854368932038835 0.029126213592233 0.135922330097087 0.0339805825242718
"chrPic" 0.0766990291262136 0.0300970873786408 0.0980582524271845 0.0330097087378641 0 0.0699029126213592 0.070873786407767 0.0398058252427184 0.0485436893203883 0.0300970873786408 0.0116504854368932 0.1 0.0961165048543689 0.0893203883495146 0.016504854368932 0.13495145631068 0.0106796116504854
"cuoAmb" 0.11747572815534 0.0640776699029126 0.145631067961165 0.0825242718446602 0.0699029126213592 0 0.0029126213592233 0.0902912621359223 0.0961165048543689 0.0611650485436893 0.0679611650485437 0.129126213592233 0.133009708737864 0.122330097087379 0.0650485436893204 0.17378640776699 0.0650485436893204
"cuoMcc" 0.120388349514563 0.0650485436893204 0.145631067961165 0.0825242718446602 0.070873786407767 0.0029126213592233 0 0.0912621359223301 0.0970873786407767 0.0621359223300971 0.0689320388349515 0.130097087378641 0.133009708737864 0.123300970873786 0.0660194174757282 0.172815533980583 0.0679611650485437
"derCor" 0.0776699029126214 0.0504854368932039 0.0951456310679612 0.0398058252427184 0.0398058252427184 0.0902912621359223 0.0912621359223301 0 0.0495145631067961 0.0524271844660194 0.045631067961165 0.107766990291262 0.0990291262135922 0.087378640776699 0.0368932038834951 0.138834951456311 0.0407766990291262
"derMaw" 0.0902912621359223 0.0563106796116505 0.115533980582524 0.0446601941747573 0.0485436893203883 0.0961165048543689 0.0970873786407767 0.0495145631067961 0 0.0563106796116505 0.0524271844660194 0.112621359223301 0.10873786407767 0.0970873786407767 0.045631067961165 0.149514563106796 0.0475728155339806
"gopAga" 0.0844660194174757 0.0213592233009709 0.10873786407767 0.041747572815534 0.0300970873786408 0.0611650485436893 0.0621359223300971 0.0524271844660194 0.0563106796116505 0 0.0300970873786408 0.102912621359223 0.102912621359223 0.0970873786407767 0.0252427184466019 0.141747572815534 0.029126213592233
"malTer" 0.0805825242718447 0.0281553398058252 0.101941747572816 0.0368932038834951 0.0116504854368932 0.0679611650485437 0.0689320388349515 0.045631067961165 0.0524271844660194 0.0300970873786408 0 0.103883495145631 0.0970873786407767 0.0912621359223301 0.0184466019417476 0.137864077669903 0.012621359223301
"mesTub" 0.106796116504854 0.10873786407767 0.154368932038835 0.0990291262135922 0.1 0.129126213592233 0.130097087378641 0.107766990291262 0.112621359223301 0.102912621359223 0.103883495145631 0 0.0980582524271845 0.131067961165049 0.0961165048543689 0.120388349514563 0.0941747572815534
"pelCas" 0.113592233009709 0.100970873786408 0.150485436893204 0.0941747572815534 0.0961165048543689 0.133009708737864 0.133009708737864 0.0990291262135922 0.10873786407767 0.102912621359223 0.0970873786407767 0.0980582524271845 0 0.12621359223301 0.0902912621359223 0.114563106796117 0.0932038834951456
"pelSin" 0.0951456310679612 0.0941747572815534 0.133009708737864 0.0854368932038835 0.0893203883495146 0.122330097087379 0.123300970873786 0.087378640776699 0.0970873786407767 0.0970873786407767 0.0912621359223301 0.131067961165049 0.12621359223301 0 0.0805825242718447 0.164077669902913 0.0883495145631068
"plaMeg" 0.0747572815533981 0.0271844660194175 0.0932038834951456 0.029126213592233 0.016504854368932 0.0650485436893204 0.0660194174757282 0.0368932038834951 0.045631067961165 0.0252427184466019 0.0184466019417476 0.0961165048543689 0.0902912621359223 0.0805825242718447 0 0.132038834951456 0.0135922330097087
"podExp" 0.145631067961165 0.136893203883495 0.189320388349515 0.135922330097087 0.13495145631068 0.17378640776699 0.172815533980583 0.138834951456311 0.149514563106796 0.141747572815534 0.137864077669903 0.120388349514563 0.114563106796117 0.164077669902913 0.132038834951456 0 0.132038834951456
"terMex" 0.0766990291262136 0.029126213592233 0.0961165048543689 0.0339805825242718 0.0106796116504854 0.0650485436893204 0.0679611650485437 0.0407766990291262 0.0475728155339806 0.029126213592233 0.012621359223301 0.0941747572815534 0.0932038834951456 0.0883495145631068 0.0135922330097087 0.132038834951456 0
