"carIns" "cheAbi" "cheMyd" "cheSer" "chrPic" "cuoMcc" "derCor" "derMaw" "gopAga" "malTer" "mesTub" "pelCas" "pelSin" "plaMeg" "podExp"
"carIns" 0 0.0736263736263736 0.0813186813186813 0.123076923076923 0.0747252747252747 0.0769230769230769 0.0769230769230769 0.0736263736263736 0.0703296703296703 0.0747252747252747 0.0934065934065934 0.0945054945054945 0.0725274725274725 0.0758241758241758 0.16043956043956
"cheAbi" 0.0736263736263736 0 0.0472527472527473 0.0912087912087912 0.0230769230769231 0.0263736263736264 0.0384615384615385 0.0428571428571429 0.0175824175824176 0.0263736263736264 0.0593406593406593 0.0736263736263736 0.0516483516483516 0.0296703296703297 0.142857142857143
"cheMyd" 0.0813186813186813 0.0472527472527473 0 0.0945054945054945 0.0395604395604396 0.0417582417582418 0.0252747252747253 0.0483516483516484 0.043956043956044 0.0384615384615385 0.0725274725274725 0.0857142857142857 0.0626373626373626 0.0461538461538462 0.156043956043956
"cheSer" 0.123076923076923 0.0912087912087912 0.0945054945054945 0 0.089010989010989 0.0923076923076923 0.0835164835164835 0.0945054945054945 0.0934065934065934 0.089010989010989 0.117582417582418 0.126373626373626 0.106593406593407 0.0934065934065934 0.193406593406593
"chrPic" 0.0747252747252747 0.0230769230769231 0.0395604395604396 0.089010989010989 0 0.0241758241758242 0.0307692307692308 0.0384615384615385 0.0230769230769231 0.00659340659340659 0.0571428571428571 0.0747252747252747 0.0505494505494506 0.021978021978022 0.142857142857143
"cuoMcc" 0.0769230769230769 0.0263736263736264 0.0417582417582418 0.0923076923076923 0.0241758241758242 0 0.032967032967033 0.0428571428571429 0.0241758241758242 0.0252747252747253 0.0637362637362637 0.078021978021978 0.056043956043956 0.0263736263736264 0.148351648351648
"derCor" 0.0769230769230769 0.0384615384615385 0.0252747252747253 0.0835164835164835 0.0307692307692308 0.032967032967033 0 0.0395604395604396 0.0362637362637363 0.0318681318681319 0.0615384615384615 0.0747252747252747 0.0549450549450549 0.0362637362637363 0.146153846153846
"derMaw" 0.0736263736263736 0.0428571428571429 0.0483516483516484 0.0945054945054945 0.0384615384615385 0.0428571428571429 0.0395604395604396 0 0.0373626373626374 0.0395604395604396 0.0626373626373626 0.0791208791208791 0.0549450549450549 0.0428571428571429 0.150549450549451
"gopAga" 0.0703296703296703 0.0175824175824176 0.043956043956044 0.0934065934065934 0.0230769230769231 0.0241758241758242 0.0362637362637363 0.0373626373626374 0 0.0263736263736264 0.0637362637362637 0.0747252747252747 0.0494505494505494 0.0252747252747253 0.146153846153846
"malTer" 0.0747252747252747 0.0263736263736264 0.0384615384615385 0.089010989010989 0.00659340659340659 0.0252747252747253 0.0318681318681319 0.0395604395604396 0.0263736263736264 0 0.0615384615384615 0.078021978021978 0.0527472527472527 0.021978021978022 0.141758241758242
"mesTub" 0.0934065934065934 0.0593406593406593 0.0725274725274725 0.117582417582418 0.0571428571428571 0.0637362637362637 0.0615384615384615 0.0626373626373626 0.0637362637362637 0.0615384615384615 0 0.0703296703296703 0.0637362637362637 0.0692307692307692 0.142857142857143
"pelCas" 0.0945054945054945 0.0736263736263736 0.0857142857142857 0.126373626373626 0.0747252747252747 0.078021978021978 0.0747252747252747 0.0791208791208791 0.0747252747252747 0.078021978021978 0.0703296703296703 0 0.078021978021978 0.078021978021978 0.137362637362637
"pelSin" 0.0725274725274725 0.0516483516483516 0.0626373626373626 0.106593406593407 0.0505494505494506 0.056043956043956 0.0549450549450549 0.0549450549450549 0.0494505494505494 0.0527472527472527 0.0637362637362637 0.078021978021978 0 0.0538461538461538 0.143956043956044
"plaMeg" 0.0758241758241758 0.0296703296703297 0.0461538461538462 0.0934065934065934 0.021978021978022 0.0263736263736264 0.0362637362637363 0.0428571428571429 0.0252747252747253 0.021978021978022 0.0692307692307692 0.078021978021978 0.0538461538461538 0 0.148351648351648
"podExp" 0.16043956043956 0.142857142857143 0.156043956043956 0.193406593406593 0.142857142857143 0.148351648351648 0.146153846153846 0.150549450549451 0.146153846153846 0.141758241758242 0.142857142857143 0.137362637362637 0.143956043956044 0.148351648351648 0
