"carIns" "cheAbi" "cheMyd" "cheSer" "chrPic" "cuoAmb" "cuoMcc" "derCor" "derMaw" "emySub" "gopAga" "malTer" "mesTub" "pelCas" "pelSin" "plaMeg" "podExp" "terMex"
"carIns" 0 0.100260416666667 0.0885416666666667 0.0846354166666667 0.0963541666666667 0.100260416666667 0.09765625 0.0989583333333333 0.100260416666667 0.10546875 0.100260416666667 0.100260416666667 0.09765625 0.111979166666667 0.0963541666666667 0.1015625 0.114583333333333 0.0950520833333333
"cheAbi" 0.100260416666667 0 0.0390625 0.0377604166666667 0.0247395833333333 0.0234375 0.0208333333333333 0.0455729166666667 0.0559895833333333 0.0729166666666667 0.015625 0.0325520833333333 0.0638020833333333 0.0833333333333333 0.06640625 0.0286458333333333 0.0846354166666667 0.02734375
"cheMyd" 0.0885416666666667 0.0390625 0 0.0260416666666667 0.0286458333333333 0.0299479166666667 0.02734375 0.0169270833333333 0.046875 0.0677083333333333 0.03515625 0.0364583333333333 0.0611979166666667 0.0807291666666667 0.0651041666666667 0.0325520833333333 0.08203125 0.0299479166666667
"cheSer" 0.0846354166666667 0.0377604166666667 0.0260416666666667 0 0.0286458333333333 0.0234375 0.0208333333333333 0.0325520833333333 0.0403645833333333 0.05859375 0.03125 0.0364583333333333 0.0533854166666667 0.0755208333333333 0.0559895833333333 0.0260416666666667 0.0794270833333333 0.03125
"chrPic" 0.0963541666666667 0.0247395833333333 0.0286458333333333 0.0286458333333333 0 0.0169270833333333 0.0143229166666667 0.0325520833333333 0.05078125 0.0638020833333333 0.01953125 0.0130208333333333 0.05859375 0.0794270833333333 0.0598958333333333 0.01953125 0.0833333333333333 0.0104166666666667
"cuoAmb" 0.100260416666667 0.0234375 0.0299479166666667 0.0234375 0.0169270833333333 0 0.00260416666666667 0.03125 0.046875 0.0677083333333333 0.015625 0.0247395833333333 0.0625 0.0833333333333333 0.0611979166666667 0.015625 0.0846354166666667 0.01953125
"cuoMcc" 0.09765625 0.0208333333333333 0.02734375 0.0208333333333333 0.0143229166666667 0.00260416666666667 0 0.0338541666666667 0.046875 0.0651041666666667 0.0130208333333333 0.0221354166666667 0.0598958333333333 0.0807291666666667 0.05859375 0.0130208333333333 0.08203125 0.0169270833333333
"derCor" 0.0989583333333333 0.0455729166666667 0.0169270833333333 0.0325520833333333 0.0325520833333333 0.03125 0.0338541666666667 0 0.0481770833333333 0.0729166666666667 0.0416666666666667 0.0403645833333333 0.0677083333333333 0.08984375 0.0677083333333333 0.0377604166666667 0.0885416666666667 0.0338541666666667
"derMaw" 0.100260416666667 0.0559895833333333 0.046875 0.0403645833333333 0.05078125 0.046875 0.046875 0.0481770833333333 0 0.07421875 0.0546875 0.0572916666666667 0.0703125 0.08203125 0.078125 0.05078125 0.0872395833333333 0.0533854166666667
"emySub" 0.10546875 0.0729166666666667 0.0677083333333333 0.05859375 0.0638020833333333 0.0677083333333333 0.0651041666666667 0.0729166666666667 0.07421875 0 0.0677083333333333 0.0703125 0.0221354166666667 0.0572916666666667 0.078125 0.0677083333333333 0.0716145833333333 0.0625
"gopAga" 0.100260416666667 0.015625 0.03515625 0.03125 0.01953125 0.015625 0.0130208333333333 0.0416666666666667 0.0546875 0.0677083333333333 0 0.02734375 0.0625 0.0807291666666667 0.0638020833333333 0.0234375 0.0794270833333333 0.01953125
"malTer" 0.100260416666667 0.0325520833333333 0.0364583333333333 0.0364583333333333 0.0130208333333333 0.0247395833333333 0.0221354166666667 0.0403645833333333 0.0572916666666667 0.0703125 0.02734375 0 0.06640625 0.0833333333333333 0.0690104166666667 0.02734375 0.0911458333333333 0.0169270833333333
"mesTub" 0.09765625 0.0638020833333333 0.0611979166666667 0.0533854166666667 0.05859375 0.0625 0.0598958333333333 0.0677083333333333 0.0703125 0.0221354166666667 0.0625 0.06640625 0 0.0494791666666667 0.0716145833333333 0.0651041666666667 0.0638020833333333 0.05859375
"pelCas" 0.111979166666667 0.0833333333333333 0.0807291666666667 0.0755208333333333 0.0794270833333333 0.0833333333333333 0.0807291666666667 0.08984375 0.08203125 0.0572916666666667 0.0807291666666667 0.0833333333333333 0.0494791666666667 0 0.0859375 0.0859375 0.0611979166666667 0.0794270833333333
"pelSin" 0.0963541666666667 0.06640625 0.0651041666666667 0.0559895833333333 0.0598958333333333 0.0611979166666667 0.05859375 0.0677083333333333 0.078125 0.078125 0.0638020833333333 0.0690104166666667 0.0716145833333333 0.0859375 0 0.0598958333333333 0.08984375 0.0598958333333333
"plaMeg" 0.1015625 0.0286458333333333 0.0325520833333333 0.0260416666666667 0.01953125 0.015625 0.0130208333333333 0.0377604166666667 0.05078125 0.0677083333333333 0.0234375 0.02734375 0.0651041666666667 0.0859375 0.0598958333333333 0 0.0872395833333333 0.0221354166666667
"podExp" 0.114583333333333 0.0846354166666667 0.08203125 0.0794270833333333 0.0833333333333333 0.0846354166666667 0.08203125 0.0885416666666667 0.0872395833333333 0.0716145833333333 0.0794270833333333 0.0911458333333333 0.0638020833333333 0.0611979166666667 0.08984375 0.0872395833333333 0 0.0807291666666667
"terMex" 0.0950520833333333 0.02734375 0.0299479166666667 0.03125 0.0104166666666667 0.01953125 0.0169270833333333 0.0338541666666667 0.0533854166666667 0.0625 0.01953125 0.0169270833333333 0.05859375 0.0794270833333333 0.0598958333333333 0.0221354166666667 0.0807291666666667 0
