"carIns" "cheAbi" "cheMyd" "chrPic" "cuoAmb" "derCor" "derMaw" "emySub" "gopAga" "malTer" "mesTub" "pelCas" "pelSin" "plaMeg" "podExp" "terMex"
"carIns" 0 0.0726221079691517 0.0694087403598972 0.0713367609254499 0.070694087403599 0.0713367609254499 0.0739074550128535 0.0861182519280206 0.0764781491002571 0.158740359897172 0.0906169665809769 0.0931876606683805 0.0732647814910026 0.0726221079691517 0.0996143958868895 0.0713367609254499
"cheAbi" 0.0726221079691517 0 0.0231362467866324 0.0154241645244216 0.012853470437018 0.0218508997429306 0.032133676092545 0.0501285347043702 0.0160668380462725 0.119537275064267 0.0604113110539846 0.0604113110539846 0.0501285347043702 0.019280205655527 0.0700514138817481 0.0167095115681234
"cheMyd" 0.0694087403598972 0.0231362467866324 0 0.0154241645244216 0.019280205655527 0.0134961439588689 0.0231362467866324 0.0456298200514139 0.0212082262210797 0.115681233933162 0.0546272493573265 0.0539845758354756 0.0475578406169666 0.0147814910025707 0.0591259640102828 0.0160668380462725
"chrPic" 0.0713367609254499 0.0154241645244216 0.0154241645244216 0 0.012853470437018 0.0154241645244216 0.025706940874036 0.0443444730077121 0.0160668380462725 0.107969151670951 0.0546272493573265 0.0533419023136247 0.0488431876606684 0.0115681233933162 0.0655526992287918 0.0077120822622108
"cuoAmb" 0.070694087403599 0.012853470437018 0.019280205655527 0.012853470437018 0 0.0199228791773779 0.0282776349614396 0.0488431876606684 0.0134961439588689 0.116966580976864 0.057840616966581 0.0565552699228792 0.0494858611825193 0.0167095115681234 0.0668380462724936 0.0141388174807198
"derCor" 0.0713367609254499 0.0218508997429306 0.0134961439588689 0.0154241645244216 0.0199228791773779 0 0.0224935732647815 0.044987146529563 0.0224935732647815 0.116966580976864 0.0539845758354756 0.0559125964010283 0.0475578406169666 0.0160668380462725 0.0623393316195373 0.0167095115681234
"derMaw" 0.0739074550128535 0.032133676092545 0.0231362467866324 0.025706940874036 0.0282776349614396 0.0224935732647815 0 0.0539845758354756 0.0327763496143959 0.123393316195373 0.0629820051413882 0.0623393316195373 0.0546272493573265 0.0244215938303342 0.0674807197943445 0.0263496143958869
"emySub" 0.0861182519280206 0.0501285347043702 0.0456298200514139 0.0443444730077121 0.0488431876606684 0.044987146529563 0.0539845758354756 0 0.0520565552699229 0.138174807197943 0.0289203084832905 0.0469151670951157 0.0629820051413882 0.0443444730077121 0.0584832904884319 0.044987146529563
"gopAga" 0.0764781491002571 0.0160668380462725 0.0212082262210797 0.0160668380462725 0.0134961439588689 0.0224935732647815 0.0327763496143959 0.0520565552699229 0 0.118251928020566 0.0610539845758355 0.0597686375321337 0.0539845758354756 0.0186375321336761 0.0713367609254499 0.0167095115681234
"malTer" 0.158740359897172 0.119537275064267 0.115681233933162 0.107969151670951 0.116966580976864 0.116966580976864 0.123393316195373 0.138174807197943 0.118251928020566 0 0.149100257069409 0.143316195372751 0.138174807197943 0.111825192802057 0.155526992287918 0.109254498714653
"mesTub" 0.0906169665809769 0.0604113110539846 0.0546272493573265 0.0546272493573265 0.057840616966581 0.0539845758354756 0.0629820051413882 0.0289203084832905 0.0610539845758355 0.149100257069409 0 0.0597686375321337 0.070694087403599 0.0546272493573265 0.0700514138817481 0.0539845758354756
"pelCas" 0.0931876606683805 0.0604113110539846 0.0539845758354756 0.0533419023136247 0.0565552699228792 0.0559125964010283 0.0623393316195373 0.0469151670951157 0.0597686375321337 0.143316195372751 0.0597686375321337 0 0.0739074550128535 0.0533419023136247 0.0462724935732648 0.0520565552699229
"pelSin" 0.0732647814910026 0.0501285347043702 0.0475578406169666 0.0488431876606684 0.0494858611825193 0.0475578406169666 0.0546272493573265 0.0629820051413882 0.0539845758354756 0.138174807197943 0.070694087403599 0.0739074550128535 0 0.0475578406169666 0.083547557840617 0.0501285347043702
"plaMeg" 0.0726221079691517 0.019280205655527 0.0147814910025707 0.0115681233933162 0.0167095115681234 0.0160668380462725 0.0244215938303342 0.0443444730077121 0.0186375321336761 0.111825192802057 0.0546272493573265 0.0533419023136247 0.0475578406169666 0 0.0649100257069409 0.0122107969151671
"podExp" 0.0996143958868895 0.0700514138817481 0.0591259640102828 0.0655526992287918 0.0668380462724936 0.0623393316195373 0.0674807197943445 0.0584832904884319 0.0713367609254499 0.155526992287918 0.0700514138817481 0.0462724935732648 0.083547557840617 0.0649100257069409 0 0.0655526992287918
"terMex" 0.0713367609254499 0.0167095115681234 0.0160668380462725 0.0077120822622108 0.0141388174807198 0.0167095115681234 0.0263496143958869 0.044987146529563 0.0167095115681234 0.109254498714653 0.0539845758354756 0.0520565552699229 0.0501285347043702 0.0122107969151671 0.0655526992287918 0
