"cheAbi" "cheMyd" "chrPic" "cuoAmb" "cuoMcc" "derCor" "derMaw" "emySub" "gopAga" "mesTub" "pelCas" "pelSin" "podExp" "terMex"
"cheAbi" 0 0.0227617602427921 0.0212443095599393 0.144157814871017 0.0166919575113809 0.039453717754173 0.0409711684370258 0.039453717754173 0.0212443095599393 0.039453717754173 0.0379362670713202 0.039453717754173 0.0440060698027314 0.0182094081942337
"cheMyd" 0.0227617602427921 0 0.0197268588770865 0.151745068285281 0.0212443095599393 0.0288315629742033 0.0303490136570561 0.0349013657056146 0.0349013657056146 0.0379362670713202 0.0364188163884674 0.0409711684370258 0.0455235204855842 0.0166919575113809
"chrPic" 0.0212443095599393 0.0197268588770865 0 0.148710166919575 0.0197268588770865 0.039453717754173 0.0379362670713202 0.0379362670713202 0.0333839150227618 0.0424886191198786 0.0409711684370258 0.0424886191198786 0.0440060698027314 0.00910470409711684
"cuoAmb" 0.144157814871017 0.151745068285281 0.148710166919575 0 0.139605462822458 0.168437025796662 0.163884673748103 0.165402124430956 0.156297420333839 0.16236722306525 0.16236722306525 0.163884673748103 0.166919575113809 0.147192716236722
"cuoMcc" 0.0166919575113809 0.0212443095599393 0.0197268588770865 0.139605462822458 0 0.039453717754173 0.0379362670713202 0.0409711684370258 0.0227617602427921 0.0440060698027314 0.0424886191198786 0.047040971168437 0.0485584218512898 0.0166919575113809
"derCor" 0.039453717754173 0.0288315629742033 0.039453717754173 0.168437025796662 0.039453717754173 0 0.0333839150227618 0.0546282245827011 0.0409711684370258 0.0546282245827011 0.0531107738998483 0.0576631259484067 0.0591805766312595 0.0364188163884674
"derMaw" 0.0409711684370258 0.0303490136570561 0.0379362670713202 0.163884673748103 0.0379362670713202 0.0333839150227618 0 0.0561456752655539 0.039453717754173 0.0591805766312595 0.0546282245827011 0.0561456752655539 0.0667678300455235 0.0349013657056146
"emySub" 0.039453717754173 0.0349013657056146 0.0379362670713202 0.165402124430956 0.0409711684370258 0.0546282245827011 0.0561456752655539 0 0.0546282245827011 0.0212443095599393 0.0273141122913505 0.039453717754173 0.0409711684370258 0.031866464339909
"gopAga" 0.0212443095599393 0.0349013657056146 0.0333839150227618 0.156297420333839 0.0227617602427921 0.0409711684370258 0.039453717754173 0.0546282245827011 0 0.0546282245827011 0.0561456752655539 0.0576631259484067 0.0591805766312595 0.0303490136570561
"mesTub" 0.039453717754173 0.0379362670713202 0.0424886191198786 0.16236722306525 0.0440060698027314 0.0546282245827011 0.0591805766312595 0.0212443095599393 0.0546282245827011 0 0.0273141122913505 0.0364188163884674 0.031866464339909 0.0364188163884674
"pelCas" 0.0379362670713202 0.0364188163884674 0.0409711684370258 0.16236722306525 0.0424886191198786 0.0531107738998483 0.0546282245827011 0.0273141122913505 0.0561456752655539 0.0273141122913505 0 0.039453717754173 0.0349013657056146 0.0349013657056146
"pelSin" 0.039453717754173 0.0409711684370258 0.0424886191198786 0.163884673748103 0.047040971168437 0.0576631259484067 0.0561456752655539 0.039453717754173 0.0576631259484067 0.0364188163884674 0.039453717754173 0 0.0561456752655539 0.039453717754173
"podExp" 0.0440060698027314 0.0455235204855842 0.0440060698027314 0.166919575113809 0.0485584218512898 0.0591805766312595 0.0667678300455235 0.0409711684370258 0.0591805766312595 0.031866464339909 0.0349013657056146 0.0561456752655539 0 0.0440060698027314
"terMex" 0.0182094081942337 0.0166919575113809 0.00910470409711684 0.147192716236722 0.0166919575113809 0.0364188163884674 0.0349013657056146 0.031866464339909 0.0303490136570561 0.0364188163884674 0.0349013657056146 0.039453717754173 0.0440060698027314 0
