"carIns" "cheAbi" "cheMyd" "cheSer" "chrPic" "cuoAmb" "cuoMcc" "derCor" "derMaw" "emySub" "gopAga" "malTer" "mesTub" "pelCas" "plaMeg" "podExp" "terMex"
"carIns" 0 0.0935114503816794 0.0849236641221374 0.0858778625954199 0.0954198473282443 0.235687022900763 0.0868320610687023 0.0887404580152672 0.0858778625954199 0.0954198473282443 0.0916030534351145 0.0982824427480916 0.112595419847328 0.111641221374046 0.083969465648855 0.11736641221374 0.0830152671755725
"cheAbi" 0.0935114503816794 0 0.0286259541984733 0.0305343511450382 0.0400763358778626 0.193702290076336 0.0200381679389313 0.0305343511450382 0.041030534351145 0.0648854961832061 0.0181297709923664 0.0429389312977099 0.0830152671755725 0.0906488549618321 0.0219465648854962 0.0954198473282443 0.025763358778626
"cheMyd" 0.0849236641221374 0.0286259541984733 0 0.0248091603053435 0.0400763358778626 0.197519083969466 0.025763358778626 0.0152671755725191 0.0362595419847328 0.0648854961832061 0.0295801526717557 0.0429389312977099 0.0858778625954199 0.0877862595419847 0.0238549618320611 0.092557251908397 0.0276717557251908
"cheSer" 0.0858778625954199 0.0305343511450382 0.0248091603053435 0 0.0419847328244275 0.192748091603053 0.025763358778626 0.0248091603053435 0.0343511450381679 0.0648854961832061 0.0314885496183206 0.0448473282442748 0.083969465648855 0.0830152671755725 0.025763358778626 0.0849236641221374 0.0295801526717557
"chrPic" 0.0954198473282443 0.0400763358778626 0.0400763358778626 0.0419847328244275 0 0.199427480916031 0.0343511450381679 0.0419847328244275 0.049618320610687 0.0715648854961832 0.041030534351145 0.0066793893129771 0.0944656488549618 0.0963740458015267 0.0314885496183206 0.0982824427480916 0.0229007633587786
"cuoAmb" 0.235687022900763 0.193702290076336 0.197519083969466 0.192748091603053 0.199427480916031 0 0.175572519083969 0.197519083969466 0.205152671755725 0.222328244274809 0.191793893129771 0.204198473282443 0.234732824427481 0.236641221374046 0.192748091603053 0.239503816793893 0.191793893129771
"cuoMcc" 0.0868320610687023 0.0200381679389313 0.025763358778626 0.025763358778626 0.0343511450381679 0.175572519083969 0 0.025763358778626 0.0362595419847328 0.0601145038167939 0.0209923664122137 0.0372137404580153 0.0811068702290076 0.0868320610687023 0.0190839694656489 0.0896946564885496 0.0200381679389313
"derCor" 0.0887404580152672 0.0305343511450382 0.0152671755725191 0.0248091603053435 0.0419847328244275 0.197519083969466 0.025763358778626 0 0.0362595419847328 0.0601145038167939 0.0314885496183206 0.0448473282442748 0.0811068702290076 0.0830152671755725 0.025763358778626 0.0877862595419847 0.0295801526717557
"derMaw" 0.0858778625954199 0.041030534351145 0.0362595419847328 0.0343511450381679 0.049618320610687 0.205152671755725 0.0362595419847328 0.0362595419847328 0 0.0687022900763359 0.041030534351145 0.0524809160305343 0.0887404580152672 0.0868320610687023 0.0343511450381679 0.0935114503816794 0.0372137404580153
"emySub" 0.0954198473282443 0.0648854961832061 0.0648854961832061 0.0648854961832061 0.0715648854961832 0.222328244274809 0.0601145038167939 0.0601145038167939 0.0687022900763359 0 0.0658396946564885 0.0744274809160305 0.0438931297709924 0.0811068702290076 0.0591603053435115 0.083969465648855 0.058206106870229
"gopAga" 0.0916030534351145 0.0181297709923664 0.0295801526717557 0.0314885496183206 0.041030534351145 0.191793893129771 0.0209923664122137 0.0314885496183206 0.041030534351145 0.0658396946564885 0 0.0438931297709924 0.0858778625954199 0.0877862595419847 0.0229007633587786 0.0935114503816794 0.0267175572519084
"malTer" 0.0982824427480916 0.0429389312977099 0.0429389312977099 0.0448473282442748 0.0066793893129771 0.204198473282443 0.0372137404580153 0.0448473282442748 0.0524809160305343 0.0744274809160305 0.0438931297709924 0 0.0973282442748092 0.099236641221374 0.0343511450381679 0.101145038167939 0.025763358778626
"mesTub" 0.112595419847328 0.0830152671755725 0.0858778625954199 0.083969465648855 0.0944656488549618 0.234732824427481 0.0811068702290076 0.0811068702290076 0.0887404580152672 0.0438931297709924 0.0858778625954199 0.0973282442748092 0 0.0935114503816794 0.0772900763358779 0.099236641221374 0.0801526717557252
"pelCas" 0.111641221374046 0.0906488549618321 0.0877862595419847 0.0830152671755725 0.0963740458015267 0.236641221374046 0.0868320610687023 0.0830152671755725 0.0868320610687023 0.0811068702290076 0.0877862595419847 0.099236641221374 0.0935114503816794 0 0.0811068702290076 0.0677480916030534 0.0830152671755725
"plaMeg" 0.083969465648855 0.0219465648854962 0.0238549618320611 0.025763358778626 0.0314885496183206 0.192748091603053 0.0190839694656489 0.025763358778626 0.0343511450381679 0.0591603053435115 0.0229007633587786 0.0343511450381679 0.0772900763358779 0.0811068702290076 0 0.0906488549618321 0.017175572519084
"podExp" 0.11736641221374 0.0954198473282443 0.092557251908397 0.0849236641221374 0.0982824427480916 0.239503816793893 0.0896946564885496 0.0877862595419847 0.0935114503816794 0.083969465648855 0.0935114503816794 0.101145038167939 0.099236641221374 0.0677480916030534 0.0906488549618321 0 0.0887404580152672
"terMex" 0.0830152671755725 0.025763358778626 0.0276717557251908 0.0295801526717557 0.0229007633587786 0.191793893129771 0.0200381679389313 0.0295801526717557 0.0372137404580153 0.058206106870229 0.0267175572519084 0.025763358778626 0.0801526717557252 0.0830152671755725 0.017175572519084 0.0887404580152672 0
