"carIns" "cheAbi" "cheMyd" "cheSer" "chrPic" "cuoAmb" "cuoMcc" "derCor" "derMaw" "emySub" "gopAga" "malTer" "mesTub" "pelCas" "pelSin" "plaMeg" "podExp" "terMex"
"carIns" 0 0.0660550458715596 0.0596330275229358 0.0660550458715596 0.0623853211009174 0.130275229357798 0.0587155963302752 0.0651376146788991 0.073394495412844 0.114678899082569 0.063302752293578 0.0614678899082569 0.113761467889908 0.114678899082569 0.0715596330275229 0.105504587155963 0.113761467889908 0.0559633027522936
"cheAbi" 0.0660550458715596 0 0.0311926605504587 0.0330275229357798 0.0238532110091743 0.0926605504587156 0.0146788990825688 0.0422018348623853 0.0431192660550459 0.0935779816513762 0.0128440366972477 0.0247706422018349 0.0981651376146789 0.1 0.0596330275229358 0.0706422018348624 0.103669724770642 0.0192660550458716
"cheMyd" 0.0596330275229358 0.0311926605504587 0 0.0256880733944954 0.0256880733944954 0.0981651376146789 0.0229357798165138 0.0238532110091743 0.0394495412844037 0.0871559633027523 0.026605504587156 0.026605504587156 0.0889908256880734 0.0963302752293578 0.0596330275229358 0.0724770642201835 0.0990825688073395 0.0201834862385321
"cheSer" 0.0660550458715596 0.0330275229357798 0.0256880733944954 0 0.0275229357798165 0.1 0.0256880733944954 0.036697247706422 0.0376146788990826 0.0889908256880734 0.0293577981651376 0.0284403669724771 0.091743119266055 0.0981651376146789 0.0605504587155963 0.0706422018348624 0.0990825688073395 0.0229357798165138
"chrPic" 0.0623853211009174 0.0238532110091743 0.0256880733944954 0.0275229357798165 0 0.0944954128440367 0.0146788990825688 0.0357798165137615 0.0394495412844037 0.089908256880734 0.0192660550458716 0.0036697247706422 0.0944954128440367 0.0981651376146789 0.0614678899082569 0.0623853211009174 0.1 0.00825688073394495
"cuoAmb" 0.130275229357798 0.0926605504587156 0.0981651376146789 0.1 0.0944954128440367 0 0.0834862385321101 0.112844036697248 0.112844036697248 0.160550458715596 0.0889908256880734 0.0954128440366973 0.164220183486239 0.169724770642202 0.13302752293578 0.141284403669725 0.171559633027523 0.089908256880734
"cuoMcc" 0.0587155963302752 0.0146788990825688 0.0229357798165138 0.0256880733944954 0.0146788990825688 0.0834862385321101 0 0.0357798165137615 0.0385321100917431 0.0889908256880734 0.0091743119266055 0.0165137614678899 0.091743119266055 0.0963302752293578 0.0559633027522936 0.0623853211009174 0.0990825688073395 0.0110091743119266
"derCor" 0.0651376146788991 0.0422018348623853 0.0238532110091743 0.036697247706422 0.0357798165137615 0.112844036697248 0.0357798165137615 0 0.0477064220183486 0.091743119266055 0.0376146788990826 0.036697247706422 0.0889908256880734 0.0981651376146789 0.0688073394495413 0.0724770642201835 0.1 0.0302752293577982
"derMaw" 0.073394495412844 0.0431192660550459 0.0394495412844037 0.0376146788990826 0.0394495412844037 0.112844036697248 0.0385321100917431 0.0477064220183486 0 0.105504587155963 0.0422018348623853 0.0403669724770642 0.108256880733945 0.111009174311927 0.0651376146788991 0.0853211009174312 0.111926605504587 0.0339449541284404
"emySub" 0.114678899082569 0.0935779816513762 0.0871559633027523 0.0889908256880734 0.089908256880734 0.160550458715596 0.0889908256880734 0.091743119266055 0.105504587155963 0 0.0871559633027523 0.0908256880733945 0.0788990825688073 0.091743119266055 0.111926605504587 0.0954128440366973 0.089908256880734 0.0853211009174312
"gopAga" 0.063302752293578 0.0128440366972477 0.026605504587156 0.0293577981651376 0.0192660550458716 0.0889908256880734 0.0091743119266055 0.0376146788990826 0.0422018348623853 0.0871559633027523 0 0.0201834862385321 0.0944954128440367 0.0981651376146789 0.0587155963302752 0.0642201834862385 0.0972477064220184 0.0146788990825688
"malTer" 0.0614678899082569 0.0247706422018349 0.026605504587156 0.0284403669724771 0.0036697247706422 0.0954128440366973 0.0165137614678899 0.036697247706422 0.0403669724770642 0.0908256880733945 0.0201834862385321 0 0.0954128440366973 0.0990825688073395 0.0623853211009174 0.063302752293578 0.100917431192661 0.0091743119266055
"mesTub" 0.113761467889908 0.0981651376146789 0.0889908256880734 0.091743119266055 0.0944954128440367 0.164220183486239 0.091743119266055 0.0889908256880734 0.108256880733945 0.0788990825688073 0.0944954128440367 0.0954128440366973 0 0.0944954128440367 0.115596330275229 0.102752293577982 0.108256880733945 0.089908256880734
"pelCas" 0.114678899082569 0.1 0.0963302752293578 0.0981651376146789 0.0981651376146789 0.169724770642202 0.0963302752293578 0.0981651376146789 0.111009174311927 0.091743119266055 0.0981651376146789 0.0990825688073395 0.0944954128440367 0 0.115596330275229 0.102752293577982 0.0889908256880734 0.091743119266055
"pelSin" 0.0715596330275229 0.0596330275229358 0.0596330275229358 0.0605504587155963 0.0614678899082569 0.13302752293578 0.0559633027522936 0.0688073394495413 0.0651376146788991 0.111926605504587 0.0587155963302752 0.0623853211009174 0.115596330275229 0.115596330275229 0 0.103669724770642 0.121100917431193 0.055045871559633
"plaMeg" 0.105504587155963 0.0706422018348624 0.0724770642201835 0.0706422018348624 0.0623853211009174 0.141284403669725 0.0623853211009174 0.0724770642201835 0.0853211009174312 0.0954128440366973 0.0642201834862385 0.063302752293578 0.102752293577982 0.102752293577982 0.103669724770642 0 0.0954128440366973 0.0596330275229358
"podExp" 0.113761467889908 0.103669724770642 0.0990825688073395 0.0990825688073395 0.1 0.171559633027523 0.0990825688073395 0.1 0.111926605504587 0.089908256880734 0.0972477064220184 0.100917431192661 0.108256880733945 0.0889908256880734 0.121100917431193 0.0954128440366973 0 0.0954128440366973
"terMex" 0.0559633027522936 0.0192660550458716 0.0201834862385321 0.0229357798165138 0.00825688073394495 0.089908256880734 0.0110091743119266 0.0302752293577982 0.0339449541284404 0.0853211009174312 0.0146788990825688 0.0091743119266055 0.089908256880734 0.091743119266055 0.055045871559633 0.0596330275229358 0.0954128440366973 0
