"carIns" "cheAbi" "cheMyd" "cheSer" "chrPic" "cuoMcc" "derCor" "derMaw" "emySub" "gopAga" "malTer" "mesTub" "pelCas" "pelSin" "plaMeg" "podExp"
"carIns" 0 0.118273542600897 0.111547085201794 0.112107623318386 0.117713004484305 0.119955156950673 0.11322869955157 0.128363228699552 0.144058295964126 0.126681614349776 0.116031390134529 0.146300448430493 0.146300448430493 0.131165919282511 0.10762331838565 0.17432735426009
"cheAbi" 0.118273542600897 0 0.0459641255605381 0.0487668161434978 0.0420403587443946 0.031390134529148 0.0510089686098655 0.0689461883408072 0.104820627802691 0.0269058295964126 0.0420403587443946 0.112107623318386 0.106502242152466 0.113789237668161 0.0330717488789238 0.133968609865471
"cheMyd" 0.111547085201794 0.0459641255605381 0 0.0347533632286996 0.0403587443946188 0.0476457399103139 0.0246636771300448 0.0566143497757848 0.093609865470852 0.0521300448430493 0.0409192825112108 0.0941704035874439 0.0930493273542601 0.0975336322869955 0.030829596412556 0.12219730941704
"cheSer" 0.112107623318386 0.0487668161434978 0.0347533632286996 0 0.0414798206278027 0.0504484304932735 0.039237668161435 0.054932735426009 0.093609865470852 0.0526905829596413 0.0403587443946188 0.0986547085201794 0.0964125560538117 0.0980941704035874 0.0319506726457399 0.125
"chrPic" 0.117713004484305 0.0420403587443946 0.0403587443946188 0.0414798206278027 0 0.0454035874439462 0.0454035874439462 0.0639013452914798 0.0992152466367713 0.047085201793722 0.00952914798206278 0.104820627802691 0.102017937219731 0.108183856502242 0.0246636771300448 0.129484304932735
"cuoMcc" 0.119955156950673 0.031390134529148 0.0476457399103139 0.0504484304932735 0.0454035874439462 0 0.0515695067264574 0.0695067264573991 0.103699551569507 0.0364349775784753 0.0454035874439462 0.110986547085202 0.104820627802691 0.114349775784753 0.0353139013452915 0.128923766816144
"derCor" 0.11322869955157 0.0510089686098655 0.0246636771300448 0.039237668161435 0.0454035874439462 0.0515695067264574 0 0.0605381165919283 0.0964125560538117 0.0560538116591928 0.0459641255605381 0.101457399103139 0.0980941704035874 0.102017937219731 0.0353139013452915 0.128363228699552
"derMaw" 0.128363228699552 0.0689461883408072 0.0566143497757848 0.054932735426009 0.0639013452914798 0.0695067264573991 0.0605381165919283 0 0.112107623318386 0.0734304932735426 0.0633408071748879 0.117152466367713 0.110986547085202 0.117152466367713 0.0538116591928251 0.135650224215247
"emySub" 0.144058295964126 0.104820627802691 0.093609865470852 0.093609865470852 0.0992152466367713 0.103699551569507 0.0964125560538117 0.112107623318386 0 0.106502242152466 0.100336322869955 0.0504484304932735 0.0767937219730942 0.131165919282511 0.0924887892376682 0.104820627802691
"gopAga" 0.126681614349776 0.0269058295964126 0.0521300448430493 0.0526905829596413 0.047085201793722 0.0364349775784753 0.0560538116591928 0.0734304932735426 0.106502242152466 0 0.047085201793722 0.112668161434978 0.112107623318386 0.117713004484305 0.0369955156950673 0.136210762331839
"malTer" 0.116031390134529 0.0420403587443946 0.0409192825112108 0.0403587443946188 0.00952914798206278 0.0454035874439462 0.0459641255605381 0.0633408071748879 0.100336322869955 0.047085201793722 0 0.107062780269058 0.105381165919283 0.105381165919283 0.0252242152466368 0.132286995515695
"mesTub" 0.146300448430493 0.112107623318386 0.0941704035874439 0.0986547085201794 0.104820627802691 0.110986547085202 0.101457399103139 0.117152466367713 0.0504484304932735 0.112668161434978 0.107062780269058 0 0.086322869955157 0.134529147982063 0.0975336322869955 0.117152466367713
"pelCas" 0.146300448430493 0.106502242152466 0.0930493273542601 0.0964125560538117 0.102017937219731 0.104820627802691 0.0980941704035874 0.110986547085202 0.0767937219730942 0.112107623318386 0.105381165919283 0.086322869955157 0 0.138452914798206 0.0952914798206278 0.0880044843049327
"pelSin" 0.131165919282511 0.113789237668161 0.0975336322869955 0.0980941704035874 0.108183856502242 0.114349775784753 0.102017937219731 0.117152466367713 0.131165919282511 0.117713004484305 0.105381165919283 0.134529147982063 0.138452914798206 0 0.0992152466367713 0.162556053811659
"plaMeg" 0.10762331838565 0.0330717488789238 0.030829596412556 0.0319506726457399 0.0246636771300448 0.0353139013452915 0.0353139013452915 0.0538116591928251 0.0924887892376682 0.0369955156950673 0.0252242152466368 0.0975336322869955 0.0952914798206278 0.0992152466367713 0 0.122757847533632
"podExp" 0.17432735426009 0.133968609865471 0.12219730941704 0.125 0.129484304932735 0.128923766816144 0.128363228699552 0.135650224215247 0.104820627802691 0.136210762331839 0.132286995515695 0.117152466367713 0.0880044843049327 0.162556053811659 0.122757847533632 0
