"cheAbi" "cheMyd" "cheSer" "chrPic" "cuoAmb" "cuoMcc" "derCor" "derMaw" "emySub" "gopAga" "malTer" "mesTub" "pelCas" "pelSin" "plaMeg" "podExp" "terMex"
"cheAbi" 0 0.0470219435736677 0.0428422152560084 0.0365726227795193 0.0219435736677116 0.0188087774294671 0.044932079414838 0.0480668756530825 0.0762800417972832 0.0167189132706374 0.038662486938349 0.140020898641588 0.101358411703239 0.154649947753396 0.03239289446186 0.0961337513061651 0.0355276907001045
"cheMyd" 0.0470219435736677 0 0.0334378265412748 0.0376175548589342 0.0344827586206897 0.0344827586206897 0.0188087774294671 0.0428422152560084 0.0679205851619645 0.0428422152560084 0.0397074190177638 0.135841170323929 0.0950888192267503 0.140020898641588 0.0355276907001045 0.0940438871473354 0.0365726227795193
"cheSer" 0.0428422152560084 0.0334378265412748 0 0.0376175548589342 0.03239289446186 0.03239289446186 0.0376175548589342 0.0313479623824451 0.0595611285266458 0.038662486938349 0.0397074190177638 0.12748171368861 0.0929989550679206 0.142110762800418 0.0376175548589342 0.0961337513061651 0.0365726227795193
"chrPic" 0.0365726227795193 0.0376175548589342 0.0376175548589342 0 0.0303030303030303 0.0282131661442006 0.0417972831765935 0.038662486938349 0.0595611285266458 0.03239289446186 0.00522466039707419 0.132706374085684 0.0950888192267503 0.140020898641588 0.0282131661442006 0.0898641588296761 0.00940438871473354
"cuoAmb" 0.0219435736677116 0.0344827586206897 0.03239289446186 0.0303030303030303 0 0.00731452455590387 0.0355276907001045 0.0397074190177638 0.0626959247648903 0.0219435736677116 0.03239289446186 0.132706374085684 0.0929989550679206 0.147335423197492 0.026123301985371 0.0898641588296761 0.0271682340647858
"cuoMcc" 0.0188087774294671 0.0344827586206897 0.03239289446186 0.0282131661442006 0.00731452455590387 0 0.0376175548589342 0.0397074190177638 0.0626959247648903 0.0188087774294671 0.0303030303030303 0.132706374085684 0.0940438871473354 0.146290491118077 0.026123301985371 0.0909090909090909 0.0250783699059561
"derCor" 0.044932079414838 0.0188087774294671 0.0376175548589342 0.0417972831765935 0.0355276907001045 0.0376175548589342 0 0.0438871473354232 0.0721003134796238 0.0428422152560084 0.0438871473354232 0.144200626959248 0.0982236154649948 0.146290491118077 0.0376175548589342 0.0961337513061651 0.038662486938349
"derMaw" 0.0480668756530825 0.0428422152560084 0.0313479623824451 0.038662486938349 0.0397074190177638 0.0397074190177638 0.0438871473354232 0 0.06478578892372 0.0438871473354232 0.0397074190177638 0.133751306165099 0.0982236154649948 0.147335423197492 0.0407523510971787 0.0971786833855799 0.0365726227795193
"emySub" 0.0762800417972832 0.0679205851619645 0.0595611285266458 0.0595611285266458 0.0626959247648903 0.0626959247648903 0.0721003134796238 0.06478578892372 0 0.0731452455590387 0.0606060606060606 0.112852664576803 0.0815047021943574 0.149425287356322 0.06478578892372 0.0909090909090909 0.0564263322884013
"gopAga" 0.0167189132706374 0.0428422152560084 0.038662486938349 0.03239289446186 0.0219435736677116 0.0188087774294671 0.0428422152560084 0.0438871473354232 0.0731452455590387 0 0.03239289446186 0.141065830721003 0.101358411703239 0.151515151515152 0.0303030303030303 0.0919540229885057 0.0313479623824451
"malTer" 0.038662486938349 0.0397074190177638 0.0397074190177638 0.00522466039707419 0.03239289446186 0.0303030303030303 0.0438871473354232 0.0397074190177638 0.0606060606060606 0.03239289446186 0 0.134796238244514 0.0982236154649948 0.144200626959248 0.0303030303030303 0.0929989550679206 0.0125391849529781
"mesTub" 0.140020898641588 0.135841170323929 0.12748171368861 0.132706374085684 0.132706374085684 0.132706374085684 0.144200626959248 0.133751306165099 0.112852664576803 0.141065830721003 0.134796238244514 0 0.142110762800418 0.171368861024033 0.135841170323929 0.1619644723093 0.13166144200627
"pelCas" 0.101358411703239 0.0950888192267503 0.0929989550679206 0.0950888192267503 0.0929989550679206 0.0940438871473354 0.0982236154649948 0.0982236154649948 0.0815047021943574 0.101358411703239 0.0982236154649948 0.142110762800418 0 0.174503657262278 0.0940438871473354 0.0919540229885057 0.0950888192267503
"pelSin" 0.154649947753396 0.140020898641588 0.142110762800418 0.140020898641588 0.147335423197492 0.146290491118077 0.146290491118077 0.147335423197492 0.149425287356322 0.151515151515152 0.144200626959248 0.171368861024033 0.174503657262278 0 0.146290491118077 0.178683385579937 0.142110762800418
"plaMeg" 0.03239289446186 0.0355276907001045 0.0376175548589342 0.0282131661442006 0.026123301985371 0.026123301985371 0.0376175548589342 0.0407523510971787 0.06478578892372 0.0303030303030303 0.0303030303030303 0.135841170323929 0.0940438871473354 0.146290491118077 0 0.0888192267502612 0.0240334378265413
"podExp" 0.0961337513061651 0.0940438871473354 0.0961337513061651 0.0898641588296761 0.0898641588296761 0.0909090909090909 0.0961337513061651 0.0971786833855799 0.0909090909090909 0.0919540229885057 0.0929989550679206 0.1619644723093 0.0919540229885057 0.178683385579937 0.0888192267502612 0 0.0877742946708464
"terMex" 0.0355276907001045 0.0365726227795193 0.0365726227795193 0.00940438871473354 0.0271682340647858 0.0250783699059561 0.038662486938349 0.0365726227795193 0.0564263322884013 0.0313479623824451 0.0125391849529781 0.13166144200627 0.0950888192267503 0.142110762800418 0.0240334378265413 0.0877742946708464 0
