"carIns" "cheAbi" "cheMyd" "cheSer" "chrPic" "cuoMcc" "derCor" "derMaw" "emySub" "gopAga" "malTer" "mesTub" "pelCas" "pelSin" "plaMeg" "podExp"
"carIns" 0 0.237582005623243 0.221649484536082 0.243205248359888 0.223055295220244 0.218369259606373 0.229147141518276 0.232427366447985 0.234301780693533 0.222586691658857 0.256794751640112 0.241799437675726 0.262886597938144 0.24601686972821 0.215557638238051 0.266635426429241
"cheAbi" 0.237582005623243 0 0.063730084348641 0.077319587628866 0.0552952202436739 0.0440487347703843 0.0749765698219306 0.077788191190253 0.109653233364574 0.0370196813495783 0.166822867853796 0.114807872539831 0.144329896907216 0.146672914714152 0.0482661668228679 0.141986879100281
"cheMyd" 0.221649484536082 0.063730084348641 0 0.0665417057169635 0.0431115276476101 0.0468603561387067 0.0468603561387067 0.0581068416119963 0.0895032802249297 0.0515463917525773 0.155576382380506 0.0941893158388004 0.12464854732896 0.132146204311153 0.0346766635426429 0.125117150890347
"cheSer" 0.243205248359888 0.077319587628866 0.0665417057169635 0 0.0656044985941893 0.0679475164011246 0.0768509840674789 0.0763823805060918 0.108716026241799 0.0735707591377694 0.178537956888472 0.114807872539831 0.143392689784442 0.141518275538894 0.056701030927835 0.146672914714152
"chrPic" 0.223055295220244 0.0552952202436739 0.0431115276476101 0.0656044985941893 0 0.0342080599812559 0.0646672914714152 0.0581068416119963 0.0880974695407685 0.0407685098406748 0.127928772258669 0.0937207122774133 0.125585754451734 0.126991565135895 0.0243673851921275 0.12933458294283
"cuoMcc" 0.218369259606373 0.0440487347703843 0.0468603561387067 0.0679475164011246 0.0342080599812559 0 0.0627928772258669 0.0599812558575445 0.091846298031865 0.0313964386129335 0.149015932521087 0.0965323336457357 0.129803186504217 0.132146204311153 0.028116213683224 0.131208997188379
"derCor" 0.229147141518276 0.0749765698219306 0.0468603561387067 0.0768509840674789 0.0646672914714152 0.0627928772258669 0 0.0768509840674789 0.106373008434864 0.070759137769447 0.173851921274602 0.112933458294283 0.141049671977507 0.13730084348641 0.0557638238050609 0.142455482661668
"derMaw" 0.232427366447985 0.077788191190253 0.0581068416119963 0.0763823805060918 0.0581068416119963 0.0599812558575445 0.0768509840674789 0 0.100281162136832 0.0660731021555764 0.166822867853796 0.104967197750703 0.130740393626992 0.142924086223055 0.0477975632614808 0.133083411433927
"emySub" 0.234301780693533 0.109653233364574 0.0895032802249297 0.108716026241799 0.0880974695407685 0.091846298031865 0.106373008434864 0.100281162136832 0 0.0927835051546392 0.190253045923149 0.0482661668228679 0.0993439550140581 0.147141518275539 0.0796626054358013 0.107778819119025
"gopAga" 0.222586691658857 0.0370196813495783 0.0515463917525773 0.0735707591377694 0.0407685098406748 0.0313964386129335 0.070759137769447 0.0660731021555764 0.0927835051546392 0 0.147610121836926 0.098875351452671 0.130740393626992 0.134489222118088 0.0337394564198688 0.129803186504217
"malTer" 0.256794751640112 0.166822867853796 0.155576382380506 0.178537956888472 0.127928772258669 0.149015932521087 0.173851921274602 0.166822867853796 0.190253045923149 0.147610121836926 0 0.198219306466729 0.215089034676664 0.219775070290534 0.141049671977507 0.21883786316776
"mesTub" 0.241799437675726 0.114807872539831 0.0941893158388004 0.114807872539831 0.0937207122774133 0.0965323336457357 0.112933458294283 0.104967197750703 0.0482661668228679 0.098875351452671 0.198219306466729 0 0.10215557638238 0.157450796626054 0.084817244611059 0.115276476101218
"pelCas" 0.262886597938144 0.144329896907216 0.12464854732896 0.143392689784442 0.125585754451734 0.129803186504217 0.141049671977507 0.130740393626992 0.0993439550140581 0.130740393626992 0.215089034676664 0.10215557638238 0 0.177132146204311 0.116213683223993 0.103561387066542
"pelSin" 0.24601686972821 0.146672914714152 0.132146204311153 0.141518275538894 0.126991565135895 0.132146204311153 0.13730084348641 0.142924086223055 0.147141518275539 0.134489222118088 0.219775070290534 0.157450796626054 0.177132146204311 0 0.123242736644798 0.182286785379569
"plaMeg" 0.215557638238051 0.0482661668228679 0.0346766635426429 0.056701030927835 0.0243673851921275 0.028116213683224 0.0557638238050609 0.0477975632614808 0.0796626054358013 0.0337394564198688 0.141049671977507 0.084817244611059 0.116213683223993 0.123242736644798 0 0.120431115276476
"podExp" 0.266635426429241 0.141986879100281 0.125117150890347 0.146672914714152 0.12933458294283 0.131208997188379 0.142455482661668 0.133083411433927 0.107778819119025 0.129803186504217 0.21883786316776 0.115276476101218 0.103561387066542 0.182286785379569 0.120431115276476 0
