"carIns" "cheAbi" "cheMyd" "cheSer" "chrPic" "cuoAmb" "cuoMcc" "derCor" "derMaw" "emySub" "gopAga" "mesTub" "pelCas" "plaMeg" "podExp" "terMex"
"carIns" 0 0.0777096114519427 0.0858895705521472 0.0777096114519427 0.0797546012269939 0.0838445807770961 0.081799591002045 0.0848670756646217 0.0797546012269939 0.0930470347648262 0.0807770961145194 0.0889570552147239 0.0971370143149284 0.081799591002045 0.102249488752556 0.074642126789366
"cheAbi" 0.0777096114519427 0 0.0388548057259714 0.032719836400818 0.0235173824130879 0.016359918200409 0.0153374233128834 0.0408997955010225 0.0378323108384458 0.065439672801636 0.0143149284253579 0.0664621676891615 0.0725971370143149 0.0235173824130879 0.0787321063394683 0.0153374233128834
"cheMyd" 0.0858895705521472 0.0388548057259714 0 0.0398773006134969 0.0357873210633947 0.0398773006134969 0.0368098159509202 0.0337423312883436 0.0501022494887526 0.074642126789366 0.0429447852760736 0.0725971370143149 0.0797546012269939 0.0388548057259714 0.081799591002045 0.0316973415132924
"cheSer" 0.0777096114519427 0.032719836400818 0.0398773006134969 0 0.0337423312883436 0.0347648261758691 0.0286298568507157 0.0388548057259714 0.0347648261758691 0.0695296523517382 0.0368098159509202 0.0674846625766871 0.0725971370143149 0.0265848670756646 0.0725971370143149 0.0255623721881391
"chrPic" 0.0797546012269939 0.0235173824130879 0.0357873210633947 0.0337423312883436 0 0.0276073619631902 0.0265848670756646 0.0378323108384458 0.0388548057259714 0.0664621676891615 0.0235173824130879 0.0664621676891615 0.0725971370143149 0.0204498977505112 0.0807770961145194 0.0102249488752556
"cuoAmb" 0.0838445807770961 0.016359918200409 0.0398773006134969 0.0347648261758691 0.0276073619631902 0 0.0112474437627812 0.0408997955010225 0.0419222903885481 0.0715746421267894 0.016359918200409 0.0695296523517382 0.0777096114519427 0.0255623721881391 0.0777096114519427 0.0194274028629857
"cuoMcc" 0.081799591002045 0.0153374233128834 0.0368098159509202 0.0286298568507157 0.0265848670756646 0.0112474437627812 0 0.0419222903885481 0.0408997955010225 0.0705521472392638 0.0153374233128834 0.0674846625766871 0.0766871165644172 0.0214723926380368 0.0736196319018405 0.0184049079754601
"derCor" 0.0848670756646217 0.0408997955010225 0.0337423312883436 0.0388548057259714 0.0378323108384458 0.0408997955010225 0.0419222903885481 0 0.0501022494887526 0.0787321063394683 0.0449897750511247 0.0807770961145194 0.0879345603271984 0.0378323108384458 0.0838445807770961 0.0337423312883436
"derMaw" 0.0797546012269939 0.0378323108384458 0.0501022494887526 0.0347648261758691 0.0388548057259714 0.0419222903885481 0.0408997955010225 0.0501022494887526 0 0.0685071574642127 0.0398773006134969 0.0695296523517382 0.0756646216768916 0.0388548057259714 0.0848670756646217 0.0306748466257669
"emySub" 0.0930470347648262 0.065439672801636 0.074642126789366 0.0695296523517382 0.0664621676891615 0.0715746421267894 0.0705521472392638 0.0787321063394683 0.0685071574642127 0 0.0695296523517382 0.0378323108384458 0.0644171779141104 0.0664621676891615 0.0828220858895705 0.0603271983640082
"gopAga" 0.0807770961145194 0.0143149284253579 0.0429447852760736 0.0368098159509202 0.0235173824130879 0.016359918200409 0.0153374233128834 0.0449897750511247 0.0398773006134969 0.0695296523517382 0 0.0664621676891615 0.0756646216768916 0.0224948875255624 0.081799591002045 0.0153374233128834
"mesTub" 0.0889570552147239 0.0664621676891615 0.0725971370143149 0.0674846625766871 0.0664621676891615 0.0695296523517382 0.0674846625766871 0.0807770961145194 0.0695296523517382 0.0378323108384458 0.0664621676891615 0 0.065439672801636 0.0664621676891615 0.0777096114519427 0.0603271983640082
"pelCas" 0.0971370143149284 0.0725971370143149 0.0797546012269939 0.0725971370143149 0.0725971370143149 0.0777096114519427 0.0766871165644172 0.0879345603271984 0.0756646216768916 0.0644171779141104 0.0756646216768916 0.065439672801636 0 0.074642126789366 0.0541922290388548 0.0644171779141104
"plaMeg" 0.081799591002045 0.0235173824130879 0.0388548057259714 0.0265848670756646 0.0204498977505112 0.0255623721881391 0.0214723926380368 0.0378323108384458 0.0388548057259714 0.0664621676891615 0.0224948875255624 0.0664621676891615 0.074642126789366 0 0.0787321063394683 0.0122699386503067
"podExp" 0.102249488752556 0.0787321063394683 0.081799591002045 0.0725971370143149 0.0807770961145194 0.0777096114519427 0.0736196319018405 0.0838445807770961 0.0848670756646217 0.0828220858895705 0.081799591002045 0.0777096114519427 0.0541922290388548 0.0787321063394683 0 0.0725971370143149
"terMex" 0.074642126789366 0.0153374233128834 0.0316973415132924 0.0255623721881391 0.0102249488752556 0.0194274028629857 0.0184049079754601 0.0337423312883436 0.0306748466257669 0.0603271983640082 0.0153374233128834 0.0603271983640082 0.0644171779141104 0.0122699386503067 0.0725971370143149 0
