"cheAbi" "cheMyd" "cheSer" "chrPic" "cuoAmb" "cuoMcc" "derCor" "derMaw" "emySub" "gopAga" "malTer" "mesTub" "pelCas" "pelSin" "plaMeg" "podExp" "terMex"
"cheAbi" 0 0.0515021459227468 0.0472103004291846 0.0386266094420601 0.0283261802575107 0.0240343347639485 0.0437768240343348 0.0600858369098712 0.0755364806866953 0.0240343347639485 0.048068669527897 0.0789699570815451 0.0824034334763949 0.0978540772532189 0.0334763948497854 0.241201716738197 0.0394849785407725
"cheMyd" 0.0515021459227468 0 0.0420600858369099 0.0429184549356223 0.048068669527897 0.0454935622317597 0.0309012875536481 0.0575107296137339 0.0721030042918455 0.0609442060085837 0.0532188841201717 0.0763948497854077 0.0781115879828326 0.0987124463519313 0.0377682403433476 0.240343347639485 0.0454935622317597
"cheSer" 0.0472103004291846 0.0420600858369099 0 0.0300429184549356 0.0360515021459227 0.0334763948497854 0.0386266094420601 0.0420600858369099 0.0643776824034335 0.0489270386266094 0.040343347639485 0.0686695278969957 0.0695278969957082 0.0849785407725322 0.0266094420600858 0.23175965665236 0.0309012875536481
"chrPic" 0.0386266094420601 0.0429184549356223 0.0300429184549356 0 0.0291845493562232 0.023175965665236 0.0386266094420601 0.0454935622317597 0.0660944206008584 0.0386266094420601 0.0188841201716738 0.0695278969957082 0.0755364806866953 0.0832618025751073 0.0145922746781116 0.233476394849785 0.0137339055793991
"cuoAmb" 0.0283261802575107 0.048068669527897 0.0360515021459227 0.0291845493562232 0 0.00944206008583691 0.040343347639485 0.0523605150214592 0.0703862660944206 0.0266094420600858 0.040343347639485 0.0686695278969957 0.0755364806866953 0.0935622317596567 0.0248927038626609 0.237768240343348 0.0300429184549356
"cuoMcc" 0.0240343347639485 0.0454935622317597 0.0334763948497854 0.023175965665236 0.00944206008583691 0 0.0394849785407725 0.0463519313304721 0.0660944206008584 0.0240343347639485 0.0351931330472103 0.0695278969957082 0.0746781115879828 0.0901287553648069 0.0188841201716738 0.23519313304721 0.0240343347639485
"derCor" 0.0437768240343348 0.0309012875536481 0.0386266094420601 0.0386266094420601 0.040343347639485 0.0394849785407725 0 0.0523605150214592 0.071244635193133 0.048068669527897 0.0489270386266094 0.0746781115879828 0.0781115879828326 0.0969957081545064 0.032618025751073 0.23862660944206 0.0394849785407725
"derMaw" 0.0600858369098712 0.0575107296137339 0.0420600858369099 0.0454935622317597 0.0523605150214592 0.0463519313304721 0.0523605150214592 0 0.0798283261802575 0.0618025751072961 0.0566523605150215 0.0841201716738197 0.0866952789699571 0.0978540772532189 0.040343347639485 0.23862660944206 0.0463519313304721
"emySub" 0.0755364806866953 0.0721030042918455 0.0643776824034335 0.0660944206008584 0.0703862660944206 0.0660944206008584 0.071244635193133 0.0798283261802575 0 0.0755364806866953 0.0755364806866953 0.0446351931330472 0.0660944206008584 0.105579399141631 0.0592274678111588 0.228326180257511 0.0660944206008584
"gopAga" 0.0240343347639485 0.0609442060085837 0.0489270386266094 0.0386266094420601 0.0266094420600858 0.0240343347639485 0.048068669527897 0.0618025751072961 0.0755364806866953 0 0.0472103004291846 0.0763948497854077 0.0824034334763949 0.100429184549356 0.0317596566523605 0.239484978540773 0.0394849785407725
"malTer" 0.048068669527897 0.0532188841201717 0.040343347639485 0.0188841201716738 0.040343347639485 0.0351931330472103 0.0489270386266094 0.0566523605150215 0.0755364806866953 0.0472103004291846 0 0.0772532188841202 0.0832618025751073 0.0918454935622318 0.0240343347639485 0.242918454935622 0.0240343347639485
"mesTub" 0.0789699570815451 0.0763948497854077 0.0686695278969957 0.0695278969957082 0.0686695278969957 0.0695278969957082 0.0746781115879828 0.0841201716738197 0.0446351931330472 0.0763948497854077 0.0772532188841202 0 0.0695278969957082 0.105579399141631 0.0652360515021459 0.227467811158798 0.0686695278969957
"pelCas" 0.0824034334763949 0.0781115879828326 0.0695278969957082 0.0755364806866953 0.0755364806866953 0.0746781115879828 0.0781115879828326 0.0866952789699571 0.0660944206008584 0.0824034334763949 0.0832618025751073 0.0695278969957082 0 0.106437768240343 0.0695278969957082 0.219742489270386 0.0738197424892704
"pelSin" 0.0978540772532189 0.0987124463519313 0.0849785407725322 0.0832618025751073 0.0935622317596567 0.0901287553648069 0.0969957081545064 0.0978540772532189 0.105579399141631 0.100429184549356 0.0918454935622318 0.105579399141631 0.106437768240343 0 0.0849785407725322 0.254077253218884 0.0841201716738197
"plaMeg" 0.0334763948497854 0.0377682403433476 0.0266094420600858 0.0145922746781116 0.0248927038626609 0.0188841201716738 0.032618025751073 0.040343347639485 0.0592274678111588 0.0317596566523605 0.0240343347639485 0.0652360515021459 0.0695278969957082 0.0849785407725322 0 0.230901287553648 0.0171673819742489
"podExp" 0.241201716738197 0.240343347639485 0.23175965665236 0.233476394849785 0.237768240343348 0.23519313304721 0.23862660944206 0.23862660944206 0.228326180257511 0.239484978540773 0.242918454935622 0.227467811158798 0.219742489270386 0.254077253218884 0.230901287553648 0 0.230901287553648
"terMex" 0.0394849785407725 0.0454935622317597 0.0309012875536481 0.0137339055793991 0.0300429184549356 0.0240343347639485 0.0394849785407725 0.0463519313304721 0.0660944206008584 0.0394849785407725 0.0240343347639485 0.0686695278969957 0.0738197424892704 0.0841201716738197 0.0171673819742489 0.230901287553648 0
