"carIns" "cheAbi" "cheMyd" "cheSer" "chrPic" "cuoAmb" "cuoMcc" "derCor" "derMaw" "emySub" "gopAga" "malTer" "mesTub" "pelCas" "pelSin" "plaMeg" "podExp" "terMex"
"carIns" 0 0.0843091334894614 0.117096018735363 0.107728337236534 0.085480093676815 0.0796252927400468 0.0807962529274005 0.124121779859485 0.108899297423888 0.112412177985948 0.0807962529274005 0.0819672131147541 0.125292740046838 0.111241217798595 0.118266978922717 0.0843091334894614 0.129976580796253 0.0843091334894614
"cheAbi" 0.0843091334894614 0 0.063231850117096 0.0503512880562061 0.0339578454332553 0.0163934426229508 0.0175644028103044 0.0690866510538642 0.072599531615925 0.0655737704918033 0.0152224824355972 0.0351288056206089 0.0807962529274005 0.0690866510538642 0.10655737704918 0.0292740046838408 0.0983606557377049 0.0281030444964871
"cheMyd" 0.117096018735363 0.063231850117096 0 0.0690866510538642 0.0597189695550351 0.0644028103044497 0.0655737704918033 0.0644028103044497 0.0889929742388759 0.0889929742388759 0.0597189695550351 0.0620608899297424 0.0995316159250585 0.0995316159250585 0.111241217798595 0.0562060889929742 0.128805620608899 0.0550351288056206
"cheSer" 0.107728337236534 0.0503512880562061 0.0690866510538642 0 0.0526932084309134 0.0562060889929742 0.0573770491803279 0.0714285714285714 0.072599531615925 0.0889929742388759 0.053864168618267 0.053864168618267 0.103044496487119 0.085480093676815 0.112412177985948 0.0480093676814988 0.126463700234192 0.0491803278688525
"chrPic" 0.085480093676815 0.0339578454332553 0.0597189695550351 0.0526932084309134 0 0.0362997658079625 0.0351288056206089 0.0714285714285714 0.0749414519906323 0.0667447306791569 0.0351288056206089 0.00351288056206089 0.0784543325526932 0.0690866510538642 0.108899297423888 0.0187353629976581 0.101873536299766 0.00819672131147541
"cuoAmb" 0.0796252927400468 0.0163934426229508 0.0644028103044497 0.0562060889929742 0.0362997658079625 0 0.00351288056206089 0.072599531615925 0.0714285714285714 0.0679156908665105 0.0175644028103044 0.0351288056206089 0.085480093676815 0.0714285714285714 0.10655737704918 0.031615925058548 0.100702576112412 0.0304449648711944
"cuoMcc" 0.0807962529274005 0.0175644028103044 0.0655737704918033 0.0573770491803279 0.0351288056206089 0.00351288056206089 0 0.0737704918032787 0.072599531615925 0.0690866510538642 0.0187353629976581 0.0339578454332553 0.0843091334894614 0.072599531615925 0.107728337236534 0.0327868852459016 0.101873536299766 0.031615925058548
"derCor" 0.124121779859485 0.0690866510538642 0.0644028103044497 0.0714285714285714 0.0714285714285714 0.072599531615925 0.0737704918032787 0 0.0831381733021077 0.0913348946135831 0.0679156908665105 0.072599531615925 0.103044496487119 0.101873536299766 0.110070257611241 0.0667447306791569 0.133489461358314 0.0655737704918033
"derMaw" 0.108899297423888 0.072599531615925 0.0889929742388759 0.072599531615925 0.0749414519906323 0.0714285714285714 0.072599531615925 0.0831381733021077 0 0.101873536299766 0.0702576112412178 0.0737704918032787 0.117096018735363 0.101873536299766 0.117096018735363 0.072599531615925 0.134660421545667 0.0714285714285714
"emySub" 0.112412177985948 0.0655737704918033 0.0889929742388759 0.0889929742388759 0.0667447306791569 0.0679156908665105 0.0690866510538642 0.0913348946135831 0.101873536299766 0 0.063231850117096 0.0702576112412178 0.0480093676814988 0.0714285714285714 0.11943793911007 0.0655737704918033 0.100702576112412 0.0655737704918033
"gopAga" 0.0807962529274005 0.0152224824355972 0.0597189695550351 0.053864168618267 0.0351288056206089 0.0175644028103044 0.0187353629976581 0.0679156908665105 0.0702576112412178 0.063231850117096 0 0.0374707259953162 0.0784543325526932 0.0714285714285714 0.103044496487119 0.0304449648711944 0.103044496487119 0.0304449648711944
"malTer" 0.0819672131147541 0.0351288056206089 0.0620608899297424 0.053864168618267 0.00351288056206089 0.0351288056206089 0.0339578454332553 0.072599531615925 0.0737704918032787 0.0702576112412178 0.0374707259953162 0 0.0819672131147541 0.0679156908665105 0.112412177985948 0.0199063231850117 0.100702576112412 0.00936768149882904
"mesTub" 0.125292740046838 0.0807962529274005 0.0995316159250585 0.103044496487119 0.0784543325526932 0.085480093676815 0.0843091334894614 0.103044496487119 0.117096018735363 0.0480093676814988 0.0784543325526932 0.0819672131147541 0 0.0843091334894614 0.133489461358314 0.076112412177986 0.110070257611241 0.0772833723653396
"pelCas" 0.111241217798595 0.0690866510538642 0.0995316159250585 0.085480093676815 0.0690866510538642 0.0714285714285714 0.072599531615925 0.101873536299766 0.101873536299766 0.0714285714285714 0.0714285714285714 0.0679156908665105 0.0843091334894614 0 0.128805620608899 0.0679156908665105 0.0807962529274005 0.0679156908665105
"pelSin" 0.118266978922717 0.10655737704918 0.111241217798595 0.112412177985948 0.108899297423888 0.10655737704918 0.107728337236534 0.110070257611241 0.117096018735363 0.11943793911007 0.103044496487119 0.112412177985948 0.133489461358314 0.128805620608899 0 0.105386416861827 0.146370023419204 0.10655737704918
"plaMeg" 0.0843091334894614 0.0292740046838408 0.0562060889929742 0.0480093676814988 0.0187353629976581 0.031615925058548 0.0327868852459016 0.0667447306791569 0.072599531615925 0.0655737704918033 0.0304449648711944 0.0199063231850117 0.076112412177986 0.0679156908665105 0.105386416861827 0 0.100702576112412 0.0152224824355972
"podExp" 0.129976580796253 0.0983606557377049 0.128805620608899 0.126463700234192 0.101873536299766 0.100702576112412 0.101873536299766 0.133489461358314 0.134660421545667 0.100702576112412 0.103044496487119 0.100702576112412 0.110070257611241 0.0807962529274005 0.146370023419204 0.100702576112412 0 0.0960187353629977
"terMex" 0.0843091334894614 0.0281030444964871 0.0550351288056206 0.0491803278688525 0.00819672131147541 0.0304449648711944 0.031615925058548 0.0655737704918033 0.0714285714285714 0.0655737704918033 0.0304449648711944 0.00936768149882904 0.0772833723653396 0.0679156908665105 0.10655737704918 0.0152224824355972 0.0960187353629977 0
