"cheAbi" "cheMyd" "cuoAmb" "cuoMcc" "derCor" "derMaw" "emySub" "gopAga" "mesTub" "pelCas" "pelSin" "plaMeg" "terMex"
"cheAbi" 0 0.126760563380282 0.172032193158954 0.107645875251509 0.130784708249497 0.132796780684105 0.133802816901408 0.143863179074447 0.14486921529175 0.178068410462777 0.195171026156942 0.151911468812877 0.126760563380282
"cheMyd" 0.126760563380282 0 0.10261569416499 0.100603621730382 0.0935613682092555 0.0523138832997988 0.0603621730382294 0.0875251509054326 0.127766599597586 0.10261569416499 0.113682092555332 0.06841046277666 0.0935613682092555
"cuoAmb" 0.172032193158954 0.10261569416499 0 0.124748490945674 0.173038229376258 0.0955734406438632 0.113682092555332 0.0885311871227364 0.175050301810865 0.159959758551308 0.161971830985915 0.0895372233400402 0.139839034205231
"cuoMcc" 0.107645875251509 0.100603621730382 0.124748490945674 0 0.118712273641851 0.0945674044265594 0.111670020120724 0.122736418511066 0.124748490945674 0.154929577464789 0.162977867203219 0.120724346076459 0.0955734406438632
"derCor" 0.130784708249497 0.0935613682092555 0.173038229376258 0.118712273641851 0 0.121730382293763 0.125754527162978 0.1579476861167 0.154929577464789 0.163983903420523 0.185110663983903 0.146881287726358 0.118712273641851
"derMaw" 0.132796780684105 0.0523138832997988 0.0955734406438632 0.0945674044265594 0.121730382293763 0 0.0593561368209256 0.0895372233400402 0.127766599597586 0.109657947686117 0.111670020120724 0.0724346076458753 0.096579476861167
"emySub" 0.133802816901408 0.0603621730382294 0.113682092555332 0.111670020120724 0.125754527162978 0.0593561368209256 0 0.100603621730382 0.096579476861167 0.0915492957746479 0.107645875251509 0.0835010060362173 0.103621730382294
"gopAga" 0.143863179074447 0.0875251509054326 0.0885311871227364 0.122736418511066 0.1579476861167 0.0895372233400402 0.100603621730382 0 0.158953722334004 0.14486921529175 0.1579476861167 0.11569416498994 0.128772635814889
"mesTub" 0.14486921529175 0.127766599597586 0.175050301810865 0.124748490945674 0.154929577464789 0.127766599597586 0.096579476861167 0.158953722334004 0 0.14989939637827 0.17907444668008 0.153923541247485 0.121730382293763
"pelCas" 0.178068410462777 0.10261569416499 0.159959758551308 0.154929577464789 0.163983903420523 0.109657947686117 0.0915492957746479 0.14486921529175 0.14989939637827 0 0.162977867203219 0.128772635814889 0.147887323943662
"pelSin" 0.195171026156942 0.113682092555332 0.161971830985915 0.162977867203219 0.185110663983903 0.111670020120724 0.107645875251509 0.1579476861167 0.17907444668008 0.162977867203219 0 0.141851106639839 0.161971830985915
"plaMeg" 0.151911468812877 0.06841046277666 0.0895372233400402 0.120724346076459 0.146881287726358 0.0724346076458753 0.0835010060362173 0.11569416498994 0.153923541247485 0.128772635814889 0.141851106639839 0 0.120724346076459
"terMex" 0.126760563380282 0.0935613682092555 0.139839034205231 0.0955734406438632 0.118712273641851 0.096579476861167 0.103621730382294 0.128772635814889 0.121730382293763 0.147887323943662 0.161971830985915 0.120724346076459 0
