"carIns" "cheAbi" "cheMyd" "cheSer" "chrPic" "cuoMcc" "derCor" "derMaw" "emySub" "gopAga" "malTer" "mesTub" "pelCas" "pelSin" "plaMeg" "podExp" "terMex"
"carIns" 0 0.126363636363636 0.137272727272727 0.128181818181818 0.136363636363636 0.236363636363636 0.123636363636364 0.121818181818182 0.128181818181818 0.138181818181818 0.117272727272727 0.136363636363636 0.150909090909091 0.145454545454545 0.110909090909091 0.144545454545455 0.111818181818182
"cheAbi" 0.126363636363636 0 0.0727272727272727 0.07 0.0690909090909091 0.167272727272727 0.0590909090909091 0.0663636363636364 0.0936363636363636 0.03 0.0445454545454545 0.0954545454545455 0.12 0.127272727272727 0.0381818181818182 0.1 0.0445454545454545
"cheMyd" 0.137272727272727 0.0727272727272727 0 0.0681818181818182 0.0890909090909091 0.193636363636364 0.0490909090909091 0.0727272727272727 0.100909090909091 0.0790909090909091 0.06 0.103636363636364 0.126363636363636 0.134545454545455 0.0481818181818182 0.11 0.0572727272727273
"cheSer" 0.128181818181818 0.07 0.0681818181818182 0 0.0827272727272727 0.187272727272727 0.0527272727272727 0.0518181818181818 0.09 0.0709090909090909 0.0554545454545455 0.0945454545454545 0.119090909090909 0.126363636363636 0.04 0.102727272727273 0.0509090909090909
"chrPic" 0.136363636363636 0.0690909090909091 0.0890909090909091 0.0827272727272727 0 0.194545454545455 0.0781818181818182 0.0818181818181818 0.112727272727273 0.0772727272727273 0.0336363636363636 0.112727272727273 0.135454545454545 0.151818181818182 0.0472727272727273 0.115454545454545 0.0481818181818182
"cuoMcc" 0.236363636363636 0.167272727272727 0.193636363636364 0.187272727272727 0.194545454545455 0 0.18 0.181818181818182 0.208181818181818 0.171818181818182 0.163636363636364 0.209090909090909 0.226363636363636 0.235454545454545 0.157272727272727 0.207272727272727 0.165454545454545
"derCor" 0.123636363636364 0.0590909090909091 0.0490909090909091 0.0527272727272727 0.0781818181818182 0.18 0 0.0590909090909091 0.0918181818181818 0.06 0.05 0.0981818181818182 0.116363636363636 0.116363636363636 0.0363636363636364 0.0945454545454545 0.0445454545454545
"derMaw" 0.121818181818182 0.0663636363636364 0.0727272727272727 0.0518181818181818 0.0818181818181818 0.181818181818182 0.0590909090909091 0 0.0954545454545455 0.0690909090909091 0.0527272727272727 0.0963636363636364 0.118181818181818 0.127272727272727 0.0390909090909091 0.103636363636364 0.05
"emySub" 0.128181818181818 0.0936363636363636 0.100909090909091 0.09 0.112727272727273 0.208181818181818 0.0918181818181818 0.0954545454545455 0 0.109090909090909 0.0854545454545454 0.0472727272727273 0.1 0.142727272727273 0.0763636363636364 0.0918181818181818 0.0845454545454545
"gopAga" 0.138181818181818 0.03 0.0790909090909091 0.0709090909090909 0.0772727272727273 0.171818181818182 0.06 0.0690909090909091 0.109090909090909 0 0.0509090909090909 0.108181818181818 0.131818181818182 0.134545454545455 0.0409090909090909 0.111818181818182 0.0472727272727273
"malTer" 0.117272727272727 0.0445454545454545 0.06 0.0554545454545455 0.0336363636363636 0.163636363636364 0.05 0.0527272727272727 0.0854545454545454 0.0509090909090909 0 0.0872727272727273 0.105454545454545 0.123636363636364 0.0181818181818182 0.0918181818181818 0.02
"mesTub" 0.136363636363636 0.0954545454545455 0.103636363636364 0.0945454545454545 0.112727272727273 0.209090909090909 0.0981818181818182 0.0963636363636364 0.0472727272727273 0.108181818181818 0.0872727272727273 0 0.11 0.143636363636364 0.0790909090909091 0.0972727272727273 0.0863636363636364
"pelCas" 0.150909090909091 0.12 0.126363636363636 0.119090909090909 0.135454545454545 0.226363636363636 0.116363636363636 0.118181818181818 0.1 0.131818181818182 0.105454545454545 0.11 0 0.167272727272727 0.103636363636364 0.0963636363636364 0.104545454545455
"pelSin" 0.145454545454545 0.127272727272727 0.134545454545455 0.126363636363636 0.151818181818182 0.235454545454545 0.116363636363636 0.127272727272727 0.142727272727273 0.134545454545455 0.123636363636364 0.143636363636364 0.167272727272727 0 0.112727272727273 0.140909090909091 0.114545454545455
"plaMeg" 0.110909090909091 0.0381818181818182 0.0481818181818182 0.04 0.0472727272727273 0.157272727272727 0.0363636363636364 0.0390909090909091 0.0763636363636364 0.0409090909090909 0.0181818181818182 0.0790909090909091 0.103636363636364 0.112727272727273 0 0.0845454545454545 0.0154545454545455
"podExp" 0.144545454545455 0.1 0.11 0.102727272727273 0.115454545454545 0.207272727272727 0.0945454545454545 0.103636363636364 0.0918181818181818 0.111818181818182 0.0918181818181818 0.0972727272727273 0.0963636363636364 0.140909090909091 0.0845454545454545 0 0.09
"terMex" 0.111818181818182 0.0445454545454545 0.0572727272727273 0.0509090909090909 0.0481818181818182 0.165454545454545 0.0445454545454545 0.05 0.0845454545454545 0.0472727272727273 0.02 0.0863636363636364 0.104545454545455 0.114545454545455 0.0154545454545455 0.09 0
