"carIns" "cheAbi" "cheMyd" "cheSer" "chrPic" "cuoMcc" "derCor" "derMaw" "emySub" "gopAga" "mesTub" "pelCas" "pelSin" "plaMeg" "podExp" "terMex"
"carIns" 0 0.155872667398463 0.173435784851811 0.150384193194292 0.159165751920966 0.13940724478595 0.150384193194292 0.150384193194292 0.1602634467618 0.145993413830955 0.173435784851811 0.189901207464325 0.147091108671789 0.147091108671789 0.177826564215148 0.1602634467618
"cheAbi" 0.155872667398463 0 0.0900109769484083 0.0548847420417124 0.0570801317233809 0.0482985729967069 0.0669593852908891 0.0724478594950604 0.103183315038419 0.0395170142700329 0.120746432491767 0.15257958287596 0.121844127332602 0.0603732162458836 0.138309549945115 0.0548847420417124
"cheMyd" 0.173435784851811 0.0900109769484083 0 0.0889132821075741 0.0845225027442371 0.0834248079034029 0.0592755214050494 0.0965971459934138 0.12403951701427 0.0779363336992316 0.144895718990121 0.169045005488474 0.140504939626784 0.0812294182217344 0.154774972557629 0.0867178924259056
"cheSer" 0.150384193194292 0.0548847420417124 0.0889132821075741 0 0.0647639956092206 0.0636663007683864 0.0636663007683864 0.0680570801317234 0.0987925356750823 0.0581778265642151 0.11635565312843 0.136114160263447 0.108671789242591 0.0636663007683864 0.135016465422613 0.0603732162458836
"chrPic" 0.159165751920966 0.0570801317233809 0.0845225027442371 0.0647639956092206 0 0.0559824368825467 0.0636663007683864 0.0757409440175631 0.107574094401756 0.0537870472008782 0.128430296377607 0.151481888035126 0.117453347969265 0.0548847420417124 0.144895718990121 0.0373216245883644
"cuoMcc" 0.13940724478595 0.0482985729967069 0.0834248079034029 0.0636663007683864 0.0559824368825467 0 0.0559824368825467 0.0614709110867179 0.0987925356750823 0.0340285400658617 0.11635565312843 0.13940724478595 0.109769484083425 0.0482985729967069 0.128430296377607 0.0515916575192097
"derCor" 0.150384193194292 0.0669593852908891 0.0592755214050494 0.0636663007683864 0.0636663007683864 0.0559824368825467 0 0.0647639956092206 0.100987925356751 0.0537870472008782 0.117453347969265 0.149286498353458 0.115257958287596 0.0669593852908891 0.13172338090011 0.0614709110867179
"derMaw" 0.150384193194292 0.0724478594950604 0.0965971459934138 0.0680570801317234 0.0757409440175631 0.0614709110867179 0.0647639956092206 0 0.102085620197585 0.0603732162458836 0.121844127332602 0.148188803512623 0.118551042810099 0.0713501646542261 0.135016465422613 0.0713501646542261
"emySub" 0.1602634467618 0.103183315038419 0.12403951701427 0.0987925356750823 0.107574094401756 0.0987925356750823 0.100987925356751 0.102085620197585 0 0.102085620197585 0.0691547749725576 0.132821075740944 0.141602634467618 0.103183315038419 0.125137211855104 0.0976948408342481
"gopAga" 0.145993413830955 0.0395170142700329 0.0779363336992316 0.0581778265642151 0.0537870472008782 0.0340285400658617 0.0537870472008782 0.0603732162458836 0.102085620197585 0 0.120746432491767 0.145993413830955 0.111964873765093 0.0559824368825467 0.126234906695939 0.0493962678375412
"mesTub" 0.173435784851811 0.120746432491767 0.144895718990121 0.11635565312843 0.128430296377607 0.11635565312843 0.117453347969265 0.121844127332602 0.0691547749725576 0.120746432491767 0 0.133918770581778 0.154774972557629 0.120746432491767 0.129527991218441 0.119648737650933
"pelCas" 0.189901207464325 0.15257958287596 0.169045005488474 0.136114160263447 0.151481888035126 0.13940724478595 0.149286498353458 0.148188803512623 0.132821075740944 0.145993413830955 0.133918770581778 0 0.151481888035126 0.149286498353458 0.105378704720088 0.148188803512623
"pelSin" 0.147091108671789 0.121844127332602 0.140504939626784 0.108671789242591 0.117453347969265 0.109769484083425 0.115257958287596 0.118551042810099 0.141602634467618 0.111964873765093 0.154774972557629 0.151481888035126 0 0.108671789242591 0.155872667398463 0.120746432491767
"plaMeg" 0.147091108671789 0.0603732162458836 0.0812294182217344 0.0636663007683864 0.0548847420417124 0.0482985729967069 0.0669593852908891 0.0713501646542261 0.103183315038419 0.0559824368825467 0.120746432491767 0.149286498353458 0.108671789242591 0 0.142700329308452 0.0636663007683864
"podExp" 0.177826564215148 0.138309549945115 0.154774972557629 0.135016465422613 0.144895718990121 0.128430296377607 0.13172338090011 0.135016465422613 0.125137211855104 0.126234906695939 0.129527991218441 0.105378704720088 0.155872667398463 0.142700329308452 0 0.135016465422613
"terMex" 0.1602634467618 0.0548847420417124 0.0867178924259056 0.0603732162458836 0.0373216245883644 0.0515916575192097 0.0614709110867179 0.0713501646542261 0.0976948408342481 0.0493962678375412 0.119648737650933 0.148188803512623 0.120746432491767 0.0636663007683864 0.135016465422613 0
