"carIns" "cheAbi" "cheMyd" "cheSer" "chrPic" "cuoAmb" "cuoMcc" "derCor" "derMaw" "emySub" "gopAga" "malTer" "mesTub" "pelCas" "pelSin" "plaMeg" "podExp" "terMex"
"carIns" 0 0.118022328548644 0.0988835725677831 0.118022328548644 0.114035087719298 0.0909090909090909 0.0917065390749601 0.126794258373206 0.0933014354066986 0.102870813397129 0.102870813397129 0.111642743221691 0.108452950558214 0.125199362041467 0.110845295055821 0.106060606060606 0.123604465709729 0.109250398724083
"cheAbi" 0.118022328548644 0 0.0685805422647528 0.0382775119617225 0.0287081339712919 0.0478468899521531 0.0454545454545455 0.0526315789473684 0.0637958532695375 0.087719298245614 0.0374800637958533 0.0279106858054226 0.106060606060606 0.119617224880383 0.11244019138756 0.018341307814992 0.11244019138756 0.0239234449760766
"cheMyd" 0.0988835725677831 0.0685805422647528 0 0.0685805422647528 0.0637958532695375 0.0462519936204147 0.0454545454545455 0.0606060606060606 0.0534290271132376 0.0757575757575758 0.0502392344497608 0.0629984051036683 0.0901116427432217 0.101275917065391 0.0972886762360447 0.0566188197767145 0.0956937799043062 0.058213716108453
"cheSer" 0.118022328548644 0.0382775119617225 0.0685805422647528 0 0.0390749601275917 0.0606060606060606 0.0590111642743222 0.0550239234449761 0.0629984051036683 0.0869218500797448 0.058213716108453 0.036682615629984 0.104465709728868 0.120414673046252 0.117224880382775 0.0263157894736842 0.113237639553429 0.0334928229665072
"chrPic" 0.114035087719298 0.0287081339712919 0.0637958532695375 0.0390749601275917 0 0.0534290271132376 0.0542264752791069 0.0518341307814992 0.0661881977671451 0.0821371610845295 0.0502392344497608 0.00558213716108453 0.100478468899522 0.117224880382775 0.106060606060606 0.0167464114832536 0.114035087719298 0.0111642743221691
"cuoAmb" 0.0909090909090909 0.0478468899521531 0.0462519936204147 0.0606060606060606 0.0534290271132376 0 0.00558213716108453 0.0757575757575758 0.0454545454545455 0.0653907496012759 0.0311004784688995 0.0534290271132376 0.0845295055821372 0.094896331738437 0.0885167464114833 0.0430622009569378 0.0909090909090909 0.0470494417862839
"cuoMcc" 0.0917065390749601 0.0454545454545455 0.0454545454545455 0.0590111642743222 0.0542264752791069 0.00558213716108453 0 0.076555023923445 0.043859649122807 0.0653907496012759 0.0287081339712919 0.0534290271132376 0.083732057416268 0.0956937799043062 0.0885167464114833 0.0422647527910686 0.0909090909090909 0.0486443381180223
"derCor" 0.126794258373206 0.0526315789473684 0.0606060606060606 0.0550239234449761 0.0518341307814992 0.0757575757575758 0.076555023923445 0 0.0805422647527911 0.108452950558214 0.0733652312599681 0.0502392344497608 0.12280701754386 0.124401913875598 0.119617224880383 0.0430622009569378 0.126794258373206 0.0454545454545455
"derMaw" 0.0933014354066986 0.0637958532695375 0.0534290271132376 0.0629984051036683 0.0661881977671451 0.0454545454545455 0.043859649122807 0.0805422647527911 0 0.0637958532695375 0.05103668261563 0.0653907496012759 0.083732057416268 0.101275917065391 0.0956937799043062 0.058213716108453 0.0940988835725678 0.0598086124401914
"emySub" 0.102870813397129 0.087719298245614 0.0757575757575758 0.0869218500797448 0.0821371610845295 0.0653907496012759 0.0653907496012759 0.108452950558214 0.0637958532695375 0 0.0733652312599681 0.0821371610845295 0.0422647527910686 0.0661881977671451 0.0964912280701754 0.0749601275917065 0.0606060606060606 0.0829346092503987
"gopAga" 0.102870813397129 0.0374800637958533 0.0502392344497608 0.058213716108453 0.0502392344497608 0.0311004784688995 0.0287081339712919 0.0733652312599681 0.05103668261563 0.0733652312599681 0 0.0494417862838915 0.0909090909090909 0.103668261562998 0.0972886762360447 0.0414673046251994 0.0988835725677831 0.0446570972886762
"malTer" 0.111642743221691 0.0279106858054226 0.0629984051036683 0.036682615629984 0.00558213716108453 0.0534290271132376 0.0534290271132376 0.0502392344497608 0.0653907496012759 0.0821371610845295 0.0494417862838915 0 0.0996810207336523 0.115629984051037 0.106858054226475 0.0167464114832536 0.111642743221691 0.0111642743221691
"mesTub" 0.108452950558214 0.106060606060606 0.0901116427432217 0.104465709728868 0.100478468899522 0.0845295055821372 0.083732057416268 0.12280701754386 0.083732057416268 0.0422647527910686 0.0909090909090909 0.0996810207336523 0 0.0829346092503987 0.106060606060606 0.0964912280701754 0.0789473684210526 0.0988835725677831
"pelCas" 0.125199362041467 0.119617224880383 0.101275917065391 0.120414673046252 0.117224880382775 0.094896331738437 0.0956937799043062 0.124401913875598 0.101275917065391 0.0661881977671451 0.103668261562998 0.115629984051037 0.0829346092503987 0 0.118819776714514 0.106858054226475 0.0709728867623605 0.111642743221691
"pelSin" 0.110845295055821 0.11244019138756 0.0972886762360447 0.117224880382775 0.106060606060606 0.0885167464114833 0.0885167464114833 0.119617224880383 0.0956937799043062 0.0964912280701754 0.0972886762360447 0.106858054226475 0.106060606060606 0.118819776714514 0 0.0996810207336523 0.115629984051037 0.104465709728868
"plaMeg" 0.106060606060606 0.018341307814992 0.0566188197767145 0.0263157894736842 0.0167464114832536 0.0430622009569378 0.0422647527910686 0.0430622009569378 0.058213716108453 0.0749601275917065 0.0414673046251994 0.0167464114832536 0.0964912280701754 0.106858054226475 0.0996810207336523 0 0.100478468899522 0.0103668261562998
"podExp" 0.123604465709729 0.11244019138756 0.0956937799043062 0.113237639553429 0.114035087719298 0.0909090909090909 0.0909090909090909 0.126794258373206 0.0940988835725678 0.0606060606060606 0.0988835725677831 0.111642743221691 0.0789473684210526 0.0709728867623605 0.115629984051037 0.100478468899522 0 0.106060606060606
"terMex" 0.109250398724083 0.0239234449760766 0.058213716108453 0.0334928229665072 0.0111642743221691 0.0470494417862839 0.0486443381180223 0.0454545454545455 0.0598086124401914 0.0829346092503987 0.0446570972886762 0.0111642743221691 0.0988835725677831 0.111642743221691 0.104465709728868 0.0103668261562998 0.106060606060606 0
