"carIns" "cheAbi" "cheMyd" "cheSer" "chrPic" "cuoAmb" "cuoMcc" "derCor" "derMaw" "emySub" "gopAga" "malTer" "mesTub" "pelCas" "pelSin" "plaMeg" "podExp" "terMex"
"carIns" 0 0.137423312883436 0.160736196319018 0.130061349693252 0.142331288343558 0.175460122699386 0.134969325153374 0.136196319018405 0.133742331288344 0.139877300613497 0.14478527607362 0.147239263803681 0.14478527607362 0.131288343558282 0.157055214723926 0.132515337423313 0.154601226993865 0.139877300613497
"cheAbi" 0.137423312883436 0 0.111656441717791 0.0748466257668712 0.0613496932515337 0.0822085889570552 0.0417177914110429 0.0858895705521472 0.0736196319018405 0.120245398773006 0.0429447852760736 0.0711656441717791 0.110429447852761 0.111656441717791 0.141104294478528 0.0588957055214724 0.130061349693252 0.0588957055214724
"cheMyd" 0.160736196319018 0.111656441717791 0 0.0993865030674847 0.103067484662577 0.119018404907975 0.100613496932515 0.0723926380368098 0.0993865030674847 0.138650306748466 0.116564417177914 0.100613496932515 0.131288343558282 0.152147239263804 0.138650306748466 0.098159509202454 0.157055214723926 0.107975460122699
"cheSer" 0.130061349693252 0.0748466257668712 0.0993865030674847 0 0.0588957055214724 0.116564417177914 0.0748466257668712 0.0711656441717791 0.0638036809815951 0.110429447852761 0.0822085889570552 0.0625766871165644 0.110429447852761 0.119018404907975 0.12760736196319 0.045398773006135 0.12638036809816 0.056441717791411
"chrPic" 0.142331288343558 0.0613496932515337 0.103067484662577 0.0588957055214724 0 0.0993865030674847 0.0576687116564417 0.0785276073619632 0.0699386503067485 0.121472392638037 0.0576687116564417 0.0122699386503067 0.111656441717791 0.131288343558282 0.136196319018405 0.0515337423312883 0.14601226993865 0.0196319018404908
"cuoAmb" 0.175460122699386 0.0822085889570552 0.119018404907975 0.116564417177914 0.0993865030674847 0 0.0466257668711656 0.128834355828221 0.105521472392638 0.16319018404908 0.0895705521472393 0.0969325153374233 0.148466257668712 0.157055214723926 0.14478527607362 0.0993865030674847 0.165644171779141 0.100613496932515
"cuoMcc" 0.134969325153374 0.0417177914110429 0.100613496932515 0.0748466257668712 0.0576687116564417 0.0466257668711656 0 0.0871165644171779 0.0662576687116564 0.121472392638037 0.049079754601227 0.0552147239263804 0.10920245398773 0.116564417177914 0.130061349693252 0.0588957055214724 0.125153374233129 0.0588957055214724
"derCor" 0.136196319018405 0.0858895705521472 0.0723926380368098 0.0711656441717791 0.0785276073619632 0.128834355828221 0.0871165644171779 0 0.0797546012269939 0.114110429447853 0.0883435582822086 0.0809815950920245 0.116564417177914 0.128834355828221 0.134969325153374 0.0711656441717791 0.138650306748466 0.0773006134969325
"derMaw" 0.133742331288344 0.0736196319018405 0.0993865030674847 0.0638036809815951 0.0699386503067485 0.105521472392638 0.0662576687116564 0.0797546012269939 0 0.115337423312883 0.0858895705521472 0.0650306748466258 0.107975460122699 0.116564417177914 0.12638036809816 0.0687116564417178 0.122699386503067 0.0699386503067485
"emySub" 0.139877300613497 0.120245398773006 0.138650306748466 0.110429447852761 0.121472392638037 0.16319018404908 0.121472392638037 0.114110429447853 0.115337423312883 0 0.130061349693252 0.123926380368098 0.0773006134969325 0.106748466257669 0.150920245398773 0.116564417177914 0.123926380368098 0.121472392638037
"gopAga" 0.14478527607362 0.0429447852760736 0.116564417177914 0.0822085889570552 0.0576687116564417 0.0895705521472393 0.049079754601227 0.0883435582822086 0.0858895705521472 0.130061349693252 0 0.0674846625766871 0.119018404907975 0.130061349693252 0.141104294478528 0.0699386503067485 0.136196319018405 0.0699386503067485
"malTer" 0.147239263803681 0.0711656441717791 0.100613496932515 0.0625766871165644 0.0122699386503067 0.0969325153374233 0.0552147239263804 0.0809815950920245 0.0650306748466258 0.123926380368098 0.0674846625766871 0 0.10920245398773 0.130061349693252 0.131288343558282 0.0552147239263804 0.142331288343558 0.0294478527607362
"mesTub" 0.14478527607362 0.110429447852761 0.131288343558282 0.110429447852761 0.111656441717791 0.148466257668712 0.10920245398773 0.116564417177914 0.107975460122699 0.0773006134969325 0.119018404907975 0.10920245398773 0 0.0834355828220859 0.138650306748466 0.107975460122699 0.0993865030674847 0.119018404907975
"pelCas" 0.131288343558282 0.111656441717791 0.152147239263804 0.119018404907975 0.131288343558282 0.157055214723926 0.116564417177914 0.128834355828221 0.116564417177914 0.106748466257669 0.130061349693252 0.130061349693252 0.0834355828220859 0 0.148466257668712 0.115337423312883 0.101840490797546 0.125153374233129
"pelSin" 0.157055214723926 0.141104294478528 0.138650306748466 0.12760736196319 0.136196319018405 0.14478527607362 0.130061349693252 0.134969325153374 0.12638036809816 0.150920245398773 0.141104294478528 0.131288343558282 0.138650306748466 0.148466257668712 0 0.131288343558282 0.158282208588957 0.136196319018405
"plaMeg" 0.132515337423313 0.0588957055214724 0.098159509202454 0.045398773006135 0.0515337423312883 0.0993865030674847 0.0588957055214724 0.0711656441717791 0.0687116564417178 0.116564417177914 0.0699386503067485 0.0552147239263804 0.107975460122699 0.115337423312883 0.131288343558282 0 0.130061349693252 0.0478527607361963
"podExp" 0.154601226993865 0.130061349693252 0.157055214723926 0.12638036809816 0.14601226993865 0.165644171779141 0.125153374233129 0.138650306748466 0.122699386503067 0.123926380368098 0.136196319018405 0.142331288343558 0.0993865030674847 0.101840490797546 0.158282208588957 0.130061349693252 0 0.14478527607362
"terMex" 0.139877300613497 0.0588957055214724 0.107975460122699 0.056441717791411 0.0196319018404908 0.100613496932515 0.0588957055214724 0.0773006134969325 0.0699386503067485 0.121472392638037 0.0699386503067485 0.0294478527607362 0.119018404907975 0.125153374233129 0.136196319018405 0.0478527607361963 0.14478527607362 0
