"carIns" "cheAbi" "cheMyd" "cheSer" "chrPic" "cuoAmb" "cuoMcc" "derCor" "derMaw" "emySub" "gopAga" "malTer" "mesTub" "pelCas" "pelSin" "plaMeg" "podExp" "terMex"
"carIns" 0 0.0712871287128713 0.0693069306930693 0.0772277227722772 0.0633663366336634 0.099009900990099 0.0930693069306931 0.095049504950495 0.100990099009901 0.0514851485148515 0.0673267326732673 0.0693069306930693 0.0811881188118812 0.0772277227722772 0.0693069306930693 0.0613861386138614 0.0633663366336634 0.0752475247524752
"cheAbi" 0.0712871287128713 0 0.0356435643564356 0.0554455445544554 0.0198019801980198 0.0534653465346535 0.0435643564356436 0.0613861386138614 0.0772277227722772 0.0435643564356436 0.00792079207920792 0.0257425742574257 0.0673267326732673 0.0653465346534653 0.0851485148514852 0.0158415841584158 0.0475247524752475 0.0316831683168317
"cheMyd" 0.0693069306930693 0.0356435643564356 0 0.0435643564356436 0.0237623762376238 0.0633663366336634 0.0574257425742574 0.0495049504950495 0.0732673267326733 0.0396039603960396 0.0316831683168317 0.0297029702970297 0.0673267326732673 0.0514851485148515 0.0792079207920792 0.0198019801980198 0.0396039603960396 0.0356435643564356
"cheSer" 0.0772277227722772 0.0554455445544554 0.0435643564356436 0 0.0435643564356436 0.0831683168316832 0.0772277227722772 0.0732673267326733 0.0851485148514852 0.0554455445544554 0.0514851485148515 0.0495049504950495 0.0910891089108911 0.0732673267326733 0.095049504950495 0.0396039603960396 0.0633663366336634 0.0554455445544554
"chrPic" 0.0633663366336634 0.0198019801980198 0.0237623762376238 0.0435643564356436 0 0.0475247524752475 0.0415841584158416 0.0534653465346535 0.0712871287128713 0.0396039603960396 0.0158415841584158 0.00594059405940594 0.0673267326732673 0.0574257425742574 0.0772277227722772 0.00396039603960396 0.0435643564356436 0.0158415841584158
"cuoAmb" 0.099009900990099 0.0534653465346535 0.0633663366336634 0.0831683168316832 0.0475247524752475 0 0.0475247524752475 0.0613861386138614 0.0732673267326733 0.0772277227722772 0.0495049504950495 0.0514851485148515 0.0792079207920792 0.0930693069306931 0.114851485148515 0.0435643564356436 0.0772277227722772 0.0554455445544554
"cuoMcc" 0.0930693069306931 0.0435643564356436 0.0574257425742574 0.0772277227722772 0.0415841584158416 0.0475247524752475 0 0.0594059405940594 0.0752475247524752 0.0712871287128713 0.0396039603960396 0.0475247524752475 0.0673267326732673 0.0851485148514852 0.108910891089109 0.0376237623762376 0.0712871287128713 0.0475247524752475
"derCor" 0.095049504950495 0.0613861386138614 0.0495049504950495 0.0732673267326733 0.0534653465346535 0.0613861386138614 0.0594059405940594 0 0.0712871287128713 0.0732673267326733 0.0574257425742574 0.0574257425742574 0.0752475247524752 0.0831683168316832 0.102970297029703 0.0495049504950495 0.0732673267326733 0.0613861386138614
"derMaw" 0.100990099009901 0.0772277227722772 0.0732673267326733 0.0851485148514852 0.0712871287128713 0.0732673267326733 0.0752475247524752 0.0712871287128713 0 0.0811881188118812 0.0732673267326733 0.0752475247524752 0.0831683168316832 0.097029702970297 0.112871287128713 0.0673267326732673 0.0811881188118812 0.0772277227722772
"emySub" 0.0514851485148515 0.0435643564356436 0.0396039603960396 0.0554455445544554 0.0396039603960396 0.0772277227722772 0.0712871287128713 0.0732673267326733 0.0811881188118812 0 0.0396039603960396 0.0455445544554455 0.0475247524752475 0.0495049504950495 0.0693069306930693 0.0356435643564356 0.0356435643564356 0.0514851485148515
"gopAga" 0.0673267326732673 0.00792079207920792 0.0316831683168317 0.0514851485148515 0.0158415841584158 0.0495049504950495 0.0396039603960396 0.0574257425742574 0.0732673267326733 0.0396039603960396 0 0.0217821782178218 0.0633663366336634 0.0613861386138614 0.0811881188118812 0.0118811881188119 0.0435643564356436 0.0277227722772277
"malTer" 0.0693069306930693 0.0257425742574257 0.0297029702970297 0.0495049504950495 0.00594059405940594 0.0514851485148515 0.0475247524752475 0.0574257425742574 0.0752475247524752 0.0455445544554455 0.0217821782178218 0 0.0732673267326733 0.0594059405940594 0.0811881188118812 0.0099009900990099 0.0475247524752475 0.0198019801980198
"mesTub" 0.0811881188118812 0.0673267326732673 0.0673267326732673 0.0910891089108911 0.0673267326732673 0.0792079207920792 0.0673267326732673 0.0752475247524752 0.0831683168316832 0.0475247524752475 0.0633663366336634 0.0732673267326733 0 0.0732673267326733 0.0930693069306931 0.0633663366336634 0.0594059405940594 0.0772277227722772
"pelCas" 0.0772277227722772 0.0653465346534653 0.0514851485148515 0.0732673267326733 0.0574257425742574 0.0930693069306931 0.0851485148514852 0.0831683168316832 0.097029702970297 0.0495049504950495 0.0613861386138614 0.0594059405940594 0.0732673267326733 0 0.0910891089108911 0.0534653465346535 0.0376237623762376 0.0693069306930693
"pelSin" 0.0693069306930693 0.0851485148514852 0.0792079207920792 0.095049504950495 0.0772277227722772 0.114851485148515 0.108910891089109 0.102970297029703 0.112871287128713 0.0693069306930693 0.0811881188118812 0.0811881188118812 0.0930693069306931 0.0910891089108911 0 0.0752475247524752 0.0752475247524752 0.0891089108910891
"plaMeg" 0.0613861386138614 0.0158415841584158 0.0198019801980198 0.0396039603960396 0.00396039603960396 0.0435643564356436 0.0376237623762376 0.0495049504950495 0.0673267326732673 0.0356435643564356 0.0118811881188119 0.0099009900990099 0.0633663366336634 0.0534653465346535 0.0752475247524752 0 0.0396039603960396 0.0158415841584158
"podExp" 0.0633663366336634 0.0475247524752475 0.0396039603960396 0.0633663366336634 0.0435643564356436 0.0772277227722772 0.0712871287128713 0.0732673267326733 0.0811881188118812 0.0356435643564356 0.0435643564356436 0.0475247524752475 0.0594059405940594 0.0376237623762376 0.0752475247524752 0.0396039603960396 0 0.0514851485148515
"terMex" 0.0752475247524752 0.0316831683168317 0.0356435643564356 0.0554455445544554 0.0158415841584158 0.0554455445544554 0.0475247524752475 0.0613861386138614 0.0772277227722772 0.0514851485148515 0.0277227722772277 0.0198019801980198 0.0772277227722772 0.0693069306930693 0.0891089108910891 0.0158415841584158 0.0514851485148515 0
