"carIns" "cheAbi" "cheMyd" "cheSer" "chrPic" "cuoAmb" "cuoMcc" "derCor" "derMaw" "emySub" "gopAga" "malTer" "mesTub" "pelCas" "pelSin" "plaMeg" "podExp"
"carIns" 0 0.093128390596745 0.0840867992766727 0.0886075949367089 0.0877034358047016 0.118444846292948 0.0913200723327306 0.0895117540687161 0.100361663652803 0.102169981916817 0.0904159132007233 0.0867992766726944 0.103074141048825 0.116636528028933 0.0886075949367089 0.0831826401446655 0.118444846292948
"cheAbi" 0.093128390596745 0 0.0316455696202532 0.0361663652802893 0.0289330922242315 0.0524412296564195 0.0235081374321881 0.0397830018083183 0.054249547920434 0.0777576853526221 0.0162748643761302 0.0298372513562387 0.0786618444846293 0.10126582278481 0.0913200723327306 0.0244122965641953 0.106690777576854
"cheMyd" 0.0840867992766727 0.0316455696202532 0 0.0325497287522604 0.0262206148282098 0.0587703435804702 0.0298372513562387 0.0207956600361664 0.0524412296564195 0.0723327305605787 0.0298372513562387 0.0253164556962025 0.0723327305605787 0.0949367088607595 0.0858951175406872 0.0198915009041591 0.100361663652803
"cheSer" 0.0886075949367089 0.0361663652802893 0.0325497287522604 0 0.0262206148282098 0.0587703435804702 0.0307414104882459 0.0370705244122966 0.0488245931283906 0.069620253164557 0.0325497287522604 0.0253164556962025 0.0723327305605787 0.096745027124774 0.0877034358047016 0.0216998191681736 0.0976491862567812
"chrPic" 0.0877034358047016 0.0289330922242315 0.0262206148282098 0.0262206148282098 0 0.0506329113924051 0.0216998191681736 0.0307414104882459 0.0479204339963834 0.069620253164557 0.0226039783001808 0.00452079566003617 0.0714285714285714 0.0940325497287523 0.0858951175406872 0.0135623869801085 0.096745027124774
"cuoAmb" 0.118444846292948 0.0524412296564195 0.0587703435804702 0.0587703435804702 0.0506329113924051 0 0.0361663652802893 0.0632911392405063 0.0777576853526221 0.096745027124774 0.0479204339963834 0.0515370705244123 0.100361663652803 0.126582278481013 0.116636528028933 0.0461121157323689 0.128390596745027
"cuoMcc" 0.0913200723327306 0.0235081374321881 0.0298372513562387 0.0307414104882459 0.0216998191681736 0.0361663652802893 0 0.0343580470162749 0.0479204339963834 0.0705244122965642 0.0207956600361664 0.0226039783001808 0.0732368896925859 0.0976491862567812 0.0877034358047016 0.0171790235081374 0.0994575045207957
"derCor" 0.0895117540687161 0.0397830018083183 0.0207956600361664 0.0370705244122966 0.0307414104882459 0.0632911392405063 0.0343580470162749 0 0.0578661844484629 0.0786618444846293 0.0370705244122966 0.0298372513562387 0.0804701627486438 0.102169981916817 0.0913200723327306 0.0226039783001808 0.105786618444846
"derMaw" 0.100361663652803 0.054249547920434 0.0524412296564195 0.0488245931283906 0.0479204339963834 0.0777576853526221 0.0479204339963834 0.0578661844484629 0 0.0877034358047016 0.0506329113924051 0.0470162748643761 0.0886075949367089 0.108499095840868 0.0940325497287523 0.0406871609403255 0.108499095840868
"emySub" 0.102169981916817 0.0777576853526221 0.0723327305605787 0.069620253164557 0.069620253164557 0.096745027124774 0.0705244122965642 0.0786618444846293 0.0877034358047016 0 0.0723327305605787 0.0687160940325497 0.0370705244122966 0.0831826401446655 0.105786618444846 0.0632911392405063 0.081374321880651
"gopAga" 0.0904159132007233 0.0162748643761302 0.0298372513562387 0.0325497287522604 0.0226039783001808 0.0479204339963834 0.0207956600361664 0.0370705244122966 0.0506329113924051 0.0723327305605787 0 0.0235081374321881 0.0732368896925859 0.0994575045207957 0.0867992766726944 0.0198915009041591 0.10126582278481
"malTer" 0.0867992766726944 0.0298372513562387 0.0253164556962025 0.0253164556962025 0.00452079566003617 0.0515370705244123 0.0226039783001808 0.0298372513562387 0.0470162748643761 0.0687160940325497 0.0235081374321881 0 0.0705244122965642 0.0949367088607595 0.0849909584086799 0.0126582278481013 0.0976491862567812
"mesTub" 0.103074141048825 0.0786618444846293 0.0723327305605787 0.0723327305605787 0.0714285714285714 0.100361663652803 0.0732368896925859 0.0804701627486438 0.0886075949367089 0.0370705244122966 0.0732368896925859 0.0705244122965642 0 0.0858951175406872 0.106690777576854 0.0650994575045208 0.0877034358047016
"pelCas" 0.116636528028933 0.10126582278481 0.0949367088607595 0.096745027124774 0.0940325497287523 0.126582278481013 0.0976491862567812 0.102169981916817 0.108499095840868 0.0831826401446655 0.0994575045207957 0.0949367088607595 0.0858951175406872 0 0.122061482820976 0.0895117540687161 0.0705244122965642
"pelSin" 0.0886075949367089 0.0913200723327306 0.0858951175406872 0.0877034358047016 0.0858951175406872 0.116636528028933 0.0877034358047016 0.0913200723327306 0.0940325497287523 0.105786618444846 0.0867992766726944 0.0849909584086799 0.106690777576854 0.122061482820976 0 0.0777576853526221 0.129294755877034
"plaMeg" 0.0831826401446655 0.0244122965641953 0.0198915009041591 0.0216998191681736 0.0135623869801085 0.0461121157323689 0.0171790235081374 0.0226039783001808 0.0406871609403255 0.0632911392405063 0.0198915009041591 0.0126582278481013 0.0650994575045208 0.0895117540687161 0.0777576853526221 0 0.0913200723327306
"podExp" 0.118444846292948 0.106690777576854 0.100361663652803 0.0976491862567812 0.096745027124774 0.128390596745027 0.0994575045207957 0.105786618444846 0.108499095840868 0.081374321880651 0.10126582278481 0.0976491862567812 0.0877034358047016 0.0705244122965642 0.129294755877034 0.0913200723327306 0
