"carIns" "cheAbi" "cheMyd" "cheSer" "chrPic" "cuoAmb" "cuoMcc" "derMaw" "emySub" "gopAga" "malTer" "mesTub" "pelCas" "pelSin" "plaMeg" "podExp" "terMex"
"carIns" 0 0.0481798715203426 0.0471092077087794 0.0428265524625268 0.0438972162740899 0.0406852248394004 0.0417558886509636 0.0481798715203426 0.056745182012848 0.0449678800856531 0.0492505353319058 0.063169164882227 0.0781584582441113 0.0535331905781585 0.0449678800856531 0.0835117773019272 0.0449678800856531
"cheAbi" 0.0481798715203426 0 0.0256959314775161 0.0171306209850107 0.0224839400428266 0.0117773019271949 0.00963597430406852 0.0246252676659529 0.0481798715203426 0.0107066381156317 0.0246252676659529 0.0535331905781585 0.0685224839400428 0.056745182012848 0.0203426124197002 0.0706638115631692 0.0203426124197002
"cheMyd" 0.0471092077087794 0.0256959314775161 0 0.0171306209850107 0.0256959314775161 0.019271948608137 0.019271948608137 0.0214132762312634 0.0471092077087794 0.019271948608137 0.0289079229122056 0.0535331905781585 0.0738758029978587 0.056745182012848 0.0246252676659529 0.0738758029978587 0.0246252676659529
"cheSer" 0.0428265524625268 0.0171306209850107 0.0171306209850107 0 0.019271948608137 0.0139186295503212 0.0139186295503212 0.0171306209850107 0.0417558886509636 0.0149892933618844 0.0224839400428266 0.0481798715203426 0.0685224839400428 0.050321199143469 0.0182012847965739 0.0685224839400428 0.0182012847965739
"chrPic" 0.0438972162740899 0.0224839400428266 0.0256959314775161 0.019271948608137 0 0.0171306209850107 0.0171306209850107 0.0267665952890792 0.0438972162740899 0.0182012847965739 0.00749464668094218 0.050321199143469 0.0674518201284797 0.050321199143469 0.0149892933618844 0.0674518201284797 0.00428265524625268
"cuoAmb" 0.0406852248394004 0.0117773019271949 0.019271948608137 0.0139186295503212 0.0171306209850107 0 0.00214132762312634 0.019271948608137 0.0417558886509636 0.00749464668094218 0.019271948608137 0.0481798715203426 0.0674518201284797 0.0492505353319058 0.0149892933618844 0.0663811563169165 0.0149892933618844
"cuoMcc" 0.0417558886509636 0.00963597430406852 0.019271948608137 0.0139186295503212 0.0171306209850107 0.00214132762312634 0 0.019271948608137 0.0428265524625268 0.00535331905781585 0.019271948608137 0.0492505353319058 0.0674518201284797 0.050321199143469 0.0149892933618844 0.0674518201284797 0.0149892933618844
"derMaw" 0.0481798715203426 0.0246252676659529 0.0214132762312634 0.0171306209850107 0.0267665952890792 0.019271948608137 0.019271948608137 0 0.0449678800856531 0.0203426124197002 0.0299785867237687 0.0513918629550321 0.0717344753747323 0.0578158458244111 0.0256959314775161 0.0717344753747323 0.0256959314775161
"emySub" 0.056745182012848 0.0481798715203426 0.0471092077087794 0.0417558886509636 0.0438972162740899 0.0417558886509636 0.0428265524625268 0.0449678800856531 0 0.0438972162740899 0.0492505353319058 0.019271948608137 0.0471092077087794 0.0653104925053533 0.0471092077087794 0.0481798715203426 0.0449678800856531
"gopAga" 0.0449678800856531 0.0107066381156317 0.019271948608137 0.0149892933618844 0.0182012847965739 0.00749464668094218 0.00535331905781585 0.0203426124197002 0.0438972162740899 0 0.0203426124197002 0.050321199143469 0.0685224839400428 0.0535331905781585 0.0160599571734475 0.0685224839400428 0.0160599571734475
"malTer" 0.0492505353319058 0.0246252676659529 0.0289079229122056 0.0224839400428266 0.00749464668094218 0.019271948608137 0.019271948608137 0.0299785867237687 0.0492505353319058 0.0203426124197002 0 0.0556745182012848 0.0728051391862955 0.0524625267665953 0.0182012847965739 0.069593147751606 0.00749464668094218
"mesTub" 0.063169164882227 0.0535331905781585 0.0535331905781585 0.0481798715203426 0.050321199143469 0.0481798715203426 0.0492505353319058 0.0513918629550321 0.019271948608137 0.050321199143469 0.0556745182012848 0 0.0513918629550321 0.0706638115631692 0.0535331905781585 0.0535331905781585 0.0513918629550321
"pelCas" 0.0781584582441113 0.0685224839400428 0.0738758029978587 0.0685224839400428 0.0674518201284797 0.0674518201284797 0.0674518201284797 0.0717344753747323 0.0471092077087794 0.0685224839400428 0.0728051391862955 0.0513918629550321 0 0.0899357601713062 0.0728051391862955 0.0481798715203426 0.0685224839400428
"pelSin" 0.0535331905781585 0.056745182012848 0.056745182012848 0.050321199143469 0.050321199143469 0.0492505353319058 0.050321199143469 0.0578158458244111 0.0653104925053533 0.0535331905781585 0.0524625267665953 0.0706638115631692 0.0899357601713062 0 0.050321199143469 0.088865096359743 0.0513918629550321
"plaMeg" 0.0449678800856531 0.0203426124197002 0.0246252676659529 0.0182012847965739 0.0149892933618844 0.0149892933618844 0.0149892933618844 0.0256959314775161 0.0471092077087794 0.0160599571734475 0.0182012847965739 0.0535331905781585 0.0728051391862955 0.050321199143469 0 0.0728051391862955 0.012847965738758
"podExp" 0.0835117773019272 0.0706638115631692 0.0738758029978587 0.0685224839400428 0.0674518201284797 0.0663811563169165 0.0674518201284797 0.0717344753747323 0.0481798715203426 0.0685224839400428 0.069593147751606 0.0535331905781585 0.0481798715203426 0.088865096359743 0.0728051391862955 0 0.0685224839400428
"terMex" 0.0449678800856531 0.0203426124197002 0.0246252676659529 0.0182012847965739 0.00428265524625268 0.0149892933618844 0.0149892933618844 0.0256959314775161 0.0449678800856531 0.0160599571734475 0.00749464668094218 0.0513918629550321 0.0685224839400428 0.0513918629550321 0.012847965738758 0.0685224839400428 0
