"carIns" "cheAbi" "cheMyd" "cheSer" "chrPic" "cuoAmb" "cuoMcc" "derCor" "derMaw" "emySub" "malTer" "mesTub" "pelCas" "pelSin" "plaMeg" "podExp" "terMex"
"carIns" 0 0.0472764645426516 0.110996916752312 0.0462487153134635 0.0441932168550874 0.144912641315519 0.0462487153134635 0.0483042137718397 0.0483042137718397 0.0503597122302158 0.0462487153134635 0.0544707091469681 0.0554984583761562 0.0575539568345324 0.0493319630010277 0.065775950668037 0.0441932168550874
"cheAbi" 0.0472764645426516 0 0.092497430626927 0.025693730729702 0.013360739979445 0.114080164439877 0.00719424460431655 0.0318602261048304 0.0246659815005139 0.0359712230215827 0.0154162384378212 0.040082219938335 0.040082219938335 0.0483042137718397 0.0174717368961973 0.052415210688592 0.0123329907502569
"cheMyd" 0.110996916752312 0.092497430626927 0 0.0935251798561151 0.0873586844809866 0.197327852004111 0.091469681397739 0.0760534429599178 0.091469681397739 0.0966084275436793 0.0894141829393628 0.103802672147996 0.102774922918808 0.115107913669065 0.092497430626927 0.116135662898253 0.091469681397739
"cheSer" 0.0462487153134635 0.025693730729702 0.0935251798561151 0 0.0246659815005139 0.131551901336074 0.02672147995889 0.0328879753340185 0.0277492291880781 0.0411099691675231 0.02672147995889 0.0421377183967112 0.0431654676258993 0.052415210688592 0.0298047276464543 0.0554984583761562 0.0246659815005139
"chrPic" 0.0441932168550874 0.013360739979445 0.0873586844809866 0.0246659815005139 0 0.119218910585817 0.0123329907502569 0.025693730729702 0.0236382322713258 0.0328879753340185 0.00411099691675231 0.0349434737923947 0.0369989722507708 0.0483042137718397 0.013360739979445 0.0513874614594039 0.00822199383350463
"cuoAmb" 0.144912641315519 0.114080164439877 0.197327852004111 0.131551901336074 0.119218910585817 0 0.112024665981501 0.134635149023638 0.132579650565262 0.135662898252826 0.121274409044193 0.140801644398767 0.140801644398767 0.142857142857143 0.121274409044193 0.150051387461459 0.117163412127441
"cuoMcc" 0.0462487153134635 0.00719424460431655 0.091469681397739 0.02672147995889 0.0123329907502569 0.112024665981501 0 0.0308324768756423 0.0236382322713258 0.0349434737923947 0.0143884892086331 0.039054470709147 0.0380267214799589 0.0483042137718397 0.0164439876670093 0.0493319630010277 0.0113052415210689
"derCor" 0.0483042137718397 0.0318602261048304 0.0760534429599178 0.0328879753340185 0.025693730729702 0.134635149023638 0.0308324768756423 0 0.0287769784172662 0.0411099691675231 0.025693730729702 0.0441932168550874 0.0452209660842754 0.0534429599177801 0.0287769784172662 0.0575539568345324 0.02672147995889
"derMaw" 0.0483042137718397 0.0246659815005139 0.091469681397739 0.0277492291880781 0.0236382322713258 0.132579650565262 0.0236382322713258 0.0287769784172662 0 0.0359712230215827 0.025693730729702 0.040082219938335 0.0380267214799589 0.0462487153134635 0.0246659815005139 0.0503597122302158 0.0236382322713258
"emySub" 0.0503597122302158 0.0359712230215827 0.0966084275436793 0.0411099691675231 0.0328879753340185 0.135662898252826 0.0349434737923947 0.0411099691675231 0.0359712230215827 0 0.0349434737923947 0.025693730729702 0.025693730729702 0.0441932168550874 0.0380267214799589 0.0431654676258993 0.0339157245632066
"malTer" 0.0462487153134635 0.0154162384378212 0.0894141829393628 0.02672147995889 0.00411099691675231 0.121274409044193 0.0143884892086331 0.025693730729702 0.025693730729702 0.0349434737923947 0 0.0349434737923947 0.039054470709147 0.0503597122302158 0.0154162384378212 0.052415210688592 0.0102774922918808
"mesTub" 0.0544707091469681 0.040082219938335 0.103802672147996 0.0421377183967112 0.0349434737923947 0.140801644398767 0.039054470709147 0.0441932168550874 0.040082219938335 0.025693730729702 0.0349434737923947 0 0.0287769784172662 0.0513874614594039 0.0411099691675231 0.0441932168550874 0.039054470709147
"pelCas" 0.0554984583761562 0.040082219938335 0.102774922918808 0.0431654676258993 0.0369989722507708 0.140801644398767 0.0380267214799589 0.0452209660842754 0.0380267214799589 0.025693730729702 0.039054470709147 0.0287769784172662 0 0.0513874614594039 0.0380267214799589 0.0421377183967112 0.039054470709147
"pelSin" 0.0575539568345324 0.0483042137718397 0.115107913669065 0.052415210688592 0.0483042137718397 0.142857142857143 0.0483042137718397 0.0534429599177801 0.0462487153134635 0.0441932168550874 0.0503597122302158 0.0513874614594039 0.0513874614594039 0 0.0503597122302158 0.0626927029804728 0.0462487153134635
"plaMeg" 0.0493319630010277 0.0174717368961973 0.092497430626927 0.0298047276464543 0.013360739979445 0.121274409044193 0.0164439876670093 0.0287769784172662 0.0246659815005139 0.0380267214799589 0.0154162384378212 0.0411099691675231 0.0380267214799589 0.0503597122302158 0 0.052415210688592 0.0154162384378212
"podExp" 0.065775950668037 0.052415210688592 0.116135662898253 0.0554984583761562 0.0513874614594039 0.150051387461459 0.0493319630010277 0.0575539568345324 0.0503597122302158 0.0431654676258993 0.052415210688592 0.0441932168550874 0.0421377183967112 0.0626927029804728 0.052415210688592 0 0.0513874614594039
"terMex" 0.0441932168550874 0.0123329907502569 0.091469681397739 0.0246659815005139 0.00822199383350463 0.117163412127441 0.0113052415210689 0.02672147995889 0.0236382322713258 0.0339157245632066 0.0102774922918808 0.039054470709147 0.039054470709147 0.0462487153134635 0.0154162384378212 0.0513874614594039 0
