"carIns" "cheAbi" "cheMyd" "cheSer" "chrPic" "cuoMcc" "derCor" "derMaw" "emySub" "gopAga" "malTer" "mesTub" "pelCas" "pelSin" "plaMeg" "podExp" "terMex"
"carIns" 0 0.143558282208589 0.155828220858896 0.14601226993865 0.137423312883436 0.132515337423313 0.138650306748466 0.150920245398773 0.150920245398773 0.137423312883436 0.134969325153374 0.143558282208589 0.161963190184049 0.160736196319018 0.134969325153374 0.171779141104294 0.258895705521472
"cheAbi" 0.143558282208589 0 0.10920245398773 0.045398773006135 0.0294478527607362 0.0269938650306748 0.0404907975460123 0.0539877300613497 0.0699386503067485 0.0208588957055215 0.0269938650306748 0.0822085889570552 0.0846625766871166 0.141104294478528 0.0294478527607362 0.142331288343558 0.169325153374233
"cheMyd" 0.155828220858896 0.10920245398773 0 0.10920245398773 0.101840490797546 0.101840490797546 0.0920245398773006 0.119018404907975 0.133742331288344 0.104294478527607 0.101840490797546 0.142331288343558 0.147239263803681 0.159509202453988 0.0969325153374233 0.153374233128834 0.238036809815951
"cheSer" 0.14601226993865 0.045398773006135 0.10920245398773 0 0.0380368098159509 0.0441717791411043 0.0404907975460123 0.0466257668711656 0.0711656441717791 0.0429447852760736 0.0380368098159509 0.0822085889570552 0.0858895705521472 0.147239263803681 0.0368098159509202 0.149693251533742 0.171779141104294
"chrPic" 0.137423312883436 0.0294478527607362 0.101840490797546 0.0380368098159509 0 0.0196319018404908 0.0269938650306748 0.0429447852760736 0.0613496932515337 0.0184049079754601 0.00736196319018405 0.0748466257668712 0.0736196319018405 0.133742331288344 0.0147239263803681 0.138650306748466 0.150920245398773
"cuoMcc" 0.132515337423313 0.0269938650306748 0.101840490797546 0.0441717791411043 0.0196319018404908 0 0.0343558282208589 0.0478527607361963 0.0662576687116564 0.0159509202453988 0.0171779141104294 0.0797546012269939 0.0773006134969325 0.138650306748466 0.0220858895705521 0.136196319018405 0.159509202453988
"derCor" 0.138650306748466 0.0404907975460123 0.0920245398773006 0.0404907975460123 0.0269938650306748 0.0343558282208589 0 0.045398773006135 0.0625766871165644 0.0331288343558282 0.0294478527607362 0.0760736196319018 0.0822085889570552 0.131288343558282 0.0245398773006135 0.14601226993865 0.165644171779141
"derMaw" 0.150920245398773 0.0539877300613497 0.119018404907975 0.0466257668711656 0.0429447852760736 0.0478527607361963 0.045398773006135 0 0.0711656441717791 0.0417177914110429 0.0404907975460123 0.0871165644171779 0.0895705521472393 0.14478527607362 0.0380368098159509 0.158282208588957 0.173006134969325
"emySub" 0.150920245398773 0.0699386503067485 0.133742331288344 0.0711656441717791 0.0613496932515337 0.0662576687116564 0.0625766871165644 0.0711656441717791 0 0.0588957055214724 0.0588957055214724 0.0404907975460123 0.056441717791411 0.139877300613497 0.0588957055214724 0.130061349693252 0.187730061349693
"gopAga" 0.137423312883436 0.0208588957055215 0.104294478527607 0.0429447852760736 0.0184049079754601 0.0159509202453988 0.0331288343558282 0.0417177914110429 0.0588957055214724 0 0.0159509202453988 0.0748466257668712 0.0723926380368098 0.131288343558282 0.0159509202453988 0.133742331288344 0.157055214723926
"malTer" 0.134969325153374 0.0269938650306748 0.101840490797546 0.0380368098159509 0.00736196319018405 0.0171779141104294 0.0294478527607362 0.0404907975460123 0.0588957055214724 0.0159509202453988 0 0.0723926380368098 0.0699386503067485 0.128834355828221 0.0147239263803681 0.136196319018405 0.150920245398773
"mesTub" 0.143558282208589 0.0822085889570552 0.142331288343558 0.0822085889570552 0.0748466257668712 0.0797546012269939 0.0760736196319018 0.0871165644171779 0.0404907975460123 0.0748466257668712 0.0723926380368098 0 0.0711656441717791 0.142331288343558 0.0699386503067485 0.141104294478528 0.193865030674847
"pelCas" 0.161963190184049 0.0846625766871166 0.147239263803681 0.0858895705521472 0.0736196319018405 0.0773006134969325 0.0822085889570552 0.0895705521472393 0.056441717791411 0.0723926380368098 0.0699386503067485 0.0711656441717791 0 0.155828220858896 0.0723926380368098 0.123926380368098 0.206134969325153
"pelSin" 0.160736196319018 0.141104294478528 0.159509202453988 0.147239263803681 0.133742331288344 0.138650306748466 0.131288343558282 0.14478527607362 0.139877300613497 0.131288343558282 0.128834355828221 0.142331288343558 0.155828220858896 0 0.125153374233129 0.173006134969325 0.249079754601227
"plaMeg" 0.134969325153374 0.0294478527607362 0.0969325153374233 0.0368098159509202 0.0147239263803681 0.0220858895705521 0.0245398773006135 0.0380368098159509 0.0588957055214724 0.0159509202453988 0.0147239263803681 0.0699386503067485 0.0723926380368098 0.125153374233129 0 0.134969325153374 0.153374233128834
"podExp" 0.171779141104294 0.142331288343558 0.153374233128834 0.149693251533742 0.138650306748466 0.136196319018405 0.14601226993865 0.158282208588957 0.130061349693252 0.133742331288344 0.136196319018405 0.141104294478528 0.123926380368098 0.173006134969325 0.134969325153374 0 0.267484662576687
"terMex" 0.258895705521472 0.169325153374233 0.238036809815951 0.171779141104294 0.150920245398773 0.159509202453988 0.165644171779141 0.173006134969325 0.187730061349693 0.157055214723926 0.150920245398773 0.193865030674847 0.206134969325153 0.249079754601227 0.153374233128834 0.267484662576687 0
