"carIns" "cheAbi" "cheMyd" "cheSer" "chrPic" "cuoAmb" "cuoMcc" "derCor" "derMaw" "emySub" "gopAga" "malTer" "mesTub" "pelCas" "pelSin" "plaMeg" "podExp" "terMex"
"carIns" 0 0.195156695156695 0.188034188034188 0.188034188034188 0.317663817663818 0.192307692307692 0.193732193732194 0.188034188034188 0.193732193732194 0.183760683760684 0.195156695156695 0.183760683760684 0.189458689458689 0.193732193732194 0.193732193732194 0.185185185185185 0.202279202279202 0.185185185185185
"cheAbi" 0.195156695156695 0 0.0327635327635328 0.0299145299145299 0.16951566951567 0.0199430199430199 0.0213675213675214 0.037037037037037 0.037037037037037 0.0512820512820513 0.0185185185185185 0.0270655270655271 0.0612535612535613 0.0584045584045584 0.066951566951567 0.0213675213675214 0.0698005698005698 0.0227920227920228
"cheMyd" 0.188034188034188 0.0327635327635328 0 0.0256410256410256 0.166666666666667 0.0270655270655271 0.0313390313390313 0.0113960113960114 0.0313390313390313 0.0512820512820513 0.0299145299145299 0.0242165242165242 0.0612535612535613 0.0527065527065527 0.0712250712250712 0.0284900284900285 0.0683760683760684 0.0270655270655271
"cheSer" 0.188034188034188 0.0299145299145299 0.0256410256410256 0 0.172364672364672 0.0242165242165242 0.0227920227920228 0.0242165242165242 0.0313390313390313 0.047008547008547 0.0313390313390313 0.0256410256410256 0.0584045584045584 0.0512820512820513 0.0683760683760684 0.0170940170940171 0.0655270655270655 0.0242165242165242
"chrPic" 0.317663817663818 0.16951566951567 0.166666666666667 0.172364672364672 0 0.166666666666667 0.168091168091168 0.168091168091168 0.170940170940171 0.188034188034188 0.165242165242165 0.156695156695157 0.196581196581197 0.192307692307692 0.206552706552707 0.163817663817664 0.202279202279202 0.15954415954416
"cuoAmb" 0.192307692307692 0.0199430199430199 0.0270655270655271 0.0242165242165242 0.166666666666667 0 0.00427350427350427 0.0299145299145299 0.0313390313390313 0.0441595441595442 0.0170940170940171 0.0199430199430199 0.056980056980057 0.0541310541310541 0.0641025641025641 0.0185185185185185 0.0698005698005698 0.0199430199430199
"cuoMcc" 0.193732193732194 0.0213675213675214 0.0313390313390313 0.0227920227920228 0.168091168091168 0.00427350427350427 0 0.0327635327635328 0.0341880341880342 0.047008547008547 0.0199430199430199 0.0227920227920228 0.0584045584045584 0.056980056980057 0.0655270655270655 0.0170940170940171 0.0712250712250712 0.0213675213675214
"derCor" 0.188034188034188 0.037037037037037 0.0113960113960114 0.0242165242165242 0.168091168091168 0.0299145299145299 0.0327635327635328 0 0.0327635327635328 0.0512820512820513 0.0341880341880342 0.0284900284900285 0.0626780626780627 0.0527065527065527 0.0726495726495727 0.0270655270655271 0.0698005698005698 0.0313390313390313
"derMaw" 0.193732193732194 0.037037037037037 0.0313390313390313 0.0313390313390313 0.170940170940171 0.0313390313390313 0.0341880341880342 0.0327635327635328 0 0.047008547008547 0.0341880341880342 0.0299145299145299 0.0584045584045584 0.0541310541310541 0.0754985754985755 0.0284900284900285 0.0683760683760684 0.0313390313390313
"emySub" 0.183760683760684 0.0512820512820513 0.0512820512820513 0.047008547008547 0.188034188034188 0.0441595441595442 0.047008547008547 0.0512820512820513 0.047008547008547 0 0.0527065527065527 0.0484330484330484 0.0270655270655271 0.0427350427350427 0.0698005698005698 0.0413105413105413 0.0584045584045584 0.0484330484330484
"gopAga" 0.195156695156695 0.0185185185185185 0.0299145299145299 0.0313390313390313 0.165242165242165 0.0170940170940171 0.0199430199430199 0.0341880341880342 0.0341880341880342 0.0527065527065527 0 0.0242165242165242 0.0655270655270655 0.0541310541310541 0.0712250712250712 0.0256410256410256 0.066951566951567 0.0227920227920228
"malTer" 0.183760683760684 0.0270655270655271 0.0242165242165242 0.0256410256410256 0.156695156695157 0.0199430199430199 0.0227920227920228 0.0284900284900285 0.0299145299145299 0.0484330484330484 0.0242165242165242 0 0.0584045584045584 0.047008547008547 0.0712250712250712 0.0199430199430199 0.0626780626780627 0.0128205128205128
"mesTub" 0.189458689458689 0.0612535612535613 0.0612535612535613 0.0584045584045584 0.196581196581197 0.056980056980057 0.0584045584045584 0.0626780626780627 0.0584045584045584 0.0270655270655271 0.0655270655270655 0.0584045584045584 0 0.0555555555555556 0.0769230769230769 0.0555555555555556 0.0655270655270655 0.0584045584045584
"pelCas" 0.193732193732194 0.0584045584045584 0.0527065527065527 0.0512820512820513 0.192307692307692 0.0541310541310541 0.056980056980057 0.0527065527065527 0.0541310541310541 0.0427350427350427 0.0541310541310541 0.047008547008547 0.0555555555555556 0 0.0726495726495727 0.0541310541310541 0.047008547008547 0.0541310541310541
"pelSin" 0.193732193732194 0.066951566951567 0.0712250712250712 0.0683760683760684 0.206552706552707 0.0641025641025641 0.0655270655270655 0.0726495726495727 0.0754985754985755 0.0698005698005698 0.0712250712250712 0.0712250712250712 0.0769230769230769 0.0726495726495727 0 0.0683760683760684 0.0854700854700855 0.0683760683760684
"plaMeg" 0.185185185185185 0.0213675213675214 0.0284900284900285 0.0170940170940171 0.163817663817664 0.0185185185185185 0.0170940170940171 0.0270655270655271 0.0284900284900285 0.0413105413105413 0.0256410256410256 0.0199430199430199 0.0555555555555556 0.0541310541310541 0.0683760683760684 0 0.0655270655270655 0.0185185185185185
"podExp" 0.202279202279202 0.0698005698005698 0.0683760683760684 0.0655270655270655 0.202279202279202 0.0698005698005698 0.0712250712250712 0.0698005698005698 0.0683760683760684 0.0584045584045584 0.066951566951567 0.0626780626780627 0.0655270655270655 0.047008547008547 0.0854700854700855 0.0655270655270655 0 0.0641025641025641
"terMex" 0.185185185185185 0.0227920227920228 0.0270655270655271 0.0242165242165242 0.15954415954416 0.0199430199430199 0.0213675213675214 0.0313390313390313 0.0313390313390313 0.0484330484330484 0.0227920227920228 0.0128205128205128 0.0584045584045584 0.0541310541310541 0.0683760683760684 0.0185185185185185 0.0641025641025641 0
