"carIns" "cheAbi" "cheMyd" "cheSer" "chrPic" "cuoAmb" "cuoMcc" "derCor" "derMaw" "emySub" "gopAga" "malTer" "mesTub" "pelCas" "pelSin" "plaMeg" "podExp"
"carIns" 0 0.0556117290192113 0.0879676440849343 0.0879676440849343 0.0556117290192113 0.0586450960566229 0.0586450960566229 0.0626895854398382 0.070778564206269 0.0738119312436805 0.0626895854398382 0.051567239635996 0.0717896865520728 0.0910010111223458 0.0990899898887765 0.0525783619817998 0.0798786653185035
"cheAbi" 0.0556117290192113 0 0.0717896865520728 0.0626895854398382 0.0212335692618807 0.0161779575328615 0.0202224469160768 0.038422649140546 0.0475227502527806 0.0637007077856421 0.0161779575328615 0.0171890798786653 0.0606673407482305 0.0829120323559151 0.101112234580384 0.0212335692618807 0.0758341759352882
"cheMyd" 0.0879676440849343 0.0717896865520728 0 0.0687563195146613 0.0717896865520728 0.0728008088978766 0.0738119312436805 0.0616784630940344 0.0869565217391304 0.0970677451971689 0.076845298281092 0.0677451971688574 0.096056622851365 0.115267947421638 0.111223458038423 0.0677451971688574 0.109201213346815
"cheSer" 0.0879676440849343 0.0626895854398382 0.0687563195146613 0 0.0566228513650152 0.0606673407482305 0.0616784630940344 0.0637007077856421 0.0788675429726997 0.0920121334681496 0.0647118301314459 0.0525783619817998 0.0889787664307381 0.107178968655207 0.101112234580384 0.0546006066734075 0.103134479271992
"chrPic" 0.0556117290192113 0.0212335692618807 0.0717896865520728 0.0566228513650152 0 0.0202224469160768 0.0242669362992922 0.0333670374115268 0.0414560161779575 0.0606673407482305 0.0232558139534884 0.00404448938321537 0.057633973710819 0.0859453993933266 0.0980788675429727 0.0171890798786653 0.076845298281092
"cuoAmb" 0.0586450960566229 0.0161779575328615 0.0728008088978766 0.0606673407482305 0.0202224469160768 0 0.00606673407482305 0.0374115267947422 0.0495449949443883 0.0647118301314459 0.0161779575328615 0.0161779575328615 0.0616784630940344 0.0879676440849343 0.102123356926188 0.019211324570273 0.0788675429726997
"cuoMcc" 0.0586450960566229 0.0202224469160768 0.0738119312436805 0.0616784630940344 0.0242669362992922 0.00606673407482305 0 0.0394337714863498 0.051567239635996 0.0647118301314459 0.0202224469160768 0.0202224469160768 0.0616784630940344 0.0879676440849343 0.101112234580384 0.0212335692618807 0.076845298281092
"derCor" 0.0626895854398382 0.038422649140546 0.0616784630940344 0.0637007077856421 0.0333670374115268 0.0374115267947422 0.0394337714863498 0 0.0566228513650152 0.0667340748230536 0.0404448938321537 0.0293225480283114 0.0657229524772497 0.0910010111223458 0.0970677451971689 0.0313447927199191 0.0798786653185035
"derMaw" 0.070778564206269 0.0475227502527806 0.0869565217391304 0.0788675429726997 0.0414560161779575 0.0495449949443883 0.051567239635996 0.0566228513650152 0 0.0798786653185035 0.0535894843276036 0.0404448938321537 0.0798786653185035 0.103134479271992 0.115267947421638 0.0444893832153691 0.0950455005055612
"emySub" 0.0738119312436805 0.0637007077856421 0.0970677451971689 0.0920121334681496 0.0606673407482305 0.0647118301314459 0.0647118301314459 0.0667340748230536 0.0798786653185035 0 0.0647118301314459 0.0566228513650152 0.019211324570273 0.0647118301314459 0.106167846309403 0.0556117290192113 0.0546006066734075
"gopAga" 0.0626895854398382 0.0161779575328615 0.076845298281092 0.0647118301314459 0.0232558139534884 0.0161779575328615 0.0202224469160768 0.0404448938321537 0.0535894843276036 0.0647118301314459 0 0.019211324570273 0.0647118301314459 0.0859453993933266 0.1051567239636 0.0212335692618807 0.0798786653185035
"malTer" 0.051567239635996 0.0171890798786653 0.0677451971688574 0.0525783619817998 0.00404448938321537 0.0161779575328615 0.0202224469160768 0.0293225480283114 0.0404448938321537 0.0566228513650152 0.019211324570273 0 0.0535894843276036 0.0819009100101112 0.0940343781597573 0.01314459049545 0.0728008088978766
"mesTub" 0.0717896865520728 0.0606673407482305 0.096056622851365 0.0889787664307381 0.057633973710819 0.0616784630940344 0.0616784630940344 0.0657229524772497 0.0798786653185035 0.019211324570273 0.0647118301314459 0.0535894843276036 0 0.0626895854398382 0.107178968655207 0.0546006066734075 0.0535894843276036
"pelCas" 0.0910010111223458 0.0829120323559151 0.115267947421638 0.107178968655207 0.0859453993933266 0.0879676440849343 0.0879676440849343 0.0910010111223458 0.103134479271992 0.0647118301314459 0.0859453993933266 0.0819009100101112 0.0626895854398382 0 0.123356926188069 0.0819009100101112 0.0495449949443883
"pelSin" 0.0990899898887765 0.101112234580384 0.111223458038423 0.101112234580384 0.0980788675429727 0.102123356926188 0.101112234580384 0.0970677451971689 0.115267947421638 0.106167846309403 0.1051567239636 0.0940343781597573 0.107178968655207 0.123356926188069 0 0.0920121334681496 0.121334681496461
"plaMeg" 0.0525783619817998 0.0212335692618807 0.0677451971688574 0.0546006066734075 0.0171890798786653 0.019211324570273 0.0212335692618807 0.0313447927199191 0.0444893832153691 0.0556117290192113 0.0212335692618807 0.01314459049545 0.0546006066734075 0.0819009100101112 0.0920121334681496 0 0.070778564206269
"podExp" 0.0798786653185035 0.0758341759352882 0.109201213346815 0.103134479271992 0.076845298281092 0.0788675429726997 0.076845298281092 0.0798786653185035 0.0950455005055612 0.0546006066734075 0.0798786653185035 0.0728008088978766 0.0535894843276036 0.0495449949443883 0.121334681496461 0.070778564206269 0
