"carIns" "cheMyd" "chrPic" "emySub" "gopAga" "malTer" "mesTub" "pelCas" "pelSin" "plaMeg" "podExp"
"carIns" 0 0.111650485436893 0.124595469255663 0.098705501618123 0.122977346278317 0.131067961165049 0.110032362459547 0.127831715210356 0.110032362459547 0.111650485436893 0.129449838187702
"cheMyd" 0.111650485436893 0 0.0550161812297735 0.0566343042071197 0.0728155339805825 0.0566343042071197 0.058252427184466 0.0938511326860841 0.0970873786407767 0.0453074433656958 0.0970873786407767
"chrPic" 0.124595469255663 0.0550161812297735 0 0.0647249190938511 0.0566343042071197 0.0145631067961165 0.0550161812297735 0.103559870550162 0.110032362459547 0.029126213592233 0.105177993527508
"emySub" 0.098705501618123 0.0566343042071197 0.0647249190938511 0 0.0776699029126214 0.0728155339805825 0.0372168284789644 0.0841423948220065 0.101941747572816 0.0566343042071197 0.0792880258899676
"gopAga" 0.122977346278317 0.0728155339805825 0.0566343042071197 0.0776699029126214 0 0.0614886731391586 0.0792880258899676 0.114886731391586 0.114886731391586 0.0453074433656958 0.111650485436893
"malTer" 0.131067961165049 0.0566343042071197 0.0145631067961165 0.0728155339805825 0.0614886731391586 0 0.0614886731391586 0.100323624595469 0.106796116504854 0.0372168284789644 0.105177993527508
"mesTub" 0.110032362459547 0.058252427184466 0.0550161812297735 0.0372168284789644 0.0792880258899676 0.0614886731391586 0 0.0841423948220065 0.103559870550162 0.0501618122977346 0.0825242718446602
"pelCas" 0.127831715210356 0.0938511326860841 0.103559870550162 0.0841423948220065 0.114886731391586 0.100323624595469 0.0841423948220065 0 0.12621359223301 0.0954692556634304 0.0922330097087379
"pelSin" 0.110032362459547 0.0970873786407767 0.110032362459547 0.101941747572816 0.114886731391586 0.106796116504854 0.103559870550162 0.12621359223301 0 0.098705501618123 0.129449838187702
"plaMeg" 0.111650485436893 0.0453074433656958 0.029126213592233 0.0566343042071197 0.0453074433656958 0.0372168284789644 0.0501618122977346 0.0954692556634304 0.098705501618123 0 0.0970873786407767
"podExp" 0.129449838187702 0.0970873786407767 0.105177993527508 0.0792880258899676 0.111650485436893 0.105177993527508 0.0825242718446602 0.0922330097087379 0.129449838187702 0.0970873786407767 0
