"carIns" "cheAbi" "cheMyd" "cheSer" "chrPic" "cuoAmb" "derMaw" "emySub" "gopAga" "malTer" "mesTub" "pelCas" "pelSin" "podExp" "terMex"
"carIns" 0 0.0701468189233279 0.0603588907014682 0.0505709624796085 0.0636215334420881 0.068515497553018 0.127243066884176 0.068515497553018 0.0734094616639478 0.068515497553018 0.0734094616639478 0.0864600326264274 0.109298531810767 0.104404567699837 0.099510603588907
"cheAbi" 0.0701468189233279 0 0.0424143556280587 0.0358890701468189 0.0244698205546493 0.0195758564437194 0.099510603588907 0.0522022838499184 0.0146818923327896 0.0261011419249592 0.0522022838499184 0.0799347471451876 0.110929853181077 0.0978792822185971 0.0619902120717781
"cheMyd" 0.0603588907014682 0.0424143556280587 0 0.0228384991843393 0.0293637846655791 0.0358890701468189 0.0962479608482871 0.0456769983686786 0.0407830342577488 0.0293637846655791 0.0473083197389886 0.0717781402936378 0.102773246329527 0.0831973898858075 0.068515497553018
"cheSer" 0.0505709624796085 0.0358890701468189 0.0228384991843393 0 0.0228384991843393 0.0293637846655791 0.0848287112561175 0.0424143556280587 0.034257748776509 0.0277324632952692 0.0440456769983687 0.068515497553018 0.0913539967373573 0.0848287112561175 0.0619902120717781
"chrPic" 0.0636215334420881 0.0244698205546493 0.0293637846655791 0.0228384991843393 0 0.0146818923327896 0.0880913539967374 0.0424143556280587 0.0228384991843393 0.0114192495921697 0.0407830342577488 0.0717781402936378 0.101141924959217 0.0864600326264274 0.0440456769983687
"cuoAmb" 0.068515497553018 0.0195758564437194 0.0358890701468189 0.0293637846655791 0.0146818923327896 0 0.0929853181076672 0.0473083197389886 0.0179445350734095 0.0195758564437194 0.0456769983686786 0.0750407830342577 0.110929853181077 0.0880913539967374 0.0538336052202284
"derMaw" 0.127243066884176 0.099510603588907 0.0962479608482871 0.0848287112561175 0.0880913539967374 0.0929853181076672 0 0.109298531810767 0.0978792822185971 0.0946166394779772 0.112561174551387 0.125611745513866 0.137030995106036 0.140293637846656 0.0913539967373573
"emySub" 0.068515497553018 0.0522022838499184 0.0456769983686786 0.0424143556280587 0.0424143556280587 0.0473083197389886 0.109298531810767 0 0.0522022838499184 0.0473083197389886 0.0244698205546493 0.0554649265905383 0.104404567699837 0.0717781402936378 0.0766721044045677
"gopAga" 0.0734094616639478 0.0146818923327896 0.0407830342577488 0.034257748776509 0.0228384991843393 0.0179445350734095 0.0978792822185971 0.0522022838499184 0 0.0277324632952692 0.0505709624796085 0.0783034257748776 0.115823817292007 0.0913539967373573 0.0636215334420881
"malTer" 0.068515497553018 0.0261011419249592 0.0293637846655791 0.0277324632952692 0.0114192495921697 0.0195758564437194 0.0946166394779772 0.0473083197389886 0.0277324632952692 0 0.0456769983686786 0.0766721044045677 0.109298531810767 0.0864600326264274 0.0522022838499184
"mesTub" 0.0734094616639478 0.0522022838499184 0.0473083197389886 0.0440456769983687 0.0407830342577488 0.0456769983686786 0.112561174551387 0.0244698205546493 0.0505709624796085 0.0456769983686786 0 0.0636215334420881 0.114192495921697 0.0815660685154976 0.0766721044045677
"pelCas" 0.0864600326264274 0.0799347471451876 0.0717781402936378 0.068515497553018 0.0717781402936378 0.0750407830342577 0.125611745513866 0.0554649265905383 0.0783034257748776 0.0766721044045677 0.0636215334420881 0 0.115823817292007 0.0570962479608483 0.106035889070147
"pelSin" 0.109298531810767 0.110929853181077 0.102773246329527 0.0913539967373573 0.101141924959217 0.110929853181077 0.137030995106036 0.104404567699837 0.115823817292007 0.109298531810767 0.114192495921697 0.115823817292007 0 0.133768352365416 0.119086460032626
"podExp" 0.104404567699837 0.0978792822185971 0.0831973898858075 0.0848287112561175 0.0864600326264274 0.0880913539967374 0.140293637846656 0.0717781402936378 0.0913539967373573 0.0864600326264274 0.0815660685154976 0.0570962479608483 0.133768352365416 0 0.119086460032626
"terMex" 0.099510603588907 0.0619902120717781 0.068515497553018 0.0619902120717781 0.0440456769983687 0.0538336052202284 0.0913539967373573 0.0766721044045677 0.0636215334420881 0.0522022838499184 0.0766721044045677 0.106035889070147 0.119086460032626 0.119086460032626 0
