"carIns" "cheAbi" "cheMyd" "cheSer" "chrPic" "cuoAmb" "cuoMcc" "derCor" "derMaw" "emySub" "gopAga" "malTer" "mesTub" "pelCas" "pelSin" "plaMeg" "podExp"
"carIns" 0 0.0776361529548088 0.06720741599073 0.0509849362688297 0.0533024333719583 0.164542294322132 0.0533024333719583 0.258400926998841 0.0625724217844728 0.0590961761297798 0.0544611819235226 0.0544611819235226 0.0776361529548088 0.082271147161066 0.0718424101969873 0.0544611819235226 0.0695249130938586
"cheAbi" 0.0776361529548088 0 0.0753186558516802 0.0544611819235226 0.0463499420625724 0.158748551564311 0.0359212050984936 0.273464658169177 0.0660486674391657 0.0648899188876014 0.0301274623406721 0.0463499420625724 0.082271147161066 0.0926998841251448 0.0892236384704519 0.0440324449594438 0.082271147161066
"cheMyd" 0.06720741599073 0.0753186558516802 0 0.0359212050984936 0.0405561993047509 0.152954808806489 0.048667439165701 0.242178447276941 0.048667439165701 0.0556199304750869 0.0475086906141367 0.0417149478563152 0.0614136732329085 0.0741599073001159 0.0741599073001159 0.0382387022016222 0.0776361529548088
"cheSer" 0.0509849362688297 0.0544611819235226 0.0359212050984936 0 0.018539976825029 0.144843568945539 0.0231749710312862 0.235225955967555 0.0243337195828505 0.0393974507531866 0.0254924681344148 0.0196987253765933 0.0533024333719583 0.0660486674391657 0.0614136732329085 0.018539976825029 0.0602549246813441
"chrPic" 0.0533024333719583 0.0463499420625724 0.0405561993047509 0.018539976825029 0 0.140208574739282 0.0173812282734647 0.243337195828505 0.0289687137891078 0.0347624565469293 0.0162224797219003 0.00347624565469293 0.0544611819235226 0.0637311703360371 0.0660486674391657 0.00926998841251448 0.0556199304750869
"cuoAmb" 0.164542294322132 0.158748551564311 0.152954808806489 0.144843568945539 0.140208574739282 0 0.125144843568946 0.279258400926999 0.152954808806489 0.158748551564311 0.130938586326767 0.139049826187717 0.159907300115875 0.165701042873696 0.158748551564311 0.140208574739282 0.173812282734647
"cuoMcc" 0.0533024333719583 0.0359212050984936 0.048667439165701 0.0231749710312862 0.0173812282734647 0.125144843568946 0 0.24449594438007 0.0347624565469293 0.0428736964078795 0.0104287369640788 0.018539976825029 0.0556199304750869 0.0695249130938586 0.0625724217844728 0.0173812282734647 0.0614136732329085
"derCor" 0.258400926998841 0.273464658169177 0.242178447276941 0.235225955967555 0.243337195828505 0.279258400926999 0.24449594438007 0 0.241019698725377 0.256083429895713 0.247972190034762 0.243337195828505 0.254924681344148 0.263035921205098 0.257242178447277 0.242178447276941 0.263035921205098
"derMaw" 0.0625724217844728 0.0660486674391657 0.048667439165701 0.0243337195828505 0.0289687137891078 0.152954808806489 0.0347624565469293 0.241019698725377 0 0.0451911935110081 0.0359212050984936 0.0301274623406721 0.0602549246813441 0.0730011587485516 0.0718424101969873 0.0312862108922364 0.0614136732329085
"emySub" 0.0590961761297798 0.0648899188876014 0.0556199304750869 0.0393974507531866 0.0347624565469293 0.158748551564311 0.0428736964078795 0.256083429895713 0.0451911935110081 0 0.0370799536500579 0.0359212050984936 0.0405561993047509 0.0533024333719583 0.0741599073001159 0.0347624565469293 0.0498261877172654
"gopAga" 0.0544611819235226 0.0301274623406721 0.0475086906141367 0.0254924681344148 0.0162224797219003 0.130938586326767 0.0104287369640788 0.247972190034762 0.0359212050984936 0.0370799536500579 0 0.0173812282734647 0.0567786790266512 0.0660486674391657 0.0683661645422943 0.0139049826187717 0.0602549246813441
"malTer" 0.0544611819235226 0.0463499420625724 0.0417149478563152 0.0196987253765933 0.00347624565469293 0.139049826187717 0.018539976825029 0.243337195828505 0.0301274623406721 0.0359212050984936 0.0173812282734647 0 0.0556199304750869 0.0648899188876014 0.06720741599073 0.0104287369640788 0.0567786790266512
"mesTub" 0.0776361529548088 0.082271147161066 0.0614136732329085 0.0533024333719583 0.0544611819235226 0.159907300115875 0.0556199304750869 0.254924681344148 0.0602549246813441 0.0405561993047509 0.0567786790266512 0.0556199304750869 0 0.0602549246813441 0.0695249130938586 0.0544611819235226 0.0683661645422943
"pelCas" 0.082271147161066 0.0926998841251448 0.0741599073001159 0.0660486674391657 0.0637311703360371 0.165701042873696 0.0695249130938586 0.263035921205098 0.0730011587485516 0.0533024333719583 0.0660486674391657 0.0648899188876014 0.0602549246813441 0 0.0811123986095017 0.0637311703360371 0.0637311703360371
"pelSin" 0.0718424101969873 0.0892236384704519 0.0741599073001159 0.0614136732329085 0.0660486674391657 0.158748551564311 0.0625724217844728 0.257242178447277 0.0718424101969873 0.0741599073001159 0.0683661645422943 0.06720741599073 0.0695249130938586 0.0811123986095017 0 0.0660486674391657 0.082271147161066
"plaMeg" 0.0544611819235226 0.0440324449594438 0.0382387022016222 0.018539976825029 0.00926998841251448 0.140208574739282 0.0173812282734647 0.242178447276941 0.0312862108922364 0.0347624565469293 0.0139049826187717 0.0104287369640788 0.0544611819235226 0.0637311703360371 0.0660486674391657 0 0.0579374275782155
"podExp" 0.0695249130938586 0.082271147161066 0.0776361529548088 0.0602549246813441 0.0556199304750869 0.173812282734647 0.0614136732329085 0.263035921205098 0.0614136732329085 0.0498261877172654 0.0602549246813441 0.0567786790266512 0.0683661645422943 0.0637311703360371 0.082271147161066 0.0579374275782155 0
