"carIns" "cheAbi" "cheMyd" "cheSer" "chrPic" "cuoAmb" "cuoMcc" "derCor" "derMaw" "emySub" "gopAga" "malTer" "mesTub" "pelCas" "pelSin" "plaMeg" "podExp" "terMex"
"carIns" 0 0.0618324901630129 0.0449690837549185 0.0770095559302979 0.044406970207982 0.044406970207982 0.043282743114109 0.043282743114109 0.044406970207982 0.0472175379426644 0.0472175379426644 0.0562113546936481 0.0539629005059022 0.059584035975267 0.0534007869589657 0.044406970207982 0.106239460370995 0.0449690837549185
"cheAbi" 0.0618324901630129 0 0.0359752670039348 0.0691399662731872 0.0309162450815065 0.0252951096121417 0.0252951096121417 0.0348510399100618 0.0399100618324902 0.0517144463181563 0.0247329960652052 0.0427206295671726 0.0534007869589657 0.0674536256323777 0.0708263069139966 0.0297920179876335 0.11017425519955 0.03035413153457
"cheMyd" 0.0449690837549185 0.0359752670039348 0 0.0517144463181563 0.0179876335019674 0.0179876335019674 0.0179876335019674 0.00843170320404722 0.0224845418774592 0.0342889263631254 0.0196739741427768 0.0297920179876335 0.0399100618324902 0.0483417650365374 0.0517144463181563 0.0168634064080944 0.0938729623383924 0.016301292861158
"cheSer" 0.0770095559302979 0.0691399662731872 0.0517144463181563 0 0.0517144463181563 0.0500281056773468 0.0494659921304103 0.0522765598650927 0.0505902192242833 0.0646430578976953 0.0505902192242833 0.0629567172568859 0.0668915120854413 0.0792580101180438 0.0820685778527263 0.0477796514896009 0.124789207419899 0.0483417650365374
"chrPic" 0.044406970207982 0.0309162450815065 0.0179876335019674 0.0517144463181563 0 0.0118043844856661 0.0118043844856661 0.0179876335019674 0.0219224283305228 0.0348510399100618 0.0134907251264755 0.0157391793142215 0.0382237211916807 0.0511523327712198 0.0534007869589657 0.0106801573917931 0.0944350758853288 0.00674536256323777
"cuoAmb" 0.044406970207982 0.0252951096121417 0.0179876335019674 0.0500281056773468 0.0118043844856661 0 0.00112422709387296 0.016301292861158 0.0202360876897133 0.0331646992692524 0.00730747611017426 0.0230466554243957 0.0359752670039348 0.0477796514896009 0.0522765598650927 0.0101180438448567 0.0921866216975829 0.0106801573917931
"cuoMcc" 0.043282743114109 0.0252951096121417 0.0179876335019674 0.0494659921304103 0.0118043844856661 0.00112422709387296 0 0.016301292861158 0.0196739741427768 0.0331646992692524 0.00730747611017426 0.0230466554243957 0.0359752670039348 0.0489038785834739 0.0517144463181563 0.0101180438448567 0.0933108487914559 0.0106801573917931
"derCor" 0.043282743114109 0.0348510399100618 0.00843170320404722 0.0522765598650927 0.0179876335019674 0.016301292861158 0.016301292861158 0 0.0219224283305228 0.0326025857223159 0.0179876335019674 0.029229904440697 0.0393479482855537 0.0477796514896009 0.0534007869589657 0.016301292861158 0.09106239460371 0.0168634064080944
"derMaw" 0.044406970207982 0.0399100618324902 0.0224845418774592 0.0505902192242833 0.0219224283305228 0.0202360876897133 0.0196739741427768 0.0219224283305228 0 0.0354131534569983 0.0207982012366498 0.0320404721753794 0.0387858347386172 0.0505902192242833 0.0517144463181563 0.0191118605958404 0.0938729623383924 0.0185497470489039
"emySub" 0.0472175379426644 0.0517144463181563 0.0342889263631254 0.0646430578976953 0.0348510399100618 0.0331646992692524 0.0331646992692524 0.0326025857223159 0.0354131534569983 0 0.0326025857223159 0.0460933108487915 0.0230466554243957 0.0337268128161889 0.0545250140528387 0.0331646992692524 0.0826306913996627 0.0326025857223159
"gopAga" 0.0472175379426644 0.0247329960652052 0.0196739741427768 0.0505902192242833 0.0134907251264755 0.00730747611017426 0.00730747611017426 0.0179876335019674 0.0207982012366498 0.0326025857223159 0 0.0247329960652052 0.0359752670039348 0.0489038785834739 0.0550871275997752 0.0118043844856661 0.0938729623383924 0.0112422709387296
"malTer" 0.0562113546936481 0.0427206295671726 0.0297920179876335 0.0629567172568859 0.0157391793142215 0.0230466554243957 0.0230466554243957 0.029229904440697 0.0320404721753794 0.0460933108487915 0.0247329960652052 0 0.0494659921304103 0.0623946037099494 0.0635188308038224 0.0219224283305228 0.0989319842608207 0.0179876335019674
"mesTub" 0.0539629005059022 0.0534007869589657 0.0399100618324902 0.0668915120854413 0.0382237211916807 0.0359752670039348 0.0359752670039348 0.0393479482855537 0.0387858347386172 0.0230466554243957 0.0359752670039348 0.0494659921304103 0 0.0438448566610455 0.059584035975267 0.0354131534569983 0.088813940415964 0.0348510399100618
"pelCas" 0.059584035975267 0.0674536256323777 0.0483417650365374 0.0792580101180438 0.0511523327712198 0.0477796514896009 0.0489038785834739 0.0477796514896009 0.0505902192242833 0.0337268128161889 0.0489038785834739 0.0623946037099494 0.0438448566610455 0 0.0674536256323777 0.0483417650365374 0.0831928049465992 0.0489038785834739
"pelSin" 0.0534007869589657 0.0708263069139966 0.0517144463181563 0.0820685778527263 0.0534007869589657 0.0522765598650927 0.0517144463181563 0.0534007869589657 0.0517144463181563 0.0545250140528387 0.0550871275997752 0.0635188308038224 0.059584035975267 0.0674536256323777 0 0.0511523327712198 0.110736368746487 0.0517144463181563
"plaMeg" 0.044406970207982 0.0297920179876335 0.0168634064080944 0.0477796514896009 0.0106801573917931 0.0101180438448567 0.0101180438448567 0.016301292861158 0.0191118605958404 0.0331646992692524 0.0118043844856661 0.0219224283305228 0.0354131534569983 0.0483417650365374 0.0511523327712198 0 0.0921866216975829 0.00955593029792018
"podExp" 0.106239460370995 0.11017425519955 0.0938729623383924 0.124789207419899 0.0944350758853288 0.0921866216975829 0.0933108487914559 0.09106239460371 0.0938729623383924 0.0826306913996627 0.0938729623383924 0.0989319842608207 0.088813940415964 0.0831928049465992 0.110736368746487 0.0921866216975829 0 0.0933108487914559
"terMex" 0.0449690837549185 0.03035413153457 0.016301292861158 0.0483417650365374 0.00674536256323777 0.0106801573917931 0.0106801573917931 0.0168634064080944 0.0185497470489039 0.0326025857223159 0.0112422709387296 0.0179876335019674 0.0348510399100618 0.0489038785834739 0.0517144463181563 0.00955593029792018 0.0933108487914559 0
