"carIns" "cheAbi" "cheMyd" "cheSer" "chrPic" "cuoAmb" "cuoMcc" "derCor" "derMaw" "gopAga" "malTer" "mesTub" "pelCas" "pelSin" "plaMeg" "podExp" "terMex"
"carIns" 0 0.055045871559633 0.0542813455657492 0.0542813455657492 0.0573394495412844 0.0527522935779817 0.055045871559633 0.0848623853211009 0.0619266055045872 0.058868501529052 0.0542813455657492 0.0764525993883792 0.0749235474006116 0.109327217125382 0.0496941896024465 0.0787461773700306 0.0519877675840979
"cheAbi" 0.055045871559633 0 0.02217125382263 0.0198776758409786 0.0229357798165138 0.0107033639143731 0.0091743119266055 0.0565749235474006 0.0275229357798165 0.0099388379204893 0.0198776758409786 0.0474006116207951 0.0535168195718654 0.0948012232415902 0.0152905198776758 0.0596330275229358 0.0191131498470948
"cheMyd" 0.0542813455657492 0.02217125382263 0 0.0129969418960245 0.0244648318042813 0.02217125382263 0.0206422018348624 0.0443425076452599 0.0252293577981651 0.0275229357798165 0.0214067278287462 0.0451070336391437 0.0512232415902141 0.095565749235474 0.0152905198776758 0.0558103975535168 0.0198776758409786
"cheSer" 0.0542813455657492 0.0198776758409786 0.0129969418960245 0 0.0229357798165138 0.0198776758409786 0.018348623853211 0.0489296636085627 0.0229357798165138 0.0244648318042813 0.0198776758409786 0.0428134556574924 0.0504587155963303 0.0948012232415902 0.0129969418960245 0.0558103975535168 0.0175840978593272
"chrPic" 0.0573394495412844 0.0229357798165138 0.0244648318042813 0.0229357798165138 0 0.0214067278287462 0.0214067278287462 0.0581039755351682 0.0313455657492355 0.0267584097859327 0.00535168195718654 0.0474006116207951 0.0573394495412844 0.0963302752293578 0.0160550458715596 0.0596330275229358 0.0107033639143731
"cuoAmb" 0.0527522935779817 0.0107033639143731 0.02217125382263 0.0198776758409786 0.0214067278287462 0 0.00611620795107034 0.055045871559633 0.0275229357798165 0.014525993883792 0.018348623853211 0.0474006116207951 0.0565749235474006 0.0970948012232416 0.0152905198776758 0.0603975535168196 0.0175840978593272
"cuoMcc" 0.055045871559633 0.0091743119266055 0.0206422018348624 0.018348623853211 0.0214067278287462 0.00611620795107034 0 0.0535168195718654 0.0259938837920489 0.0129969418960245 0.018348623853211 0.0458715596330275 0.055045871559633 0.095565749235474 0.0152905198776758 0.058868501529052 0.0175840978593272
"derCor" 0.0848623853211009 0.0565749235474006 0.0443425076452599 0.0489296636085627 0.0581039755351682 0.055045871559633 0.0535168195718654 0 0.0573394495412844 0.058868501529052 0.055045871559633 0.0802752293577982 0.0833333333333333 0.127675840978593 0.0504587155963303 0.0863914373088685 0.055045871559633
"derMaw" 0.0619266055045872 0.0275229357798165 0.0252293577981651 0.0229357798165138 0.0313455657492355 0.0275229357798165 0.0259938837920489 0.0573394495412844 0 0.0321100917431193 0.0282874617737003 0.0496941896024465 0.0565749235474006 0.0963302752293578 0.0237003058103976 0.0603975535168196 0.0282874617737003
"gopAga" 0.058868501529052 0.0099388379204893 0.0275229357798165 0.0244648318042813 0.0267584097859327 0.014525993883792 0.0129969418960245 0.058868501529052 0.0321100917431193 0 0.0237003058103976 0.0504587155963303 0.0581039755351682 0.099388379204893 0.0206422018348624 0.0634556574923547 0.0229357798165138
"malTer" 0.0542813455657492 0.0198776758409786 0.0214067278287462 0.0198776758409786 0.00535168195718654 0.018348623853211 0.018348623853211 0.055045871559633 0.0282874617737003 0.0237003058103976 0 0.0443425076452599 0.0542813455657492 0.0932721712538226 0.0129969418960245 0.0573394495412844 0.00688073394495413
"mesTub" 0.0764525993883792 0.0474006116207951 0.0451070336391437 0.0428134556574924 0.0474006116207951 0.0474006116207951 0.0458715596330275 0.0802752293577982 0.0496941896024465 0.0504587155963303 0.0443425076452599 0 0.0489296636085627 0.114678899082569 0.0420489296636086 0.0474006116207951 0.0451070336391437
"pelCas" 0.0749235474006116 0.0535168195718654 0.0512232415902141 0.0504587155963303 0.0573394495412844 0.0565749235474006 0.055045871559633 0.0833333333333333 0.0565749235474006 0.0581039755351682 0.0542813455657492 0.0489296636085627 0 0.11697247706422 0.0504587155963303 0.0397553516819572 0.0542813455657492
"pelSin" 0.109327217125382 0.0948012232415902 0.095565749235474 0.0948012232415902 0.0963302752293578 0.0970948012232416 0.095565749235474 0.127675840978593 0.0963302752293578 0.099388379204893 0.0932721712538226 0.114678899082569 0.11697247706422 0 0.091743119266055 0.120030581039755 0.095565749235474
"plaMeg" 0.0496941896024465 0.0152905198776758 0.0152905198776758 0.0129969418960245 0.0160550458715596 0.0152905198776758 0.0152905198776758 0.0504587155963303 0.0237003058103976 0.0206422018348624 0.0129969418960245 0.0420489296636086 0.0504587155963303 0.091743119266055 0 0.0542813455657492 0.014525993883792
"podExp" 0.0787461773700306 0.0596330275229358 0.0558103975535168 0.0558103975535168 0.0596330275229358 0.0603975535168196 0.058868501529052 0.0863914373088685 0.0603975535168196 0.0634556574923547 0.0573394495412844 0.0474006116207951 0.0397553516819572 0.120030581039755 0.0542813455657492 0 0.0565749235474006
"terMex" 0.0519877675840979 0.0191131498470948 0.0198776758409786 0.0175840978593272 0.0107033639143731 0.0175840978593272 0.0175840978593272 0.055045871559633 0.0282874617737003 0.0229357798165138 0.00688073394495413 0.0451070336391437 0.0542813455657492 0.095565749235474 0.014525993883792 0.0565749235474006 0
