"carIns" "cheAbi" "cheMyd" "cheSer" "chrPic" "cuoAmb" "cuoMcc" "derMaw" "emySub" "gopAga" "malTer" "mesTub" "pelCas" "plaMeg" "podExp" "terMex"
"carIns" 0 0.0821917808219178 0.0772994129158513 0.0724070450097847 0.0684931506849315 0.0782778864970646 0.0743639921722113 0.0939334637964775 0.0831702544031311 0.117416829745597 0.0714285714285714 0.0978473581213307 0.140900195694716 0.0694716242661448 0.113502935420744 0.0684931506849315
"cheAbi" 0.0821917808219178 0 0.050880626223092 0.0450097847358121 0.0322896281800391 0.0332681017612524 0.0283757338551859 0.060665362035225 0.063600782778865 0.060665362035225 0.0371819960861057 0.0812133072407045 0.129158512720157 0.0313111545988258 0.103718199608611 0.0332681017612524
"cheMyd" 0.0772994129158513 0.050880626223092 0 0.0293542074363992 0.0293542074363992 0.0391389432485323 0.0342465753424658 0.0528375733855186 0.0547945205479452 0.0802348336594912 0.0332681017612524 0.0684931506849315 0.11545988258317 0.0313111545988258 0.089041095890411 0.0313111545988258
"cheSer" 0.0724070450097847 0.0450097847358121 0.0293542074363992 0 0.0225048923679061 0.0352250489236791 0.0322896281800391 0.0459882583170254 0.0547945205479452 0.0782778864970646 0.0273972602739726 0.0665362035225049 0.114481409001957 0.0234833659491194 0.086105675146771 0.025440313111546
"chrPic" 0.0684931506849315 0.0322896281800391 0.0293542074363992 0.0225048923679061 0 0.0244618395303327 0.0195694716242661 0.0440313111545988 0.0489236790606654 0.0675146771037182 0.00587084148727984 0.0626223091976517 0.11252446183953 0.0107632093933464 0.0880626223091976 0.00587084148727984
"cuoAmb" 0.0782778864970646 0.0332681017612524 0.0391389432485323 0.0352250489236791 0.0244618395303327 0 0.00880626223091976 0.0577299412915851 0.0557729941291585 0.0655577299412916 0.0293542074363992 0.073385518590998 0.11839530332681 0.0244618395303327 0.0919765166340509 0.025440313111546
"cuoMcc" 0.0743639921722113 0.0283757338551859 0.0342465753424658 0.0322896281800391 0.0195694716242661 0.00880626223091976 0 0.0538160469667319 0.050880626223092 0.060665362035225 0.0244618395303327 0.0684931506849315 0.11545988258317 0.0195694716242661 0.089041095890411 0.0205479452054795
"derMaw" 0.0939334637964775 0.060665362035225 0.0528375733855186 0.0459882583170254 0.0440313111545988 0.0577299412915851 0.0538160469667319 0 0.0665362035225049 0.0939334637964775 0.047945205479452 0.0812133072407045 0.129158512720157 0.0469667318982387 0.10665362035225 0.0450097847358121
"emySub" 0.0831702544031311 0.063600782778865 0.0547945205479452 0.0547945205479452 0.0489236790606654 0.0557729941291585 0.050880626223092 0.0665362035225049 0 0.0949119373776908 0.0538160469667319 0.0362035225048924 0.0939334637964775 0.0518590998043053 0.0694716242661448 0.0499021526418787
"gopAga" 0.117416829745597 0.060665362035225 0.0802348336594912 0.0782778864970646 0.0675146771037182 0.0655577299412916 0.060665362035225 0.0939334637964775 0.0949119373776908 0 0.0714285714285714 0.11252446183953 0.152641878669276 0.0665362035225049 0.129158512720157 0.0684931506849315
"malTer" 0.0714285714285714 0.0371819960861057 0.0332681017612524 0.0273972602739726 0.00587084148727984 0.0293542074363992 0.0244618395303327 0.047945205479452 0.0538160469667319 0.0714285714285714 0 0.0675146771037182 0.11545988258317 0.0166340508806262 0.0909980430528376 0.00978473581213307
"mesTub" 0.0978473581213307 0.0812133072407045 0.0684931506849315 0.0665362035225049 0.0626223091976517 0.073385518590998 0.0684931506849315 0.0812133072407045 0.0362035225048924 0.11252446183953 0.0675146771037182 0 0.10958904109589 0.0655577299412916 0.0870841487279843 0.063600782778865
"pelCas" 0.140900195694716 0.129158512720157 0.11545988258317 0.114481409001957 0.11252446183953 0.11839530332681 0.11545988258317 0.129158512720157 0.0939334637964775 0.152641878669276 0.11545988258317 0.10958904109589 0 0.113502935420744 0.0968688845401174 0.113502935420744
"plaMeg" 0.0694716242661448 0.0313111545988258 0.0313111545988258 0.0234833659491194 0.0107632093933464 0.0244618395303327 0.0195694716242661 0.0469667318982387 0.0518590998043053 0.0665362035225049 0.0166340508806262 0.0655577299412916 0.113502935420744 0 0.0851272015655577 0.012720156555773
"podExp" 0.113502935420744 0.103718199608611 0.089041095890411 0.086105675146771 0.0880626223091976 0.0919765166340509 0.089041095890411 0.10665362035225 0.0694716242661448 0.129158512720157 0.0909980430528376 0.0870841487279843 0.0968688845401174 0.0851272015655577 0 0.089041095890411
"terMex" 0.0684931506849315 0.0332681017612524 0.0313111545988258 0.025440313111546 0.00587084148727984 0.025440313111546 0.0205479452054795 0.0450097847358121 0.0499021526418787 0.0684931506849315 0.00978473581213307 0.063600782778865 0.113502935420744 0.012720156555773 0.089041095890411 0
