"carIns" "cheAbi" "cheMyd" "cheSer" "chrPic" "cuoAmb" "cuoMcc" "derCor" "derMaw" "emySub" "gopAga" "malTer" "mesTub" "pelCas" "plaMeg" "podExp" "terMex"
"carIns" 0 0.139979859013092 0.128902316213494 0.129909365558912 0.126888217522659 0.124874118831823 0.127895266868077 0.124874118831823 0.141993957703928 0.147029204431017 0.129909365558912 0.226586102719033 0.147029204431017 0.170191339375629 0.123867069486405 0.170191339375629 0.128902316213494
"cheAbi" 0.139979859013092 0 0.0725075528700906 0.0845921450151057 0.0513595166163142 0.040281973816717 0.0332326283987915 0.0704934541792548 0.0986908358509567 0.128902316213494 0.0392749244712991 0.170191339375629 0.132930513595166 0.141993957703928 0.0574018126888218 0.133937562940584 0.0574018126888218
"cheMyd" 0.128902316213494 0.0725075528700906 0 0.0584088620342397 0.0473313192346425 0.0604229607250755 0.0574018126888218 0.0362537764350453 0.0715005035246727 0.107754279959718 0.0624370594159114 0.175226586102719 0.110775427995972 0.124874118831823 0.0513595166163142 0.13595166163142 0.0513595166163142
"cheSer" 0.129909365558912 0.0845921450151057 0.0584088620342397 0 0.0614300100704935 0.0715005035246727 0.0684793554884189 0.0644511581067472 0.0694864048338369 0.110775427995972 0.0795568982880161 0.191339375629406 0.112789526686808 0.13595166163142 0.0614300100704935 0.127895266868077 0.0664652567975831
"chrPic" 0.126888217522659 0.0513595166163142 0.0473313192346425 0.0614300100704935 0 0.0362537764350453 0.0362537764350453 0.0422960725075529 0.0725075528700906 0.105740181268882 0.0453172205438066 0.145015105740181 0.108761329305136 0.123867069486405 0.0251762336354481 0.117824773413897 0.0161127895266868
"cuoAmb" 0.124874118831823 0.040281973816717 0.0604229607250755 0.0715005035246727 0.0362537764350453 0 0.013091641490433 0.0594159113796576 0.081570996978852 0.107754279959718 0.0362537764350453 0.16012084592145 0.115810674723061 0.129909365558912 0.0453172205438066 0.117824773413897 0.0422960725075529
"cuoMcc" 0.127895266868077 0.0332326283987915 0.0574018126888218 0.0684793554884189 0.0362537764350453 0.013091641490433 0 0.0563947633434038 0.080563947633434 0.1067472306143 0.0292044310171198 0.16012084592145 0.115810674723061 0.125881168177241 0.0412890231621349 0.116817724068479 0.0443101711983887
"derCor" 0.124874118831823 0.0704934541792548 0.0362537764350453 0.0644511581067472 0.0422960725075529 0.0594159113796576 0.0563947633434038 0 0.0735146022155086 0.114803625377644 0.0604229607250755 0.172205438066465 0.107754279959718 0.124874118831823 0.0473313192346425 0.127895266868077 0.0463242698892246
"derMaw" 0.141993957703928 0.0986908358509567 0.0715005035246727 0.0694864048338369 0.0725075528700906 0.081570996978852 0.080563947633434 0.0735146022155086 0 0.127895266868077 0.0866062437059416 0.191339375629406 0.122860020140987 0.148036253776435 0.0765357502517623 0.145015105740181 0.0755287009063444
"emySub" 0.147029204431017 0.128902316213494 0.107754279959718 0.110775427995972 0.105740181268882 0.107754279959718 0.1067472306143 0.114803625377644 0.127895266868077 0 0.115810674723061 0.214501510574018 0.080563947633434 0.124874118831823 0.109768378650554 0.128902316213494 0.11178247734139
"gopAga" 0.129909365558912 0.0392749244712991 0.0624370594159114 0.0795568982880161 0.0453172205438066 0.0362537764350453 0.0292044310171198 0.0604229607250755 0.0866062437059416 0.115810674723061 0 0.172205438066465 0.123867069486405 0.13091641490433 0.0493454179254783 0.125881168177241 0.0513595166163142
"malTer" 0.226586102719033 0.170191339375629 0.175226586102719 0.191339375629406 0.145015105740181 0.16012084592145 0.16012084592145 0.172205438066465 0.191339375629406 0.214501510574018 0.172205438066465 0 0.223564954682779 0.238670694864048 0.156092648539778 0.230614300100705 0.153071500503525
"mesTub" 0.147029204431017 0.132930513595166 0.110775427995972 0.112789526686808 0.108761329305136 0.115810674723061 0.115810674723061 0.107754279959718 0.122860020140987 0.080563947633434 0.123867069486405 0.223564954682779 0 0.120845921450151 0.11178247734139 0.116817724068479 0.112789526686808
"pelCas" 0.170191339375629 0.141993957703928 0.124874118831823 0.13595166163142 0.123867069486405 0.129909365558912 0.125881168177241 0.124874118831823 0.148036253776435 0.124874118831823 0.13091641490433 0.238670694864048 0.120845921450151 0 0.125881168177241 0.0926485397784491 0.125881168177241
"plaMeg" 0.123867069486405 0.0574018126888218 0.0513595166163142 0.0614300100704935 0.0251762336354481 0.0453172205438066 0.0412890231621349 0.0473313192346425 0.0765357502517623 0.109768378650554 0.0493454179254783 0.156092648539778 0.11178247734139 0.125881168177241 0 0.123867069486405 0.0302114803625378
"podExp" 0.170191339375629 0.133937562940584 0.13595166163142 0.127895266868077 0.117824773413897 0.117824773413897 0.116817724068479 0.127895266868077 0.145015105740181 0.128902316213494 0.125881168177241 0.230614300100705 0.116817724068479 0.0926485397784491 0.123867069486405 0 0.120845921450151
"terMex" 0.128902316213494 0.0574018126888218 0.0513595166163142 0.0664652567975831 0.0161127895266868 0.0422960725075529 0.0443101711983887 0.0463242698892246 0.0755287009063444 0.11178247734139 0.0513595166163142 0.153071500503525 0.112789526686808 0.125881168177241 0.0302114803625378 0.120845921450151 0
