"carIns" "cheAbi" "cheMyd" "cheSer" "chrPic" "cuoAmb" "cuoMcc" "derCor" "derMaw" "emySub" "gopAga" "malTer" "mesTub" "pelCas" "pelSin" "plaMeg" "podExp" "terMex"
"carIns" 0 0.0631229235880399 0.0520487264673311 0.0476190476190476 0.0642303433001107 0.0653377630121816 0.062015503875969 0.0675526024363234 0.062015503875969 0.0598006644518272 0.0609080841638981 0.178294573643411 0.0642303433001107 0.0808416389811739 0.0664451827242525 0.0520487264673311 0.0852713178294574 0.0564784053156146
"cheAbi" 0.0631229235880399 0 0.0343300110741971 0.0310077519379845 0.035437430786268 0.0155038759689922 0.0121816168327796 0.0465116279069767 0.0420819490586932 0.0520487264673311 0.0132890365448505 0.156146179401993 0.0609080841638981 0.0764119601328904 0.062015503875969 0.0254706533776301 0.070874861572536 0.0276854928017719
"cheMyd" 0.0520487264673311 0.0343300110741971 0 0.0188261351052049 0.0343300110741971 0.035437430786268 0.0321151716500554 0.026578073089701 0.0321151716500554 0.0409745293466224 0.0310077519379845 0.158361018826135 0.0454042081949059 0.0653377630121816 0.0520487264673311 0.0221483942414175 0.062015503875969 0.026578073089701
"cheSer" 0.0476190476190476 0.0310077519379845 0.0188261351052049 0 0.0332225913621262 0.0321151716500554 0.0287929125138427 0.0310077519379845 0.026578073089701 0.035437430786268 0.0276854928017719 0.152823920265781 0.044296788482835 0.062015503875969 0.0498338870431894 0.0210409745293466 0.062015503875969 0.0243632336655592
"chrPic" 0.0642303433001107 0.035437430786268 0.0343300110741971 0.0332225913621262 0 0.0365448504983389 0.0332225913621262 0.0509413067552602 0.044296788482835 0.0520487264673311 0.0321151716500554 0.137320044296788 0.0575858250276855 0.0741971207087486 0.0609080841638981 0.0254706533776301 0.0719822812846069 0.0166112956810631
"cuoAmb" 0.0653377630121816 0.0155038759689922 0.035437430786268 0.0321151716500554 0.0365448504983389 0 0.00332225913621262 0.0454042081949059 0.0420819490586932 0.0509413067552602 0.0132890365448505 0.152823920265781 0.062015503875969 0.0764119601328904 0.0598006644518272 0.0232558139534884 0.070874861572536 0.0287929125138427
"cuoMcc" 0.062015503875969 0.0121816168327796 0.0321151716500554 0.0287929125138427 0.0332225913621262 0.00332225913621262 0 0.044296788482835 0.0398671096345515 0.0498338870431894 0.00996677740863787 0.153931339977852 0.0586932447397564 0.0741971207087486 0.0609080841638981 0.0232558139534884 0.0686600221483942 0.0254706533776301
"derCor" 0.0675526024363234 0.0465116279069767 0.026578073089701 0.0310077519379845 0.0509413067552602 0.0454042081949059 0.044296788482835 0 0.0465116279069767 0.053156146179402 0.0420819490586932 0.168327796234773 0.062015503875969 0.0741971207087486 0.0675526024363234 0.0376522702104097 0.0719822812846069 0.0431893687707641
"derMaw" 0.062015503875969 0.0420819490586932 0.0321151716500554 0.026578073089701 0.044296788482835 0.0420819490586932 0.0398671096345515 0.0465116279069767 0 0.0487264673311185 0.0387596899224806 0.156146179401993 0.0575858250276855 0.0675526024363234 0.0598006644518272 0.0332225913621262 0.0642303433001107 0.0365448504983389
"emySub" 0.0598006644518272 0.0520487264673311 0.0409745293466224 0.035437430786268 0.0520487264673311 0.0509413067552602 0.0498338870431894 0.053156146179402 0.0487264673311185 0 0.0487264673311185 0.173864894795127 0.0243632336655592 0.0575858250276855 0.0598006644518272 0.0409745293466224 0.0553709856035437 0.0465116279069767
"gopAga" 0.0609080841638981 0.0132890365448505 0.0310077519379845 0.0276854928017719 0.0321151716500554 0.0132890365448505 0.00996677740863787 0.0420819490586932 0.0387596899224806 0.0487264673311185 0 0.155038759689922 0.0553709856035437 0.0730897009966777 0.0598006644518272 0.0199335548172757 0.0675526024363234 0.0243632336655592
"malTer" 0.178294573643411 0.156146179401993 0.158361018826135 0.152823920265781 0.137320044296788 0.152823920265781 0.153931339977852 0.168327796234773 0.156146179401993 0.173864894795127 0.155038759689922 0 0.183831672203765 0.186046511627907 0.17718715393134 0.146179401993355 0.192691029900332 0.142857142857143
"mesTub" 0.0642303433001107 0.0609080841638981 0.0454042081949059 0.044296788482835 0.0575858250276855 0.062015503875969 0.0586932447397564 0.062015503875969 0.0575858250276855 0.0243632336655592 0.0553709856035437 0.183831672203765 0 0.0631229235880399 0.070874861572536 0.0465116279069767 0.0631229235880399 0.053156146179402
"pelCas" 0.0808416389811739 0.0764119601328904 0.0653377630121816 0.062015503875969 0.0741971207087486 0.0764119601328904 0.0741971207087486 0.0741971207087486 0.0675526024363234 0.0575858250276855 0.0730897009966777 0.186046511627907 0.0631229235880399 0 0.0830564784053156 0.0653377630121816 0.062015503875969 0.0686600221483942
"pelSin" 0.0664451827242525 0.062015503875969 0.0520487264673311 0.0498338870431894 0.0609080841638981 0.0598006644518272 0.0609080841638981 0.0675526024363234 0.0598006644518272 0.0598006644518272 0.0598006644518272 0.17718715393134 0.070874861572536 0.0830564784053156 0 0.0487264673311185 0.0808416389811739 0.0586932447397564
"plaMeg" 0.0520487264673311 0.0254706533776301 0.0221483942414175 0.0210409745293466 0.0254706533776301 0.0232558139534884 0.0232558139534884 0.0376522702104097 0.0332225913621262 0.0409745293466224 0.0199335548172757 0.146179401993355 0.0465116279069767 0.0653377630121816 0.0487264673311185 0 0.062015503875969 0.017718715393134
"podExp" 0.0852713178294574 0.070874861572536 0.062015503875969 0.062015503875969 0.0719822812846069 0.070874861572536 0.0686600221483942 0.0719822812846069 0.0642303433001107 0.0553709856035437 0.0675526024363234 0.192691029900332 0.0631229235880399 0.062015503875969 0.0808416389811739 0.062015503875969 0 0.0664451827242525
"terMex" 0.0564784053156146 0.0276854928017719 0.026578073089701 0.0243632336655592 0.0166112956810631 0.0287929125138427 0.0254706533776301 0.0431893687707641 0.0365448504983389 0.0465116279069767 0.0243632336655592 0.142857142857143 0.053156146179402 0.0686600221483942 0.0586932447397564 0.017718715393134 0.0664451827242525 0
