"cheAbi" "cheMyd" "chrPic" "derCor" "emySub" "gopAga" "malTer" "pelCas" "plaMeg" "podExp"
"cheAbi" 0 0.0615690168818272 0.0377358490566038 0.0645481628599801 0.096325719960278 0.0258192651439921 0.0407149950347567 0.11519364448858 0.0556107249255213 0.117179741807349
"cheMyd" 0.0615690168818272 0 0.0456802383316783 0.0297914597815293 0.0854021847070506 0.0595829195630586 0.0446871896722939 0.096325719960278 0.0655412115193644 0.10824230387289
"chrPic" 0.0377358490566038 0.0456802383316783 0 0.0476663356504469 0.070506454816286 0.0347567030784508 0.00595829195630586 0.0983118172790467 0.0367428003972195 0.1012909632572
"derCor" 0.0645481628599801 0.0297914597815293 0.0476663356504469 0 0.083416087388282 0.0635551142005958 0.0486593843098312 0.0983118172790467 0.0635551142005958 0.102284011916584
"emySub" 0.096325719960278 0.0854021847070506 0.070506454816286 0.083416087388282 0 0.0903674280039722 0.0734856007944389 0.0893743793445879 0.0883813306852036 0.0913604766633565
"gopAga" 0.0258192651439921 0.0595829195630586 0.0347567030784508 0.0635551142005958 0.0903674280039722 0 0.0357497517378352 0.114200595829196 0.0516385302879841 0.10824230387289
"malTer" 0.0407149950347567 0.0446871896722939 0.00595829195630586 0.0486593843098312 0.0734856007944389 0.0357497517378352 0 0.099304865938431 0.0397219463753724 0.0983118172790467
"pelCas" 0.11519364448858 0.096325719960278 0.0983118172790467 0.0983118172790467 0.0893743793445879 0.114200595829196 0.099304865938431 0 0.109235352532274 0.0854021847070506
"plaMeg" 0.0556107249255213 0.0655412115193644 0.0367428003972195 0.0635551142005958 0.0883813306852036 0.0516385302879841 0.0397219463753724 0.109235352532274 0 0.114200595829196
"podExp" 0.117179741807349 0.10824230387289 0.1012909632572 0.102284011916584 0.0913604766633565 0.10824230387289 0.0983118172790467 0.0854021847070506 0.114200595829196 0
