"carIns" "cheAbi" "cheSer" "chrPic" "cuoAmb" "cuoMcc" "derCor" "derMaw" "emySub" "gopAga" "malTer" "mesTub" "pelCas" "pelSin" "plaMeg" "podExp" "terMex"
"carIns" 0 0.213032581453634 0.12280701754386 0.155388471177945 0.12781954887218 0.119047619047619 0.146616541353383 0.134085213032581 0.149122807017544 0.130325814536341 0.12531328320802 0.150375939849624 0.166666666666667 0.141604010025063 0.12531328320802 0.18796992481203 0.116541353383459
"cheAbi" 0.213032581453634 0 0.147869674185464 0.180451127819549 0.131578947368421 0.12280701754386 0.167919799498747 0.149122807017544 0.205513784461153 0.12531328320802 0.145363408521303 0.201754385964912 0.211779448621554 0.209273182957393 0.140350877192982 0.233082706766917 0.137844611528822
"cheSer" 0.12280701754386 0.147869674185464 0 0.0852130325814536 0.0513784461152882 0.0426065162907268 0.0701754385964912 0.0601503759398496 0.120300751879699 0.0614035087719298 0.056390977443609 0.12280701754386 0.137844611528822 0.131578947368421 0.0476190476190476 0.161654135338346 0.0463659147869674
"chrPic" 0.155388471177945 0.180451127819549 0.0852130325814536 0 0.0852130325814536 0.0764411027568922 0.0952380952380952 0.0989974937343358 0.155388471177945 0.0839598997493734 0.0526315789473684 0.155388471177945 0.162907268170426 0.165413533834586 0.075187969924812 0.18546365914787 0.0538847117794486
"cuoAmb" 0.12781954887218 0.131578947368421 0.0513784461152882 0.0852130325814536 0 0.0137844611528822 0.0714285714285714 0.0639097744360902 0.121553884711779 0.0401002506265664 0.043859649122807 0.12280701754386 0.141604010025063 0.130325814536341 0.0401002506265664 0.161654135338346 0.0363408521303258
"cuoMcc" 0.119047619047619 0.12280701754386 0.0426065162907268 0.0764411027568922 0.0137844611528822 0 0.0651629072681704 0.0551378446115288 0.114035087719298 0.031328320802005 0.0350877192982456 0.116541353383459 0.134085213032581 0.1265664160401 0.031328320802005 0.155388471177945 0.0300751879699248
"derCor" 0.146616541353383 0.167919799498747 0.0701754385964912 0.0952380952380952 0.0714285714285714 0.0651629072681704 0 0.0701754385964912 0.132832080200501 0.0789473684210526 0.0714285714285714 0.141604010025063 0.161654135338346 0.155388471177945 0.068922305764411 0.157894736842105 0.0551378446115288
"derMaw" 0.134085213032581 0.149122807017544 0.0601503759398496 0.0989974937343358 0.0639097744360902 0.0551378446115288 0.0701754385964912 0 0.121553884711779 0.0676691729323308 0.0639097744360902 0.119047619047619 0.134085213032581 0.139097744360902 0.0576441102756892 0.162907268170426 0.0538847117794486
"emySub" 0.149122807017544 0.205513784461153 0.120300751879699 0.155388471177945 0.121553884711779 0.114035087719298 0.132832080200501 0.121553884711779 0 0.1265664160401 0.12531328320802 0.0651629072681704 0.121553884711779 0.145363408521303 0.119047619047619 0.147869674185464 0.115288220551378
"gopAga" 0.130325814536341 0.12531328320802 0.0614035087719298 0.0839598997493734 0.0401002506265664 0.031328320802005 0.0789473684210526 0.0676691729323308 0.1265664160401 0 0.0488721804511278 0.130325814536341 0.140350877192982 0.139097744360902 0.0463659147869674 0.159147869674185 0.043859649122807
"malTer" 0.12531328320802 0.145363408521303 0.056390977443609 0.0526315789473684 0.043859649122807 0.0350877192982456 0.0714285714285714 0.0639097744360902 0.12531328320802 0.0488721804511278 0 0.130325814536341 0.137844611528822 0.132832080200501 0.0413533834586466 0.162907268170426 0.0200501253132832
"mesTub" 0.150375939849624 0.201754385964912 0.12280701754386 0.155388471177945 0.12280701754386 0.116541353383459 0.141604010025063 0.119047619047619 0.0651629072681704 0.130325814536341 0.130325814536341 0 0.12280701754386 0.155388471177945 0.120300751879699 0.145363408521303 0.120300751879699
"pelCas" 0.166666666666667 0.211779448621554 0.137844611528822 0.162907268170426 0.141604010025063 0.134085213032581 0.161654135338346 0.134085213032581 0.121553884711779 0.140350877192982 0.137844611528822 0.12280701754386 0 0.180451127819549 0.140350877192982 0.12406015037594 0.137844611528822
"pelSin" 0.141604010025063 0.209273182957393 0.131578947368421 0.165413533834586 0.130325814536341 0.1265664160401 0.155388471177945 0.139097744360902 0.145363408521303 0.139097744360902 0.132832080200501 0.155388471177945 0.180451127819549 0 0.129072681704261 0.197994987468672 0.12280701754386
"plaMeg" 0.12531328320802 0.140350877192982 0.0476190476190476 0.075187969924812 0.0401002506265664 0.031328320802005 0.068922305764411 0.0576441102756892 0.119047619047619 0.0463659147869674 0.0413533834586466 0.120300751879699 0.140350877192982 0.129072681704261 0 0.165413533834586 0.0288220551378446
"podExp" 0.18796992481203 0.233082706766917 0.161654135338346 0.18546365914787 0.161654135338346 0.155388471177945 0.157894736842105 0.162907268170426 0.147869674185464 0.159147869674185 0.162907268170426 0.145363408521303 0.12406015037594 0.197994987468672 0.165413533834586 0 0.161654135338346
"terMex" 0.116541353383459 0.137844611528822 0.0463659147869674 0.0538847117794486 0.0363408521303258 0.0300751879699248 0.0551378446115288 0.0538847117794486 0.115288220551378 0.043859649122807 0.0200501253132832 0.120300751879699 0.137844611528822 0.12280701754386 0.0288220551378446 0.161654135338346 0
