"carIns" "cheAbi" "cheMyd" "cheSer" "chrPic" "cuoAmb" "cuoMcc" "derMaw" "emySub" "gopAga" "malTer" "mesTub" "pelCas" "pelSin" "plaMeg" "podExp" "terMex"
"carIns" 0 0.143001007049345 0.138972809667674 0.127895266868077 0.124874118831823 0.134944612286002 0.131923464249748 0.14098690835851 0.139979859013092 0.143001007049345 0.129909365558912 0.146022155085599 0.175226586102719 0.147029204431017 0.127895266868077 0.169184290030211 0.125881168177241
"cheAbi" 0.143001007049345 0 0.0503524672708963 0.0553877139979859 0.0342396777442095 0.0292044310171198 0.0281973816717019 0.067472306143001 0.0785498489425982 0.0221550855991944 0.0372608257804632 0.0855991943605237 0.104733131923464 0.0996978851963746 0.0362537764350453 0.0956696878147029 0.0443101711983887
"cheMyd" 0.138972809667674 0.0503524672708963 0 0.0453172205438066 0.0463242698892246 0.0604229607250755 0.0574018126888218 0.0563947633434038 0.0745216515609265 0.0553877139979859 0.0483383685800604 0.0835850956696878 0.103726082578046 0.0906344410876133 0.0433031218529708 0.0976837865055388 0.0483383685800604
"cheSer" 0.127895266868077 0.0553877139979859 0.0453172205438066 0 0.0382678751258812 0.0473313192346425 0.0473313192346425 0.0493454179254783 0.0745216515609265 0.0624370594159114 0.0433031218529708 0.0785498489425982 0.103726082578046 0.0876132930513595 0.0352467270896274 0.102719033232628 0.0392749244712991
"chrPic" 0.124874118831823 0.0342396777442095 0.0463242698892246 0.0382678751258812 0 0.0302114803625378 0.027190332326284 0.0483383685800604 0.0725075528700906 0.0453172205438066 0.00906344410876133 0.0765357502517623 0.0986908358509567 0.0886203423967774 0.0151057401812689 0.100704934541793 0.0151057401812689
"cuoAmb" 0.134944612286002 0.0292044310171198 0.0604229607250755 0.0473313192346425 0.0302114803625378 0 0.00906344410876133 0.0563947633434038 0.081570996978852 0.0352467270896274 0.0372608257804632 0.0825780463242699 0.104733131923464 0.0986908358509567 0.0292044310171198 0.1067472306143 0.0352467270896274
"cuoMcc" 0.131923464249748 0.0281973816717019 0.0574018126888218 0.0473313192346425 0.027190332326284 0.00906344410876133 0 0.0574018126888218 0.080563947633434 0.0342396777442095 0.0342396777442095 0.081570996978852 0.1067472306143 0.0976837865055388 0.0261832829808661 0.105740181268882 0.0322255790533736
"derMaw" 0.14098690835851 0.067472306143001 0.0563947633434038 0.0493454179254783 0.0483383685800604 0.0563947633434038 0.0574018126888218 0 0.0845921450151057 0.0725075528700906 0.054380664652568 0.0866062437059416 0.1067472306143 0.0996978851963746 0.0443101711983887 0.113796576032226 0.0503524672708963
"emySub" 0.139979859013092 0.0785498489425982 0.0745216515609265 0.0745216515609265 0.0725075528700906 0.081570996978852 0.080563947633434 0.0845921450151057 0 0.0866062437059416 0.0745216515609265 0.0433031218529708 0.0775427995971803 0.103726082578046 0.0735146022155086 0.0825780463242699 0.0745216515609265
"gopAga" 0.143001007049345 0.0221550855991944 0.0553877139979859 0.0624370594159114 0.0453172205438066 0.0352467270896274 0.0342396777442095 0.0725075528700906 0.0866062437059416 0 0.0473313192346425 0.0906344410876133 0.108761329305136 0.103726082578046 0.0422960725075529 0.102719033232628 0.0503524672708963
"malTer" 0.129909365558912 0.0372608257804632 0.0483383685800604 0.0433031218529708 0.00906344410876133 0.0372608257804632 0.0342396777442095 0.054380664652568 0.0745216515609265 0.0473313192346425 0 0.0795568982880161 0.0966767371601208 0.0936555891238671 0.0201409869083585 0.102719033232628 0.0201409869083585
"mesTub" 0.146022155085599 0.0855991943605237 0.0835850956696878 0.0785498489425982 0.0765357502517623 0.0825780463242699 0.081570996978852 0.0866062437059416 0.0433031218529708 0.0906344410876133 0.0795568982880161 0 0.0765357502517623 0.11178247734139 0.0735146022155086 0.0906344410876133 0.0775427995971803
"pelCas" 0.175226586102719 0.104733131923464 0.103726082578046 0.103726082578046 0.0986908358509567 0.104733131923464 0.1067472306143 0.1067472306143 0.0775427995971803 0.108761329305136 0.0966767371601208 0.0765357502517623 0 0.129909365558912 0.0966767371601208 0.0694864048338369 0.0996978851963746
"pelSin" 0.147029204431017 0.0996978851963746 0.0906344410876133 0.0876132930513595 0.0886203423967774 0.0986908358509567 0.0976837865055388 0.0996978851963746 0.103726082578046 0.103726082578046 0.0936555891238671 0.11178247734139 0.129909365558912 0 0.0896273917421954 0.122860020140987 0.0896273917421954
"plaMeg" 0.127895266868077 0.0362537764350453 0.0433031218529708 0.0352467270896274 0.0151057401812689 0.0292044310171198 0.0261832829808661 0.0443101711983887 0.0735146022155086 0.0422960725075529 0.0201409869083585 0.0735146022155086 0.0966767371601208 0.0896273917421954 0 0.102719033232628 0.0161127895266868
"podExp" 0.169184290030211 0.0956696878147029 0.0976837865055388 0.102719033232628 0.100704934541793 0.1067472306143 0.105740181268882 0.113796576032226 0.0825780463242699 0.102719033232628 0.102719033232628 0.0906344410876133 0.0694864048338369 0.122860020140987 0.102719033232628 0 0.103726082578046
"terMex" 0.125881168177241 0.0443101711983887 0.0483383685800604 0.0392749244712991 0.0151057401812689 0.0352467270896274 0.0322255790533736 0.0503524672708963 0.0745216515609265 0.0503524672708963 0.0201409869083585 0.0775427995971803 0.0996978851963746 0.0896273917421954 0.0161127895266868 0.103726082578046 0
