"cheAbi" "chrPic" "cuoAmb" "cuoMcc" "derCor" "derMaw" "emySub" "gopAga" "malTer" "mesTub" "plaMeg"
"cheAbi" 0 0.0311284046692607 0.0220492866407263 0.0207522697795071 0.0337224383916991 0.0376134889753567 0.0713359273670558 0.143968871595331 0.0817120622568093 0.0648508430609598 0.0246433203631647
"chrPic" 0.0311284046692607 0 0.0168612191958495 0.0155642023346304 0.0220492866407263 0.0272373540856031 0.0557717250324254 0.146562905317769 0.0557717250324254 0.0557717250324254 0.00907911802853437
"cuoAmb" 0.0220492866407263 0.0168612191958495 0 0.0012970168612192 0.0220492866407263 0.0233463035019455 0.0570687418936446 0.143968871595331 0.0687418936446174 0.0544747081712062 0.012970168612192
"cuoMcc" 0.0207522697795071 0.0155642023346304 0.0012970168612192 0 0.0207522697795071 0.0246433203631647 0.0557717250324254 0.142671854734112 0.0674448767833982 0.053177691309987 0.0116731517509728
"derCor" 0.0337224383916991 0.0220492866407263 0.0220492866407263 0.0207522697795071 0 0.0194552529182879 0.0557717250324254 0.149156939040208 0.0739299610894942 0.0609597924773022 0.0168612191958495
"derMaw" 0.0376134889753567 0.0272373540856031 0.0233463035019455 0.0246433203631647 0.0194552529182879 0 0.0583657587548638 0.155642023346304 0.0765239948119326 0.059662775616083 0.0207522697795071
"emySub" 0.0713359273670558 0.0557717250324254 0.0570687418936446 0.0557717250324254 0.0557717250324254 0.0583657587548638 0 0.182879377431907 0.0972762645914397 0.0272373540856031 0.0479896238651102
"gopAga" 0.143968871595331 0.146562905317769 0.143968871595331 0.142671854734112 0.149156939040208 0.155642023346304 0.182879377431907 0 0.194552529182879 0.173800259403372 0.14526588845655
"malTer" 0.0817120622568093 0.0557717250324254 0.0687418936446174 0.0674448767833982 0.0739299610894942 0.0765239948119326 0.0972762645914397 0.194552529182879 0 0.0946822308690013 0.0622568093385214
"mesTub" 0.0648508430609598 0.0557717250324254 0.0544747081712062 0.053177691309987 0.0609597924773022 0.059662775616083 0.0272373540856031 0.173800259403372 0.0946822308690013 0 0.0505836575875486
"plaMeg" 0.0246433203631647 0.00907911802853437 0.012970168612192 0.0116731517509728 0.0168612191958495 0.0207522697795071 0.0479896238651102 0.14526588845655 0.0622568093385214 0.0505836575875486 0
