"carIns" "cheAbi" "cheMyd" "cheSer" "chrPic" "cuoMcc" "derCor" "derMaw" "emySub" "gopAga" "malTer" "mesTub" "pelCas" "pelSin" "plaMeg" "podExp" "terMex"
"carIns" 0 0.0593342981186686 0.060781476121563 0.0564399421128799 0.0564399421128799 0.231548480463097 0.0593342981186686 0.0636758321273517 0.0549927641099855 0.060781476121563 0.199710564399421 0.065123010130246 0.0795947901591896 0.060781476121563 0.0593342981186686 0.0752532561505065 0.0549927641099855
"cheAbi" 0.0593342981186686 0 0.0303907380607815 0.0260492040520984 0.0159189580318379 0.192474674384949 0.0274963820549928 0.0361794500723589 0.0347322720694645 0.0130246020260492 0.166425470332851 0.044862518089725 0.0665701881331404 0.0477568740955137 0.0188133140376266 0.065123010130246 0.0144717800289436
"cheMyd" 0.060781476121563 0.0303907380607815 0 0.0217076700434153 0.0246020260492041 0.20260492040521 0.0217076700434153 0.0376266280752533 0.0332850940665702 0.020260492040521 0.173661360347323 0.0419681620839363 0.0680173661360347 0.0506512301013025 0.0274963820549928 0.065123010130246 0.0231548480463097
"cheSer" 0.0564399421128799 0.0260492040520984 0.0217076700434153 0 0.020260492040521 0.193921852387844 0.0217076700434153 0.0303907380607815 0.0318379160636758 0.0188133140376266 0.172214182344428 0.0434153400868307 0.060781476121563 0.0463096960926194 0.020260492040521 0.0593342981186686 0.0188133140376266
"chrPic" 0.0564399421128799 0.0159189580318379 0.0246020260492041 0.020260492040521 0 0.195369030390738 0.0217076700434153 0.0332850940665702 0.0318379160636758 0.0115774240231548 0.160636758321274 0.0434153400868307 0.060781476121563 0.0434153400868307 0.0115774240231548 0.0622286541244573 0.00723589001447178
"cuoMcc" 0.231548480463097 0.192474674384949 0.20260492040521 0.193921852387844 0.195369030390738 0 0.201157742402315 0.209840810419682 0.206946454413893 0.189580318379161 0.31548480463097 0.206946454413893 0.224312590448625 0.221418234442836 0.195369030390738 0.219971056439942 0.193921852387844
"derCor" 0.0593342981186686 0.0274963820549928 0.0217076700434153 0.0217076700434153 0.0217076700434153 0.201157742402315 0 0.0332850940665702 0.0318379160636758 0.0231548480463097 0.166425470332851 0.0434153400868307 0.060781476121563 0.0506512301013025 0.0246020260492041 0.0593342981186686 0.020260492040521
"derMaw" 0.0636758321273517 0.0361794500723589 0.0376266280752533 0.0303907380607815 0.0332850940665702 0.209840810419682 0.0332850940665702 0 0.0390738060781476 0.0347322720694645 0.183791606367583 0.0492040520984081 0.0680173661360347 0.0593342981186686 0.0361794500723589 0.0680173661360347 0.0318379160636758
"emySub" 0.0549927641099855 0.0347322720694645 0.0332850940665702 0.0318379160636758 0.0318379160636758 0.206946454413893 0.0318379160636758 0.0390738060781476 0 0.0332850940665702 0.178002894356006 0.0188133140376266 0.0463096960926194 0.0506512301013025 0.0318379160636758 0.044862518089725 0.0303907380607815
"gopAga" 0.060781476121563 0.0130246020260492 0.020260492040521 0.0188133140376266 0.0115774240231548 0.189580318379161 0.0231548480463097 0.0347322720694645 0.0332850940665702 0 0.164978292329957 0.0419681620839363 0.065123010130246 0.0434153400868307 0.0144717800289436 0.0622286541244573 0.0101302460202605
"malTer" 0.199710564399421 0.166425470332851 0.173661360347323 0.172214182344428 0.160636758321274 0.31548480463097 0.166425470332851 0.183791606367583 0.178002894356006 0.164978292329957 0 0.186685962373372 0.196816208393632 0.189580318379161 0.166425470332851 0.204052098408104 0.162083936324168
"mesTub" 0.065123010130246 0.044862518089725 0.0419681620839363 0.0434153400868307 0.0434153400868307 0.206946454413893 0.0434153400868307 0.0492040520984081 0.0188133140376266 0.0419681620839363 0.186685962373372 0 0.0564399421128799 0.0622286541244573 0.0434153400868307 0.0520984081041968 0.0419681620839363
"pelCas" 0.0795947901591896 0.0665701881331404 0.0680173661360347 0.060781476121563 0.060781476121563 0.224312590448625 0.060781476121563 0.0680173661360347 0.0463096960926194 0.065123010130246 0.196816208393632 0.0564399421128799 0 0.0795947901591896 0.060781476121563 0.0636758321273517 0.0622286541244573
"pelSin" 0.060781476121563 0.0477568740955137 0.0506512301013025 0.0463096960926194 0.0434153400868307 0.221418234442836 0.0506512301013025 0.0593342981186686 0.0506512301013025 0.0434153400868307 0.189580318379161 0.0622286541244573 0.0795947901591896 0 0.044862518089725 0.0781476121562952 0.044862518089725
"plaMeg" 0.0593342981186686 0.0188133140376266 0.0274963820549928 0.020260492040521 0.0115774240231548 0.195369030390738 0.0246020260492041 0.0361794500723589 0.0318379160636758 0.0144717800289436 0.166425470332851 0.0434153400868307 0.060781476121563 0.044862518089725 0 0.0622286541244573 0.0101302460202605
"podExp" 0.0752532561505065 0.065123010130246 0.065123010130246 0.0593342981186686 0.0622286541244573 0.219971056439942 0.0593342981186686 0.0680173661360347 0.044862518089725 0.0622286541244573 0.204052098408104 0.0520984081041968 0.0636758321273517 0.0781476121562952 0.0622286541244573 0 0.0593342981186686
"terMex" 0.0549927641099855 0.0144717800289436 0.0231548480463097 0.0188133140376266 0.00723589001447178 0.193921852387844 0.020260492040521 0.0318379160636758 0.0303907380607815 0.0101302460202605 0.162083936324168 0.0419681620839363 0.0622286541244573 0.044862518089725 0.0101302460202605 0.0593342981186686 0
