"carIns" "cheAbi" "cheMyd" "cheSer" "chrPic" "cuoAmb" "cuoMcc" "derCor" "derMaw" "gopAga" "malTer" "mesTub" "pelCas" "pelSin" "plaMeg" "podExp" "terMex"
"carIns" 0 0.0576426727846286 0.112417550903355 0.0610840263837109 0.0533409807857757 0.0711213077143677 0.0533409807857757 0.0570691138514482 0.0599369085173502 0.056782334384858 0.166332090622311 0.065672497849154 0.0860338399770576 0.0768568970461715 0.0530542013191855 0.0840263837109263 0.0530542013191855
"cheAbi" 0.0576426727846286 0 0.086607398910238 0.0292515055921996 0.0186406653283625 0.0335531975910525 0.0151993117292802 0.0306854029251506 0.0324060797246917 0.0103240607972469 0.136507026096931 0.0487525093203327 0.0714080871809578 0.0699741898480069 0.0192142242615429 0.0699741898480069 0.0195010037281331
"cheMyd" 0.112417550903355 0.086607398910238 0 0.0834528247777459 0.0808718095784342 0.0995124749067967 0.080585030111844 0.0754229997132205 0.0909090909090909 0.0837396042443361 0.196443934614282 0.103240607972469 0.123315170633783 0.127330083166045 0.0797246917120734 0.125609406366504 0.0817321479782048
"cheSer" 0.0610840263837109 0.0292515055921996 0.0834528247777459 0 0.0203613421279036 0.041869802122168 0.0226555778606252 0.0260969314597075 0.02982506452538 0.0252365930599369 0.138227702896473 0.0444508173214798 0.0725552050473186 0.0734155434470892 0.0203613421279036 0.0719816461141382 0.020934901061084
"chrPic" 0.0533409807857757 0.0186406653283625 0.0808718095784342 0.0203613421279036 0 0.0315457413249211 0.0123315170633783 0.0226555778606252 0.0275308287926584 0.0151993117292802 0.125896185833094 0.0415830226555779 0.0662460567823344 0.0665328362489246 0.00946372239747634 0.0659592773157442 0.00831660453111557
"cuoAmb" 0.0711213077143677 0.0335531975910525 0.0995124749067967 0.041869802122168 0.0315457413249211 0 0.0220820189274448 0.0430169199885288 0.0464582735876111 0.0321193002581015 0.141669056495555 0.0610840263837109 0.0851735015772871 0.0742758818468598 0.0318325207915113 0.0828792658445655 0.0329796386578721
"cuoMcc" 0.0533409807857757 0.0151993117292802 0.080585030111844 0.0226555778606252 0.0123315170633783 0.0220820189274448 0 0.0246630341267565 0.0286779466590192 0.0123315170633783 0.131631775164898 0.0441640378548896 0.0665328362489246 0.0679667335818755 0.0120447375967881 0.0653857183825638 0.0131918554631488
"derCor" 0.0570691138514482 0.0306854029251506 0.0754229997132205 0.0260969314597075 0.0226555778606252 0.0430169199885288 0.0246630341267565 0 0.0324060797246917 0.0272440493260683 0.137940923429882 0.0476053914539719 0.071694866647548 0.0705477487811873 0.0229423573272154 0.0708345282477775 0.0226555778606252
"derMaw" 0.0599369085173502 0.0324060797246917 0.0909090909090909 0.02982506452538 0.0275308287926584 0.0464582735876111 0.0286779466590192 0.0324060797246917 0 0.0306854029251506 0.142529394895325 0.0519070834528248 0.0771436765127617 0.073128763980499 0.0269572698594781 0.0765701175795813 0.028391167192429
"gopAga" 0.056782334384858 0.0103240607972469 0.0837396042443361 0.0252365930599369 0.0151993117292802 0.0321193002581015 0.0123315170633783 0.0272440493260683 0.0306854029251506 0 0.133352451964439 0.0461714941210209 0.0691138514482363 0.0696874103814167 0.0157728706624606 0.0691138514482363 0.016346429595641
"malTer" 0.166332090622311 0.136507026096931 0.196443934614282 0.138227702896473 0.125896185833094 0.141669056495555 0.131631775164898 0.137940923429882 0.142529394895325 0.133352451964439 0 0.155147691425294 0.17866360768569 0.168913105821623 0.128190421565816 0.173214797820476 0.129050759965586
"mesTub" 0.065672497849154 0.0487525093203327 0.103240607972469 0.0444508173214798 0.0415830226555779 0.0610840263837109 0.0441640378548896 0.0476053914539719 0.0519070834528248 0.0461714941210209 0.155147691425294 0 0.0653857183825638 0.0777172354459421 0.0401491253226269 0.0676799541152854 0.0424433610553484
"pelCas" 0.0860338399770576 0.0714080871809578 0.123315170633783 0.0725552050473186 0.0662460567823344 0.0851735015772871 0.0665328362489246 0.071694866647548 0.0771436765127617 0.0691138514482363 0.17866360768569 0.0653857183825638 0 0.0977917981072555 0.0648121594493834 0.0679667335818755 0.0662460567823344
"pelSin" 0.0768568970461715 0.0699741898480069 0.127330083166045 0.0734155434470892 0.0665328362489246 0.0742758818468598 0.0679667335818755 0.0705477487811873 0.073128763980499 0.0696874103814167 0.168913105821623 0.0777172354459421 0.0977917981072555 0 0.0659592773157442 0.0977917981072555 0.0662460567823344
"plaMeg" 0.0530542013191855 0.0192142242615429 0.0797246917120734 0.0203613421279036 0.00946372239747634 0.0318325207915113 0.0120447375967881 0.0229423573272154 0.0269572698594781 0.0157728706624606 0.128190421565816 0.0401491253226269 0.0648121594493834 0.0659592773157442 0 0.0653857183825638 0.0103240607972469
"podExp" 0.0840263837109263 0.0699741898480069 0.125609406366504 0.0719816461141382 0.0659592773157442 0.0828792658445655 0.0653857183825638 0.0708345282477775 0.0765701175795813 0.0691138514482363 0.173214797820476 0.0676799541152854 0.0679667335818755 0.0977917981072555 0.0653857183825638 0 0.0653857183825638
"terMex" 0.0530542013191855 0.0195010037281331 0.0817321479782048 0.020934901061084 0.00831660453111557 0.0329796386578721 0.0131918554631488 0.0226555778606252 0.028391167192429 0.016346429595641 0.129050759965586 0.0424433610553484 0.0662460567823344 0.0662460567823344 0.0103240607972469 0.0653857183825638 0
