"carIns" "cheAbi" "cheMyd" "chrPic" "cuoAmb" "cuoMcc" "derCor" "derMaw" "emySub" "gopAga" "malTer" "mesTub" "pelCas" "pelSin" "plaMeg" "podExp"
"carIns" 0 0.0933852140077821 0.0869001297016861 0.0739299610894942 0.0856031128404669 0.0869001297016861 0.0856031128404669 0.0920881971465629 0.0907911802853437 0.0881971465629053 0.0752269779507134 0.0933852140077821 0.0959792477302205 0.0752269779507134 0.0700389105058366 0.0946822308690013
"cheAbi" 0.0933852140077821 0 0.0505836575875486 0.0376134889753567 0.0220492866407263 0.0233463035019455 0.0570687418936446 0.0518806744487678 0.0687418936446174 0.0246433203631647 0.0389105058365759 0.0739299610894942 0.0830090791180285 0.0752269779507134 0.0389105058365759 0.0830090791180285
"cheMyd" 0.0869001297016861 0.0505836575875486 0 0.0337224383916991 0.0389105058365759 0.0402075226977951 0.0259403372243839 0.0492866407263294 0.0622568093385214 0.0389105058365759 0.0324254215304799 0.0752269779507134 0.072632944228275 0.0648508430609598 0.0272373540856031 0.0700389105058366
"chrPic" 0.0739299610894942 0.0376134889753567 0.0337224383916991 0 0.0285343709468223 0.0298313878080415 0.0402075226977951 0.0453955901426719 0.0570687418936446 0.0285343709468223 0.00907911802853437 0.059662775616083 0.0687418936446174 0.0570687418936446 0.0155642023346304 0.0700389105058366
"cuoAmb" 0.0856031128404669 0.0220492866407263 0.0389105058365759 0.0285343709468223 0 0.00389105058365759 0.0428015564202335 0.0479896238651102 0.0609597924773022 0.0181582360570687 0.0272373540856031 0.066147859922179 0.0752269779507134 0.0674448767833982 0.0272373540856031 0.0752269779507134
"cuoMcc" 0.0869001297016861 0.0233463035019455 0.0402075226977951 0.0298313878080415 0.00389105058365759 0 0.0440985732814527 0.0492866407263294 0.0622568093385214 0.0194552529182879 0.0285343709468223 0.0674448767833982 0.0765239948119326 0.0687418936446174 0.0285343709468223 0.0765239948119326
"derCor" 0.0856031128404669 0.0570687418936446 0.0259403372243839 0.0402075226977951 0.0428015564202335 0.0440985732814527 0 0.0570687418936446 0.066147859922179 0.0453955901426719 0.0389105058365759 0.0765239948119326 0.0778210116731518 0.066147859922179 0.0311284046692607 0.0791180285343709
"derMaw" 0.0920881971465629 0.0518806744487678 0.0492866407263294 0.0453955901426719 0.0479896238651102 0.0492866407263294 0.0570687418936446 0 0.0778210116731518 0.0557717250324254 0.0440985732814527 0.0804150453955901 0.0869001297016861 0.0739299610894942 0.0415045395590143 0.0907911802853437
"emySub" 0.0907911802853437 0.0687418936446174 0.0622568093385214 0.0570687418936446 0.0609597924773022 0.0622568093385214 0.066147859922179 0.0778210116731518 0 0.0622568093385214 0.0583657587548638 0.0363164721141375 0.0518806744487678 0.0739299610894942 0.0557717250324254 0.0544747081712062
"gopAga" 0.0881971465629053 0.0246433203631647 0.0389105058365759 0.0285343709468223 0.0181582360570687 0.0194552529182879 0.0453955901426719 0.0557717250324254 0.0622568093385214 0 0.0272373540856031 0.0700389105058366 0.0765239948119326 0.0700389105058366 0.0285343709468223 0.0739299610894942
"malTer" 0.0752269779507134 0.0389105058365759 0.0324254215304799 0.00907911802853437 0.0272373540856031 0.0285343709468223 0.0389105058365759 0.0440985732814527 0.0583657587548638 0.0272373540856031 0 0.0609597924773022 0.0674448767833982 0.0583657587548638 0.0142671854734112 0.0687418936446174
"mesTub" 0.0933852140077821 0.0739299610894942 0.0752269779507134 0.059662775616083 0.066147859922179 0.0674448767833982 0.0765239948119326 0.0804150453955901 0.0363164721141375 0.0700389105058366 0.0609597924773022 0 0.0609597924773022 0.0817120622568093 0.0635538261997406 0.0700389105058366
"pelCas" 0.0959792477302205 0.0830090791180285 0.072632944228275 0.0687418936446174 0.0752269779507134 0.0765239948119326 0.0778210116731518 0.0869001297016861 0.0518806744487678 0.0765239948119326 0.0674448767833982 0.0609597924773022 0 0.0881971465629053 0.0674448767833982 0.0453955901426719
"pelSin" 0.0752269779507134 0.0752269779507134 0.0648508430609598 0.0570687418936446 0.0674448767833982 0.0687418936446174 0.066147859922179 0.0739299610894942 0.0739299610894942 0.0700389105058366 0.0583657587548638 0.0817120622568093 0.0881971465629053 0 0.053177691309987 0.0817120622568093
"plaMeg" 0.0700389105058366 0.0389105058365759 0.0272373540856031 0.0155642023346304 0.0272373540856031 0.0285343709468223 0.0311284046692607 0.0415045395590143 0.0557717250324254 0.0285343709468223 0.0142671854734112 0.0635538261997406 0.0674448767833982 0.053177691309987 0 0.0687418936446174
"podExp" 0.0946822308690013 0.0830090791180285 0.0700389105058366 0.0700389105058366 0.0752269779507134 0.0765239948119326 0.0791180285343709 0.0907911802853437 0.0544747081712062 0.0739299610894942 0.0687418936446174 0.0700389105058366 0.0453955901426719 0.0817120622568093 0.0687418936446174 0
