"carIns" "cheAbi" "cheMyd" "cheSer" "chrPic" "cuoAmb" "cuoMcc" "derCor" "derMaw" "emySub" "gopAga" "malTer" "mesTub" "pelCas" "pelSin" "plaMeg" "podExp" "terMex"
"carIns" 0 0.0834896810506567 0.0797373358348968 0.0787992495309568 0.075984990619137 0.0834896810506567 0.0816135084427767 0.0825515947467167 0.145403377110694 0.105065666041276 0.0919324577861163 0.213883677298311 0.113508442776735 0.121013133208255 0.0806754221388368 0.075984990619137 0.121951219512195 0.0787992495309568
"cheAbi" 0.0834896810506567 0 0.0365853658536585 0.0309568480300188 0.0234521575984991 0.0234521575984991 0.0206378986866792 0.0375234521575985 0.103189493433396 0.0769230769230769 0.025328330206379 0.182926829268293 0.0909943714821764 0.0938086303939962 0.074108818011257 0.0225140712945591 0.101313320825516 0.0272045028142589
"cheMyd" 0.0797373358348968 0.0365853658536585 0 0.0225140712945591 0.026266416510319 0.0318949343339587 0.0290806754221388 0.0206378986866792 0.104127579737336 0.0675422138836773 0.0412757973733583 0.171669793621013 0.0806754221388368 0.0825515947467167 0.0703564727954972 0.0234521575984991 0.0928705440900563 0.026266416510319
"cheSer" 0.0787992495309568 0.0309568480300188 0.0225140712945591 0 0.0225140712945591 0.0281425891181989 0.025328330206379 0.0281425891181989 0.0947467166979362 0.0694183864915572 0.0375234521575985 0.170731707317073 0.0834896810506567 0.0816135084427767 0.0684803001876173 0.0168855534709193 0.0919324577861163 0.0225140712945591
"chrPic" 0.075984990619137 0.0234521575984991 0.026266416510319 0.0225140712945591 0 0.024390243902439 0.0215759849906191 0.0290806754221388 0.0966228893058161 0.0647279549718574 0.0337711069418387 0.163227016885553 0.0806754221388368 0.0816135084427767 0.0675422138836773 0.0121951219512195 0.0919324577861163 0.0112570356472795
"cuoAmb" 0.0834896810506567 0.0234521575984991 0.0318949343339587 0.0281425891181989 0.024390243902439 0 0.00656660412757974 0.0365853658536585 0.103189493433396 0.075984990619137 0.0281425891181989 0.173545966228893 0.0919324577861163 0.0881801125703565 0.0769230769230769 0.0196998123827392 0.0975609756097561 0.024390243902439
"cuoMcc" 0.0816135084427767 0.0206378986866792 0.0290806754221388 0.025328330206379 0.0215759849906191 0.00656660412757974 0 0.0337711069418387 0.099437148217636 0.0731707317073171 0.025328330206379 0.170731707317073 0.0891181988742964 0.0853658536585366 0.074108818011257 0.0168855534709193 0.0966228893058161 0.0215759849906191
"derCor" 0.0825515947467167 0.0375234521575985 0.0206378986866792 0.0281425891181989 0.0290806754221388 0.0365853658536585 0.0337711069418387 0 0.107879924953096 0.0712945590994371 0.0412757973733583 0.180112570356473 0.0872420262664165 0.0919324577861163 0.0722326454033771 0.026266416510319 0.0975609756097561 0.0309568480300188
"derMaw" 0.145403377110694 0.103189493433396 0.104127579737336 0.0947467166979362 0.0966228893058161 0.103189493433396 0.099437148217636 0.107879924953096 0 0.136960600375235 0.113508442776735 0.224202626641651 0.150093808630394 0.143527204502814 0.130393996247655 0.0919324577861163 0.156660412757974 0.100375234521576
"emySub" 0.105065666041276 0.0769230769230769 0.0675422138836773 0.0694183864915572 0.0647279549718574 0.075984990619137 0.0731707317073171 0.0712945590994371 0.136960600375235 0 0.0872420262664165 0.202626641651032 0.0347091932457786 0.0694183864915572 0.0834896810506567 0.0675422138836773 0.0731707317073171 0.0675422138836773
"gopAga" 0.0919324577861163 0.025328330206379 0.0412757973733583 0.0375234521575985 0.0337711069418387 0.0281425891181989 0.025328330206379 0.0412757973733583 0.113508442776735 0.0872420262664165 0 0.188555347091932 0.101313320825516 0.102251407129456 0.0863039399624766 0.0290806754221388 0.109756097560976 0.0337711069418387
"malTer" 0.213883677298311 0.182926829268293 0.171669793621013 0.170731707317073 0.163227016885553 0.173545966228893 0.170731707317073 0.180112570356473 0.224202626641651 0.202626641651032 0.188555347091932 0 0.213883677298311 0.213883677298311 0.211069418386492 0.167917448405253 0.223264540337711 0.166979362101313
"mesTub" 0.113508442776735 0.0909943714821764 0.0806754221388368 0.0834896810506567 0.0806754221388368 0.0919324577861163 0.0891181988742964 0.0872420262664165 0.150093808630394 0.0347091932457786 0.101313320825516 0.213883677298311 0 0.0825515947467167 0.0919324577861163 0.0825515947467167 0.0834896810506567 0.0834896810506567
"pelCas" 0.121013133208255 0.0938086303939962 0.0825515947467167 0.0816135084427767 0.0816135084427767 0.0881801125703565 0.0853658536585366 0.0919324577861163 0.143527204502814 0.0694183864915572 0.102251407129456 0.213883677298311 0.0825515947467167 0 0.107879924953096 0.0816135084427767 0.0590994371482176 0.0806754221388368
"pelSin" 0.0806754221388368 0.074108818011257 0.0703564727954972 0.0684803001876173 0.0675422138836773 0.0769230769230769 0.074108818011257 0.0722326454033771 0.130393996247655 0.0834896810506567 0.0863039399624766 0.211069418386492 0.0919324577861163 0.107879924953096 0 0.0666041275797373 0.114446529080675 0.0675422138836773
"plaMeg" 0.075984990619137 0.0225140712945591 0.0234521575984991 0.0168855534709193 0.0121951219512195 0.0196998123827392 0.0168855534709193 0.026266416510319 0.0919324577861163 0.0675422138836773 0.0290806754221388 0.167917448405253 0.0825515947467167 0.0816135084427767 0.0666041275797373 0 0.0938086303939962 0.0121951219512195
"podExp" 0.121951219512195 0.101313320825516 0.0928705440900563 0.0919324577861163 0.0919324577861163 0.0975609756097561 0.0966228893058161 0.0975609756097561 0.156660412757974 0.0731707317073171 0.109756097560976 0.223264540337711 0.0834896810506567 0.0590994371482176 0.114446529080675 0.0938086303939962 0 0.0947467166979362
"terMex" 0.0787992495309568 0.0272045028142589 0.026266416510319 0.0225140712945591 0.0112570356472795 0.024390243902439 0.0215759849906191 0.0309568480300188 0.100375234521576 0.0675422138836773 0.0337711069418387 0.166979362101313 0.0834896810506567 0.0806754221388368 0.0675422138836773 0.0121951219512195 0.0947467166979362 0
