"carIns" "cheAbi" "cheMyd" "cheSer" "chrPic" "cuoAmb" "cuoMcc" "derCor" "derMaw" "emySub" "gopAga" "malTer" "mesTub" "pelCas" "pelSin" "plaMeg" "podExp" "terMex"
"carIns" 0 0.0790340285400659 0.0614709110867179 0.0592755214050494 0.0691547749725576 0.0625686059275521 0.0647639956092206 0.0603732162458836 0.0658616904500549 0.0702524698133919 0.0669593852908891 0.0801317233809001 0.0746432491767289 0.153677277716795 0.29198682766191 0.0691547749725576 0.0889132821075741 0.0647639956092206
"cheAbi" 0.0790340285400659 0 0.0417124039517014 0.0362239297475302 0.0296377607025247 0.0296377607025247 0.0296377607025247 0.0384193194291987 0.0515916575192097 0.0537870472008782 0.0208562019758507 0.0362239297475302 0.0625686059275521 0.145993413830955 0.29198682766191 0.0329308452250274 0.0702524698133919 0.0274423710208562
"cheMyd" 0.0614709110867179 0.0417124039517014 0 0.026344676180022 0.0417124039517014 0.0351262349066959 0.0351262349066959 0.0296377607025247 0.0373216245883644 0.0340285400658617 0.0318331503841932 0.0461031833150384 0.0461031833150384 0.13172338090011 0.281009879253568 0.0395170142700329 0.0625686059275521 0.0329308452250274
"cheSer" 0.0592755214050494 0.0362239297475302 0.026344676180022 0 0.0285400658616905 0.0241492864983535 0.021953896816685 0.0230515916575192 0.0340285400658617 0.0384193194291987 0.021953896816685 0.0384193194291987 0.0537870472008782 0.128430296377607 0.290889132821076 0.0274423710208562 0.0603732162458836 0.021953896816685
"chrPic" 0.0691547749725576 0.0296377607025247 0.0417124039517014 0.0285400658616905 0 0.0153677277716795 0.0153677277716795 0.0329308452250274 0.0406147091108672 0.0461031833150384 0.0153677277716795 0.0164654226125137 0.0636663007683864 0.137211855104281 0.295279912184413 0.0230515916575192 0.0592755214050494 0.00878155872667398
"cuoAmb" 0.0625686059275521 0.0296377607025247 0.0351262349066959 0.0241492864983535 0.0153677277716795 0 0.00439077936333699 0.0285400658616905 0.0351262349066959 0.0439077936333699 0.013172338090011 0.0296377607025247 0.0570801317233809 0.128430296377607 0.288693743139407 0.0186608122941822 0.0614709110867179 0.0109769484083425
"cuoMcc" 0.0647639956092206 0.0296377607025247 0.0351262349066959 0.021953896816685 0.0153677277716795 0.00439077936333699 0 0.0285400658616905 0.0351262349066959 0.0439077936333699 0.013172338090011 0.0296377607025247 0.0570801317233809 0.130625686059276 0.287596048298573 0.0186608122941822 0.0614709110867179 0.0109769484083425
"derCor" 0.0603732162458836 0.0384193194291987 0.0296377607025247 0.0230515916575192 0.0329308452250274 0.0285400658616905 0.0285400658616905 0 0.0340285400658617 0.0384193194291987 0.0241492864983535 0.0450054884742042 0.0526893523600439 0.122941822173436 0.283205268935236 0.0340285400658617 0.0570801317233809 0.0241492864983535
"derMaw" 0.0658616904500549 0.0515916575192097 0.0373216245883644 0.0340285400658617 0.0406147091108672 0.0351262349066959 0.0351262349066959 0.0340285400658617 0 0.0472008781558727 0.0351262349066959 0.0504939626783754 0.0603732162458836 0.128430296377607 0.279912184412733 0.0384193194291987 0.0625686059275521 0.0351262349066959
"emySub" 0.0702524698133919 0.0537870472008782 0.0340285400658617 0.0384193194291987 0.0461031833150384 0.0439077936333699 0.0439077936333699 0.0384193194291987 0.0472008781558727 0 0.0417124039517014 0.0482985729967069 0.0373216245883644 0.130625686059276 0.288693743139407 0.0472008781558727 0.0581778265642151 0.0384193194291987
"gopAga" 0.0669593852908891 0.0208562019758507 0.0318331503841932 0.021953896816685 0.0153677277716795 0.013172338090011 0.013172338090011 0.0241492864983535 0.0351262349066959 0.0417124039517014 0 0.0274423710208562 0.0548847420417124 0.129527991218441 0.287596048298573 0.0164654226125137 0.0548847420417124 0.0109769484083425
"malTer" 0.0801317233809001 0.0362239297475302 0.0461031833150384 0.0384193194291987 0.0164654226125137 0.0296377607025247 0.0296377607025247 0.0450054884742042 0.0504939626783754 0.0482985729967069 0.0274423710208562 0 0.0614709110867179 0.148188803512623 0.298572996706915 0.0351262349066959 0.0647639956092206 0.0208562019758507
"mesTub" 0.0746432491767289 0.0625686059275521 0.0461031833150384 0.0537870472008782 0.0636663007683864 0.0570801317233809 0.0570801317233809 0.0526893523600439 0.0603732162458836 0.0373216245883644 0.0548847420417124 0.0614709110867179 0 0.141602634467618 0.296377607025247 0.0614709110867179 0.0625686059275521 0.0559824368825467
"pelCas" 0.153677277716795 0.145993413830955 0.13172338090011 0.128430296377607 0.137211855104281 0.128430296377607 0.130625686059276 0.122941822173436 0.128430296377607 0.130625686059276 0.129527991218441 0.148188803512623 0.141602634467618 0 0.373216245883644 0.130625686059276 0.137211855104281 0.129527991218441
"pelSin" 0.29198682766191 0.29198682766191 0.281009879253568 0.290889132821076 0.295279912184413 0.288693743139407 0.287596048298573 0.283205268935236 0.279912184412733 0.288693743139407 0.287596048298573 0.298572996706915 0.296377607025247 0.373216245883644 0 0.29198682766191 0.301866081229418 0.287596048298573
"plaMeg" 0.0691547749725576 0.0329308452250274 0.0395170142700329 0.0274423710208562 0.0230515916575192 0.0186608122941822 0.0186608122941822 0.0340285400658617 0.0384193194291987 0.0472008781558727 0.0164654226125137 0.0351262349066959 0.0614709110867179 0.130625686059276 0.29198682766191 0 0.0614709110867179 0.0164654226125137
"podExp" 0.0889132821075741 0.0702524698133919 0.0625686059275521 0.0603732162458836 0.0592755214050494 0.0614709110867179 0.0614709110867179 0.0570801317233809 0.0625686059275521 0.0581778265642151 0.0548847420417124 0.0647639956092206 0.0625686059275521 0.137211855104281 0.301866081229418 0.0614709110867179 0 0.0526893523600439
"terMex" 0.0647639956092206 0.0274423710208562 0.0329308452250274 0.021953896816685 0.00878155872667398 0.0109769484083425 0.0109769484083425 0.0241492864983535 0.0351262349066959 0.0384193194291987 0.0109769484083425 0.0208562019758507 0.0559824368825467 0.129527991218441 0.287596048298573 0.0164654226125137 0.0526893523600439 0
