"carIns" "cheAbi" "cheMyd" "cheSer" "chrPic" "cuoMcc" "derMaw" "emySub" "gopAga" "malTer" "pelCas" "plaMeg" "podExp" "terMex"
"carIns" 0 0.108317214700193 0.101547388781431 0.10541586073501 0.102514506769826 0.102514506769826 0.111218568665377 0.0967117988394584 0.117021276595745 0.0986460348162476 0.0899419729206963 0.169245647969052 0.104448742746615 0.0986460348162476
"cheAbi" 0.108317214700193 0 0.0560928433268859 0.0638297872340425 0.0386847195357834 0.0270793036750484 0.0647969052224371 0.0822050290135397 0.034816247582205 0.0386847195357834 0.0793036750483559 0.123791102514507 0.097678916827853 0.0444874274661509
"cheMyd" 0.101547388781431 0.0560928433268859 0 0.0483558994197292 0.0493230174081238 0.0444874274661509 0.0560928433268859 0.0705996131528046 0.0618955512572534 0.0493230174081238 0.0802707930367505 0.124758220502901 0.0880077369439071 0.051257253384913
"cheSer" 0.10541586073501 0.0638297872340425 0.0483558994197292 0 0.0522243713733075 0.058027079303675 0.0570599613152805 0.0754352030947776 0.0676982591876209 0.0502901353965184 0.0793036750483559 0.127659574468085 0.0947775628626693 0.0502901353965184
"chrPic" 0.102514506769826 0.0386847195357834 0.0493230174081238 0.0522243713733075 0 0.034816247582205 0.062862669245648 0.0764023210831721 0.0473887814313346 0.0058027079303675 0.074468085106383 0.112185686653772 0.0889748549323017 0.0203094777562863
"cuoMcc" 0.102514506769826 0.0270793036750484 0.0444874274661509 0.058027079303675 0.034816247582205 0 0.0589941972920696 0.0754352030947776 0.0328820116054159 0.0328820116054159 0.0773694390715667 0.117021276595745 0.0899419729206963 0.0367504835589942
"derMaw" 0.111218568665377 0.0647969052224371 0.0560928433268859 0.0570599613152805 0.062862669245648 0.0589941972920696 0 0.0812379110251451 0.0725338491295938 0.0589941972920696 0.0783365570599613 0.13926499032882 0.100580270793037 0.0560928433268859
"emySub" 0.0967117988394584 0.0822050290135397 0.0705996131528046 0.0754352030947776 0.0764023210831721 0.0754352030947776 0.0812379110251451 0 0.0889748549323017 0.0764023210831721 0.0541586073500967 0.150870406189555 0.0705996131528046 0.0754352030947776
"gopAga" 0.117021276595745 0.034816247582205 0.0618955512572534 0.0676982591876209 0.0473887814313346 0.0328820116054159 0.0725338491295938 0.0889748549323017 0 0.0454545454545455 0.0909090909090909 0.129593810444874 0.104448742746615 0.0444874274661509
"malTer" 0.0986460348162476 0.0386847195357834 0.0493230174081238 0.0502901353965184 0.0058027079303675 0.0328820116054159 0.0589941972920696 0.0764023210831721 0.0454545454545455 0 0.074468085106383 0.111218568665377 0.0889748549323017 0.0164410058027079
"pelCas" 0.0899419729206963 0.0793036750483559 0.0802707930367505 0.0793036750483559 0.074468085106383 0.0773694390715667 0.0783365570599613 0.0541586073500967 0.0909090909090909 0.074468085106383 0 0.149903288201161 0.0618955512572534 0.0715667311411992
"plaMeg" 0.169245647969052 0.123791102514507 0.124758220502901 0.127659574468085 0.112185686653772 0.117021276595745 0.13926499032882 0.150870406189555 0.129593810444874 0.111218568665377 0.149903288201161 0 0.160541586073501 0.111218568665377
"podExp" 0.104448742746615 0.097678916827853 0.0880077369439071 0.0947775628626693 0.0889748549323017 0.0899419729206963 0.100580270793037 0.0705996131528046 0.104448742746615 0.0889748549323017 0.0618955512572534 0.160541586073501 0 0.0841392649903288
"terMex" 0.0986460348162476 0.0444874274661509 0.051257253384913 0.0502901353965184 0.0203094777562863 0.0367504835589942 0.0560928433268859 0.0754352030947776 0.0444874274661509 0.0164410058027079 0.0715667311411992 0.111218568665377 0.0841392649903288 0
