"carIns" "cheAbi" "cheMyd" "cheSer" "chrPic" "cuoAmb" "cuoMcc" "derCor" "derMaw" "emySub" "gopAga" "malTer" "mesTub" "pelCas" "pelSin" "plaMeg" "podExp" "terMex"
"carIns" 0 0.175066312997347 0.183023872679045 0.183023872679045 0.175950486295314 0.172413793103448 0.172413793103448 0.178603006189213 0.17948717948718 0.192749778956675 0.171529619805482 0.171529619805482 0.20159151193634 0.207780725022104 0.296198054818744 0.169761273209549 0.258178603006189 0.175066312997347
"cheAbi" 0.175066312997347 0 0.0645446507515473 0.0601237842617153 0.0512820512820513 0.0450928381962865 0.0468611847922193 0.0645446507515473 0.0654288240495137 0.113174182139699 0.0353669319186561 0.0495137046861185 0.133510167992927 0.124668435013263 0.262599469496021 0.0459770114942529 0.218390804597701 0.0495137046861185
"cheMyd" 0.183023872679045 0.0645446507515473 0 0.0618921308576481 0.0512820512820513 0.0618921308576481 0.0654288240495137 0.0353669319186561 0.0671971706454465 0.106984969053935 0.0601237842617153 0.0574712643678161 0.128205128205128 0.127320954907162 0.267020335985853 0.0530503978779841 0.21131741821397 0.0512820512820513
"cheSer" 0.183023872679045 0.0601237842617153 0.0618921308576481 0 0.0539345711759505 0.0574712643678161 0.0601237842617153 0.0610079575596817 0.0565870910698497 0.1105216622458 0.0539345711759505 0.0512820512820513 0.13262599469496 0.125552608311229 0.261715296198055 0.0468611847922193 0.206012378426172 0.0530503978779841
"chrPic" 0.175950486295314 0.0512820512820513 0.0512820512820513 0.0539345711759505 0 0.0459770114942529 0.0468611847922193 0.0503978779840849 0.0565870910698497 0.106984969053935 0.0468611847922193 0.0141467727674624 0.127320954907162 0.120247568523431 0.268788682581786 0.0353669319186561 0.214854111405836 0.0212201591511936
"cuoAmb" 0.172413793103448 0.0450928381962865 0.0618921308576481 0.0574712643678161 0.0459770114942529 0 0.02210433244916 0.0627763041556145 0.0636604774535809 0.101679929266136 0.0389036251105217 0.0459770114942529 0.126436781609195 0.120247568523431 0.263483642793988 0.0433244916003537 0.213085764809903 0.0415561450044209
"cuoMcc" 0.172413793103448 0.0468611847922193 0.0654288240495137 0.0601237842617153 0.0468611847922193 0.02210433244916 0 0.0654288240495137 0.0645446507515473 0.103448275862069 0.0397877984084881 0.0450928381962865 0.126436781609195 0.120247568523431 0.266136162687887 0.0442086648983201 0.206896551724138 0.0424403183023873
"derCor" 0.178603006189213 0.0645446507515473 0.0353669319186561 0.0610079575596817 0.0503978779840849 0.0627763041556145 0.0654288240495137 0 0.0671971706454465 0.109637488947834 0.0592396109637489 0.0530503978779841 0.13262599469496 0.126436781609195 0.263483642793988 0.0530503978779841 0.216622458001768 0.0521662245800177
"derMaw" 0.17948717948718 0.0654288240495137 0.0671971706454465 0.0565870910698497 0.0565870910698497 0.0636604774535809 0.0645446507515473 0.0671971706454465 0 0.111405835543767 0.0592396109637489 0.0565870910698497 0.135278514588859 0.127320954907162 0.259062776304156 0.0530503978779841 0.208664898320071 0.0592396109637489
"emySub" 0.192749778956675 0.113174182139699 0.106984969053935 0.1105216622458 0.106984969053935 0.101679929266136 0.103448275862069 0.109637488947834 0.111405835543767 0 0.101679929266136 0.105216622458002 0.0680813439434129 0.0831122900088417 0.278514588859416 0.0981432360742706 0.17948717948718 0.0981432360742706
"gopAga" 0.171529619805482 0.0353669319186561 0.0601237842617153 0.0539345711759505 0.0468611847922193 0.0389036251105217 0.0397877984084881 0.0592396109637489 0.0592396109637489 0.101679929266136 0 0.0433244916003537 0.122015915119363 0.119363395225464 0.264367816091954 0.0406719717064545 0.213085764809903 0.0442086648983201
"malTer" 0.171529619805482 0.0495137046861185 0.0574712643678161 0.0512820512820513 0.0141467727674624 0.0459770114942529 0.0450928381962865 0.0530503978779841 0.0565870910698497 0.105216622458002 0.0433244916003537 0 0.129089301503095 0.121131741821397 0.268788682581786 0.0335985853227233 0.213085764809903 0.0229885057471264
"mesTub" 0.20159151193634 0.133510167992927 0.128205128205128 0.13262599469496 0.127320954907162 0.126436781609195 0.126436781609195 0.13262599469496 0.135278514588859 0.0680813439434129 0.122015915119363 0.129089301503095 0 0.115826702033599 0.288240495137047 0.122015915119363 0.21131741821397 0.126436781609195
"pelCas" 0.207780725022104 0.124668435013263 0.127320954907162 0.125552608311229 0.120247568523431 0.120247568523431 0.120247568523431 0.126436781609195 0.127320954907162 0.0831122900088417 0.119363395225464 0.121131741821397 0.115826702033599 0 0.28735632183908 0.115826702033599 0.178603006189213 0.121131741821397
"pelSin" 0.296198054818744 0.262599469496021 0.267020335985853 0.261715296198055 0.268788682581786 0.263483642793988 0.266136162687887 0.263483642793988 0.259062776304156 0.278514588859416 0.264367816091954 0.268788682581786 0.288240495137047 0.28735632183908 0 0.256410256410256 0.303271441202476 0.262599469496021
"plaMeg" 0.169761273209549 0.0459770114942529 0.0530503978779841 0.0468611847922193 0.0353669319186561 0.0433244916003537 0.0442086648983201 0.0530503978779841 0.0530503978779841 0.0981432360742706 0.0406719717064545 0.0335985853227233 0.122015915119363 0.115826702033599 0.256410256410256 0 0.213969938107869 0.0335985853227233
"podExp" 0.258178603006189 0.218390804597701 0.21131741821397 0.206012378426172 0.214854111405836 0.213085764809903 0.206896551724138 0.216622458001768 0.208664898320071 0.17948717948718 0.213085764809903 0.213085764809903 0.21131741821397 0.178603006189213 0.303271441202476 0.213969938107869 0 0.214854111405836
"terMex" 0.175066312997347 0.0495137046861185 0.0512820512820513 0.0530503978779841 0.0212201591511936 0.0415561450044209 0.0424403183023873 0.0521662245800177 0.0592396109637489 0.0981432360742706 0.0442086648983201 0.0229885057471264 0.126436781609195 0.121131741821397 0.262599469496021 0.0335985853227233 0.214854111405836 0
