"carIns" "cheMyd" "cheSer" "chrPic" "cuoAmb" "cuoMcc" "derCor" "derMaw" "emySub" "gopAga" "malTer" "mesTub" "pelCas" "pelSin" "plaMeg" "podExp" "terMex"
"carIns" 0 0.0974930362116992 0.0919220055710306 0.136490250696379 0.0947075208913649 0.096100278551532 0.0974930362116992 0.116991643454039 0.257660167130919 0.0947075208913649 0.225626740947075 0.225626740947075 0.413649025069638 0.116991643454039 0.116991643454039 0.222841225626741 0.227019498607242
"cheMyd" 0.0974930362116992 0 0.0348189415041783 0.0863509749303621 0.0417827298050139 0.0403899721448468 0.0236768802228412 0.0668523676880223 0.233983286908078 0.0362116991643454 0.176880222841226 0.197771587743733 0.394150417827298 0.096100278551532 0.0626740947075209 0.200557103064067 0.185236768802228
"cheSer" 0.0919220055710306 0.0348189415041783 0 0.0779944289693593 0.0278551532033426 0.0264623955431755 0.0403899721448468 0.052924791086351 0.225626740947075 0.0250696378830084 0.168523676880223 0.18941504178273 0.389972144846797 0.0821727019498607 0.0515320334261838 0.18941504178273 0.171309192200557
"chrPic" 0.136490250696379 0.0863509749303621 0.0779944289693593 0 0.0752089136490251 0.0738161559888579 0.096100278551532 0.105849582172702 0.239554317548747 0.0724233983286908 0.115598885793872 0.211699164345404 0.420612813370474 0.126740947075209 0.101671309192201 0.224233983286908 0.193593314763231
"cuoAmb" 0.0947075208913649 0.0417827298050139 0.0278551532033426 0.0752089136490251 0 0.00417827298050139 0.0487465181058496 0.0557103064066852 0.228412256267409 0.0222841225626741 0.165738161559889 0.196378830083565 0.396935933147632 0.0807799442896936 0.0487465181058496 0.190807799442897 0.168523676880223
"cuoMcc" 0.096100278551532 0.0403899721448468 0.0264623955431755 0.0738161559888579 0.00417827298050139 0 0.0473537604456825 0.0543175487465181 0.228412256267409 0.020891364902507 0.165738161559889 0.193593314763231 0.395543175487465 0.0793871866295265 0.0473537604456825 0.18941504178273 0.167130919220056
"derCor" 0.0974930362116992 0.0236768802228412 0.0403899721448468 0.096100278551532 0.0487465181058496 0.0473537604456825 0 0.0710306406685237 0.233983286908078 0.0431754874651811 0.185236768802228 0.200557103064067 0.395543175487465 0.0947075208913649 0.0682451253481894 0.201949860724234 0.193593314763231
"derMaw" 0.116991643454039 0.0668523676880223 0.052924791086351 0.105849582172702 0.0557103064066852 0.0543175487465181 0.0710306406685237 0 0.236768802228412 0.0487465181058496 0.192200557103064 0.197771587743733 0.395543175487465 0.107242339832869 0.0710306406685237 0.20891364902507 0.193593314763231
"emySub" 0.257660167130919 0.233983286908078 0.225626740947075 0.239554317548747 0.228412256267409 0.228412256267409 0.233983286908078 0.236768802228412 0 0.229805013927577 0.318941504178273 0.123955431754875 0.448467966573816 0.247910863509749 0.242339832869081 0.246518105849582 0.332869080779944
"gopAga" 0.0947075208913649 0.0362116991643454 0.0250696378830084 0.0724233983286908 0.0222841225626741 0.020891364902507 0.0431754874651811 0.0487465181058496 0.229805013927577 0 0.164345403899721 0.190807799442897 0.399721448467967 0.084958217270195 0.0487465181058496 0.18941504178273 0.165738161559889
"malTer" 0.225626740947075 0.176880222841226 0.168523676880223 0.115598885793872 0.165738161559889 0.165738161559889 0.185236768802228 0.192200557103064 0.318941504178273 0.164345403899721 0 0.286908077994429 0.502785515320334 0.21866295264624 0.190807799442897 0.296657381615599 0.285515320334262
"mesTub" 0.225626740947075 0.197771587743733 0.18941504178273 0.211699164345404 0.196378830083565 0.193593314763231 0.200557103064067 0.197771587743733 0.123955431754875 0.190807799442897 0.286908077994429 0 0.402506963788301 0.214484679665738 0.204735376044568 0.204735376044568 0.306406685236769
"pelCas" 0.413649025069638 0.394150417827298 0.389972144846797 0.420612813370474 0.396935933147632 0.395543175487465 0.395543175487465 0.395543175487465 0.448467966573816 0.399721448467967 0.502785515320334 0.402506963788301 0 0.399721448467967 0.401114206128134 0.384401114206128 0.483286908077994
"pelSin" 0.116991643454039 0.096100278551532 0.0821727019498607 0.126740947075209 0.0807799442896936 0.0793871866295265 0.0947075208913649 0.107242339832869 0.247910863509749 0.084958217270195 0.21866295264624 0.214484679665738 0.399721448467967 0 0.0988857938718663 0.215877437325905 0.211699164345404
"plaMeg" 0.116991643454039 0.0626740947075209 0.0515320334261838 0.101671309192201 0.0487465181058496 0.0473537604456825 0.0682451253481894 0.0710306406685237 0.242339832869081 0.0487465181058496 0.190807799442897 0.204735376044568 0.401114206128134 0.0988857938718663 0 0.210306406685237 0.190807799442897
"podExp" 0.222841225626741 0.200557103064067 0.18941504178273 0.224233983286908 0.190807799442897 0.18941504178273 0.201949860724234 0.20891364902507 0.246518105849582 0.18941504178273 0.296657381615599 0.204735376044568 0.384401114206128 0.215877437325905 0.210306406685237 0 0.292479108635098
"terMex" 0.227019498607242 0.185236768802228 0.171309192200557 0.193593314763231 0.168523676880223 0.167130919220056 0.193593314763231 0.193593314763231 0.332869080779944 0.165738161559889 0.285515320334262 0.306406685236769 0.483286908077994 0.211699164345404 0.190807799442897 0.292479108635098 0
