"carIns" "cheAbi" "cheMyd" "cheSer" "chrPic" "cuoAmb" "derCor" "derMaw" "emySub" "gopAga" "malTer" "mesTub" "pelCas" "pelSin" "plaMeg" "podExp" "terMex"
"carIns" 0 0.129166666666667 0.133333333333333 0.125 0.131944444444444 0.136111111111111 0.131944444444444 0.159722222222222 0.165277777777778 0.130555555555556 0.1875 0.154166666666667 0.1375 0.133333333333333 0.159722222222222 0.133333333333333 0.161111111111111
"cheAbi" 0.129166666666667 0 0.0208333333333333 0.0236111111111111 0.0194444444444444 0.0166666666666667 0.0166666666666667 0.0611111111111111 0.0902777777777778 0.0125 0.0833333333333333 0.104166666666667 0.0583333333333333 0.0722222222222222 0.0569444444444444 0.0652777777777778 0.0569444444444444
"cheMyd" 0.133333333333333 0.0208333333333333 0 0.025 0.0263888888888889 0.0263888888888889 0.0125 0.0652777777777778 0.0888888888888889 0.0277777777777778 0.0902777777777778 0.109722222222222 0.0541666666666667 0.0763888888888889 0.0638888888888889 0.0611111111111111 0.0625
"cheSer" 0.125 0.0236111111111111 0.025 0 0.0263888888888889 0.0277777777777778 0.0208333333333333 0.0680555555555555 0.0861111111111111 0.0277777777777778 0.0902777777777778 0.1 0.0541666666666667 0.0708333333333333 0.0638888888888889 0.0625 0.0611111111111111
"chrPic" 0.131944444444444 0.0194444444444444 0.0263888888888889 0.0263888888888889 0 0.0263888888888889 0.0222222222222222 0.0638888888888889 0.0944444444444444 0.0263888888888889 0.075 0.109722222222222 0.0638888888888889 0.0777777777777778 0.0569444444444444 0.0708333333333333 0.05
"cuoAmb" 0.136111111111111 0.0166666666666667 0.0263888888888889 0.0277777777777778 0.0263888888888889 0 0.0222222222222222 0.0680555555555555 0.0958333333333333 0.0236111111111111 0.0888888888888889 0.108333333333333 0.0652777777777778 0.0791666666666667 0.0625 0.0694444444444444 0.0625
"derCor" 0.131944444444444 0.0166666666666667 0.0125 0.0208333333333333 0.0222222222222222 0.0222222222222222 0 0.0625 0.0902777777777778 0.0236111111111111 0.0833333333333333 0.102777777777778 0.0555555555555556 0.0722222222222222 0.0569444444444444 0.0652777777777778 0.0569444444444444
"derMaw" 0.159722222222222 0.0611111111111111 0.0652777777777778 0.0680555555555555 0.0638888888888889 0.0680555555555555 0.0625 0 0.0958333333333333 0.0680555555555555 0.0902777777777778 0.116666666666667 0.0930555555555556 0.111111111111111 0.0708333333333333 0.105555555555556 0.0694444444444444
"emySub" 0.165277777777778 0.0902777777777778 0.0888888888888889 0.0861111111111111 0.0944444444444444 0.0958333333333333 0.0902777777777778 0.0958333333333333 0 0.0944444444444444 0.125 0.0805555555555556 0.0819444444444444 0.106944444444444 0.0972222222222222 0.0902777777777778 0.0972222222222222
"gopAga" 0.130555555555556 0.0125 0.0277777777777778 0.0277777777777778 0.0263888888888889 0.0236111111111111 0.0236111111111111 0.0680555555555555 0.0944444444444444 0 0.0902777777777778 0.105555555555556 0.0625 0.075 0.0638888888888889 0.0694444444444444 0.0638888888888889
"malTer" 0.1875 0.0833333333333333 0.0902777777777778 0.0902777777777778 0.075 0.0888888888888889 0.0833333333333333 0.0902777777777778 0.125 0.0902777777777778 0 0.134722222222222 0.125 0.118055555555556 0.0472222222222222 0.133333333333333 0.0722222222222222
"mesTub" 0.154166666666667 0.104166666666667 0.109722222222222 0.1 0.109722222222222 0.108333333333333 0.102777777777778 0.116666666666667 0.0805555555555556 0.105555555555556 0.134722222222222 0 0.108333333333333 0.120833333333333 0.102777777777778 0.113888888888889 0.109722222222222
"pelCas" 0.1375 0.0583333333333333 0.0541666666666667 0.0541666666666667 0.0638888888888889 0.0652777777777778 0.0555555555555556 0.0930555555555556 0.0819444444444444 0.0625 0.125 0.108333333333333 0 0.0833333333333333 0.0972222222222222 0.0486111111111111 0.0958333333333333
"pelSin" 0.133333333333333 0.0722222222222222 0.0763888888888889 0.0708333333333333 0.0777777777777778 0.0791666666666667 0.0722222222222222 0.111111111111111 0.106944444444444 0.075 0.118055555555556 0.120833333333333 0.0833333333333333 0 0.109722222222222 0.0847222222222222 0.111111111111111
"plaMeg" 0.159722222222222 0.0569444444444444 0.0638888888888889 0.0638888888888889 0.0569444444444444 0.0625 0.0569444444444444 0.0708333333333333 0.0972222222222222 0.0638888888888889 0.0472222222222222 0.102777777777778 0.0972222222222222 0.109722222222222 0 0.104166666666667 0.0513888888888889
"podExp" 0.133333333333333 0.0652777777777778 0.0611111111111111 0.0625 0.0708333333333333 0.0694444444444444 0.0652777777777778 0.105555555555556 0.0902777777777778 0.0694444444444444 0.133333333333333 0.113888888888889 0.0486111111111111 0.0847222222222222 0.104166666666667 0 0.101388888888889
"terMex" 0.161111111111111 0.0569444444444444 0.0625 0.0611111111111111 0.05 0.0625 0.0569444444444444 0.0694444444444444 0.0972222222222222 0.0638888888888889 0.0722222222222222 0.109722222222222 0.0958333333333333 0.111111111111111 0.0513888888888889 0.101388888888889 0
