"cheAbi" "cuoMcc" "derCor" "derMaw" "emySub" "gopAga" "malTer" "mesTub" "pelCas" "plaMeg" "podExp" "terMex"
"cheAbi" 0 0.0283261802575107 0.0454935622317597 0.0540772532188841 0.0909871244635193 0.0214592274678112 0.103004291845494 0.0935622317596567 0.0909871244635193 0.0343347639484979 0.309012875536481 0.0377682403433476
"cuoMcc" 0.0283261802575107 0 0.0343347639484979 0.0386266094420601 0.0918454935622318 0.015450643776824 0.0952789699570815 0.0952789699570815 0.0824034334763949 0.032618025751073 0.305579399141631 0.0343347639484979
"derCor" 0.0454935622317597 0.0343347639484979 0 0.0394849785407725 0.0927038626609442 0.032618025751073 0.102145922746781 0.0944206008583691 0.0789699570815451 0.0377682403433476 0.303862660944206 0.0394849785407725
"derMaw" 0.0540772532188841 0.0386266094420601 0.0394849785407725 0 0.0978540772532189 0.0412017167381974 0.108154506437768 0.103004291845494 0.0866952789699571 0.0437768240343348 0.309012875536481 0.0463519313304721
"emySub" 0.0909871244635193 0.0918454935622318 0.0927038626609442 0.0978540772532189 0 0.0909871244635193 0.146781115879828 0.0660944206008584 0.0875536480686695 0.0875536480686695 0.303862660944206 0.0875536480686695
"gopAga" 0.0214592274678112 0.015450643776824 0.032618025751073 0.0412017167381974 0.0909871244635193 0 0.0969957081545064 0.0927038626609442 0.0824034334763949 0.0309012875536481 0.304721030042918 0.0360515021459227
"malTer" 0.103004291845494 0.0952789699570815 0.102145922746781 0.108154506437768 0.146781115879828 0.0969957081545064 0 0.147639484978541 0.143347639484979 0.0918454935622318 0.362231759656652 0.096137339055794
"mesTub" 0.0935622317596567 0.0952789699570815 0.0944206008583691 0.103004291845494 0.0660944206008584 0.0927038626609442 0.147639484978541 0 0.0875536480686695 0.088412017167382 0.299570815450644 0.0995708154506438
"pelCas" 0.0909871244635193 0.0824034334763949 0.0789699570815451 0.0866952789699571 0.0875536480686695 0.0824034334763949 0.143347639484979 0.0875536480686695 0 0.0909871244635193 0.285836909871245 0.0944206008583691
"plaMeg" 0.0343347639484979 0.032618025751073 0.0377682403433476 0.0437768240343348 0.0875536480686695 0.0309012875536481 0.0918454935622318 0.088412017167382 0.0909871244635193 0 0.302145922746781 0.0266094420600858
"podExp" 0.309012875536481 0.305579399141631 0.303862660944206 0.309012875536481 0.303862660944206 0.304721030042918 0.362231759656652 0.299570815450644 0.285836909871245 0.302145922746781 0 0.309012875536481
"terMex" 0.0377682403433476 0.0343347639484979 0.0394849785407725 0.0463519313304721 0.0875536480686695 0.0360515021459227 0.096137339055794 0.0995708154506438 0.0944206008583691 0.0266094420600858 0.309012875536481 0
