"carIns" "cheAbi" "cheMyd" "cheSer" "cuoAmb" "cuoMcc" "derCor" "derMaw" "gopAga" "malTer" "pelCas" "pelSin" "plaMeg" "terMex"
"carIns" 0 0.0546448087431694 0.0557377049180328 0.053551912568306 0.053551912568306 0.0557377049180328 0.053551912568306 0.0601092896174863 0.0557377049180328 0.0786885245901639 0.0961748633879781 0.06775956284153 0.0546448087431694 0.0557377049180328
"cheAbi" 0.0546448087431694 0 0.0163934426229508 0.0174863387978142 0.00983606557377049 0.00983606557377049 0.0207650273224044 0.0229508196721311 0.00765027322404372 0.0437158469945355 0.0699453551912568 0.0469945355191257 0.0153005464480874 0.014207650273224
"cheMyd" 0.0557377049180328 0.0163934426229508 0 0.0163934426229508 0.0174863387978142 0.0174863387978142 0.0153005464480874 0.019672131147541 0.0174863387978142 0.0469945355191257 0.06775956284153 0.0469945355191257 0.0185792349726776 0.0174863387978142
"cheSer" 0.053551912568306 0.0174863387978142 0.0163934426229508 0 0.0163934426229508 0.0185792349726776 0.0207650273224044 0.0218579234972678 0.0185792349726776 0.0480874316939891 0.0666666666666667 0.0469945355191257 0.019672131147541 0.0163934426229508
"cuoAmb" 0.053551912568306 0.00983606557377049 0.0174863387978142 0.0163934426229508 0 0.00437158469945355 0.0218579234972678 0.0240437158469945 0.0109289617486339 0.0448087431693989 0.0710382513661202 0.0459016393442623 0.0163934426229508 0.0153005464480874
"cuoMcc" 0.0557377049180328 0.00983606557377049 0.0174863387978142 0.0185792349726776 0.00437158469945355 0 0.0218579234972678 0.0240437158469945 0.0109289617486339 0.0448087431693989 0.0710382513661202 0.0480874316939891 0.0163934426229508 0.0153005464480874
"derCor" 0.053551912568306 0.0207650273224044 0.0153005464480874 0.0207650273224044 0.0218579234972678 0.0218579234972678 0 0.0262295081967213 0.019672131147541 0.0513661202185792 0.0688524590163934 0.0491803278688525 0.0229508196721311 0.0218579234972678
"derMaw" 0.0601092896174863 0.0229508196721311 0.019672131147541 0.0218579234972678 0.0240437158469945 0.0240437158469945 0.0262295081967213 0 0.0240437158469945 0.053551912568306 0.0765027322404372 0.0459016393442623 0.0251366120218579 0.0218579234972678
"gopAga" 0.0557377049180328 0.00765027322404372 0.0174863387978142 0.0185792349726776 0.0109289617486339 0.0109289617486339 0.019672131147541 0.0240437158469945 0 0.0448087431693989 0.0666666666666667 0.0480874316939891 0.0163934426229508 0.0131147540983607
"malTer" 0.0786885245901639 0.0437158469945355 0.0469945355191257 0.0480874316939891 0.0448087431693989 0.0448087431693989 0.0513661202185792 0.053551912568306 0.0448087431693989 0 0.0939890710382514 0.0754098360655738 0.0459016393442623 0.0426229508196721
"pelCas" 0.0961748633879781 0.0699453551912568 0.06775956284153 0.0666666666666667 0.0710382513661202 0.0710382513661202 0.0688524590163934 0.0765027322404372 0.0666666666666667 0.0939890710382514 0 0.0907103825136612 0.0699453551912568 0.0688524590163934
"pelSin" 0.06775956284153 0.0469945355191257 0.0469945355191257 0.0469945355191257 0.0459016393442623 0.0480874316939891 0.0491803278688525 0.0459016393442623 0.0480874316939891 0.0754098360655738 0.0907103825136612 0 0.0491803278688525 0.0459016393442623
"plaMeg" 0.0546448087431694 0.0153005464480874 0.0185792349726776 0.019672131147541 0.0163934426229508 0.0163934426229508 0.0229508196721311 0.0251366120218579 0.0163934426229508 0.0459016393442623 0.0699453551912568 0.0491803278688525 0 0.0163934426229508
"terMex" 0.0557377049180328 0.014207650273224 0.0174863387978142 0.0163934426229508 0.0153005464480874 0.0153005464480874 0.0218579234972678 0.0218579234972678 0.0131147540983607 0.0426229508196721 0.0688524590163934 0.0459016393442623 0.0163934426229508 0
