"carIns" "cheAbi" "cheMyd" "cheSer" "chrPic" "cuoAmb" "cuoMcc" "derMaw" "emySub" "malTer" "mesTub" "pelCas" "pelSin" "plaMeg" "podExp" "terMex"
"carIns" 0 0.0984308131241084 0.14265335235378 0.094151212553495 0.0955777460770328 0.141226818830243 0.0998573466476462 0.14265335235378 0.0955777460770328 0.10413694721826 0.0998573466476462 0.124108416547789 0.132667617689016 0.101283880171184 0.139800285306705 0.094151212553495
"cheAbi" 0.0984308131241084 0 0.105563480741797 0.0399429386590585 0.0313837375178317 0.0756062767475036 0.0185449358059914 0.094151212553495 0.065620542082739 0.0385164051355207 0.0627674750356633 0.0912981455064194 0.119828815977175 0.0385164051355207 0.132667617689016 0.0313837375178317
"cheMyd" 0.14265335235378 0.105563480741797 0 0.0998573466476462 0.0970042796005706 0.0898716119828816 0.105563480741797 0.0998573466476462 0.134094151212553 0.106990014265335 0.124108416547789 0.151212553495007 0.134094151212553 0.108416547788873 0.132667617689016 0.0998573466476462
"cheSer" 0.094151212553495 0.0399429386590585 0.0998573466476462 0 0.0370898716119829 0.094151212553495 0.0385164051355207 0.094151212553495 0.0684736091298146 0.0442225392296719 0.065620542082739 0.0884450784593438 0.125534950071327 0.0399429386590585 0.134094151212553 0.0399429386590585
"chrPic" 0.0955777460770328 0.0313837375178317 0.0970042796005706 0.0370898716119829 0 0.0841654778887304 0.0313837375178317 0.0912981455064194 0.0670470756062767 0.0156918687589158 0.065620542082739 0.0955777460770328 0.125534950071327 0.0356633380884451 0.136947218259629 0.0199714693295292
"cuoAmb" 0.141226818830243 0.0756062767475036 0.0898716119828816 0.094151212553495 0.0841654778887304 0 0.0670470756062767 0.101283880171184 0.122681883024251 0.094151212553495 0.114122681883024 0.135520684736091 0.135520684736091 0.0912981455064194 0.139800285306705 0.0827389443651926
"cuoMcc" 0.0998573466476462 0.0185449358059914 0.105563480741797 0.0385164051355207 0.0313837375178317 0.0670470756062767 0 0.101283880171184 0.0699001426533524 0.0385164051355207 0.0641940085592011 0.0955777460770328 0.124108416547789 0.0342368045649073 0.138373751783167 0.0256776034236805
"derMaw" 0.14265335235378 0.094151212553495 0.0998573466476462 0.094151212553495 0.0912981455064194 0.101283880171184 0.101283880171184 0 0.128388017118402 0.101283880171184 0.119828815977175 0.136947218259629 0.114122681883024 0.102710413694722 0.144079885877318 0.0927246790299572
"emySub" 0.0955777460770328 0.065620542082739 0.134094151212553 0.0684736091298146 0.0670470756062767 0.122681883024251 0.0699001426533524 0.128388017118402 0 0.0770328102710414 0.0385164051355207 0.0784593437945792 0.139800285306705 0.0784593437945792 0.115549215406562 0.0684736091298146
"malTer" 0.10413694721826 0.0385164051355207 0.106990014265335 0.0442225392296719 0.0156918687589158 0.094151212553495 0.0385164051355207 0.101283880171184 0.0770328102710414 0 0.0756062767475036 0.105563480741797 0.131241084165478 0.0399429386590585 0.145506419400856 0.0271041369472183
"mesTub" 0.0998573466476462 0.0627674750356633 0.124108416547789 0.065620542082739 0.065620542082739 0.114122681883024 0.0641940085592011 0.119828815977175 0.0385164051355207 0.0756062767475036 0 0.0713266761768902 0.134094151212553 0.0699001426533524 0.114122681883024 0.0641940085592011
"pelCas" 0.124108416547789 0.0912981455064194 0.151212553495007 0.0884450784593438 0.0955777460770328 0.135520684736091 0.0955777460770328 0.136947218259629 0.0784593437945792 0.105563480741797 0.0713266761768902 0 0.148359486447932 0.0998573466476462 0.125534950071327 0.094151212553495
"pelSin" 0.132667617689016 0.119828815977175 0.134094151212553 0.125534950071327 0.125534950071327 0.135520684736091 0.124108416547789 0.114122681883024 0.139800285306705 0.131241084165478 0.134094151212553 0.148359486447932 0 0.131241084165478 0.156918687589158 0.124108416547789
"plaMeg" 0.101283880171184 0.0385164051355207 0.108416547788873 0.0399429386590585 0.0356633380884451 0.0912981455064194 0.0342368045649073 0.102710413694722 0.0784593437945792 0.0399429386590585 0.0699001426533524 0.0998573466476462 0.131241084165478 0 0.139800285306705 0.0342368045649073
"podExp" 0.139800285306705 0.132667617689016 0.132667617689016 0.134094151212553 0.136947218259629 0.139800285306705 0.138373751783167 0.144079885877318 0.115549215406562 0.145506419400856 0.114122681883024 0.125534950071327 0.156918687589158 0.139800285306705 0 0.136947218259629
"terMex" 0.094151212553495 0.0313837375178317 0.0998573466476462 0.0399429386590585 0.0199714693295292 0.0827389443651926 0.0256776034236805 0.0927246790299572 0.0684736091298146 0.0271041369472183 0.0641940085592011 0.094151212553495 0.124108416547789 0.0342368045649073 0.136947218259629 0
