"carIns" "cheAbi" "cheMyd" "cheSer" "chrPic" "cuoAmb" "cuoMcc" "derCor" "derMaw" "emySub" "gopAga" "malTer" "mesTub" "pelCas" "pelSin" "plaMeg" "podExp" "terMex"
"carIns" 0 0.0850678733031674 0.0751131221719457 0.0751131221719457 0.0769230769230769 0.0733031674208145 0.0714932126696833 0.0787330316742081 0.097737556561086 0.0968325791855204 0.0823529411764706 0.0778280542986425 0.097737556561086 0.110407239819005 0.0895927601809955 0.0733031674208145 0.120361990950226 0.0760180995475113
"cheAbi" 0.0850678733031674 0 0.0389140271493213 0.0506787330316742 0.032579185520362 0.0244343891402715 0.020814479638009 0.0461538461538462 0.0660633484162896 0.085972850678733 0.0190045248868778 0.0334841628959276 0.0868778280542986 0.106787330316742 0.107692307692308 0.032579185520362 0.114027149321267 0.0298642533936652
"cheMyd" 0.0751131221719457 0.0389140271493213 0 0.0343891402714932 0.032579185520362 0.0307692307692308 0.0271493212669683 0.0217194570135747 0.0588235294117647 0.0760180995475113 0.03710407239819 0.0334841628959276 0.0733031674208145 0.0959276018099548 0.0995475113122172 0.0298642533936652 0.104977375565611 0.0307692307692308
"cheSer" 0.0751131221719457 0.0506787330316742 0.0343891402714932 0 0.0389140271493213 0.0407239819004525 0.03710407239819 0.0416289592760181 0.0597285067873303 0.0787330316742081 0.0470588235294118 0.0398190045248869 0.0823529411764706 0.0995475113122172 0.102262443438914 0.0398190045248869 0.104977375565611 0.03710407239819
"chrPic" 0.0769230769230769 0.032579185520362 0.032579185520362 0.0389140271493213 0 0.020814479638009 0.0171945701357466 0.0380090497737557 0.0542986425339367 0.0805429864253394 0.0298642533936652 0.00452488687782805 0.0778280542986425 0.0968325791855204 0.097737556561086 0.0199095022624434 0.102262443438914 0.0117647058823529
"cuoAmb" 0.0733031674208145 0.0244343891402715 0.0307692307692308 0.0407239819004525 0.020814479638009 0 0.00361990950226244 0.0343891402714932 0.0552036199095023 0.0805429864253394 0.0217194570135747 0.0199095022624434 0.0796380090497738 0.0968325791855204 0.097737556561086 0.020814479638009 0.104977375565611 0.0180995475113122
"cuoMcc" 0.0714932126696833 0.020814479638009 0.0271493212669683 0.03710407239819 0.0171945701357466 0.00361990950226244 0 0.032579185520362 0.0515837104072398 0.0787330316742081 0.0199095022624434 0.0180995475113122 0.0760180995475113 0.0968325791855204 0.0959276018099548 0.0171945701357466 0.10316742081448 0.0144796380090498
"derCor" 0.0787330316742081 0.0461538461538462 0.0217194570135747 0.0416289592760181 0.0380090497737557 0.0343891402714932 0.032579185520362 0 0.0624434389140271 0.0832579185520362 0.0389140271493213 0.03710407239819 0.0832579185520362 0.097737556561086 0.10316742081448 0.03710407239819 0.106787330316742 0.0361990950226244
"derMaw" 0.097737556561086 0.0660633484162896 0.0588235294117647 0.0597285067873303 0.0542986425339367 0.0552036199095023 0.0515837104072398 0.0624434389140271 0 0.104977375565611 0.0642533936651584 0.0561085972850679 0.102262443438914 0.115837104072398 0.118552036199095 0.0561085972850679 0.120361990950226 0.053393665158371
"emySub" 0.0968325791855204 0.085972850678733 0.0760180995475113 0.0787330316742081 0.0805429864253394 0.0805429864253394 0.0787330316742081 0.0832579185520362 0.104977375565611 0 0.0868778280542986 0.081447963800905 0.0452488687782805 0.081447963800905 0.109502262443439 0.081447963800905 0.0914027149321267 0.0805429864253394
"gopAga" 0.0823529411764706 0.0190045248868778 0.03710407239819 0.0470588235294118 0.0298642533936652 0.0217194570135747 0.0199095022624434 0.0389140271493213 0.0642533936651584 0.0868778280542986 0 0.0307692307692308 0.0841628959276018 0.100452488687783 0.104072398190045 0.0280542986425339 0.110407239819005 0.0271493212669683
"malTer" 0.0778280542986425 0.0334841628959276 0.0334841628959276 0.0398190045248869 0.00452488687782805 0.0199095022624434 0.0180995475113122 0.03710407239819 0.0561085972850679 0.081447963800905 0.0307692307692308 0 0.0805429864253394 0.097737556561086 0.097737556561086 0.020814479638009 0.104977375565611 0.0126696832579186
"mesTub" 0.097737556561086 0.0868778280542986 0.0733031674208145 0.0823529411764706 0.0778280542986425 0.0796380090497738 0.0760180995475113 0.0832579185520362 0.102262443438914 0.0452488687782805 0.0841628959276018 0.0805429864253394 0 0.0850678733031674 0.107692307692308 0.0778280542986425 0.0914027149321267 0.0787330316742081
"pelCas" 0.110407239819005 0.106787330316742 0.0959276018099548 0.0995475113122172 0.0968325791855204 0.0968325791855204 0.0968325791855204 0.097737556561086 0.115837104072398 0.081447963800905 0.100452488687783 0.097737556561086 0.0850678733031674 0 0.124886877828054 0.097737556561086 0.0669683257918552 0.0968325791855204
"pelSin" 0.0895927601809955 0.107692307692308 0.0995475113122172 0.102262443438914 0.097737556561086 0.097737556561086 0.0959276018099548 0.10316742081448 0.118552036199095 0.109502262443439 0.104072398190045 0.097737556561086 0.107692307692308 0.124886877828054 0 0.0968325791855204 0.13393665158371 0.0968325791855204
"plaMeg" 0.0733031674208145 0.032579185520362 0.0298642533936652 0.0398190045248869 0.0199095022624434 0.020814479638009 0.0171945701357466 0.03710407239819 0.0561085972850679 0.081447963800905 0.0280542986425339 0.020814479638009 0.0778280542986425 0.097737556561086 0.0968325791855204 0 0.107692307692308 0.0171945701357466
"podExp" 0.120361990950226 0.114027149321267 0.104977375565611 0.104977375565611 0.102262443438914 0.104977375565611 0.10316742081448 0.106787330316742 0.120361990950226 0.0914027149321267 0.110407239819005 0.104977375565611 0.0914027149321267 0.0669683257918552 0.13393665158371 0.107692307692308 0 0.104072398190045
"terMex" 0.0760180995475113 0.0298642533936652 0.0307692307692308 0.03710407239819 0.0117647058823529 0.0180995475113122 0.0144796380090498 0.0361990950226244 0.053393665158371 0.0805429864253394 0.0271493212669683 0.0126696832579186 0.0787330316742081 0.0968325791855204 0.0968325791855204 0.0171945701357466 0.104072398190045 0
