"carIns" "cheAbi" "cheMyd" "cheSer" "chrPic" "cuoAmb" "cuoMcc" "derCor" "derMaw" "emySub" "gopAga" "malTer" "mesTub" "pelCas" "pelSin" "plaMeg" "podExp" "terMex"
"carIns" 0 0.0716723549488055 0.0648464163822526 0.0659840728100114 0.0602957906712173 0.0659840728100114 0.0648464163822526 0.0671217292377702 0.0705346985210466 0.0796359499431172 0.0648464163822526 0.0591581342434585 0.0864618885096701 0.0910125142207053 0.0625711035267349 0.0580204778156997 0.106939704209329 0.0614334470989761
"cheAbi" 0.0716723549488055 0 0.0329920364050057 0.0443686006825939 0.0307167235494881 0.0307167235494881 0.0261660978384528 0.0398179749715586 0.0489192263936291 0.0614334470989761 0.0182025028441411 0.0284414106939704 0.0728100113765643 0.0762229806598407 0.0659840728100114 0.025028441410694 0.0864618885096701 0.0318543799772469
"cheMyd" 0.0648464163822526 0.0329920364050057 0 0.0318543799772469 0.0284414106939704 0.0352673492605233 0.0318543799772469 0.0182025028441411 0.0443686006825939 0.055745164960182 0.0295790671217292 0.0261660978384528 0.0648464163822526 0.068259385665529 0.0591581342434585 0.0227531285551763 0.0853242320819113 0.0295790671217292
"cheSer" 0.0659840728100114 0.0443686006825939 0.0318543799772469 0 0.0273037542662116 0.037542662116041 0.0364050056882821 0.0307167235494881 0.0443686006825939 0.055745164960182 0.0364050056882821 0.0261660978384528 0.0625711035267349 0.0671217292377702 0.0591581342434585 0.0273037542662116 0.0864618885096701 0.0295790671217292
"chrPic" 0.0602957906712173 0.0307167235494881 0.0284414106939704 0.0273037542662116 0 0.0227531285551763 0.0193401592718999 0.0307167235494881 0.0398179749715586 0.0523321956769056 0.0216154721274175 0.00455062571103527 0.0659840728100114 0.0625711035267349 0.0546075085324232 0.0102389078498294 0.0853242320819113 0.00568828213879408
"cuoAmb" 0.0659840728100114 0.0307167235494881 0.0352673492605233 0.037542662116041 0.0227531285551763 0 0.0170648464163823 0.0398179749715586 0.0466439135381115 0.0602957906712173 0.0216154721274175 0.0227531285551763 0.0716723549488055 0.0705346985210466 0.0659840728100114 0.0193401592718999 0.0887372013651877 0.0238907849829352
"cuoMcc" 0.0648464163822526 0.0261660978384528 0.0318543799772469 0.0364050056882821 0.0193401592718999 0.0170648464163823 0 0.0364050056882821 0.0455062571103527 0.0602957906712173 0.0147895335608646 0.0193401592718999 0.0739476678043231 0.068259385665529 0.0602957906712173 0.0159271899886234 0.0853242320819113 0.0204778156996587
"derCor" 0.0671217292377702 0.0398179749715586 0.0182025028441411 0.0307167235494881 0.0307167235494881 0.0398179749715586 0.0364050056882821 0 0.0443686006825939 0.055745164960182 0.0341296928327645 0.0284414106939704 0.0625711035267349 0.068259385665529 0.0614334470989761 0.0273037542662116 0.0830489192263936 0.0318543799772469
"derMaw" 0.0705346985210466 0.0489192263936291 0.0443686006825939 0.0443686006825939 0.0398179749715586 0.0466439135381115 0.0455062571103527 0.0443686006825939 0 0.068259385665529 0.043230944254835 0.037542662116041 0.0750853242320819 0.0728100113765643 0.055745164960182 0.0364050056882821 0.0887372013651877 0.0409556313993174
"emySub" 0.0796359499431172 0.0614334470989761 0.055745164960182 0.055745164960182 0.0523321956769056 0.0602957906712173 0.0602957906712173 0.055745164960182 0.068259385665529 0 0.0625711035267349 0.0477815699658703 0.0318543799772469 0.0591581342434585 0.068259385665529 0.0511945392491468 0.0750853242320819 0.0534698521046644
"gopAga" 0.0648464163822526 0.0182025028441411 0.0295790671217292 0.0364050056882821 0.0216154721274175 0.0216154721274175 0.0147895335608646 0.0341296928327645 0.043230944254835 0.0625711035267349 0 0.0216154721274175 0.0716723549488055 0.0693970420932878 0.055745164960182 0.0159271899886234 0.0875995449374289 0.0227531285551763
"malTer" 0.0591581342434585 0.0284414106939704 0.0261660978384528 0.0261660978384528 0.00455062571103527 0.0227531285551763 0.0193401592718999 0.0284414106939704 0.037542662116041 0.0477815699658703 0.0216154721274175 0 0.0614334470989761 0.0580204778156997 0.0534698521046644 0.0102389078498294 0.080773606370876 0.00568828213879408
"mesTub" 0.0864618885096701 0.0728100113765643 0.0648464163822526 0.0625711035267349 0.0659840728100114 0.0716723549488055 0.0739476678043231 0.0625711035267349 0.0750853242320819 0.0318543799772469 0.0716723549488055 0.0614334470989761 0 0.0705346985210466 0.0773606370875995 0.0648464163822526 0.0750853242320819 0.0671217292377702
"pelCas" 0.0910125142207053 0.0762229806598407 0.068259385665529 0.0671217292377702 0.0625711035267349 0.0705346985210466 0.068259385665529 0.068259385665529 0.0728100113765643 0.0591581342434585 0.0693970420932878 0.0580204778156997 0.0705346985210466 0 0.0796359499431172 0.0614334470989761 0.0625711035267349 0.0637087599544937
"pelSin" 0.0625711035267349 0.0659840728100114 0.0591581342434585 0.0591581342434585 0.0546075085324232 0.0659840728100114 0.0602957906712173 0.0614334470989761 0.055745164960182 0.068259385665529 0.055745164960182 0.0534698521046644 0.0773606370875995 0.0796359499431172 0 0.0534698521046644 0.0967007963594994 0.0580204778156997
"plaMeg" 0.0580204778156997 0.025028441410694 0.0227531285551763 0.0273037542662116 0.0102389078498294 0.0193401592718999 0.0159271899886234 0.0273037542662116 0.0364050056882821 0.0511945392491468 0.0159271899886234 0.0102389078498294 0.0648464163822526 0.0614334470989761 0.0534698521046644 0 0.0841865756541524 0.0113765642775882
"podExp" 0.106939704209329 0.0864618885096701 0.0853242320819113 0.0864618885096701 0.0853242320819113 0.0887372013651877 0.0853242320819113 0.0830489192263936 0.0887372013651877 0.0750853242320819 0.0875995449374289 0.080773606370876 0.0750853242320819 0.0625711035267349 0.0967007963594994 0.0841865756541524 0 0.0864618885096701
"terMex" 0.0614334470989761 0.0318543799772469 0.0295790671217292 0.0295790671217292 0.00568828213879408 0.0238907849829352 0.0204778156996587 0.0318543799772469 0.0409556313993174 0.0534698521046644 0.0227531285551763 0.00568828213879408 0.0671217292377702 0.0637087599544937 0.0580204778156997 0.0113765642775882 0.0864618885096701 0
