"carIns" "cheAbi" "cheMyd" "cheSer" "chrPic" "cuoAmb" "cuoMcc" "derCor" "derMaw" "emySub" "gopAga" "malTer" "mesTub" "pelCas" "pelSin" "plaMeg" "podExp" "terMex"
"carIns" 0 0.0642750373692078 0.0657698056801196 0.062780269058296 0.121076233183857 0.161434977578475 0.0568011958146487 0.0762331838565022 0.0657698056801196 0.062780269058296 0.0657698056801196 0.0687593423019432 0.062780269058296 0.0732436472346786 0.070254110612855 0.446935724962631 0.0822122571001495 0.0657698056801196
"cheAbi" 0.0642750373692078 0 0.0179372197309417 0.0179372197309417 0.0807174887892377 0.130044843049327 0.0119581464872945 0.0284005979073244 0.0269058295964126 0.0298953662182362 0.0134529147982063 0.0269058295964126 0.031390134529148 0.031390134529148 0.0523168908819133 0.445440956651719 0.0478325859491779 0.0224215246636771
"cheMyd" 0.0657698056801196 0.0179372197309417 0 0.0179372197309417 0.077727952167414 0.125560538116592 0.0134529147982063 0.0164424514200299 0.0269058295964126 0.031390134529148 0.0194319880418535 0.0239162929745889 0.0298953662182362 0.0328849028400598 0.0553064275037369 0.452914798206278 0.0523168908819133 0.0194319880418535
"cheSer" 0.062780269058296 0.0179372197309417 0.0179372197309417 0 0.0807174887892377 0.131539611360239 0.0134529147982063 0.0284005979073244 0.0254110612855007 0.031390134529148 0.0194319880418535 0.0269058295964126 0.0328849028400598 0.0358744394618834 0.0493273542600897 0.452914798206278 0.0523168908819133 0.0194319880418535
"chrPic" 0.121076233183857 0.0807174887892377 0.077727952167414 0.0807174887892377 0 0.191330343796712 0.0762331838565022 0.0881913303437967 0.0896860986547085 0.0911808669656203 0.0792227204783259 0.062780269058296 0.0866965620328849 0.0926756352765321 0.10762331838565 0.47085201793722 0.106128550074738 0.070254110612855
"cuoAmb" 0.161434977578475 0.130044843049327 0.125560538116592 0.131539611360239 0.191330343796712 0 0.12406576980568 0.137518684603886 0.139013452914798 0.139013452914798 0.133034379671151 0.142002989536622 0.14050822122571 0.146487294469357 0.162929745889387 0.473841554559043 0.153961136023916 0.139013452914798
"cuoMcc" 0.0568011958146487 0.0119581464872945 0.0134529147982063 0.0134529147982063 0.0762331838565022 0.12406576980568 0 0.0239162929745889 0.0194319880418535 0.0239162929745889 0.0134529147982063 0.0224215246636771 0.0254110612855007 0.0284005979073244 0.0508221225710015 0.448430493273543 0.0448430493273543 0.0179372197309417
"derCor" 0.0762331838565022 0.0284005979073244 0.0164424514200299 0.0284005979073244 0.0881913303437967 0.137518684603886 0.0239162929745889 0 0.031390134529148 0.0418535127055306 0.0298953662182362 0.0343796711509716 0.0373692077727952 0.0433482810164425 0.0657698056801196 0.45440956651719 0.0597907324364723 0.0298953662182362
"derMaw" 0.0657698056801196 0.0269058295964126 0.0269058295964126 0.0254110612855007 0.0896860986547085 0.139013452914798 0.0194319880418535 0.031390134529148 0 0.0343796711509716 0.0284005979073244 0.0328849028400598 0.038863976083707 0.0448430493273543 0.0642750373692078 0.446935724962631 0.0582959641255605 0.0284005979073244
"emySub" 0.062780269058296 0.0298953662182362 0.031390134529148 0.031390134529148 0.0911808669656203 0.139013452914798 0.0239162929745889 0.0418535127055306 0.0343796711509716 0 0.031390134529148 0.0403587443946188 0.0239162929745889 0.031390134529148 0.0657698056801196 0.446935724962631 0.0433482810164425 0.0358744394618834
"gopAga" 0.0657698056801196 0.0134529147982063 0.0194319880418535 0.0194319880418535 0.0792227204783259 0.133034379671151 0.0134529147982063 0.0298953662182362 0.0284005979073244 0.031390134529148 0 0.0284005979073244 0.0328849028400598 0.0358744394618834 0.0538116591928251 0.442451420029895 0.0493273542600897 0.0239162929745889
"malTer" 0.0687593423019432 0.0269058295964126 0.0239162929745889 0.0269058295964126 0.062780269058296 0.142002989536622 0.0224215246636771 0.0343796711509716 0.0328849028400598 0.0403587443946188 0.0284005979073244 0 0.0358744394618834 0.0418535127055306 0.0612855007473842 0.45440956651719 0.0612855007473842 0.0104633781763827
"mesTub" 0.062780269058296 0.031390134529148 0.0298953662182362 0.0328849028400598 0.0866965620328849 0.14050822122571 0.0254110612855007 0.0373692077727952 0.038863976083707 0.0239162929745889 0.0328849028400598 0.0358744394618834 0 0.0298953662182362 0.062780269058296 0.449925261584454 0.0463378176382661 0.0343796711509716
"pelCas" 0.0732436472346786 0.031390134529148 0.0328849028400598 0.0358744394618834 0.0926756352765321 0.146487294469357 0.0284005979073244 0.0433482810164425 0.0448430493273543 0.031390134529148 0.0358744394618834 0.0418535127055306 0.0298953662182362 0 0.070254110612855 0.449925261584454 0.0358744394618834 0.0373692077727952
"pelSin" 0.070254110612855 0.0523168908819133 0.0553064275037369 0.0493273542600897 0.10762331838565 0.162929745889387 0.0508221225710015 0.0657698056801196 0.0642750373692078 0.0657698056801196 0.0538116591928251 0.0612855007473842 0.062780269058296 0.070254110612855 0 0.461883408071749 0.077727952167414 0.0597907324364723
"plaMeg" 0.446935724962631 0.445440956651719 0.452914798206278 0.452914798206278 0.47085201793722 0.473841554559043 0.448430493273543 0.45440956651719 0.446935724962631 0.446935724962631 0.442451420029895 0.45440956651719 0.449925261584454 0.449925261584454 0.461883408071749 0 0.448430493273543 0.45440956651719
"podExp" 0.0822122571001495 0.0478325859491779 0.0523168908819133 0.0523168908819133 0.106128550074738 0.153961136023916 0.0448430493273543 0.0597907324364723 0.0582959641255605 0.0433482810164425 0.0493273542600897 0.0612855007473842 0.0463378176382661 0.0358744394618834 0.077727952167414 0.448430493273543 0 0.0568011958146487
"terMex" 0.0657698056801196 0.0224215246636771 0.0194319880418535 0.0194319880418535 0.070254110612855 0.139013452914798 0.0179372197309417 0.0298953662182362 0.0284005979073244 0.0358744394618834 0.0239162929745889 0.0104633781763827 0.0343796711509716 0.0373692077727952 0.0597907324364723 0.45440956651719 0.0568011958146487 0
