"carIns" "cheAbi" "cheMyd" "cheSer" "chrPic" "cuoAmb" "cuoMcc" "derCor" "derMaw" "gopAga" "malTer" "mesTub" "pelCas" "plaMeg" "podExp" "terMex"
"carIns" 0 0.0705128205128205 0.115384615384615 0.0666666666666667 0.0769230769230769 0.0717948717948718 0.0730769230769231 0.0692307692307692 0.0782051282051282 0.0717948717948718 0.082051282051282 0.161538461538462 0.101282051282051 0.0705128205128205 0.11025641025641 0.082051282051282
"cheAbi" 0.0705128205128205 0 0.0666666666666667 0.0192307692307692 0.0243589743589744 0.0115384615384615 0.0102564102564103 0.032051282051282 0.0358974358974359 0.00641025641025641 0.0256410256410256 0.147435897435897 0.0794871794871795 0.0179487179487179 0.0858974358974359 0.0282051282051282
"cheMyd" 0.115384615384615 0.0666666666666667 0 0.058974358974359 0.0705128205128205 0.0653846153846154 0.0666666666666667 0.0615384615384615 0.0782051282051282 0.0653846153846154 0.0717948717948718 0.182051282051282 0.120512820512821 0.0641025641025641 0.130769230769231 0.0743589743589744
"cheSer" 0.0666666666666667 0.0192307692307692 0.058974358974359 0 0.0230769230769231 0.0205128205128205 0.0192307692307692 0.0217948717948718 0.0282051282051282 0.0179487179487179 0.0243589743589744 0.138461538461538 0.0756410256410256 0.0153846153846154 0.0807692307692308 0.0269230769230769
"chrPic" 0.0769230769230769 0.0243589743589744 0.0705128205128205 0.0230769230769231 0 0.0256410256410256 0.0243589743589744 0.0333333333333333 0.0397435897435897 0.0230769230769231 0.00897435897435897 0.142307692307692 0.0794871794871795 0.0179487179487179 0.0897435897435897 0.0230769230769231
"cuoAmb" 0.0717948717948718 0.0115384615384615 0.0653846153846154 0.0205128205128205 0.0256410256410256 0 0.00384615384615385 0.0307692307692308 0.0384615384615385 0.0102564102564103 0.0256410256410256 0.147435897435897 0.0782051282051282 0.0192307692307692 0.0858974358974359 0.0294871794871795
"cuoMcc" 0.0730769230769231 0.0102564102564103 0.0666666666666667 0.0192307692307692 0.0243589743589744 0.00384615384615385 0 0.032051282051282 0.0371794871794872 0.00897435897435897 0.0256410256410256 0.148717948717949 0.0794871794871795 0.0179487179487179 0.0871794871794872 0.0282051282051282
"derCor" 0.0692307692307692 0.032051282051282 0.0615384615384615 0.0217948717948718 0.0333333333333333 0.0307692307692308 0.032051282051282 0 0.0397435897435897 0.0307692307692308 0.0371794871794872 0.146153846153846 0.082051282051282 0.0269230769230769 0.091025641025641 0.0371794871794872
"derMaw" 0.0782051282051282 0.0358974358974359 0.0782051282051282 0.0282051282051282 0.0397435897435897 0.0384615384615385 0.0371794871794872 0.0397435897435897 0 0.0346153846153846 0.041025641025641 0.15 0.0871794871794872 0.0333333333333333 0.0923076923076923 0.0371794871794872
"gopAga" 0.0717948717948718 0.00641025641025641 0.0653846153846154 0.0179487179487179 0.0230769230769231 0.0102564102564103 0.00897435897435897 0.0307692307692308 0.0346153846153846 0 0.0243589743589744 0.146153846153846 0.0782051282051282 0.0166666666666667 0.0833333333333333 0.0269230769230769
"malTer" 0.082051282051282 0.0256410256410256 0.0717948717948718 0.0243589743589744 0.00897435897435897 0.0256410256410256 0.0256410256410256 0.0371794871794872 0.041025641025641 0.0243589743589744 0 0.144871794871795 0.0807692307692308 0.0205128205128205 0.0935897435897436 0.0243589743589744
"mesTub" 0.161538461538462 0.147435897435897 0.182051282051282 0.138461538461538 0.142307692307692 0.147435897435897 0.148717948717949 0.146153846153846 0.15 0.146153846153846 0.144871794871795 0 0.135897435897436 0.143589743589744 0.142307692307692 0.143589743589744
"pelCas" 0.101282051282051 0.0794871794871795 0.120512820512821 0.0756410256410256 0.0794871794871795 0.0782051282051282 0.0794871794871795 0.082051282051282 0.0871794871794872 0.0782051282051282 0.0807692307692308 0.135897435897436 0 0.0794871794871795 0.0705128205128205 0.082051282051282
"plaMeg" 0.0705128205128205 0.0179487179487179 0.0641025641025641 0.0153846153846154 0.0179487179487179 0.0192307692307692 0.0179487179487179 0.0269230769230769 0.0333333333333333 0.0166666666666667 0.0205128205128205 0.143589743589744 0.0794871794871795 0 0.0871794871794872 0.0230769230769231
"podExp" 0.11025641025641 0.0858974358974359 0.130769230769231 0.0807692307692308 0.0897435897435897 0.0858974358974359 0.0871794871794872 0.091025641025641 0.0923076923076923 0.0833333333333333 0.0935897435897436 0.142307692307692 0.0705128205128205 0.0871794871794872 0 0.0961538461538462
"terMex" 0.082051282051282 0.0282051282051282 0.0743589743589744 0.0269230769230769 0.0230769230769231 0.0294871794871795 0.0282051282051282 0.0371794871794872 0.0371794871794872 0.0269230769230769 0.0243589743589744 0.143589743589744 0.082051282051282 0.0230769230769231 0.0961538461538462 0
