"carIns" "cheAbi" "cheMyd" "cheSer" "chrPic" "cuoAmb" "cuoMcc" "derMaw" "emySub" "gopAga" "malTer" "mesTub" "pelCas" "pelSin" "podExp" "terMex"
"carIns" 0 0.0805162876459742 0.0835894283958205 0.0854333128457283 0.0851259987707437 0.0888137676705593 0.0897357098955132 0.0777504609711125 0.085740626920713 0.0918869084204057 0.0989551321450522 0.10940381069453 0.10079901659496 0.0832821143208359 0.108789182544561 0.0878918254456054
"cheAbi" 0.0805162876459742 0 0.0439459127228027 0.044560540872772 0.0414874001229256 0.0322679778733866 0.0331899200983405 0.0399508297480025 0.0590043023970498 0.031960663798402 0.053779963122311 0.0921942224953903 0.0759065765212047 0.0743700061462815 0.0863552550706822 0.0408727719729564
"cheMyd" 0.0835894283958205 0.0439459127228027 0 0.0298094652735095 0.0353411186232329 0.0402581438229871 0.0405654578979717 0.0433312845728334 0.0688383527965581 0.0414874001229256 0.0485556238475722 0.0869698832206515 0.0835894283958205 0.0799016594960049 0.0814382298709281 0.0353411186232329
"cheSer" 0.0854333128457283 0.044560540872772 0.0298094652735095 0 0.0298094652735095 0.0362630608481868 0.0371850030731408 0.0417947141979103 0.0657652120467117 0.0381069452980946 0.0439459127228027 0.0811309157959434 0.0814382298709281 0.0826674861708666 0.0820528580208974 0.0316533497234173
"chrPic" 0.0851259987707437 0.0414874001229256 0.0353411186232329 0.0298094652735095 0 0.0331899200983405 0.0359557467732022 0.044560540872772 0.0648432698217578 0.0359557467732022 0.0184388444990781 0.0802089735709896 0.0817455439459127 0.0817455439459127 0.0811309157959434 0.0245851259987707
"cuoAmb" 0.0888137676705593 0.0322679778733866 0.0402581438229871 0.0362630608481868 0.0331899200983405 0 0.0141364474492932 0.0488629379225569 0.0682237246465888 0.0279655808236017 0.0457897971727105 0.0875845113706208 0.0842040565457898 0.0845113706207744 0.082360172095882 0.0359557467732022
"cuoMcc" 0.0897357098955132 0.0331899200983405 0.0405654578979717 0.0371850030731408 0.0359557467732022 0.0141364474492932 0 0.0507068223724647 0.069760295021512 0.0291948371235403 0.0485556238475722 0.0875845113706208 0.0860479409956976 0.0848186846957591 0.0838967424708052 0.0381069452980946
"derMaw" 0.0777504609711125 0.0399508297480025 0.0433312845728334 0.0417947141979103 0.044560540872772 0.0488629379225569 0.0507068223724647 0 0.0586969883220652 0.0553165334972342 0.0590043023970498 0.0918869084204057 0.0768285187461586 0.076521204671174 0.0860479409956976 0.0473263675476337
"emySub" 0.085740626920713 0.0590043023970498 0.0688383527965581 0.0657652120467117 0.0648432698217578 0.0682237246465888 0.069760295021512 0.0586969883220652 0 0.0712968653964352 0.0780577750460971 0.0577750460971112 0.0559311616472034 0.0829748002458513 0.0719114935464044 0.0703749231714813
"gopAga" 0.0918869084204057 0.031960663798402 0.0414874001229256 0.0381069452980946 0.0359557467732022 0.0279655808236017 0.0291948371235403 0.0553165334972342 0.0712968653964352 0 0.0491702519975415 0.0888137676705593 0.0869698832206515 0.0872771972956361 0.0888137676705593 0.0368776889981561
"malTer" 0.0989551321450522 0.053779963122311 0.0485556238475722 0.0439459127228027 0.0184388444990781 0.0457897971727105 0.0485556238475722 0.0590043023970498 0.0780577750460971 0.0491702519975415 0 0.0921942224953903 0.0934234787953288 0.094960049170252 0.0909649661954517 0.0362630608481868
"mesTub" 0.10940381069453 0.0921942224953903 0.0869698832206515 0.0811309157959434 0.0802089735709896 0.0875845113706208 0.0875845113706208 0.0918869084204057 0.0577750460971112 0.0888137676705593 0.0921942224953903 0 0.0838967424708052 0.110633066994468 0.0878918254456054 0.08819913952059
"pelCas" 0.10079901659496 0.0759065765212047 0.0835894283958205 0.0814382298709281 0.0817455439459127 0.0842040565457898 0.0860479409956976 0.0768285187461586 0.0559311616472034 0.0869698832206515 0.0934234787953288 0.0838967424708052 0 0.0986478180700676 0.0709895513214505 0.0848186846957591
"pelSin" 0.0832821143208359 0.0743700061462815 0.0799016594960049 0.0826674861708666 0.0817455439459127 0.0845113706207744 0.0848186846957591 0.076521204671174 0.0829748002458513 0.0872771972956361 0.094960049170252 0.110633066994468 0.0986478180700676 0 0.109096496619545 0.0854333128457283
"podExp" 0.108789182544561 0.0863552550706822 0.0814382298709281 0.0820528580208974 0.0811309157959434 0.082360172095882 0.0838967424708052 0.0860479409956976 0.0719114935464044 0.0888137676705593 0.0909649661954517 0.0878918254456054 0.0709895513214505 0.109096496619545 0 0.0848186846957591
"terMex" 0.0878918254456054 0.0408727719729564 0.0353411186232329 0.0316533497234173 0.0245851259987707 0.0359557467732022 0.0381069452980946 0.0473263675476337 0.0703749231714813 0.0368776889981561 0.0362630608481868 0.08819913952059 0.0848186846957591 0.0854333128457283 0.0848186846957591 0
