"carIns" "cheAbi" "cheMyd" "cheSer" "chrPic" "cuoAmb" "cuoMcc" "derCor" "derMaw" "emySub" "gopAga" "malTer" "mesTub" "pelCas" "pelSin" "plaMeg" "podExp"
"carIns" 0 0.0853889943074004 0.0815939278937381 0.0825426944971537 0.0787476280834915 0.0787476280834915 0.0787476280834915 0.079696394686907 0.0853889943074004 0.0929791271347249 0.0844402277039848 0.0777988614800759 0.0910815939278937 0.0986717267552182 0.0863377609108159 0.0749525616698292 0.152751423149905
"cheAbi" 0.0853889943074004 0 0.0455407969639469 0.0426944971537002 0.0256166982922201 0.0218216318785579 0.0199240986717268 0.0464895635673624 0.0436432637571157 0.0635673624288425 0.023719165085389 0.0246679316888046 0.0664136622390892 0.071157495256167 0.0673624288425047 0.0208728652751423 0.114800759013283
"cheMyd" 0.0815939278937381 0.0455407969639469 0 0.0407969639468691 0.0370018975332068 0.038899430740038 0.0370018975332068 0.0303605313092979 0.047438330170778 0.0692599620493359 0.0407969639468691 0.0360531309297913 0.0645161290322581 0.0654648956356736 0.0759013282732448 0.0341555977229602 0.120493358633776
"cheSer" 0.0825426944971537 0.0426944971537002 0.0407969639468691 0 0.0360531309297913 0.0370018975332068 0.0351043643263757 0.0407969639468691 0.0455407969639469 0.0692599620493359 0.038899430740038 0.0351043643263757 0.0607210626185958 0.0730550284629981 0.0730550284629981 0.032258064516129 0.126185958254269
"chrPic" 0.0787476280834915 0.0256166982922201 0.0370018975332068 0.0360531309297913 0 0.0208728652751423 0.0189753320683112 0.0417457305502846 0.0370018975332068 0.062618595825427 0.0246679316888046 0.0047438330170778 0.0635673624288425 0.0702087286527514 0.062618595825427 0.0161290322580645 0.107210626185958
"cuoAmb" 0.0787476280834915 0.0218216318785579 0.038899430740038 0.0370018975332068 0.0208728652751423 0 0.00379506641366224 0.0436432637571157 0.0370018975332068 0.0616698292220114 0.0227703984819734 0.0199240986717268 0.0607210626185958 0.0692599620493359 0.0616698292220114 0.0180265654648956 0.114800759013283
"cuoMcc" 0.0787476280834915 0.0199240986717268 0.0370018975332068 0.0351043643263757 0.0189753320683112 0.00379506641366224 0 0.0417457305502846 0.0351043643263757 0.0597722960151803 0.0208728652751423 0.0180265654648956 0.0607210626185958 0.0673624288425047 0.0616698292220114 0.0161290322580645 0.112903225806452
"derCor" 0.079696394686907 0.0464895635673624 0.0303605313092979 0.0407969639468691 0.0417457305502846 0.0436432637571157 0.0417457305502846 0 0.0502846299810247 0.0730550284629981 0.0436432637571157 0.0407969639468691 0.0664136622390892 0.071157495256167 0.0759013282732448 0.0370018975332068 0.128083491461101
"derMaw" 0.0853889943074004 0.0436432637571157 0.047438330170778 0.0455407969639469 0.0370018975332068 0.0370018975332068 0.0351043643263757 0.0502846299810247 0 0.0749525616698292 0.0407969639468691 0.0379506641366224 0.071157495256167 0.0768500948766603 0.0654648956356736 0.032258064516129 0.122390891840607
"emySub" 0.0929791271347249 0.0635673624288425 0.0692599620493359 0.0692599620493359 0.062618595825427 0.0616698292220114 0.0597722960151803 0.0730550284629981 0.0749525616698292 0 0.0645161290322581 0.0616698292220114 0.0512333965844402 0.0692599620493359 0.0815939278937381 0.0578747628083491 0.123339658444023
"gopAga" 0.0844402277039848 0.023719165085389 0.0407969639468691 0.038899430740038 0.0246679316888046 0.0227703984819734 0.0208728652751423 0.0436432637571157 0.0407969639468691 0.0645161290322581 0 0.023719165085389 0.0635673624288425 0.0721062618595825 0.0673624288425047 0.0199240986717268 0.114800759013283
"malTer" 0.0777988614800759 0.0246679316888046 0.0360531309297913 0.0351043643263757 0.0047438330170778 0.0199240986717268 0.0180265654648956 0.0407969639468691 0.0379506641366224 0.0616698292220114 0.023719165085389 0 0.062618595825427 0.0692599620493359 0.062618595825427 0.015180265654649 0.107210626185958
"mesTub" 0.0910815939278937 0.0664136622390892 0.0645161290322581 0.0607210626185958 0.0635673624288425 0.0607210626185958 0.0607210626185958 0.0664136622390892 0.071157495256167 0.0512333965844402 0.0635673624288425 0.062618595825427 0 0.071157495256167 0.079696394686907 0.0588235294117647 0.125237191650854
"pelCas" 0.0986717267552182 0.071157495256167 0.0654648956356736 0.0730550284629981 0.0702087286527514 0.0692599620493359 0.0673624288425047 0.071157495256167 0.0768500948766603 0.0692599620493359 0.0721062618595825 0.0692599620493359 0.071157495256167 0 0.0901328273244782 0.0654648956356736 0.113851992409867
"pelSin" 0.0863377609108159 0.0673624288425047 0.0759013282732448 0.0730550284629981 0.062618595825427 0.0616698292220114 0.0616698292220114 0.0759013282732448 0.0654648956356736 0.0815939278937381 0.0673624288425047 0.062618595825427 0.079696394686907 0.0901328273244782 0 0.0607210626185958 0.133776091081594
"plaMeg" 0.0749525616698292 0.0208728652751423 0.0341555977229602 0.032258064516129 0.0161290322580645 0.0180265654648956 0.0161290322580645 0.0370018975332068 0.032258064516129 0.0578747628083491 0.0199240986717268 0.015180265654649 0.0588235294117647 0.0654648956356736 0.0607210626185958 0 0.108159392789374
"podExp" 0.152751423149905 0.114800759013283 0.120493358633776 0.126185958254269 0.107210626185958 0.114800759013283 0.112903225806452 0.128083491461101 0.122390891840607 0.123339658444023 0.114800759013283 0.107210626185958 0.125237191650854 0.113851992409867 0.133776091081594 0.108159392789374 0
