"cheMyd" "cuoAmb" "cuoMcc" "derMaw" "emySub" "gopAga" "malTer" "mesTub" "pelCas" "podExp" "terMex"
"cheMyd" 0 0.0155688622754491 0.0131736526946108 0.029940119760479 0.0323353293413174 0.0239520958083832 0.125748502994012 0.0323353293413174 0.037125748502994 0.044311377245509 0.0119760479041916
"cuoAmb" 0.0155688622754491 0 0.00239520958083832 0.0311377245508982 0.0359281437125748 0.0155688622754491 0.126946107784431 0.0359281437125748 0.037125748502994 0.0479041916167665 0.0107784431137725
"cuoMcc" 0.0131736526946108 0.00239520958083832 0 0.0287425149700599 0.0335329341317365 0.0131736526946108 0.124550898203593 0.0335329341317365 0.0359281437125748 0.0455089820359281 0.00838323353293413
"derMaw" 0.029940119760479 0.0311377245508982 0.0287425149700599 0 0.0455089820359281 0.0347305389221557 0.130538922155689 0.0455089820359281 0.0502994011976048 0.0574850299401198 0.0275449101796407
"emySub" 0.0323353293413174 0.0359281437125748 0.0335329341317365 0.0455089820359281 0 0.037125748502994 0.141317365269461 0.0143712574850299 0.0347305389221557 0.0359281437125748 0.0323353293413174
"gopAga" 0.0239520958083832 0.0155688622754491 0.0131736526946108 0.0347305389221557 0.037125748502994 0 0.131736526946108 0.0395209580838323 0.044311377245509 0.0538922155688623 0.0191616766467066
"malTer" 0.125748502994012 0.126946107784431 0.124550898203593 0.130538922155689 0.141317365269461 0.131736526946108 0 0.143712574850299 0.147305389221557 0.152095808383234 0.122155688622754
"mesTub" 0.0323353293413174 0.0359281437125748 0.0335329341317365 0.0455089820359281 0.0143712574850299 0.0395209580838323 0.143712574850299 0 0.0347305389221557 0.0335329341317365 0.0323353293413174
"pelCas" 0.037125748502994 0.037125748502994 0.0359281437125748 0.0502994011976048 0.0347305389221557 0.044311377245509 0.147305389221557 0.0347305389221557 0 0.0395209580838323 0.037125748502994
"podExp" 0.044311377245509 0.0479041916167665 0.0455089820359281 0.0574850299401198 0.0359281437125748 0.0538922155688623 0.152095808383234 0.0335329341317365 0.0395209580838323 0 0.044311377245509
"terMex" 0.0119760479041916 0.0107784431137725 0.00838323353293413 0.0275449101796407 0.0323353293413174 0.0191616766467066 0.122155688622754 0.0323353293413174 0.037125748502994 0.044311377245509 0
