"carIns" "cheAbi" "cheMyd" "cheSer" "chrPic" "cuoAmb" "cuoMcc" "derCor" "derMaw" "emySub" "gopAga" "malTer" "mesTub" "pelCas" "pelSin" "plaMeg" "podExp" "terMex"
"carIns" 0 0.092972972972973 0.140540540540541 0.094054054054054 0.0972972972972973 0.0897297297297297 0.0897297297297297 0.0897297297297297 0.0962162162162162 0.101621621621622 0.0951351351351351 0.0918918918918919 0.0994594594594595 0.136216216216216 0.115675675675676 0.0951351351351351 0.140540540540541 0.094054054054054
"cheAbi" 0.092972972972973 0 0.094054054054054 0.0378378378378378 0.0302702702702703 0.0237837837837838 0.0205405405405405 0.0454054054054054 0.0572972972972973 0.0691891891891892 0.0216216216216216 0.0248648648648649 0.0745945945945946 0.104864864864865 0.094054054054054 0.027027027027027 0.112432432432432 0.0281081081081081
"cheMyd" 0.140540540540541 0.094054054054054 0 0.0918918918918919 0.0918918918918919 0.094054054054054 0.0918918918918919 0.0843243243243243 0.103783783783784 0.118918918918919 0.0983783783783784 0.0864864864864865 0.122162162162162 0.144864864864865 0.138378378378378 0.0897297297297297 0.153513513513513 0.0918918918918919
"cheSer" 0.094054054054054 0.0378378378378378 0.0918918918918919 0 0.0378378378378378 0.0356756756756757 0.0335135135135135 0.0421621621621622 0.0508108108108108 0.067027027027027 0.0378378378378378 0.0324324324324324 0.0767567567567567 0.104864864864865 0.094054054054054 0.0356756756756757 0.116756756756757 0.0378378378378378
"chrPic" 0.0972972972972973 0.0302702702702703 0.0918918918918919 0.0378378378378378 0 0.0281081081081081 0.027027027027027 0.0410810810810811 0.0605405405405405 0.0681081081081081 0.0324324324324324 0.00540540540540541 0.0735135135135135 0.0983783783783784 0.092972972972973 0.0227027027027027 0.109189189189189 0.012972972972973
"cuoAmb" 0.0897297297297297 0.0237837837837838 0.094054054054054 0.0356756756756757 0.0281081081081081 0 0.00972972972972973 0.0454054054054054 0.0551351351351351 0.0713513513513514 0.0237837837837838 0.0227027027027027 0.0756756756756757 0.100540540540541 0.094054054054054 0.0248648648648649 0.11027027027027 0.0259459459459459
"cuoMcc" 0.0897297297297297 0.0205405405405405 0.0918918918918919 0.0335135135135135 0.027027027027027 0.00972972972972973 0 0.0432432432432432 0.0551351351351351 0.067027027027027 0.0227027027027027 0.0216216216216216 0.0724324324324324 0.0962162162162162 0.0897297297297297 0.0248648648648649 0.105945945945946 0.0248648648648649
"derCor" 0.0897297297297297 0.0454054054054054 0.0843243243243243 0.0421621621621622 0.0410810810810811 0.0454054054054054 0.0432432432432432 0 0.0551351351351351 0.065945945945946 0.0475675675675676 0.0356756756756757 0.067027027027027 0.105945945945946 0.0897297297297297 0.0389189189189189 0.111351351351351 0.0410810810810811
"derMaw" 0.0962162162162162 0.0572972972972973 0.103783783783784 0.0508108108108108 0.0605405405405405 0.0551351351351351 0.0551351351351351 0.0551351351351351 0 0.0821621621621622 0.0594594594594595 0.0551351351351351 0.0864864864864865 0.111351351351351 0.100540540540541 0.0562162162162162 0.118918918918919 0.0583783783783784
"emySub" 0.101621621621622 0.0691891891891892 0.118918918918919 0.067027027027027 0.0681081081081081 0.0713513513513514 0.067027027027027 0.065945945945946 0.0821621621621622 0 0.0691891891891892 0.0627027027027027 0.0345945945945946 0.0832432432432432 0.0994594594594595 0.0648648648648649 0.0886486486486486 0.0681081081081081
"gopAga" 0.0951351351351351 0.0216216216216216 0.0983783783783784 0.0378378378378378 0.0324324324324324 0.0237837837837838 0.0227027027027027 0.0475675675675676 0.0594594594594595 0.0691891891891892 0 0.027027027027027 0.0767567567567567 0.102702702702703 0.092972972972973 0.0313513513513514 0.113513513513514 0.0302702702702703
"malTer" 0.0918918918918919 0.0248648648648649 0.0864864864864865 0.0324324324324324 0.00540540540540541 0.0227027027027027 0.0216216216216216 0.0356756756756757 0.0551351351351351 0.0627027027027027 0.027027027027027 0 0.0681081081081081 0.092972972972973 0.0875675675675676 0.0172972972972973 0.103783783783784 0.00756756756756757
"mesTub" 0.0994594594594595 0.0745945945945946 0.122162162162162 0.0767567567567567 0.0735135135135135 0.0756756756756757 0.0724324324324324 0.067027027027027 0.0864864864864865 0.0345945945945946 0.0767567567567567 0.0681081081081081 0 0.0886486486486486 0.0951351351351351 0.0702702702702703 0.092972972972973 0.0735135135135135
"pelCas" 0.136216216216216 0.104864864864865 0.144864864864865 0.104864864864865 0.0983783783783784 0.100540540540541 0.0962162162162162 0.105945945945946 0.111351351351351 0.0832432432432432 0.102702702702703 0.092972972972973 0.0886486486486486 0 0.125405405405405 0.0983783783783784 0.0745945945945946 0.0983783783783784
"pelSin" 0.115675675675676 0.094054054054054 0.138378378378378 0.094054054054054 0.092972972972973 0.094054054054054 0.0897297297297297 0.0897297297297297 0.100540540540541 0.0994594594594595 0.092972972972973 0.0875675675675676 0.0951351351351351 0.125405405405405 0 0.0918918918918919 0.127567567567568 0.092972972972973
"plaMeg" 0.0951351351351351 0.027027027027027 0.0897297297297297 0.0356756756756757 0.0227027027027027 0.0248648648648649 0.0248648648648649 0.0389189189189189 0.0562162162162162 0.0648648648648649 0.0313513513513514 0.0172972972972973 0.0702702702702703 0.0983783783783784 0.0918918918918919 0 0.11027027027027 0.0227027027027027
"podExp" 0.140540540540541 0.112432432432432 0.153513513513513 0.116756756756757 0.109189189189189 0.11027027027027 0.105945945945946 0.111351351351351 0.118918918918919 0.0886486486486486 0.113513513513514 0.103783783783784 0.092972972972973 0.0745945945945946 0.127567567567568 0.11027027027027 0 0.109189189189189
"terMex" 0.094054054054054 0.0281081081081081 0.0918918918918919 0.0378378378378378 0.012972972972973 0.0259459459459459 0.0248648648648649 0.0410810810810811 0.0583783783783784 0.0681081081081081 0.0302702702702703 0.00756756756756757 0.0735135135135135 0.0983783783783784 0.092972972972973 0.0227027027027027 0.109189189189189 0
