"carIns" "cheAbi" "cheMyd" "cheSer" "chrPic" "cuoMcc" "derCor" "derMaw" "gopAga" "malTer" "mesTub" "pelCas" "pelSin" "plaMeg" "podExp" "terMex"
"carIns" 0 0.0980207351555137 0.0857681432610745 0.0754005655042413 0.0848256361922714 0.0848256361922714 0.0904806786050895 0.0923656927426956 0.0914231856738926 0.0895381715362865 0.104618284637135 0.130065975494816 0.0970782280867107 0.0876531573986805 0.138548539114043 0.0819981149858624
"cheAbi" 0.0980207351555137 0 0.0527803958529689 0.0442978322337418 0.0499528746465598 0.0320452403393025 0.0556079170593779 0.0678605089538172 0.0301602262016965 0.0527803958529689 0.0914231856738926 0.11875589066918 0.0980207351555137 0.0424128180961357 0.117813383600377 0.0414703110273327
"cheMyd" 0.0857681432610745 0.0527803958529689 0 0.0301602262016965 0.0424128180961357 0.0377002827521206 0.0197926484448633 0.0527803958529689 0.0471253534401508 0.0433553251649387 0.0754005655042413 0.103675777568332 0.0876531573986805 0.0358152686145146 0.113100848256362 0.0329877474081056
"cheSer" 0.0754005655042413 0.0442978322337418 0.0301602262016965 0 0.0320452403393025 0.0254476908576814 0.0358152686145146 0.0395852968897267 0.0367577756833176 0.0367577756833176 0.0659754948162111 0.0999057492931197 0.0744580584354383 0.0282752120640905 0.110273327049953 0.0245051837888784
"chrPic" 0.0848256361922714 0.0499528746465598 0.0424128180961357 0.0320452403393025 0 0.0320452403393025 0.0499528746465598 0.0546654099905749 0.0414703110273327 0.00659754948162111 0.0801131008482564 0.111215834118756 0.0848256361922714 0.0329877474081056 0.114985862393968 0.0131950989632422
"cuoMcc" 0.0848256361922714 0.0320452403393025 0.0377002827521206 0.0254476908576814 0.0320452403393025 0 0.0433553251649387 0.0490103675777568 0.0245051837888784 0.0348727615457116 0.0744580584354383 0.106503298774741 0.0876531573986805 0.0263901979264844 0.112158341187559 0.0226201696512724
"derCor" 0.0904806786050895 0.0556079170593779 0.0197926484448633 0.0358152686145146 0.0499528746465598 0.0433553251649387 0 0.056550424128181 0.0537229029217719 0.0490103675777568 0.0801131008482564 0.113100848256362 0.0914231856738926 0.0414703110273327 0.120640904806786 0.0405278039585297
"derMaw" 0.0923656927426956 0.0678605089538172 0.0527803958529689 0.0395852968897267 0.0546654099905749 0.0490103675777568 0.056550424128181 0 0.0622054665409991 0.057492931196984 0.0857681432610745 0.119698397737983 0.0904806786050895 0.0508953817153629 0.133836003770028 0.0471253534401508
"gopAga" 0.0914231856738926 0.0301602262016965 0.0471253534401508 0.0367577756833176 0.0414703110273327 0.0245051837888784 0.0537229029217719 0.0622054665409991 0 0.0461828463713478 0.0829406220546654 0.113100848256362 0.0933081998114986 0.0367577756833176 0.111215834118756 0.0339302544769086
"malTer" 0.0895381715362865 0.0527803958529689 0.0433553251649387 0.0367577756833176 0.00659754948162111 0.0348727615457116 0.0490103675777568 0.057492931196984 0.0461828463713478 0 0.0829406220546654 0.115928369462771 0.0876531573986805 0.0339302544769086 0.119698397737983 0.0160226201696513
"mesTub" 0.104618284637135 0.0914231856738926 0.0754005655042413 0.0659754948162111 0.0801131008482564 0.0744580584354383 0.0801131008482564 0.0857681432610745 0.0829406220546654 0.0829406220546654 0 0.0904806786050895 0.100848256361923 0.0725730442978322 0.102733270499529 0.0725730442978322
"pelCas" 0.130065975494816 0.11875589066918 0.103675777568332 0.0999057492931197 0.111215834118756 0.106503298774741 0.113100848256362 0.119698397737983 0.113100848256362 0.115928369462771 0.0904806786050895 0 0.131950989632422 0.105560791705938 0.0895381715362865 0.104618284637135
"pelSin" 0.0970782280867107 0.0980207351555137 0.0876531573986805 0.0744580584354383 0.0848256361922714 0.0876531573986805 0.0914231856738926 0.0904806786050895 0.0933081998114986 0.0876531573986805 0.100848256361923 0.131950989632422 0 0.0876531573986805 0.133836003770028 0.0801131008482564
"plaMeg" 0.0876531573986805 0.0424128180961357 0.0358152686145146 0.0282752120640905 0.0329877474081056 0.0263901979264844 0.0414703110273327 0.0508953817153629 0.0367577756833176 0.0339302544769086 0.0725730442978322 0.105560791705938 0.0876531573986805 0 0.114043355325165 0.0216776625824694
"podExp" 0.138548539114043 0.117813383600377 0.113100848256362 0.110273327049953 0.114985862393968 0.112158341187559 0.120640904806786 0.133836003770028 0.111215834118756 0.119698397737983 0.102733270499529 0.0895381715362865 0.133836003770028 0.114043355325165 0 0.110273327049953
"terMex" 0.0819981149858624 0.0414703110273327 0.0329877474081056 0.0245051837888784 0.0131950989632422 0.0226201696512724 0.0405278039585297 0.0471253534401508 0.0339302544769086 0.0160226201696513 0.0725730442978322 0.104618284637135 0.0801131008482564 0.0216776625824694 0.110273327049953 0
