"carIns" "cheAbi" "cheMyd" "cheSer" "chrPic" "cuoAmb" "cuoMcc" "derCor" "derMaw" "emySub" "gopAga" "malTer" "mesTub" "pelCas" "pelSin" "plaMeg" "podExp" "terMex"
"carIns" 0 0.104288499025341 0.112085769980507 0.107212475633528 0.0984405458089669 0.10233918128655 0.104288499025341 0.112085769980507 0.110136452241715 0.147173489278752 0.116959064327485 0.0984405458089669 0.126705653021442 0.138401559454191 0.139376218323587 0.100389863547758 0.148148148148148 0.101364522417154
"cheAbi" 0.104288499025341 0 0.0389863547758285 0.037037037037037 0.0253411306042885 0.0214424951267057 0.0214424951267057 0.0380116959064327 0.0419103313840156 0.121832358674464 0.0730994152046784 0.0224171539961014 0.0692007797270955 0.0828460038986355 0.125730994152047 0.0243664717348928 0.0925925925925926 0.0243664717348928
"cheMyd" 0.112085769980507 0.0389863547758285 0 0.0321637426900585 0.0341130604288499 0.0341130604288499 0.0341130604288499 0.0165692007797271 0.0448343079922027 0.127680311890838 0.0916179337231969 0.0311890838206628 0.0750487329434698 0.087719298245614 0.130604288499025 0.0292397660818713 0.0974658869395711 0.0331384015594542
"cheSer" 0.107212475633528 0.037037037037037 0.0321637426900585 0 0.0292397660818713 0.0311890838206628 0.0311890838206628 0.0350877192982456 0.0428849902534113 0.120857699805068 0.0867446393762183 0.0282651072124756 0.0682261208576998 0.0818713450292398 0.126705653021442 0.0243664717348928 0.094541910331384 0.0302144249512671
"chrPic" 0.0984405458089669 0.0253411306042885 0.0341130604288499 0.0292397660818713 0 0.0214424951267057 0.0214424951267057 0.0321637426900585 0.0409356725146199 0.108187134502924 0.080896686159844 0.00487329434697856 0.0555555555555556 0.0769980506822612 0.117933723196881 0.0185185185185185 0.0867446393762183 0.0146198830409357
"cuoAmb" 0.10233918128655 0.0214424951267057 0.0341130604288499 0.0311890838206628 0.0214424951267057 0 0.00779727095516569 0.0331384015594542 0.0380116959064327 0.11598440545809 0.0750487329434698 0.0185185185185185 0.064327485380117 0.080896686159844 0.118908382066277 0.0194931773879142 0.0906432748538012 0.0204678362573099
"cuoMcc" 0.104288499025341 0.0214424951267057 0.0341130604288499 0.0311890838206628 0.0214424951267057 0.00779727095516569 0 0.0331384015594542 0.0399610136452242 0.114035087719298 0.0740740740740741 0.0185185185185185 0.0633528265107212 0.0799220272904483 0.118908382066277 0.0204678362573099 0.087719298245614 0.0204678362573099
"derCor" 0.112085769980507 0.0380116959064327 0.0165692007797271 0.0350877192982456 0.0321637426900585 0.0331384015594542 0.0331384015594542 0 0.0467836257309941 0.125730994152047 0.0906432748538012 0.0292397660818713 0.0730994152046784 0.0886939571150097 0.127680311890838 0.0292397660818713 0.0984405458089669 0.0311890838206628
"derMaw" 0.110136452241715 0.0419103313840156 0.0448343079922027 0.0428849902534113 0.0409356725146199 0.0380116959064327 0.0399610136452242 0.0467836257309941 0 0.133528265107212 0.0916179337231969 0.0380116959064327 0.080896686159844 0.0964912280701754 0.133528265107212 0.037037037037037 0.104288499025341 0.0380116959064327
"emySub" 0.147173489278752 0.121832358674464 0.127680311890838 0.120857699805068 0.108187134502924 0.11598440545809 0.114035087719298 0.125730994152047 0.133528265107212 0 0.128654970760234 0.110136452241715 0.0886939571150097 0.128654970760234 0.158869395711501 0.113060428849903 0.135477582846004 0.113060428849903
"gopAga" 0.116959064327485 0.0730994152046784 0.0916179337231969 0.0867446393762183 0.080896686159844 0.0750487329434698 0.0740740740740741 0.0906432748538012 0.0916179337231969 0.128654970760234 0 0.0789473684210526 0.121832358674464 0.128654970760234 0.131578947368421 0.0818713450292398 0.14327485380117 0.0818713450292398
"malTer" 0.0984405458089669 0.0224171539961014 0.0311890838206628 0.0282651072124756 0.00487329434697856 0.0185185185185185 0.0185185185185185 0.0292397660818713 0.0380116959064327 0.110136452241715 0.0789473684210526 0 0.0584795321637427 0.0760233918128655 0.115009746588694 0.0155945419103314 0.0857699805068226 0.0116959064327485
"mesTub" 0.126705653021442 0.0692007797270955 0.0750487329434698 0.0682261208576998 0.0555555555555556 0.064327485380117 0.0633528265107212 0.0730994152046784 0.080896686159844 0.0886939571150097 0.121832358674464 0.0584795321637427 0 0.0730994152046784 0.144249512670565 0.057504873294347 0.0789473684210526 0.0584795321637427
"pelCas" 0.138401559454191 0.0828460038986355 0.087719298245614 0.0818713450292398 0.0769980506822612 0.080896686159844 0.0799220272904483 0.0886939571150097 0.0964912280701754 0.128654970760234 0.128654970760234 0.0760233918128655 0.0730994152046784 0 0.15692007797271 0.0760233918128655 0.0682261208576998 0.0779727095516569
"pelSin" 0.139376218323587 0.125730994152047 0.130604288499025 0.126705653021442 0.117933723196881 0.118908382066277 0.118908382066277 0.127680311890838 0.133528265107212 0.158869395711501 0.131578947368421 0.115009746588694 0.144249512670565 0.15692007797271 0 0.116959064327485 0.174463937621832 0.117933723196881
"plaMeg" 0.100389863547758 0.0243664717348928 0.0292397660818713 0.0243664717348928 0.0185185185185185 0.0194931773879142 0.0204678362573099 0.0292397660818713 0.037037037037037 0.113060428849903 0.0818713450292398 0.0155945419103314 0.057504873294347 0.0760233918128655 0.116959064327485 0 0.0857699805068226 0.0175438596491228
"podExp" 0.148148148148148 0.0925925925925926 0.0974658869395711 0.094541910331384 0.0867446393762183 0.0906432748538012 0.087719298245614 0.0984405458089669 0.104288499025341 0.135477582846004 0.14327485380117 0.0857699805068226 0.0789473684210526 0.0682261208576998 0.174463937621832 0.0857699805068226 0 0.0896686159844055
"terMex" 0.101364522417154 0.0243664717348928 0.0331384015594542 0.0302144249512671 0.0146198830409357 0.0204678362573099 0.0204678362573099 0.0311890838206628 0.0380116959064327 0.113060428849903 0.0818713450292398 0.0116959064327485 0.0584795321637427 0.0779727095516569 0.117933723196881 0.0175438596491228 0.0896686159844055 0
