"carIns" "cheAbi" "cheMyd" "cheSer" "chrPic" "cuoAmb" "cuoMcc" "derCor" "derMaw" "emySub" "gopAga" "malTer" "mesTub" "pelCas" "pelSin" "plaMeg" "podExp" "terMex"
"carIns" 0 0.0893081761006289 0.0855345911949685 0.0792452830188679 0.0842767295597484 0.0817610062893082 0.0817610062893082 0.0880503144654088 0.0981132075471698 0.106918238993711 0.0867924528301887 0.080503144654088 0.10314465408805 0.173584905660377 0.0842767295597484 0.0855345911949685 0.120754716981132 0.0792452830188679
"cheAbi" 0.0893081761006289 0 0.0515723270440252 0.040251572327044 0.0364779874213836 0.0238993710691824 0.0238993710691824 0.0490566037735849 0.050314465408805 0.0855345911949685 0.0163522012578616 0.0377358490566038 0.0817610062893082 0.143396226415094 0.0716981132075472 0.0352201257861635 0.0981132075471698 0.0314465408805031
"cheMyd" 0.0855345911949685 0.0515723270440252 0 0.0339622641509434 0.040251572327044 0.0377358490566038 0.0377358490566038 0.0251572327044025 0.050314465408805 0.0779874213836478 0.0452830188679245 0.0352201257861635 0.0729559748427673 0.142138364779874 0.0691823899371069 0.0364779874213836 0.10062893081761 0.0377358490566038
"cheSer" 0.0792452830188679 0.040251572327044 0.0339622641509434 0 0.0289308176100629 0.0289308176100629 0.0276729559748428 0.0364779874213836 0.0389937106918239 0.070440251572327 0.0389937106918239 0.0264150943396226 0.0679245283018868 0.135849056603774 0.0641509433962264 0.030188679245283 0.0981132075471698 0.0289308176100629
"chrPic" 0.0842767295597484 0.0364779874213836 0.040251572327044 0.0289308176100629 0 0.0226415094339623 0.0226415094339623 0.0377358490566038 0.0477987421383648 0.0767295597484277 0.0327044025157233 0.0113207547169811 0.0754716981132075 0.138364779874214 0.0691823899371069 0.0213836477987421 0.0993710691823899 0.0150943396226415
"cuoAmb" 0.0817610062893082 0.0238993710691824 0.0377358490566038 0.0289308176100629 0.0226415094339623 0 0.00251572327044025 0.0377358490566038 0.0452830188679245 0.0767295597484277 0.020125786163522 0.0238993710691824 0.0729559748427673 0.138364779874214 0.0591194968553459 0.0213836477987421 0.0955974842767296 0.0176100628930818
"cuoMcc" 0.0817610062893082 0.0238993710691824 0.0377358490566038 0.0276729559748428 0.0226415094339623 0.00251572327044025 0 0.0377358490566038 0.0452830188679245 0.0742138364779874 0.020125786163522 0.0238993710691824 0.070440251572327 0.138364779874214 0.0616352201257862 0.0213836477987421 0.0930817610062893 0.0176100628930818
"derCor" 0.0880503144654088 0.0490566037735849 0.0251572327044025 0.0364779874213836 0.0377358490566038 0.0377358490566038 0.0377358490566038 0 0.0490566037735849 0.0855345911949685 0.0427672955974843 0.0364779874213836 0.0754716981132075 0.139622641509434 0.0716981132075472 0.0389937106918239 0.10314465408805 0.0377358490566038
"derMaw" 0.0981132075471698 0.050314465408805 0.050314465408805 0.0389937106918239 0.0477987421383648 0.0452830188679245 0.0452830188679245 0.0490566037735849 0 0.0880503144654088 0.0465408805031447 0.0465408805031447 0.0855345911949685 0.149685534591195 0.0742138364779874 0.0440251572327044 0.114465408805031 0.0440251572327044
"emySub" 0.106918238993711 0.0855345911949685 0.0779874213836478 0.070440251572327 0.0767295597484277 0.0767295597484277 0.0742138364779874 0.0855345911949685 0.0880503144654088 0 0.0842767295597484 0.0754716981132075 0.030188679245283 0.138364779874214 0.0867924528301887 0.070440251572327 0.0918238993710692 0.0742138364779874
"gopAga" 0.0867924528301887 0.0163522012578616 0.0452830188679245 0.0389937106918239 0.0327044025157233 0.020125786163522 0.020125786163522 0.0427672955974843 0.0465408805031447 0.0842767295597484 0 0.0314465408805031 0.080503144654088 0.142138364779874 0.0679245283018868 0.0314465408805031 0.0981132075471698 0.0276729559748428
"malTer" 0.080503144654088 0.0377358490566038 0.0352201257861635 0.0264150943396226 0.0113207547169811 0.0238993710691824 0.0238993710691824 0.0364779874213836 0.0465408805031447 0.0754716981132075 0.0314465408805031 0 0.0742138364779874 0.138364779874214 0.0654088050314465 0.0226415094339623 0.0930817610062893 0.0163522012578616
"mesTub" 0.10314465408805 0.0817610062893082 0.0729559748427673 0.0679245283018868 0.0754716981132075 0.0729559748427673 0.070440251572327 0.0754716981132075 0.0855345911949685 0.030188679245283 0.080503144654088 0.0742138364779874 0 0.134591194968553 0.0880503144654088 0.0716981132075472 0.090566037735849 0.070440251572327
"pelCas" 0.173584905660377 0.143396226415094 0.142138364779874 0.135849056603774 0.138364779874214 0.138364779874214 0.138364779874214 0.139622641509434 0.149685534591195 0.138364779874214 0.142138364779874 0.138364779874214 0.134591194968553 0 0.150943396226415 0.137106918238994 0.119496855345912 0.137106918238994
"pelSin" 0.0842767295597484 0.0716981132075472 0.0691823899371069 0.0641509433962264 0.0691823899371069 0.0591194968553459 0.0616352201257862 0.0716981132075472 0.0742138364779874 0.0867924528301887 0.0679245283018868 0.0654088050314465 0.0880503144654088 0.150943396226415 0 0.0628930817610063 0.109433962264151 0.0654088050314465
"plaMeg" 0.0855345911949685 0.0352201257861635 0.0364779874213836 0.030188679245283 0.0213836477987421 0.0213836477987421 0.0213836477987421 0.0389937106918239 0.0440251572327044 0.070440251572327 0.0314465408805031 0.0226415094339623 0.0716981132075472 0.137106918238994 0.0628930817610063 0 0.0955974842767296 0.0163522012578616
"podExp" 0.120754716981132 0.0981132075471698 0.10062893081761 0.0981132075471698 0.0993710691823899 0.0955974842767296 0.0930817610062893 0.10314465408805 0.114465408805031 0.0918238993710692 0.0981132075471698 0.0930817610062893 0.090566037735849 0.119496855345912 0.109433962264151 0.0955974842767296 0 0.0943396226415094
"terMex" 0.0792452830188679 0.0314465408805031 0.0377358490566038 0.0289308176100629 0.0150943396226415 0.0176100628930818 0.0176100628930818 0.0377358490566038 0.0440251572327044 0.0742138364779874 0.0276729559748428 0.0163522012578616 0.070440251572327 0.137106918238994 0.0654088050314465 0.0163522012578616 0.0943396226415094 0
