"carIns" "cheAbi" "cheMyd" "cheSer" "chrPic" "cuoAmb" "cuoMcc" "derMaw" "emySub" "gopAga" "malTer" "mesTub" "pelCas" "pelSin" "plaMeg" "podExp" "terMex"
"carIns" 0 0.148565573770492 0.120901639344262 0.153688524590164 0.146516393442623 0.164959016393443 0.170081967213115 0.145491803278689 0.154713114754098 0.168032786885246 0.142418032786885 0.157786885245902 0.160860655737705 0.127049180327869 0.236680327868852 0.154713114754098 0.155737704918033
"cheAbi" 0.148565573770492 0 0.0819672131147541 0.11577868852459 0.0645491803278689 0.112704918032787 0.122950819672131 0.0891393442622951 0.084016393442623 0.0717213114754098 0.0491803278688525 0.107581967213115 0.116803278688525 0.132172131147541 0.163934426229508 0.120901639344262 0.108606557377049
"cheMyd" 0.120901639344262 0.0819672131147541 0 0.0727459016393443 0.0788934426229508 0.0860655737704918 0.0973360655737705 0.0686475409836066 0.103483606557377 0.105532786885246 0.0706967213114754 0.108606557377049 0.114754098360656 0.100409836065574 0.170081967213115 0.110655737704918 0.0676229508196721
"cheSer" 0.153688524590164 0.11577868852459 0.0727459016393443 0 0.112704918032787 0.0850409836065574 0.0942622950819672 0.0952868852459016 0.136270491803279 0.135245901639344 0.110655737704918 0.142418032786885 0.150614754098361 0.138319672131148 0.209016393442623 0.144467213114754 0.0676229508196721
"chrPic" 0.146516393442623 0.0645491803278689 0.0788934426229508 0.112704918032787 0 0.125 0.136270491803279 0.0932377049180328 0.0952868852459016 0.100409836065574 0.0338114754098361 0.11577868852459 0.121926229508197 0.133196721311475 0.165983606557377 0.128073770491803 0.0973360655737705
"cuoAmb" 0.164959016393443 0.112704918032787 0.0860655737704918 0.0850409836065574 0.125 0 0.040983606557377 0.117827868852459 0.15266393442623 0.140368852459016 0.116803278688525 0.15983606557377 0.168032786885246 0.149590163934426 0.223360655737705 0.157786885245902 0.0625
"cuoMcc" 0.170081967213115 0.122950819672131 0.0973360655737705 0.0942622950819672 0.136270491803279 0.040983606557377 0 0.127049180327869 0.162909836065574 0.150614754098361 0.128073770491803 0.168032786885246 0.176229508196721 0.15983606557377 0.233606557377049 0.167008196721311 0.0706967213114754
"derMaw" 0.145491803278689 0.0891393442622951 0.0686475409836066 0.0952868852459016 0.0932377049180328 0.117827868852459 0.127049180327869 0 0.107581967213115 0.110655737704918 0.0809426229508197 0.111680327868852 0.123975409836066 0.121926229508197 0.173155737704918 0.11577868852459 0.0932377049180328
"emySub" 0.154713114754098 0.084016393442623 0.103483606557377 0.136270491803279 0.0952868852459016 0.15266393442623 0.162909836065574 0.107581967213115 0 0.117827868852459 0.0819672131147541 0.0686475409836066 0.0922131147540984 0.141393442622951 0.1875 0.0952868852459016 0.137295081967213
"gopAga" 0.168032786885246 0.0717213114754098 0.105532786885246 0.135245901639344 0.100409836065574 0.140368852459016 0.150614754098361 0.110655737704918 0.117827868852459 0 0.0901639344262295 0.126024590163934 0.139344262295082 0.151639344262295 0.194672131147541 0.138319672131148 0.131147540983607
"malTer" 0.142418032786885 0.0491803278688525 0.0706967213114754 0.110655737704918 0.0338114754098361 0.116803278688525 0.128073770491803 0.0809426229508197 0.0819672131147541 0.0901639344262295 0 0.101434426229508 0.109631147540984 0.128073770491803 0.147540983606557 0.110655737704918 0.0901639344262295
"mesTub" 0.157786885245902 0.107581967213115 0.108606557377049 0.142418032786885 0.11577868852459 0.15983606557377 0.168032786885246 0.111680327868852 0.0686475409836066 0.126024590163934 0.101434426229508 0 0.0911885245901639 0.14344262295082 0.193647540983607 0.104508196721311 0.14344262295082
"pelCas" 0.160860655737705 0.116803278688525 0.114754098360656 0.150614754098361 0.121926229508197 0.168032786885246 0.176229508196721 0.123975409836066 0.0922131147540984 0.139344262295082 0.109631147540984 0.0911885245901639 0 0.156762295081967 0.192622950819672 0.0758196721311475 0.148565573770492
"pelSin" 0.127049180327869 0.132172131147541 0.100409836065574 0.138319672131148 0.133196721311475 0.149590163934426 0.15983606557377 0.121926229508197 0.141393442622951 0.151639344262295 0.128073770491803 0.14344262295082 0.156762295081967 0 0.219262295081967 0.154713114754098 0.13422131147541
"plaMeg" 0.236680327868852 0.163934426229508 0.170081967213115 0.209016393442623 0.165983606557377 0.223360655737705 0.233606557377049 0.173155737704918 0.1875 0.194672131147541 0.147540983606557 0.193647540983607 0.192622950819672 0.219262295081967 0 0.198770491803279 0.197745901639344
"podExp" 0.154713114754098 0.120901639344262 0.110655737704918 0.144467213114754 0.128073770491803 0.157786885245902 0.167008196721311 0.11577868852459 0.0952868852459016 0.138319672131148 0.110655737704918 0.104508196721311 0.0758196721311475 0.154713114754098 0.198770491803279 0 0.14344262295082
"terMex" 0.155737704918033 0.108606557377049 0.0676229508196721 0.0676229508196721 0.0973360655737705 0.0625 0.0706967213114754 0.0932377049180328 0.137295081967213 0.131147540983607 0.0901639344262295 0.14344262295082 0.148565573770492 0.13422131147541 0.197745901639344 0.14344262295082 0
