"carIns" "cheAbi" "cheMyd" "cheSer" "chrPic" "cuoMcc" "derCor" "derMaw" "emySub" "malTer" "mesTub" "pelCas" "pelSin" "podExp" "terMex"
"carIns" 0 0.0943396226415094 0.0849056603773585 0.0790094339622641 0.0837264150943396 0.0884433962264151 0.089622641509434 0.0931603773584906 0.0990566037735849 0.0872641509433962 0.097877358490566 0.134433962264151 0.0790094339622641 0.127358490566038 0.0825471698113208
"cheAbi" 0.0943396226415094 0 0.0507075471698113 0.0518867924528302 0.0330188679245283 0.0235849056603774 0.0507075471698113 0.0577830188679245 0.0754716981132075 0.0377358490566038 0.0908018867924528 0.113207547169811 0.0754716981132075 0.108490566037736 0.0306603773584906
"cheMyd" 0.0849056603773585 0.0507075471698113 0 0.0436320754716981 0.0389150943396226 0.0436320754716981 0.0212264150943396 0.044811320754717 0.0683962264150943 0.0424528301886792 0.0860849056603774 0.100235849056604 0.0672169811320755 0.110849056603774 0.0341981132075472
"cheSer" 0.0790094339622641 0.0518867924528302 0.0436320754716981 0 0.0377358490566038 0.044811320754717 0.0436320754716981 0.0495283018867925 0.0613207547169811 0.044811320754717 0.0778301886792453 0.101415094339623 0.0695754716981132 0.107311320754717 0.035377358490566
"chrPic" 0.0837264150943396 0.0330188679245283 0.0389150943396226 0.0377358490566038 0 0.0247641509433962 0.0400943396226415 0.0471698113207547 0.0625 0.00825471698113208 0.0778301886792453 0.097877358490566 0.0707547169811321 0.106132075471698 0.0129716981132075
"cuoMcc" 0.0884433962264151 0.0235849056603774 0.0436320754716981 0.044811320754717 0.0247641509433962 0 0.0436320754716981 0.0459905660377358 0.0695754716981132 0.0294811320754717 0.0837264150943396 0.104952830188679 0.0731132075471698 0.107311320754717 0.017688679245283
"derCor" 0.089622641509434 0.0507075471698113 0.0212264150943396 0.0436320754716981 0.0400943396226415 0.0436320754716981 0 0.044811320754717 0.0636792452830189 0.044811320754717 0.0766509433962264 0.10377358490566 0.0683962264150943 0.106132075471698 0.035377358490566
"derMaw" 0.0931603773584906 0.0577830188679245 0.044811320754717 0.0495283018867925 0.0471698113207547 0.0459905660377358 0.044811320754717 0 0.0731132075471698 0.0518867924528302 0.0813679245283019 0.107311320754717 0.0731132075471698 0.107311320754717 0.0424528301886792
"emySub" 0.0990566037735849 0.0754716981132075 0.0683962264150943 0.0613207547169811 0.0625 0.0695754716981132 0.0636792452830189 0.0731132075471698 0 0.0672169811320755 0.0341981132075472 0.0931603773584906 0.0754716981132075 0.102594339622642 0.0613207547169811
"malTer" 0.0872641509433962 0.0377358490566038 0.0424528301886792 0.044811320754717 0.00825471698113208 0.0294811320754717 0.044811320754717 0.0518867924528302 0.0672169811320755 0 0.0813679245283019 0.102594339622642 0.0778301886792453 0.112028301886792 0.0165094339622642
"mesTub" 0.097877358490566 0.0908018867924528 0.0860849056603774 0.0778301886792453 0.0778301886792453 0.0837264150943396 0.0766509433962264 0.0813679245283019 0.0341981132075472 0.0813679245283019 0 0.10377358490566 0.0837264150943396 0.102594339622642 0.0778301886792453
"pelCas" 0.134433962264151 0.113207547169811 0.100235849056604 0.101415094339623 0.097877358490566 0.104952830188679 0.10377358490566 0.107311320754717 0.0931603773584906 0.102594339622642 0.10377358490566 0 0.110849056603774 0.117924528301887 0.0966981132075472
"pelSin" 0.0790094339622641 0.0754716981132075 0.0672169811320755 0.0695754716981132 0.0707547169811321 0.0731132075471698 0.0683962264150943 0.0731132075471698 0.0754716981132075 0.0778301886792453 0.0837264150943396 0.110849056603774 0 0.106132075471698 0.0660377358490566
"podExp" 0.127358490566038 0.108490566037736 0.110849056603774 0.107311320754717 0.106132075471698 0.107311320754717 0.106132075471698 0.107311320754717 0.102594339622642 0.112028301886792 0.102594339622642 0.117924528301887 0.106132075471698 0 0.104952830188679
"terMex" 0.0825471698113208 0.0306603773584906 0.0341981132075472 0.035377358490566 0.0129716981132075 0.017688679245283 0.035377358490566 0.0424528301886792 0.0613207547169811 0.0165094339622642 0.0778301886792453 0.0966981132075472 0.0660377358490566 0.104952830188679 0
