"carIns" "cheAbi" "cheMyd" "cheSer" "chrPic" "cuoAmb" "cuoMcc" "derCor" "derMaw" "emySub" "gopAga" "malTer" "mesTub" "pelCas" "pelSin" "plaMeg" "podExp" "terMex"
"carIns" 0 0.0893371757925072 0.0864553314121038 0.0835734870317003 0.0907780979827089 0.0922190201729107 0.0893371757925072 0.0864553314121038 0.0806916426512968 0.113832853025937 0.085014409221902 0.0893371757925072 0.128242074927954 0.282420749279539 0.102305475504323 0.0835734870317003 0.141210374639769 0.328530259365994
"cheAbi" 0.0893371757925072 0 0.0345821325648415 0.0345821325648415 0.0345821325648415 0.0230547550432277 0.0216138328530259 0.0432276657060519 0.037463976945245 0.0734870317002882 0.0115273775216138 0.0331412103746398 0.0864553314121038 0.247838616714697 0.0821325648414986 0.0230547550432277 0.118155619596542 0.288184438040346
"cheMyd" 0.0864553314121038 0.0345821325648415 0 0.0201729106628242 0.0273775216138329 0.0360230547550432 0.0345821325648415 0.0172910662824208 0.031700288184438 0.0662824207492795 0.031700288184438 0.0259365994236311 0.0778097982708934 0.249279538904899 0.0778097982708934 0.0216138328530259 0.106628242074928 0.291066282420749
"cheSer" 0.0835734870317003 0.0345821325648415 0.0201729106628242 0 0.0244956772334294 0.0389048991354467 0.037463976945245 0.0288184438040346 0.0259365994236311 0.0547550432276657 0.031700288184438 0.0230547550432277 0.0634005763688761 0.246397694524496 0.0792507204610951 0.0187319884726225 0.0994236311239193 0.286743515850144
"chrPic" 0.0907780979827089 0.0345821325648415 0.0273775216138329 0.0244956772334294 0 0.037463976945245 0.0360230547550432 0.0389048991354467 0.0360230547550432 0.0677233429394813 0.031700288184438 0.00720461095100865 0.0792507204610951 0.247838616714697 0.0821325648414986 0.0172910662824208 0.115273775216138 0.278097982708934
"cuoAmb" 0.0922190201729107 0.0230547550432277 0.0360230547550432 0.0389048991354467 0.037463976945245 0 0.00720461095100865 0.0417867435158501 0.0389048991354467 0.0792507204610951 0.0201729106628242 0.0360230547550432 0.0907780979827089 0.253602305475504 0.0806916426512968 0.0288184438040346 0.119596541786744 0.283861671469741
"cuoMcc" 0.0893371757925072 0.0216138328530259 0.0345821325648415 0.037463976945245 0.0360230547550432 0.00720461095100865 0 0.037463976945245 0.037463976945245 0.0778097982708934 0.0187319884726225 0.0345821325648415 0.0893371757925072 0.249279538904899 0.0763688760806916 0.0273775216138329 0.115273775216138 0.282420749279539
"derCor" 0.0864553314121038 0.0432276657060519 0.0172910662824208 0.0288184438040346 0.0389048991354467 0.0417867435158501 0.037463976945245 0 0.0345821325648415 0.069164265129683 0.0403458213256484 0.037463976945245 0.0864553314121038 0.253602305475504 0.0778097982708934 0.0331412103746398 0.109510086455331 0.292507204610951
"derMaw" 0.0806916426512968 0.037463976945245 0.031700288184438 0.0259365994236311 0.0360230547550432 0.0389048991354467 0.037463976945245 0.0345821325648415 0 0.0634005763688761 0.0345821325648415 0.0345821325648415 0.0763688760806916 0.252161383285303 0.0835734870317003 0.0273775216138329 0.103746397694524 0.289625360230548
"emySub" 0.113832853025937 0.0734870317002882 0.0662824207492795 0.0547550432276657 0.0677233429394813 0.0792507204610951 0.0778097982708934 0.069164265129683 0.0634005763688761 0 0.0662824207492795 0.0662824207492795 0.0547550432276657 0.237752161383285 0.113832853025937 0.0561959654178674 0.0878962536023055 0.311239193083574
"gopAga" 0.085014409221902 0.0115273775216138 0.031700288184438 0.031700288184438 0.031700288184438 0.0201729106628242 0.0187319884726225 0.0403458213256484 0.0345821325648415 0.0662824207492795 0 0.0302593659942363 0.0806916426512968 0.243515850144092 0.0763688760806916 0.0172910662824208 0.110951008645533 0.283861671469741
"malTer" 0.0893371757925072 0.0331412103746398 0.0259365994236311 0.0230547550432277 0.00720461095100865 0.0360230547550432 0.0345821325648415 0.037463976945245 0.0345821325648415 0.0662824207492795 0.0302593659942363 0 0.0778097982708934 0.24207492795389 0.0778097982708934 0.015850144092219 0.110951008645533 0.276657060518732
"mesTub" 0.128242074927954 0.0864553314121038 0.0778097982708934 0.0634005763688761 0.0792507204610951 0.0907780979827089 0.0893371757925072 0.0864553314121038 0.0763688760806916 0.0547550432276657 0.0806916426512968 0.0778097982708934 0 0.243515850144092 0.12536023054755 0.0706051873198847 0.106628242074928 0.327089337175793
"pelCas" 0.282420749279539 0.247838616714697 0.249279538904899 0.246397694524496 0.247838616714697 0.253602305475504 0.249279538904899 0.253602305475504 0.252161383285303 0.237752161383285 0.243515850144092 0.24207492795389 0.243515850144092 0 0.280979827089337 0.243515850144092 0.250720461095101 0.495677233429395
"pelSin" 0.102305475504323 0.0821325648414986 0.0778097982708934 0.0792507204610951 0.0821325648414986 0.0806916426512968 0.0763688760806916 0.0778097982708934 0.0835734870317003 0.113832853025937 0.0763688760806916 0.0778097982708934 0.12536023054755 0.280979827089337 0 0.0763688760806916 0.139769452449568 0.314121037463977
"plaMeg" 0.0835734870317003 0.0230547550432277 0.0216138328530259 0.0187319884726225 0.0172910662824208 0.0288184438040346 0.0273775216138329 0.0331412103746398 0.0273775216138329 0.0561959654178674 0.0172910662824208 0.015850144092219 0.0706051873198847 0.243515850144092 0.0763688760806916 0 0.106628242074928 0.276657060518732
"podExp" 0.141210374639769 0.118155619596542 0.106628242074928 0.0994236311239193 0.115273775216138 0.119596541786744 0.115273775216138 0.109510086455331 0.103746397694524 0.0878962536023055 0.110951008645533 0.110951008645533 0.106628242074928 0.250720461095101 0.139769452449568 0.106628242074928 0 0.358789625360231
"terMex" 0.328530259365994 0.288184438040346 0.291066282420749 0.286743515850144 0.278097982708934 0.283861671469741 0.282420749279539 0.292507204610951 0.289625360230548 0.311239193083574 0.283861671469741 0.276657060518732 0.327089337175793 0.495677233429395 0.314121037463977 0.276657060518732 0.358789625360231 0
