"carIns" "cheAbi" "cheMyd" "cheSer" "chrPic" "cuoAmb" "cuoMcc" "derCor" "derMaw" "emySub" "gopAga" "malTer" "mesTub" "pelCas" "pelSin" "plaMeg" "podExp" "terMex"
"carIns" 0 0.0828471411901984 0.088681446907818 0.0898483080513419 0.0863477246207701 0.0851808634772462 0.0840140023337223 0.0851808634772462 0.088681446907818 0.0956826137689615 0.0910151691948658 0.088681446907818 0.088681446907818 0.0956826137689615 0.0816802800466744 0.0816802800466744 0.0991831971995333 0.0816802800466744
"cheAbi" 0.0828471411901984 0 0.0338389731621937 0.0373395565927655 0.0221703617269545 0.0163360560093349 0.014002333722287 0.0350058343057176 0.0490081680280047 0.0630105017502917 0.014002333722287 0.0245040840140023 0.0618436406067678 0.0770128354725788 0.0758459743290548 0.0221703617269545 0.0723453908984831 0.0175029171528588
"cheMyd" 0.088681446907818 0.0338389731621937 0 0.0338389731621937 0.0303383897316219 0.0338389731621937 0.0315052508751459 0.0163360560093349 0.0431738623103851 0.0665110851808635 0.0385064177362894 0.0326721120186698 0.0630105017502917 0.073512252042007 0.0793465577596266 0.0350058343057176 0.0746791131855309 0.0280046674445741
"cheSer" 0.0898483080513419 0.0373395565927655 0.0338389731621937 0 0.0396732788798133 0.0385064177362894 0.0338389731621937 0.0338389731621937 0.0501750291715286 0.0758459743290548 0.044340723453909 0.0420070011668611 0.0723453908984831 0.087514585764294 0.0805134189031505 0.0373395565927655 0.0851808634772462 0.0338389731621937
"chrPic" 0.0863477246207701 0.0221703617269545 0.0303383897316219 0.0396732788798133 0 0.0221703617269545 0.0198366394399067 0.0315052508751459 0.0478413068844807 0.05950991831972 0.0256709451575263 0.00466744457409568 0.0536756126021004 0.0746791131855309 0.0793465577596266 0.0233372228704784 0.073512252042007 0.0116686114352392
"cuoAmb" 0.0851808634772462 0.0163360560093349 0.0338389731621937 0.0385064177362894 0.0221703617269545 0 0.00466744457409568 0.0350058343057176 0.0466744457409568 0.0653442240373396 0.0233372228704784 0.0245040840140023 0.0618436406067678 0.0746791131855309 0.0781796966161027 0.0221703617269545 0.0711785297549592 0.0175029171528588
"cuoMcc" 0.0840140023337223 0.014002333722287 0.0315052508751459 0.0338389731621937 0.0198366394399067 0.00466744457409568 0 0.0326721120186698 0.044340723453909 0.0630105017502917 0.0210035005834306 0.0221703617269545 0.05950991831972 0.0746791131855309 0.0781796966161027 0.0175029171528588 0.0711785297549592 0.015169194865811
"derCor" 0.0851808634772462 0.0350058343057176 0.0163360560093349 0.0338389731621937 0.0315052508751459 0.0350058343057176 0.0326721120186698 0 0.0431738623103851 0.0676779463243874 0.0408401400233372 0.0338389731621937 0.05950991831972 0.0770128354725788 0.0781796966161027 0.0361726954492415 0.0758459743290548 0.029171528588098
"derMaw" 0.088681446907818 0.0490081680280047 0.0431738623103851 0.0501750291715286 0.0478413068844807 0.0466744457409568 0.044340723453909 0.0431738623103851 0 0.0805134189031505 0.0536756126021004 0.0501750291715286 0.073512252042007 0.0921820303383897 0.0851808634772462 0.0501750291715286 0.087514585764294 0.0408401400233372
"emySub" 0.0956826137689615 0.0630105017502917 0.0665110851808635 0.0758459743290548 0.05950991831972 0.0653442240373396 0.0630105017502917 0.0676779463243874 0.0805134189031505 0 0.0676779463243874 0.0618436406067678 0.0361726954492415 0.0618436406067678 0.0921820303383897 0.0665110851808635 0.0665110851808635 0.0641773628938156
"gopAga" 0.0910151691948658 0.014002333722287 0.0385064177362894 0.044340723453909 0.0256709451575263 0.0233372228704784 0.0210035005834306 0.0408401400233372 0.0536756126021004 0.0676779463243874 0 0.0280046674445741 0.0665110851808635 0.0805134189031505 0.0851808634772462 0.029171528588098 0.0770128354725788 0.0233372228704784
"malTer" 0.088681446907818 0.0245040840140023 0.0326721120186698 0.0420070011668611 0.00466744457409568 0.0245040840140023 0.0221703617269545 0.0338389731621937 0.0501750291715286 0.0618436406067678 0.0280046674445741 0 0.0560093348891482 0.0770128354725788 0.0816802800466744 0.0210035005834306 0.0758459743290548 0.014002333722287
"mesTub" 0.088681446907818 0.0618436406067678 0.0630105017502917 0.0723453908984831 0.0536756126021004 0.0618436406067678 0.05950991831972 0.05950991831972 0.073512252042007 0.0361726954492415 0.0665110851808635 0.0560093348891482 0 0.0630105017502917 0.0898483080513419 0.0630105017502917 0.0665110851808635 0.058343057176196
"pelCas" 0.0956826137689615 0.0770128354725788 0.073512252042007 0.087514585764294 0.0746791131855309 0.0746791131855309 0.0746791131855309 0.0770128354725788 0.0921820303383897 0.0618436406067678 0.0805134189031505 0.0770128354725788 0.0630105017502917 0 0.0956826137689615 0.0770128354725788 0.0618436406067678 0.0746791131855309
"pelSin" 0.0816802800466744 0.0758459743290548 0.0793465577596266 0.0805134189031505 0.0793465577596266 0.0781796966161027 0.0781796966161027 0.0781796966161027 0.0851808634772462 0.0921820303383897 0.0851808634772462 0.0816802800466744 0.0898483080513419 0.0956826137689615 0 0.0770128354725788 0.0956826137689615 0.073512252042007
"plaMeg" 0.0816802800466744 0.0221703617269545 0.0350058343057176 0.0373395565927655 0.0233372228704784 0.0221703617269545 0.0175029171528588 0.0361726954492415 0.0501750291715286 0.0665110851808635 0.029171528588098 0.0210035005834306 0.0630105017502917 0.0770128354725788 0.0770128354725788 0 0.073512252042007 0.0163360560093349
"podExp" 0.0991831971995333 0.0723453908984831 0.0746791131855309 0.0851808634772462 0.073512252042007 0.0711785297549592 0.0711785297549592 0.0758459743290548 0.087514585764294 0.0665110851808635 0.0770128354725788 0.0758459743290548 0.0665110851808635 0.0618436406067678 0.0956826137689615 0.073512252042007 0 0.0711785297549592
"terMex" 0.0816802800466744 0.0175029171528588 0.0280046674445741 0.0338389731621937 0.0116686114352392 0.0175029171528588 0.015169194865811 0.029171528588098 0.0408401400233372 0.0641773628938156 0.0233372228704784 0.014002333722287 0.058343057176196 0.0746791131855309 0.073512252042007 0.0163360560093349 0.0711785297549592 0
