"carIns" "cheAbi" "cheMyd" "chrPic" "cuoAmb" "cuoMcc" "derCor" "derMaw" "emySub" "gopAga" "malTer" "pelCas" "pelSin" "plaMeg" "podExp" "terMex"
"carIns" 0 0.0998980632008155 0.0927624872579001 0.0876656472986748 0.0998980632008155 0.0988786952089704 0.091743119266055 0.100917431192661 0.106014271151886 0.091743119266055 0.09072375127421 0.133537206931702 0.127420998980632 0.0886850152905199 0.140672782874618 0.0846075433231396
"cheAbi" 0.0998980632008155 0 0.0417940876656473 0.0346585117227319 0.0305810397553517 0.0336391437308868 0.0407747196738022 0.0611620795107034 0.0682976554536188 0.0244648318042813 0.0377166156982671 0.104994903160041 0.114169215086646 0.0336391437308868 0.111111111111111 0.0336391437308868
"cheMyd" 0.0927624872579001 0.0417940876656473 0 0.0295616717635066 0.0417940876656473 0.0407747196738022 0.0163098878695209 0.0468909276248726 0.0591233435270133 0.0377166156982671 0.0346585117227319 0.0927624872579001 0.113149847094801 0.0295616717635066 0.0978593272171254 0.0285423037716616
"chrPic" 0.0876656472986748 0.0346585117227319 0.0295616717635066 0 0.0326197757390418 0.0336391437308868 0.0305810397553517 0.0489296636085627 0.0611620795107034 0.0265035677879715 0.0091743119266055 0.0988786952089704 0.113149847094801 0.0203873598369011 0.100917431192661 0.00713557594291539
"cuoAmb" 0.0998980632008155 0.0305810397553517 0.0417940876656473 0.0326197757390418 0 0.0091743119266055 0.036697247706422 0.0560652395514781 0.0632008154943935 0.0224260958205912 0.035677879714577 0.100917431192661 0.117227319062181 0.0305810397553517 0.107033639143731 0.0295616717635066
"cuoMcc" 0.0988786952089704 0.0336391437308868 0.0407747196738022 0.0336391437308868 0.0091743119266055 0 0.035677879714577 0.0581039755351682 0.0621814475025484 0.0234454638124363 0.036697247706422 0.101936799184506 0.118246687054027 0.0316004077471967 0.106014271151886 0.0305810397553517
"derCor" 0.091743119266055 0.0407747196738022 0.0163098878695209 0.0305810397553517 0.036697247706422 0.035677879714577 0 0.0428134556574924 0.0570846075433231 0.0346585117227319 0.0336391437308868 0.0866462793068298 0.109072375127421 0.0285423037716616 0.0927624872579001 0.0275229357798165
"derMaw" 0.100917431192661 0.0611620795107034 0.0468909276248726 0.0489296636085627 0.0560652395514781 0.0581039755351682 0.0428134556574924 0 0.0795107033639144 0.055045871559633 0.0519877675840979 0.107033639143731 0.128440366972477 0.0468909276248726 0.112130479102956 0.0458715596330275
"emySub" 0.106014271151886 0.0682976554536188 0.0591233435270133 0.0611620795107034 0.0632008154943935 0.0621814475025484 0.0570846075433231 0.0795107033639144 0 0.0581039755351682 0.0621814475025484 0.0866462793068298 0.125382262996942 0.0570846075433231 0.0937818552497452 0.0581039755351682
"gopAga" 0.091743119266055 0.0244648318042813 0.0377166156982671 0.0265035677879715 0.0224260958205912 0.0234454638124363 0.0346585117227319 0.055045871559633 0.0581039755351682 0 0.0295616717635066 0.0998980632008155 0.113149847094801 0.0265035677879715 0.104994903160041 0.0234454638124363
"malTer" 0.09072375127421 0.0377166156982671 0.0346585117227319 0.0091743119266055 0.035677879714577 0.036697247706422 0.0336391437308868 0.0519877675840979 0.0621814475025484 0.0295616717635066 0 0.101936799184506 0.113149847094801 0.0234454638124363 0.100917431192661 0.0101936799184506
"pelCas" 0.133537206931702 0.104994903160041 0.0927624872579001 0.0988786952089704 0.100917431192661 0.101936799184506 0.0866462793068298 0.107033639143731 0.0866462793068298 0.0998980632008155 0.101936799184506 0 0.147808358817533 0.0927624872579001 0.0846075433231396 0.0958205912334353
"pelSin" 0.127420998980632 0.114169215086646 0.113149847094801 0.113149847094801 0.117227319062181 0.118246687054027 0.109072375127421 0.128440366972477 0.125382262996942 0.113149847094801 0.113149847094801 0.147808358817533 0 0.113149847094801 0.151885830784913 0.108053007135576
"plaMeg" 0.0886850152905199 0.0336391437308868 0.0295616717635066 0.0203873598369011 0.0305810397553517 0.0316004077471967 0.0285423037716616 0.0468909276248726 0.0570846075433231 0.0265035677879715 0.0234454638124363 0.0927624872579001 0.113149847094801 0 0.101936799184506 0.017329255861366
"podExp" 0.140672782874618 0.111111111111111 0.0978593272171254 0.100917431192661 0.107033639143731 0.106014271151886 0.0927624872579001 0.112130479102956 0.0937818552497452 0.104994903160041 0.100917431192661 0.0846075433231396 0.151885830784913 0.101936799184506 0 0.0978593272171254
"terMex" 0.0846075433231396 0.0336391437308868 0.0285423037716616 0.00713557594291539 0.0295616717635066 0.0305810397553517 0.0275229357798165 0.0458715596330275 0.0581039755351682 0.0234454638124363 0.0101936799184506 0.0958205912334353 0.108053007135576 0.017329255861366 0.0978593272171254 0
