"carIns" "cheAbi" "cheMyd" "cheSer" "chrPic" "cuoAmb" "cuoMcc" "derCor" "derMaw" "emySub" "gopAga" "malTer" "mesTub" "pelCas" "pelSin" "plaMeg" "podExp" "terMex"
"carIns" 0 0.082271147161066 0.133256083429896 0.0718424101969873 0.0903823870220162 0.082271147161066 0.082271147161066 0.0938586326767092 0.085747392815759 0.0926998841251448 0.0938586326767092 0.136732329084589 0.0880648899188876 0.0996523754345307 0.0799536500579374 0.0869061413673233 0.101969872537659 0.0834298957126304
"cheAbi" 0.082271147161066 0 0.0984936268829664 0.033603707995365 0.0324449594438007 0.0127462340672074 0.0127462340672074 0.0405561993047509 0.0544611819235226 0.0590961761297798 0.0278099652375435 0.0799536500579374 0.0579374275782155 0.0683661645422943 0.06720741599073 0.0359212050984936 0.0730011587485516 0.0231749710312862
"cheMyd" 0.133256083429896 0.0984936268829664 0 0.0926998841251448 0.0996523754345307 0.0950173812282735 0.0950173812282735 0.0961761297798378 0.107763615295481 0.11008111239861 0.113557358053302 0.146002317497103 0.104287369640788 0.120509849362688 0.120509849362688 0.0984936268829664 0.12630359212051 0.0892236384704519
"cheSer" 0.0718424101969873 0.033603707995365 0.0926998841251448 0 0.0393974507531866 0.0301274623406721 0.0301274623406721 0.0428736964078795 0.0463499420625724 0.0509849362688297 0.0463499420625724 0.0869061413673233 0.0509849362688297 0.0648899188876014 0.0648899188876014 0.033603707995365 0.0730011587485516 0.0301274623406721
"chrPic" 0.0903823870220162 0.0324449594438007 0.0996523754345307 0.0393974507531866 0 0.0301274623406721 0.0301274623406721 0.0382387022016222 0.0556199304750869 0.0614136732329085 0.0347624565469293 0.0695249130938586 0.0602549246813441 0.0799536500579374 0.0741599073001159 0.0359212050984936 0.082271147161066 0.0139049826187717
"cuoAmb" 0.082271147161066 0.0127462340672074 0.0950173812282735 0.0301274623406721 0.0301274623406721 0 0.00231749710312862 0.0393974507531866 0.0498261877172654 0.0544611819235226 0.0289687137891078 0.0787949015063731 0.0544611819235226 0.0683661645422943 0.06720741599073 0.033603707995365 0.0741599073001159 0.0208574739281576
"cuoMcc" 0.082271147161066 0.0127462340672074 0.0950173812282735 0.0301274623406721 0.0301274623406721 0.00231749710312862 0 0.0393974507531866 0.052143684820394 0.0544611819235226 0.0289687137891078 0.0787949015063731 0.0544611819235226 0.0683661645422943 0.06720741599073 0.033603707995365 0.0741599073001159 0.0208574739281576
"derCor" 0.0938586326767092 0.0405561993047509 0.0961761297798378 0.0428736964078795 0.0382387022016222 0.0393974507531866 0.0393974507531866 0 0.0614136732329085 0.0614136732329085 0.0440324449594438 0.0776361529548088 0.0602549246813441 0.0764774044032445 0.0787949015063731 0.0359212050984936 0.0787949015063731 0.0393974507531866
"derMaw" 0.085747392815759 0.0544611819235226 0.107763615295481 0.0463499420625724 0.0556199304750869 0.0498261877172654 0.052143684820394 0.0614136732329085 0 0.0637311703360371 0.0614136732329085 0.0973348783314021 0.0602549246813441 0.0764774044032445 0.0787949015063731 0.0509849362688297 0.0845886442641947 0.0463499420625724
"emySub" 0.0926998841251448 0.0590961761297798 0.11008111239861 0.0509849362688297 0.0614136732329085 0.0544611819235226 0.0544611819235226 0.0614136732329085 0.0637311703360371 0 0.0695249130938586 0.105446118192352 0.0254924681344148 0.052143684820394 0.0799536500579374 0.0567786790266512 0.0614136732329085 0.048667439165701
"gopAga" 0.0938586326767092 0.0278099652375435 0.113557358053302 0.0463499420625724 0.0347624565469293 0.0289687137891078 0.0289687137891078 0.0440324449594438 0.0614136732329085 0.0695249130938586 0 0.0869061413673233 0.0683661645422943 0.0776361529548088 0.0799536500579374 0.0451911935110081 0.082271147161066 0.0405561993047509
"malTer" 0.136732329084589 0.0799536500579374 0.146002317497103 0.0869061413673233 0.0695249130938586 0.0787949015063731 0.0787949015063731 0.0776361529548088 0.0973348783314021 0.105446118192352 0.0869061413673233 0 0.103128621089224 0.123986095017381 0.11819235225956 0.070683661645423 0.11819235225956 0.0625724217844728
"mesTub" 0.0880648899188876 0.0579374275782155 0.104287369640788 0.0509849362688297 0.0602549246813441 0.0544611819235226 0.0544611819235226 0.0602549246813441 0.0602549246813441 0.0254924681344148 0.0683661645422943 0.103128621089224 0 0.0475086906141367 0.0741599073001159 0.0567786790266512 0.0509849362688297 0.048667439165701
"pelCas" 0.0996523754345307 0.0683661645422943 0.120509849362688 0.0648899188876014 0.0799536500579374 0.0683661645422943 0.0683661645422943 0.0764774044032445 0.0764774044032445 0.052143684820394 0.0776361529548088 0.123986095017381 0.0475086906141367 0 0.0869061413673233 0.0718424101969873 0.0533024333719583 0.0695249130938586
"pelSin" 0.0799536500579374 0.06720741599073 0.120509849362688 0.0648899188876014 0.0741599073001159 0.06720741599073 0.06720741599073 0.0787949015063731 0.0787949015063731 0.0799536500579374 0.0799536500579374 0.11819235225956 0.0741599073001159 0.0869061413673233 0 0.0718424101969873 0.0950173812282735 0.0648899188876014
"plaMeg" 0.0869061413673233 0.0359212050984936 0.0984936268829664 0.033603707995365 0.0359212050984936 0.033603707995365 0.033603707995365 0.0359212050984936 0.0509849362688297 0.0567786790266512 0.0451911935110081 0.070683661645423 0.0567786790266512 0.0718424101969873 0.0718424101969873 0 0.0799536500579374 0.0266512166859791
"podExp" 0.101969872537659 0.0730011587485516 0.12630359212051 0.0730011587485516 0.082271147161066 0.0741599073001159 0.0741599073001159 0.0787949015063731 0.0845886442641947 0.0614136732329085 0.082271147161066 0.11819235225956 0.0509849362688297 0.0533024333719583 0.0950173812282735 0.0799536500579374 0 0.0718424101969873
"terMex" 0.0834298957126304 0.0231749710312862 0.0892236384704519 0.0301274623406721 0.0139049826187717 0.0208574739281576 0.0208574739281576 0.0393974507531866 0.0463499420625724 0.048667439165701 0.0405561993047509 0.0625724217844728 0.048667439165701 0.0695249130938586 0.0648899188876014 0.0266512166859791 0.0718424101969873 0
