"carIns" "cheAbi" "cheMyd" "cheSer" "chrPic" "cuoMcc" "derCor" "derMaw" "emySub" "gopAga" "malTer" "mesTub" "pelCas" "pelSin" "plaMeg" "podExp" "terMex"
"carIns" 0 0.131654676258993 0.132374100719424 0.128057553956835 0.120863309352518 0.13021582733813 0.127338129496403 0.130935251798561 0.133093525179856 0.134532374100719 0.123741007194245 0.176258992805755 0.161870503597122 0.146043165467626 0.123021582733813 0.202158273381295 0.120863309352518
"cheAbi" 0.131654676258993 0 0.058273381294964 0.0525179856115108 0.0309352517985612 0.0251798561151079 0.0553956834532374 0.0510791366906475 0.0877697841726619 0.018705035971223 0.0338129496402878 0.148201438848921 0.117985611510791 0.130935251798561 0.0359712230215827 0.171942446043165 0.0323741007194245
"cheMyd" 0.132374100719424 0.058273381294964 0 0.0575539568345324 0.0431654676258993 0.0453237410071942 0.0194244604316547 0.0517985611510791 0.0884892086330935 0.0575539568345324 0.0460431654676259 0.146043165467626 0.112230215827338 0.135971223021583 0.0438848920863309 0.176258992805755 0.0424460431654676
"cheSer" 0.128057553956835 0.0525179856115108 0.0575539568345324 0 0.0381294964028777 0.0446043165467626 0.0503597122302158 0.039568345323741 0.081294964028777 0.0532374100719424 0.0402877697841727 0.146762589928058 0.110071942446043 0.12589928057554 0.0388489208633093 0.164028776978417 0.0381294964028777
"chrPic" 0.120863309352518 0.0309352517985612 0.0431654676258993 0.0381294964028777 0 0.0237410071942446 0.037410071942446 0.0330935251798561 0.0755395683453237 0.0316546762589928 0.00575539568345324 0.138848920863309 0.102158273381295 0.124460431654676 0.0151079136690647 0.166187050359712 0.00647482014388489
"cuoMcc" 0.13021582733813 0.0251798561151079 0.0453237410071942 0.0446043165467626 0.0237410071942446 0 0.0438848920863309 0.0438848920863309 0.0856115107913669 0.023021582733813 0.0266187050359712 0.143165467625899 0.11294964028777 0.128776978417266 0.0258992805755396 0.168345323741007 0.0237410071942446
"derCor" 0.127338129496403 0.0553956834532374 0.0194244604316547 0.0503597122302158 0.037410071942446 0.0438848920863309 0 0.0438848920863309 0.0805755395683453 0.0561151079136691 0.0402877697841727 0.140287769784173 0.107913669064748 0.132374100719424 0.0381294964028777 0.169064748201439 0.0366906474820144
"derMaw" 0.130935251798561 0.0510791366906475 0.0517985611510791 0.039568345323741 0.0330935251798561 0.0438848920863309 0.0438848920863309 0 0.0820143884892086 0.0510791366906475 0.0352517985611511 0.140287769784173 0.113669064748201 0.130935251798561 0.0338129496402878 0.175539568345324 0.0345323741007194
"emySub" 0.133093525179856 0.0877697841726619 0.0884892086330935 0.081294964028777 0.0755395683453237 0.0856115107913669 0.0805755395683453 0.0820143884892086 0 0.0884892086330935 0.079136690647482 0.105755395683453 0.0877697841726619 0.139568345323741 0.081294964028777 0.153237410071942 0.0762589928057554
"gopAga" 0.134532374100719 0.018705035971223 0.0575539568345324 0.0532374100719424 0.0316546762589928 0.023021582733813 0.0561151079136691 0.0510791366906475 0.0884892086330935 0 0.0345323741007194 0.148920863309353 0.115107913669065 0.133093525179856 0.0345323741007194 0.171942446043165 0.0316546762589928
"malTer" 0.123741007194245 0.0338129496402878 0.0460431654676259 0.0402877697841727 0.00575539568345324 0.0266187050359712 0.0402877697841727 0.0352517985611511 0.079136690647482 0.0345323741007194 0 0.141007194244604 0.105755395683453 0.127338129496403 0.0172661870503597 0.167625899280576 0.00935251798561151
"mesTub" 0.176258992805755 0.148201438848921 0.146043165467626 0.146762589928058 0.138848920863309 0.143165467625899 0.140287769784173 0.140287769784173 0.105755395683453 0.148920863309353 0.141007194244604 0 0.154676258992806 0.168345323741007 0.141726618705036 0.20863309352518 0.137410071942446
"pelCas" 0.161870503597122 0.117985611510791 0.112230215827338 0.110071942446043 0.102158273381295 0.11294964028777 0.107913669064748 0.113669064748201 0.0877697841726619 0.115107913669065 0.105755395683453 0.154676258992806 0 0.165467625899281 0.106474820143885 0.133093525179856 0.102877697841727
"pelSin" 0.146043165467626 0.130935251798561 0.135971223021583 0.12589928057554 0.124460431654676 0.128776978417266 0.132374100719424 0.130935251798561 0.139568345323741 0.133093525179856 0.127338129496403 0.168345323741007 0.165467625899281 0 0.12589928057554 0.213669064748201 0.125179856115108
"plaMeg" 0.123021582733813 0.0359712230215827 0.0438848920863309 0.0388489208633093 0.0151079136690647 0.0258992805755396 0.0381294964028777 0.0338129496402878 0.081294964028777 0.0345323741007194 0.0172661870503597 0.141726618705036 0.106474820143885 0.12589928057554 0 0.168345323741007 0.0143884892086331
"podExp" 0.202158273381295 0.171942446043165 0.176258992805755 0.164028776978417 0.166187050359712 0.168345323741007 0.169064748201439 0.175539568345324 0.153237410071942 0.171942446043165 0.167625899280576 0.20863309352518 0.133093525179856 0.213669064748201 0.168345323741007 0 0.165467625899281
"terMex" 0.120863309352518 0.0323741007194245 0.0424460431654676 0.0381294964028777 0.00647482014388489 0.0237410071942446 0.0366906474820144 0.0345323741007194 0.0762589928057554 0.0316546762589928 0.00935251798561151 0.137410071942446 0.102877697841727 0.125179856115108 0.0143884892086331 0.165467625899281 0
