"carIns" "cheAbi" "cheMyd" "cheSer" "chrPic" "cuoMcc" "derMaw" "emySub" "gopAga" "malTer" "mesTub" "pelCas" "pelSin" "plaMeg" "podExp" "terMex"
"carIns" 0 0.0762800417972832 0.205851619644723 0.0731452455590387 0.0721003134796238 0.246603970741902 0.0783699059561129 0.083594566353187 0.0888192267502612 0.100313479623824 0.0867293625914316 0.109717868338558 0.119122257053292 0.0783699059561129 0.0898641588296761 0.0679205851619645
"cheAbi" 0.0762800417972832 0 0.173458725182863 0.0376175548589342 0.026123301985371 0.216300940438871 0.0522466039707419 0.06478578892372 0.0303030303030303 0.0553814002089864 0.0626959247648903 0.101358411703239 0.121212121212121 0.0365726227795193 0.071055381400209 0.0208986415882968
"cheMyd" 0.205851619644723 0.173458725182863 0 0.174503657262278 0.166144200626959 0.340647857889237 0.172413793103448 0.185997910135841 0.167189132706374 0.197492163009404 0.184952978056426 0.198537095088819 0.201671891327064 0.166144200626959 0.195402298850575 0.165099268547544
"cheSer" 0.0731452455590387 0.0376175548589342 0.174503657262278 0 0.03239289446186 0.219435736677116 0.0417972831765935 0.0606060606060606 0.0480668756530825 0.0616509926854754 0.0616509926854754 0.0992685475444096 0.117032392894462 0.038662486938349 0.071055381400209 0.0271682340647858
"chrPic" 0.0721003134796238 0.026123301985371 0.166144200626959 0.03239289446186 0 0.217345872518286 0.044932079414838 0.0543364681295716 0.038662486938349 0.0417972831765935 0.0585161964472309 0.0961337513061651 0.110762800417973 0.0303030303030303 0.0679205851619645 0.0114942528735632
"cuoMcc" 0.246603970741902 0.216300940438871 0.340647857889237 0.219435736677116 0.217345872518286 0 0.236154649947753 0.243469174503657 0.216300940438871 0.229885057471264 0.244514106583072 0.280041797283177 0.273772204806688 0.22884012539185 0.249738766980146 0.214211076280042
"derMaw" 0.0783699059561129 0.0522466039707419 0.172413793103448 0.0417972831765935 0.044932079414838 0.236154649947753 0 0.0689655172413793 0.0626959247648903 0.071055381400209 0.0721003134796238 0.106583072100313 0.109717868338558 0.0355276907001045 0.0815047021943574 0.0417972831765935
"emySub" 0.083594566353187 0.06478578892372 0.185997910135841 0.0606060606060606 0.0543364681295716 0.243469174503657 0.0689655172413793 0 0.0731452455590387 0.0856844305120167 0.0344827586206897 0.0877742946708464 0.120167189132706 0.0658307210031348 0.0637408568443051 0.0522466039707419
"gopAga" 0.0888192267502612 0.0303030303030303 0.167189132706374 0.0480668756530825 0.038662486938349 0.216300940438871 0.0626959247648903 0.0731452455590387 0 0.0668756530825496 0.0731452455590387 0.112852664576803 0.122257053291536 0.0480668756530825 0.0815047021943574 0.0334378265412748
"malTer" 0.100313479623824 0.0553814002089864 0.197492163009404 0.0616509926854754 0.0417972831765935 0.229885057471264 0.071055381400209 0.0856844305120167 0.0668756530825496 0 0.0898641588296761 0.119122257053292 0.138975966562173 0.0574712643678161 0.0992685475444096 0.0438871473354232
"mesTub" 0.0867293625914316 0.0626959247648903 0.184952978056426 0.0616509926854754 0.0585161964472309 0.244514106583072 0.0721003134796238 0.0344827586206897 0.0731452455590387 0.0898641588296761 0 0.0929989550679206 0.13166144200627 0.0721003134796238 0.0668756530825496 0.0553814002089864
"pelCas" 0.109717868338558 0.101358411703239 0.198537095088819 0.0992685475444096 0.0961337513061651 0.280041797283177 0.106583072100313 0.0877742946708464 0.112852664576803 0.119122257053292 0.0929989550679206 0 0.130616509926855 0.101358411703239 0.0783699059561129 0.0940438871473354
"pelSin" 0.119122257053292 0.121212121212121 0.201671891327064 0.117032392894462 0.110762800417973 0.273772204806688 0.109717868338558 0.120167189132706 0.122257053291536 0.138975966562173 0.13166144200627 0.130616509926855 0 0.112852664576803 0.135841170323929 0.111807732497388
"plaMeg" 0.0783699059561129 0.0365726227795193 0.166144200626959 0.038662486938349 0.0303030303030303 0.22884012539185 0.0355276907001045 0.0658307210031348 0.0480668756530825 0.0574712643678161 0.0721003134796238 0.101358411703239 0.112852664576803 0 0.077324973876698 0.0271682340647858
"podExp" 0.0898641588296761 0.071055381400209 0.195402298850575 0.071055381400209 0.0679205851619645 0.249738766980146 0.0815047021943574 0.0637408568443051 0.0815047021943574 0.0992685475444096 0.0668756530825496 0.0783699059561129 0.135841170323929 0.077324973876698 0 0.06478578892372
"terMex" 0.0679205851619645 0.0208986415882968 0.165099268547544 0.0271682340647858 0.0114942528735632 0.214211076280042 0.0417972831765935 0.0522466039707419 0.0334378265412748 0.0438871473354232 0.0553814002089864 0.0940438871473354 0.111807732497388 0.0271682340647858 0.06478578892372 0
