"carIns" "cheAbi" "cheMyd" "cheSer" "chrPic" "cuoMcc" "derCor" "derMaw" "emySub" "gopAga" "mesTub" "pelCas" "pelSin" "plaMeg" "podExp" "terMex"
"carIns" 0 0.0847826086956522 0.0804347826086956 0.106521739130435 0.0815217391304348 0.0771739130434783 0.083695652173913 0.0934782608695652 0.102173913043478 0.0826086956521739 0.106521739130435 0.114130434782609 0.121739130434783 0.103260869565217 0.146739130434783 0.103260869565217
"cheAbi" 0.0847826086956522 0 0.0402173913043478 0.0543478260869565 0.0271739130434783 0.0184782608695652 0.0391304347826087 0.0532608695652174 0.0673913043478261 0.0195652173913043 0.0728260869565217 0.0891304347826087 0.11304347826087 0.0456521739130435 0.129347826086957 0.0456521739130435
"cheMyd" 0.0804347826086956 0.0402173913043478 0 0.0489130434782609 0.0315217391304348 0.0304347826086957 0.0206521739130435 0.0467391304347826 0.0597826086956522 0.0380434782608696 0.0652173913043478 0.075 0.105434782608696 0.05 0.119565217391304 0.0478260869565217
"cheSer" 0.106521739130435 0.0543478260869565 0.0489130434782609 0 0.0478260869565217 0.05 0.0489130434782609 0.0576086956521739 0.0793478260869565 0.0554347826086957 0.0847826086956522 0.102173913043478 0.129347826086957 0.0532608695652174 0.127173913043478 0.05
"chrPic" 0.0815217391304348 0.0271739130434783 0.0315217391304348 0.0478260869565217 0 0.0184782608695652 0.0304347826086957 0.0434782608695652 0.0619565217391304 0.0260869565217391 0.0630434782608696 0.0804347826086956 0.107608695652174 0.0369565217391304 0.119565217391304 0.0293478260869565
"cuoMcc" 0.0771739130434783 0.0184782608695652 0.0304347826086957 0.05 0.0184782608695652 0 0.0315217391304348 0.0434782608695652 0.0619565217391304 0.016304347826087 0.0673913043478261 0.0793478260869565 0.105434782608696 0.0369565217391304 0.118478260869565 0.0369565217391304
"derCor" 0.083695652173913 0.0391304347826087 0.0206521739130435 0.0489130434782609 0.0304347826086957 0.0315217391304348 0 0.0467391304347826 0.0608695652173913 0.0369565217391304 0.0619565217391304 0.0782608695652174 0.103260869565217 0.0489130434782609 0.118478260869565 0.0467391304347826
"derMaw" 0.0934782608695652 0.0532608695652174 0.0467391304347826 0.0576086956521739 0.0434782608695652 0.0434782608695652 0.0467391304347826 0 0.0706521739130435 0.0510869565217391 0.0771739130434783 0.0923913043478261 0.114130434782609 0.0630434782608696 0.135869565217391 0.058695652173913
"emySub" 0.102173913043478 0.0673913043478261 0.0597826086956522 0.0793478260869565 0.0619565217391304 0.0619565217391304 0.0608695652173913 0.0706521739130435 0 0.0673913043478261 0.0434782608695652 0.0706521739130435 0.11195652173913 0.0793478260869565 0.114130434782609 0.0771739130434783
"gopAga" 0.0826086956521739 0.0195652173913043 0.0380434782608696 0.0554347826086957 0.0260869565217391 0.016304347826087 0.0369565217391304 0.0510869565217391 0.0673913043478261 0 0.0728260869565217 0.0858695652173913 0.11304347826087 0.0423913043478261 0.125 0.0423913043478261
"mesTub" 0.106521739130435 0.0728260869565217 0.0652173913043478 0.0847826086956522 0.0630434782608696 0.0673913043478261 0.0619565217391304 0.0771739130434783 0.0434782608695652 0.0728260869565217 0 0.0728260869565217 0.114130434782609 0.0826086956521739 0.120652173913043 0.0782608695652174
"pelCas" 0.114130434782609 0.0891304347826087 0.075 0.102173913043478 0.0804347826086956 0.0793478260869565 0.0782608695652174 0.0923913043478261 0.0706521739130435 0.0858695652173913 0.0728260869565217 0 0.133695652173913 0.0967391304347826 0.116304347826087 0.0945652173913043
"pelSin" 0.121739130434783 0.11304347826087 0.105434782608696 0.129347826086957 0.107608695652174 0.105434782608696 0.103260869565217 0.114130434782609 0.11195652173913 0.11304347826087 0.114130434782609 0.133695652173913 0 0.127173913043478 0.154347826086957 0.125
"plaMeg" 0.103260869565217 0.0456521739130435 0.05 0.0532608695652174 0.0369565217391304 0.0369565217391304 0.0489130434782609 0.0630434782608696 0.0793478260869565 0.0423913043478261 0.0826086956521739 0.0967391304347826 0.127173913043478 0 0.117391304347826 0.0119565217391304
"podExp" 0.146739130434783 0.129347826086957 0.119565217391304 0.127173913043478 0.119565217391304 0.118478260869565 0.118478260869565 0.135869565217391 0.114130434782609 0.125 0.120652173913043 0.116304347826087 0.154347826086957 0.117391304347826 0 0.116304347826087
"terMex" 0.103260869565217 0.0456521739130435 0.0478260869565217 0.05 0.0293478260869565 0.0369565217391304 0.0467391304347826 0.058695652173913 0.0771739130434783 0.0423913043478261 0.0782608695652174 0.0945652173913043 0.125 0.0119565217391304 0.116304347826087 0
