"cheAbi" "cheMyd" "chrPic" "cuoAmb" "cuoMcc" "derCor" "derMaw" "emySub" "gopAga" "malTer" "mesTub" "pelCas" "pelSin" "podExp" "terMex"
"cheAbi" 0 0.0569767441860465 0.0313953488372093 0.0197674418604651 0.0162790697674419 0.036046511627907 0.0372093023255814 0.0662790697674419 0.00930232558139535 0.0267441860465116 0.0651162790697674 0.0953488372093023 0.0872093023255814 0.0755813953488372 0.0755813953488372
"cheMyd" 0.0569767441860465 0 0.0686046511627907 0.0627906976744186 0.0569767441860465 0.0383720930232558 0.0651162790697674 0.0941860465116279 0.0523255813953488 0.063953488372093 0.0895348837209302 0.117441860465116 0.102325581395349 0.103488372093023 0.0837209302325581
"chrPic" 0.0313953488372093 0.0686046511627907 0 0.0302325581395349 0.0255813953488372 0.0488372093023256 0.0476744186046512 0.072093023255814 0.0267441860465116 0.013953488372093 0.0744186046511628 0.102325581395349 0.0988372093023256 0.0848837209302326 0.0755813953488372
"cuoAmb" 0.0197674418604651 0.0627906976744186 0.0302325581395349 0 0.00581395348837209 0.0418604651162791 0.0406976744186047 0.0697674418604651 0.013953488372093 0.0255813953488372 0.0662790697674419 0.0988372093023256 0.0895348837209302 0.0790697674418605 0.0697674418604651
"cuoMcc" 0.0162790697674419 0.0569767441860465 0.0255813953488372 0.00581395348837209 0 0.0383720930232558 0.0372093023255814 0.0662790697674419 0.0116279069767442 0.0209302325581395 0.0616279069767442 0.0953488372093023 0.0872093023255814 0.0755813953488372 0.0697674418604651
"derCor" 0.036046511627907 0.0383720930232558 0.0488372093023256 0.0418604651162791 0.0383720930232558 0 0.0372093023255814 0.0767441860465116 0.0313953488372093 0.0441860465116279 0.0755813953488372 0.109302325581395 0.0988372093023256 0.0906976744186047 0.0848837209302326
"derMaw" 0.0372093023255814 0.0651162790697674 0.0476744186046512 0.0406976744186047 0.0372093023255814 0.0372093023255814 0 0.0767441860465116 0.0325581395348837 0.0453488372093023 0.0755813953488372 0.106976744186047 0.0976744186046512 0.0848837209302326 0.0941860465116279
"emySub" 0.0662790697674419 0.0941860465116279 0.072093023255814 0.0697674418604651 0.0662790697674419 0.0767441860465116 0.0767441860465116 0 0.0616279069767442 0.072093023255814 0.0348837209302326 0.108139534883721 0.113953488372093 0.0813953488372093 0.11046511627907
"gopAga" 0.00930232558139535 0.0523255813953488 0.0267441860465116 0.013953488372093 0.0116279069767442 0.0313953488372093 0.0325581395348837 0.0616279069767442 0 0.022093023255814 0.0604651162790698 0.0906976744186047 0.0848837209302326 0.0709302325581395 0.0686046511627907
"malTer" 0.0267441860465116 0.063953488372093 0.013953488372093 0.0255813953488372 0.0209302325581395 0.0441860465116279 0.0453488372093023 0.072093023255814 0.022093023255814 0 0.0697674418604651 0.0988372093023256 0.0930232558139535 0.0813953488372093 0.0709302325581395
"mesTub" 0.0651162790697674 0.0895348837209302 0.0744186046511628 0.0662790697674419 0.0616279069767442 0.0755813953488372 0.0755813953488372 0.0348837209302326 0.0604651162790698 0.0697674418604651 0 0.102325581395349 0.112790697674419 0.0767441860465116 0.105813953488372
"pelCas" 0.0953488372093023 0.117441860465116 0.102325581395349 0.0988372093023256 0.0953488372093023 0.109302325581395 0.106976744186047 0.108139534883721 0.0906976744186047 0.0988372093023256 0.102325581395349 0 0.140697674418605 0.0767441860465116 0.126744186046512
"pelSin" 0.0872093023255814 0.102325581395349 0.0988372093023256 0.0895348837209302 0.0872093023255814 0.0988372093023256 0.0976744186046512 0.113953488372093 0.0848837209302326 0.0930232558139535 0.112790697674419 0.140697674418605 0 0.117441860465116 0.101162790697674
"podExp" 0.0755813953488372 0.103488372093023 0.0848837209302326 0.0790697674418605 0.0755813953488372 0.0906976744186047 0.0848837209302326 0.0813953488372093 0.0709302325581395 0.0813953488372093 0.0767441860465116 0.0767441860465116 0.117441860465116 0 0.119767441860465
"terMex" 0.0755813953488372 0.0837209302325581 0.0755813953488372 0.0697674418604651 0.0697674418604651 0.0848837209302326 0.0941860465116279 0.11046511627907 0.0686046511627907 0.0709302325581395 0.105813953488372 0.126744186046512 0.101162790697674 0.119767441860465 0
