"carIns" "cheAbi" "cheMyd" "cheSer" "chrPic" "cuoAmb" "cuoMcc" "derMaw" "emySub" "gopAga" "malTer" "mesTub" "pelCas" "pelSin" "plaMeg" "podExp" "terMex"
"carIns" 0 0.0747422680412371 0.127577319587629 0.0670103092783505 0.0695876288659794 0.10180412371134 0.0734536082474227 0.0876288659793814 0.0902061855670103 0.0824742268041237 0.0682989690721649 0.0798969072164948 0.0979381443298969 0.132731958762887 0.0682989690721649 0.105670103092784 0.0966494845360825
"cheAbi" 0.0747422680412371 0 0.0902061855670103 0.0231958762886598 0.0206185567010309 0.0605670103092784 0.0180412371134021 0.0528350515463918 0.077319587628866 0.0206185567010309 0.0206185567010309 0.0695876288659794 0.0889175257731959 0.108247422680412 0.0206185567010309 0.0966494845360825 0.0554123711340206
"cheMyd" 0.127577319587629 0.0902061855670103 0 0.0824742268041237 0.0876288659793814 0.127577319587629 0.0876288659793814 0.103092783505155 0.123711340206186 0.0979381443298969 0.0876288659793814 0.117268041237113 0.13659793814433 0.157216494845361 0.0876288659793814 0.146907216494845 0.122422680412371
"cheSer" 0.0670103092783505 0.0231958762886598 0.0824742268041237 0 0.0103092783505155 0.0579896907216495 0.0154639175257732 0.0399484536082474 0.0631443298969072 0.0309278350515464 0.0103092783505155 0.056701030927835 0.077319587628866 0.100515463917526 0.0128865979381443 0.086340206185567 0.0528350515463918
"chrPic" 0.0695876288659794 0.0206185567010309 0.0876288659793814 0.0103092783505155 0 0.0554123711340206 0.0128865979381443 0.0425257731958763 0.0631443298969072 0.0283505154639175 0.00515463917525773 0.0541237113402062 0.0824742268041237 0.103092783505155 0.0103092783505155 0.0889175257731959 0.0502577319587629
"cuoAmb" 0.10180412371134 0.0605670103092784 0.127577319587629 0.0579896907216495 0.0554123711340206 0 0.0463917525773196 0.0850515463917526 0.100515463917526 0.0644329896907216 0.0528350515463918 0.0940721649484536 0.105670103092784 0.103092783505155 0.0554123711340206 0.119845360824742 0.0541237113402062
"cuoMcc" 0.0734536082474227 0.0180412371134021 0.0876288659793814 0.0154639175257732 0.0128865979381443 0.0463917525773196 0 0.0451030927835052 0.0644329896907216 0.0244845360824742 0.0128865979381443 0.0605670103092784 0.0798969072164948 0.100515463917526 0.0128865979381443 0.0889175257731959 0.0515463917525773
"derMaw" 0.0876288659793814 0.0528350515463918 0.103092783505155 0.0399484536082474 0.0425257731958763 0.0850515463917526 0.0451030927835052 0 0.0850515463917526 0.0605670103092784 0.0451030927835052 0.0798969072164948 0.095360824742268 0.123711340206186 0.0425257731958763 0.108247422680412 0.0824742268041237
"emySub" 0.0902061855670103 0.077319587628866 0.123711340206186 0.0631443298969072 0.0631443298969072 0.100515463917526 0.0644329896907216 0.0850515463917526 0 0.0837628865979381 0.0657216494845361 0.0360824742268041 0.0798969072164948 0.127577319587629 0.0631443298969072 0.0889175257731959 0.0940721649484536
"gopAga" 0.0824742268041237 0.0206185567010309 0.0979381443298969 0.0309278350515464 0.0283505154639175 0.0644329896907216 0.0244845360824742 0.0605670103092784 0.0837628865979381 0 0.0283505154639175 0.077319587628866 0.0914948453608247 0.115979381443299 0.0283505154639175 0.10180412371134 0.0618556701030928
"malTer" 0.0682989690721649 0.0206185567010309 0.0876288659793814 0.0103092783505155 0.00515463917525773 0.0528350515463918 0.0128865979381443 0.0451030927835052 0.0657216494845361 0.0283505154639175 0 0.0592783505154639 0.0850515463917526 0.103092783505155 0.0103092783505155 0.0914948453608247 0.047680412371134
"mesTub" 0.0798969072164948 0.0695876288659794 0.117268041237113 0.056701030927835 0.0541237113402062 0.0940721649484536 0.0605670103092784 0.0798969072164948 0.0360824742268041 0.077319587628866 0.0592783505154639 0 0.0734536082474227 0.119845360824742 0.056701030927835 0.0850515463917526 0.0786082474226804
"pelCas" 0.0979381443298969 0.0889175257731959 0.13659793814433 0.077319587628866 0.0824742268041237 0.105670103092784 0.0798969072164948 0.095360824742268 0.0798969072164948 0.0914948453608247 0.0850515463917526 0.0734536082474227 0 0.13659793814433 0.0811855670103093 0.0670103092783505 0.105670103092784
"pelSin" 0.132731958762887 0.108247422680412 0.157216494845361 0.100515463917526 0.103092783505155 0.103092783505155 0.100515463917526 0.123711340206186 0.127577319587629 0.115979381443299 0.103092783505155 0.119845360824742 0.13659793814433 0 0.103092783505155 0.139175257731959 0.109536082474227
"plaMeg" 0.0682989690721649 0.0206185567010309 0.0876288659793814 0.0128865979381443 0.0103092783505155 0.0554123711340206 0.0128865979381443 0.0425257731958763 0.0631443298969072 0.0283505154639175 0.0103092783505155 0.056701030927835 0.0811855670103093 0.103092783505155 0 0.0876288659793814 0.0502577319587629
"podExp" 0.105670103092784 0.0966494845360825 0.146907216494845 0.086340206185567 0.0889175257731959 0.119845360824742 0.0889175257731959 0.108247422680412 0.0889175257731959 0.10180412371134 0.0914948453608247 0.0850515463917526 0.0670103092783505 0.139175257731959 0.0876288659793814 0 0.114690721649485
"terMex" 0.0966494845360825 0.0554123711340206 0.122422680412371 0.0528350515463918 0.0502577319587629 0.0541237113402062 0.0515463917525773 0.0824742268041237 0.0940721649484536 0.0618556701030928 0.047680412371134 0.0786082474226804 0.105670103092784 0.109536082474227 0.0502577319587629 0.114690721649485 0
