"carIns" "cheAbi" "cheSer" "chrPic" "cuoAmb" "cuoMcc" "derCor" "derMaw" "emySub" "gopAga" "malTer" "mesTub" "pelCas" "pelSin" "podExp" "terMex"
"carIns" 0 0.0647291941875826 0.0766182298546896 0.0634081902245707 0.129458388375165 0.0686922060766182 0.095112285336856 0.0990752972258917 0.0739762219286658 0.0634081902245707 0.169088507265522 0.109643328929987 0.083223249669749 0.157199471598415 0.122853368560106 0.0634081902245707
"cheAbi" 0.0647291941875826 0 0.0422721268163804 0.023778071334214 0.0937912813738441 0.023778071334214 0.0739762219286658 0.0739762219286658 0.0422721268163804 0.0132100396301189 0.136063408190225 0.0911492734478203 0.0673712021136063 0.150594451783355 0.114927344782034 0.0224570673712021
"cheSer" 0.0766182298546896 0.0422721268163804 0 0.035667107001321 0.103038309114927 0.0343461030383091 0.0819022457067371 0.071334214002642 0.0554821664464993 0.0383091149273448 0.150594451783355 0.095112285336856 0.0752972258916777 0.163804491413474 0.112285336856011 0.0330250990752972
"chrPic" 0.0634081902245707 0.023778071334214 0.035667107001321 0 0.0937912813738441 0.023778071334214 0.0700132100396301 0.0700132100396301 0.035667107001321 0.0211360634081902 0.120211360634082 0.0819022457067371 0.0581241743725231 0.145310435931308 0.105680317040951 0.00528401585204756
"cuoAmb" 0.129458388375165 0.0937912813738441 0.103038309114927 0.0937912813738441 0 0.0805812417437252 0.113606340819022 0.110964332892999 0.114927344782034 0.0898282694848085 0.179656538969617 0.125495376486129 0.130779392338177 0.182298546895641 0.14663143989432 0.095112285336856
"cuoMcc" 0.0686922060766182 0.023778071334214 0.0343461030383091 0.023778071334214 0.0805812417437252 0 0.0700132100396301 0.0766182298546896 0.0462351387054161 0.0211360634081902 0.14002642007926 0.0871862615587847 0.0686922060766182 0.147952443857332 0.109643328929987 0.0250990752972259
"derCor" 0.095112285336856 0.0739762219286658 0.0819022457067371 0.0700132100396301 0.113606340819022 0.0700132100396301 0 0.108322324966975 0.0871862615587847 0.0700132100396301 0.154557463672391 0.122853368560106 0.103038309114927 0.158520475561427 0.151915455746367 0.0700132100396301
"derMaw" 0.0990752972258917 0.0739762219286658 0.071334214002642 0.0700132100396301 0.110964332892999 0.0766182298546896 0.108322324966975 0 0.0858652575957728 0.071334214002642 0.178335535006605 0.0911492734478203 0.100396301188904 0.180977542932629 0.110964332892999 0.0673712021136063
"emySub" 0.0739762219286658 0.0422721268163804 0.0554821664464993 0.035667107001321 0.114927344782034 0.0462351387054161 0.0871862615587847 0.0858652575957728 0 0.0435931307793923 0.147952443857332 0.059445178335535 0.0488771466314399 0.153236459709379 0.0924702774108322 0.0383091149273448
"gopAga" 0.0634081902245707 0.0132100396301189 0.0383091149273448 0.0211360634081902 0.0898282694848085 0.0211360634081902 0.0700132100396301 0.071334214002642 0.0435931307793923 0 0.136063408190225 0.0898282694848085 0.0660501981505945 0.149273447820343 0.110964332892999 0.0198150594451783
"malTer" 0.169088507265522 0.136063408190225 0.150594451783355 0.120211360634082 0.179656538969617 0.14002642007926 0.154557463672391 0.178335535006605 0.147952443857332 0.136063408190225 0 0.194187582562748 0.169088507265522 0.16776750330251 0.217965653896962 0.122853368560106
"mesTub" 0.109643328929987 0.0911492734478203 0.095112285336856 0.0819022457067371 0.125495376486129 0.0871862615587847 0.122853368560106 0.0911492734478203 0.059445178335535 0.0898282694848085 0.194187582562748 0 0.0805812417437252 0.184940554821664 0.0990752972258917 0.0845442536327609
"pelCas" 0.083223249669749 0.0673712021136063 0.0752972258916777 0.0581241743725231 0.130779392338177 0.0686922060766182 0.103038309114927 0.100396301188904 0.0488771466314399 0.0660501981505945 0.169088507265522 0.0805812417437252 0 0.159841479524439 0.0898282694848085 0.0607661822985469
"pelSin" 0.157199471598415 0.150594451783355 0.163804491413474 0.145310435931308 0.182298546895641 0.147952443857332 0.158520475561427 0.180977542932629 0.153236459709379 0.149273447820343 0.16776750330251 0.184940554821664 0.159841479524439 0 0.208718626155878 0.149273447820343
"podExp" 0.122853368560106 0.114927344782034 0.112285336856011 0.105680317040951 0.14663143989432 0.109643328929987 0.151915455746367 0.110964332892999 0.0924702774108322 0.110964332892999 0.217965653896962 0.0990752972258917 0.0898282694848085 0.208718626155878 0 0.108322324966975
"terMex" 0.0634081902245707 0.0224570673712021 0.0330250990752972 0.00528401585204756 0.095112285336856 0.0250990752972259 0.0700132100396301 0.0673712021136063 0.0383091149273448 0.0198150594451783 0.122853368560106 0.0845442536327609 0.0607661822985469 0.149273447820343 0.108322324966975 0
