"carIns" "cheAbi" "cheMyd" "cheSer" "chrPic" "cuoAmb" "cuoMcc" "derCor" "derMaw" "emySub" "gopAga" "malTer" "mesTub" "pelCas" "pelSin" "plaMeg" "podExp" "terMex"
"carIns" 0 0.106135986733002 0.0945273631840796 0.107794361525705 0.0978441127694859 0.0961857379767828 0.0912106135986733 0.0961857379767828 0.0961857379767828 0.114427860696517 0.104477611940299 0.0995024875621891 0.131011608623549 0.135986733001658 0.0812603648424544 0.0978441127694859 0.14759535655058 0.0945273631840796
"cheAbi" 0.106135986733002 0 0.0298507462686567 0.0447761194029851 0.0315091210613599 0.0165837479270315 0.0182421227197347 0.0364842454394693 0.0315091210613599 0.0912106135986733 0.0248756218905473 0.0364842454394693 0.0978441127694859 0.102819237147595 0.066334991708126 0.0248756218905473 0.104477611940299 0.0265339966832504
"cheMyd" 0.0945273631840796 0.0298507462686567 0 0.0281923714759536 0.021558872305141 0.0165837479270315 0.0149253731343284 0.0116086235489221 0.0265339966832504 0.0796019900497512 0.033167495854063 0.0232172470978441 0.0862354892205638 0.087893864013267 0.0563847429519071 0.0149253731343284 0.0928689883913764 0.0132669983416252
"cheSer" 0.107794361525705 0.0447761194029851 0.0281923714759536 0 0.0398009950248756 0.0315091210613599 0.0298507462686567 0.033167495854063 0.0414593698175788 0.0945273631840796 0.0480928689883914 0.0414593698175788 0.101160862354892 0.106135986733002 0.0679933665008292 0.0265339966832504 0.102819237147595 0.0315091210613599
"chrPic" 0.0978441127694859 0.0315091210613599 0.021558872305141 0.0398009950248756 0 0.021558872305141 0.0199004975124378 0.0281923714759536 0.033167495854063 0.0845771144278607 0.0381426202321725 0.0132669983416252 0.0912106135986733 0.0961857379767828 0.0613598673300166 0.0199004975124378 0.101160862354892 0.0149253731343284
"cuoAmb" 0.0961857379767828 0.0165837479270315 0.0165837479270315 0.0315091210613599 0.021558872305141 0 0.00497512437810945 0.0232172470978441 0.0248756218905473 0.0796019900497512 0.0281923714759536 0.0232172470978441 0.0829187396351575 0.0978441127694859 0.0563847429519071 0.0116086235489221 0.0978441127694859 0.0132669983416252
"cuoMcc" 0.0912106135986733 0.0182421227197347 0.0149253731343284 0.0298507462686567 0.0199004975124378 0.00497512437810945 0 0.021558872305141 0.0265339966832504 0.0812603648424544 0.0298507462686567 0.021558872305141 0.087893864013267 0.0961857379767828 0.054726368159204 0.0132669983416252 0.0978441127694859 0.0116086235489221
"derCor" 0.0961857379767828 0.0364842454394693 0.0116086235489221 0.033167495854063 0.0281923714759536 0.0232172470978441 0.021558872305141 0 0.0315091210613599 0.0912106135986733 0.0398009950248756 0.0298507462686567 0.0978441127694859 0.0961857379767828 0.0580431177446103 0.021558872305141 0.101160862354892 0.0199004975124378
"derMaw" 0.0961857379767828 0.0315091210613599 0.0265339966832504 0.0414593698175788 0.033167495854063 0.0248756218905473 0.0265339966832504 0.0315091210613599 0 0.0796019900497512 0.0414593698175788 0.0381426202321725 0.0895522388059701 0.101160862354892 0.0597014925373134 0.0265339966832504 0.104477611940299 0.0281923714759536
"emySub" 0.114427860696517 0.0912106135986733 0.0796019900497512 0.0945273631840796 0.0845771144278607 0.0796019900497512 0.0812603648424544 0.0912106135986733 0.0796019900497512 0 0.0945273631840796 0.0862354892205638 0.033167495854063 0.0829187396351575 0.0829187396351575 0.0796019900497512 0.0895522388059701 0.0829187396351575
"gopAga" 0.104477611940299 0.0248756218905473 0.033167495854063 0.0480928689883914 0.0381426202321725 0.0281923714759536 0.0298507462686567 0.0398009950248756 0.0414593698175788 0.0945273631840796 0 0.0414593698175788 0.0978441127694859 0.102819237147595 0.0679933665008292 0.0315091210613599 0.112769485903814 0.033167495854063
"malTer" 0.0995024875621891 0.0364842454394693 0.0232172470978441 0.0414593698175788 0.0132669983416252 0.0232172470978441 0.021558872305141 0.0298507462686567 0.0381426202321725 0.0862354892205638 0.0414593698175788 0 0.0928689883913764 0.102819237147595 0.0597014925373134 0.021558872305141 0.106135986733002 0.0165837479270315
"mesTub" 0.131011608623549 0.0978441127694859 0.0862354892205638 0.101160862354892 0.0912106135986733 0.0829187396351575 0.087893864013267 0.0978441127694859 0.0895522388059701 0.033167495854063 0.0978441127694859 0.0928689883913764 0 0.0928689883913764 0.0895522388059701 0.0862354892205638 0.0995024875621891 0.0895522388059701
"pelCas" 0.135986733001658 0.102819237147595 0.087893864013267 0.106135986733002 0.0961857379767828 0.0978441127694859 0.0961857379767828 0.0961857379767828 0.101160862354892 0.0829187396351575 0.102819237147595 0.102819237147595 0.0928689883913764 0 0.0995024875621891 0.0978441127694859 0.066334991708126 0.0978441127694859
"pelSin" 0.0812603648424544 0.066334991708126 0.0563847429519071 0.0679933665008292 0.0613598673300166 0.0563847429519071 0.054726368159204 0.0580431177446103 0.0597014925373134 0.0829187396351575 0.0679933665008292 0.0597014925373134 0.0895522388059701 0.0995024875621891 0 0.0563847429519071 0.0995024875621891 0.054726368159204
"plaMeg" 0.0978441127694859 0.0248756218905473 0.0149253731343284 0.0265339966832504 0.0199004975124378 0.0116086235489221 0.0132669983416252 0.021558872305141 0.0265339966832504 0.0796019900497512 0.0315091210613599 0.021558872305141 0.0862354892205638 0.0978441127694859 0.0563847429519071 0 0.0978441127694859 0.0116086235489221
"podExp" 0.14759535655058 0.104477611940299 0.0928689883913764 0.102819237147595 0.101160862354892 0.0978441127694859 0.0978441127694859 0.101160862354892 0.104477611940299 0.0895522388059701 0.112769485903814 0.106135986733002 0.0995024875621891 0.066334991708126 0.0995024875621891 0.0978441127694859 0 0.0995024875621891
"terMex" 0.0945273631840796 0.0265339966832504 0.0132669983416252 0.0315091210613599 0.0149253731343284 0.0132669983416252 0.0116086235489221 0.0199004975124378 0.0281923714759536 0.0829187396351575 0.033167495854063 0.0165837479270315 0.0895522388059701 0.0978441127694859 0.054726368159204 0.0116086235489221 0.0995024875621891 0
