"carIns" "cheAbi" "cheMyd" "cheSer" "chrPic" "cuoAmb" "cuoMcc" "derCor" "derMaw" "emySub" "gopAga" "malTer" "mesTub" "pelCas" "pelSin" "plaMeg" "podExp" "terMex"
"carIns" 0 0.0906148867313916 0.0857605177993527 0.087378640776699 0.0841423948220065 0.0825242718446602 0.0841423948220065 0.0938511326860841 0.0970873786407767 0.0954692556634304 0.0857605177993527 0.127831715210356 0.108414239482201 0.098705501618123 0.113268608414239 0.0809061488673139 0.105177993527508 0.0825242718446602
"cheAbi" 0.0906148867313916 0 0.040453074433657 0.0339805825242718 0.0226537216828479 0.0242718446601942 0.0194174757281553 0.0469255663430421 0.0323624595469256 0.0792880258899676 0.0258899676375405 0.0663430420711974 0.0922330097087379 0.0841423948220065 0.101941747572816 0.0194174757281553 0.0906148867313916 0.0210355987055016
"cheMyd" 0.0857605177993527 0.040453074433657 0 0.0420711974110032 0.0307443365695793 0.0323624595469256 0.0275080906148867 0.0323624595469256 0.0420711974110032 0.0792880258899676 0.0339805825242718 0.0760517799352751 0.0954692556634304 0.0809061488673139 0.0970873786407767 0.0339805825242718 0.098705501618123 0.029126213592233
"cheSer" 0.087378640776699 0.0339805825242718 0.0420711974110032 0 0.0242718446601942 0.0307443365695793 0.0258899676375405 0.0420711974110032 0.0372168284789644 0.0776699029126214 0.0339805825242718 0.0663430420711974 0.0938511326860841 0.0776699029126214 0.101941747572816 0.0307443365695793 0.100323624595469 0.0226537216828479
"chrPic" 0.0841423948220065 0.0226537216828479 0.0307443365695793 0.0242718446601942 0 0.0161812297734628 0.0113268608414239 0.0339805825242718 0.0258899676375405 0.0647249190938511 0.0194174757281553 0.0453074433656958 0.0809061488673139 0.0728155339805825 0.0954692556634304 0.0161812297734628 0.0922330097087379 0.00485436893203883
"cuoAmb" 0.0825242718446602 0.0242718446601942 0.0323624595469256 0.0307443365695793 0.0161812297734628 0 0.00809061488673139 0.0355987055016181 0.029126213592233 0.0711974110032362 0.0177993527508091 0.0614886731391586 0.0906148867313916 0.0728155339805825 0.101941747572816 0.0129449838187702 0.0938511326860841 0.0145631067961165
"cuoMcc" 0.0841423948220065 0.0194174757281553 0.0275080906148867 0.0258899676375405 0.0113268608414239 0.00809061488673139 0 0.0307443365695793 0.0242718446601942 0.0663430420711974 0.0129449838187702 0.0566343042071197 0.0857605177993527 0.0711974110032362 0.0954692556634304 0.0145631067961165 0.0922330097087379 0.00970873786407767
"derCor" 0.0938511326860841 0.0469255663430421 0.0323624595469256 0.0420711974110032 0.0339805825242718 0.0355987055016181 0.0307443365695793 0 0.0453074433656958 0.0825242718446602 0.040453074433657 0.0792880258899676 0.100323624595469 0.0809061488673139 0.108414239482201 0.0372168284789644 0.098705501618123 0.0355987055016181
"derMaw" 0.0970873786407767 0.0323624595469256 0.0420711974110032 0.0372168284789644 0.0258899676375405 0.029126213592233 0.0242718446601942 0.0453074433656958 0 0.0760517799352751 0.0355987055016181 0.06957928802589 0.0906148867313916 0.0776699029126214 0.100323624595469 0.0242718446601942 0.103559870550162 0.0242718446601942
"emySub" 0.0954692556634304 0.0792880258899676 0.0792880258899676 0.0776699029126214 0.0647249190938511 0.0711974110032362 0.0663430420711974 0.0825242718446602 0.0760517799352751 0 0.0711974110032362 0.108414239482201 0.0598705501618123 0.0598705501618123 0.119741100323625 0.0728155339805825 0.0809061488673139 0.0663430420711974
"gopAga" 0.0857605177993527 0.0258899676375405 0.0339805825242718 0.0339805825242718 0.0194174757281553 0.0177993527508091 0.0129449838187702 0.040453074433657 0.0355987055016181 0.0711974110032362 0 0.0647249190938511 0.087378640776699 0.0760517799352751 0.0954692556634304 0.0226537216828479 0.0922330097087379 0.0177993527508091
"malTer" 0.127831715210356 0.0663430420711974 0.0760517799352751 0.0663430420711974 0.0453074433656958 0.0614886731391586 0.0566343042071197 0.0792880258899676 0.06957928802589 0.108414239482201 0.0647249190938511 0 0.12621359223301 0.113268608414239 0.13915857605178 0.0598705501618123 0.135922330097087 0.0501618122977346
"mesTub" 0.108414239482201 0.0922330097087379 0.0954692556634304 0.0938511326860841 0.0809061488673139 0.0906148867313916 0.0857605177993527 0.100323624595469 0.0906148867313916 0.0598705501618123 0.087378640776699 0.12621359223301 0 0.0728155339805825 0.131067961165049 0.0889967637540453 0.087378640776699 0.0825242718446602
"pelCas" 0.098705501618123 0.0841423948220065 0.0809061488673139 0.0776699029126214 0.0728155339805825 0.0728155339805825 0.0711974110032362 0.0809061488673139 0.0776699029126214 0.0598705501618123 0.0760517799352751 0.113268608414239 0.0728155339805825 0 0.119741100323625 0.0711974110032362 0.0631067961165049 0.0711974110032362
"pelSin" 0.113268608414239 0.101941747572816 0.0970873786407767 0.101941747572816 0.0954692556634304 0.101941747572816 0.0954692556634304 0.108414239482201 0.100323624595469 0.119741100323625 0.0954692556634304 0.13915857605178 0.131067961165049 0.119741100323625 0 0.098705501618123 0.129449838187702 0.0938511326860841
"plaMeg" 0.0809061488673139 0.0194174757281553 0.0339805825242718 0.0307443365695793 0.0161812297734628 0.0129449838187702 0.0145631067961165 0.0372168284789644 0.0242718446601942 0.0728155339805825 0.0226537216828479 0.0598705501618123 0.0889967637540453 0.0711974110032362 0.098705501618123 0 0.0906148867313916 0.0145631067961165
"podExp" 0.105177993527508 0.0906148867313916 0.098705501618123 0.100323624595469 0.0922330097087379 0.0938511326860841 0.0922330097087379 0.098705501618123 0.103559870550162 0.0809061488673139 0.0922330097087379 0.135922330097087 0.087378640776699 0.0631067961165049 0.129449838187702 0.0906148867313916 0 0.0906148867313916
"terMex" 0.0825242718446602 0.0210355987055016 0.029126213592233 0.0226537216828479 0.00485436893203883 0.0145631067961165 0.00970873786407767 0.0355987055016181 0.0242718446601942 0.0663430420711974 0.0177993527508091 0.0501618122977346 0.0825242718446602 0.0711974110032362 0.0938511326860841 0.0145631067961165 0.0906148867313916 0
