"carIns" "cheAbi" "cheMyd" "cheSer" "chrPic" "cuoMcc" "derCor" "derMaw" "emySub" "malTer" "mesTub" "pelCas" "pelSin" "plaMeg" "podExp" "terMex"
"carIns" 0 0.112372304199773 0.125993189557321 0.0885357548240636 0.097616345062429 0.102156640181612 0.110102156640182 0.102156640181612 0.122587968217934 0.097616345062429 0.122587968217934 0.121452894438138 0.116912599318956 0.0896708286038592 0.139614074914869 0.0953461975028377
"cheAbi" 0.112372304199773 0 0.101021566401816 0.072644721906924 0.0590238365493757 0.036322360953462 0.0771850170261067 0.0817253121452894 0.094211123723042 0.0590238365493757 0.125993189557321 0.101021566401816 0.135073779795687 0.0454029511918275 0.113507377979569 0.05788876276958
"cheMyd" 0.125993189557321 0.101021566401816 0 0.0783200908059024 0.0851305334846765 0.0851305334846765 0.076049943246311 0.0862656072644722 0.103291713961407 0.0851305334846765 0.11577752553916 0.106696935300795 0.121452894438138 0.0715096481271283 0.129398410896708 0.0828603859250851
"cheSer" 0.0885357548240636 0.072644721906924 0.0783200908059024 0 0.0408626560726447 0.0488081725312145 0.0522133938706016 0.054483541430193 0.0851305334846765 0.0408626560726447 0.0987514188422247 0.0794551645856981 0.105561861520999 0.0351872871736663 0.102156640181612 0.0374574347332577
"chrPic" 0.097616345062429 0.0590238365493757 0.0851305334846765 0.0408626560726447 0 0.036322360953462 0.054483541430193 0.05788876276958 0.0805902383654938 0.00681044267877412 0.105561861520999 0.0828603859250851 0.118047673098751 0.0192962542565267 0.0998864926220204 0.0136208853575482
"cuoMcc" 0.102156640181612 0.036322360953462 0.0851305334846765 0.0488081725312145 0.036322360953462 0 0.0590238365493757 0.0612939841089671 0.0839954597048808 0.036322360953462 0.10783200908059 0.0862656072644722 0.119182746878547 0.0227014755959137 0.102156640181612 0.0340522133938706
"derCor" 0.110102156640182 0.0771850170261067 0.076049943246311 0.0522133938706016 0.054483541430193 0.0590238365493757 0 0.0646992054483541 0.0851305334846765 0.054483541430193 0.10783200908059 0.0874006810442679 0.128263337116913 0.0499432463110102 0.10783200908059 0.054483541430193
"derMaw" 0.102156640181612 0.0817253121452894 0.0862656072644722 0.054483541430193 0.05788876276958 0.0612939841089671 0.0646992054483541 0 0.0783200908059024 0.05788876276958 0.0964812712826334 0.0794551645856981 0.110102156640182 0.0488081725312145 0.0998864926220204 0.0556186152099886
"emySub" 0.122587968217934 0.094211123723042 0.103291713961407 0.0851305334846765 0.0805902383654938 0.0839954597048808 0.0851305334846765 0.0783200908059024 0 0.0828603859250851 0.0885357548240636 0.0805902383654938 0.130533484676504 0.0749148694665153 0.106696935300795 0.0817253121452894
"malTer" 0.097616345062429 0.0590238365493757 0.0851305334846765 0.0408626560726447 0.00681044267877412 0.036322360953462 0.054483541430193 0.05788876276958 0.0828603859250851 0 0.105561861520999 0.0805902383654938 0.118047673098751 0.0192962542565267 0.102156640181612 0.0136208853575482
"mesTub" 0.122587968217934 0.125993189557321 0.11577752553916 0.0987514188422247 0.105561861520999 0.10783200908059 0.10783200908059 0.0964812712826334 0.0885357548240636 0.105561861520999 0 0.104426787741203 0.129398410896708 0.094211123723042 0.12372304199773 0.103291713961407
"pelCas" 0.121452894438138 0.101021566401816 0.106696935300795 0.0794551645856981 0.0828603859250851 0.0862656072644722 0.0874006810442679 0.0794551645856981 0.0805902383654938 0.0805902383654938 0.104426787741203 0 0.135073779795687 0.072644721906924 0.0862656072644722 0.0805902383654938
"pelSin" 0.116912599318956 0.135073779795687 0.121452894438138 0.105561861520999 0.118047673098751 0.119182746878547 0.128263337116913 0.110102156640182 0.130533484676504 0.118047673098751 0.129398410896708 0.135073779795687 0 0.106696935300795 0.1577752553916 0.11577752553916
"plaMeg" 0.0896708286038592 0.0454029511918275 0.0715096481271283 0.0351872871736663 0.0192962542565267 0.0227014755959137 0.0499432463110102 0.0488081725312145 0.0749148694665153 0.0192962542565267 0.094211123723042 0.072644721906924 0.106696935300795 0 0.0896708286038592 0.0170261066969353
"podExp" 0.139614074914869 0.113507377979569 0.129398410896708 0.102156640181612 0.0998864926220204 0.102156640181612 0.10783200908059 0.0998864926220204 0.106696935300795 0.102156640181612 0.12372304199773 0.0862656072644722 0.1577752553916 0.0896708286038592 0 0.097616345062429
"terMex" 0.0953461975028377 0.05788876276958 0.0828603859250851 0.0374574347332577 0.0136208853575482 0.0340522133938706 0.054483541430193 0.0556186152099886 0.0817253121452894 0.0136208853575482 0.103291713961407 0.0805902383654938 0.11577752553916 0.0170261066969353 0.097616345062429 0
