"carIns" "cheAbi" "cheMyd" "cheSer" "chrPic" "cuoAmb" "cuoMcc" "derCor" "emySub" "gopAga" "malTer" "mesTub" "pelCas" "plaMeg" "podExp" "terMex"
"carIns" 0 0.190783410138249 0.0903225806451613 0.0792626728110599 0.104147465437788 0.105069124423963 0.106912442396313 0.119815668202765 0.129032258064516 0.113364055299539 0.106912442396313 0.124423963133641 0.219354838709677 0.103225806451613 0.193548387096774 0.0755760368663594
"cheAbi" 0.190783410138249 0 0.15852534562212 0.151152073732719 0.114285714285714 0.114285714285714 0.113364055299539 0.125345622119816 0.146543778801843 0.113364055299539 0.11705069124424 0.152995391705069 0.185253456221198 0.114285714285714 0.218433179723502 0.146543778801843
"cheMyd" 0.0903225806451613 0.15852534562212 0 0.03963133640553 0.0635944700460829 0.0645161290322581 0.0654377880184332 0.056221198156682 0.11889400921659 0.0700460829493088 0.0645161290322581 0.117972350230415 0.208294930875576 0.0617511520737327 0.187096774193548 0.0331797235023042
"cheSer" 0.0792626728110599 0.151152073732719 0.03963133640553 0 0.0580645161290323 0.0608294930875576 0.0608294930875576 0.0700460829493088 0.107834101382488 0.0654377880184332 0.0599078341013825 0.107834101382488 0.202764976958525 0.0534562211981567 0.177880184331797 0.0276497695852535
"chrPic" 0.104147465437788 0.114285714285714 0.0635944700460829 0.0580645161290323 0 0.0221198156682028 0.0211981566820276 0.0331797235023042 0.0709677419354839 0.0267281105990783 0.00368663594470046 0.0709677419354839 0.172350230414747 0.0138248847926267 0.204608294930876 0.0377880184331797
"cuoAmb" 0.105069124423963 0.114285714285714 0.0645161290322581 0.0608294930875576 0.0221198156682028 0 0.00460829493087558 0.0331797235023042 0.0746543778801843 0.0221198156682028 0.023963133640553 0.0764976958525346 0.169585253456221 0.0193548387096774 0.211059907834101 0.0543778801843318
"cuoMcc" 0.106912442396313 0.113364055299539 0.0654377880184332 0.0608294930875576 0.0211981566820276 0.00460829493087558 0 0.0341013824884793 0.0737327188940092 0.0221198156682028 0.0230414746543779 0.0737327188940092 0.170506912442396 0.0184331797235023 0.210138248847926 0.0534562211981567
"derCor" 0.119815668202765 0.125345622119816 0.056221198156682 0.0700460829493088 0.0331797235023042 0.0331797235023042 0.0341013824884793 0 0.0866359447004608 0.0377880184331797 0.0341013824884793 0.0875576036866359 0.175115207373272 0.0304147465437788 0.213824884792627 0.0645161290322581
"emySub" 0.129032258064516 0.146543778801843 0.11889400921659 0.107834101382488 0.0709677419354839 0.0746543778801843 0.0737327188940092 0.0866359447004608 0 0.0764976958525346 0.0737327188940092 0.0414746543778802 0.16036866359447 0.0709677419354839 0.197235023041475 0.104147465437788
"gopAga" 0.113364055299539 0.113364055299539 0.0700460829493088 0.0654377880184332 0.0267281105990783 0.0221198156682028 0.0221198156682028 0.0377880184331797 0.0764976958525346 0 0.0294930875576037 0.0764976958525346 0.172350230414747 0.0267281105990783 0.211059907834101 0.0599078341013825
"malTer" 0.106912442396313 0.11705069124424 0.0645161290322581 0.0599078341013825 0.00368663594470046 0.023963133640553 0.0230414746543779 0.0341013824884793 0.0737327188940092 0.0294930875576037 0 0.071889400921659 0.175115207373272 0.015668202764977 0.206451612903226 0.03963133640553
"mesTub" 0.124423963133641 0.152995391705069 0.117972350230415 0.107834101382488 0.0709677419354839 0.0764976958525346 0.0737327188940092 0.0875576036866359 0.0414746543778802 0.0764976958525346 0.071889400921659 0 0.15852534562212 0.0709677419354839 0.199078341013825 0.104147465437788
"pelCas" 0.219354838709677 0.185253456221198 0.208294930875576 0.202764976958525 0.172350230414747 0.169585253456221 0.170506912442396 0.175115207373272 0.16036866359447 0.172350230414747 0.175115207373272 0.15852534562212 0 0.171428571428571 0.189861751152074 0.200921658986175
"plaMeg" 0.103225806451613 0.114285714285714 0.0617511520737327 0.0534562211981567 0.0138248847926267 0.0193548387096774 0.0184331797235023 0.0304147465437788 0.0709677419354839 0.0267281105990783 0.015668202764977 0.0709677419354839 0.171428571428571 0 0.2036866359447 0.0460829493087558
"podExp" 0.193548387096774 0.218433179723502 0.187096774193548 0.177880184331797 0.204608294930876 0.211059907834101 0.210138248847926 0.213824884792627 0.197235023041475 0.211059907834101 0.206451612903226 0.199078341013825 0.189861751152074 0.2036866359447 0 0.173271889400922
"terMex" 0.0755760368663594 0.146543778801843 0.0331797235023042 0.0276497695852535 0.0377880184331797 0.0543778801843318 0.0534562211981567 0.0645161290322581 0.104147465437788 0.0599078341013825 0.03963133640553 0.104147465437788 0.200921658986175 0.0460829493087558 0.173271889400922 0
