"carIns" "cheAbi" "cheMyd" "cheSer" "chrPic" "cuoAmb" "cuoMcc" "derCor" "derMaw" "emySub" "gopAga" "malTer" "mesTub" "pelCas" "pelSin" "plaMeg" "podExp" "terMex"
"carIns" 0 0.222222222222222 0.222222222222222 0.223703703703704 0.214814814814815 0.256296296296296 0.21037037037037 0.562962962962963 0.555555555555556 0.245925925925926 0.231111111111111 0.219259259259259 0.28 0.29037037037037 0.257777777777778 0.213333333333333 0.299259259259259 0.56
"cheAbi" 0.222222222222222 0 0.0548148148148148 0.0488888888888889 0.0325925925925926 0.161481481481481 0.0222222222222222 0.524444444444444 0.52 0.08 0.0414814814814815 0.0340740740740741 0.127407407407407 0.154074074074074 0.117037037037037 0.0311111111111111 0.148148148148148 0.525925925925926
"cheMyd" 0.222222222222222 0.0548148148148148 0 0.0503703703703704 0.037037037037037 0.182222222222222 0.0414814814814815 0.524444444444444 0.52 0.0844444444444444 0.0651851851851852 0.0414814814814815 0.118518518518519 0.146666666666667 0.111111111111111 0.04 0.146666666666667 0.524444444444444
"cheSer" 0.223703703703704 0.0488888888888889 0.0503703703703704 0 0.0355555555555556 0.173333333333333 0.037037037037037 0.53037037037037 0.525925925925926 0.08 0.0592592592592593 0.0385185185185185 0.118518518518519 0.151111111111111 0.118518518518519 0.0311111111111111 0.146666666666667 0.527407407407407
"chrPic" 0.214814814814815 0.0325925925925926 0.037037037037037 0.0355555555555556 0 0.161481481481481 0.0192592592592593 0.53037037037037 0.527407407407407 0.0755555555555556 0.0444444444444444 0.00444444444444444 0.114074074074074 0.140740740740741 0.106666666666667 0.0148148148148148 0.143703703703704 0.531851851851852
"cuoAmb" 0.256296296296296 0.161481481481481 0.182222222222222 0.173333333333333 0.161481481481481 0 0.142222222222222 0.533333333333333 0.533333333333333 0.213333333333333 0.174814814814815 0.165925925925926 0.251851851851852 0.28 0.244444444444444 0.161481481481481 0.28 0.540740740740741
"cuoMcc" 0.21037037037037 0.0222222222222222 0.0414814814814815 0.037037037037037 0.0192592592592593 0.142222222222222 0 0.518518518518518 0.518518518518518 0.0725925925925926 0.0355555555555556 0.0237037037037037 0.115555555555556 0.142222222222222 0.106666666666667 0.0192592592592593 0.140740740740741 0.52
"derCor" 0.562962962962963 0.524444444444444 0.524444444444444 0.53037037037037 0.53037037037037 0.533333333333333 0.518518518518518 0 0.0562962962962963 0.521481481481481 0.540740740740741 0.53037037037037 0.527407407407407 0.522962962962963 0.539259259259259 0.525925925925926 0.534814814814815 0.0488888888888889
"derMaw" 0.555555555555556 0.52 0.52 0.525925925925926 0.527407407407407 0.533333333333333 0.518518518518518 0.0562962962962963 0 0.517037037037037 0.539259259259259 0.527407407407407 0.525925925925926 0.518518518518518 0.534814814814815 0.522962962962963 0.533333333333333 0.0548148148148148
"emySub" 0.245925925925926 0.08 0.0844444444444444 0.08 0.0755555555555556 0.213333333333333 0.0725925925925926 0.521481481481481 0.517037037037037 0 0.0992592592592593 0.08 0.0725925925925926 0.108148148148148 0.128888888888889 0.0725925925925926 0.111111111111111 0.521481481481481
"gopAga" 0.231111111111111 0.0414814814814815 0.0651851851851852 0.0592592592592593 0.0444444444444444 0.174814814814815 0.0355555555555556 0.540740740740741 0.539259259259259 0.0992592592592593 0 0.0459259259259259 0.137777777777778 0.17037037037037 0.124444444444444 0.0444444444444444 0.165925925925926 0.540740740740741
"malTer" 0.219259259259259 0.0340740740740741 0.0414814814814815 0.0385185185185185 0.00444444444444444 0.165925925925926 0.0237037037037037 0.53037037037037 0.527407407407407 0.08 0.0459259259259259 0 0.118518518518519 0.145185185185185 0.105185185185185 0.0192592592592593 0.148148148148148 0.531851851851852
"mesTub" 0.28 0.127407407407407 0.118518518518519 0.118518518518519 0.114074074074074 0.251851851851852 0.115555555555556 0.527407407407407 0.525925925925926 0.0725925925925926 0.137777777777778 0.118518518518519 0 0.12 0.162962962962963 0.10962962962963 0.122962962962963 0.527407407407407
"pelCas" 0.29037037037037 0.154074074074074 0.146666666666667 0.151111111111111 0.140740740740741 0.28 0.142222222222222 0.522962962962963 0.518518518518518 0.108148148148148 0.17037037037037 0.145185185185185 0.12 0 0.180740740740741 0.140740740740741 0.0962962962962963 0.524444444444444
"pelSin" 0.257777777777778 0.117037037037037 0.111111111111111 0.118518518518519 0.106666666666667 0.244444444444444 0.106666666666667 0.539259259259259 0.534814814814815 0.128888888888889 0.124444444444444 0.105185185185185 0.162962962962963 0.180740740740741 0 0.108148148148148 0.186666666666667 0.540740740740741
"plaMeg" 0.213333333333333 0.0311111111111111 0.04 0.0311111111111111 0.0148148148148148 0.161481481481481 0.0192592592592593 0.525925925925926 0.522962962962963 0.0725925925925926 0.0444444444444444 0.0192592592592593 0.10962962962963 0.140740740740741 0.108148148148148 0 0.140740740740741 0.527407407407407
"podExp" 0.299259259259259 0.148148148148148 0.146666666666667 0.146666666666667 0.143703703703704 0.28 0.140740740740741 0.534814814814815 0.533333333333333 0.111111111111111 0.165925925925926 0.148148148148148 0.122962962962963 0.0962962962962963 0.186666666666667 0.140740740740741 0 0.537777777777778
"terMex" 0.56 0.525925925925926 0.524444444444444 0.527407407407407 0.531851851851852 0.540740740740741 0.52 0.0488888888888889 0.0548148148148148 0.521481481481481 0.540740740740741 0.531851851851852 0.527407407407407 0.524444444444444 0.540740740740741 0.527407407407407 0.537777777777778 0
