"carIns" "cheMyd" "cheSer" "chrPic" "cuoAmb" "cuoMcc" "derMaw" "emySub" "gopAga" "malTer" "mesTub" "pelCas" "pelSin" "plaMeg" "podExp" "terMex"
"carIns" 0 0.0544069640914037 0.0522306855277476 0.0576713819368879 0.212187159956474 0.0544069640914037 0.058759521218716 0.0598476605005441 0.0576713819368879 0.0554951033732318 0.0598476605005441 0.403699673558215 0.0511425462459195 0.0565832426550598 0.072905331882481 0.0565832426550598
"cheMyd" 0.0544069640914037 0 0.014145810663765 0.0163220892274211 0.184983677910773 0.0174102285092492 0.0184983677910773 0.0304678998911861 0.0184983677910773 0.0184983677910773 0.0304678998911861 0.38411316648531 0.0424374319912949 0.0163220892274211 0.0500544069640914 0.0174102285092492
"cheSer" 0.0522306855277476 0.014145810663765 0 0.0174102285092492 0.182807399347116 0.0163220892274211 0.0184983677910773 0.0304678998911861 0.0184983677910773 0.0174102285092492 0.029379760609358 0.386289445048966 0.0380848748639826 0.015233949945593 0.0478781284004353 0.0163220892274211
"chrPic" 0.0576713819368879 0.0163220892274211 0.0174102285092492 0 0.178454842219804 0.00761697497279652 0.0228509249183896 0.0359085963003264 0.0108813928182807 0.0043525571273123 0.0348204570184984 0.386289445048966 0.0424374319912949 0.00761697497279652 0.0533188248095756 0.00761697497279652
"cuoAmb" 0.212187159956474 0.184983677910773 0.182807399347116 0.178454842219804 0 0.173014145810664 0.187159956474429 0.195865070729053 0.176278563656148 0.178454842219804 0.195865070729053 0.441784548422198 0.20348204570185 0.176278563656148 0.205658324265506 0.178454842219804
"cuoMcc" 0.0544069640914037 0.0174102285092492 0.0163220892274211 0.00761697497279652 0.173014145810664 0 0.0217627856365615 0.0326441784548422 0.00544069640914037 0.00761697497279652 0.0315560391730141 0.386289445048966 0.0391730141458107 0.00652883569096844 0.0478781284004353 0.00652883569096844
"derMaw" 0.058759521218716 0.0184983677910773 0.0184983677910773 0.0228509249183896 0.187159956474429 0.0217627856365615 0 0.0337323177366703 0.0228509249183896 0.0206746463547334 0.0348204570184984 0.38955386289445 0.0467899891186072 0.0206746463547334 0.0500544069640914 0.0217627856365615
"emySub" 0.0598476605005441 0.0304678998911861 0.0304678998911861 0.0359085963003264 0.195865070729053 0.0326441784548422 0.0337323177366703 0 0.0359085963003264 0.0359085963003264 0.0108813928182807 0.388465723612622 0.0511425462459195 0.0315560391730141 0.043525571273123 0.0348204570184984
"gopAga" 0.0576713819368879 0.0184983677910773 0.0184983677910773 0.0108813928182807 0.176278563656148 0.00544069640914037 0.0228509249183896 0.0359085963003264 0 0.0108813928182807 0.0359085963003264 0.387377584330794 0.0424374319912949 0.00761697497279652 0.0522306855277476 0.00979325353645267
"malTer" 0.0554951033732318 0.0184983677910773 0.0174102285092492 0.0043525571273123 0.178454842219804 0.00761697497279652 0.0206746463547334 0.0359085963003264 0.0108813928182807 0 0.0348204570184984 0.385201305767138 0.044613710554951 0.00761697497279652 0.0511425462459195 0.00761697497279652
"mesTub" 0.0598476605005441 0.0304678998911861 0.029379760609358 0.0348204570184984 0.195865070729053 0.0315560391730141 0.0348204570184984 0.0108813928182807 0.0359085963003264 0.0348204570184984 0 0.386289445048966 0.0522306855277476 0.0304678998911861 0.044613710554951 0.0337323177366703
"pelCas" 0.403699673558215 0.38411316648531 0.386289445048966 0.386289445048966 0.441784548422198 0.386289445048966 0.38955386289445 0.388465723612622 0.387377584330794 0.385201305767138 0.386289445048966 0 0.400435255712731 0.383025027203482 0.390642002176279 0.385201305767138
"pelSin" 0.0511425462459195 0.0424374319912949 0.0380848748639826 0.0424374319912949 0.20348204570185 0.0391730141458107 0.0467899891186072 0.0511425462459195 0.0424374319912949 0.044613710554951 0.0522306855277476 0.400435255712731 0 0.0413492927094668 0.0663764961915125 0.043525571273123
"plaMeg" 0.0565832426550598 0.0163220892274211 0.015233949945593 0.00761697497279652 0.176278563656148 0.00652883569096844 0.0206746463547334 0.0315560391730141 0.00761697497279652 0.00761697497279652 0.0304678998911861 0.383025027203482 0.0413492927094668 0 0.0489662676822633 0.00652883569096844
"podExp" 0.072905331882481 0.0500544069640914 0.0478781284004353 0.0533188248095756 0.205658324265506 0.0478781284004353 0.0500544069640914 0.043525571273123 0.0522306855277476 0.0511425462459195 0.044613710554951 0.390642002176279 0.0663764961915125 0.0489662676822633 0 0.0522306855277476
"terMex" 0.0565832426550598 0.0174102285092492 0.0163220892274211 0.00761697497279652 0.178454842219804 0.00652883569096844 0.0217627856365615 0.0348204570184984 0.00979325353645267 0.00761697497279652 0.0337323177366703 0.385201305767138 0.043525571273123 0.00652883569096844 0.0522306855277476 0
