"carIns" "cheAbi" "cheMyd" "cheSer" "chrPic" "cuoMcc" "derCor" "derMaw" "emySub" "gopAga" "malTer" "mesTub" "pelCas" "pelSin" "plaMeg" "podExp" "terMex"
"carIns" 0 0.243438914027149 0.282352941176471 0.085972850678733 0.243438914027149 0.434389140271493 0.250678733031674 0.0787330316742081 0.0778280542986425 0.247058823529412 0.247963800904977 0.0524886877828054 0.0479638009049774 0.0606334841628959 0.069683257918552 0.0561085972850679 0.0380090497737557
"cheAbi" 0.243438914027149 0 0.294117647058824 0.270588235294118 0.250678733031674 0.480542986425339 0.271493212669683 0.265158371040724 0.27420814479638 0.243438914027149 0.228054298642534 0.245248868778281 0.239819004524887 0.254298642533937 0.25972850678733 0.247058823529412 0.224434389140272
"cheMyd" 0.282352941176471 0.294117647058824 0 0.276923076923077 0.319457013574661 0.483257918552036 0.29683257918552 0.301357466063348 0.278733031674208 0.304072398190045 0.30316742081448 0.27420814479638 0.277828054298643 0.290497737556561 0.26606334841629 0.28868778280543 0.262443438914027
"cheSer" 0.085972850678733 0.270588235294118 0.276923076923077 0 0.26606334841629 0.450678733031674 0.277828054298643 0.0968325791855204 0.0832579185520362 0.276923076923077 0.271493212669683 0.0805429864253394 0.0760180995475113 0.104072398190045 0.0633484162895928 0.0886877828054299 0.0570135746606335
"chrPic" 0.243438914027149 0.250678733031674 0.319457013574661 0.26606334841629 0 0.481447963800905 0.279638009049774 0.268778280542986 0.267873303167421 0.281447963800905 0.258823529411765 0.25158371040724 0.247963800904977 0.260633484162896 0.255203619909502 0.258823529411765 0.225339366515837
"cuoMcc" 0.434389140271493 0.480542986425339 0.483257918552036 0.450678733031674 0.481447963800905 0 0.483257918552036 0.447058823529412 0.452488687782805 0.477828054298643 0.47420814479638 0.423529411764706 0.421719457013575 0.435294117647059 0.447963800904977 0.42262443438914 0.432579185520362
"derCor" 0.250678733031674 0.271493212669683 0.29683257918552 0.277828054298643 0.279638009049774 0.483257918552036 0 0.275113122171946 0.284162895927602 0.275113122171946 0.282352941176471 0.254298642533937 0.252488687782805 0.263348416289593 0.270588235294118 0.257918552036199 0.235294117647059
"derMaw" 0.0787330316742081 0.265158371040724 0.301357466063348 0.0968325791855204 0.268778280542986 0.447058823529412 0.275113122171946 0 0.108597285067873 0.273303167420814 0.266968325791855 0.085972850678733 0.081447963800905 0.100452488687783 0.0904977375565611 0.0904977375565611 0.0579185520361991
"emySub" 0.0778280542986425 0.27420814479638 0.278733031674208 0.0832579185520362 0.267873303167421 0.452488687782805 0.284162895927602 0.108597285067873 0 0.279638009049774 0.279638009049774 0.0597285067873303 0.0615384615384615 0.0932126696832579 0.0660633484162896 0.0742081447963801 0.0633484162895928
"gopAga" 0.247058823529412 0.243438914027149 0.304072398190045 0.276923076923077 0.281447963800905 0.477828054298643 0.275113122171946 0.273303167420814 0.279638009049774 0 0.281447963800905 0.254298642533937 0.25158371040724 0.264253393665158 0.263348416289593 0.261538461538462 0.231674208144796
"malTer" 0.247963800904977 0.228054298642534 0.30316742081448 0.271493212669683 0.258823529411765 0.47420814479638 0.282352941176471 0.266968325791855 0.279638009049774 0.281447963800905 0 0.252488687782805 0.250678733031674 0.253393665158371 0.261538461538462 0.258823529411765 0.224434389140272
"mesTub" 0.0524886877828054 0.245248868778281 0.27420814479638 0.0805429864253394 0.25158371040724 0.423529411764706 0.254298642533937 0.085972850678733 0.0597285067873303 0.254298642533937 0.252488687782805 0 0.0416289592760181 0.0751131221719457 0.0733031674208145 0.0515837104072398 0.0416289592760181
"pelCas" 0.0479638009049774 0.239819004524887 0.277828054298643 0.0760180995475113 0.247963800904977 0.421719457013575 0.252488687782805 0.081447963800905 0.0615384615384615 0.25158371040724 0.250678733031674 0.0416289592760181 0 0.0714932126696833 0.069683257918552 0.0280542986425339 0.0380090497737557
"pelSin" 0.0606334841628959 0.254298642533937 0.290497737556561 0.104072398190045 0.260633484162896 0.435294117647059 0.263348416289593 0.100452488687783 0.0932126696832579 0.264253393665158 0.253393665158371 0.0751131221719457 0.0714932126696833 0 0.0914027149321267 0.0733031674208145 0.0633484162895928
"plaMeg" 0.069683257918552 0.25972850678733 0.26606334841629 0.0633484162895928 0.255203619909502 0.447963800904977 0.270588235294118 0.0904977375565611 0.0660633484162896 0.263348416289593 0.261538461538462 0.0733031674208145 0.069683257918552 0.0914027149321267 0 0.0832579185520362 0.0443438914027149
"podExp" 0.0561085972850679 0.247058823529412 0.28868778280543 0.0886877828054299 0.258823529411765 0.42262443438914 0.257918552036199 0.0904977375565611 0.0742081447963801 0.261538461538462 0.258823529411765 0.0515837104072398 0.0280542986425339 0.0733031674208145 0.0832579185520362 0 0.048868778280543
"terMex" 0.0380090497737557 0.224434389140272 0.262443438914027 0.0570135746606335 0.225339366515837 0.432579185520362 0.235294117647059 0.0579185520361991 0.0633484162895928 0.231674208144796 0.224434389140272 0.0416289592760181 0.0380090497737557 0.0633484162895928 0.0443438914027149 0.048868778280543 0
