"carIns" "cheAbi" "cheMyd" "cheSer" "chrPic" "cuoAmb" "cuoMcc" "derCor" "derMaw" "emySub" "gopAga" "malTer" "mesTub" "pelCas" "pelSin" "plaMeg" "podExp" "terMex"
"carIns" 0 0.0567901234567901 0.0506172839506173 0.0592592592592593 0.0469135802469136 0.0555555555555556 0.0481481481481481 0.0777777777777778 0.0666666666666667 0.062962962962963 0.0518518518518519 0.045679012345679 0.0666666666666667 0.0753086419753086 0.128395061728395 0.0469135802469136 0.0802469135802469 0.045679012345679
"cheAbi" 0.0567901234567901 0 0.0283950617283951 0.0407407407407407 0.0296296296296296 0.0246913580246914 0.0185185185185185 0.0555555555555556 0.0493827160493827 0.0493827160493827 0.00987654320987654 0.0283950617283951 0.0518518518518519 0.0580246913580247 0.123456790123457 0.0185185185185185 0.0679012345679012 0.0234567901234568
"cheMyd" 0.0506172839506173 0.0283950617283951 0 0.0259259259259259 0.0234567901234568 0.0234567901234568 0.017283950617284 0.0333333333333333 0.0382716049382716 0.0419753086419753 0.0234567901234568 0.0222222222222222 0.037037037037037 0.0481481481481481 0.109876543209877 0.0148148148148148 0.054320987654321 0.0160493827160494
"cheSer" 0.0592592592592593 0.0407407407407407 0.0259259259259259 0 0.0382716049382716 0.0271604938271605 0.0308641975308642 0.054320987654321 0.0407407407407407 0.0555555555555556 0.0358024691358025 0.037037037037037 0.0555555555555556 0.0654320987654321 0.124691358024691 0.0296296296296296 0.0728395061728395 0.0320987654320988
"chrPic" 0.0469135802469136 0.0296296296296296 0.0234567901234568 0.0382716049382716 0 0.0246913580246914 0.0160493827160494 0.0506172839506173 0.0469135802469136 0.0481481481481481 0.0246913580246914 0.0037037037037037 0.045679012345679 0.0530864197530864 0.119753086419753 0.0160493827160494 0.0604938271604938 0.00864197530864197
"cuoAmb" 0.0555555555555556 0.0246913580246914 0.0234567901234568 0.0271604938271605 0.0246913580246914 0 0.00864197530864197 0.0493827160493827 0.0444444444444444 0.0481481481481481 0.0197530864197531 0.0234567901234568 0.0493827160493827 0.0530864197530864 0.119753086419753 0.0135802469135802 0.062962962962963 0.0185185185185185
"cuoMcc" 0.0481481481481481 0.0185185185185185 0.017283950617284 0.0308641975308642 0.0160493827160494 0.00864197530864197 0 0.0444444444444444 0.0395061728395062 0.0419753086419753 0.0135802469135802 0.0148148148148148 0.0407407407407407 0.0493827160493827 0.118518518518519 0.00740740740740741 0.0567901234567901 0.00987654320987654
"derCor" 0.0777777777777778 0.0555555555555556 0.0333333333333333 0.054320987654321 0.0506172839506173 0.0493827160493827 0.0444444444444444 0 0.062962962962963 0.0654320987654321 0.0493827160493827 0.0493827160493827 0.0654320987654321 0.0703703703703704 0.135802469135802 0.0407407407407407 0.0790123456790123 0.045679012345679
"derMaw" 0.0666666666666667 0.0493827160493827 0.0382716049382716 0.0407407407407407 0.0469135802469136 0.0444444444444444 0.0395061728395062 0.062962962962963 0 0.0592592592592593 0.0419753086419753 0.045679012345679 0.0592592592592593 0.0740740740740741 0.130864197530864 0.0382716049382716 0.0777777777777778 0.0407407407407407
"emySub" 0.062962962962963 0.0493827160493827 0.0419753086419753 0.0555555555555556 0.0481481481481481 0.0481481481481481 0.0419753086419753 0.0654320987654321 0.0592592592592593 0 0.0432098765432099 0.0469135802469136 0.0296296296296296 0.0555555555555556 0.116049382716049 0.0345679012345679 0.0592592592592593 0.0432098765432099
"gopAga" 0.0518518518518519 0.00987654320987654 0.0234567901234568 0.0358024691358025 0.0246913580246914 0.0197530864197531 0.0135802469135802 0.0493827160493827 0.0419753086419753 0.0432098765432099 0 0.0234567901234568 0.0469135802469136 0.0530864197530864 0.117283950617284 0.0135802469135802 0.0654320987654321 0.0185185185185185
"malTer" 0.045679012345679 0.0283950617283951 0.0222222222222222 0.037037037037037 0.0037037037037037 0.0234567901234568 0.0148148148148148 0.0493827160493827 0.045679012345679 0.0469135802469136 0.0234567901234568 0 0.0444444444444444 0.054320987654321 0.118518518518519 0.0148148148148148 0.0617283950617284 0.00740740740740741
"mesTub" 0.0666666666666667 0.0518518518518519 0.037037037037037 0.0555555555555556 0.045679012345679 0.0493827160493827 0.0407407407407407 0.0654320987654321 0.0592592592592593 0.0296296296296296 0.0469135802469136 0.0444444444444444 0 0.054320987654321 0.123456790123457 0.0382716049382716 0.0592592592592593 0.0419753086419753
"pelCas" 0.0753086419753086 0.0580246913580247 0.0481481481481481 0.0654320987654321 0.0530864197530864 0.0530864197530864 0.0493827160493827 0.0703703703703704 0.0740740740740741 0.0555555555555556 0.0530864197530864 0.054320987654321 0.054320987654321 0 0.128395061728395 0.0518518518518519 0.0518518518518519 0.0530864197530864
"pelSin" 0.128395061728395 0.123456790123457 0.109876543209877 0.124691358024691 0.119753086419753 0.119753086419753 0.118518518518519 0.135802469135802 0.130864197530864 0.116049382716049 0.117283950617284 0.118518518518519 0.123456790123457 0.128395061728395 0 0.11358024691358 0.130864197530864 0.112345679012346
"plaMeg" 0.0469135802469136 0.0185185185185185 0.0148148148148148 0.0296296296296296 0.0160493827160494 0.0135802469135802 0.00740740740740741 0.0407407407407407 0.0382716049382716 0.0345679012345679 0.0135802469135802 0.0148148148148148 0.0382716049382716 0.0518518518518519 0.11358024691358 0 0.0567901234567901 0.00987654320987654
"podExp" 0.0802469135802469 0.0679012345679012 0.054320987654321 0.0728395061728395 0.0604938271604938 0.062962962962963 0.0567901234567901 0.0790123456790123 0.0777777777777778 0.0592592592592593 0.0654320987654321 0.0617283950617284 0.0592592592592593 0.0518518518518519 0.130864197530864 0.0567901234567901 0 0.0580246913580247
"terMex" 0.045679012345679 0.0234567901234568 0.0160493827160494 0.0320987654320988 0.00864197530864197 0.0185185185185185 0.00987654320987654 0.045679012345679 0.0407407407407407 0.0432098765432099 0.0185185185185185 0.00740740740740741 0.0419753086419753 0.0530864197530864 0.112345679012346 0.00987654320987654 0.0580246913580247 0
