"carIns" "cheAbi" "cheMyd" "cheSer" "chrPic" "cuoAmb" "cuoMcc" "derCor" "derMaw" "emySub" "gopAga" "malTer" "mesTub" "pelCas" "pelSin" "plaMeg" "podExp" "terMex"
"carIns" 0 0.092375366568915 0.102639296187683 0.0850439882697947 0.0806451612903226 0.093841642228739 0.0806451612903226 0.0821114369501466 0.0821114369501466 0.0997067448680352 0.0865102639296188 0.0777126099706745 0.0879765395894428 0.092375366568915 0.0821114369501466 0.095307917888563 0.101173020527859 0.0777126099706745
"cheAbi" 0.092375366568915 0 0.0601173020527859 0.0527859237536657 0.0249266862170088 0.0381231671554252 0.0219941348973607 0.0366568914956012 0.0366568914956012 0.0762463343108504 0.0263929618768328 0.0219941348973607 0.0645161290322581 0.0674486803519062 0.0835777126099707 0.0469208211143695 0.0850439882697947 0.0219941348973607
"cheMyd" 0.102639296187683 0.0601173020527859 0 0.0659824046920821 0.0527859237536657 0.0498533724340176 0.0571847507331378 0.0439882697947214 0.0557184750733138 0.092375366568915 0.063049853372434 0.0498533724340176 0.0821114369501466 0.0879765395894428 0.0997067448680352 0.0527859237536657 0.101173020527859 0.0498533724340176
"cheSer" 0.0850439882697947 0.0527859237536657 0.0659824046920821 0 0.0425219941348974 0.0645161290322581 0.0469208211143695 0.0425219941348974 0.0425219941348974 0.0762463343108504 0.0542521994134897 0.0395894428152493 0.0689149560117302 0.0747800586510264 0.0821114369501466 0.0659824046920821 0.0894428152492669 0.0395894428152493
"chrPic" 0.0806451612903226 0.0249266862170088 0.0527859237536657 0.0425219941348974 0 0.0366568914956012 0.0205278592375367 0.0263929618768328 0.0293255131964809 0.0659824046920821 0.0263929618768328 0.00293255131964809 0.0557184750733138 0.0601173020527859 0.0733137829912024 0.0381231671554252 0.0762463343108504 0.00586510263929619
"cuoAmb" 0.093841642228739 0.0381231671554252 0.0498533724340176 0.0645161290322581 0.0366568914956012 0 0.0263929618768328 0.0483870967741935 0.0513196480938416 0.0850439882697947 0.0410557184750733 0.0337243401759531 0.0703812316715543 0.0718475073313783 0.0879765395894428 0.0366568914956012 0.092375366568915 0.0337243401759531
"cuoMcc" 0.0806451612903226 0.0219941348973607 0.0571847507331378 0.0469208211143695 0.0205278592375367 0.0263929618768328 0 0.032258064516129 0.0351906158357771 0.0689149560117302 0.0190615835777126 0.0175953079178886 0.0527859237536657 0.0601173020527859 0.0718475073313783 0.0410557184750733 0.0762463343108504 0.0175953079178886
"derCor" 0.0821114369501466 0.0366568914956012 0.0439882697947214 0.0425219941348974 0.0263929618768328 0.0483870967741935 0.032258064516129 0 0.030791788856305 0.0659824046920821 0.0381231671554252 0.0234604105571848 0.0586510263929619 0.063049853372434 0.0762463343108504 0.0498533724340176 0.0762463343108504 0.0234604105571848
"derMaw" 0.0821114369501466 0.0366568914956012 0.0557184750733138 0.0425219941348974 0.0293255131964809 0.0513196480938416 0.0351906158357771 0.030791788856305 0 0.0674486803519062 0.0410557184750733 0.0263929618768328 0.0586510263929619 0.0586510263929619 0.0733137829912024 0.0527859237536657 0.0718475073313783 0.0263929618768328
"emySub" 0.0997067448680352 0.0762463343108504 0.092375366568915 0.0762463343108504 0.0659824046920821 0.0850439882697947 0.0689149560117302 0.0659824046920821 0.0674486803519062 0 0.0747800586510264 0.063049853372434 0.030791788856305 0.063049853372434 0.0909090909090909 0.0879765395894428 0.0718475073313783 0.063049853372434
"gopAga" 0.0865102639296188 0.0263929618768328 0.063049853372434 0.0542521994134897 0.0263929618768328 0.0410557184750733 0.0190615835777126 0.0381231671554252 0.0410557184750733 0.0747800586510264 0 0.0234604105571848 0.06158357771261 0.0659824046920821 0.0791788856304985 0.0469208211143695 0.0791788856304985 0.0234604105571848
"malTer" 0.0777126099706745 0.0219941348973607 0.0498533724340176 0.0395894428152493 0.00293255131964809 0.0337243401759531 0.0175953079178886 0.0234604105571848 0.0263929618768328 0.063049853372434 0.0234604105571848 0 0.0527859237536657 0.0571847507331378 0.0703812316715543 0.0351906158357771 0.0733137829912024 0.00293255131964809
"mesTub" 0.0879765395894428 0.0645161290322581 0.0821114369501466 0.0689149560117302 0.0557184750733138 0.0703812316715543 0.0527859237536657 0.0586510263929619 0.0586510263929619 0.030791788856305 0.06158357771261 0.0527859237536657 0 0.0557184750733138 0.0806451612903226 0.0747800586510264 0.0674486803519062 0.0527859237536657
"pelCas" 0.092375366568915 0.0674486803519062 0.0879765395894428 0.0747800586510264 0.0601173020527859 0.0718475073313783 0.0601173020527859 0.063049853372434 0.0586510263929619 0.063049853372434 0.0659824046920821 0.0571847507331378 0.0557184750733138 0 0.0821114369501466 0.0806451612903226 0.0513196480938416 0.0571847507331378
"pelSin" 0.0821114369501466 0.0835777126099707 0.0997067448680352 0.0821114369501466 0.0733137829912024 0.0879765395894428 0.0718475073313783 0.0762463343108504 0.0733137829912024 0.0909090909090909 0.0791788856304985 0.0703812316715543 0.0806451612903226 0.0821114369501466 0 0.0879765395894428 0.0982404692082111 0.0703812316715543
"plaMeg" 0.095307917888563 0.0469208211143695 0.0527859237536657 0.0659824046920821 0.0381231671554252 0.0366568914956012 0.0410557184750733 0.0498533724340176 0.0527859237536657 0.0879765395894428 0.0469208211143695 0.0351906158357771 0.0747800586510264 0.0806451612903226 0.0879765395894428 0 0.095307917888563 0.0351906158357771
"podExp" 0.101173020527859 0.0850439882697947 0.101173020527859 0.0894428152492669 0.0762463343108504 0.092375366568915 0.0762463343108504 0.0762463343108504 0.0718475073313783 0.0718475073313783 0.0791788856304985 0.0733137829912024 0.0674486803519062 0.0513196480938416 0.0982404692082111 0.095307917888563 0 0.0733137829912024
"terMex" 0.0777126099706745 0.0219941348973607 0.0498533724340176 0.0395894428152493 0.00586510263929619 0.0337243401759531 0.0175953079178886 0.0234604105571848 0.0263929618768328 0.063049853372434 0.0234604105571848 0.00293255131964809 0.0527859237536657 0.0571847507331378 0.0703812316715543 0.0351906158357771 0.0733137829912024 0
