"carIns" "cheAbi" "cheMyd" "cheSer" "chrPic" "cuoAmb" "cuoMcc" "derCor" "derMaw" "emySub" "malTer" "mesTub" "pelSin" "podExp" "terMex"
"carIns" 0 0.13179347826087 0.134510869565217 0.120923913043478 0.110054347826087 0.116847826086957 0.115489130434783 0.110054347826087 0.120923913043478 0.125 0.111413043478261 0.137228260869565 0.248641304347826 0.139945652173913 0.114130434782609
"cheAbi" 0.13179347826087 0 0.0801630434782609 0.0720108695652174 0.0421195652173913 0.0285326086956522 0.0326086956521739 0.046195652173913 0.0557065217391304 0.0910326086956522 0.0407608695652174 0.119565217391304 0.240489130434783 0.110054347826087 0.0448369565217391
"cheMyd" 0.134510869565217 0.0801630434782609 0 0.0625 0.0611413043478261 0.0706521739130435 0.0706521739130435 0.0489130434782609 0.0720108695652174 0.10054347826087 0.0584239130434783 0.116847826086957 0.251358695652174 0.133152173913043 0.0638586956521739
"cheSer" 0.120923913043478 0.0720108695652174 0.0625 0 0.0529891304347826 0.0570652173913043 0.0597826086956522 0.0489130434782609 0.0638586956521739 0.0923913043478261 0.0529891304347826 0.114130434782609 0.239130434782609 0.129076086956522 0.0584239130434783
"chrPic" 0.110054347826087 0.0421195652173913 0.0611413043478261 0.0529891304347826 0 0.0298913043478261 0.0339673913043478 0.03125 0.0421195652173913 0.0855978260869565 0.00679347826086957 0.110054347826087 0.235054347826087 0.115489130434783 0.0108695652173913
"cuoAmb" 0.116847826086957 0.0285326086956522 0.0706521739130435 0.0570652173913043 0.0298913043478261 0 0.014945652173913 0.0394021739130435 0.0489130434782609 0.0869565217391304 0.0285326086956522 0.112771739130435 0.24320652173913 0.111413043478261 0.0353260869565217
"cuoMcc" 0.115489130434783 0.0326086956521739 0.0706521739130435 0.0597826086956522 0.0339673913043478 0.014945652173913 0 0.0380434782608696 0.0502717391304348 0.0896739130434783 0.0298913043478261 0.115489130434783 0.240489130434783 0.123641304347826 0.0339673913043478
"derCor" 0.110054347826087 0.046195652173913 0.0489130434782609 0.0489130434782609 0.03125 0.0394021739130435 0.0380434782608696 0 0.0434782608695652 0.0842391304347826 0.0285326086956522 0.110054347826087 0.237771739130435 0.115489130434783 0.0339673913043478
"derMaw" 0.120923913043478 0.0557065217391304 0.0720108695652174 0.0638586956521739 0.0421195652173913 0.0489130434782609 0.0502717391304348 0.0434782608695652 0 0.0883152173913044 0.0394021739130435 0.119565217391304 0.236413043478261 0.112771739130435 0.0448369565217391
"emySub" 0.125 0.0910326086956522 0.10054347826087 0.0923913043478261 0.0855978260869565 0.0869565217391304 0.0896739130434783 0.0842391304347826 0.0883152173913044 0 0.0815217391304348 0.0747282608695652 0.251358695652174 0.110054347826087 0.0883152173913044
"malTer" 0.111413043478261 0.0407608695652174 0.0584239130434783 0.0529891304347826 0.00679347826086957 0.0285326086956522 0.0298913043478261 0.0285326086956522 0.0394021739130435 0.0815217391304348 0 0.108695652173913 0.232336956521739 0.112771739130435 0.0122282608695652
"mesTub" 0.137228260869565 0.119565217391304 0.116847826086957 0.114130434782609 0.110054347826087 0.112771739130435 0.115489130434783 0.110054347826087 0.119565217391304 0.0747282608695652 0.108695652173913 0 0.258152173913043 0.119565217391304 0.115489130434783
"pelSin" 0.248641304347826 0.240489130434783 0.251358695652174 0.239130434782609 0.235054347826087 0.24320652173913 0.240489130434783 0.237771739130435 0.236413043478261 0.251358695652174 0.232336956521739 0.258152173913043 0 0.269021739130435 0.239130434782609
"podExp" 0.139945652173913 0.110054347826087 0.133152173913043 0.129076086956522 0.115489130434783 0.111413043478261 0.123641304347826 0.115489130434783 0.112771739130435 0.110054347826087 0.112771739130435 0.119565217391304 0.269021739130435 0 0.11820652173913
"terMex" 0.114130434782609 0.0448369565217391 0.0638586956521739 0.0584239130434783 0.0108695652173913 0.0353260869565217 0.0339673913043478 0.0339673913043478 0.0448369565217391 0.0883152173913044 0.0122282608695652 0.115489130434783 0.239130434782609 0.11820652173913 0
