"carIns" "cheAbi" "cheMyd" "cheSer" "chrPic" "cuoAmb" "cuoMcc" "derCor" "derMaw" "emySub" "gopAga" "malTer" "mesTub" "pelCas" "pelSin" "plaMeg" "podExp" "terMex"
"carIns" 0 0.0613409415121255 0.0627674750356633 0.065620542082739 0.0584878744650499 0.0627674750356633 0.0641940085592011 0.065620542082739 0.0584878744650499 0.0699001426533524 0.0699001426533524 0.196861626248217 0.0699001426533524 0.0827389443651926 0.0584878744650499 0.0613409415121255 0.0841654778887304 0.0599144079885877
"cheAbi" 0.0613409415121255 0 0.0285306704707561 0.0313837375178317 0.0199714693295292 0.0185449358059914 0.0199714693295292 0.0342368045649073 0.0328102710413695 0.0570613409415121 0.014265335235378 0.17546362339515 0.0584878744650499 0.0784593437945792 0.0613409415121255 0.0171184022824536 0.0813124108416548 0.021398002853067
"cheMyd" 0.0627674750356633 0.0285306704707561 0 0.0256776034236805 0.0171184022824536 0.0299572039942939 0.0313837375178317 0.0156918687589158 0.0271041369472183 0.0499286733238231 0.0313837375178317 0.168330955777461 0.0513552068473609 0.0684736091298146 0.0556348074179743 0.0199714693295292 0.0699001426533524 0.0185449358059914
"cheSer" 0.065620542082739 0.0313837375178317 0.0256776034236805 0 0.0256776034236805 0.0356633380884451 0.0370898716119829 0.0313837375178317 0.0328102710413695 0.0570613409415121 0.0342368045649073 0.171184022824536 0.0556348074179743 0.0756062767475036 0.0584878744650499 0.0256776034236805 0.0770328102710414 0.0271041369472183
"chrPic" 0.0584878744650499 0.0199714693295292 0.0171184022824536 0.0256776034236805 0 0.0185449358059914 0.0199714693295292 0.0199714693295292 0.0271041369472183 0.0470756062767475 0.0228245363766049 0.16262482168331 0.0485021398002853 0.065620542082739 0.0499286733238231 0.0114122681883024 0.0713266761768902 0.00713266761768902
"cuoAmb" 0.0627674750356633 0.0185449358059914 0.0299572039942939 0.0356633380884451 0.0185449358059914 0 0.00427960057061341 0.0328102710413695 0.0342368045649073 0.0556348074179743 0.021398002853067 0.17546362339515 0.0570613409415121 0.0770328102710414 0.0570613409415121 0.0185449358059914 0.079885877318117 0.0199714693295292
"cuoMcc" 0.0641940085592011 0.0199714693295292 0.0313837375178317 0.0370898716119829 0.0199714693295292 0.00427960057061341 0 0.0342368045649073 0.0328102710413695 0.0570613409415121 0.0228245363766049 0.174037089871612 0.0584878744650499 0.0784593437945792 0.0584878744650499 0.0199714693295292 0.0784593437945792 0.021398002853067
"derCor" 0.065620542082739 0.0342368045649073 0.0156918687589158 0.0313837375178317 0.0199714693295292 0.0328102710413695 0.0342368045649073 0 0.0328102710413695 0.0513552068473609 0.0370898716119829 0.17546362339515 0.0527817403708987 0.0670470756062767 0.0584878744650499 0.0256776034236805 0.0741797432239658 0.021398002853067
"derMaw" 0.0584878744650499 0.0328102710413695 0.0271041369472183 0.0328102710413695 0.0271041369472183 0.0342368045649073 0.0328102710413695 0.0328102710413695 0 0.0499286733238231 0.0356633380884451 0.169757489300999 0.0485021398002853 0.0741797432239658 0.0570613409415121 0.0271041369472183 0.0684736091298146 0.0285306704707561
"emySub" 0.0699001426533524 0.0570613409415121 0.0499286733238231 0.0570613409415121 0.0470756062767475 0.0556348074179743 0.0570613409415121 0.0513552068473609 0.0499286733238231 0 0.0599144079885877 0.181169757489301 0.0128388017118402 0.0470756062767475 0.0641940085592011 0.0485021398002853 0.0513552068473609 0.0485021398002853
"gopAga" 0.0699001426533524 0.014265335235378 0.0313837375178317 0.0342368045649073 0.0228245363766049 0.021398002853067 0.0228245363766049 0.0370898716119829 0.0356633380884451 0.0599144079885877 0 0.17546362339515 0.0613409415121255 0.0813124108416548 0.0641940085592011 0.0199714693295292 0.0841654778887304 0.0242510699001427
"malTer" 0.196861626248217 0.17546362339515 0.168330955777461 0.171184022824536 0.16262482168331 0.17546362339515 0.174037089871612 0.17546362339515 0.169757489300999 0.181169757489301 0.17546362339515 0 0.182596291012839 0.206847360912981 0.194008559201141 0.168330955777461 0.205420827389444 0.169757489300999
"mesTub" 0.0699001426533524 0.0584878744650499 0.0513552068473609 0.0556348074179743 0.0485021398002853 0.0570613409415121 0.0584878744650499 0.0527817403708987 0.0485021398002853 0.0128388017118402 0.0613409415121255 0.182596291012839 0 0.0527817403708987 0.065620542082739 0.0499286733238231 0.0570613409415121 0.0499286733238231
"pelCas" 0.0827389443651926 0.0784593437945792 0.0684736091298146 0.0756062767475036 0.065620542082739 0.0770328102710414 0.0784593437945792 0.0670470756062767 0.0741797432239658 0.0470756062767475 0.0813124108416548 0.206847360912981 0.0527817403708987 0 0.079885877318117 0.0699001426533524 0.0542082738944365 0.0670470756062767
"pelSin" 0.0584878744650499 0.0613409415121255 0.0556348074179743 0.0584878744650499 0.0499286733238231 0.0570613409415121 0.0584878744650499 0.0584878744650499 0.0570613409415121 0.0641940085592011 0.0641940085592011 0.194008559201141 0.065620542082739 0.079885877318117 0 0.0499286733238231 0.0827389443651926 0.0513552068473609
"plaMeg" 0.0613409415121255 0.0171184022824536 0.0199714693295292 0.0256776034236805 0.0114122681883024 0.0185449358059914 0.0199714693295292 0.0256776034236805 0.0271041369472183 0.0485021398002853 0.0199714693295292 0.168330955777461 0.0499286733238231 0.0699001426533524 0.0499286733238231 0 0.0713266761768902 0.0128388017118402
"podExp" 0.0841654778887304 0.0813124108416548 0.0699001426533524 0.0770328102710414 0.0713266761768902 0.079885877318117 0.0784593437945792 0.0741797432239658 0.0684736091298146 0.0513552068473609 0.0841654778887304 0.205420827389444 0.0570613409415121 0.0542082738944365 0.0827389443651926 0.0713266761768902 0 0.072753209700428
"terMex" 0.0599144079885877 0.021398002853067 0.0185449358059914 0.0271041369472183 0.00713266761768902 0.0199714693295292 0.021398002853067 0.021398002853067 0.0285306704707561 0.0485021398002853 0.0242510699001427 0.169757489300999 0.0499286733238231 0.0670470756062767 0.0513552068473609 0.0128388017118402 0.072753209700428 0
