"carIns" "cheAbi" "cheMyd" "cheSer" "chrPic" "cuoAmb" "cuoMcc" "derMaw" "emySub" "gopAga" "malTer" "mesTub" "pelCas" "pelSin" "plaMeg" "podExp" "terMex"
"carIns" 0 0.0614035087719298 0.0482456140350877 0.0482456140350877 0.054093567251462 0.054093567251462 0.054093567251462 0.0570175438596491 0.0760233918128655 0.0614035087719298 0.054093567251462 0.0716374269005848 0.0906432748538012 0.0497076023391813 0.0497076023391813 0.0804093567251462 0.0511695906432749
"cheAbi" 0.0614035087719298 0 0.0263157894736842 0.0248538011695906 0.0204678362573099 0.0160818713450292 0.0160818713450292 0.0365497076023392 0.0628654970760234 0.0131578947368421 0.0204678362573099 0.054093567251462 0.0760233918128655 0.0511695906432749 0.0204678362573099 0.0687134502923977 0.0233918128654971
"cheMyd" 0.0482456140350877 0.0263157894736842 0 0.00730994152046784 0.0175438596491228 0.0219298245614035 0.0190058479532164 0.0190058479532164 0.0482456140350877 0.0263157894736842 0.0175438596491228 0.0423976608187134 0.064327485380117 0.0409356725146199 0.0146198830409357 0.0570175438596491 0.0175438596491228
"cheSer" 0.0482456140350877 0.0248538011695906 0.00730994152046784 0 0.0146198830409357 0.0204678362573099 0.0175438596491228 0.0146198830409357 0.043859649122807 0.0248538011695906 0.0146198830409357 0.0380116959064327 0.0599415204678363 0.043859649122807 0.0131578947368421 0.0555555555555556 0.0146198830409357
"chrPic" 0.054093567251462 0.0204678362573099 0.0175438596491228 0.0146198830409357 0 0.0190058479532164 0.0190058479532164 0.0263157894736842 0.0511695906432749 0.0204678362573099 0.00146198830409357 0.0423976608187134 0.0701754385964912 0.043859649122807 0.0087719298245614 0.0614035087719298 0.00584795321637427
"cuoAmb" 0.054093567251462 0.0160818713450292 0.0219298245614035 0.0204678362573099 0.0190058479532164 0 0.00584795321637427 0.0321637426900585 0.0555555555555556 0.0160818713450292 0.0190058479532164 0.0497076023391813 0.0687134502923977 0.0467836257309941 0.0160818713450292 0.064327485380117 0.0190058479532164
"cuoMcc" 0.054093567251462 0.0160818713450292 0.0190058479532164 0.0175438596491228 0.0190058479532164 0.00584795321637427 0 0.0292397660818713 0.0584795321637427 0.0160818713450292 0.0190058479532164 0.0497076023391813 0.0657894736842105 0.0467836257309941 0.0160818713450292 0.0614035087719298 0.0190058479532164
"derMaw" 0.0570175438596491 0.0365497076023392 0.0190058479532164 0.0146198830409357 0.0263157894736842 0.0321637426900585 0.0292397660818713 0 0.0497076023391813 0.033625730994152 0.0263157894736842 0.043859649122807 0.0687134502923977 0.0497076023391813 0.0248538011695906 0.0614035087719298 0.0263157894736842
"emySub" 0.0760233918128655 0.0628654970760234 0.0482456140350877 0.043859649122807 0.0511695906432749 0.0555555555555556 0.0584795321637427 0.0497076023391813 0 0.0599415204678363 0.0511695906432749 0.0146198830409357 0.054093567251462 0.0687134502923977 0.0497076023391813 0.054093567251462 0.0511695906432749
"gopAga" 0.0614035087719298 0.0131578947368421 0.0263157894736842 0.0248538011695906 0.0204678362573099 0.0160818713450292 0.0160818713450292 0.033625730994152 0.0599415204678363 0 0.0204678362573099 0.0511695906432749 0.0760233918128655 0.0511695906432749 0.0204678362573099 0.0628654970760234 0.0233918128654971
"malTer" 0.054093567251462 0.0204678362573099 0.0175438596491228 0.0146198830409357 0.00146198830409357 0.0190058479532164 0.0190058479532164 0.0263157894736842 0.0511695906432749 0.0204678362573099 0 0.0423976608187134 0.0701754385964912 0.043859649122807 0.0087719298245614 0.0614035087719298 0.00584795321637427
"mesTub" 0.0716374269005848 0.054093567251462 0.0423976608187134 0.0380116959064327 0.0423976608187134 0.0497076023391813 0.0497076023391813 0.043859649122807 0.0146198830409357 0.0511695906432749 0.0423976608187134 0 0.0467836257309941 0.0628654970760234 0.0409356725146199 0.0467836257309941 0.0423976608187134
"pelCas" 0.0906432748538012 0.0760233918128655 0.064327485380117 0.0599415204678363 0.0701754385964912 0.0687134502923977 0.0657894736842105 0.0687134502923977 0.054093567251462 0.0760233918128655 0.0701754385964912 0.0467836257309941 0 0.0862573099415205 0.0687134502923977 0.0453216374269006 0.0701754385964912
"pelSin" 0.0497076023391813 0.0511695906432749 0.0409356725146199 0.043859649122807 0.043859649122807 0.0467836257309941 0.0467836257309941 0.0497076023391813 0.0687134502923977 0.0511695906432749 0.043859649122807 0.0628654970760234 0.0862573099415205 0 0.0423976608187134 0.0716374269005848 0.043859649122807
"plaMeg" 0.0497076023391813 0.0204678362573099 0.0146198830409357 0.0131578947368421 0.0087719298245614 0.0160818713450292 0.0160818713450292 0.0248538011695906 0.0497076023391813 0.0204678362573099 0.0087719298245614 0.0409356725146199 0.0687134502923977 0.0423976608187134 0 0.0584795321637427 0.0087719298245614
"podExp" 0.0804093567251462 0.0687134502923977 0.0570175438596491 0.0555555555555556 0.0614035087719298 0.064327485380117 0.0614035087719298 0.0614035087719298 0.054093567251462 0.0628654970760234 0.0614035087719298 0.0467836257309941 0.0453216374269006 0.0716374269005848 0.0584795321637427 0 0.0614035087719298
"terMex" 0.0511695906432749 0.0233918128654971 0.0175438596491228 0.0146198830409357 0.00584795321637427 0.0190058479532164 0.0190058479532164 0.0263157894736842 0.0511695906432749 0.0233918128654971 0.00584795321637427 0.0423976608187134 0.0701754385964912 0.043859649122807 0.0087719298245614 0.0614035087719298 0
