"carIns" "cheAbi" "cheMyd" "cheSer" "chrPic" "cuoAmb" "cuoMcc" "derMaw" "emySub" "gopAga" "malTer" "mesTub" "pelCas" "pelSin" "plaMeg" "podExp" "terMex"
"carIns" 0 0.183848797250859 0.171534936998855 0.174398625429553 0.172966781214204 0.186426116838488 0.179553264604811 0.18127147766323 0.190148911798396 0.1815578465063 0.174112256586483 0.193871706758305 0.20561282932417 0.173253150057274 0.175257731958763 0.202749140893471 0.174398625429553
"cheAbi" 0.183848797250859 0 0.0463917525773196 0.0466781214203895 0.0412371134020619 0.0400916380297824 0.0277777777777778 0.0552691867124857 0.0824742268041237 0.0229095074455899 0.0406643757159221 0.0902061855670103 0.101088201603666 0.0798969072164948 0.0320733104238259 0.103092783505155 0.0360824742268041
"cheMyd" 0.171534936998855 0.0463917525773196 0 0.0329324169530355 0.0306414662084765 0.0498281786941581 0.0395189003436426 0.040950744558992 0.0744558991981672 0.0406643757159221 0.0297823596792669 0.0813287514318442 0.0933562428407789 0.0718785796105384 0.0286368843069874 0.0942153493699885 0.029495990836197
"cheSer" 0.174398625429553 0.0466781214203895 0.0329324169530355 0 0.0346506300114548 0.0498281786941581 0.0412371134020619 0.0395189003436426 0.0770332187857961 0.0435280641466208 0.0357961053837342 0.0830469644902635 0.0924971363115693 0.0730240549828179 0.0289232531500573 0.0967926689576174 0.0332187857961054
"chrPic" 0.172966781214204 0.0412371134020619 0.0306414662084765 0.0346506300114548 0 0.0443871706758305 0.0355097365406644 0.0423825887743414 0.0767468499427262 0.0360824742268041 0.0140320733104238 0.0813287514318442 0.0959335624284078 0.06815578465063 0.02262313860252 0.0947880870561283 0.0191867124856816
"cuoAmb" 0.186426116838488 0.0400916380297824 0.0498281786941581 0.0498281786941581 0.0443871706758305 0 0.0240549828178694 0.0604238258877434 0.0861970217640321 0.038659793814433 0.0449599083619702 0.0942153493699885 0.109106529209622 0.086483390607102 0.0398052691867125 0.108820160366552 0.0429553264604811
"cuoMcc" 0.179553264604811 0.0277777777777778 0.0395189003436426 0.0412371134020619 0.0355097365406644 0.0240549828178694 0 0.0521191294387171 0.0758877434135166 0.0252004581901489 0.0332187857961054 0.0856242840778923 0.101088201603666 0.0778923253150057 0.0243413516609393 0.101660939289805 0.0289232531500573
"derMaw" 0.18127147766323 0.0552691867124857 0.040950744558992 0.0395189003436426 0.0423825887743414 0.0604238258877434 0.0521191294387171 0 0.0830469644902635 0.0515463917525773 0.0449599083619702 0.0890607101947308 0.101660939289805 0.079610538373425 0.0403780068728522 0.100229095074456 0.0423825887743414
"emySub" 0.190148911798396 0.0824742268041237 0.0744558991981672 0.0770332187857961 0.0767468499427262 0.0861970217640321 0.0758877434135166 0.0830469644902635 0 0.079610538373425 0.0778923253150057 0.0446735395189003 0.0801832760595647 0.0899198167239404 0.0721649484536082 0.0807560137457045 0.0756013745704467
"gopAga" 0.1815578465063 0.0229095074455899 0.0406643757159221 0.0435280641466208 0.0360824742268041 0.038659793814433 0.0252004581901489 0.0515463917525773 0.079610538373425 0 0.0349369988545246 0.0893470790378007 0.103951890034364 0.0778923253150057 0.0283505154639175 0.103665521191294 0.031786941580756
"malTer" 0.174112256586483 0.0406643757159221 0.0297823596792669 0.0357961053837342 0.0140320733104238 0.0449599083619702 0.0332187857961054 0.0449599083619702 0.0778923253150057 0.0349369988545246 0 0.0821878579610538 0.0933562428407789 0.0695876288659794 0.0197594501718213 0.0945017182130584 0.0168957617411226
"mesTub" 0.193871706758305 0.0902061855670103 0.0813287514318442 0.0830469644902635 0.0813287514318442 0.0942153493699885 0.0856242840778923 0.0890607101947308 0.0446735395189003 0.0893470790378007 0.0821878579610538 0 0.0913516609392898 0.0939289805269187 0.0778923253150057 0.0887743413516609 0.0821878579610538
"pelCas" 0.20561282932417 0.101088201603666 0.0933562428407789 0.0924971363115693 0.0959335624284078 0.109106529209622 0.101088201603666 0.101660939289805 0.0801832760595647 0.103951890034364 0.0933562428407789 0.0913516609392898 0 0.106815578465063 0.0899198167239404 0.0744558991981672 0.0945017182130584
"pelSin" 0.173253150057274 0.0798969072164948 0.0718785796105384 0.0730240549828179 0.06815578465063 0.086483390607102 0.0778923253150057 0.079610538373425 0.0899198167239404 0.0778923253150057 0.0695876288659794 0.0939289805269187 0.106815578465063 0 0.06815578465063 0.107388316151203 0.070446735395189
"plaMeg" 0.175257731958763 0.0320733104238259 0.0286368843069874 0.0289232531500573 0.02262313860252 0.0398052691867125 0.0243413516609393 0.0403780068728522 0.0721649484536082 0.0283505154639175 0.0197594501718213 0.0778923253150057 0.0899198167239404 0.06815578465063 0 0.0922107674684994 0.0160366552119129
"podExp" 0.202749140893471 0.103092783505155 0.0942153493699885 0.0967926689576174 0.0947880870561283 0.108820160366552 0.101660939289805 0.100229095074456 0.0807560137457045 0.103665521191294 0.0945017182130584 0.0887743413516609 0.0744558991981672 0.107388316151203 0.0922107674684994 0 0.0945017182130584
"terMex" 0.174398625429553 0.0360824742268041 0.029495990836197 0.0332187857961054 0.0191867124856816 0.0429553264604811 0.0289232531500573 0.0423825887743414 0.0756013745704467 0.031786941580756 0.0168957617411226 0.0821878579610538 0.0945017182130584 0.070446735395189 0.0160366552119129 0.0945017182130584 0
