"carIns" "cheAbi" "cheMyd" "cheSer" "chrPic" "cuoAmb" "cuoMcc" "derCor" "derMaw" "emySub" "gopAga" "malTer" "mesTub" "pelCas" "pelSin" "plaMeg" "terMex"
"carIns" 0 0.109929078014184 0.144208037825059 0.101654846335697 0.111111111111111 0.104018912529551 0.102836879432624 0.119385342789598 0.120567375886525 0.127659574468085 0.104018912529551 0.0945626477541371 0.236406619385343 0.16193853427896 0.171394799054374 0.0969267139479905 0.0957446808510638
"cheAbi" 0.109929078014184 0 0.0898345153664303 0.041371158392435 0.0520094562647754 0.024822695035461 0.0260047281323877 0.0614657210401891 0.066193853427896 0.0945626477541371 0.0177304964539007 0.0401891252955083 0.209219858156028 0.125295508274232 0.1548463356974 0.0295508274231678 0.0366430260047281
"cheMyd" 0.144208037825059 0.0898345153664303 0 0.0780141843971631 0.0851063829787234 0.0839243498817967 0.08274231678487 0.0697399527186761 0.109929078014184 0.133569739952719 0.0851063829787234 0.0791962174940898 0.217494089834515 0.16548463356974 0.174940898345154 0.0756501182033097 0.0803782505910166
"cheSer" 0.101654846335697 0.041371158392435 0.0780141843971631 0 0.0378250591016548 0.0295508274231678 0.0283687943262411 0.0531914893617021 0.0543735224586288 0.0874704491725768 0.033096926713948 0.0283687943262411 0.196217494089835 0.118203309692671 0.148936170212766 0.0200945626477541 0.0271867612293144
"chrPic" 0.111111111111111 0.0520094562647754 0.0851063829787234 0.0378250591016548 0 0.0401891252955083 0.0390070921985816 0.0626477541371158 0.0673758865248227 0.0957446808510638 0.0437352245862884 0.0236406619385343 0.204491725768322 0.131205673758865 0.151300236406619 0.0295508274231678 0.0295508274231678
"cuoAmb" 0.104018912529551 0.024822695035461 0.0839243498817967 0.0295508274231678 0.0401891252955083 0 0.00354609929078014 0.0531914893617021 0.0567375886524823 0.0886524822695035 0.0189125295508274 0.0283687943262411 0.199763593380615 0.119385342789598 0.152482269503546 0.0200945626477541 0.024822695035461
"cuoMcc" 0.102836879432624 0.0260047281323877 0.08274231678487 0.0283687943262411 0.0390070921985816 0.00354609929078014 0 0.0520094562647754 0.0555555555555556 0.0874704491725768 0.0177304964539007 0.0271867612293144 0.198581560283688 0.118203309692671 0.151300236406619 0.0189125295508274 0.0236406619385343
"derCor" 0.119385342789598 0.0614657210401891 0.0697399527186761 0.0531914893617021 0.0626477541371158 0.0531914893617021 0.0520094562647754 0 0.0768321513002364 0.107565011820331 0.0567375886524823 0.0508274231678487 0.218676122931442 0.137115839243499 0.16903073286052 0.0460992907801418 0.0555555555555556
"derMaw" 0.120567375886525 0.066193853427896 0.109929078014184 0.0543735224586288 0.0673758865248227 0.0567375886524823 0.0555555555555556 0.0768321513002364 0 0.112293144208038 0.057919621749409 0.0567375886524823 0.218676122931442 0.148936170212766 0.171394799054374 0.049645390070922 0.0567375886524823
"emySub" 0.127659574468085 0.0945626477541371 0.133569739952719 0.0874704491725768 0.0957446808510638 0.0886524822695035 0.0874704491725768 0.107565011820331 0.112293144208038 0 0.0933806146572104 0.0874704491725768 0.173758865248227 0.114657210401891 0.17612293144208 0.0815602836879433 0.0862884160756501
"gopAga" 0.104018912529551 0.0177304964539007 0.0851063829787234 0.033096926713948 0.0437352245862884 0.0189125295508274 0.0177304964539007 0.0567375886524823 0.057919621749409 0.0933806146572104 0 0.0319148936170213 0.206855791962175 0.117021276595745 0.150118203309693 0.0212765957446809 0.0283687943262411
"malTer" 0.0945626477541371 0.0401891252955083 0.0791962174940898 0.0283687943262411 0.0236406619385343 0.0283687943262411 0.0271867612293144 0.0508274231678487 0.0567375886524823 0.0874704491725768 0.0319148936170213 0 0.202127659574468 0.120567375886525 0.143026004728132 0.0177304964539007 0.0177304964539007
"mesTub" 0.236406619385343 0.209219858156028 0.217494089834515 0.196217494089835 0.204491725768322 0.199763593380615 0.198581560283688 0.218676122931442 0.218676122931442 0.173758865248227 0.206855791962175 0.202127659574468 0 0.222222222222222 0.223404255319149 0.196217494089835 0.199763593380615
"pelCas" 0.16193853427896 0.125295508274232 0.16548463356974 0.118203309692671 0.131205673758865 0.119385342789598 0.118203309692671 0.137115839243499 0.148936170212766 0.114657210401891 0.117021276595745 0.120567375886525 0.222222222222222 0 0.193853427895981 0.112293144208038 0.117021276595745
"pelSin" 0.171394799054374 0.1548463356974 0.174940898345154 0.148936170212766 0.151300236406619 0.152482269503546 0.151300236406619 0.16903073286052 0.171394799054374 0.17612293144208 0.150118203309693 0.143026004728132 0.223404255319149 0.193853427895981 0 0.143026004728132 0.145390070921986
"plaMeg" 0.0969267139479905 0.0295508274231678 0.0756501182033097 0.0200945626477541 0.0295508274231678 0.0200945626477541 0.0189125295508274 0.0460992907801418 0.049645390070922 0.0815602836879433 0.0212765957446809 0.0177304964539007 0.196217494089835 0.112293144208038 0.143026004728132 0 0.016548463356974
"terMex" 0.0957446808510638 0.0366430260047281 0.0803782505910166 0.0271867612293144 0.0295508274231678 0.024822695035461 0.0236406619385343 0.0555555555555556 0.0567375886524823 0.0862884160756501 0.0283687943262411 0.0177304964539007 0.199763593380615 0.117021276595745 0.145390070921986 0.016548463356974 0
