"carIns" "cheAbi" "cheMyd" "cheSer" "chrPic" "cuoMcc" "derCor" "derMaw" "emySub" "gopAga" "malTer" "mesTub" "pelCas" "pelSin" "plaMeg"
"carIns" 0 0.0735632183908046 0.0609195402298851 0.0689655172413793 0.0735632183908046 0.071264367816092 0.258620689655172 0.0793103448275862 0.0827586206896552 0.0747126436781609 0.0758620689655172 0.0758620689655172 0.0896551724137931 0.0655172413793104 0.0701149425287356
"cheAbi" 0.0735632183908046 0 0.0264367816091954 0.032183908045977 0.0241379310344828 0.0114942528735632 0.235632183908046 0.0367816091954023 0.0517241379310345 0.0149425287356322 0.0264367816091954 0.0505747126436782 0.0666666666666667 0.0517241379310345 0.0160919540229885
"cheMyd" 0.0609195402298851 0.0264367816091954 0 0.0264367816091954 0.0298850574712644 0.0241379310344828 0.231034482758621 0.0310344827586207 0.0425287356321839 0.032183908045977 0.032183908045977 0.0402298850574713 0.0597701149425287 0.0448275862068966 0.0241379310344828
"cheSer" 0.0689655172413793 0.032183908045977 0.0264367816091954 0 0.0344827586206897 0.0298850574712644 0.239080459770115 0.0367816091954023 0.0517241379310345 0.0333333333333333 0.0367816091954023 0.0494252873563218 0.0666666666666667 0.0505747126436782 0.032183908045977
"chrPic" 0.0735632183908046 0.0241379310344828 0.0298850574712644 0.0344827586206897 0 0.0264367816091954 0.235632183908046 0.0379310344827586 0.0482758620689655 0.0298850574712644 0.00229885057471264 0.0482758620689655 0.0655172413793104 0.0517241379310345 0.0218390804597701
"cuoMcc" 0.071264367816092 0.0114942528735632 0.0241379310344828 0.0298850574712644 0.0264367816091954 0 0.236781609195402 0.0367816091954023 0.0494252873563218 0.0172413793103448 0.028735632183908 0.0471264367816092 0.064367816091954 0.0494252873563218 0.0183908045977011
"derCor" 0.258620689655172 0.235632183908046 0.231034482758621 0.239080459770115 0.235632183908046 0.236781609195402 0 0.241379310344828 0.251724137931034 0.242528735632184 0.237931034482759 0.252873563218391 0.258620689655172 0.251724137931034 0.232183908045977
"derMaw" 0.0793103448275862 0.0367816091954023 0.0310344827586207 0.0367816091954023 0.0379310344827586 0.0367816091954023 0.241379310344828 0 0.0551724137931034 0.0402298850574713 0.0402298850574713 0.0540229885057471 0.0689655172413793 0.0574712643678161 0.0344827586206897
"emySub" 0.0827586206896552 0.0517241379310345 0.0425287356321839 0.0517241379310345 0.0482758620689655 0.0494252873563218 0.251724137931034 0.0551724137931034 0 0.0551724137931034 0.0505747126436782 0.028735632183908 0.0517241379310345 0.0655172413793104 0.0494252873563218
"gopAga" 0.0747126436781609 0.0149425287356322 0.032183908045977 0.0333333333333333 0.0298850574712644 0.0172413793103448 0.242528735632184 0.0402298850574713 0.0551724137931034 0 0.032183908045977 0.0540229885057471 0.0701149425287356 0.0540229885057471 0.0218390804597701
"malTer" 0.0758620689655172 0.0264367816091954 0.032183908045977 0.0367816091954023 0.00229885057471264 0.028735632183908 0.237931034482759 0.0402298850574713 0.0505747126436782 0.032183908045977 0 0.0505747126436782 0.067816091954023 0.0540229885057471 0.0241379310344828
"mesTub" 0.0758620689655172 0.0505747126436782 0.0402298850574713 0.0494252873563218 0.0482758620689655 0.0471264367816092 0.252873563218391 0.0540229885057471 0.028735632183908 0.0540229885057471 0.0505747126436782 0 0.0517241379310345 0.0620689655172414 0.0494252873563218
"pelCas" 0.0896551724137931 0.0666666666666667 0.0597701149425287 0.0666666666666667 0.0655172413793104 0.064367816091954 0.258620689655172 0.0689655172413793 0.0517241379310345 0.0701149425287356 0.067816091954023 0.0517241379310345 0 0.0770114942528736 0.064367816091954
"pelSin" 0.0655172413793104 0.0517241379310345 0.0448275862068966 0.0505747126436782 0.0517241379310345 0.0494252873563218 0.251724137931034 0.0574712643678161 0.0655172413793104 0.0540229885057471 0.0540229885057471 0.0620689655172414 0.0770114942528736 0 0.0505747126436782
"plaMeg" 0.0701149425287356 0.0160919540229885 0.0241379310344828 0.032183908045977 0.0218390804597701 0.0183908045977011 0.232183908045977 0.0344827586206897 0.0494252873563218 0.0218390804597701 0.0241379310344828 0.0494252873563218 0.064367816091954 0.0505747126436782 0
