"carIns" "cheAbi" "cheMyd" "cheSer" "chrPic" "cuoAmb" "cuoMcc" "derCor" "derMaw" "emySub" "gopAga" "malTer" "mesTub" "pelCas" "pelSin" "plaMeg" "podExp" "terMex"
"carIns" 0 0.0776914539400666 0.0749167591564928 0.0760266370699223 0.0771365149833518 0.0776914539400666 0.0749167591564928 0.0749167591564928 0.0821309655937847 0.100998890122087 0.0854605993340733 0.273029966703663 0.0971143174250832 0.118201997780244 0.0865704772475028 0.0754716981132075 0.286903440621532 0.0710321864594895
"cheAbi" 0.0776914539400666 0 0.0310765815760266 0.0283018867924528 0.0299667036625971 0.0210876803551609 0.0183129855715871 0.0321864594894562 0.0427302996670366 0.0715871254162042 0.0288568257491676 0.245837957824639 0.072142064372919 0.0854605993340733 0.0693673695893452 0.0260821309655938 0.269700332963374 0.0244173140954495
"cheMyd" 0.0749167591564928 0.0310765815760266 0 0.0249722530521643 0.0305216426193119 0.0288568257491676 0.0260821309655938 0.0160932297447281 0.0382907880133185 0.0665926748057714 0.0366259711431743 0.251942286348502 0.0638179800221976 0.0788013318534961 0.0682574916759156 0.0271920088790233 0.26803551609323 0.025527192008879
"cheSer" 0.0760266370699223 0.0283018867924528 0.0249722530521643 0 0.0316315205327414 0.0260821309655938 0.0238623751387347 0.0266370699223085 0.0366259711431743 0.0699223085460599 0.0355160932297447 0.252497225305216 0.0693673695893452 0.0821309655937847 0.0677025527192009 0.0277469478357381 0.271365149833518 0.0260821309655938
"chrPic" 0.0771365149833518 0.0299667036625971 0.0305216426193119 0.0316315205327414 0 0.0288568257491676 0.0260821309655938 0.0316315205327414 0.0455049944506104 0.074361820199778 0.0344062153163152 0.239178690344062 0.0738068812430633 0.0876803551609323 0.0732519422863485 0.0271920088790233 0.270810210876804 0.013873473917869
"cuoAmb" 0.0776914539400666 0.0210876803551609 0.0288568257491676 0.0260821309655938 0.0288568257491676 0 0.0072142064372919 0.0310765815760266 0.0438401775804661 0.0715871254162042 0.0271920088790233 0.248057713651498 0.072142064372919 0.0815760266370699 0.0643729189789123 0.0244173140954495 0.268590455049944 0.0221975582685905
"cuoMcc" 0.0749167591564928 0.0183129855715871 0.0260821309655938 0.0238623751387347 0.0260821309655938 0.0072142064372919 0 0.0283018867924528 0.0416204217536071 0.0699223085460599 0.0249722530521643 0.245837957824639 0.0682574916759156 0.0821309655937847 0.0621531631520533 0.0216426193118757 0.269145394006659 0.0205327413984462
"derCor" 0.0749167591564928 0.0321864594894562 0.0160932297447281 0.0266370699223085 0.0316315205327414 0.0310765815760266 0.0283018867924528 0 0.037180910099889 0.0660377358490566 0.0366259711431743 0.253607103218646 0.0649278579356271 0.0821309655937847 0.0660377358490566 0.0266370699223085 0.270255271920089 0.0266370699223085
"derMaw" 0.0821309655937847 0.0427302996670366 0.0382907880133185 0.0366259711431743 0.0455049944506104 0.0438401775804661 0.0416204217536071 0.037180910099889 0 0.0810210876803552 0.0471698113207547 0.257491675915649 0.0804661487236404 0.0948945615982242 0.0782463928967814 0.0405105438401776 0.276359600443951 0.0405105438401776
"emySub" 0.100998890122087 0.0715871254162042 0.0665926748057714 0.0699223085460599 0.074361820199778 0.0715871254162042 0.0699223085460599 0.0660377358490566 0.0810210876803552 0 0.0776914539400666 0.275804661487236 0.0366259711431743 0.0738068812430633 0.0915649278579356 0.0715871254162042 0.258601553829079 0.0704772475027747
"gopAga" 0.0854605993340733 0.0288568257491676 0.0366259711431743 0.0355160932297447 0.0344062153163152 0.0271920088790233 0.0249722530521643 0.0366259711431743 0.0471698113207547 0.0776914539400666 0 0.251942286348502 0.0788013318534961 0.0910099889012209 0.074361820199778 0.0305216426193119 0.274139844617092 0.0299667036625971
"malTer" 0.273029966703663 0.245837957824639 0.251942286348502 0.252497225305216 0.239178690344062 0.248057713651498 0.245837957824639 0.253607103218646 0.257491675915649 0.275804661487236 0.251942286348502 0 0.274694783573807 0.284683684794673 0.27968923418424 0.249722530521643 0.338512763596004 0.239733629300777
"mesTub" 0.0971143174250832 0.072142064372919 0.0638179800221976 0.0693673695893452 0.0738068812430633 0.072142064372919 0.0682574916759156 0.0649278579356271 0.0804661487236404 0.0366259711431743 0.0788013318534961 0.274694783573807 0 0.0765815760266371 0.0904550499445061 0.0710321864594895 0.254716981132075 0.0688124306326304
"pelCas" 0.118201997780244 0.0854605993340733 0.0788013318534961 0.0821309655937847 0.0876803551609323 0.0815760266370699 0.0821309655937847 0.0821309655937847 0.0948945615982242 0.0738068812430633 0.0910099889012209 0.284683684794673 0.0765815760266371 0 0.107103218645949 0.0849056603773585 0.24361820199778 0.0843507214206437
"pelSin" 0.0865704772475028 0.0693673695893452 0.0682574916759156 0.0677025527192009 0.0732519422863485 0.0643729189789123 0.0621531631520533 0.0660377358490566 0.0782463928967814 0.0915649278579356 0.074361820199778 0.27968923418424 0.0904550499445061 0.107103218645949 0 0.0671476137624861 0.280799112097669 0.0671476137624861
"plaMeg" 0.0754716981132075 0.0260821309655938 0.0271920088790233 0.0277469478357381 0.0271920088790233 0.0244173140954495 0.0216426193118757 0.0266370699223085 0.0405105438401776 0.0715871254162042 0.0305216426193119 0.249722530521643 0.0710321864594895 0.0849056603773585 0.0671476137624861 0 0.274139844617092 0.0205327413984462
"podExp" 0.286903440621532 0.269700332963374 0.26803551609323 0.271365149833518 0.270810210876804 0.268590455049944 0.269145394006659 0.270255271920089 0.276359600443951 0.258601553829079 0.274139844617092 0.338512763596004 0.254716981132075 0.24361820199778 0.280799112097669 0.274139844617092 0 0.270255271920089
"terMex" 0.0710321864594895 0.0244173140954495 0.025527192008879 0.0260821309655938 0.013873473917869 0.0221975582685905 0.0205327413984462 0.0266370699223085 0.0405105438401776 0.0704772475027747 0.0299667036625971 0.239733629300777 0.0688124306326304 0.0843507214206437 0.0671476137624861 0.0205327413984462 0.270255271920089 0
