"carIns" "cheAbi" "cheSer" "derMaw" "emySub" "mesTub" "pelCas" "plaMeg" "podExp"
"carIns" 0 0.326007326007326 0.538461538461538 0.54029304029304 0.183150183150183 0.153846153846154 0.536630036630037 0.135531135531136 0.175824175824176
"cheAbi" 0.326007326007326 0 0.604395604395604 0.608058608058608 0.293040293040293 0.272893772893773 0.602564102564103 0.247252747252747 0.293040293040293
"cheSer" 0.538461538461538 0.604395604395604 0 0.0146520146520147 0.521978021978022 0.510989010989011 0.0476190476190476 0.521978021978022 0.496336996336996
"derMaw" 0.54029304029304 0.608058608058608 0.0146520146520147 0 0.523809523809524 0.512820512820513 0.0549450549450549 0.521978021978022 0.498168498168498
"emySub" 0.183150183150183 0.293040293040293 0.521978021978022 0.523809523809524 0 0.0897435897435897 0.529304029304029 0.104395604395604 0.141025641025641
"mesTub" 0.153846153846154 0.272893772893773 0.510989010989011 0.512820512820513 0.0897435897435897 0 0.516483516483517 0.0860805860805861 0.106227106227106
"pelCas" 0.536630036630037 0.602564102564103 0.0476190476190476 0.0549450549450549 0.529304029304029 0.516483516483517 0 0.521978021978022 0.494505494505495
"plaMeg" 0.135531135531136 0.247252747252747 0.521978021978022 0.521978021978022 0.104395604395604 0.0860805860805861 0.521978021978022 0 0.115384615384615
"podExp" 0.175824175824176 0.293040293040293 0.496336996336996 0.498168498168498 0.141025641025641 0.106227106227106 0.494505494505495 0.115384615384615 0
