"carIns" "cheAbi" "cheMyd" "cheSer" "chrPic" "cuoAmb" "cuoMcc" "derCor" "derMaw" "emySub" "gopAga" "malTer" "mesTub" "pelCas" "pelSin" "plaMeg" "podExp"
"carIns" 0 0.082135523613963 0.0831622176591376 0.0811088295687885 0.082135523613963 0.0841889117043121 0.0841889117043121 0.0831622176591376 0.0882956878850103 0.0944558521560575 0.147843942505133 0.082135523613963 0.100616016427105 0.101642710472279 0.0862422997946612 0.0770020533880904 0.105749486652977
"cheAbi" 0.082135523613963 0 0.0338809034907598 0.0349075975359343 0.0205338809034908 0.0174537987679671 0.0164271047227926 0.0328542094455852 0.0420944558521561 0.0657084188911704 0.0944558521560575 0.0184804928131417 0.0770020533880904 0.0728952772073922 0.0728952772073922 0.0215605749486653 0.0770020533880904
"cheMyd" 0.0831622176591376 0.0338809034907598 0 0.0338809034907598 0.0338809034907598 0.0349075975359343 0.0338809034907598 0.0205338809034908 0.0431211498973306 0.068788501026694 0.116016427104723 0.0318275154004107 0.0811088295687885 0.0780287474332649 0.0728952772073922 0.0308008213552361 0.0913757700205339
"cheSer" 0.0811088295687885 0.0349075975359343 0.0338809034907598 0 0.0349075975359343 0.0359342915811088 0.0349075975359343 0.0297741273100616 0.0410677618069815 0.0636550308008214 0.117043121149897 0.0328542094455852 0.0790554414784394 0.0739219712525667 0.0718685831622177 0.0318275154004107 0.0862422997946612
"chrPic" 0.082135523613963 0.0205338809034908 0.0338809034907598 0.0349075975359343 0 0.0236139630390144 0.0225872689938398 0.0328542094455852 0.0431211498973306 0.068788501026694 0.106776180698152 0.00616016427104723 0.0780287474332649 0.0770020533880904 0.0698151950718686 0.0195071868583162 0.082135523613963
"cuoAmb" 0.0841889117043121 0.0174537987679671 0.0349075975359343 0.0359342915811088 0.0236139630390144 0 0.00513347022587269 0.0338809034907598 0.0441478439425051 0.066735112936345 0.101642710472279 0.0205338809034908 0.0759753593429158 0.0790554414784394 0.0708418891170431 0.0225872689938398 0.0872689938398357
"cuoMcc" 0.0841889117043121 0.0164271047227926 0.0338809034907598 0.0349075975359343 0.0225872689938398 0.00513347022587269 0 0.0328542094455852 0.0451745379876797 0.066735112936345 0.100616016427105 0.0195071868583162 0.0759753593429158 0.0780287474332649 0.0708418891170431 0.0215605749486653 0.0872689938398357
"derCor" 0.0831622176591376 0.0328542094455852 0.0205338809034908 0.0297741273100616 0.0328542094455852 0.0338809034907598 0.0328542094455852 0 0.0420944558521561 0.0657084188911704 0.117043121149897 0.0308008213552361 0.0780287474332649 0.0749486652977413 0.0708418891170431 0.0277207392197125 0.0862422997946612
"derMaw" 0.0882956878850103 0.0420944558521561 0.0431211498973306 0.0410677618069815 0.0431211498973306 0.0441478439425051 0.0451745379876797 0.0420944558521561 0 0.0677618069815195 0.123203285420945 0.0410677618069815 0.082135523613963 0.0841889117043121 0.0790554414784394 0.0420944558521561 0.0944558521560575
"emySub" 0.0944558521560575 0.0657084188911704 0.068788501026694 0.0636550308008214 0.068788501026694 0.066735112936345 0.066735112936345 0.0657084188911704 0.0677618069815195 0 0.140657084188912 0.066735112936345 0.0390143737166324 0.0595482546201232 0.082135523613963 0.0636550308008214 0.0657084188911704
"gopAga" 0.147843942505133 0.0944558521560575 0.116016427104723 0.117043121149897 0.106776180698152 0.101642710472279 0.100616016427105 0.117043121149897 0.123203285420945 0.140657084188912 0 0.104722792607803 0.152977412731006 0.146817248459959 0.148870636550308 0.102669404517454 0.15605749486653
"malTer" 0.082135523613963 0.0184804928131417 0.0318275154004107 0.0328542094455852 0.00616016427104723 0.0205338809034908 0.0195071868583162 0.0308008213552361 0.0410677618069815 0.066735112936345 0.104722792607803 0 0.0749486652977413 0.0770020533880904 0.0708418891170431 0.0195071868583162 0.080082135523614
"mesTub" 0.100616016427105 0.0770020533880904 0.0811088295687885 0.0790554414784394 0.0780287474332649 0.0759753593429158 0.0759753593429158 0.0780287474332649 0.082135523613963 0.0390143737166324 0.152977412731006 0.0749486652977413 0 0.0759753593429158 0.0903490759753593 0.0770020533880904 0.082135523613963
"pelCas" 0.101642710472279 0.0728952772073922 0.0780287474332649 0.0739219712525667 0.0770020533880904 0.0790554414784394 0.0780287474332649 0.0749486652977413 0.0841889117043121 0.0595482546201232 0.146817248459959 0.0770020533880904 0.0759753593429158 0 0.093429158110883 0.0749486652977413 0.0616016427104723
"pelSin" 0.0862422997946612 0.0728952772073922 0.0728952772073922 0.0718685831622177 0.0698151950718686 0.0708418891170431 0.0708418891170431 0.0708418891170431 0.0790554414784394 0.082135523613963 0.148870636550308 0.0708418891170431 0.0903490759753593 0.093429158110883 0 0.066735112936345 0.101642710472279
"plaMeg" 0.0770020533880904 0.0215605749486653 0.0308008213552361 0.0318275154004107 0.0195071868583162 0.0225872689938398 0.0215605749486653 0.0277207392197125 0.0420944558521561 0.0636550308008214 0.102669404517454 0.0195071868583162 0.0770020533880904 0.0749486652977413 0.066735112936345 0 0.0872689938398357
"podExp" 0.105749486652977 0.0770020533880904 0.0913757700205339 0.0862422997946612 0.082135523613963 0.0872689938398357 0.0872689938398357 0.0862422997946612 0.0944558521560575 0.0657084188911704 0.15605749486653 0.080082135523614 0.082135523613963 0.0616016427104723 0.101642710472279 0.0872689938398357 0
