"carIns" "cheAbi" "cheMyd" "cheSer" "chrPic" "cuoAmb" "cuoMcc" "derCor" "derMaw" "emySub" "gopAga" "malTer" "mesTub" "pelCas" "pelSin" "plaMeg" "podExp" "terMex"
"carIns" 0 0.0914454277286136 0.084070796460177 0.0929203539823009 0.079646017699115 0.084070796460177 0.0825958702064897 0.0884955752212389 0.0958702064896755 0.113569321533923 0.352507374631268 0.084070796460177 0.107669616519174 0.12094395280236 0.113569321533923 0.0766961651917404 0.129793510324484 0.0825958702064897
"cheAbi" 0.0914454277286136 0 0.0383480825958702 0.0427728613569322 0.0265486725663717 0.0206489675516224 0.0191740412979351 0.0398230088495575 0.0486725663716814 0.0781710914454277 0.31858407079646 0.0250737463126844 0.0752212389380531 0.0914454277286136 0.0973451327433628 0.023598820058997 0.0973451327433628 0.028023598820059
"cheMyd" 0.084070796460177 0.0383480825958702 0 0.0339233038348083 0.0250737463126844 0.0265486725663717 0.0250737463126844 0.0191740412979351 0.0471976401179941 0.0737463126843658 0.328908554572271 0.028023598820059 0.0722713864306785 0.0958702064896755 0.0929203539823009 0.0221238938053097 0.104719764011799 0.0250737463126844
"cheSer" 0.0929203539823009 0.0427728613569322 0.0339233038348083 0 0.0294985250737463 0.0294985250737463 0.028023598820059 0.0368731563421829 0.0530973451327434 0.0811209439528024 0.328908554572271 0.0324483775811209 0.0752212389380531 0.0914454277286136 0.0943952802359882 0.028023598820059 0.100294985250737 0.0339233038348083
"chrPic" 0.079646017699115 0.0265486725663717 0.0250737463126844 0.0294985250737463 0 0.0162241887905605 0.0147492625368732 0.0265486725663717 0.0398230088495575 0.0693215339233038 0.321533923303835 0.0103244837758112 0.0678466076696165 0.0855457227138643 0.0855457227138643 0.0147492625368732 0.0943952802359882 0.0147492625368732
"cuoAmb" 0.084070796460177 0.0206489675516224 0.0265486725663717 0.0294985250737463 0.0162241887905605 0 0.00147492625368732 0.028023598820059 0.0442477876106195 0.0693215339233038 0.321533923303835 0.0162241887905605 0.0663716814159292 0.0870206489675516 0.0899705014749263 0.0162241887905605 0.0929203539823009 0.0132743362831858
"cuoMcc" 0.0825958702064897 0.0191740412979351 0.0250737463126844 0.028023598820059 0.0147492625368732 0.00147492625368732 0 0.0265486725663717 0.0427728613569322 0.0678466076696165 0.320058997050148 0.0147492625368732 0.0648967551622419 0.0855457227138643 0.0884955752212389 0.0147492625368732 0.0914454277286136 0.0147492625368732
"derCor" 0.0884955752212389 0.0398230088495575 0.0191740412979351 0.0368731563421829 0.0265486725663717 0.028023598820059 0.0265486725663717 0 0.0457227138643068 0.0722713864306785 0.331858407079646 0.0294985250737463 0.0766961651917404 0.0914454277286136 0.0943952802359882 0.023598820058997 0.100294985250737 0.0265486725663717
"derMaw" 0.0958702064896755 0.0486725663716814 0.0471976401179941 0.0530973451327434 0.0398230088495575 0.0442477876106195 0.0427728613569322 0.0457227138643068 0 0.0781710914454277 0.336283185840708 0.0442477876106195 0.0766961651917404 0.0929203539823009 0.104719764011799 0.0368731563421829 0.107669616519174 0.0457227138643068
"emySub" 0.113569321533923 0.0781710914454277 0.0737463126843658 0.0811209439528024 0.0693215339233038 0.0693215339233038 0.0678466076696165 0.0722713864306785 0.0781710914454277 0 0.343657817109145 0.0722713864306785 0.0353982300884956 0.0648967551622419 0.125368731563422 0.0663716814159292 0.0737463126843658 0.0722713864306785
"gopAga" 0.352507374631268 0.31858407079646 0.328908554572271 0.328908554572271 0.321533923303835 0.321533923303835 0.320058997050148 0.331858407079646 0.336283185840708 0.343657817109145 0 0.320058997050148 0.339233038348083 0.351032448377581 0.364306784660767 0.324483775811209 0.358407079646018 0.321533923303835
"malTer" 0.084070796460177 0.0250737463126844 0.028023598820059 0.0324483775811209 0.0103244837758112 0.0162241887905605 0.0147492625368732 0.0294985250737463 0.0442477876106195 0.0722713864306785 0.320058997050148 0 0.0693215339233038 0.0899705014749263 0.0855457227138643 0.0162241887905605 0.0958702064896755 0.0147492625368732
"mesTub" 0.107669616519174 0.0752212389380531 0.0722713864306785 0.0752212389380531 0.0678466076696165 0.0663716814159292 0.0648967551622419 0.0766961651917404 0.0766961651917404 0.0353982300884956 0.339233038348083 0.0693215339233038 0 0.0648967551622419 0.117994100294985 0.0648967551622419 0.0678466076696165 0.0707964601769911
"pelCas" 0.12094395280236 0.0914454277286136 0.0958702064896755 0.0914454277286136 0.0855457227138643 0.0870206489675516 0.0855457227138643 0.0914454277286136 0.0929203539823009 0.0648967551622419 0.351032448377581 0.0899705014749263 0.0648967551622419 0 0.122418879056047 0.0855457227138643 0.0619469026548673 0.0914454277286136
"pelSin" 0.113569321533923 0.0973451327433628 0.0929203539823009 0.0943952802359882 0.0855457227138643 0.0899705014749263 0.0884955752212389 0.0943952802359882 0.104719764011799 0.125368731563422 0.364306784660767 0.0855457227138643 0.117994100294985 0.122418879056047 0 0.0855457227138643 0.134218289085546 0.0855457227138643
"plaMeg" 0.0766961651917404 0.023598820058997 0.0221238938053097 0.028023598820059 0.0147492625368732 0.0162241887905605 0.0147492625368732 0.023598820058997 0.0368731563421829 0.0663716814159292 0.324483775811209 0.0162241887905605 0.0648967551622419 0.0855457227138643 0.0855457227138643 0 0.0914454277286136 0.0176991150442478
"podExp" 0.129793510324484 0.0973451327433628 0.104719764011799 0.100294985250737 0.0943952802359882 0.0929203539823009 0.0914454277286136 0.100294985250737 0.107669616519174 0.0737463126843658 0.358407079646018 0.0958702064896755 0.0678466076696165 0.0619469026548673 0.134218289085546 0.0914454277286136 0 0.0943952802359882
"terMex" 0.0825958702064897 0.028023598820059 0.0250737463126844 0.0339233038348083 0.0147492625368732 0.0132743362831858 0.0147492625368732 0.0265486725663717 0.0457227138643068 0.0722713864306785 0.321533923303835 0.0147492625368732 0.0707964601769911 0.0914454277286136 0.0855457227138643 0.0176991150442478 0.0943952802359882 0
