"carIns" "cheAbi" "cheMyd" "chrPic" "cuoAmb" "cuoMcc" "derCor" "derMaw" "emySub" "gopAga" "malTer" "mesTub" "pelCas" "pelSin" "plaMeg" "podExp"
"carIns" 0 0.10958904109589 0.100456621004566 0.0958904109589041 0.110350076103501 0.10806697108067 0.100456621004566 0.105783866057839 0.148401826484018 0.105783866057839 0.0966514459665145 0.114155251141553 0.116438356164384 0.200152207001522 0.0989345509893455 0.12937595129376
"cheAbi" 0.10958904109589 0 0.0494672754946728 0.0319634703196347 0.0342465753424658 0.0334855403348554 0.0525114155251142 0.0593607305936073 0.121004566210046 0.0167427701674277 0.0319634703196347 0.089041095890411 0.0920852359208524 0.197108066971081 0.0289193302891933 0.101217656012177
"cheMyd" 0.100456621004566 0.0494672754946728 0 0.0365296803652968 0.0502283105022831 0.0487062404870624 0.0251141552511416 0.0502283105022831 0.115677321156773 0.0449010654490107 0.0365296803652968 0.0814307458143075 0.0920852359208524 0.191019786910198 0.0372907153729072 0.0958904109589041
"chrPic" 0.0958904109589041 0.0319634703196347 0.0365296803652968 0 0.032724505327245 0.0296803652968037 0.0403348554033486 0.0494672754946728 0.10882800608828 0.0273972602739726 0.0045662100456621 0.0768645357686454 0.0844748858447489 0.191019786910198 0.0182648401826484 0.0905631659056317
"cuoAmb" 0.110350076103501 0.0342465753424658 0.0502283105022831 0.032724505327245 0 0.0060882800608828 0.0540334855403349 0.0624048706240487 0.121765601217656 0.0296803652968037 0.032724505327245 0.0898021308980213 0.0989345509893455 0.204718417047184 0.0312024353120244 0.104261796042618
"cuoMcc" 0.10806697108067 0.0334855403348554 0.0487062404870624 0.0296803652968037 0.0060882800608828 0 0.0525114155251142 0.060882800608828 0.120243531202435 0.0289193302891933 0.0296803652968037 0.0882800608828006 0.0966514459665145 0.203196347031963 0.0296803652968037 0.101978691019787
"derCor" 0.100456621004566 0.0525114155251142 0.0251141552511416 0.0403348554033486 0.0540334855403349 0.0525114155251142 0 0.0547945205479452 0.116438356164384 0.047945205479452 0.0403348554033486 0.0837138508371385 0.0928462709284627 0.191019786910198 0.0410958904109589 0.0996955859969559
"derMaw" 0.105783866057839 0.0593607305936073 0.0502283105022831 0.0494672754946728 0.0624048706240487 0.060882800608828 0.0547945205479452 0 0.127853881278539 0.0532724505327245 0.047945205479452 0.0928462709284627 0.0981735159817352 0.198630136986301 0.0502283105022831 0.102739726027397
"emySub" 0.148401826484018 0.121004566210046 0.115677321156773 0.10882800608828 0.121765601217656 0.120243531202435 0.116438356164384 0.127853881278539 0 0.114155251141553 0.107305936073059 0.076103500761035 0.105783866057839 0.226788432267884 0.111111111111111 0.114155251141553
"gopAga" 0.105783866057839 0.0167427701674277 0.0449010654490107 0.0273972602739726 0.0296803652968037 0.0289193302891933 0.047945205479452 0.0532724505327245 0.114155251141553 0 0.0273972602739726 0.0814307458143075 0.0852359208523592 0.19482496194825 0.0243531202435312 0.0951293759512938
"malTer" 0.0966514459665145 0.0319634703196347 0.0365296803652968 0.0045662100456621 0.032724505327245 0.0296803652968037 0.0403348554033486 0.047945205479452 0.107305936073059 0.0273972602739726 0 0.0768645357686454 0.0829528158295282 0.190258751902588 0.0182648401826484 0.089041095890411
"mesTub" 0.114155251141553 0.089041095890411 0.0814307458143075 0.0768645357686454 0.0898021308980213 0.0882800608828006 0.0837138508371385 0.0928462709284627 0.076103500761035 0.0814307458143075 0.0768645357686454 0 0.0753424657534247 0.201674277016743 0.078386605783866 0.0806697108066971
"pelCas" 0.116438356164384 0.0920852359208524 0.0920852359208524 0.0844748858447489 0.0989345509893455 0.0966514459665145 0.0928462709284627 0.0981735159817352 0.105783866057839 0.0852359208523592 0.0829528158295282 0.0753424657534247 0 0.19634703196347 0.0859969558599696 0.0768645357686454
"pelSin" 0.200152207001522 0.197108066971081 0.191019786910198 0.191019786910198 0.204718417047184 0.203196347031963 0.191019786910198 0.198630136986301 0.226788432267884 0.19482496194825 0.190258751902588 0.201674277016743 0.19634703196347 0 0.193302891933029 0.203957382039574
"plaMeg" 0.0989345509893455 0.0289193302891933 0.0372907153729072 0.0182648401826484 0.0312024353120244 0.0296803652968037 0.0410958904109589 0.0502283105022831 0.111111111111111 0.0243531202435312 0.0182648401826484 0.078386605783866 0.0859969558599696 0.193302891933029 0 0.093607305936073
"podExp" 0.12937595129376 0.101217656012177 0.0958904109589041 0.0905631659056317 0.104261796042618 0.101978691019787 0.0996955859969559 0.102739726027397 0.114155251141553 0.0951293759512938 0.089041095890411 0.0806697108066971 0.0768645357686454 0.203957382039574 0.093607305936073 0
