"carIns" "cheAbi" "cheMyd" "cheSer" "chrPic" "cuoAmb" "cuoMcc" "derCor" "derMaw" "emySub" "gopAga" "malTer" "mesTub" "pelCas" "pelSin" "plaMeg" "podExp" "terMex"
"carIns" 0 0.0983647175421209 0.101090188305253 0.0929137760158573 0.0929137760158573 0.0887016848364718 0.0887016848364718 0.0941526263627354 0.0981169474727453 0.114717542120912 0.100346878097126 0.0951437066402379 0.119672943508424 0.116451932606541 0.139246778989098 0.0896927651139742 0.124132804757185 0.0901883052527255
"cheAbi" 0.0983647175421209 0 0.0574826560951437 0.0485629335976214 0.0366699702675917 0.0262636273538157 0.0277502477700694 0.0505450941526264 0.0557482656095144 0.0847373637264618 0.0302279484638256 0.0376610505450942 0.0894449950445986 0.0884539147670961 0.126362735381566 0.031219028741328 0.103567888999009 0.0327056491575818
"cheMyd" 0.101090188305253 0.0574826560951437 0 0.0522794846382557 0.0522794846382557 0.0483151635282458 0.048810703666997 0.031219028741328 0.0626858275520317 0.089197224975223 0.0604558969276511 0.0542616451932607 0.097621407333994 0.096382556987116 0.129583746283449 0.0460852329038652 0.109018830525273 0.0485629335976214
"cheSer" 0.0929137760158573 0.0485629335976214 0.0522794846382557 0 0.0423686818632309 0.0408820614469772 0.0408820614469772 0.0453419226957384 0.054013875123885 0.0842418235877106 0.0522794846382557 0.0448463825569871 0.0896927651139742 0.0899405351833499 0.124628344895937 0.0371655104063429 0.103567888999009 0.0398909811694747
"chrPic" 0.0929137760158573 0.0366699702675917 0.0522794846382557 0.0423686818632309 0 0.0267591674925669 0.0287413280475719 0.0460852329038652 0.0525272547076313 0.0802775024777007 0.0401387512388503 0.0101585728444004 0.0884539147670961 0.0864717542120912 0.121407333994054 0.0220515361744301 0.100594648166501 0.0126362735381566
"cuoAmb" 0.0887016848364718 0.0262636273538157 0.0483151635282458 0.0408820614469772 0.0267591674925669 0 0.0089197224975223 0.0431119920713578 0.0478196233894945 0.0770564915758176 0.0292368681863231 0.0287413280475719 0.0815163528245788 0.0810208126858275 0.118929633300297 0.0225470763131814 0.0958870168483647 0.022794846382557
"cuoMcc" 0.0887016848364718 0.0277502477700694 0.048810703666997 0.0408820614469772 0.0287413280475719 0.0089197224975223 0 0.0428642220019822 0.0485629335976214 0.0765609514370664 0.031219028741328 0.031219028741328 0.0815163528245788 0.0795341922695738 0.120416253716551 0.0235381565906838 0.0956392467789891 0.0245292368681863
"derCor" 0.0941526263627354 0.0505450941526264 0.031219028741328 0.0453419226957384 0.0460852329038652 0.0431119920713578 0.0428642220019822 0 0.0557482656095144 0.0817641228939544 0.0552527254707631 0.0485629335976214 0.0901883052527255 0.0852329038652131 0.123141724479683 0.0393954410307235 0.100842418235877 0.0423686818632309
"derMaw" 0.0981169474727453 0.0557482656095144 0.0626858275520317 0.054013875123885 0.0525272547076313 0.0478196233894945 0.0485629335976214 0.0557482656095144 0 0.0896927651139742 0.0574826560951437 0.0555004955401388 0.0951437066402379 0.0931615460852329 0.132061446977205 0.0470763131813677 0.10802775024777 0.0480673934588702
"emySub" 0.114717542120912 0.0847373637264618 0.089197224975223 0.0842418235877106 0.0802775024777007 0.0770564915758176 0.0765609514370664 0.0817641228939544 0.0896927651139742 0 0.087215064420218 0.0827552031714569 0.0468285431119921 0.0693756194251734 0.13800792864222 0.0750743310208127 0.0832507433102081 0.0770564915758176
"gopAga" 0.100346878097126 0.0302279484638256 0.0604558969276511 0.0522794846382557 0.0401387512388503 0.0292368681863231 0.031219028741328 0.0552527254707631 0.0574826560951437 0.087215064420218 0 0.0416253716551041 0.0906838453914767 0.0919226957383548 0.13181367690783 0.035183349851338 0.103320118929633 0.0361744301288404
"malTer" 0.0951437066402379 0.0376610505450942 0.0542616451932607 0.0448463825569871 0.0101585728444004 0.0287413280475719 0.031219028741328 0.0485629335976214 0.0555004955401388 0.0827552031714569 0.0416253716551041 0 0.0906838453914767 0.0889494549058474 0.123389494549058 0.0240336967294351 0.102576808721506 0.0151139742319128
"mesTub" 0.119672943508424 0.0894449950445986 0.097621407333994 0.0896927651139742 0.0884539147670961 0.0815163528245788 0.0815163528245788 0.0901883052527255 0.0951437066402379 0.0468285431119921 0.0906838453914767 0.0906838453914767 0 0.0730921704658077 0.148909811694747 0.0832507433102081 0.0889494549058474 0.0844895936570862
"pelCas" 0.116451932606541 0.0884539147670961 0.096382556987116 0.0899405351833499 0.0864717542120912 0.0810208126858275 0.0795341922695738 0.0852329038652131 0.0931615460852329 0.0693756194251734 0.0919226957383548 0.0889494549058474 0.0730921704658077 0 0.14197224975223 0.0827552031714569 0.0654112983151635 0.0847373637264618
"pelSin" 0.139246778989098 0.126362735381566 0.129583746283449 0.124628344895937 0.121407333994054 0.118929633300297 0.120416253716551 0.123141724479683 0.132061446977205 0.13800792864222 0.13181367690783 0.123389494549058 0.148909811694747 0.14197224975223 0 0.119177403369673 0.152626362735382 0.117938553022795
"plaMeg" 0.0896927651139742 0.031219028741328 0.0460852329038652 0.0371655104063429 0.0220515361744301 0.0225470763131814 0.0235381565906838 0.0393954410307235 0.0470763131813677 0.0750743310208127 0.035183349851338 0.0240336967294351 0.0832507433102081 0.0827552031714569 0.119177403369673 0 0.0973736372646184 0.0170961347869177
"podExp" 0.124132804757185 0.103567888999009 0.109018830525273 0.103567888999009 0.100594648166501 0.0958870168483647 0.0956392467789891 0.100842418235877 0.10802775024777 0.0832507433102081 0.103320118929633 0.102576808721506 0.0889494549058474 0.0654112983151635 0.152626362735382 0.0973736372646184 0 0.0993557978196234
"terMex" 0.0901883052527255 0.0327056491575818 0.0485629335976214 0.0398909811694747 0.0126362735381566 0.022794846382557 0.0245292368681863 0.0423686818632309 0.0480673934588702 0.0770564915758176 0.0361744301288404 0.0151139742319128 0.0844895936570862 0.0847373637264618 0.117938553022795 0.0170961347869177 0.0993557978196234 0
