"carIns" "cheAbi" "cheMyd" "cheSer" "chrPic" "cuoAmb" "cuoMcc" "derCor" "derMaw" "emySub" "gopAga" "malTer" "mesTub" "pelCas" "pelSin" "plaMeg" "podExp"
"carIns" 0 0.122448979591837 0.10932944606414 0.118075801749271 0.120991253644315 0.112244897959184 0.110787172011662 0.113702623906706 0.128279883381924 0.13265306122449 0.116618075801749 0.115160349854227 0.161807580174927 0.158892128279883 0.243440233236152 0.115160349854227 0.17201166180758
"cheAbi" 0.122448979591837 0 0.0510204081632653 0.0699708454810496 0.0510204081632653 0.043731778425656 0.0422740524781341 0.0670553935860058 0.0685131195335277 0.087463556851312 0.0393586005830904 0.0451895043731778 0.122448979591837 0.120991253644315 0.252186588921283 0.0451895043731778 0.142857142857143
"cheMyd" 0.10932944606414 0.0510204081632653 0 0.0553935860058309 0.0408163265306122 0.0393586005830904 0.0393586005830904 0.0247813411078717 0.053935860058309 0.0772594752186589 0.043731778425656 0.0393586005830904 0.119533527696793 0.115160349854227 0.243440233236152 0.0379008746355685 0.135568513119534
"cheSer" 0.118075801749271 0.0699708454810496 0.0553935860058309 0 0.0553935860058309 0.053935860058309 0.053935860058309 0.0597667638483965 0.0670553935860058 0.0889212827988338 0.0568513119533528 0.0510204081632653 0.126822157434402 0.120991253644315 0.253644314868805 0.053935860058309 0.137026239067055
"chrPic" 0.120991253644315 0.0510204081632653 0.0408163265306122 0.0553935860058309 0 0.0306122448979592 0.032069970845481 0.053935860058309 0.0612244897959184 0.0787172011661808 0.0364431486880466 0.0145772594752187 0.118075801749271 0.113702623906706 0.252186588921283 0.0306122448979592 0.139941690962099
"cuoAmb" 0.112244897959184 0.043731778425656 0.0393586005830904 0.053935860058309 0.0306122448979592 0 0.0102040816326531 0.0466472303206997 0.053935860058309 0.0714285714285714 0.032069970845481 0.0276967930029155 0.113702623906706 0.110787172011662 0.243440233236152 0.021865889212828 0.135568513119534
"cuoMcc" 0.110787172011662 0.0422740524781341 0.0393586005830904 0.053935860058309 0.032069970845481 0.0102040816326531 0 0.0466472303206997 0.0553935860058309 0.075801749271137 0.0291545189504373 0.0262390670553936 0.115160349854227 0.112244897959184 0.24198250728863 0.0262390670553936 0.137026239067055
"derCor" 0.113702623906706 0.0670553935860058 0.0247813411078717 0.0597667638483965 0.053935860058309 0.0466472303206997 0.0466472303206997 0 0.0641399416909621 0.0772594752186589 0.053935860058309 0.0495626822157434 0.126822157434402 0.120991253644315 0.246355685131195 0.0466472303206997 0.138483965014577
"derMaw" 0.128279883381924 0.0685131195335277 0.053935860058309 0.0670553935860058 0.0612244897959184 0.053935860058309 0.0553935860058309 0.0641399416909621 0 0.0962099125364431 0.0568513119533528 0.0524781341107872 0.129737609329446 0.123906705539359 0.24198250728863 0.0524781341107872 0.14868804664723
"emySub" 0.13265306122449 0.087463556851312 0.0772594752186589 0.0889212827988338 0.0787172011661808 0.0714285714285714 0.075801749271137 0.0772594752186589 0.0962099125364431 0 0.0787172011661808 0.0772594752186589 0.0728862973760933 0.0932944606413994 0.268221574344023 0.0743440233236152 0.119533527696793
"gopAga" 0.116618075801749 0.0393586005830904 0.043731778425656 0.0568513119533528 0.0364431486880466 0.032069970845481 0.0291545189504373 0.053935860058309 0.0568513119533528 0.0787172011661808 0 0.0306122448979592 0.119533527696793 0.119533527696793 0.247813411078717 0.0306122448979592 0.139941690962099
"malTer" 0.115160349854227 0.0451895043731778 0.0393586005830904 0.0510204081632653 0.0145772594752187 0.0276967930029155 0.0262390670553936 0.0495626822157434 0.0524781341107872 0.0772594752186589 0.0306122448979592 0 0.116618075801749 0.103498542274052 0.243440233236152 0.0262390670553936 0.131195335276968
"mesTub" 0.161807580174927 0.122448979591837 0.119533527696793 0.126822157434402 0.118075801749271 0.113702623906706 0.115160349854227 0.126822157434402 0.129737609329446 0.0728862973760933 0.119533527696793 0.116618075801749 0 0.126822157434402 0.293002915451895 0.116618075801749 0.145772594752187
"pelCas" 0.158892128279883 0.120991253644315 0.115160349854227 0.120991253644315 0.113702623906706 0.110787172011662 0.112244897959184 0.120991253644315 0.123906705539359 0.0932944606413994 0.119533527696793 0.103498542274052 0.126822157434402 0 0.284256559766764 0.107871720116618 0.110787172011662
"pelSin" 0.243440233236152 0.252186588921283 0.243440233236152 0.253644314868805 0.252186588921283 0.243440233236152 0.24198250728863 0.246355685131195 0.24198250728863 0.268221574344023 0.247813411078717 0.243440233236152 0.293002915451895 0.284256559766764 0 0.244897959183673 0.300291545189504
"plaMeg" 0.115160349854227 0.0451895043731778 0.0379008746355685 0.053935860058309 0.0306122448979592 0.021865889212828 0.0262390670553936 0.0466472303206997 0.0524781341107872 0.0743440233236152 0.0306122448979592 0.0262390670553936 0.116618075801749 0.107871720116618 0.244897959183673 0 0.131195335276968
"podExp" 0.17201166180758 0.142857142857143 0.135568513119534 0.137026239067055 0.139941690962099 0.135568513119534 0.137026239067055 0.138483965014577 0.14868804664723 0.119533527696793 0.139941690962099 0.131195335276968 0.145772594752187 0.110787172011662 0.300291545189504 0.131195335276968 0
