"carIns" "cheAbi" "cheMyd" "cheSer" "chrPic" "cuoAmb" "cuoMcc" "derCor" "derMaw" "emySub" "gopAga" "malTer" "mesTub" "pelCas" "pelSin" "plaMeg" "podExp" "terMex"
"carIns" 0 0.0926879505664264 0.0947476828012358 0.0906282183316169 0.0916580844490216 0.0885684860968074 0.0895983522142122 0.0895983522142122 0.0968074150360453 0.100926879505664 0.0906282183316169 0.0937178166838311 0.0998970133882595 0.0947476828012358 0.0926879505664264 0.0916580844490216 0.11740473738414 0.0926879505664264
"cheAbi" 0.0926879505664264 0 0.0422245108135942 0.0442842430484037 0.0370751802265705 0.0329557157569516 0.0298661174047374 0.0453141091658084 0.0494335736354274 0.0669412976313079 0.0216271884654995 0.043254376930999 0.0648815653964985 0.0854788877445932 0.0957775489186406 0.0329557157569516 0.0906282183316169 0.0370751802265705
"cheMyd" 0.0947476828012358 0.0422245108135942 0 0.0401647785787848 0.0329557157569516 0.0411946446961895 0.0401647785787848 0.0288362512873326 0.0463439752832132 0.0597322348094748 0.0453141091658084 0.03913491246138 0.0576725025746653 0.082389289392379 0.0885684860968074 0.0308959835221421 0.0926879505664264 0.03913491246138
"cheSer" 0.0906282183316169 0.0442842430484037 0.0401647785787848 0 0.0401647785787848 0.043254376930999 0.0422245108135942 0.0442842430484037 0.0453141091658084 0.0617919670442842 0.0463439752832132 0.0463439752832132 0.0607621009268795 0.0751802265705458 0.0813594232749743 0.0339855818743563 0.0865087538619979 0.0411946446961895
"chrPic" 0.0916580844490216 0.0370751802265705 0.0329557157569516 0.0401647785787848 0 0.0308959835221421 0.0298661174047374 0.0329557157569516 0.043254376930999 0.0556127703398558 0.0339855818743563 0.0102986611740474 0.0566426364572606 0.07826982492276 0.0772399588053553 0.0226570545829042 0.0885684860968074 0.0164778578784758
"cuoAmb" 0.0885684860968074 0.0329557157569516 0.0411946446961895 0.043254376930999 0.0308959835221421 0 0.0113285272914521 0.0411946446961895 0.0494335736354274 0.05870236869207 0.0308959835221421 0.0329557157569516 0.0576725025746653 0.07826982492276 0.0844490216271885 0.0308959835221421 0.0865087538619979 0.0267765190525232
"cuoMcc" 0.0895983522142122 0.0298661174047374 0.0401647785787848 0.0422245108135942 0.0298661174047374 0.0113285272914521 0 0.0401647785787848 0.0484037075180227 0.0617919670442842 0.0278063851699279 0.0319258496395469 0.05870236869207 0.0772399588053553 0.0875386199794027 0.0298661174047374 0.0854788877445932 0.0257466529351184
"derCor" 0.0895983522142122 0.0453141091658084 0.0288362512873326 0.0442842430484037 0.0329557157569516 0.0411946446961895 0.0401647785787848 0 0.0535530381050463 0.0576725025746653 0.043254376930999 0.0370751802265705 0.0556127703398558 0.0792996910401648 0.0906282183316169 0.0329557157569516 0.0916580844490216 0.0381050463439753
"derMaw" 0.0968074150360453 0.0494335736354274 0.0463439752832132 0.0453141091658084 0.043254376930999 0.0494335736354274 0.0484037075180227 0.0535530381050463 0 0.062821833161689 0.0484037075180227 0.0494335736354274 0.0669412976313079 0.07826982492276 0.0875386199794027 0.0370751802265705 0.0865087538619979 0.043254376930999
"emySub" 0.100926879505664 0.0669412976313079 0.0597322348094748 0.0617919670442842 0.0556127703398558 0.05870236869207 0.0617919670442842 0.0576725025746653 0.062821833161689 0 0.0669412976313079 0.0597322348094748 0.043254376930999 0.0720906282183316 0.0916580844490216 0.0535530381050463 0.082389289392379 0.0607621009268795
"gopAga" 0.0906282183316169 0.0216271884654995 0.0453141091658084 0.0463439752832132 0.0339855818743563 0.0308959835221421 0.0278063851699279 0.043254376930999 0.0484037075180227 0.0669412976313079 0 0.0401647785787848 0.0659114315139032 0.0813594232749743 0.0875386199794027 0.03913491246138 0.0865087538619979 0.0360453141091658
"malTer" 0.0937178166838311 0.043254376930999 0.03913491246138 0.0463439752832132 0.0102986611740474 0.0329557157569516 0.0319258496395469 0.0370751802265705 0.0494335736354274 0.0597322348094748 0.0401647785787848 0 0.0576725025746653 0.0792996910401648 0.0813594232749743 0.0288362512873326 0.0947476828012358 0.0185375901132853
"mesTub" 0.0998970133882595 0.0648815653964985 0.0576725025746653 0.0607621009268795 0.0566426364572606 0.0576725025746653 0.05870236869207 0.0556127703398558 0.0669412976313079 0.043254376930999 0.0659114315139032 0.0576725025746653 0 0.0710607621009269 0.0978372811534501 0.0504634397528321 0.0803295571575695 0.0597322348094748
"pelCas" 0.0947476828012358 0.0854788877445932 0.082389289392379 0.0751802265705458 0.07826982492276 0.07826982492276 0.0772399588053553 0.0792996910401648 0.07826982492276 0.0720906282183316 0.0813594232749743 0.0792996910401648 0.0710607621009269 0 0.0916580844490216 0.0720906282183316 0.0741503604531411 0.0844490216271885
"pelSin" 0.0926879505664264 0.0957775489186406 0.0885684860968074 0.0813594232749743 0.0772399588053553 0.0844490216271885 0.0875386199794027 0.0906282183316169 0.0875386199794027 0.0916580844490216 0.0875386199794027 0.0813594232749743 0.0978372811534501 0.0916580844490216 0 0.0834191555097837 0.102986611740474 0.082389289392379
"plaMeg" 0.0916580844490216 0.0329557157569516 0.0308959835221421 0.0339855818743563 0.0226570545829042 0.0308959835221421 0.0298661174047374 0.0329557157569516 0.0370751802265705 0.0535530381050463 0.03913491246138 0.0288362512873326 0.0504634397528321 0.0720906282183316 0.0834191555097837 0 0.0865087538619979 0.0288362512873326
"podExp" 0.11740473738414 0.0906282183316169 0.0926879505664264 0.0865087538619979 0.0885684860968074 0.0865087538619979 0.0854788877445932 0.0916580844490216 0.0865087538619979 0.082389289392379 0.0865087538619979 0.0947476828012358 0.0803295571575695 0.0741503604531411 0.102986611740474 0.0865087538619979 0 0.0854788877445932
"terMex" 0.0926879505664264 0.0370751802265705 0.03913491246138 0.0411946446961895 0.0164778578784758 0.0267765190525232 0.0257466529351184 0.0381050463439753 0.043254376930999 0.0607621009268795 0.0360453141091658 0.0185375901132853 0.0597322348094748 0.0844490216271885 0.082389289392379 0.0288362512873326 0.0854788877445932 0
