"carIns" "cheAbi" "cheMyd" "cheSer" "chrPic" "cuoAmb" "cuoMcc" "derCor" "derMaw" "emySub" "gopAga" "malTer" "mesTub" "pelCas" "pelSin" "plaMeg" "podExp" "terMex"
"carIns" 0 0.0888324873096447 0.0862944162436548 0.0761421319796954 0.0786802030456853 0.083756345177665 0.0812182741116751 0.0799492385786802 0.0939086294416244 0.0964467005076142 0.153553299492386 0.0799492385786802 0.0850253807106599 0.0913705583756345 0.125634517766497 0.0812182741116751 0.0989847715736041 0.0774111675126904
"cheAbi" 0.0888324873096447 0 0.0532994923857868 0.0368020304568528 0.0253807106598985 0.0241116751269036 0.0266497461928934 0.0393401015228426 0.0520304568527919 0.0774111675126904 0.0888324873096447 0.0253807106598985 0.0697969543147208 0.0774111675126904 0.137055837563452 0.0355329949238579 0.0862944162436548 0.0279187817258883
"cheMyd" 0.0862944162436548 0.0532994923857868 0 0.0418781725888325 0.0406091370558376 0.0469543147208122 0.0469543147208122 0.0228426395939086 0.0558375634517767 0.083756345177665 0.115482233502538 0.0431472081218274 0.0647208121827411 0.08248730964467 0.151015228426396 0.0431472081218274 0.0888324873096447 0.0406091370558376
"cheSer" 0.0761421319796954 0.0368020304568528 0.0418781725888325 0 0.0291878172588832 0.0355329949238579 0.0355329949238579 0.0279187817258883 0.0431472081218274 0.08248730964467 0.110406091370558 0.0291878172588832 0.0685279187817259 0.0723350253807107 0.138324873096447 0.0291878172588832 0.083756345177665 0.0266497461928934
"chrPic" 0.0786802030456853 0.0253807106598985 0.0406091370558376 0.0291878172588832 0 0.0190355329949239 0.0203045685279188 0.0291878172588832 0.0444162436548223 0.0723350253807107 0.0939086294416244 0.00761421319796954 0.0634517766497462 0.0748730964467005 0.134517766497462 0.0203045685279188 0.0850253807106599 0.00761421319796954
"cuoAmb" 0.083756345177665 0.0241116751269036 0.0469543147208122 0.0355329949238579 0.0190355329949239 0 0.0114213197969543 0.0355329949238579 0.050761421319797 0.08248730964467 0.0901015228426396 0.0215736040609137 0.0697969543147208 0.08248730964467 0.137055837563452 0.0266497461928934 0.0951776649746193 0.0190355329949239
"cuoMcc" 0.0812182741116751 0.0266497461928934 0.0469543147208122 0.0355329949238579 0.0203045685279188 0.0114213197969543 0 0.0355329949238579 0.050761421319797 0.08248730964467 0.0901015228426396 0.0228426395939086 0.0697969543147208 0.0799492385786802 0.134517766497462 0.0279187817258883 0.0926395939086294 0.0203045685279188
"derCor" 0.0799492385786802 0.0393401015228426 0.0228426395939086 0.0279187817258883 0.0291878172588832 0.0355329949238579 0.0355329949238579 0 0.0444162436548223 0.0748730964467005 0.110406091370558 0.0317258883248731 0.0634517766497462 0.0736040609137056 0.142131979695431 0.0342639593908629 0.08248730964467 0.0291878172588832
"derMaw" 0.0939086294416244 0.0520304568527919 0.0558375634517767 0.0431472081218274 0.0444162436548223 0.050761421319797 0.050761421319797 0.0444162436548223 0 0.0901015228426396 0.120558375634518 0.0444162436548223 0.0774111675126904 0.0875634517766497 0.143401015228426 0.049492385786802 0.0913705583756345 0.0444162436548223
"emySub" 0.0964467005076142 0.0774111675126904 0.083756345177665 0.08248730964467 0.0723350253807107 0.08248730964467 0.08248730964467 0.0748730964467005 0.0901015228426396 0 0.149746192893401 0.0736040609137056 0.0393401015228426 0.0583756345177665 0.148477157360406 0.0761421319796954 0.0723350253807107 0.0736040609137056
"gopAga" 0.153553299492386 0.0888324873096447 0.115482233502538 0.110406091370558 0.0939086294416244 0.0901015228426396 0.0901015228426396 0.110406091370558 0.120558375634518 0.149746192893401 0 0.0964467005076142 0.139593908629442 0.152284263959391 0.192893401015228 0.101522842639594 0.156091370558376 0.0939086294416244
"malTer" 0.0799492385786802 0.0253807106598985 0.0431472081218274 0.0291878172588832 0.00761421319796954 0.0215736040609137 0.0228426395939086 0.0317258883248731 0.0444162436548223 0.0736040609137056 0.0964467005076142 0 0.067258883248731 0.0761421319796954 0.138324873096447 0.0228426395939086 0.0875634517766497 0.0050761421319797
"mesTub" 0.0850253807106599 0.0697969543147208 0.0647208121827411 0.0685279187817259 0.0634517766497462 0.0697969543147208 0.0697969543147208 0.0634517766497462 0.0774111675126904 0.0393401015228426 0.139593908629442 0.067258883248731 0 0.0520304568527919 0.145939086294416 0.0647208121827411 0.0621827411167513 0.0647208121827411
"pelCas" 0.0913705583756345 0.0774111675126904 0.08248730964467 0.0723350253807107 0.0748730964467005 0.08248730964467 0.0799492385786802 0.0736040609137056 0.0875634517766497 0.0583756345177665 0.152284263959391 0.0761421319796954 0.0520304568527919 0 0.152284263959391 0.0786802030456853 0.0393401015228426 0.0736040609137056
"pelSin" 0.125634517766497 0.137055837563452 0.151015228426396 0.138324873096447 0.134517766497462 0.137055837563452 0.134517766497462 0.142131979695431 0.143401015228426 0.148477157360406 0.192893401015228 0.138324873096447 0.145939086294416 0.152284263959391 0 0.135786802030457 0.163705583756345 0.135786802030457
"plaMeg" 0.0812182741116751 0.0355329949238579 0.0431472081218274 0.0291878172588832 0.0203045685279188 0.0266497461928934 0.0279187817258883 0.0342639593908629 0.049492385786802 0.0761421319796954 0.101522842639594 0.0228426395939086 0.0647208121827411 0.0786802030456853 0.135786802030457 0 0.0939086294416244 0.0203045685279188
"podExp" 0.0989847715736041 0.0862944162436548 0.0888324873096447 0.083756345177665 0.0850253807106599 0.0951776649746193 0.0926395939086294 0.08248730964467 0.0913705583756345 0.0723350253807107 0.156091370558376 0.0875634517766497 0.0621827411167513 0.0393401015228426 0.163705583756345 0.0939086294416244 0 0.0875634517766497
"terMex" 0.0774111675126904 0.0279187817258883 0.0406091370558376 0.0266497461928934 0.00761421319796954 0.0190355329949239 0.0203045685279188 0.0291878172588832 0.0444162436548223 0.0736040609137056 0.0939086294416244 0.0050761421319797 0.0647208121827411 0.0736040609137056 0.135786802030457 0.0203045685279188 0.0875634517766497 0
