"carIns" "cheAbi" "cheMyd" "cheSer" "chrPic" "cuoAmb" "cuoMcc" "derCor" "derMaw" "emySub" "gopAga" "malTer" "mesTub" "pelCas" "pelSin" "plaMeg" "podExp" "terMex"
"carIns" 0 0.0575980392156863 0.10906862745098 0.0514705882352941 0.0514705882352941 0.0502450980392157 0.0502450980392157 0.0563725490196078 0.0625 0.0502450980392157 0.053921568627451 0.0514705882352941 0.0600490196078431 0.0612745098039216 0.0784313725490196 0.053921568627451 0.0649509803921569 0.0502450980392157
"cheAbi" 0.0575980392156863 0 0.0882352941176471 0.0208333333333333 0.0147058823529412 0.00980392156862745 0.0122549019607843 0.0269607843137255 0.0269607843137255 0.0490196078431373 0.0147058823529412 0.0147058823529412 0.0526960784313725 0.0575980392156863 0.0735294117647059 0.0122549019607843 0.0612745098039216 0.0134803921568627
"cheMyd" 0.10906862745098 0.0882352941176471 0 0.0845588235294118 0.0882352941176471 0.0857843137254902 0.0882352941176471 0.0784313725490196 0.0894607843137255 0.0992647058823529 0.0894607843137255 0.0882352941176471 0.102941176470588 0.107843137254902 0.117647058823529 0.0906862745098039 0.10171568627451 0.0870098039215686
"cheSer" 0.0514705882352941 0.0208333333333333 0.0845588235294118 0 0.0159313725490196 0.0134803921568627 0.0159313725490196 0.0183823529411765 0.0208333333333333 0.0428921568627451 0.0196078431372549 0.0159313725490196 0.0465686274509804 0.0514705882352941 0.0698529411764706 0.0183823529411765 0.0526960784313725 0.0147058823529412
"chrPic" 0.0514705882352941 0.0147058823529412 0.0882352941176471 0.0159313725490196 0 0.00735294117647059 0.00980392156862745 0.0220588235294118 0.0245098039215686 0.0428921568627451 0.0134803921568627 0 0.0477941176470588 0.0514705882352941 0.0649509803921569 0.00735294117647059 0.0551470588235294 0.00122549019607843
"cuoAmb" 0.0502450980392157 0.00980392156862745 0.0857843137254902 0.0134803921568627 0.00735294117647059 0 0.00245098039215686 0.0196078431372549 0.0220588235294118 0.0416666666666667 0.00857843137254902 0.00735294117647059 0.045343137254902 0.0502450980392157 0.0661764705882353 0.00735294117647059 0.053921568627451 0.00612745098039216
"cuoMcc" 0.0502450980392157 0.0122549019607843 0.0882352941176471 0.0159313725490196 0.00980392156862745 0.00245098039215686 0 0.0220588235294118 0.0245098039215686 0.0416666666666667 0.0110294117647059 0.00980392156862745 0.045343137254902 0.0502450980392157 0.0661764705882353 0.00980392156862745 0.0563725490196078 0.00857843137254902
"derCor" 0.0563725490196078 0.0269607843137255 0.0784313725490196 0.0183823529411765 0.0220588235294118 0.0196078431372549 0.0220588235294118 0 0.0269607843137255 0.045343137254902 0.0257352941176471 0.0220588235294118 0.0502450980392157 0.0575980392156863 0.071078431372549 0.0245098039215686 0.0526960784313725 0.0208333333333333
"derMaw" 0.0625 0.0269607843137255 0.0894607843137255 0.0208333333333333 0.0245098039215686 0.0220588235294118 0.0245098039215686 0.0269607843137255 0 0.0514705882352941 0.0245098039215686 0.0245098039215686 0.0551470588235294 0.0625 0.0784313725490196 0.0269607843137255 0.0588235294117647 0.0232843137254902
"emySub" 0.0502450980392157 0.0490196078431373 0.0992647058823529 0.0428921568627451 0.0428921568627451 0.0416666666666667 0.0416666666666667 0.045343137254902 0.0514705882352941 0 0.045343137254902 0.0428921568627451 0.0232843137254902 0.0330882352941176 0.0747549019607843 0.045343137254902 0.0355392156862745 0.0416666666666667
"gopAga" 0.053921568627451 0.0147058823529412 0.0894607843137255 0.0196078431372549 0.0134803921568627 0.00857843137254902 0.0110294117647059 0.0257352941176471 0.0245098039215686 0.045343137254902 0 0.0134803921568627 0.0514705882352941 0.053921568627451 0.0723039215686275 0.0134803921568627 0.0600490196078431 0.0122549019607843
"malTer" 0.0514705882352941 0.0147058823529412 0.0882352941176471 0.0159313725490196 0 0.00735294117647059 0.00980392156862745 0.0220588235294118 0.0245098039215686 0.0428921568627451 0.0134803921568627 0 0.0477941176470588 0.0514705882352941 0.0649509803921569 0.00735294117647059 0.0551470588235294 0.00122549019607843
"mesTub" 0.0600490196078431 0.0526960784313725 0.102941176470588 0.0465686274509804 0.0477941176470588 0.045343137254902 0.045343137254902 0.0502450980392157 0.0551470588235294 0.0232843137254902 0.0514705882352941 0.0477941176470588 0 0.0416666666666667 0.0808823529411765 0.0502450980392157 0.0404411764705882 0.0465686274509804
"pelCas" 0.0612745098039216 0.0575980392156863 0.107843137254902 0.0514705882352941 0.0514705882352941 0.0502450980392157 0.0502450980392157 0.0575980392156863 0.0625 0.0330882352941176 0.053921568627451 0.0514705882352941 0.0416666666666667 0 0.0808823529411765 0.053921568627451 0.0441176470588235 0.0502450980392157
"pelSin" 0.0784313725490196 0.0735294117647059 0.117647058823529 0.0698529411764706 0.0649509803921569 0.0661764705882353 0.0661764705882353 0.071078431372549 0.0784313725490196 0.0747549019607843 0.0723039215686275 0.0649509803921569 0.0808823529411765 0.0808823529411765 0 0.0674019607843137 0.0808823529411765 0.0637254901960784
"plaMeg" 0.053921568627451 0.0122549019607843 0.0906862745098039 0.0183823529411765 0.00735294117647059 0.00735294117647059 0.00980392156862745 0.0245098039215686 0.0269607843137255 0.045343137254902 0.0134803921568627 0.00735294117647059 0.0502450980392157 0.053921568627451 0.0674019607843137 0 0.0575980392156863 0.00612745098039216
"podExp" 0.0649509803921569 0.0612745098039216 0.10171568627451 0.0526960784313725 0.0551470588235294 0.053921568627451 0.0563725490196078 0.0526960784313725 0.0588235294117647 0.0355392156862745 0.0600490196078431 0.0551470588235294 0.0404411764705882 0.0441176470588235 0.0808823529411765 0.0575980392156863 0 0.053921568627451
"terMex" 0.0502450980392157 0.0134803921568627 0.0870098039215686 0.0147058823529412 0.00122549019607843 0.00612745098039216 0.00857843137254902 0.0208333333333333 0.0232843137254902 0.0416666666666667 0.0122549019607843 0.00122549019607843 0.0465686274509804 0.0502450980392157 0.0637254901960784 0.00612745098039216 0.053921568627451 0
