"carIns" "cheAbi" "cheMyd" "cheSer" "chrPic" "cuoAmb" "cuoMcc" "derCor" "derMaw" "emySub" "gopAga" "malTer" "pelCas" "pelSin" "plaMeg" "podExp" "terMex"
"carIns" 0 0.12792511700468 0.12792511700468 0.12792511700468 0.123244929797192 0.124804992199688 0.12792511700468 0.134165366614665 0.146645865834633 0.149765990639626 0.129485179407176 0.274570982839314 0.166926677067083 0.294851794071763 0.121684867394696 0.177847113884555 0.126365054602184
"cheAbi" 0.12792511700468 0 0.0249609984399376 0.0249609984399376 0.0202808112324493 0.0140405616224649 0.0140405616224649 0.0358814352574103 0.0717628705148206 0.0717628705148206 0.0109204368174727 0.19188767550702 0.117004680187207 0.234009360374415 0.0249609984399376 0.134165366614665 0.0234009360374415
"cheMyd" 0.12792511700468 0.0249609984399376 0 0.0234009360374415 0.0171606864274571 0.0265210608424337 0.0265210608424337 0.0234009360374415 0.0686427457098284 0.0702028081123245 0.0296411856474259 0.18408736349454 0.113884555382215 0.230889235569423 0.0218408736349454 0.129485179407176 0.0202808112324493
"cheSer" 0.12792511700468 0.0249609984399376 0.0234009360374415 0 0.0187207488299532 0.0249609984399376 0.0249609984399376 0.0343213728549142 0.0639625585023401 0.0670826833073323 0.0296411856474259 0.188767550702028 0.110764430577223 0.230889235569423 0.0234009360374415 0.131045241809672 0.0218408736349454
"chrPic" 0.123244929797192 0.0202808112324493 0.0171606864274571 0.0187207488299532 0 0.0218408736349454 0.0218408736349454 0.0280811232449298 0.0639625585023401 0.0655226209048362 0.0218408736349454 0.176287051482059 0.112324492979719 0.226209048361934 0.0171606864274571 0.126365054602184 0.0093603744149766
"cuoAmb" 0.124804992199688 0.0140405616224649 0.0265210608424337 0.0249609984399376 0.0218408736349454 0 0.0031201248049922 0.0374414976599064 0.0702028081123245 0.0717628705148206 0.0187207488299532 0.193447737909516 0.117004680187207 0.234009360374415 0.0265210608424337 0.131045241809672 0.0249609984399376
"cuoMcc" 0.12792511700468 0.0140405616224649 0.0265210608424337 0.0249609984399376 0.0218408736349454 0.0031201248049922 0 0.0374414976599064 0.0702028081123245 0.0717628705148206 0.0187207488299532 0.193447737909516 0.117004680187207 0.234009360374415 0.0265210608424337 0.134165366614665 0.0249609984399376
"derCor" 0.134165366614665 0.0358814352574103 0.0234009360374415 0.0343213728549142 0.0280811232449298 0.0374414976599064 0.0374414976599064 0 0.0717628705148206 0.0811232449297972 0.0374414976599064 0.193447737909516 0.123244929797192 0.232449297971919 0.0327613104524181 0.138845553822153 0.031201248049922
"derMaw" 0.146645865834633 0.0717628705148206 0.0686427457098284 0.0639625585023401 0.0639625585023401 0.0702028081123245 0.0702028081123245 0.0717628705148206 0 0.104524180967239 0.0748829953198128 0.229329173166927 0.12792511700468 0.263650546021841 0.0686427457098284 0.149765990639626 0.0670826833073323
"emySub" 0.149765990639626 0.0717628705148206 0.0702028081123245 0.0670826833073323 0.0655226209048362 0.0717628705148206 0.0717628705148206 0.0811232449297972 0.104524180967239 0 0.0764430577223089 0.221528861154446 0.106084243369735 0.254290171606864 0.0702028081123245 0.112324492979719 0.0686427457098284
"gopAga" 0.129485179407176 0.0109204368174727 0.0296411856474259 0.0296411856474259 0.0218408736349454 0.0187207488299532 0.0187207488299532 0.0374414976599064 0.0748829953198128 0.0764430577223089 0 0.19188767550702 0.1201248049922 0.235569422776911 0.0296411856474259 0.135725429017161 0.0249609984399376
"malTer" 0.274570982839314 0.19188767550702 0.18408736349454 0.188767550702028 0.176287051482059 0.193447737909516 0.193447737909516 0.193447737909516 0.229329173166927 0.221528861154446 0.19188767550702 0 0.269890795631825 0.365054602184087 0.188767550702028 0.280811232449298 0.179407176287051
"pelCas" 0.166926677067083 0.117004680187207 0.113884555382215 0.110764430577223 0.112324492979719 0.117004680187207 0.117004680187207 0.123244929797192 0.12792511700468 0.106084243369735 0.1201248049922 0.269890795631825 0 0.27613104524181 0.113884555382215 0.109204368174727 0.113884555382215
"pelSin" 0.294851794071763 0.234009360374415 0.230889235569423 0.230889235569423 0.226209048361934 0.234009360374415 0.234009360374415 0.232449297971919 0.263650546021841 0.254290171606864 0.235569422776911 0.365054602184087 0.27613104524181 0 0.226209048361934 0.293291731669267 0.227769110764431
"plaMeg" 0.121684867394696 0.0249609984399376 0.0218408736349454 0.0234009360374415 0.0171606864274571 0.0265210608424337 0.0265210608424337 0.0327613104524181 0.0686427457098284 0.0702028081123245 0.0296411856474259 0.188767550702028 0.113884555382215 0.226209048361934 0 0.12792511700468 0.0202808112324493
"podExp" 0.177847113884555 0.134165366614665 0.129485179407176 0.131045241809672 0.126365054602184 0.131045241809672 0.134165366614665 0.138845553822153 0.149765990639626 0.112324492979719 0.135725429017161 0.280811232449298 0.109204368174727 0.293291731669267 0.12792511700468 0 0.126365054602184
"terMex" 0.126365054602184 0.0234009360374415 0.0202808112324493 0.0218408736349454 0.0093603744149766 0.0249609984399376 0.0249609984399376 0.031201248049922 0.0670826833073323 0.0686427457098284 0.0249609984399376 0.179407176287051 0.113884555382215 0.227769110764431 0.0202808112324493 0.126365054602184 0
