"carIns" "cheAbi" "cheMyd" "cheSer" "chrPic" "cuoAmb" "cuoMcc" "derCor" "derMaw" "emySub" "gopAga" "malTer" "mesTub" "pelCas" "pelSin" "plaMeg" "podExp" "terMex"
"carIns" 0 0.0612009237875289 0.0658198614318707 0.0681293302540416 0.0612009237875289 0.302540415704388 0.0658198614318707 0.0727482678983834 0.0877598152424942 0.0773672055427252 0.0635103926096998 0.0612009237875289 0.214780600461894 0.092378752886836 0.133949191685912 0.0623556581986143 0.092378752886836 0.058891454965358
"cheAbi" 0.0612009237875289 0 0.0323325635103926 0.0427251732101617 0.0242494226327945 0.271362586605081 0.0219399538106236 0.0450346420323326 0.058891454965358 0.0635103926096998 0.0184757505773672 0.0254041570438799 0.20554272517321 0.069284064665127 0.115473441108545 0.0242494226327945 0.0715935334872979 0.023094688221709
"cheMyd" 0.0658198614318707 0.0323325635103926 0 0.0265588914549654 0.0242494226327945 0.275981524249423 0.0300230946882217 0.0242494226327945 0.0519630484988453 0.0600461893764434 0.0323325635103926 0.0254041570438799 0.210161662817552 0.0704387990762125 0.11431870669746 0.023094688221709 0.0727482678983834 0.0242494226327945
"cheSer" 0.0681293302540416 0.0427251732101617 0.0265588914549654 0 0.035796766743649 0.28175519630485 0.0404157043879908 0.0381062355658199 0.058891454965358 0.0635103926096998 0.0404157043879908 0.035796766743649 0.209006928406467 0.0715935334872979 0.118937644341801 0.0334872979214781 0.0739030023094688 0.0346420323325635
"chrPic" 0.0612009237875289 0.0242494226327945 0.0242494226327945 0.035796766743649 0 0.277136258660508 0.0265588914549654 0.0381062355658199 0.0542725173210162 0.0565819861431871 0.0254041570438799 0.0103926096997691 0.206697459584296 0.0669745958429561 0.113163972286374 0.0161662817551963 0.0681293302540416 0.01270207852194
"cuoAmb" 0.302540415704388 0.271362586605081 0.275981524249423 0.28175519630485 0.277136258660508 0 0.266743648960739 0.285219399538106 0.299076212471132 0.296766743648961 0.272517321016166 0.279445727482679 0.329099307159353 0.310623556581986 0.347575057736721 0.274826789838337 0.306004618937644 0.272517321016166
"cuoMcc" 0.0658198614318707 0.0219399538106236 0.0300230946882217 0.0404157043879908 0.0265588914549654 0.266743648960739 0 0.0450346420323326 0.058891454965358 0.0623556581986143 0.0207852193995381 0.0277136258660508 0.211316397228637 0.0739030023094688 0.115473441108545 0.0242494226327945 0.0739030023094688 0.0254041570438799
"derCor" 0.0727482678983834 0.0450346420323326 0.0242494226327945 0.0381062355658199 0.0381062355658199 0.285219399538106 0.0450346420323326 0 0.0612009237875289 0.069284064665127 0.046189376443418 0.0392609699769053 0.214780600461894 0.081986143187067 0.1270207852194 0.0381062355658199 0.0808314087759815 0.0392609699769053
"derMaw" 0.0877598152424942 0.058891454965358 0.0519630484988453 0.058891454965358 0.0542725173210162 0.299076212471132 0.058891454965358 0.0612009237875289 0 0.0831408775981524 0.0600461893764434 0.0554272517321016 0.229792147806005 0.0946882217090069 0.120092378752887 0.0519630484988453 0.0958429561200924 0.0508083140877598
"emySub" 0.0773672055427252 0.0635103926096998 0.0600461893764434 0.0635103926096998 0.0565819861431871 0.296766743648961 0.0623556581986143 0.069284064665127 0.0831408775981524 0 0.0623556581986143 0.0554272517321016 0.193995381062356 0.0658198614318707 0.122401847575058 0.0542725173210162 0.0715935334872979 0.0554272517321016
"gopAga" 0.0635103926096998 0.0184757505773672 0.0323325635103926 0.0404157043879908 0.0254041570438799 0.272517321016166 0.0207852193995381 0.046189376443418 0.0600461893764434 0.0623556581986143 0 0.0265588914549654 0.209006928406467 0.0727482678983834 0.120092378752887 0.0254041570438799 0.0739030023094688 0.0242494226327945
"malTer" 0.0612009237875289 0.0254041570438799 0.0254041570438799 0.035796766743649 0.0103926096997691 0.279445727482679 0.0277136258660508 0.0392609699769053 0.0554272517321016 0.0554272517321016 0.0265588914549654 0 0.209006928406467 0.0681293302540416 0.11431870669746 0.0173210161662818 0.069284064665127 0.0161662817551963
"mesTub" 0.214780600461894 0.20554272517321 0.210161662817552 0.209006928406467 0.206697459584296 0.329099307159353 0.211316397228637 0.214780600461894 0.229792147806005 0.193995381062356 0.209006928406467 0.209006928406467 0 0.213625866050808 0.262124711316397 0.203233256351039 0.226327944572748 0.204387990762125
"pelCas" 0.092378752886836 0.069284064665127 0.0704387990762125 0.0715935334872979 0.0669745958429561 0.310623556581986 0.0739030023094688 0.081986143187067 0.0946882217090069 0.0658198614318707 0.0727482678983834 0.0681293302540416 0.213625866050808 0 0.1270207852194 0.0635103926096998 0.0612009237875289 0.0658198614318707
"pelSin" 0.133949191685912 0.115473441108545 0.11431870669746 0.118937644341801 0.113163972286374 0.347575057736721 0.115473441108545 0.1270207852194 0.120092378752887 0.122401847575058 0.120092378752887 0.11431870669746 0.262124711316397 0.1270207852194 0 0.113163972286374 0.136258660508083 0.112009237875289
"plaMeg" 0.0623556581986143 0.0242494226327945 0.023094688221709 0.0334872979214781 0.0161662817551963 0.274826789838337 0.0242494226327945 0.0381062355658199 0.0519630484988453 0.0542725173210162 0.0254041570438799 0.0173210161662818 0.203233256351039 0.0635103926096998 0.113163972286374 0 0.0635103926096998 0.0150115473441109
"podExp" 0.092378752886836 0.0715935334872979 0.0727482678983834 0.0739030023094688 0.0681293302540416 0.306004618937644 0.0739030023094688 0.0808314087759815 0.0958429561200924 0.0715935334872979 0.0739030023094688 0.069284064665127 0.226327944572748 0.0612009237875289 0.136258660508083 0.0635103926096998 0 0.0669745958429561
"terMex" 0.058891454965358 0.023094688221709 0.0242494226327945 0.0346420323325635 0.01270207852194 0.272517321016166 0.0254041570438799 0.0392609699769053 0.0508083140877598 0.0554272517321016 0.0242494226327945 0.0161662817551963 0.204387990762125 0.0658198614318707 0.112009237875289 0.0150115473441109 0.0669745958429561 0
