"carIns" "cheAbi" "cheMyd" "cheSer" "chrPic" "cuoMcc" "derCor" "derMaw" "emySub" "gopAga" "malTer" "mesTub" "pelCas" "pelSin" "plaMeg" "podExp" "terMex"
"carIns" 0 0.133906633906634 0.116707616707617 0.122850122850123 0.109336609336609 0.104422604422604 0.121621621621622 0.131449631449631 0.137592137592138 0.152334152334152 0.111793611793612 0.146191646191646 0.187960687960688 0.131449631449631 0.111793611793612 0.176904176904177 0.108108108108108
"cheAbi" 0.133906633906634 0 0.0847665847665848 0.0737100737100737 0.0712530712530713 0.0552825552825553 0.0847665847665848 0.108108108108108 0.126535626535627 0.0491400491400491 0.0761670761670762 0.133906633906634 0.187960687960688 0.141277641277641 0.07002457002457 0.168304668304668 0.0601965601965602
"cheMyd" 0.116707616707617 0.0847665847665848 0 0.0552825552825553 0.0491400491400491 0.0577395577395577 0.0393120393120393 0.0835380835380835 0.0982800982800983 0.106879606879607 0.0540540540540541 0.109336609336609 0.156019656019656 0.119164619164619 0.0466830466830467 0.131449631449631 0.042997542997543
"cheSer" 0.122850122850123 0.0737100737100737 0.0552825552825553 0 0.0528255528255528 0.0466830466830467 0.058968058968059 0.0823095823095823 0.097051597051597 0.0982800982800983 0.0565110565110565 0.109336609336609 0.162162162162162 0.13022113022113 0.0405405405405405 0.14987714987715 0.0393120393120393
"chrPic" 0.109336609336609 0.0712530712530713 0.0491400491400491 0.0528255528255528 0 0.0405405405405405 0.0614250614250614 0.0847665847665848 0.100737100737101 0.0945945945945946 0.0085995085995086 0.106879606879607 0.157248157248157 0.116707616707617 0.0319410319410319 0.143734643734644 0.0257985257985258
"cuoMcc" 0.104422604422604 0.0552825552825553 0.0577395577395577 0.0466830466830467 0.0405405405405405 0 0.0614250614250614 0.0835380835380835 0.0995085995085995 0.0810810810810811 0.0417690417690418 0.109336609336609 0.164619164619165 0.111793611793612 0.0393120393120393 0.143734643734644 0.0319410319410319
"derCor" 0.121621621621622 0.0847665847665848 0.0393120393120393 0.058968058968059 0.0614250614250614 0.0614250614250614 0 0.0896805896805897 0.103194103194103 0.105651105651106 0.0663390663390663 0.114250614250614 0.160933660933661 0.121621621621622 0.0552825552825553 0.146191646191646 0.0515970515970516
"derMaw" 0.131449631449631 0.108108108108108 0.0835380835380835 0.0823095823095823 0.0847665847665848 0.0835380835380835 0.0896805896805897 0 0.12039312039312 0.125307125307125 0.0872235872235872 0.128992628992629 0.173218673218673 0.14987714987715 0.0786240786240786 0.151105651105651 0.0712530712530713
"emySub" 0.137592137592138 0.126535626535627 0.0982800982800983 0.097051597051597 0.100737100737101 0.0995085995085995 0.103194103194103 0.12039312039312 0 0.144963144963145 0.103194103194103 0.0687960687960688 0.143734643734644 0.14004914004914 0.0945945945945946 0.126535626535627 0.0945945945945946
"gopAga" 0.152334152334152 0.0491400491400491 0.106879606879607 0.0982800982800983 0.0945945945945946 0.0810810810810811 0.105651105651106 0.125307125307125 0.144963144963145 0 0.0982800982800983 0.147420147420147 0.2002457002457 0.157248157248157 0.0921375921375921 0.179361179361179 0.0847665847665848
"malTer" 0.111793611793612 0.0761670761670762 0.0540540540540541 0.0565110565110565 0.0085995085995086 0.0417690417690418 0.0663390663390663 0.0872235872235872 0.103194103194103 0.0982800982800983 0 0.109336609336609 0.163390663390663 0.117936117936118 0.0356265356265356 0.144963144963145 0.0294840294840295
"mesTub" 0.146191646191646 0.133906633906634 0.109336609336609 0.109336609336609 0.106879606879607 0.109336609336609 0.114250614250614 0.128992628992629 0.0687960687960688 0.147420147420147 0.109336609336609 0 0.14987714987715 0.15970515970516 0.100737100737101 0.132678132678133 0.101965601965602
"pelCas" 0.187960687960688 0.187960687960688 0.156019656019656 0.162162162162162 0.157248157248157 0.164619164619165 0.160933660933661 0.173218673218673 0.143734643734644 0.2002457002457 0.163390663390663 0.14987714987715 0 0.181818181818182 0.158476658476658 0.143734643734644 0.154791154791155
"pelSin" 0.131449631449631 0.141277641277641 0.119164619164619 0.13022113022113 0.116707616707617 0.111793611793612 0.121621621621622 0.14987714987715 0.14004914004914 0.157248157248157 0.117936117936118 0.15970515970516 0.181818181818182 0 0.121621621621622 0.179361179361179 0.115479115479115
"plaMeg" 0.111793611793612 0.07002457002457 0.0466830466830467 0.0405405405405405 0.0319410319410319 0.0393120393120393 0.0552825552825553 0.0786240786240786 0.0945945945945946 0.0921375921375921 0.0356265356265356 0.100737100737101 0.158476658476658 0.121621621621622 0 0.141277641277641 0.0257985257985258
"podExp" 0.176904176904177 0.168304668304668 0.131449631449631 0.14987714987715 0.143734643734644 0.143734643734644 0.146191646191646 0.151105651105651 0.126535626535627 0.179361179361179 0.144963144963145 0.132678132678133 0.143734643734644 0.179361179361179 0.141277641277641 0 0.136363636363636
"terMex" 0.108108108108108 0.0601965601965602 0.042997542997543 0.0393120393120393 0.0257985257985258 0.0319410319410319 0.0515970515970516 0.0712530712530713 0.0945945945945946 0.0847665847665848 0.0294840294840295 0.101965601965602 0.154791154791155 0.115479115479115 0.0257985257985258 0.136363636363636 0
