"carIns" "cheAbi" "cheMyd" "cheSer" "chrPic" "cuoMcc" "derCor" "derMaw" "emySub" "gopAga" "malTer" "mesTub" "pelCas" "pelSin" "plaMeg" "podExp" "terMex"
"carIns" 0 0.0704070407040704 0.0594059405940594 0.134213421342134 0.0517051705170517 0.11001100110011 0.0583058305830583 0.0572057205720572 0.0627062706270627 0.0682068206820682 0.0506050605060506 0.0671067106710671 0.0737073707370737 0.077007700770077 0.0594059405940594 0.101210121012101 0.0539053905390539
"cheAbi" 0.0704070407040704 0 0.0352035203520352 0.121012101210121 0.0297029702970297 0.0616061606160616 0.0451045104510451 0.0473047304730473 0.0616061606160616 0.011001100110011 0.0308030803080308 0.0693069306930693 0.0704070407040704 0.0682068206820682 0.0374037403740374 0.102310231023102 0.0319031903190319
"cheMyd" 0.0594059405940594 0.0352035203520352 0 0.104510451045105 0.0297029702970297 0.077007700770077 0.0275027502750275 0.0352035203520352 0.0517051705170517 0.033003300330033 0.0308030803080308 0.0572057205720572 0.0638063806380638 0.0671067106710671 0.0374037403740374 0.0946094609460946 0.0319031903190319
"cheSer" 0.134213421342134 0.121012101210121 0.104510451045105 0 0.104510451045105 0.161716171617162 0.11001100110011 0.107810781078108 0.124312431243124 0.118811881188119 0.105610561056106 0.12981298129813 0.138613861386139 0.14961496149615 0.11001100110011 0.166116611661166 0.104510451045105
"chrPic" 0.0517051705170517 0.0297029702970297 0.0297029702970297 0.104510451045105 0 0.0715071507150715 0.0308030803080308 0.0286028602860286 0.0407040704070407 0.0275027502750275 0.0011001100110011 0.0462046204620462 0.0506050605060506 0.066006600660066 0.0143014301430143 0.0847084708470847 0.0088008800880088
"cuoMcc" 0.11001100110011 0.0616061606160616 0.077007700770077 0.161716171617162 0.0715071507150715 0 0.0847084708470847 0.088008800880088 0.1001100110011 0.0594059405940594 0.0726072607260726 0.107810781078108 0.11001100110011 0.102310231023102 0.0792079207920792 0.143014301430143 0.0737073707370737
"derCor" 0.0583058305830583 0.0451045104510451 0.0275027502750275 0.11001100110011 0.0308030803080308 0.0847084708470847 0 0.0352035203520352 0.0517051705170517 0.0429042904290429 0.0319031903190319 0.0594059405940594 0.0627062706270627 0.0726072607260726 0.0385038503850385 0.0913091309130913 0.0319031903190319
"derMaw" 0.0572057205720572 0.0473047304730473 0.0352035203520352 0.107810781078108 0.0286028602860286 0.088008800880088 0.0352035203520352 0 0.0462046204620462 0.0451045104510451 0.0297029702970297 0.055005500550055 0.0572057205720572 0.077007700770077 0.0319031903190319 0.0913091309130913 0.0308030803080308
"emySub" 0.0627062706270627 0.0616061606160616 0.0517051705170517 0.124312431243124 0.0407040704070407 0.1001100110011 0.0517051705170517 0.0462046204620462 0 0.0594059405940594 0.0396039603960396 0.0253025302530253 0.0418041804180418 0.0814081408140814 0.0462046204620462 0.0715071507150715 0.0429042904290429
"gopAga" 0.0682068206820682 0.011001100110011 0.033003300330033 0.118811881188119 0.0275027502750275 0.0594059405940594 0.0429042904290429 0.0451045104510451 0.0594059405940594 0 0.0286028602860286 0.0671067106710671 0.0682068206820682 0.066006600660066 0.0352035203520352 0.099009900990099 0.0297029702970297
"malTer" 0.0506050605060506 0.0308030803080308 0.0308030803080308 0.105610561056106 0.0011001100110011 0.0726072607260726 0.0319031903190319 0.0297029702970297 0.0396039603960396 0.0286028602860286 0 0.0473047304730473 0.0517051705170517 0.0671067106710671 0.0154015401540154 0.0858085808580858 0.0099009900990099
"mesTub" 0.0671067106710671 0.0693069306930693 0.0572057205720572 0.12981298129813 0.0462046204620462 0.107810781078108 0.0594059405940594 0.055005500550055 0.0253025302530253 0.0671067106710671 0.0473047304730473 0 0.0462046204620462 0.0803080308030803 0.0517051705170517 0.0781078107810781 0.0484048404840484
"pelCas" 0.0737073707370737 0.0704070407040704 0.0638063806380638 0.138613861386139 0.0506050605060506 0.11001100110011 0.0627062706270627 0.0572057205720572 0.0418041804180418 0.0682068206820682 0.0517051705170517 0.0462046204620462 0 0.0869086908690869 0.0528052805280528 0.0671067106710671 0.0528052805280528
"pelSin" 0.077007700770077 0.0682068206820682 0.0671067106710671 0.14961496149615 0.066006600660066 0.102310231023102 0.0726072607260726 0.077007700770077 0.0814081408140814 0.066006600660066 0.0671067106710671 0.0803080308030803 0.0869086908690869 0 0.0726072607260726 0.114411441144114 0.0682068206820682
"plaMeg" 0.0594059405940594 0.0374037403740374 0.0374037403740374 0.11001100110011 0.0143014301430143 0.0792079207920792 0.0385038503850385 0.0319031903190319 0.0462046204620462 0.0352035203520352 0.0154015401540154 0.0517051705170517 0.0528052805280528 0.0726072607260726 0 0.0891089108910891 0.0165016501650165
"podExp" 0.101210121012101 0.102310231023102 0.0946094609460946 0.166116611661166 0.0847084708470847 0.143014301430143 0.0913091309130913 0.0913091309130913 0.0715071507150715 0.099009900990099 0.0858085808580858 0.0781078107810781 0.0671067106710671 0.114411441144114 0.0891089108910891 0 0.0869086908690869
"terMex" 0.0539053905390539 0.0319031903190319 0.0319031903190319 0.104510451045105 0.0088008800880088 0.0737073707370737 0.0319031903190319 0.0308030803080308 0.0429042904290429 0.0297029702970297 0.0099009900990099 0.0484048404840484 0.0528052805280528 0.0682068206820682 0.0165016501650165 0.0869086908690869 0
