"cheAbi" "chrPic" "cuoAmb" "cuoMcc" "derCor" "derMaw" "emySub" "gopAga" "mesTub" "pelCas" "plaMeg" "terMex"
"cheAbi" 0 0.0174603174603175 0.0142857142857143 0.0126984126984127 0.182539682539683 0.0301587301587302 0.0571428571428571 0.026984126984127 0.0936507936507937 0.176190476190476 0.0174603174603175 0.0158730158730159
"chrPic" 0.0174603174603175 0 0.0142857142857143 0.0142857142857143 0.182539682539683 0.0238095238095238 0.0555555555555556 0.0253968253968254 0.0857142857142857 0.174603174603175 0.00952380952380952 0.00476190476190476
"cuoAmb" 0.0142857142857143 0.0142857142857143 0 0.00634920634920635 0.180952380952381 0.0285714285714286 0.0555555555555556 0.026984126984127 0.0904761904761905 0.176190476190476 0.0158730158730159 0.0126984126984127
"cuoMcc" 0.0126984126984127 0.0142857142857143 0.00634920634920635 0 0.179365079365079 0.026984126984127 0.053968253968254 0.0238095238095238 0.0904761904761905 0.174603174603175 0.0142857142857143 0.0126984126984127
"derCor" 0.182539682539683 0.182539682539683 0.180952380952381 0.179365079365079 0 0.182539682539683 0.207936507936508 0.180952380952381 0.23968253968254 0.284126984126984 0.184126984126984 0.182539682539683
"derMaw" 0.0301587301587302 0.0238095238095238 0.0285714285714286 0.026984126984127 0.182539682539683 0 0.0571428571428571 0.0380952380952381 0.0952380952380952 0.179365079365079 0.0222222222222222 0.0206349206349206
"emySub" 0.0571428571428571 0.0555555555555556 0.0555555555555556 0.053968253968254 0.207936507936508 0.0571428571428571 0 0.0619047619047619 0.0523809523809524 0.150793650793651 0.053968253968254 0.0507936507936508
"gopAga" 0.026984126984127 0.0253968253968254 0.026984126984127 0.0238095238095238 0.180952380952381 0.0380952380952381 0.0619047619047619 0 0.0984126984126984 0.179365079365079 0.0285714285714286 0.026984126984127
"mesTub" 0.0936507936507937 0.0857142857142857 0.0904761904761905 0.0904761904761905 0.23968253968254 0.0952380952380952 0.0523809523809524 0.0984126984126984 0 0.13968253968254 0.0873015873015873 0.080952380952381
"pelCas" 0.176190476190476 0.174603174603175 0.176190476190476 0.174603174603175 0.284126984126984 0.179365079365079 0.150793650793651 0.179365079365079 0.13968253968254 0 0.174603174603175 0.173015873015873
"plaMeg" 0.0174603174603175 0.00952380952380952 0.0158730158730159 0.0142857142857143 0.184126984126984 0.0222222222222222 0.053968253968254 0.0285714285714286 0.0873015873015873 0.174603174603175 0 0.00793650793650794
"terMex" 0.0158730158730159 0.00476190476190476 0.0126984126984127 0.0126984126984127 0.182539682539683 0.0206349206349206 0.0507936507936508 0.026984126984127 0.080952380952381 0.173015873015873 0.00793650793650794 0
