"carIns" "cheAbi" "cheMyd" "cheSer" "chrPic" "cuoAmb" "cuoMcc" "derCor" "derMaw" "emySub" "gopAga" "malTer" "mesTub" "pelCas" "pelSin" "plaMeg" "podExp" "terMex"
"carIns" 0 0.110953058321479 0.0881934566145093 0.0881934566145093 0.0938833570412518 0.115220483641536 0.0938833570412518 0.227596017069701 0.096728307254623 0.096728307254623 0.0881934566145093 0.0953058321479374 0.10099573257468 0.136557610241821 0.112375533428165 0.0896159317211949 0.122332859174964 0.0924608819345661
"cheAbi" 0.110953058321479 0 0.0668563300142248 0.0654338549075391 0.0526315789473684 0.0298719772403983 0.0455192034139403 0.199146514935989 0.0725462304409673 0.0867709815078236 0.0355618776671408 0.0540540540540541 0.0881934566145093 0.115220483641536 0.102418207681366 0.0455192034139403 0.105263157894737 0.0483641536273115
"cheMyd" 0.0881934566145093 0.0668563300142248 0 0.0412517780938834 0.0455192034139403 0.0654338549075391 0.0455192034139403 0.172119487908962 0.0526315789473684 0.0540540540540541 0.0440967283072546 0.0469416785206259 0.058321479374111 0.0995732574679943 0.0881934566145093 0.0384068278805121 0.0881934566145093 0.0384068278805121
"cheSer" 0.0881934566145093 0.0654338549075391 0.0412517780938834 0 0.0298719772403983 0.058321479374111 0.0369843527738265 0.183499288762447 0.0469416785206259 0.0554765291607397 0.0440967283072546 0.0312944523470839 0.0540540540540541 0.096728307254623 0.0810810810810811 0.0256045519203414 0.0881934566145093 0.0284495021337127
"chrPic" 0.0938833570412518 0.0526315789473684 0.0455192034139403 0.0298719772403983 0 0.0483641536273115 0.0327169274537696 0.182076813655761 0.0469416785206259 0.0625889046941678 0.0341394025604552 0.00711237553342817 0.0625889046941678 0.102418207681366 0.0796586059743954 0.0184921763869132 0.0910384068278805 0.015647226173542
"cuoAmb" 0.115220483641536 0.0298719772403983 0.0654338549075391 0.058321479374111 0.0483641536273115 0 0.027027027027027 0.199146514935989 0.0682788051209104 0.0839260312944523 0.042674253200569 0.0497866287339972 0.0825035561877667 0.112375533428165 0.0981507823613087 0.0412517780938834 0.0995732574679943 0.0440967283072546
"cuoMcc" 0.0938833570412518 0.0455192034139403 0.0455192034139403 0.0369843527738265 0.0327169274537696 0.027027027027027 0 0.190611664295875 0.0469416785206259 0.0625889046941678 0.0241820768136558 0.0341394025604552 0.0640113798008535 0.10099573257468 0.0768136557610242 0.0227596017069701 0.0839260312944523 0.0284495021337127
"derCor" 0.227596017069701 0.199146514935989 0.172119487908962 0.183499288762447 0.182076813655761 0.199146514935989 0.190611664295875 0 0.189189189189189 0.197724039829303 0.186344238975818 0.183499288762447 0.206258890469417 0.216216216216216 0.22475106685633 0.177809388335704 0.220483641536273 0.176386913229019
"derMaw" 0.096728307254623 0.0725462304409673 0.0526315789473684 0.0469416785206259 0.0469416785206259 0.0682788051209104 0.0469416785206259 0.189189189189189 0 0.0725462304409673 0.0512091038406828 0.0512091038406828 0.0768136557610242 0.116642958748222 0.0881934566145093 0.042674253200569 0.0924608819345661 0.042674253200569
"emySub" 0.096728307254623 0.0867709815078236 0.0540540540540541 0.0554765291607397 0.0625889046941678 0.0839260312944523 0.0625889046941678 0.197724039829303 0.0725462304409673 0 0.0640113798008535 0.0654338549075391 0.0398293029871977 0.085348506401138 0.0896159317211949 0.0568990042674253 0.0825035561877667 0.0597439544807966
"gopAga" 0.0881934566145093 0.0355618776671408 0.0440967283072546 0.0440967283072546 0.0341394025604552 0.042674253200569 0.0241820768136558 0.186344238975818 0.0512091038406828 0.0640113798008535 0 0.0341394025604552 0.0640113798008535 0.102418207681366 0.0782361308677098 0.0241820768136558 0.0881934566145093 0.0298719772403983
"malTer" 0.0953058321479374 0.0540540540540541 0.0469416785206259 0.0312944523470839 0.00711237553342817 0.0497866287339972 0.0341394025604552 0.183499288762447 0.0512091038406828 0.0654338549075391 0.0341394025604552 0 0.0668563300142248 0.106685633001422 0.0768136557610242 0.0199146514935989 0.0924608819345661 0.0170697012802276
"mesTub" 0.10099573257468 0.0881934566145093 0.058321479374111 0.0540540540540541 0.0625889046941678 0.0825035561877667 0.0640113798008535 0.206258890469417 0.0768136557610242 0.0398293029871977 0.0640113798008535 0.0668563300142248 0 0.0825035561877667 0.0924608819345661 0.058321479374111 0.0825035561877667 0.0611664295874822
"pelCas" 0.136557610241821 0.115220483641536 0.0995732574679943 0.096728307254623 0.102418207681366 0.112375533428165 0.10099573257468 0.216216216216216 0.116642958748222 0.085348506401138 0.102418207681366 0.106685633001422 0.0825035561877667 0 0.13371266002845 0.0995732574679943 0.0938833570412518 0.10099573257468
"pelSin" 0.112375533428165 0.102418207681366 0.0881934566145093 0.0810810810810811 0.0796586059743954 0.0981507823613087 0.0768136557610242 0.22475106685633 0.0881934566145093 0.0896159317211949 0.0782361308677098 0.0768136557610242 0.0924608819345661 0.13371266002845 0 0.0739687055476529 0.118065433854908 0.0753911806543385
"plaMeg" 0.0896159317211949 0.0455192034139403 0.0384068278805121 0.0256045519203414 0.0184921763869132 0.0412517780938834 0.0227596017069701 0.177809388335704 0.042674253200569 0.0568990042674253 0.0241820768136558 0.0199146514935989 0.058321479374111 0.0995732574679943 0.0739687055476529 0 0.0839260312944523 0.0142247510668563
"podExp" 0.122332859174964 0.105263157894737 0.0881934566145093 0.0881934566145093 0.0910384068278805 0.0995732574679943 0.0839260312944523 0.220483641536273 0.0924608819345661 0.0825035561877667 0.0881934566145093 0.0924608819345661 0.0825035561877667 0.0938833570412518 0.118065433854908 0.0839260312944523 0 0.0839260312944523
"terMex" 0.0924608819345661 0.0483641536273115 0.0384068278805121 0.0284495021337127 0.015647226173542 0.0440967283072546 0.0284495021337127 0.176386913229019 0.042674253200569 0.0597439544807966 0.0298719772403983 0.0170697012802276 0.0611664295874822 0.10099573257468 0.0753911806543385 0.0142247510668563 0.0839260312944523 0
