"carIns" "cheAbi" "cheMyd" "cheSer" "chrPic" "cuoAmb" "cuoMcc" "derCor" "derMaw" "emySub" "gopAga" "malTer" "mesTub" "pelSin" "plaMeg" "podExp"
"carIns" 0 0.0981675392670157 0.100785340314136 0.0994764397905759 0.0929319371727749 0.102094240837696 0.103403141361257 0.103403141361257 0.111256544502618 0.107329842931937 0.0994764397905759 0.0942408376963351 0.109947643979058 0.0785340314136126 0.0981675392670157 0.150523560209424
"cheAbi" 0.0981675392670157 0 0.0379581151832461 0.0353403141361257 0.0235602094240838 0.0157068062827225 0.0170157068062827 0.0327225130890052 0.0458115183246073 0.0549738219895288 0.00916230366492147 0.0261780104712042 0.06282722513089 0.0903141361256544 0.0274869109947644 0.106020942408377
"cheMyd" 0.100785340314136 0.0379581151832461 0 0.0405759162303665 0.0353403141361257 0.0445026178010471 0.0471204188481675 0.0183246073298429 0.0536649214659686 0.0654450261780105 0.0418848167539267 0.0379581151832461 0.0654450261780105 0.0955497382198953 0.0366492146596859 0.113874345549738
"cheSer" 0.0994764397905759 0.0353403141361257 0.0405759162303665 0 0.0274869109947644 0.0405759162303665 0.0418848167539267 0.0353403141361257 0.0405759162303665 0.056282722513089 0.0366492146596859 0.0274869109947644 0.0602094240837696 0.0916230366492147 0.0274869109947644 0.111256544502618
"chrPic" 0.0929319371727749 0.0235602094240838 0.0353403141361257 0.0274869109947644 0 0.0274869109947644 0.0287958115183246 0.0301047120418848 0.0405759162303665 0.0471204188481675 0.024869109947644 0.00523560209424084 0.056282722513089 0.0824607329842932 0.0143979057591623 0.103403141361257
"cuoAmb" 0.102094240837696 0.0157068062827225 0.0445026178010471 0.0405759162303665 0.0274869109947644 0 0.00654450261780105 0.0405759162303665 0.0471204188481675 0.0575916230366492 0.0130890052356021 0.0274869109947644 0.0641361256544503 0.0903141361256544 0.0327225130890052 0.111256544502618
"cuoMcc" 0.103403141361257 0.0170157068062827 0.0471204188481675 0.0418848167539267 0.0287958115183246 0.00654450261780105 0 0.0418848167539267 0.049738219895288 0.0589005235602094 0.0170157068062827 0.031413612565445 0.0667539267015707 0.0929319371727749 0.0340314136125654 0.112565445026178
"derCor" 0.103403141361257 0.0327225130890052 0.0183246073298429 0.0353403141361257 0.0301047120418848 0.0405759162303665 0.0418848167539267 0 0.049738219895288 0.0615183246073298 0.0366492146596859 0.0327225130890052 0.0654450261780105 0.0955497382198953 0.031413612565445 0.111256544502618
"derMaw" 0.111256544502618 0.0458115183246073 0.0536649214659686 0.0405759162303665 0.0405759162303665 0.0471204188481675 0.049738219895288 0.049738219895288 0 0.0732984293193717 0.0458115183246073 0.0405759162303665 0.0732984293193717 0.103403141361257 0.0405759162303665 0.12434554973822
"emySub" 0.107329842931937 0.0549738219895288 0.0654450261780105 0.056282722513089 0.0471204188481675 0.0575916230366492 0.0589005235602094 0.0615183246073298 0.0732984293193717 0 0.056282722513089 0.049738219895288 0.0405759162303665 0.100785340314136 0.0484293193717278 0.103403141361257
"gopAga" 0.0994764397905759 0.00916230366492147 0.0418848167539267 0.0366492146596859 0.024869109947644 0.0130890052356021 0.0170157068062827 0.0366492146596859 0.0458115183246073 0.056282722513089 0 0.024869109947644 0.0641361256544503 0.0890052356020942 0.0287958115183246 0.112565445026178
"malTer" 0.0942408376963351 0.0261780104712042 0.0379581151832461 0.0274869109947644 0.00523560209424084 0.0274869109947644 0.031413612565445 0.0327225130890052 0.0405759162303665 0.049738219895288 0.024869109947644 0 0.056282722513089 0.0798429319371728 0.0143979057591623 0.104712041884817
"mesTub" 0.109947643979058 0.06282722513089 0.0654450261780105 0.0602094240837696 0.056282722513089 0.0641361256544503 0.0667539267015707 0.0654450261780105 0.0732984293193717 0.0405759162303665 0.0641361256544503 0.056282722513089 0 0.103403141361257 0.0575916230366492 0.0981675392670157
"pelSin" 0.0785340314136126 0.0903141361256544 0.0955497382198953 0.0916230366492147 0.0824607329842932 0.0903141361256544 0.0929319371727749 0.0955497382198953 0.103403141361257 0.100785340314136 0.0890052356020942 0.0798429319371728 0.103403141361257 0 0.0824607329842932 0.138743455497382
"plaMeg" 0.0981675392670157 0.0274869109947644 0.0366492146596859 0.0274869109947644 0.0143979057591623 0.0327225130890052 0.0340314136125654 0.031413612565445 0.0405759162303665 0.0484293193717278 0.0287958115183246 0.0143979057591623 0.0575916230366492 0.0824607329842932 0 0.106020942408377
"podExp" 0.150523560209424 0.106020942408377 0.113874345549738 0.111256544502618 0.103403141361257 0.111256544502618 0.112565445026178 0.111256544502618 0.12434554973822 0.103403141361257 0.112565445026178 0.104712041884817 0.0981675392670157 0.138743455497382 0.106020942408377 0
