"carIns" "cheAbi" "cheMyd" "cheSer" "chrPic" "cuoAmb" "cuoMcc" "derCor" "derMaw" "emySub" "gopAga" "malTer" "mesTub" "pelCas" "pelSin" "plaMeg" "podExp" "terMex"
"carIns" 0 0.128342245989305 0.127272727272727 0.105882352941176 0.113368983957219 0.520855614973262 0.109090909090909 0.124064171122995 0.140106951871658 0.131550802139037 0.119786096256684 0.113368983957219 0.13903743315508 0.165775401069519 0.115508021390374 0.103743315508021 0.162566844919786 0.101604278074866
"cheAbi" 0.128342245989305 0 0.081283422459893 0.0577540106951872 0.0609625668449198 0.522994652406417 0.0352941176470588 0.0748663101604278 0.0994652406417112 0.118716577540107 0.039572192513369 0.0609625668449198 0.115508021390374 0.149732620320856 0.124064171122995 0.0491978609625668 0.13903743315508 0.0588235294117647
"cheMyd" 0.127272727272727 0.081283422459893 0 0.0524064171122995 0.0620320855614973 0.514438502673797 0.0609625668449198 0.0438502673796791 0.0962566844919786 0.111229946524064 0.0737967914438503 0.0609625668449198 0.112299465240642 0.142245989304813 0.117647058823529 0.0502673796791444 0.142245989304813 0.0566844919786096
"cheSer" 0.105882352941176 0.0577540106951872 0.0524064171122995 0 0.0406417112299465 0.520855614973262 0.0331550802139037 0.0491978609625668 0.0705882352941176 0.0973262032085561 0.0502673796791444 0.039572192513369 0.0941176470588235 0.127272727272727 0.0994652406417112 0.0288770053475936 0.124064171122995 0.0331550802139037
"chrPic" 0.113368983957219 0.0609625668449198 0.0620320855614973 0.0406417112299465 0 0.513368983957219 0.0363636363636364 0.0577540106951872 0.0770053475935829 0.0983957219251337 0.0481283422459893 0.0106951871657754 0.0983957219251337 0.131550802139037 0.104812834224599 0.025668449197861 0.12620320855615 0.0224598930481283
"cuoAmb" 0.520855614973262 0.522994652406417 0.514438502673797 0.520855614973262 0.513368983957219 0 0.519786096256684 0.520855614973262 0.519786096256684 0.516577540106952 0.517647058823529 0.510160427807487 0.511229946524064 0.525133689839572 0.522994652406417 0.515508021390374 0.52620320855615 0.513368983957219
"cuoMcc" 0.109090909090909 0.0352941176470588 0.0609625668449198 0.0331550802139037 0.0363636363636364 0.519786096256684 0 0.0545454545454545 0.0727272727272727 0.0973262032085561 0.0267379679144385 0.0363636363636364 0.0909090909090909 0.12620320855615 0.103743315508021 0.025668449197861 0.119786096256684 0.0310160427807487
"derCor" 0.124064171122995 0.0748663101604278 0.0438502673796791 0.0491978609625668 0.0577540106951872 0.520855614973262 0.0545454545454545 0 0.0898395721925134 0.110160427807487 0.067379679144385 0.0566844919786096 0.105882352941176 0.14331550802139 0.108021390374332 0.0459893048128342 0.135828877005348 0.0524064171122995
"derMaw" 0.140106951871658 0.0994652406417112 0.0962566844919786 0.0705882352941176 0.0770053475935829 0.519786096256684 0.0727272727272727 0.0898395721925134 0 0.128342245989305 0.0866310160427807 0.0770053475935829 0.125133689839572 0.152941176470588 0.128342245989305 0.0684491978609626 0.146524064171123 0.0727272727272727
"emySub" 0.131550802139037 0.118716577540107 0.111229946524064 0.0973262032085561 0.0983957219251337 0.516577540106952 0.0973262032085561 0.110160427807487 0.128342245989305 0 0.105882352941176 0.0973262032085561 0.0545454545454545 0.0962566844919786 0.135828877005348 0.0877005347593583 0.0983957219251337 0.0919786096256685
"gopAga" 0.119786096256684 0.039572192513369 0.0737967914438503 0.0502673796791444 0.0481283422459893 0.517647058823529 0.0267379679144385 0.067379679144385 0.0866310160427807 0.105882352941176 0 0.0502673796791444 0.0994652406417112 0.13903743315508 0.110160427807487 0.0363636363636364 0.132620320855615 0.0459893048128342
"malTer" 0.113368983957219 0.0609625668449198 0.0609625668449198 0.039572192513369 0.0106951871657754 0.510160427807487 0.0363636363636364 0.0566844919786096 0.0770053475935829 0.0973262032085561 0.0502673796791444 0 0.0941176470588235 0.128342245989305 0.103743315508021 0.0235294117647059 0.12620320855615 0.0181818181818182
"mesTub" 0.13903743315508 0.115508021390374 0.112299465240642 0.0941176470588235 0.0983957219251337 0.511229946524064 0.0909090909090909 0.105882352941176 0.125133689839572 0.0545454545454545 0.0994652406417112 0.0941176470588235 0 0.0973262032085561 0.135828877005348 0.0866310160427807 0.0962566844919786 0.0887700534759358
"pelCas" 0.165775401069519 0.149732620320856 0.142245989304813 0.127272727272727 0.131550802139037 0.525133689839572 0.12620320855615 0.14331550802139 0.152941176470588 0.0962566844919786 0.13903743315508 0.128342245989305 0.0973262032085561 0 0.168983957219251 0.120855614973262 0.0877005347593583 0.125133689839572
"pelSin" 0.115508021390374 0.124064171122995 0.117647058823529 0.0994652406417112 0.104812834224599 0.522994652406417 0.103743315508021 0.108021390374332 0.128342245989305 0.135828877005348 0.110160427807487 0.103743315508021 0.135828877005348 0.168983957219251 0 0.0951871657754011 0.158288770053476 0.0941176470588235
"plaMeg" 0.103743315508021 0.0491978609625668 0.0502673796791444 0.0288770053475936 0.025668449197861 0.515508021390374 0.025668449197861 0.0459893048128342 0.0684491978609626 0.0877005347593583 0.0363636363636364 0.0235294117647059 0.0866310160427807 0.120855614973262 0.0951871657754011 0 0.118716577540107 0.0192513368983957
"podExp" 0.162566844919786 0.13903743315508 0.142245989304813 0.124064171122995 0.12620320855615 0.52620320855615 0.119786096256684 0.135828877005348 0.146524064171123 0.0983957219251337 0.132620320855615 0.12620320855615 0.0962566844919786 0.0877005347593583 0.158288770053476 0.118716577540107 0 0.124064171122995
"terMex" 0.101604278074866 0.0588235294117647 0.0566844919786096 0.0331550802139037 0.0224598930481283 0.513368983957219 0.0310160427807487 0.0524064171122995 0.0727272727272727 0.0919786096256685 0.0459893048128342 0.0181818181818182 0.0887700534759358 0.125133689839572 0.0941176470588235 0.0192513368983957 0.124064171122995 0
