"cheAbi" "cheMyd" "chrPic" "cuoAmb" "cuoMcc" "derCor" "derMaw" "emySub" "gopAga" "malTer" "mesTub" "pelCas" "pelSin" "plaMeg" "podExp" "terMex"
"cheAbi" 0 0.0722741433021807 0.0517133956386293 0.0588785046728972 0.0398753894080997 0.0775700934579439 0.44018691588785 0.436448598130841 0.0370716510903427 0.0473520249221184 0.43582554517134 0.11588785046729 0.449221183800623 0.0445482866043614 0.133644859813084 0.0461059190031153
"cheMyd" 0.0722741433021807 0 0.0498442367601246 0.0713395638629283 0.0504672897196262 0.059190031152648 0.440498442367601 0.434890965732087 0.0588785046728972 0.046417445482866 0.434267912772586 0.103426791277259 0.450778816199377 0.0445482866043614 0.131775700934579 0.0445482866043614
"chrPic" 0.0517133956386293 0.0498442367601246 0 0.0495327102803738 0.0302180685358255 0.0672897196261682 0.43582554517134 0.429283489096573 0.0386292834890966 0.00841121495327103 0.42803738317757 0.0947040498442368 0.447040498442368 0.0221183800623053 0.119003115264798 0.0152647975077882
"cuoAmb" 0.0588785046728972 0.0713395638629283 0.0495327102803738 0 0.0283489096573209 0.0869158878504673 0.440809968847352 0.435514018691589 0.0479750778816199 0.0467289719626168 0.434890965732087 0.114018691588785 0.452959501557632 0.0439252336448598 0.13613707165109 0.0423676012461059
"cuoMcc" 0.0398753894080997 0.0504672897196262 0.0302180685358255 0.0283489096573209 0 0.0669781931464174 0.43208722741433 0.427102803738318 0.0277258566978193 0.0271028037383178 0.428660436137072 0.0978193146417446 0.447040498442368 0.0224299065420561 0.121183800623053 0.0227414330218069
"derCor" 0.0775700934579439 0.059190031152648 0.0672897196261682 0.0869158878504673 0.0669781931464174 0 0.445171339563863 0.441744548286604 0.0725856697819315 0.0635514018691589 0.438006230529595 0.113707165109034 0.453271028037383 0.0610591900311526 0.138940809968847 0.061993769470405
"derMaw" 0.44018691588785 0.440498442367601 0.43582554517134 0.440809968847352 0.43208722741433 0.445171339563863 0 0.106853582554517 0.432710280373832 0.432710280373832 0.12398753894081 0.435514018691589 0.161370716510903 0.43582554517134 0.437383177570093 0.432710280373832
"emySub" 0.436448598130841 0.434890965732087 0.429283489096573 0.435514018691589 0.427102803738318 0.441744548286604 0.106853582554517 0 0.428348909657321 0.427725856697819 0.0778816199376947 0.431775700934579 0.149221183800623 0.429595015576324 0.431775700934579 0.427414330218069
"gopAga" 0.0370716510903427 0.0588785046728972 0.0386292834890966 0.0479750778816199 0.0277258566978193 0.0725856697819315 0.432710280373832 0.428348909657321 0 0.0358255451713396 0.429283489096573 0.106230529595016 0.445171339563863 0.0330218068535826 0.125545171339564 0.0339563862928349
"malTer" 0.0473520249221184 0.046417445482866 0.00841121495327103 0.0467289719626168 0.0271028037383178 0.0635514018691589 0.432710280373832 0.427725856697819 0.0358255451713396 0 0.426479750778816 0.0931464174454829 0.445794392523365 0.0180685358255452 0.117133956386293 0.011214953271028
"mesTub" 0.43582554517134 0.434267912772586 0.42803738317757 0.434890965732087 0.428660436137072 0.438006230529595 0.12398753894081 0.0778816199376947 0.429283489096573 0.426479750778816 0 0.431464174454829 0.156386292834891 0.429283489096573 0.432710280373832 0.426479750778816
"pelCas" 0.11588785046729 0.103426791277259 0.0947040498442368 0.114018691588785 0.0978193146417446 0.113707165109034 0.435514018691589 0.431775700934579 0.106230529595016 0.0931464174454829 0.431464174454829 0 0.449844236760125 0.0925233644859813 0.105295950155763 0.0900311526479751
"pelSin" 0.449221183800623 0.450778816199377 0.447040498442368 0.452959501557632 0.447040498442368 0.453271028037383 0.161370716510903 0.149221183800623 0.445171339563863 0.445794392523365 0.156386292834891 0.449844236760125 0 0.447663551401869 0.452959501557632 0.444859813084112
"plaMeg" 0.0445482866043614 0.0445482866043614 0.0221183800623053 0.0439252336448598 0.0224299065420561 0.0610591900311526 0.43582554517134 0.429595015576324 0.0330218068535826 0.0180685358255452 0.429283489096573 0.0925233644859813 0.447663551401869 0 0.118380062305296 0.0165109034267913
"podExp" 0.133644859813084 0.131775700934579 0.119003115264798 0.13613707165109 0.121183800623053 0.138940809968847 0.437383177570093 0.431775700934579 0.125545171339564 0.117133956386293 0.432710280373832 0.105295950155763 0.452959501557632 0.118380062305296 0 0.113395638629283
"terMex" 0.0461059190031153 0.0445482866043614 0.0152647975077882 0.0423676012461059 0.0227414330218069 0.061993769470405 0.432710280373832 0.427414330218069 0.0339563862928349 0.011214953271028 0.426479750778816 0.0900311526479751 0.444859813084112 0.0165109034267913 0.113395638629283 0
