"carIns" "cheAbi" "cheMyd" "cheSer" "chrPic" "cuoAmb" "cuoMcc" "derCor" "derMaw" "emySub" "gopAga" "malTer" "mesTub" "pelCas" "pelSin" "plaMeg" "podExp" "terMex"
"carIns" 0 0.08 0.0963636363636364 0.0836363636363636 0.141818181818182 0.0872727272727273 0.234545454545455 0.172727272727273 0.101818181818182 0.101818181818182 0.08 0.1 0.0945454545454545 0.121818181818182 0.183636363636364 0.0981818181818182 0.125454545454545 0.0963636363636364
"cheAbi" 0.08 0 0.06 0.0436363636363636 0.0909090909090909 0.0254545454545455 0.183636363636364 0.147272727272727 0.06 0.0909090909090909 0.0218181818181818 0.0418181818181818 0.0872727272727273 0.107272727272727 0.18 0.04 0.105454545454545 0.0418181818181818
"cheMyd" 0.0963636363636364 0.06 0 0.04 0.110909090909091 0.0509090909090909 0.207272727272727 0.132727272727273 0.0690909090909091 0.0927272727272727 0.0509090909090909 0.0672727272727273 0.107272727272727 0.110909090909091 0.189090909090909 0.0545454545454545 0.112727272727273 0.06
"cheSer" 0.0836363636363636 0.0436363636363636 0.04 0 0.0945454545454545 0.0327272727272727 0.196363636363636 0.138181818181818 0.0436363636363636 0.08 0.0363636363636364 0.0490909090909091 0.0854545454545454 0.0981818181818182 0.183636363636364 0.04 0.101818181818182 0.0454545454545455
"chrPic" 0.141818181818182 0.0909090909090909 0.110909090909091 0.0945454545454545 0 0.0818181818181818 0.241818181818182 0.205454545454545 0.112727272727273 0.141818181818182 0.0836363636363636 0.0654545454545455 0.143636363636364 0.150909090909091 0.230909090909091 0.0818181818181818 0.147272727272727 0.0690909090909091
"cuoAmb" 0.0872727272727273 0.0254545454545455 0.0509090909090909 0.0327272727272727 0.0818181818181818 0 0.176363636363636 0.149090909090909 0.0545454545454545 0.0890909090909091 0.02 0.0381818181818182 0.0909090909090909 0.110909090909091 0.183636363636364 0.0290909090909091 0.105454545454545 0.0345454545454545
"cuoMcc" 0.234545454545455 0.183636363636364 0.207272727272727 0.196363636363636 0.241818181818182 0.176363636363636 0 0.292727272727273 0.212727272727273 0.229090909090909 0.183636363636364 0.196363636363636 0.238181818181818 0.245454545454545 0.341818181818182 0.194545454545455 0.252727272727273 0.196363636363636
"derCor" 0.172727272727273 0.147272727272727 0.132727272727273 0.138181818181818 0.205454545454545 0.149090909090909 0.292727272727273 0 0.163636363636364 0.169090909090909 0.149090909090909 0.158181818181818 0.176363636363636 0.201818181818182 0.234545454545455 0.147272727272727 0.196363636363636 0.156363636363636
"derMaw" 0.101818181818182 0.06 0.0690909090909091 0.0436363636363636 0.112727272727273 0.0545454545454545 0.212727272727273 0.163636363636364 0 0.101818181818182 0.0563636363636364 0.0636363636363636 0.0981818181818182 0.110909090909091 0.187272727272727 0.0581818181818182 0.107272727272727 0.0636363636363636
"emySub" 0.101818181818182 0.0909090909090909 0.0927272727272727 0.08 0.141818181818182 0.0890909090909091 0.229090909090909 0.169090909090909 0.101818181818182 0 0.0890909090909091 0.101818181818182 0.0654545454545455 0.0872727272727273 0.192727272727273 0.0963636363636364 0.101818181818182 0.101818181818182
"gopAga" 0.08 0.0218181818181818 0.0509090909090909 0.0363636363636364 0.0836363636363636 0.02 0.183636363636364 0.149090909090909 0.0563636363636364 0.0890909090909091 0 0.0381818181818182 0.0872727272727273 0.105454545454545 0.183636363636364 0.0327272727272727 0.101818181818182 0.0309090909090909
"malTer" 0.1 0.0418181818181818 0.0672727272727273 0.0490909090909091 0.0654545454545455 0.0381818181818182 0.196363636363636 0.158181818181818 0.0636363636363636 0.101818181818182 0.0381818181818182 0 0.0963636363636364 0.110909090909091 0.185454545454545 0.0327272727272727 0.112727272727273 0.0254545454545455
"mesTub" 0.0945454545454545 0.0872727272727273 0.107272727272727 0.0854545454545454 0.143636363636364 0.0909090909090909 0.238181818181818 0.176363636363636 0.0981818181818182 0.0654545454545455 0.0872727272727273 0.0963636363636364 0 0.0890909090909091 0.198181818181818 0.0909090909090909 0.0927272727272727 0.1
"pelCas" 0.121818181818182 0.107272727272727 0.110909090909091 0.0981818181818182 0.150909090909091 0.110909090909091 0.245454545454545 0.201818181818182 0.110909090909091 0.0872727272727273 0.105454545454545 0.110909090909091 0.0890909090909091 0 0.212727272727273 0.110909090909091 0.0781818181818182 0.114545454545455
"pelSin" 0.183636363636364 0.18 0.189090909090909 0.183636363636364 0.230909090909091 0.183636363636364 0.341818181818182 0.234545454545455 0.187272727272727 0.192727272727273 0.183636363636364 0.185454545454545 0.198181818181818 0.212727272727273 0 0.187272727272727 0.210909090909091 0.189090909090909
"plaMeg" 0.0981818181818182 0.04 0.0545454545454545 0.04 0.0818181818181818 0.0290909090909091 0.194545454545455 0.147272727272727 0.0581818181818182 0.0963636363636364 0.0327272727272727 0.0327272727272727 0.0909090909090909 0.110909090909091 0.187272727272727 0 0.105454545454545 0.0327272727272727
"podExp" 0.125454545454545 0.105454545454545 0.112727272727273 0.101818181818182 0.147272727272727 0.105454545454545 0.252727272727273 0.196363636363636 0.107272727272727 0.101818181818182 0.101818181818182 0.112727272727273 0.0927272727272727 0.0781818181818182 0.210909090909091 0.105454545454545 0 0.109090909090909
"terMex" 0.0963636363636364 0.0418181818181818 0.06 0.0454545454545455 0.0690909090909091 0.0345454545454545 0.196363636363636 0.156363636363636 0.0636363636363636 0.101818181818182 0.0309090909090909 0.0254545454545455 0.1 0.114545454545455 0.189090909090909 0.0327272727272727 0.109090909090909 0
