"carIns" "cheAbi" "cheMyd" "cheSer" "chrPic" "cuoAmb" "cuoMcc" "derMaw" "emySub" "gopAga" "malTer" "mesTub" "pelCas" "pelSin" "plaMeg" "podExp" "terMex"
"carIns" 0 0.0686567164179104 0.0671641791044776 0.0656716417910448 0.0626865671641791 0.0626865671641791 0.0567164179104478 0.0791044776119403 0.0895522388059701 0.0701492537313433 0.140298507462687 0.091044776119403 0.104477611940299 0.0835820895522388 0.0582089552238806 0.101492537313433 0.0567164179104478
"cheAbi" 0.0686567164179104 0 0.0358208955223881 0.0388059701492537 0.0283582089552239 0.0253731343283582 0.0194029850746269 0.0537313432835821 0.0611940298507463 0.0328358208955224 0.11044776119403 0.0716417910447761 0.0791044776119403 0.073134328358209 0.026865671641791 0.0865671641791045 0.0223880597014925
"cheMyd" 0.0671641791044776 0.0358208955223881 0 0.0328358208955224 0.0283582089552239 0.0373134328358209 0.0313432835820895 0.0477611940298507 0.0626865671641791 0.0417910447761194 0.113432835820896 0.0686567164179104 0.0761194029850746 0.073134328358209 0.026865671641791 0.0865671641791045 0.0223880597014925
"cheSer" 0.0656716417910448 0.0388059701492537 0.0328358208955224 0 0.026865671641791 0.0313432835820895 0.0253731343283582 0.0388059701492537 0.0611940298507463 0.0402985074626866 0.111940298507463 0.0701492537313433 0.0761194029850746 0.0671641791044776 0.0253731343283582 0.0835820895522388 0.0208955223880597
"chrPic" 0.0626865671641791 0.0283582089552239 0.0283582089552239 0.026865671641791 0 0.0238805970149254 0.017910447761194 0.0373134328358209 0.0582089552238806 0.0283582089552239 0.091044776119403 0.0716417910447761 0.0791044776119403 0.0671641791044776 0.0134328358208955 0.0865671641791045 0.00597014925373134
"cuoAmb" 0.0626865671641791 0.0253731343283582 0.0373134328358209 0.0313432835820895 0.0238805970149254 0 0.00597014925373134 0.0477611940298507 0.0567164179104478 0.0283582089552239 0.101492537313433 0.0701492537313433 0.0746268656716418 0.0626865671641791 0.0194029850746269 0.0791044776119403 0.017910447761194
"cuoMcc" 0.0567164179104478 0.0194029850746269 0.0313432835820895 0.0253731343283582 0.017910447761194 0.00597014925373134 0 0.0417910447761194 0.0537313432835821 0.0223880597014925 0.1 0.0641791044776119 0.0716417910447761 0.0597014925373134 0.0164179104477612 0.0791044776119403 0.0119402985074627
"derMaw" 0.0791044776119403 0.0537313432835821 0.0477611940298507 0.0388059701492537 0.0373134328358209 0.0477611940298507 0.0417910447761194 0 0.0791044776119403 0.0507462686567164 0.113432835820896 0.0865671641791045 0.0955223880597015 0.0776119402985075 0.0388059701492537 0.0940298507462687 0.0343283582089552
"emySub" 0.0895522388059701 0.0611940298507463 0.0626865671641791 0.0611940298507463 0.0582089552238806 0.0567164179104478 0.0537313432835821 0.0791044776119403 0 0.0626865671641791 0.135820895522388 0.0388059701492537 0.0537313432835821 0.0895522388059701 0.0567164179104478 0.0597014925373134 0.0552238805970149
"gopAga" 0.0701492537313433 0.0328358208955224 0.0417910447761194 0.0402985074626866 0.0283582089552239 0.0283582089552239 0.0223880597014925 0.0507462686567164 0.0626865671641791 0 0.102985074626866 0.0716417910447761 0.0835820895522388 0.0716417910447761 0.026865671641791 0.091044776119403 0.0223880597014925
"malTer" 0.140298507462687 0.11044776119403 0.113432835820896 0.111940298507463 0.091044776119403 0.101492537313433 0.1 0.113432835820896 0.135820895522388 0.102985074626866 0 0.144776119402985 0.158208955223881 0.144776119402985 0.0985074626865672 0.156716417910448 0.091044776119403
"mesTub" 0.091044776119403 0.0716417910447761 0.0686567164179104 0.0701492537313433 0.0716417910447761 0.0701492537313433 0.0641791044776119 0.0865671641791045 0.0388059701492537 0.0716417910447761 0.144776119402985 0 0.0701492537313433 0.0985074626865672 0.0671641791044776 0.0791044776119403 0.0656716417910448
"pelCas" 0.104477611940299 0.0791044776119403 0.0761194029850746 0.0761194029850746 0.0791044776119403 0.0746268656716418 0.0716417910447761 0.0955223880597015 0.0537313432835821 0.0835820895522388 0.158208955223881 0.0701492537313433 0 0.102985074626866 0.0746268656716418 0.0552238805970149 0.073134328358209
"pelSin" 0.0835820895522388 0.073134328358209 0.073134328358209 0.0671641791044776 0.0671641791044776 0.0626865671641791 0.0597014925373134 0.0776119402985075 0.0895522388059701 0.0716417910447761 0.144776119402985 0.0985074626865672 0.102985074626866 0 0.0656716417910448 0.105970149253731 0.0611940298507463
"plaMeg" 0.0582089552238806 0.026865671641791 0.026865671641791 0.0253731343283582 0.0134328358208955 0.0194029850746269 0.0164179104477612 0.0388059701492537 0.0567164179104478 0.026865671641791 0.0985074626865672 0.0671641791044776 0.0746268656716418 0.0656716417910448 0 0.082089552238806 0.00746268656716418
"podExp" 0.101492537313433 0.0865671641791045 0.0865671641791045 0.0835820895522388 0.0865671641791045 0.0791044776119403 0.0791044776119403 0.0940298507462687 0.0597014925373134 0.091044776119403 0.156716417910448 0.0791044776119403 0.0552238805970149 0.105970149253731 0.082089552238806 0 0.0805970149253731
"terMex" 0.0567164179104478 0.0223880597014925 0.0223880597014925 0.0208955223880597 0.00597014925373134 0.017910447761194 0.0119402985074627 0.0343283582089552 0.0552238805970149 0.0223880597014925 0.091044776119403 0.0656716417910448 0.073134328358209 0.0611940298507463 0.00746268656716418 0.0805970149253731 0
