"carIns" "cheAbi" "cheMyd" "chrPic" "cuoAmb" "cuoMcc" "emySub" "gopAga" "malTer" "mesTub" "pelCas" "pelSin" "plaMeg" "podExp" "terMex"
"carIns" 0 0.0818965517241379 0.0818965517241379 0.0732758620689655 0.254310344827586 0.0818965517241379 0.0948275862068965 0.0818965517241379 0.0747126436781609 0.107758620689655 0.0948275862068965 0.0804597701149425 0.0732758620689655 0.0991379310344828 0.0718390804597701
"cheAbi" 0.0818965517241379 0 0.0474137931034483 0.0387931034482759 0.211206896551724 0.021551724137931 0.0574712643678161 0.0114942528735632 0.0402298850574713 0.0761494252873563 0.0675287356321839 0.0660919540229885 0.021551724137931 0.0818965517241379 0.0344827586206897
"cheMyd" 0.0818965517241379 0.0474137931034483 0 0.0431034482758621 0.228448275862069 0.0488505747126437 0.0574712643678161 0.0445402298850575 0.0445402298850575 0.0790229885057471 0.0632183908045977 0.0574712643678161 0.0344827586206897 0.0804597701149425 0.0387931034482759
"chrPic" 0.0732758620689655 0.0387931034482759 0.0431034482758621 0 0.222701149425287 0.0402298850574713 0.0574712643678161 0.0387931034482759 0.00718390804597701 0.0747126436781609 0.0675287356321839 0.0603448275862069 0.0258620689655172 0.0775862068965517 0.00718390804597701
"cuoAmb" 0.254310344827586 0.211206896551724 0.228448275862069 0.222701149425287 0 0.202586206896552 0.232758620689655 0.208333333333333 0.224137931034483 0.244252873563218 0.244252873563218 0.241379310344828 0.211206896551724 0.252873563218391 0.218390804597701
"cuoMcc" 0.0818965517241379 0.021551724137931 0.0488505747126437 0.0402298850574713 0.202586206896552 0 0.0660919540229885 0.0158045977011494 0.0416666666666667 0.0833333333333333 0.0747126436781609 0.0689655172413793 0.0258620689655172 0.0833333333333333 0.0359195402298851
"emySub" 0.0948275862068965 0.0574712643678161 0.0574712643678161 0.0574712643678161 0.232758620689655 0.0660919540229885 0 0.0560344827586207 0.0589080459770115 0.0402298850574713 0.0531609195402299 0.0689655172413793 0.0517241379310345 0.0660919540229885 0.0560344827586207
"gopAga" 0.0818965517241379 0.0114942528735632 0.0445402298850575 0.0387931034482759 0.208333333333333 0.0158045977011494 0.0560344827586207 0 0.0373563218390805 0.0761494252873563 0.0675287356321839 0.0632183908045977 0.021551724137931 0.0790229885057471 0.0344827586206897
"malTer" 0.0747126436781609 0.0402298850574713 0.0445402298850575 0.00718390804597701 0.224137931034483 0.0416666666666667 0.0589080459770115 0.0373563218390805 0 0.0732758620689655 0.0660919540229885 0.0617816091954023 0.0272988505747126 0.0790229885057471 0.00862068965517241
"mesTub" 0.107758620689655 0.0761494252873563 0.0790229885057471 0.0747126436781609 0.244252873563218 0.0833333333333333 0.0402298850574713 0.0761494252873563 0.0732758620689655 0 0.0732758620689655 0.0862068965517241 0.0689655172413793 0.0775862068965517 0.0732758620689655
"pelCas" 0.0948275862068965 0.0675287356321839 0.0632183908045977 0.0675287356321839 0.244252873563218 0.0747126436781609 0.0531609195402299 0.0675287356321839 0.0660919540229885 0.0732758620689655 0 0.0790229885057471 0.0545977011494253 0.0531609195402299 0.0632183908045977
"pelSin" 0.0804597701149425 0.0660919540229885 0.0574712643678161 0.0603448275862069 0.241379310344828 0.0689655172413793 0.0689655172413793 0.0632183908045977 0.0617816091954023 0.0862068965517241 0.0790229885057471 0 0.0517241379310345 0.0847701149425287 0.0560344827586207
"plaMeg" 0.0732758620689655 0.021551724137931 0.0344827586206897 0.0258620689655172 0.211206896551724 0.0258620689655172 0.0517241379310345 0.021551724137931 0.0272988505747126 0.0689655172413793 0.0545977011494253 0.0517241379310345 0 0.0689655172413793 0.021551724137931
"podExp" 0.0991379310344828 0.0818965517241379 0.0804597701149425 0.0775862068965517 0.252873563218391 0.0833333333333333 0.0660919540229885 0.0790229885057471 0.0790229885057471 0.0775862068965517 0.0531609195402299 0.0847701149425287 0.0689655172413793 0 0.0761494252873563
"terMex" 0.0718390804597701 0.0344827586206897 0.0387931034482759 0.00718390804597701 0.218390804597701 0.0359195402298851 0.0560344827586207 0.0344827586206897 0.00862068965517241 0.0732758620689655 0.0632183908045977 0.0560344827586207 0.021551724137931 0.0761494252873563 0
