"cheAbi" "cheMyd" "chrPic" "cuoMcc" "derCor" "derMaw" "emySub" "gopAga" "malTer" "mesTub" "pelCas" "pelSin" "plaMeg" "podExp" "terMex"
"cheAbi" 0 0.0235690235690236 0.0202020202020202 0.00336700336700337 0.595959595959596 0.0437710437710438 0.0707070707070707 0.0134680134680135 0.0336700336700337 0.0740740740740741 0.0673400673400673 0.063973063973064 0.195286195286195 0.0808080808080808 0.0202020202020202
"cheMyd" 0.0235690235690236 0 0.0235690235690236 0.0202020202020202 0.579124579124579 0.0404040404040404 0.0707070707070707 0.0303030303030303 0.0404040404040404 0.0740740740740741 0.0707070707070707 0.0673400673400673 0.188552188552189 0.0841750841750842 0.0235690235690236
"chrPic" 0.0202020202020202 0.0235690235690236 0 0.0168350168350168 0.582491582491583 0.0404040404040404 0.063973063973064 0.0269360269360269 0.0168350168350168 0.0740740740740741 0.0673400673400673 0.0740740740740741 0.188552188552189 0.0808080808080808 0.0134680134680135
"cuoMcc" 0.00336700336700337 0.0202020202020202 0.0168350168350168 0 0.592592592592593 0.0404040404040404 0.0673400673400673 0.0101010101010101 0.0303030303030303 0.0707070707070707 0.063973063973064 0.0673400673400673 0.191919191919192 0.0774410774410774 0.0168350168350168
"derCor" 0.595959595959596 0.579124579124579 0.582491582491583 0.592592592592593 0 0.592592592592593 0.589225589225589 0.599326599326599 0.592592592592593 0.595959595959596 0.585858585858586 0.572390572390572 0.595959595959596 0.599326599326599 0.585858585858586
"derMaw" 0.0437710437710438 0.0404040404040404 0.0404040404040404 0.0404040404040404 0.592592592592593 0 0.0841750841750842 0.0505050505050505 0.0572390572390572 0.0909090909090909 0.0909090909090909 0.0841750841750842 0.202020202020202 0.101010101010101 0.0404040404040404
"emySub" 0.0707070707070707 0.0707070707070707 0.063973063973064 0.0673400673400673 0.589225589225589 0.0841750841750842 0 0.0774410774410774 0.0808080808080808 0.0404040404040404 0.0572390572390572 0.0875420875420875 0.218855218855219 0.0875420875420875 0.063973063973064
"gopAga" 0.0134680134680135 0.0303030303030303 0.0269360269360269 0.0101010101010101 0.599326599326599 0.0505050505050505 0.0774410774410774 0 0.0404040404040404 0.0808080808080808 0.0673400673400673 0.0774410774410774 0.202020202020202 0.0808080808080808 0.0269360269360269
"malTer" 0.0336700336700337 0.0404040404040404 0.0168350168350168 0.0303030303030303 0.592592592592593 0.0572390572390572 0.0808080808080808 0.0404040404040404 0 0.0909090909090909 0.0841750841750842 0.0875420875420875 0.205387205387205 0.0909090909090909 0.0303030303030303
"mesTub" 0.0740740740740741 0.0740740740740741 0.0740740740740741 0.0707070707070707 0.595959595959596 0.0909090909090909 0.0404040404040404 0.0808080808080808 0.0909090909090909 0 0.0707070707070707 0.0976430976430976 0.215488215488215 0.0909090909090909 0.0673400673400673
"pelCas" 0.0673400673400673 0.0707070707070707 0.0673400673400673 0.063973063973064 0.585858585858586 0.0909090909090909 0.0572390572390572 0.0673400673400673 0.0841750841750842 0.0707070707070707 0 0.0976430976430976 0.218855218855219 0.0707070707070707 0.0673400673400673
"pelSin" 0.063973063973064 0.0673400673400673 0.0740740740740741 0.0673400673400673 0.572390572390572 0.0841750841750842 0.0875420875420875 0.0774410774410774 0.0875420875420875 0.0976430976430976 0.0976430976430976 0 0.228956228956229 0.121212121212121 0.0740740740740741
"plaMeg" 0.195286195286195 0.188552188552189 0.188552188552189 0.191919191919192 0.595959595959596 0.202020202020202 0.218855218855219 0.202020202020202 0.205387205387205 0.215488215488215 0.218855218855219 0.228956228956229 0 0.242424242424242 0.188552188552189
"podExp" 0.0808080808080808 0.0841750841750842 0.0808080808080808 0.0774410774410774 0.599326599326599 0.101010101010101 0.0875420875420875 0.0808080808080808 0.0909090909090909 0.0909090909090909 0.0707070707070707 0.121212121212121 0.242424242424242 0 0.0808080808080808
"terMex" 0.0202020202020202 0.0235690235690236 0.0134680134680135 0.0168350168350168 0.585858585858586 0.0404040404040404 0.063973063973064 0.0269360269360269 0.0303030303030303 0.0673400673400673 0.0673400673400673 0.0740740740740741 0.188552188552189 0.0808080808080808 0
