"carIns" "cheAbi" "cheMyd" "cheSer" "chrPic" "cuoAmb" "cuoMcc" "derCor" "derMaw" "emySub" "gopAga" "malTer" "mesTub" "pelCas" "pelSin" "plaMeg" "podExp" "terMex"
"carIns" 0 0.172394678492239 0.179046563192905 0.17960088691796 0.170731707317073 0.171840354767184 0.169623059866962 0.181818181818182 0.177937915742794 0.177937915742794 0.177383592017738 0.172949002217295 0.181818181818182 0.200665188470067 0.206762749445676 0.175166297117517 0.201219512195122 0.169623059866962
"cheAbi" 0.172394678492239 0 0.0460088691796009 0.04490022172949 0.0310421286031042 0.0238359201773836 0.0221729490022173 0.0482261640798226 0.0526607538802661 0.0759423503325942 0.024390243902439 0.0332594235033259 0.0825942350332594 0.0981152993348115 0.172394678492239 0.0321507760532151 0.105875831485588 0.024390243902439
"cheMyd" 0.179046563192905 0.0460088691796009 0 0.0476718403547672 0.0393569844789357 0.0404656319290466 0.0393569844789357 0.0288248337028825 0.0543237250554324 0.0776053215077605 0.0471175166297118 0.0415742793791574 0.0831485587583149 0.0997782705099778 0.17350332594235 0.0421286031042129 0.10920177383592 0.0354767184035477
"cheSer" 0.17960088691796 0.04490022172949 0.0476718403547672 0 0.041019955654102 0.0443458980044346 0.0426829268292683 0.0476718403547672 0.0498891352549889 0.0792682926829268 0.048780487804878 0.0432372505543237 0.0875831485587583 0.0997782705099778 0.171840354767184 0.0437915742793792 0.110864745011086 0.0349223946784922
"chrPic" 0.170731707317073 0.0310421286031042 0.0393569844789357 0.041019955654102 0 0.0260532150776053 0.0254988913525499 0.0421286031042129 0.0493348115299335 0.069290465631929 0.0321507760532151 0.00665188470066519 0.0748337028824834 0.0892461197339246 0.161862527716186 0.0238359201773836 0.0981152993348115 0.0105321507760532
"cuoAmb" 0.171840354767184 0.0238359201773836 0.0404656319290466 0.0443458980044346 0.0260532150776053 0 0.00831485587583148 0.04490022172949 0.0521064301552106 0.0703991130820399 0.0266075388026608 0.0277161862527716 0.0759423503325942 0.0914634146341463 0.167405764966741 0.0288248337028825 0.104767184035477 0.0216186252771619
"cuoMcc" 0.169623059866962 0.0221729490022173 0.0393569844789357 0.0426829268292683 0.0254988913525499 0.00831485587583148 0 0.0437915742793792 0.0509977827050998 0.0687361419068736 0.0249445676274945 0.0277161862527716 0.0753880266075388 0.0925720620842572 0.166851441241685 0.0271618625277162 0.10310421286031 0.0199556541019956
"derCor" 0.181818181818182 0.0482261640798226 0.0288248337028825 0.0476718403547672 0.0421286031042129 0.04490022172949 0.0437915742793792 0 0.0559866962305987 0.0792682926829268 0.0515521064301552 0.0443458980044346 0.085920177383592 0.098669623059867 0.178492239467849 0.0443458980044346 0.111419068736142 0.0388026607538803
"derMaw" 0.177937915742794 0.0526607538802661 0.0543237250554324 0.0498891352549889 0.0493348115299335 0.0521064301552106 0.0509977827050998 0.0559866962305987 0 0.0837028824833703 0.0587583148558758 0.0515521064301552 0.0931263858093126 0.106984478935698 0.179046563192905 0.0498891352549889 0.114190687361419 0.04490022172949
"emySub" 0.177937915742794 0.0759423503325942 0.0776053215077605 0.0792682926829268 0.069290465631929 0.0703991130820399 0.0687361419068736 0.0792682926829268 0.0837028824833703 0 0.0759423503325942 0.0720620842572062 0.0415742793791574 0.0703991130820399 0.175166297117517 0.0720620842572062 0.085920177383592 0.0665188470066519
"gopAga" 0.177383592017738 0.024390243902439 0.0471175166297118 0.048780487804878 0.0321507760532151 0.0266075388026608 0.0249445676274945 0.0515521064301552 0.0587583148558758 0.0759423503325942 0 0.0343680709534368 0.0831485587583149 0.0997782705099778 0.175720620842572 0.0360310421286031 0.108647450110865 0.0271618625277162
"malTer" 0.172949002217295 0.0332594235033259 0.0415742793791574 0.0432372505543237 0.00665188470066519 0.0277161862527716 0.0277161862527716 0.0443458980044346 0.0515521064301552 0.0720620842572062 0.0343680709534368 0 0.0776053215077605 0.0920177383592018 0.161862527716186 0.0260532150776053 0.0992239467849224 0.0138580931263858
"mesTub" 0.181818181818182 0.0825942350332594 0.0831485587583149 0.0875831485587583 0.0748337028824834 0.0759423503325942 0.0753880266075388 0.085920177383592 0.0931263858093126 0.0415742793791574 0.0831485587583149 0.0776053215077605 0 0.0759423503325942 0.180155210643016 0.0792682926829268 0.0892461197339246 0.0726164079822616
"pelCas" 0.200665188470067 0.0981152993348115 0.0997782705099778 0.0997782705099778 0.0892461197339246 0.0914634146341463 0.0925720620842572 0.098669623059867 0.106984478935698 0.0703991130820399 0.0997782705099778 0.0920177383592018 0.0759423503325942 0 0.193458980044346 0.0925720620842572 0.0720620842572062 0.0870288248337029
"pelSin" 0.206762749445676 0.172394678492239 0.17350332594235 0.171840354767184 0.161862527716186 0.167405764966741 0.166851441241685 0.178492239467849 0.179046563192905 0.175166297117517 0.175720620842572 0.161862527716186 0.180155210643016 0.193458980044346 0 0.171840354767184 0.196784922394678 0.160753880266075
"plaMeg" 0.175166297117517 0.0321507760532151 0.0421286031042129 0.0437915742793792 0.0238359201773836 0.0288248337028825 0.0271618625277162 0.0443458980044346 0.0498891352549889 0.0720620842572062 0.0360310421286031 0.0260532150776053 0.0792682926829268 0.0925720620842572 0.171840354767184 0 0.103658536585366 0.0194013303769401
"podExp" 0.201219512195122 0.105875831485588 0.10920177383592 0.110864745011086 0.0981152993348115 0.104767184035477 0.10310421286031 0.111419068736142 0.114190687361419 0.085920177383592 0.108647450110865 0.0992239467849224 0.0892461197339246 0.0720620842572062 0.196784922394678 0.103658536585366 0 0.0975609756097561
"terMex" 0.169623059866962 0.024390243902439 0.0354767184035477 0.0349223946784922 0.0105321507760532 0.0216186252771619 0.0199556541019956 0.0388026607538803 0.04490022172949 0.0665188470066519 0.0271618625277162 0.0138580931263858 0.0726164079822616 0.0870288248337029 0.160753880266075 0.0194013303769401 0.0975609756097561 0
