"carIns" "cheAbi" "cheMyd" "cheSer" "chrPic" "cuoMcc" "derCor" "derMaw" "emySub" "gopAga" "malTer" "mesTub" "pelCas" "pelSin" "plaMeg" "podExp" "terMex"
"carIns" 0 0.114478114478114 0.104377104377104 0.0673400673400673 0.0707070707070707 0.153198653198653 0.069023569023569 0.107744107744108 0.0673400673400673 0.36026936026936 0.0707070707070707 0.0774410774410774 0.0942760942760943 0.0471380471380471 0.0673400673400673 0.0993265993265993 0.409090909090909
"cheAbi" 0.114478114478114 0 0.0488215488215488 0.0774410774410774 0.069023569023569 0.126262626262626 0.0875420875420875 0.0538720538720539 0.0976430976430976 0.383838383838384 0.069023569023569 0.095959595959596 0.107744107744108 0.111111111111111 0.0740740740740741 0.111111111111111 0.432659932659933
"cheMyd" 0.104377104377104 0.0488215488215488 0 0.069023569023569 0.0740740740740741 0.136363636363636 0.0656565656565657 0.0353535353535354 0.0875420875420875 0.361952861952862 0.0740740740740741 0.0942760942760943 0.116161616161616 0.0976430976430976 0.0791245791245791 0.111111111111111 0.414141414141414
"cheSer" 0.0673400673400673 0.0774410774410774 0.069023569023569 0 0.0218855218855219 0.109427609427609 0.0202020202020202 0.0723905723905724 0.0387205387205387 0.375420875420875 0.0218855218855219 0.0420875420875421 0.0723905723905724 0.0606060606060606 0.0202020202020202 0.0774410774410774 0.424242424242424
"chrPic" 0.0707070707070707 0.069023569023569 0.0740740740740741 0.0218855218855219 0 0.109427609427609 0.031986531986532 0.0808080808080808 0.0488215488215488 0.382154882154882 0.00336700336700337 0.0488215488215488 0.0723905723905724 0.0572390572390572 0.0151515151515152 0.0774410774410774 0.434343434343434
"cuoMcc" 0.153198653198653 0.126262626262626 0.136363636363636 0.109427609427609 0.109427609427609 0 0.11952861952862 0.138047138047138 0.138047138047138 0.419191919191919 0.109427609427609 0.136363636363636 0.153198653198653 0.151515151515152 0.109427609427609 0.161616161616162 0.473063973063973
"derCor" 0.069023569023569 0.0875420875420875 0.0656565656565657 0.0202020202020202 0.031986531986532 0.11952861952862 0 0.0791245791245791 0.0437710437710438 0.375420875420875 0.031986531986532 0.0505050505050505 0.0774410774410774 0.0606060606060606 0.0303030303030303 0.0791245791245791 0.424242424242424
"derMaw" 0.107744107744108 0.0538720538720539 0.0353535353535354 0.0723905723905724 0.0808080808080808 0.138047138047138 0.0791245791245791 0 0.0875420875420875 0.363636363636364 0.0808080808080808 0.0942760942760943 0.114478114478114 0.101010101010101 0.0824915824915825 0.112794612794613 0.414141414141414
"emySub" 0.0673400673400673 0.0976430976430976 0.0875420875420875 0.0387205387205387 0.0488215488215488 0.138047138047138 0.0437710437710438 0.0875420875420875 0 0.375420875420875 0.0488215488215488 0.0336700336700337 0.069023569023569 0.0656565656565657 0.0454545454545455 0.0740740740740741 0.414141414141414
"gopAga" 0.36026936026936 0.383838383838384 0.361952861952862 0.375420875420875 0.382154882154882 0.419191919191919 0.375420875420875 0.363636363636364 0.375420875420875 0 0.38047138047138 0.383838383838384 0.373737373737374 0.361952861952862 0.378787878787879 0.365319865319865 0.14983164983165
"malTer" 0.0707070707070707 0.069023569023569 0.0740740740740741 0.0218855218855219 0.00336700336700337 0.109427609427609 0.031986531986532 0.0808080808080808 0.0488215488215488 0.38047138047138 0 0.0488215488215488 0.0723905723905724 0.0538720538720539 0.0117845117845118 0.0774410774410774 0.432659932659933
"mesTub" 0.0774410774410774 0.095959595959596 0.0942760942760943 0.0420875420875421 0.0488215488215488 0.136363636363636 0.0505050505050505 0.0942760942760943 0.0336700336700337 0.383838383838384 0.0488215488215488 0 0.0656565656565657 0.0774410774410774 0.0488215488215488 0.0808080808080808 0.424242424242424
"pelCas" 0.0942760942760943 0.107744107744108 0.116161616161616 0.0723905723905724 0.0723905723905724 0.153198653198653 0.0774410774410774 0.114478114478114 0.069023569023569 0.373737373737374 0.0723905723905724 0.0656565656565657 0 0.0909090909090909 0.0723905723905724 0.0521885521885522 0.420875420875421
"pelSin" 0.0471380471380471 0.111111111111111 0.0976430976430976 0.0606060606060606 0.0572390572390572 0.151515151515152 0.0606060606060606 0.101010101010101 0.0656565656565657 0.361952861952862 0.0538720538720539 0.0774410774410774 0.0909090909090909 0 0.0538720538720539 0.0892255892255892 0.415824915824916
"plaMeg" 0.0673400673400673 0.0740740740740741 0.0791245791245791 0.0202020202020202 0.0151515151515152 0.109427609427609 0.0303030303030303 0.0824915824915825 0.0454545454545455 0.378787878787879 0.0117845117845118 0.0488215488215488 0.0723905723905724 0.0538720538720539 0 0.0774410774410774 0.427609427609428
"podExp" 0.0993265993265993 0.111111111111111 0.111111111111111 0.0774410774410774 0.0774410774410774 0.161616161616162 0.0791245791245791 0.112794612794613 0.0740740740740741 0.365319865319865 0.0774410774410774 0.0808080808080808 0.0521885521885522 0.0892255892255892 0.0774410774410774 0 0.427609427609428
"terMex" 0.409090909090909 0.432659932659933 0.414141414141414 0.424242424242424 0.434343434343434 0.473063973063973 0.424242424242424 0.414141414141414 0.414141414141414 0.14983164983165 0.432659932659933 0.424242424242424 0.420875420875421 0.415824915824916 0.427609427609428 0.427609427609428 0
