"carIns" "cheAbi" "cheMyd" "cheSer" "chrPic" "cuoAmb" "cuoMcc" "derMaw" "emySub" "gopAga" "pelCas" "terMex"
"carIns" 0 0.0284237726098191 0.0284237726098191 0.0271317829457364 0.0322997416020672 0.0245478036175711 0.0245478036175711 0.0297157622739018 0.0335917312661499 0.0284237726098191 0.0374677002583979 0.0710594315245478
"cheAbi" 0.0284237726098191 0 0.0155038759689922 0.0142118863049096 0.0167958656330749 0.00387596899224806 0.00387596899224806 0.0142118863049096 0.0310077519379845 0.00516795865633075 0.0348837209302326 0.0581395348837209
"cheMyd" 0.0284237726098191 0.0155038759689922 0 0.0116279069767442 0.0193798449612403 0.0116279069767442 0.0116279069767442 0.0167958656330749 0.0310077519379845 0.0180878552971576 0.0374677002583979 0.0594315245478036
"cheSer" 0.0271317829457364 0.0142118863049096 0.0116279069767442 0 0.0180878552971576 0.0103359173126615 0.0103359173126615 0.0155038759689922 0.0297157622739018 0.0167958656330749 0.0361757105943152 0.0581395348837209
"chrPic" 0.0322997416020672 0.0167958656330749 0.0193798449612403 0.0180878552971576 0 0.0155038759689922 0.0155038759689922 0.0180878552971576 0.0348837209302326 0.0193798449612403 0.0387596899224806 0.0594315245478036
"cuoAmb" 0.0245478036175711 0.00387596899224806 0.0116279069767442 0.0103359173126615 0.0155038759689922 0 0 0.0129198966408269 0.0297157622739018 0.00645994832041344 0.0335917312661499 0.0555555555555556
"cuoMcc" 0.0245478036175711 0.00387596899224806 0.0116279069767442 0.0103359173126615 0.0155038759689922 0 0 0.0129198966408269 0.0297157622739018 0.00645994832041344 0.0335917312661499 0.0555555555555556
"derMaw" 0.0297157622739018 0.0142118863049096 0.0167958656330749 0.0155038759689922 0.0180878552971576 0.0129198966408269 0.0129198966408269 0 0.0322997416020672 0.0167958656330749 0.0335917312661499 0.0568475452196382
"emySub" 0.0335917312661499 0.0310077519379845 0.0310077519379845 0.0297157622739018 0.0348837209302326 0.0297157622739018 0.0297157622739018 0.0322997416020672 0 0.0335917312661499 0.0271317829457364 0.0736434108527132
"gopAga" 0.0284237726098191 0.00516795865633075 0.0180878552971576 0.0167958656330749 0.0193798449612403 0.00645994832041344 0.00645994832041344 0.0167958656330749 0.0335917312661499 0 0.0374677002583979 0.0607235142118863
"pelCas" 0.0374677002583979 0.0348837209302326 0.0374677002583979 0.0361757105943152 0.0387596899224806 0.0335917312661499 0.0335917312661499 0.0335917312661499 0.0271317829457364 0.0374677002583979 0 0.0749354005167959
"terMex" 0.0710594315245478 0.0581395348837209 0.0594315245478036 0.0581395348837209 0.0594315245478036 0.0555555555555556 0.0555555555555556 0.0568475452196382 0.0736434108527132 0.0607235142118863 0.0749354005167959 0
