"cheAbi" "cheMyd" "cheSer" "chrPic" "cuoAmb" "cuoMcc" "derCor" "derMaw" "emySub" "gopAga" "malTer" "mesTub" "pelCas" "pelSin" "plaMeg" "podExp" "terMex"
"cheAbi" 0 0.0168776371308017 0.0140646976090014 0.0210970464135021 0.00843881856540084 0.0070323488045007 0.019690576652602 0.0239099859353024 0.0421940928270042 0.0070323488045007 0.0168776371308017 0.0379746835443038 0.0464135021097046 0.0632911392405063 0.00984528832630099 0.0436005625879044 0.0210970464135021
"cheMyd" 0.0168776371308017 0 0.00984528832630099 0.0210970464135021 0.0168776371308017 0.0154711673699015 0.00562587904360056 0.0239099859353024 0.0379746835443038 0.0154711673699015 0.0168776371308017 0.0365682137834037 0.0478199718706048 0.0576652601969058 0.0126582278481013 0.0421940928270042 0.0210970464135021
"cheSer" 0.0140646976090014 0.00984528832630099 0 0.019690576652602 0.0154711673699015 0.0140646976090014 0.0126582278481013 0.0225035161744023 0.0393811533052039 0.0140646976090014 0.0154711673699015 0.0351617440225035 0.0450070323488045 0.0562587904360056 0.0112517580872011 0.0407876230661041 0.019690576652602
"chrPic" 0.0210970464135021 0.0210970464135021 0.019690576652602 0 0.0210970464135021 0.019690576652602 0.0239099859353024 0.0309423347398031 0.0436005625879044 0.019690576652602 0.00421940928270042 0.0393811533052039 0.0534458509142053 0.0618846694796062 0.0140646976090014 0.0436005625879044 0.00843881856540084
"cuoAmb" 0.00843881856540084 0.0168776371308017 0.0154711673699015 0.0210970464135021 0 0.00140646976090014 0.019690576652602 0.0239099859353024 0.0421940928270042 0.0070323488045007 0.0168776371308017 0.0379746835443038 0.0492264416315049 0.060478199718706 0.0126582278481013 0.0464135021097046 0.0210970464135021
"cuoMcc" 0.0070323488045007 0.0154711673699015 0.0140646976090014 0.019690576652602 0.00140646976090014 0 0.0182841068917018 0.0253164556962025 0.0407876230661041 0.00562587904360056 0.0154711673699015 0.0365682137834037 0.0478199718706048 0.0590717299578059 0.0112517580872011 0.0450070323488045 0.019690576652602
"derCor" 0.019690576652602 0.00562587904360056 0.0126582278481013 0.0239099859353024 0.019690576652602 0.0182841068917018 0 0.0267229254571027 0.0407876230661041 0.0182841068917018 0.019690576652602 0.0393811533052039 0.0506329113924051 0.0576652601969058 0.0154711673699015 0.0450070323488045 0.0239099859353024
"derMaw" 0.0239099859353024 0.0239099859353024 0.0225035161744023 0.0309423347398031 0.0239099859353024 0.0253164556962025 0.0267229254571027 0 0.0506329113924051 0.0253164556962025 0.0267229254571027 0.0464135021097046 0.0548523206751055 0.0646976090014065 0.019690576652602 0.0492264416315049 0.0309423347398031
"emySub" 0.0421940928270042 0.0379746835443038 0.0393811533052039 0.0436005625879044 0.0421940928270042 0.0407876230661041 0.0407876230661041 0.0506329113924051 0 0.0407876230661041 0.0421940928270042 0.0168776371308017 0.0464135021097046 0.060478199718706 0.0379746835443038 0.0351617440225035 0.0436005625879044
"gopAga" 0.0070323488045007 0.0154711673699015 0.0140646976090014 0.019690576652602 0.0070323488045007 0.00562587904360056 0.0182841068917018 0.0253164556962025 0.0407876230661041 0 0.0154711673699015 0.0365682137834037 0.0478199718706048 0.0618846694796062 0.0112517580872011 0.0450070323488045 0.019690576652602
"malTer" 0.0168776371308017 0.0168776371308017 0.0154711673699015 0.00421940928270042 0.0168776371308017 0.0154711673699015 0.019690576652602 0.0267229254571027 0.0421940928270042 0.0154711673699015 0 0.0379746835443038 0.0492264416315049 0.060478199718706 0.00984528832630099 0.0421940928270042 0.00421940928270042
"mesTub" 0.0379746835443038 0.0365682137834037 0.0351617440225035 0.0393811533052039 0.0379746835443038 0.0365682137834037 0.0393811533052039 0.0464135021097046 0.0168776371308017 0.0365682137834037 0.0379746835443038 0 0.0379746835443038 0.0562587904360056 0.0337552742616034 0.029535864978903 0.0421940928270042
"pelCas" 0.0464135021097046 0.0478199718706048 0.0450070323488045 0.0534458509142053 0.0492264416315049 0.0478199718706048 0.0506329113924051 0.0548523206751055 0.0464135021097046 0.0478199718706048 0.0492264416315049 0.0379746835443038 0 0.070323488045007 0.0450070323488045 0.0351617440225035 0.0534458509142053
"pelSin" 0.0632911392405063 0.0576652601969058 0.0562587904360056 0.0618846694796062 0.060478199718706 0.0590717299578059 0.0576652601969058 0.0646976090014065 0.060478199718706 0.0618846694796062 0.060478199718706 0.0562587904360056 0.070323488045007 0 0.0590717299578059 0.0576652601969058 0.0618846694796062
"plaMeg" 0.00984528832630099 0.0126582278481013 0.0112517580872011 0.0140646976090014 0.0126582278481013 0.0112517580872011 0.0154711673699015 0.019690576652602 0.0379746835443038 0.0112517580872011 0.00984528832630099 0.0337552742616034 0.0450070323488045 0.0590717299578059 0 0.0393811533052039 0.0140646976090014
"podExp" 0.0436005625879044 0.0421940928270042 0.0407876230661041 0.0436005625879044 0.0464135021097046 0.0450070323488045 0.0450070323488045 0.0492264416315049 0.0351617440225035 0.0450070323488045 0.0421940928270042 0.029535864978903 0.0351617440225035 0.0576652601969058 0.0393811533052039 0 0.0464135021097046
"terMex" 0.0210970464135021 0.0210970464135021 0.019690576652602 0.00843881856540084 0.0210970464135021 0.019690576652602 0.0239099859353024 0.0309423347398031 0.0436005625879044 0.019690576652602 0.00421940928270042 0.0421940928270042 0.0534458509142053 0.0618846694796062 0.0140646976090014 0.0464135021097046 0
