"cheAbi" "cheMyd" "chrPic" "cuoMcc" "derCor" "derMaw" "emySub" "gopAga" "malTer" "mesTub" "pelSin" "plaMeg" "podExp" "terMex"
"cheAbi" 0 0.0221465076660988 0.020442930153322 0.020442930153322 0.0289608177172061 0.0459965928449744 0.10221465076661 0.0153321976149915 0.0289608177172061 0.144804088586031 0.0477001703577513 0.0187393526405451 0.212947189097104 0.020442930153322
"cheMyd" 0.0221465076660988 0 0.0119250425894378 0.0153321976149915 0.0136286201022147 0.030664395229983 0.0936967632027257 0.0136286201022147 0.0170357751277683 0.137989778534923 0.0357751277683135 0.010221465076661 0.211243611584327 0.0119250425894378
"chrPic" 0.020442930153322 0.0119250425894378 0 0.0136286201022147 0.0221465076660988 0.0357751277683135 0.100511073253833 0.0119250425894378 0.010221465076661 0.143100511073254 0.040885860306644 0.00851788756388416 0.206132879045997 0.00681431005110733
"cuoMcc" 0.020442930153322 0.0153321976149915 0.0136286201022147 0 0.0255536626916525 0.0391822827938671 0.0971039182282794 0.0153321976149915 0.0221465076660988 0.1396933560477 0.040885860306644 0.0119250425894378 0.212947189097104 0.0136286201022147
"derCor" 0.0289608177172061 0.0136286201022147 0.0221465076660988 0.0255536626916525 0 0.0374787052810903 0.0954003407155026 0.0238500851788756 0.0272572402044293 0.131175468483816 0.0425894378194208 0.020442930153322 0.207836456558773 0.0221465076660988
"derMaw" 0.0459965928449744 0.030664395229983 0.0357751277683135 0.0391822827938671 0.0374787052810903 0 0.0988074957410562 0.0374787052810903 0.040885860306644 0.127768313458262 0.0494037478705281 0.0340715502555366 0.195911413969336 0.0357751277683135
"emySub" 0.10221465076661 0.0936967632027257 0.100511073253833 0.0971039182282794 0.0954003407155026 0.0988074957410562 0 0.100511073253833 0.105621805792164 0.0817717206132879 0.0954003407155026 0.0971039182282794 0.161839863713799 0.100511073253833
"gopAga" 0.0153321976149915 0.0136286201022147 0.0119250425894378 0.0153321976149915 0.0238500851788756 0.0374787052810903 0.100511073253833 0 0.020442930153322 0.143100511073254 0.0425894378194208 0.010221465076661 0.211243611584327 0.010221465076661
"malTer" 0.0289608177172061 0.0170357751277683 0.010221465076661 0.0221465076660988 0.0272572402044293 0.040885860306644 0.105621805792164 0.020442930153322 0 0.148211243611584 0.0459965928449744 0.0170357751277683 0.207836456558773 0.0153321976149915
"mesTub" 0.144804088586031 0.137989778534923 0.143100511073254 0.1396933560477 0.131175468483816 0.127768313458262 0.0817717206132879 0.143100511073254 0.148211243611584 0 0.127768313458262 0.1396933560477 0.1396933560477 0.143100511073254
"pelSin" 0.0477001703577513 0.0357751277683135 0.040885860306644 0.040885860306644 0.0425894378194208 0.0494037478705281 0.0954003407155026 0.0425894378194208 0.0459965928449744 0.127768313458262 0 0.0340715502555366 0.199318568994889 0.040885860306644
"plaMeg" 0.0187393526405451 0.010221465076661 0.00851788756388416 0.0119250425894378 0.020442930153322 0.0340715502555366 0.0971039182282794 0.010221465076661 0.0170357751277683 0.1396933560477 0.0340715502555366 0 0.207836456558773 0.00851788756388416
"podExp" 0.212947189097104 0.211243611584327 0.206132879045997 0.212947189097104 0.207836456558773 0.195911413969336 0.161839863713799 0.211243611584327 0.207836456558773 0.1396933560477 0.199318568994889 0.207836456558773 0 0.212947189097104
"terMex" 0.020442930153322 0.0119250425894378 0.00681431005110733 0.0136286201022147 0.0221465076660988 0.0357751277683135 0.100511073253833 0.010221465076661 0.0153321976149915 0.143100511073254 0.040885860306644 0.00851788756388416 0.212947189097104 0
