"carIns" "cheAbi" "cheSer" "chrPic" "cuoAmb" "cuoMcc" "derCor" "derMaw" "emySub" "gopAga" "malTer" "mesTub" "pelCas" "pelSin" "plaMeg" "podExp" "terMex"
"carIns" 0 0.0596797671033479 0.0538573508005822 0.0451237263464338 0.0480349344978166 0.404657933042213 0.149927219796215 0.0480349344978166 0.0625909752547307 0.0480349344978166 0.0727802037845706 0.0655021834061135 0.0582241630276565 0.168850072780204 0.369723435225619 0.0887918486171761 0.0436681222707424
"cheAbi" 0.0596797671033479 0 0.0422125181950509 0.0262008733624454 0.0232896652110626 0.397379912663755 0.131004366812227 0.0349344978165939 0.0524017467248908 0.0203784570596798 0.0553129548762737 0.0582241630276565 0.0596797671033479 0.155749636098981 0.36098981077147 0.0756914119359534 0.024745269286754
"cheSer" 0.0538573508005822 0.0422125181950509 0 0.0276564774381368 0.0305676855895196 0.40174672489083 0.13391557496361 0.0320232896652111 0.049490538573508 0.0305676855895196 0.0553129548762737 0.0553129548762737 0.0567685589519651 0.152838427947598 0.369723435225619 0.074235807860262 0.0232896652110626
"chrPic" 0.0451237263464338 0.0262008733624454 0.0276564774381368 0 0.0145560407569141 0.40174672489083 0.120815138282387 0.0232896652110626 0.0407569141193595 0.0145560407569141 0.0291120815138282 0.0465793304221252 0.0480349344978166 0.148471615720524 0.366812227074236 0.066957787481805 0.00727802037845706
"cuoAmb" 0.0480349344978166 0.0232896652110626 0.0305676855895196 0.0145560407569141 0 0.404657933042213 0.122270742358079 0.0232896652110626 0.0465793304221252 0.0116448326055313 0.0436681222707424 0.049490538573508 0.049490538573508 0.148471615720524 0.365356622998544 0.066957787481805 0.0131004366812227
"cuoMcc" 0.404657933042213 0.397379912663755 0.40174672489083 0.40174672489083 0.404657933042213 0 0.390101892285298 0.40174672489083 0.40174672489083 0.398835516739447 0.413391557496361 0.403202328966521 0.397379912663755 0.403202328966521 0.419213973799127 0.397379912663755 0.400291120815138
"derCor" 0.149927219796215 0.131004366812227 0.13391557496361 0.120815138282387 0.122270742358079 0.390101892285298 0 0.12372634643377 0.136826783114993 0.12372634643377 0.149927219796215 0.139737991266376 0.142649199417758 0.149927219796215 0.393013100436681 0.151382823871907 0.117903930131004
"derMaw" 0.0480349344978166 0.0349344978165939 0.0320232896652111 0.0232896652110626 0.0232896652110626 0.40174672489083 0.12372634643377 0 0.0480349344978166 0.0262008733624454 0.0524017467248908 0.0451237263464338 0.049490538573508 0.141193595342067 0.358078602620087 0.0756914119359534 0.0218340611353712
"emySub" 0.0625909752547307 0.0524017467248908 0.049490538573508 0.0407569141193595 0.0465793304221252 0.40174672489083 0.136826783114993 0.0480349344978166 0 0.0436681222707424 0.0684133915574964 0.0218340611353712 0.0407569141193595 0.163027656477438 0.365356622998544 0.0611353711790393 0.0393013100436681
"gopAga" 0.0480349344978166 0.0203784570596798 0.0305676855895196 0.0145560407569141 0.0116448326055313 0.398835516739447 0.12372634643377 0.0262008733624454 0.0436681222707424 0 0.0422125181950509 0.049490538573508 0.0509461426491994 0.145560407569141 0.36098981077147 0.0698689956331878 0.0131004366812227
"malTer" 0.0727802037845706 0.0553129548762737 0.0553129548762737 0.0291120815138282 0.0436681222707424 0.413391557496361 0.149927219796215 0.0524017467248908 0.0684133915574964 0.0422125181950509 0 0.074235807860262 0.074235807860262 0.171761280931587 0.384279475982533 0.091703056768559 0.0363901018922853
"mesTub" 0.0655021834061135 0.0582241630276565 0.0553129548762737 0.0465793304221252 0.049490538573508 0.403202328966521 0.139737991266376 0.0451237263464338 0.0218340611353712 0.049490538573508 0.074235807860262 0 0.0393013100436681 0.163027656477438 0.366812227074236 0.0625909752547307 0.0451237263464338
"pelCas" 0.0582241630276565 0.0596797671033479 0.0567685589519651 0.0480349344978166 0.049490538573508 0.397379912663755 0.142649199417758 0.049490538573508 0.0407569141193595 0.0509461426491994 0.074235807860262 0.0393013100436681 0 0.167394468704512 0.369723435225619 0.0640465793304221 0.0465793304221252
"pelSin" 0.168850072780204 0.155749636098981 0.152838427947598 0.148471615720524 0.148471615720524 0.403202328966521 0.149927219796215 0.141193595342067 0.163027656477438 0.145560407569141 0.171761280931587 0.163027656477438 0.167394468704512 0 0.375545851528384 0.174672489082969 0.14410480349345
"plaMeg" 0.369723435225619 0.36098981077147 0.369723435225619 0.366812227074236 0.365356622998544 0.419213973799127 0.393013100436681 0.358078602620087 0.365356622998544 0.36098981077147 0.384279475982533 0.366812227074236 0.369723435225619 0.375545851528384 0 0.36098981077147 0.365356622998544
"podExp" 0.0887918486171761 0.0756914119359534 0.074235807860262 0.066957787481805 0.066957787481805 0.397379912663755 0.151382823871907 0.0756914119359534 0.0611353711790393 0.0698689956331878 0.091703056768559 0.0625909752547307 0.0640465793304221 0.174672489082969 0.36098981077147 0 0.0655021834061135
"terMex" 0.0436681222707424 0.024745269286754 0.0232896652110626 0.00727802037845706 0.0131004366812227 0.400291120815138 0.117903930131004 0.0218340611353712 0.0393013100436681 0.0131004366812227 0.0363901018922853 0.0451237263464338 0.0465793304221252 0.14410480349345 0.365356622998544 0.0655021834061135 0
