"carIns" "cheAbi" "cheMyd" "cheSer" "chrPic" "cuoAmb" "cuoMcc" "derCor" "derMaw" "emySub" "gopAga" "malTer" "mesTub" "pelCas" "pelSin" "plaMeg" "podExp" "terMex"
"carIns" 0 0.0868544600938967 0.118544600938967 0.073943661971831 0.0821596244131455 0.073943661971831 0.0774647887323944 0.0786384976525822 0.0950704225352113 0.104460093896714 0.0821596244131455 0.07981220657277 0.116197183098592 0.129107981220657 0.212441314553991 0.0762910798122066 0.116197183098592 0.0751173708920188
"cheAbi" 0.0868544600938967 0 0.0903755868544601 0.0551643192488263 0.0446009389671361 0.0410798122065728 0.0434272300469484 0.0586854460093897 0.0598591549295775 0.0950704225352113 0.0375586854460094 0.0434272300469484 0.106807511737089 0.116197183098592 0.206572769953052 0.0410798122065728 0.118544600938967 0.0387323943661972
"cheMyd" 0.118544600938967 0.0903755868544601 0 0.0774647887323944 0.0809859154929577 0.0786384976525822 0.0762910798122066 0.0692488262910798 0.0892018779342723 0.117370892018779 0.0821596244131455 0.07981220657277 0.125586854460094 0.123239436619718 0.2018779342723 0.0751173708920188 0.136150234741784 0.0727699530516432
"cheSer" 0.073943661971831 0.0551643192488263 0.0774647887323944 0 0.0410798122065728 0.039906103286385 0.0363849765258216 0.039906103286385 0.0457746478873239 0.0774647887323944 0.0434272300469484 0.039906103286385 0.0903755868544601 0.105633802816901 0.190140845070423 0.0352112676056338 0.0950704225352113 0.034037558685446
"chrPic" 0.0821596244131455 0.0446009389671361 0.0809859154929577 0.0410798122065728 0 0.0328638497652582 0.0293427230046948 0.0457746478873239 0.0469483568075117 0.07981220657277 0.039906103286385 0.00586854460093897 0.0950704225352113 0.112676056338028 0.197183098591549 0.0199530516431925 0.104460093896714 0.0152582159624413
"cuoAmb" 0.073943661971831 0.0410798122065728 0.0786384976525822 0.039906103286385 0.0328638497652582 0 0.0176056338028169 0.0410798122065728 0.0539906103286385 0.0774647887323944 0.0328638497652582 0.0328638497652582 0.0880281690140845 0.0997652582159624 0.196009389671362 0.028169014084507 0.0985915492957746 0.0269953051643192
"cuoMcc" 0.0774647887323944 0.0434272300469484 0.0762910798122066 0.0363849765258216 0.0293427230046948 0.0176056338028169 0 0.0434272300469484 0.0492957746478873 0.0774647887323944 0.034037558685446 0.028169014084507 0.0868544600938967 0.10093896713615 0.196009389671362 0.0234741784037559 0.0985915492957746 0.0199530516431925
"derCor" 0.0786384976525822 0.0586854460093897 0.0692488262910798 0.039906103286385 0.0457746478873239 0.0410798122065728 0.0434272300469484 0 0.0551643192488263 0.0821596244131455 0.0492957746478873 0.0446009389671361 0.0903755868544601 0.105633802816901 0.192488262910798 0.039906103286385 0.105633802816901 0.039906103286385
"derMaw" 0.0950704225352113 0.0598591549295775 0.0892018779342723 0.0457746478873239 0.0469483568075117 0.0539906103286385 0.0492957746478873 0.0551643192488263 0 0.0845070422535211 0.0575117370892019 0.0457746478873239 0.0962441314553991 0.124413145539906 0.205399061032864 0.0410798122065728 0.109154929577465 0.0410798122065728
"emySub" 0.104460093896714 0.0950704225352113 0.117370892018779 0.0774647887323944 0.07981220657277 0.0774647887323944 0.0774647887323944 0.0821596244131455 0.0845070422535211 0 0.0903755868544601 0.0786384976525822 0.068075117370892 0.119718309859155 0.223004694835681 0.0669014084507042 0.105633802816901 0.0727699530516432
"gopAga" 0.0821596244131455 0.0375586854460094 0.0821596244131455 0.0434272300469484 0.039906103286385 0.0328638497652582 0.034037558685446 0.0492957746478873 0.0575117370892019 0.0903755868544601 0 0.0387323943661972 0.0974178403755869 0.109154929577465 0.198356807511737 0.034037558685446 0.105633802816901 0.034037558685446
"malTer" 0.07981220657277 0.0434272300469484 0.07981220657277 0.039906103286385 0.00586854460093897 0.0328638497652582 0.028169014084507 0.0446009389671361 0.0457746478873239 0.0786384976525822 0.0387323943661972 0 0.0938967136150235 0.112676056338028 0.198356807511737 0.0187793427230047 0.102112676056338 0.0140845070422535
"mesTub" 0.116197183098592 0.106807511737089 0.125586854460094 0.0903755868544601 0.0950704225352113 0.0880281690140845 0.0868544600938967 0.0903755868544601 0.0962441314553991 0.068075117370892 0.0974178403755869 0.0938967136150235 0 0.125586854460094 0.226525821596244 0.0845070422535211 0.11150234741784 0.0880281690140845
"pelCas" 0.129107981220657 0.116197183098592 0.123239436619718 0.105633802816901 0.112676056338028 0.0997652582159624 0.10093896713615 0.105633802816901 0.124413145539906 0.119718309859155 0.109154929577465 0.112676056338028 0.125586854460094 0 0.220657276995305 0.103286384976526 0.105633802816901 0.104460093896714
"pelSin" 0.212441314553991 0.206572769953052 0.2018779342723 0.190140845070423 0.197183098591549 0.196009389671362 0.196009389671362 0.192488262910798 0.205399061032864 0.223004694835681 0.198356807511737 0.198356807511737 0.226525821596244 0.220657276995305 0 0.196009389671362 0.226525821596244 0.19131455399061
"plaMeg" 0.0762910798122066 0.0410798122065728 0.0751173708920188 0.0352112676056338 0.0199530516431925 0.028169014084507 0.0234741784037559 0.039906103286385 0.0410798122065728 0.0669014084507042 0.034037558685446 0.0187793427230047 0.0845070422535211 0.103286384976526 0.196009389671362 0 0.0962441314553991 0.0140845070422535
"podExp" 0.116197183098592 0.118544600938967 0.136150234741784 0.0950704225352113 0.104460093896714 0.0985915492957746 0.0985915492957746 0.105633802816901 0.109154929577465 0.105633802816901 0.105633802816901 0.102112676056338 0.11150234741784 0.105633802816901 0.226525821596244 0.0962441314553991 0 0.0985915492957746
"terMex" 0.0751173708920188 0.0387323943661972 0.0727699530516432 0.034037558685446 0.0152582159624413 0.0269953051643192 0.0199530516431925 0.039906103286385 0.0410798122065728 0.0727699530516432 0.034037558685446 0.0140845070422535 0.0880281690140845 0.104460093896714 0.19131455399061 0.0140845070422535 0.0985915492957746 0
