"carIns" "cheAbi" "cheMyd" "cheSer" "chrPic" "derCor" "derMaw" "emySub" "gopAga" "malTer" "mesTub" "pelCas" "pelSin" "plaMeg" "terMex"
"carIns" 0 0.168486739469579 0.166146645865835 0.166926677067083 0.15990639625585 0.266770670826833 0.170826833073323 0.174726989079563 0.168486739469579 0.16380655226209 0.182527301092044 0.259750390015601 0.18408736349454 0.165366614664587 0.15990639625585
"cheAbi" 0.168486739469579 0 0.0670826833073323 0.0655226209048362 0.0397815912636505 0.192667706708268 0.0858034321372855 0.111544461778471 0.0335413416536661 0.0444617784711388 0.114664586583463 0.208268330733229 0.147425897035881 0.0553822152886115 0.0366614664586583
"cheMyd" 0.166146645865835 0.0670826833073323 0 0.0530421216848674 0.0522620904836193 0.167706708268331 0.0764430577223089 0.117004680187207 0.0647425897035881 0.0546021840873635 0.119344773790952 0.216848673946958 0.152886115444618 0.0569422776911076 0.0507020280811232
"cheSer" 0.166926677067083 0.0655226209048362 0.0530421216848674 0 0.0452418096723869 0.183307332293292 0.0748829953198128 0.119344773790952 0.0577223088923557 0.0499219968798752 0.1201248049922 0.212948517940718 0.152886115444618 0.0514820592823713 0.047581903276131
"chrPic" 0.15990639625585 0.0397815912636505 0.0522620904836193 0.0452418096723869 0 0.175507020280811 0.0702028081123245 0.101404056162246 0.0366614664586583 0.0171606864274571 0.102184087363495 0.195787831513261 0.139625585023401 0.0405616224648986 0.0179407176287051
"derCor" 0.266770670826833 0.192667706708268 0.167706708268331 0.183307332293292 0.175507020280811 0 0.199687987519501 0.228549141965679 0.184867394695788 0.1801872074883 0.226989079563183 0.298751950078003 0.245709828393136 0.177067082683307 0.174726989079563
"derMaw" 0.170826833073323 0.0858034321372855 0.0764430577223089 0.0748829953198128 0.0702028081123245 0.199687987519501 0 0.131045241809672 0.078783151326053 0.0741029641185647 0.136505460218409 0.22386895475819 0.15600624024961 0.078783151326053 0.0702028081123245
"emySub" 0.174726989079563 0.111544461778471 0.117004680187207 0.119344773790952 0.101404056162246 0.228549141965679 0.131045241809672 0 0.111544461778471 0.103744149765991 0.0733229329173167 0.191107644305772 0.158346333853354 0.109204368174727 0.101404056162246
"gopAga" 0.168486739469579 0.0335413416536661 0.0647425897035881 0.0577223088923557 0.0366614664586583 0.184867394695788 0.078783151326053 0.111544461778471 0 0.0421216848673947 0.110764430577223 0.207488299531981 0.142745709828393 0.0499219968798752 0.030421216848674
"malTer" 0.16380655226209 0.0444617784711388 0.0546021840873635 0.0499219968798752 0.0171606864274571 0.1801872074883 0.0741029641185647 0.103744149765991 0.0421216848673947 0 0.106084243369735 0.195787831513261 0.140405616224649 0.0429017160686427 0.0249609984399376
"mesTub" 0.182527301092044 0.114664586583463 0.119344773790952 0.1201248049922 0.102184087363495 0.226989079563183 0.136505460218409 0.0733229329173167 0.110764430577223 0.106084243369735 0 0.197347893915757 0.170826833073323 0.115444617784711 0.102964118564743
"pelCas" 0.259750390015601 0.208268330733229 0.216848673946958 0.212948517940718 0.195787831513261 0.298751950078003 0.22386895475819 0.191107644305772 0.207488299531981 0.195787831513261 0.197347893915757 0 0.246489859594384 0.206708268330733 0.195787831513261
"pelSin" 0.18408736349454 0.147425897035881 0.152886115444618 0.152886115444618 0.139625585023401 0.245709828393136 0.15600624024961 0.158346333853354 0.142745709828393 0.140405616224649 0.170826833073323 0.246489859594384 0 0.148985959438378 0.138845553822153
"plaMeg" 0.165366614664587 0.0553822152886115 0.0569422776911076 0.0514820592823713 0.0405616224648986 0.177067082683307 0.078783151326053 0.109204368174727 0.0499219968798752 0.0429017160686427 0.115444617784711 0.206708268330733 0.148985959438378 0 0.0358814352574103
"terMex" 0.15990639625585 0.0366614664586583 0.0507020280811232 0.047581903276131 0.0179407176287051 0.174726989079563 0.0702028081123245 0.101404056162246 0.030421216848674 0.0249609984399376 0.102964118564743 0.195787831513261 0.138845553822153 0.0358814352574103 0
