"carIns" "cheAbi" "cheMyd" "cheSer" "chrPic" "cuoAmb" "cuoMcc" "derCor" "derMaw" "emySub" "gopAga" "malTer" "mesTub" "pelCas" "pelSin" "plaMeg" "podExp" "terMex"
"carIns" 0 0.0813823857302118 0.0836120401337793 0.0769230769230769 0.0758082497212932 0.0769230769230769 0.0769230769230769 0.0836120401337793 0.0891861761426979 0.102564102564103 0.0858416945373467 0.0780379041248606 0.108138238573021 0.111482720178372 0.0791527313266444 0.0769230769230769 0.120401337792642 0.0746934225195095
"cheAbi" 0.0813823857302118 0 0.0256410256410256 0.020066889632107 0.0144927536231884 0.0178372352285396 0.0178372352285396 0.0256410256410256 0.052396878483835 0.0657748049052397 0.0133779264214047 0.0189520624303233 0.0713489409141583 0.0802675585284281 0.0546265328874025 0.0156075808249721 0.102564102564103 0.0133779264214047
"cheMyd" 0.0836120401337793 0.0256410256410256 0 0.0189520624303233 0.0178372352285396 0.020066889632107 0.020066889632107 0.00668896321070234 0.0479375696767001 0.0702341137123746 0.0278706800445931 0.020066889632107 0.0746934225195095 0.0858416945373467 0.0546265328874025 0.0211817168338907 0.10479375696767 0.0167224080267559
"cheSer" 0.0769230769230769 0.020066889632107 0.0189520624303233 0 0.012263099219621 0.0178372352285396 0.0178372352285396 0.0189520624303233 0.0423634336677815 0.0635451505016722 0.0222965440356745 0.0167224080267559 0.0680044593088071 0.0813823857302118 0.0479375696767001 0.0156075808249721 0.102564102564103 0.0111482720178372
"chrPic" 0.0758082497212932 0.0144927536231884 0.0178372352285396 0.012263099219621 0 0.0144927536231884 0.0144927536231884 0.0178372352285396 0.0445930880713489 0.0624303232998885 0.0156075808249721 0.00668896321070234 0.0668896321070234 0.0758082497212932 0.0468227424749164 0.012263099219621 0.0992196209587514 0.00111482720178372
"cuoAmb" 0.0769230769230769 0.0178372352285396 0.020066889632107 0.0178372352285396 0.0144927536231884 0 0.00222965440356745 0.020066889632107 0.0457079152731327 0.0680044593088071 0.020066889632107 0.0189520624303233 0.072463768115942 0.0746934225195095 0.052396878483835 0.0156075808249721 0.102564102564103 0.0133779264214047
"cuoMcc" 0.0769230769230769 0.0178372352285396 0.020066889632107 0.0178372352285396 0.0144927536231884 0.00222965440356745 0 0.020066889632107 0.0457079152731327 0.0680044593088071 0.020066889632107 0.0189520624303233 0.0702341137123746 0.0746934225195095 0.052396878483835 0.0156075808249721 0.10479375696767 0.0133779264214047
"derCor" 0.0836120401337793 0.0256410256410256 0.00668896321070234 0.0189520624303233 0.0178372352285396 0.020066889632107 0.020066889632107 0 0.0479375696767001 0.0680044593088071 0.0278706800445931 0.0222965440356745 0.072463768115942 0.0836120401337793 0.0568561872909699 0.0211817168338907 0.107023411371237 0.0167224080267559
"derMaw" 0.0891861761426979 0.052396878483835 0.0479375696767001 0.0423634336677815 0.0445930880713489 0.0457079152731327 0.0457079152731327 0.0479375696767001 0 0.0891861761426979 0.0546265328874025 0.0468227424749164 0.0903010033444816 0.096989966555184 0.0680044593088071 0.0412486064659978 0.121516164994426 0.0434782608695652
"emySub" 0.102564102564103 0.0657748049052397 0.0702341137123746 0.0635451505016722 0.0624303232998885 0.0680044593088071 0.0680044593088071 0.0680044593088071 0.0891861761426979 0 0.0680044593088071 0.0668896321070234 0.0256410256410256 0.0680044593088071 0.0758082497212932 0.0635451505016722 0.0880713489409142 0.0613154960981048
"gopAga" 0.0858416945373467 0.0133779264214047 0.0278706800445931 0.0222965440356745 0.0156075808249721 0.020066889632107 0.020066889632107 0.0278706800445931 0.0546265328874025 0.0680044593088071 0 0.0211817168338907 0.0735785953177258 0.0813823857302118 0.0546265328874025 0.020066889632107 0.10479375696767 0.0156075808249721
"malTer" 0.0780379041248606 0.0189520624303233 0.020066889632107 0.0167224080267559 0.00668896321070234 0.0189520624303233 0.0189520624303233 0.0222965440356745 0.0468227424749164 0.0668896321070234 0.0211817168338907 0 0.0713489409141583 0.0802675585284281 0.0490523968784838 0.0167224080267559 0.0992196209587514 0.00557413600891862
"mesTub" 0.108138238573021 0.0713489409141583 0.0746934225195095 0.0680044593088071 0.0668896321070234 0.072463768115942 0.0702341137123746 0.072463768115942 0.0903010033444816 0.0256410256410256 0.0735785953177258 0.0713489409141583 0 0.0735785953177258 0.0824972129319955 0.0691192865105909 0.0992196209587514 0.0657748049052397
"pelCas" 0.111482720178372 0.0802675585284281 0.0858416945373467 0.0813823857302118 0.0758082497212932 0.0746934225195095 0.0746934225195095 0.0836120401337793 0.096989966555184 0.0680044593088071 0.0813823857302118 0.0802675585284281 0.0735785953177258 0 0.092530657748049 0.0735785953177258 0.0824972129319955 0.0746934225195095
"pelSin" 0.0791527313266444 0.0546265328874025 0.0546265328874025 0.0479375696767001 0.0468227424749164 0.052396878483835 0.052396878483835 0.0568561872909699 0.0680044593088071 0.0758082497212932 0.0546265328874025 0.0490523968784838 0.0824972129319955 0.092530657748049 0 0.0479375696767001 0.112597547380156 0.0457079152731327
"plaMeg" 0.0769230769230769 0.0156075808249721 0.0211817168338907 0.0156075808249721 0.012263099219621 0.0156075808249721 0.0156075808249721 0.0211817168338907 0.0412486064659978 0.0635451505016722 0.020066889632107 0.0167224080267559 0.0691192865105909 0.0735785953177258 0.0479375696767001 0 0.0981047937569677 0.0111482720178372
"podExp" 0.120401337792642 0.102564102564103 0.10479375696767 0.102564102564103 0.0992196209587514 0.102564102564103 0.10479375696767 0.107023411371237 0.121516164994426 0.0880713489409142 0.10479375696767 0.0992196209587514 0.0992196209587514 0.0824972129319955 0.112597547380156 0.0981047937569677 0 0.0981047937569677
"terMex" 0.0746934225195095 0.0133779264214047 0.0167224080267559 0.0111482720178372 0.00111482720178372 0.0133779264214047 0.0133779264214047 0.0167224080267559 0.0434782608695652 0.0613154960981048 0.0156075808249721 0.00557413600891862 0.0657748049052397 0.0746934225195095 0.0457079152731327 0.0111482720178372 0.0981047937569677 0
