"carIns" "cheAbi" "cheMyd" "cheSer" "chrPic" "cuoMcc" "derCor" "derMaw" "emySub" "gopAga" "malTer" "mesTub" "pelCas" "pelSin" "plaMeg" "podExp" "terMex"
"carIns" 0 0.0642733063115229 0.0715112912565142 0.0689056166763173 0.0639837869137232 0.0619571511291256 0.0978575564562826 0.0732484076433121 0.0784597568037058 0.0639837869137232 0.0645628257093225 0.0833815865663 0.0865662999420961 0.0764331210191083 0.0605095541401274 0.0914881297046902 0.0631152287203243
"cheAbi" 0.0642733063115229 0 0.0387955993051534 0.0327156919513607 0.0217139548349739 0.0112912565141864 0.069195136074117 0.0364794441227562 0.0526925303995368 0.013317892298784 0.0217139548349739 0.0599305153445281 0.0619571511291256 0.0636942675159236 0.0173711638679792 0.0726693688477128 0.0205558772437753
"cheMyd" 0.0715112912565142 0.0387955993051534 0 0.0376375217139548 0.0376375217139548 0.035031847133758 0.0613781123335263 0.0448755066589462 0.061667631731326 0.0385060799073538 0.0387955993051534 0.0700636942675159 0.0694846554719166 0.0662999420961204 0.0353213665315576 0.0807759119861031 0.0353213665315576
"cheSer" 0.0689056166763173 0.0327156919513607 0.0376375217139548 0 0.0298204979733642 0.026635784597568 0.0697741748697163 0.0373480023161552 0.0567458019687319 0.0318471337579618 0.0295309785755646 0.0631152287203243 0.0654313839027215 0.0671685002895194 0.0277938621887666 0.0761436016213086 0.027504342790967
"chrPic" 0.0639837869137232 0.0217139548349739 0.0376375217139548 0.0298204979733642 0 0.0156340474811812 0.0686160972785177 0.0353213665315576 0.0532715691951361 0.0205558772437753 0.00405327156919514 0.0587724377533295 0.0593514765489288 0.0602200347423277 0.0150550086855819 0.068326577880718 0.00984365952518819
"cuoMcc" 0.0619571511291256 0.0112912565141864 0.035031847133758 0.026635784597568 0.0156340474811812 0 0.0654313839027215 0.0321366531557614 0.0497973364215402 0.0104226983207875 0.0162130862767805 0.0564562825709322 0.0581933989577302 0.0599305153445281 0.0118702953097858 0.0697741748697163 0.0138969310943833
"derCor" 0.0978575564562826 0.069195136074117 0.0613781123335263 0.0697741748697163 0.0686160972785177 0.0654313839027215 0 0.0729588882455124 0.0810654313839027 0.068326577880718 0.0697741748697163 0.0851187029530979 0.095830920671685 0.0935147654892878 0.0657209033005211 0.105964099594673 0.0657209033005211
"derMaw" 0.0732484076433121 0.0364794441227562 0.0448755066589462 0.0373480023161552 0.0353213665315576 0.0321366531557614 0.0729588882455124 0 0.0605095541401274 0.0347423277359583 0.0370584829183555 0.0660104226983208 0.0686160972785177 0.0706427330631152 0.0330052113491604 0.0775911986103069 0.0335842501447597
"emySub" 0.0784597568037058 0.0526925303995368 0.061667631731326 0.0567458019687319 0.0532715691951361 0.0497973364215402 0.0810654313839027 0.0605095541401274 0 0.054140127388535 0.0538506079907354 0.0385060799073538 0.0587724377533295 0.0781702374059062 0.0503763752171396 0.0686160972785177 0.0506658946149392
"gopAga" 0.0639837869137232 0.013317892298784 0.0385060799073538 0.0318471337579618 0.0205558772437753 0.0104226983207875 0.068326577880718 0.0347423277359583 0.054140127388535 0 0.0205558772437753 0.060799073537927 0.0622466705269253 0.0645628257093225 0.0170816444701795 0.0729588882455124 0.0188187608569774
"malTer" 0.0645628257093225 0.0217139548349739 0.0387955993051534 0.0295309785755646 0.00405327156919514 0.0162130862767805 0.0697741748697163 0.0370584829183555 0.0538506079907354 0.0205558772437753 0 0.0593514765489288 0.0593514765489288 0.061667631731326 0.0162130862767805 0.069195136074117 0.0101331789229878
"mesTub" 0.0833815865663 0.0599305153445281 0.0700636942675159 0.0631152287203243 0.0587724377533295 0.0564562825709322 0.0851187029530979 0.0660104226983208 0.0385060799073538 0.060799073537927 0.0593514765489288 0 0.0634047481181239 0.0828025477707006 0.0570353213665316 0.0720903300521135 0.0576143601621309
"pelCas" 0.0865662999420961 0.0619571511291256 0.0694846554719166 0.0654313839027215 0.0593514765489288 0.0581933989577302 0.095830920671685 0.0686160972785177 0.0587724377533295 0.0622466705269253 0.0593514765489288 0.0634047481181239 0 0.0833815865663 0.0599305153445281 0.0590619571511291 0.0587724377533295
"pelSin" 0.0764331210191083 0.0636942675159236 0.0662999420961204 0.0671685002895194 0.0602200347423277 0.0599305153445281 0.0935147654892878 0.0706427330631152 0.0781702374059062 0.0645628257093225 0.061667631731326 0.0828025477707006 0.0833815865663 0 0.0590619571511291 0.0888824551244933 0.0613781123335263
"plaMeg" 0.0605095541401274 0.0173711638679792 0.0353213665315576 0.0277938621887666 0.0150550086855819 0.0118702953097858 0.0657209033005211 0.0330052113491604 0.0503763752171396 0.0170816444701795 0.0162130862767805 0.0570353213665316 0.0599305153445281 0.0590619571511291 0 0.0703532136653156 0.0138969310943833
"podExp" 0.0914881297046902 0.0726693688477128 0.0807759119861031 0.0761436016213086 0.068326577880718 0.0697741748697163 0.105964099594673 0.0775911986103069 0.0686160972785177 0.0729588882455124 0.069195136074117 0.0720903300521135 0.0590619571511291 0.0888824551244933 0.0703532136653156 0 0.0706427330631152
"terMex" 0.0631152287203243 0.0205558772437753 0.0353213665315576 0.027504342790967 0.00984365952518819 0.0138969310943833 0.0657209033005211 0.0335842501447597 0.0506658946149392 0.0188187608569774 0.0101331789229878 0.0576143601621309 0.0587724377533295 0.0613781123335263 0.0138969310943833 0.0706427330631152 0
