"carIns" "cheAbi" "cheMyd" "cheSer" "chrPic" "cuoMcc" "derCor" "derMaw" "emySub" "mesTub" "pelSin" "plaMeg" "podExp" "terMex"
"carIns" 0 0.0528455284552846 0.0630081300813008 0.0548780487804878 0.0609756097560976 0.056910569105691 0.117886178861789 0.0670731707317073 0.0752032520325203 0.115853658536585 0.0711382113821138 0.056910569105691 0.107723577235772 0.0609756097560976
"cheAbi" 0.0528455284552846 0 0.0223577235772358 0.0142276422764228 0.0203252032520325 0.0203252032520325 0.0813008130081301 0.032520325203252 0.0365853658536585 0.0792682926829268 0.0630081300813008 0.016260162601626 0.0650406504065041 0.0203252032520325
"cheMyd" 0.0630081300813008 0.0223577235772358 0 0.0223577235772358 0.0223577235772358 0.0264227642276423 0.0670731707317073 0.0365853658536585 0.0447154471544715 0.0833333333333333 0.0609756097560976 0.0223577235772358 0.0691056910569106 0.0223577235772358
"cheSer" 0.0548780487804878 0.0142276422764228 0.0223577235772358 0 0.0203252032520325 0.0203252032520325 0.0813008130081301 0.0304878048780488 0.0345528455284553 0.0772357723577236 0.0630081300813008 0.016260162601626 0.0670731707317073 0.0203252032520325
"chrPic" 0.0609756097560976 0.0203252032520325 0.0223577235772358 0.0203252032520325 0 0.024390243902439 0.0792682926829268 0.0304878048780488 0.0386178861788618 0.0813008130081301 0.0630081300813008 0.0121951219512195 0.0670731707317073 0.00813008130081301
"cuoMcc" 0.056910569105691 0.0203252032520325 0.0264227642276423 0.0203252032520325 0.024390243902439 0 0.0853658536585366 0.0345528455284553 0.0386178861788618 0.0813008130081301 0.0630081300813008 0.0203252032520325 0.0711382113821138 0.024390243902439
"derCor" 0.117886178861789 0.0813008130081301 0.0670731707317073 0.0813008130081301 0.0792682926829268 0.0853658536585366 0 0.0975609756097561 0.0955284552845529 0.103658536585366 0.105691056910569 0.0792682926829268 0.119918699186992 0.0833333333333333
"derMaw" 0.0670731707317073 0.032520325203252 0.0365853658536585 0.0304878048780488 0.0304878048780488 0.0345528455284553 0.0975609756097561 0 0.0528455284552846 0.0955284552845529 0.0711382113821138 0.0345528455284553 0.0792682926829268 0.0304878048780488
"emySub" 0.0752032520325203 0.0365853658536585 0.0447154471544715 0.0345528455284553 0.0386178861788618 0.0386178861788618 0.0955284552845529 0.0528455284552846 0 0.0508130081300813 0.0711382113821138 0.0365853658536585 0.0630081300813008 0.0386178861788618
"mesTub" 0.115853658536585 0.0792682926829268 0.0833333333333333 0.0772357723577236 0.0813008130081301 0.0813008130081301 0.103658536585366 0.0955284552845529 0.0508130081300813 0 0.107723577235772 0.0792682926829268 0.101626016260163 0.0813008130081301
"pelSin" 0.0711382113821138 0.0630081300813008 0.0609756097560976 0.0630081300813008 0.0630081300813008 0.0630081300813008 0.105691056910569 0.0711382113821138 0.0711382113821138 0.107723577235772 0 0.0609756097560976 0.0955284552845529 0.0630081300813008
"plaMeg" 0.056910569105691 0.016260162601626 0.0223577235772358 0.016260162601626 0.0121951219512195 0.0203252032520325 0.0792682926829268 0.0345528455284553 0.0365853658536585 0.0792682926829268 0.0609756097560976 0 0.0609756097560976 0.0121951219512195
"podExp" 0.107723577235772 0.0650406504065041 0.0691056910569106 0.0670731707317073 0.0670731707317073 0.0711382113821138 0.119918699186992 0.0792682926829268 0.0630081300813008 0.101626016260163 0.0955284552845529 0.0609756097560976 0 0.0670731707317073
"terMex" 0.0609756097560976 0.0203252032520325 0.0223577235772358 0.0203252032520325 0.00813008130081301 0.024390243902439 0.0833333333333333 0.0304878048780488 0.0386178861788618 0.0813008130081301 0.0630081300813008 0.0121951219512195 0.0670731707317073 0
