"carIns" "cheAbi" "cheMyd" "cheSer" "chrPic" "cuoAmb" "cuoMcc" "derCor" "derMaw" "emySub" "malTer" "mesTub" "pelCas" "pelSin" "plaMeg" "podExp" "terMex"
"carIns" 0 0.0892255892255892 0.0841750841750842 0.0757575757575758 0.0757575757575758 0.0774410774410774 0.0757575757575758 0.0774410774410774 0.0774410774410774 0.0791245791245791 0.0824915824915825 0.0740740740740741 0.0909090909090909 0.0622895622895623 0.0723905723905724 0.0791245791245791 0.0774410774410774
"cheAbi" 0.0892255892255892 0 0.0555555555555556 0.0454545454545455 0.037037037037037 0.0218855218855219 0.0269360269360269 0.0521885521885522 0.0606060606060606 0.0723905723905724 0.0437710437710438 0.0774410774410774 0.0808080808080808 0.0673400673400673 0.0303030303030303 0.0774410774410774 0.0420875420875421
"cheMyd" 0.0841750841750842 0.0555555555555556 0 0.0202020202020202 0.031986531986532 0.0404040404040404 0.031986531986532 0.0134680134680135 0.0336700336700337 0.0589225589225589 0.0420875420875421 0.0555555555555556 0.0673400673400673 0.0572390572390572 0.0353535353535354 0.063973063973064 0.0336700336700337
"cheSer" 0.0757575757575758 0.0454545454545455 0.0202020202020202 0 0.0218855218855219 0.0303030303030303 0.0218855218855219 0.0202020202020202 0.0269360269360269 0.0521885521885522 0.031986531986532 0.0521885521885522 0.0589225589225589 0.0521885521885522 0.0235690235690236 0.0589225589225589 0.0269360269360269
"chrPic" 0.0757575757575758 0.037037037037037 0.031986531986532 0.0218855218855219 0 0.0185185185185185 0.0101010101010101 0.0252525252525253 0.0336700336700337 0.0488215488215488 0.0134680134680135 0.0538720538720539 0.0673400673400673 0.0505050505050505 0.0134680134680135 0.0606060606060606 0.0117845117845118
"cuoAmb" 0.0774410774410774 0.0218855218855219 0.0404040404040404 0.0303030303030303 0.0185185185185185 0 0.00841750841750842 0.037037037037037 0.0454545454545455 0.0538720538720539 0.0252525252525253 0.0622895622895623 0.0656565656565657 0.0521885521885522 0.0117845117845118 0.0723905723905724 0.0235690235690236
"cuoMcc" 0.0757575757575758 0.0269360269360269 0.031986531986532 0.0218855218855219 0.0101010101010101 0.00841750841750842 0 0.0286195286195286 0.037037037037037 0.0505050505050505 0.0202020202020202 0.0538720538720539 0.0673400673400673 0.0572390572390572 0.0134680134680135 0.063973063973064 0.0151515151515152
"derCor" 0.0774410774410774 0.0521885521885522 0.0134680134680135 0.0202020202020202 0.0252525252525253 0.037037037037037 0.0286195286195286 0 0.0269360269360269 0.0555555555555556 0.0353535353535354 0.0572390572390572 0.0673400673400673 0.0521885521885522 0.031986531986532 0.0606060606060606 0.0303030303030303
"derMaw" 0.0774410774410774 0.0606060606060606 0.0336700336700337 0.0269360269360269 0.0336700336700337 0.0454545454545455 0.037037037037037 0.0269360269360269 0 0.0622895622895623 0.0404040404040404 0.0606060606060606 0.063973063973064 0.0572390572390572 0.037037037037037 0.069023569023569 0.0387205387205387
"emySub" 0.0791245791245791 0.0723905723905724 0.0589225589225589 0.0521885521885522 0.0488215488215488 0.0538720538720539 0.0505050505050505 0.0555555555555556 0.0622895622895623 0 0.0538720538720539 0.037037037037037 0.0589225589225589 0.0589225589225589 0.0505050505050505 0.0673400673400673 0.0538720538720539
"malTer" 0.0824915824915825 0.0437710437710438 0.0420875420875421 0.031986531986532 0.0134680134680135 0.0252525252525253 0.0202020202020202 0.0353535353535354 0.0404040404040404 0.0538720538720539 0 0.0572390572390572 0.0707070707070707 0.0572390572390572 0.0202020202020202 0.0707070707070707 0.0218855218855219
"mesTub" 0.0740740740740741 0.0774410774410774 0.0555555555555556 0.0521885521885522 0.0538720538720539 0.0622895622895623 0.0538720538720539 0.0572390572390572 0.0606060606060606 0.037037037037037 0.0572390572390572 0 0.063973063973064 0.0723905723905724 0.0572390572390572 0.0673400673400673 0.0622895622895623
"pelCas" 0.0909090909090909 0.0808080808080808 0.0673400673400673 0.0589225589225589 0.0673400673400673 0.0656565656565657 0.0673400673400673 0.0673400673400673 0.063973063973064 0.0589225589225589 0.0707070707070707 0.063973063973064 0 0.0673400673400673 0.0572390572390572 0.0606060606060606 0.069023569023569
"pelSin" 0.0622895622895623 0.0673400673400673 0.0572390572390572 0.0521885521885522 0.0505050505050505 0.0521885521885522 0.0572390572390572 0.0521885521885522 0.0572390572390572 0.0589225589225589 0.0572390572390572 0.0723905723905724 0.0673400673400673 0 0.0505050505050505 0.0723905723905724 0.0555555555555556
"plaMeg" 0.0723905723905724 0.0303030303030303 0.0353535353535354 0.0235690235690236 0.0134680134680135 0.0117845117845118 0.0134680134680135 0.031986531986532 0.037037037037037 0.0505050505050505 0.0202020202020202 0.0572390572390572 0.0572390572390572 0.0505050505050505 0 0.0673400673400673 0.0185185185185185
"podExp" 0.0791245791245791 0.0774410774410774 0.063973063973064 0.0589225589225589 0.0606060606060606 0.0723905723905724 0.063973063973064 0.0606060606060606 0.069023569023569 0.0673400673400673 0.0707070707070707 0.0673400673400673 0.0606060606060606 0.0723905723905724 0.0673400673400673 0 0.0656565656565657
"terMex" 0.0774410774410774 0.0420875420875421 0.0336700336700337 0.0269360269360269 0.0117845117845118 0.0235690235690236 0.0151515151515152 0.0303030303030303 0.0387205387205387 0.0538720538720539 0.0218855218855219 0.0622895622895623 0.069023569023569 0.0555555555555556 0.0185185185185185 0.0656565656565657 0
