"carIns" "cheAbi" "cheMyd" "cheSer" "chrPic" "cuoAmb" "cuoMcc" "derCor" "derMaw" "emySub" "gopAga" "malTer" "mesTub" "pelCas" "pelSin" "plaMeg" "podExp" "terMex"
"carIns" 0 0.0476190476190476 0.0510204081632653 0.0510204081632653 0.0408163265306122 0.0493197278911565 0.0476190476190476 0.0595238095238095 0.0459183673469388 0.0561224489795918 0.0493197278911565 0.0459183673469388 0.0595238095238095 0.0884353741496599 0.054421768707483 0.0442176870748299 0.0782312925170068 0.0527210884353742
"cheAbi" 0.0476190476190476 0 0.0204081632653061 0.0204081632653061 0.0136054421768707 0.0153061224489796 0.0136054421768707 0.0340136054421769 0.0187074829931973 0.0408163265306122 0.0153061224489796 0.0119047619047619 0.0442176870748299 0.0731292517006803 0.0442176870748299 0.0136054421768707 0.0663265306122449 0.0187074829931973
"cheMyd" 0.0510204081632653 0.0204081632653061 0 0.0238095238095238 0.0170068027210884 0.0255102040816327 0.0238095238095238 0.0204081632653061 0.0187074829931973 0.0476190476190476 0.0255102040816327 0.0187074829931973 0.0476190476190476 0.0714285714285714 0.0442176870748299 0.0204081632653061 0.0663265306122449 0.022108843537415
"cheSer" 0.0510204081632653 0.0204081632653061 0.0238095238095238 0 0.0204081632653061 0.0255102040816327 0.0238095238095238 0.0374149659863946 0.0187074829931973 0.0493197278911565 0.0255102040816327 0.0187074829931973 0.0493197278911565 0.0731292517006803 0.0476190476190476 0.0204081632653061 0.0646258503401361 0.0255102040816327
"chrPic" 0.0408163265306122 0.0136054421768707 0.0170068027210884 0.0204081632653061 0 0.0187074829931973 0.0170068027210884 0.0306122448979592 0.0153061224489796 0.0408163265306122 0.0187074829931973 0.00510204081632653 0.0408163265306122 0.0697278911564626 0.0374149659863946 0.0136054421768707 0.0629251700680272 0.0153061224489796
"cuoAmb" 0.0493197278911565 0.0153061224489796 0.0255102040816327 0.0255102040816327 0.0187074829931973 0 0.00510204081632653 0.0391156462585034 0.0238095238095238 0.0493197278911565 0.0170068027210884 0.0170068027210884 0.0442176870748299 0.0782312925170068 0.0493197278911565 0.0187074829931973 0.0714285714285714 0.0238095238095238
"cuoMcc" 0.0476190476190476 0.0136054421768707 0.0238095238095238 0.0238095238095238 0.0170068027210884 0.00510204081632653 0 0.0374149659863946 0.022108843537415 0.0442176870748299 0.0153061224489796 0.0153061224489796 0.0425170068027211 0.0731292517006803 0.0476190476190476 0.0170068027210884 0.0697278911564626 0.022108843537415
"derCor" 0.0595238095238095 0.0340136054421769 0.0204081632653061 0.0374149659863946 0.0306122448979592 0.0391156462585034 0.0374149659863946 0 0.0289115646258503 0.0510204081632653 0.0357142857142857 0.032312925170068 0.054421768707483 0.0748299319727891 0.0510204081632653 0.0340136054421769 0.076530612244898 0.0357142857142857
"derMaw" 0.0459183673469388 0.0187074829931973 0.0187074829931973 0.0187074829931973 0.0153061224489796 0.0238095238095238 0.022108843537415 0.0289115646258503 0 0.0442176870748299 0.022108843537415 0.0170068027210884 0.0442176870748299 0.0714285714285714 0.0459183673469388 0.0187074829931973 0.0646258503401361 0.0238095238095238
"emySub" 0.0561224489795918 0.0408163265306122 0.0476190476190476 0.0493197278911565 0.0408163265306122 0.0493197278911565 0.0442176870748299 0.0510204081632653 0.0442176870748299 0 0.0493197278911565 0.0425170068027211 0.0255102040816327 0.0629251700680272 0.0493197278911565 0.0442176870748299 0.0578231292517007 0.0493197278911565
"gopAga" 0.0493197278911565 0.0153061224489796 0.0255102040816327 0.0255102040816327 0.0187074829931973 0.0170068027210884 0.0153061224489796 0.0357142857142857 0.022108843537415 0.0493197278911565 0 0.0170068027210884 0.0493197278911565 0.076530612244898 0.0459183673469388 0.0187074829931973 0.0697278911564626 0.0238095238095238
"malTer" 0.0459183673469388 0.0119047619047619 0.0187074829931973 0.0187074829931973 0.00510204081632653 0.0170068027210884 0.0153061224489796 0.032312925170068 0.0170068027210884 0.0425170068027211 0.0170068027210884 0 0.0425170068027211 0.0714285714285714 0.0425170068027211 0.0119047619047619 0.0646258503401361 0.0136054421768707
"mesTub" 0.0595238095238095 0.0442176870748299 0.0476190476190476 0.0493197278911565 0.0408163265306122 0.0442176870748299 0.0425170068027211 0.054421768707483 0.0442176870748299 0.0255102040816327 0.0493197278911565 0.0425170068027211 0 0.0646258503401361 0.054421768707483 0.0408163265306122 0.0629251700680272 0.0493197278911565
"pelCas" 0.0884353741496599 0.0731292517006803 0.0714285714285714 0.0731292517006803 0.0697278911564626 0.0782312925170068 0.0731292517006803 0.0748299319727891 0.0714285714285714 0.0629251700680272 0.076530612244898 0.0714285714285714 0.0646258503401361 0 0.0731292517006803 0.0731292517006803 0.0714285714285714 0.0748299319727891
"pelSin" 0.054421768707483 0.0442176870748299 0.0442176870748299 0.0476190476190476 0.0374149659863946 0.0493197278911565 0.0476190476190476 0.0510204081632653 0.0459183673469388 0.0493197278911565 0.0459183673469388 0.0425170068027211 0.054421768707483 0.0731292517006803 0 0.0408163265306122 0.0748299319727891 0.0493197278911565
"plaMeg" 0.0442176870748299 0.0136054421768707 0.0204081632653061 0.0204081632653061 0.0136054421768707 0.0187074829931973 0.0170068027210884 0.0340136054421769 0.0187074829931973 0.0442176870748299 0.0187074829931973 0.0119047619047619 0.0408163265306122 0.0731292517006803 0.0408163265306122 0 0.0663265306122449 0.0187074829931973
"podExp" 0.0782312925170068 0.0663265306122449 0.0663265306122449 0.0646258503401361 0.0629251700680272 0.0714285714285714 0.0697278911564626 0.076530612244898 0.0646258503401361 0.0578231292517007 0.0697278911564626 0.0646258503401361 0.0629251700680272 0.0714285714285714 0.0748299319727891 0.0663265306122449 0 0.0714285714285714
"terMex" 0.0527210884353742 0.0187074829931973 0.022108843537415 0.0255102040816327 0.0153061224489796 0.0238095238095238 0.022108843537415 0.0357142857142857 0.0238095238095238 0.0493197278911565 0.0238095238095238 0.0136054421768707 0.0493197278911565 0.0748299319727891 0.0493197278911565 0.0187074829931973 0.0714285714285714 0
