"carIns" "cheAbi" "cheMyd" "cheSer" "chrPic" "cuoAmb" "cuoMcc" "derCor" "derMaw" "emySub" "gopAga" "malTer" "mesTub" "pelCas" "pelSin" "plaMeg" "podExp" "terMex"
"carIns" 0 0.0900900900900901 0.325825825825826 0.0855855855855856 0.0885885885885886 0.0855855855855856 0.0855855855855856 0.0990990990990991 0.10960960960961 0.0990990990990991 0.0915915915915916 0.0900900900900901 0.106606606606607 0.117117117117117 0.0855855855855856 0.0780780780780781 0.115615615615616 0.0870870870870871
"cheAbi" 0.0900900900900901 0 0.312312312312312 0.048048048048048 0.0540540540540541 0.033033033033033 0.0315315315315315 0.057057057057057 0.0630630630630631 0.0885885885885886 0.033033033033033 0.0525525525525526 0.0930930930930931 0.0990990990990991 0.0930930930930931 0.0465465465465465 0.100600600600601 0.048048048048048
"cheMyd" 0.325825825825826 0.312312312312312 0 0.292792792792793 0.3003003003003 0.306306306306306 0.303303303303303 0.295795795795796 0.292792792792793 0.316816816816817 0.307807807807808 0.3003003003003 0.322822822822823 0.324324324324324 0.324324324324324 0.297297297297297 0.336336336336336 0.301801801801802
"cheSer" 0.0855855855855856 0.048048048048048 0.292792792792793 0 0.0315315315315315 0.0345345345345345 0.033033033033033 0.0345345345345345 0.045045045045045 0.0765765765765766 0.048048048048048 0.03003003003003 0.0765765765765766 0.0915915915915916 0.0795795795795796 0.021021021021021 0.0915915915915916 0.0285285285285285
"chrPic" 0.0885885885885886 0.0540540540540541 0.3003003003003 0.0315315315315315 0 0.0345345345345345 0.033033033033033 0.048048048048048 0.0540540540540541 0.0840840840840841 0.048048048048048 0.00750750750750751 0.0810810810810811 0.0975975975975976 0.0915915915915916 0.0225225225225225 0.100600600600601 0.021021021021021
"cuoAmb" 0.0855855855855856 0.033033033033033 0.306306306306306 0.0345345345345345 0.0345345345345345 0 0.0045045045045045 0.048048048048048 0.0540540540540541 0.0870870870870871 0.03003003003003 0.033033033033033 0.0870870870870871 0.0990990990990991 0.0840840840840841 0.0315315315315315 0.102102102102102 0.0345345345345345
"cuoMcc" 0.0855855855855856 0.0315315315315315 0.303303303303303 0.033033033033033 0.033033033033033 0.0045045045045045 0 0.045045045045045 0.0495495495495495 0.0855855855855856 0.0285285285285285 0.0315315315315315 0.0855855855855856 0.0975975975975976 0.0840840840840841 0.03003003003003 0.100600600600601 0.033033033033033
"derCor" 0.0990990990990991 0.057057057057057 0.295795795795796 0.0345345345345345 0.048048048048048 0.048048048048048 0.045045045045045 0 0.051051051051051 0.0855855855855856 0.0630630630630631 0.0465465465465465 0.0855855855855856 0.0915915915915916 0.0915915915915916 0.042042042042042 0.103603603603604 0.048048048048048
"derMaw" 0.10960960960961 0.0630630630630631 0.292792792792793 0.045045045045045 0.0540540540540541 0.0540540540540541 0.0495495495495495 0.051051051051051 0 0.0975975975975976 0.0660660660660661 0.0525525525525526 0.100600600600601 0.102102102102102 0.102102102102102 0.0465465465465465 0.10960960960961 0.057057057057057
"emySub" 0.0990990990990991 0.0885885885885886 0.316816816816817 0.0765765765765766 0.0840840840840841 0.0870870870870871 0.0855855855855856 0.0855855855855856 0.0975975975975976 0 0.0930930930930931 0.0795795795795796 0.0285285285285285 0.0585585585585586 0.0870870870870871 0.0780780780780781 0.0660660660660661 0.0810810810810811
"gopAga" 0.0915915915915916 0.033033033033033 0.307807807807808 0.048048048048048 0.048048048048048 0.03003003003003 0.0285285285285285 0.0630630630630631 0.0660660660660661 0.0930930930930931 0 0.0465465465465465 0.0975975975975976 0.10960960960961 0.0945945945945946 0.0405405405405405 0.106606606606607 0.039039039039039
"malTer" 0.0900900900900901 0.0525525525525526 0.3003003003003 0.03003003003003 0.00750750750750751 0.033033033033033 0.0315315315315315 0.0465465465465465 0.0525525525525526 0.0795795795795796 0.0465465465465465 0 0.0795795795795796 0.0930930930930931 0.0900900900900901 0.024024024024024 0.0990990990990991 0.0195195195195195
"mesTub" 0.106606606606607 0.0930930930930931 0.322822822822823 0.0765765765765766 0.0810810810810811 0.0870870870870871 0.0855855855855856 0.0855855855855856 0.100600600600601 0.0285285285285285 0.0975975975975976 0.0795795795795796 0 0.0555555555555556 0.0930930930930931 0.0750750750750751 0.0660660660660661 0.0825825825825826
"pelCas" 0.117117117117117 0.0990990990990991 0.324324324324324 0.0915915915915916 0.0975975975975976 0.0990990990990991 0.0975975975975976 0.0915915915915916 0.102102102102102 0.0585585585585586 0.10960960960961 0.0930930930930931 0.0555555555555556 0 0.105105105105105 0.0930930930930931 0.0690690690690691 0.0975975975975976
"pelSin" 0.0855855855855856 0.0930930930930931 0.324324324324324 0.0795795795795796 0.0915915915915916 0.0840840840840841 0.0840840840840841 0.0915915915915916 0.102102102102102 0.0870870870870871 0.0945945945945946 0.0900900900900901 0.0930930930930931 0.105105105105105 0 0.0780780780780781 0.103603603603604 0.0930930930930931
"plaMeg" 0.0780780780780781 0.0465465465465465 0.297297297297297 0.021021021021021 0.0225225225225225 0.0315315315315315 0.03003003003003 0.042042042042042 0.0465465465465465 0.0780780780780781 0.0405405405405405 0.024024024024024 0.0750750750750751 0.0930930930930931 0.0780780780780781 0 0.0930930930930931 0.0195195195195195
"podExp" 0.115615615615616 0.100600600600601 0.336336336336336 0.0915915915915916 0.100600600600601 0.102102102102102 0.100600600600601 0.103603603603604 0.10960960960961 0.0660660660660661 0.106606606606607 0.0990990990990991 0.0660660660660661 0.0690690690690691 0.103603603603604 0.0930930930930931 0 0.100600600600601
"terMex" 0.0870870870870871 0.048048048048048 0.301801801801802 0.0285285285285285 0.021021021021021 0.0345345345345345 0.033033033033033 0.048048048048048 0.057057057057057 0.0810810810810811 0.039039039039039 0.0195195195195195 0.0825825825825826 0.0975975975975976 0.0930930930930931 0.0195195195195195 0.100600600600601 0
