"carIns" "cheAbi" "cheMyd" "cheSer" "chrPic" "cuoAmb" "cuoMcc" "derCor" "derMaw" "emySub" "gopAga" "malTer" "mesTub" "pelCas" "pelSin" "plaMeg" "podExp" "terMex"
"carIns" 0 0.181257706535142 0.0764488286066584 0.0776818742293465 0.0690505548705302 0.0702836004932182 0.0702836004932182 0.340320591861899 0.0875462392108508 0.0875462392108508 0.0764488286066584 0.0653514180024661 0.0900123304562269 0.0887792848335388 0.093711467324291 0.0715166461159063 0.117139334155364 0.0764488286066584
"cheAbi" 0.181257706535142 0 0.162762022194821 0.163995067817509 0.150431565967941 0.140567200986436 0.13810110974106 0.373612823674476 0.177558569667078 0.172626387176326 0.141800246609125 0.145499383477189 0.178791615289766 0.178791615289766 0.183723797780518 0.144266337854501 0.199753390875462 0.147965474722565
"cheMyd" 0.0764488286066584 0.162762022194821 0 0.0431565967940814 0.0357583230579531 0.0419235511713933 0.0406905055487053 0.335388409371147 0.0591861898890259 0.064118372379778 0.0480887792848335 0.0345252774352651 0.0715166461159063 0.0752157829839704 0.0850801479654747 0.0419235511713933 0.0998766954377312 0.0431565967940814
"cheSer" 0.0776818742293465 0.163995067817509 0.0431565967940814 0 0.032059186189889 0.0357583230579531 0.0345252774352651 0.334155363748459 0.0505548705302096 0.0530209617755857 0.0419235511713933 0.0283600493218249 0.06288532675709 0.0715166461159063 0.0739827373612824 0.0332922318125771 0.0900123304562269 0.0369913686806412
"chrPic" 0.0690505548705302 0.150431565967941 0.0357583230579531 0.032059186189889 0 0.0197287299630086 0.0184956843403206 0.332922318125771 0.0505548705302096 0.0480887792848335 0.0258939580764488 0.0061652281134402 0.0554870530209618 0.06288532675709 0.0690505548705302 0.0172626387176326 0.0863131935881628 0.0147965474722565
"cuoAmb" 0.0702836004932182 0.140567200986436 0.0419235511713933 0.0357583230579531 0.0197287299630086 0 0.00369913686806412 0.337854500616523 0.0517879161528977 0.0480887792848335 0.0135635018495684 0.0172626387176326 0.0591861898890259 0.0604192355117139 0.0715166461159063 0.0123304562268804 0.0863131935881628 0.0184956843403206
"cuoMcc" 0.0702836004932182 0.13810110974106 0.0406905055487053 0.0345252774352651 0.0184956843403206 0.00369913686806412 0 0.335388409371147 0.0530209617755857 0.0493218249075216 0.0123304562268804 0.0147965474722565 0.0604192355117139 0.06288532675709 0.0715166461159063 0.0110974106041924 0.0887792848335388 0.0172626387176326
"derCor" 0.340320591861899 0.373612823674476 0.335388409371147 0.334155363748459 0.332922318125771 0.337854500616523 0.335388409371147 0 0.341553637484587 0.348951911220715 0.344019728729963 0.32675709001233 0.346485819975339 0.356350184956843 0.342786683107275 0.335388409371147 0.376078914919852 0.337854500616523
"derMaw" 0.0875462392108508 0.177558569667078 0.0591861898890259 0.0505548705302096 0.0505548705302096 0.0517879161528977 0.0530209617755857 0.341553637484587 0 0.0715166461159063 0.0579531442663379 0.0468557336621455 0.0776818742293465 0.0826140567200986 0.0887792848335388 0.0542540073982737 0.103575832305795 0.0554870530209618
"emySub" 0.0875462392108508 0.172626387176326 0.064118372379778 0.0530209617755857 0.0480887792848335 0.0480887792848335 0.0493218249075216 0.348951911220715 0.0715166461159063 0 0.0567200986436498 0.0468557336621455 0.029593094944513 0.0493218249075216 0.0813810110974106 0.0456226880394575 0.0702836004932182 0.0517879161528977
"gopAga" 0.0764488286066584 0.141800246609125 0.0480887792848335 0.0419235511713933 0.0258939580764488 0.0135635018495684 0.0123304562268804 0.344019728729963 0.0579531442663379 0.0567200986436498 0 0.0234278668310728 0.0653514180024661 0.0653514180024661 0.0776818742293465 0.0184956843403206 0.094944512946979 0.0246609124537608
"malTer" 0.0653514180024661 0.145499383477189 0.0345252774352651 0.0283600493218249 0.0061652281134402 0.0172626387176326 0.0147965474722565 0.32675709001233 0.0468557336621455 0.0468557336621455 0.0234278668310728 0 0.0554870530209618 0.0579531442663379 0.064118372379778 0.0147965474722565 0.0813810110974106 0.0123304562268804
"mesTub" 0.0900123304562269 0.178791615289766 0.0715166461159063 0.06288532675709 0.0554870530209618 0.0591861898890259 0.0604192355117139 0.346485819975339 0.0776818742293465 0.029593094944513 0.0653514180024661 0.0554870530209618 0 0.0591861898890259 0.0887792848335388 0.0567200986436498 0.0801479654747226 0.061652281134402
"pelCas" 0.0887792848335388 0.178791615289766 0.0752157829839704 0.0715166461159063 0.06288532675709 0.0604192355117139 0.06288532675709 0.356350184956843 0.0826140567200986 0.0493218249075216 0.0653514180024661 0.0579531442663379 0.0591861898890259 0 0.0900123304562269 0.06288532675709 0.0604192355117139 0.0690505548705302
"pelSin" 0.093711467324291 0.183723797780518 0.0850801479654747 0.0739827373612824 0.0690505548705302 0.0715166461159063 0.0715166461159063 0.342786683107275 0.0887792848335388 0.0813810110974106 0.0776818742293465 0.064118372379778 0.0887792848335388 0.0900123304562269 0 0.0653514180024661 0.108508014796547 0.0752157829839704
"plaMeg" 0.0715166461159063 0.144266337854501 0.0419235511713933 0.0332922318125771 0.0172626387176326 0.0123304562268804 0.0110974106041924 0.335388409371147 0.0542540073982737 0.0456226880394575 0.0184956843403206 0.0147965474722565 0.0567200986436498 0.06288532675709 0.0653514180024661 0 0.0863131935881628 0.0160295930949445
"podExp" 0.117139334155364 0.199753390875462 0.0998766954377312 0.0900123304562269 0.0863131935881628 0.0863131935881628 0.0887792848335388 0.376078914919852 0.103575832305795 0.0702836004932182 0.094944512946979 0.0813810110974106 0.0801479654747226 0.0604192355117139 0.108508014796547 0.0863131935881628 0 0.0912453760789149
"terMex" 0.0764488286066584 0.147965474722565 0.0431565967940814 0.0369913686806412 0.0147965474722565 0.0184956843403206 0.0172626387176326 0.337854500616523 0.0554870530209618 0.0517879161528977 0.0246609124537608 0.0123304562268804 0.061652281134402 0.0690505548705302 0.0752157829839704 0.0160295930949445 0.0912453760789149 0
