"carIns" "cheAbi" "cheMyd" "chrPic" "cuoAmb" "cuoMcc" "derCor" "derMaw" "emySub" "gopAga" "malTer" "mesTub" "pelCas" "pelSin" "plaMeg" "podExp" "terMex"
"carIns" 0 0.0843806104129264 0.0807899461400359 0.0843806104129264 0.0789946140035907 0.0771992818671454 0.0807899461400359 0.0807899461400359 0.0951526032315978 0.0825852782764812 0.0969479353680431 0.0933572710951526 0.0861759425493716 0.201077199281867 0.0825852782764812 0.102333931777379 0.114901256732496
"cheAbi" 0.0843806104129264 0 0.052064631956912 0.0448833034111311 0.0269299820466786 0.0251346499102334 0.0538599640933573 0.052064631956912 0.107719928186715 0.0197486535008977 0.0574506283662478 0.10951526032316 0.104129263913824 0.22262118491921 0.0430879712746858 0.116696588868941 0.0789946140035907
"cheMyd" 0.0807899461400359 0.052064631956912 0 0.0359066427289048 0.0466786355475763 0.0448833034111311 0.0287253141831239 0.0359066427289048 0.104129263913824 0.0466786355475763 0.0484739676840215 0.105924596050269 0.114901256732496 0.217235188509874 0.0412926391382406 0.116696588868941 0.0771992818671454
"chrPic" 0.0843806104129264 0.0448833034111311 0.0359066427289048 0 0.0394973070017953 0.0341113105924596 0.0466786355475763 0.0412926391382406 0.107719928186715 0.0394973070017953 0.0143626570915619 0.11310592459605 0.114901256732496 0.21903052064632 0.0305206463195691 0.122082585278276 0.0502692998204668
"cuoAmb" 0.0789946140035907 0.0269299820466786 0.0466786355475763 0.0394973070017953 0 0.00897666068222621 0.0502692998204668 0.0484739676840215 0.104129263913824 0.0215439856373429 0.052064631956912 0.107719928186715 0.111310592459605 0.224416517055655 0.0412926391382406 0.118491921005386 0.0754039497307002
"cuoMcc" 0.0771992818671454 0.0251346499102334 0.0448833034111311 0.0341113105924596 0.00897666068222621 0 0.0484739676840215 0.0466786355475763 0.104129263913824 0.0197486535008977 0.0466786355475763 0.102333931777379 0.107719928186715 0.22262118491921 0.0394973070017953 0.116696588868941 0.0700179533213645
"derCor" 0.0807899461400359 0.0538599640933573 0.0287253141831239 0.0466786355475763 0.0502692998204668 0.0484739676840215 0 0.0484739676840215 0.102333931777379 0.0484739676840215 0.059245960502693 0.100538599640934 0.111310592459605 0.22262118491921 0.0484739676840215 0.116696588868941 0.0843806104129264
"derMaw" 0.0807899461400359 0.052064631956912 0.0359066427289048 0.0412926391382406 0.0484739676840215 0.0466786355475763 0.0484739676840215 0 0.0951526032315978 0.0484739676840215 0.0538599640933573 0.0933572710951526 0.102333931777379 0.213644524236984 0.0430879712746858 0.111310592459605 0.0789946140035907
"emySub" 0.0951526032315978 0.107719928186715 0.104129263913824 0.107719928186715 0.104129263913824 0.104129263913824 0.102333931777379 0.0951526032315978 0 0.10951526032316 0.120287253141831 0.0484739676840215 0.0682226211849192 0.240574506283662 0.104129263913824 0.0754039497307002 0.141831238779174
"gopAga" 0.0825852782764812 0.0197486535008977 0.0466786355475763 0.0394973070017953 0.0215439856373429 0.0197486535008977 0.0484739676840215 0.0484739676840215 0.10951526032316 0 0.052064631956912 0.107719928186715 0.107719928186715 0.211849192100539 0.0394973070017953 0.111310592459605 0.0736086175942549
"malTer" 0.0969479353680431 0.0574506283662478 0.0484739676840215 0.0143626570915619 0.052064631956912 0.0466786355475763 0.059245960502693 0.0538599640933573 0.120287253141831 0.052064631956912 0 0.125673249551167 0.127468581687612 0.231597845601436 0.0412926391382406 0.134649910233393 0.0610412926391382
"mesTub" 0.0933572710951526 0.10951526032316 0.105924596050269 0.11310592459605 0.107719928186715 0.102333931777379 0.100538599640934 0.0933572710951526 0.0484739676840215 0.107719928186715 0.125673249551167 0 0.0682226211849192 0.236983842010772 0.10951526032316 0.0700179533213645 0.14721723518851
"pelCas" 0.0861759425493716 0.104129263913824 0.114901256732496 0.114901256732496 0.111310592459605 0.107719928186715 0.111310592459605 0.102333931777379 0.0682226211849192 0.107719928186715 0.127468581687612 0.0682226211849192 0 0.235188509874327 0.10951526032316 0.0628366247755835 0.143626570915619
"pelSin" 0.201077199281867 0.22262118491921 0.217235188509874 0.21903052064632 0.224416517055655 0.22262118491921 0.22262118491921 0.213644524236984 0.240574506283662 0.211849192100539 0.231597845601436 0.236983842010772 0.235188509874327 0 0.213644524236984 0.245960502692998 0.251346499102334
"plaMeg" 0.0825852782764812 0.0430879712746858 0.0412926391382406 0.0305206463195691 0.0412926391382406 0.0394973070017953 0.0484739676840215 0.0430879712746858 0.104129263913824 0.0394973070017953 0.0412926391382406 0.10951526032316 0.10951526032316 0.213644524236984 0 0.120287253141831 0.066427289048474
"podExp" 0.102333931777379 0.116696588868941 0.116696588868941 0.122082585278276 0.118491921005386 0.116696588868941 0.116696588868941 0.111310592459605 0.0754039497307002 0.111310592459605 0.134649910233393 0.0700179533213645 0.0628366247755835 0.245960502692998 0.120287253141831 0 0.152603231597846
"terMex" 0.114901256732496 0.0789946140035907 0.0771992818671454 0.0502692998204668 0.0754039497307002 0.0700179533213645 0.0843806104129264 0.0789946140035907 0.141831238779174 0.0736086175942549 0.0610412926391382 0.14721723518851 0.143626570915619 0.251346499102334 0.066427289048474 0.152603231597846 0
