"carIns" "cheAbi" "cheMyd" "cheSer" "chrPic" "cuoAmb" "cuoMcc" "derCor" "derMaw" "emySub" "gopAga" "malTer" "mesTub" "pelCas" "pelSin" "plaMeg" "podExp" "terMex"
"carIns" 0 0.123924268502582 0.0895008605851979 0.0826161790017212 0.0791738382099828 0.080895008605852 0.0774526678141136 0.0963855421686747 0.101549053356282 0.0929432013769363 0.0860585197934595 0.0826161790017212 0.104991394148021 0.111876075731497 0.0826161790017212 0.0757314974182444 0.129087779690189 0.080895008605852
"cheAbi" 0.123924268502582 0 0.0877796901893287 0.0705679862306368 0.0757314974182444 0.0585197934595525 0.0550774526678141 0.0826161790017212 0.0946643717728055 0.130808950086059 0.0619621342512909 0.072289156626506 0.123924268502582 0.134251290877797 0.130808950086059 0.0705679862306368 0.153184165232358 0.0757314974182444
"cheMyd" 0.0895008605851979 0.0877796901893287 0 0.0413080895008606 0.0481927710843374 0.0499139414802065 0.0499139414802065 0.0378657487091222 0.0636833046471601 0.0946643717728055 0.0516351118760757 0.044750430292599 0.0963855421686747 0.10671256454389 0.0946643717728055 0.0395869191049914 0.123924268502582 0.0499139414802065
"cheSer" 0.0826161790017212 0.0705679862306368 0.0413080895008606 0 0.0258175559380379 0.0395869191049914 0.036144578313253 0.0413080895008606 0.0499139414802065 0.0791738382099828 0.044750430292599 0.0258175559380379 0.0791738382099828 0.0946643717728055 0.0912220309810671 0.0223752151462995 0.110154905335628 0.0258175559380379
"chrPic" 0.0791738382099828 0.0757314974182444 0.0481927710843374 0.0258175559380379 0 0.036144578313253 0.0327022375215146 0.0516351118760757 0.0602409638554217 0.0774526678141136 0.0395869191049914 0.0103270223752151 0.0860585197934595 0.0981067125645439 0.0877796901893287 0.0223752151462995 0.111876075731497 0.0223752151462995
"cuoAmb" 0.080895008605852 0.0585197934595525 0.0499139414802065 0.0395869191049914 0.036144578313253 0 0.00688468158347676 0.0516351118760757 0.0585197934595525 0.0860585197934595 0.0240963855421687 0.0327022375215146 0.0946643717728055 0.104991394148021 0.0946643717728055 0.0275387263339071 0.122203098106713 0.0413080895008606
"cuoMcc" 0.0774526678141136 0.0550774526678141 0.0499139414802065 0.036144578313253 0.0327022375215146 0.00688468158347676 0 0.0481927710843374 0.0550774526678141 0.0860585197934595 0.0206540447504303 0.0292598967297762 0.0912220309810671 0.101549053356282 0.0912220309810671 0.0240963855421687 0.118760757314974 0.0378657487091222
"derCor" 0.0963855421686747 0.0826161790017212 0.0378657487091222 0.0413080895008606 0.0516351118760757 0.0516351118760757 0.0481927710843374 0 0.0602409638554217 0.101549053356282 0.0567986230636833 0.044750430292599 0.0998278829604131 0.111876075731497 0.104991394148021 0.0395869191049914 0.123924268502582 0.0499139414802065
"derMaw" 0.101549053356282 0.0946643717728055 0.0636833046471601 0.0499139414802065 0.0602409638554217 0.0585197934595525 0.0550774526678141 0.0602409638554217 0 0.0981067125645439 0.0671256454388985 0.0533562822719449 0.0981067125645439 0.110154905335628 0.103270223752151 0.044750430292599 0.12736660929432 0.0585197934595525
"emySub" 0.0929432013769363 0.130808950086059 0.0946643717728055 0.0791738382099828 0.0774526678141136 0.0860585197934595 0.0860585197934595 0.101549053356282 0.0981067125645439 0 0.0912220309810671 0.080895008605852 0.0654044750430293 0.0929432013769363 0.10671256454389 0.0757314974182444 0.108433734939759 0.0826161790017212
"gopAga" 0.0860585197934595 0.0619621342512909 0.0516351118760757 0.044750430292599 0.0395869191049914 0.0240963855421687 0.0206540447504303 0.0567986230636833 0.0671256454388985 0.0912220309810671 0 0.036144578313253 0.0946643717728055 0.10671256454389 0.0895008605851979 0.0327022375215146 0.122203098106713 0.044750430292599
"malTer" 0.0826161790017212 0.072289156626506 0.044750430292599 0.0258175559380379 0.0103270223752151 0.0327022375215146 0.0292598967297762 0.044750430292599 0.0533562822719449 0.080895008605852 0.036144578313253 0 0.0860585197934595 0.0998278829604131 0.0860585197934595 0.0120481927710843 0.113597246127367 0.0189328743545611
"mesTub" 0.104991394148021 0.123924268502582 0.0963855421686747 0.0791738382099828 0.0860585197934595 0.0946643717728055 0.0912220309810671 0.0998278829604131 0.0981067125645439 0.0654044750430293 0.0946643717728055 0.0860585197934595 0 0.0998278829604131 0.110154905335628 0.0774526678141136 0.123924268502582 0.0843373493975904
"pelCas" 0.111876075731497 0.134251290877797 0.10671256454389 0.0946643717728055 0.0981067125645439 0.104991394148021 0.101549053356282 0.111876075731497 0.110154905335628 0.0929432013769363 0.10671256454389 0.0998278829604131 0.0998278829604131 0 0.123924268502582 0.0946643717728055 0.110154905335628 0.101549053356282
"pelSin" 0.0826161790017212 0.130808950086059 0.0946643717728055 0.0912220309810671 0.0877796901893287 0.0946643717728055 0.0912220309810671 0.104991394148021 0.103270223752151 0.10671256454389 0.0895008605851979 0.0860585197934595 0.110154905335628 0.123924268502582 0 0.080895008605852 0.129087779690189 0.0826161790017212
"plaMeg" 0.0757314974182444 0.0705679862306368 0.0395869191049914 0.0223752151462995 0.0223752151462995 0.0275387263339071 0.0240963855421687 0.0395869191049914 0.044750430292599 0.0757314974182444 0.0327022375215146 0.0120481927710843 0.0774526678141136 0.0946643717728055 0.080895008605852 0 0.108433734939759 0.0240963855421687
"podExp" 0.129087779690189 0.153184165232358 0.123924268502582 0.110154905335628 0.111876075731497 0.122203098106713 0.118760757314974 0.123924268502582 0.12736660929432 0.108433734939759 0.122203098106713 0.113597246127367 0.123924268502582 0.110154905335628 0.129087779690189 0.108433734939759 0 0.10671256454389
"terMex" 0.080895008605852 0.0757314974182444 0.0499139414802065 0.0258175559380379 0.0223752151462995 0.0413080895008606 0.0378657487091222 0.0499139414802065 0.0585197934595525 0.0826161790017212 0.044750430292599 0.0189328743545611 0.0843373493975904 0.101549053356282 0.0826161790017212 0.0240963855421687 0.10671256454389 0
