"carIns" "cheAbi" "cheMyd" "chrPic" "cuoAmb" "cuoMcc" "derCor" "derMaw" "emySub" "gopAga" "malTer" "mesTub" "pelCas" "pelSin" "plaMeg" "podExp"
"carIns" 0 0.189627228525122 0.207455429497569 0.178282009724473 0.215559157212318 0.20097244732577 0.189627228525122 0.20097244732577 0.205834683954619 0.175040518638574 0.209076175040519 0.207455429497569 0.273905996758509 0.163695299837925 0.204213938411669 0.225283630470016
"cheAbi" 0.189627228525122 0 0.0858995137763371 0.0745542949756888 0.0615883306320908 0.0583468395461912 0.0842787682333874 0.0988654781199352 0.153970826580227 0.053484602917342 0.118314424635332 0.171799027552674 0.228525121555916 0.157212317666126 0.0858995137763371 0.196110210696921
"cheMyd" 0.207455429497569 0.0858995137763371 0 0.0810372771474878 0.103727714748784 0.102106969205835 0.06645056726094 0.0972447325769854 0.163695299837925 0.0810372771474878 0.126418152350081 0.176661264181524 0.244732576985413 0.165316045380875 0.0891410048622366 0.209076175040519
"chrPic" 0.178282009724473 0.0745542949756888 0.0810372771474878 0 0.0858995137763371 0.0826580226904376 0.0502431118314425 0.0713128038897893 0.123176661264182 0.0518638573743922 0.0632090761750405 0.13614262560778 0.209076175040519 0.129659643435981 0.0745542949756888 0.186385737439222
"cuoAmb" 0.215559157212318 0.0615883306320908 0.103727714748784 0.0858995137763371 0 0.0340356564019449 0.102106969205835 0.111831442463533 0.173419773095624 0.0777957860615883 0.137763371150729 0.183144246353323 0.244732576985413 0.175040518638574 0.0972447325769854 0.217179902755267
"cuoMcc" 0.20097244732577 0.0583468395461912 0.102106969205835 0.0826580226904376 0.0340356564019449 0 0.0907617504051864 0.102106969205835 0.158833063209076 0.0648298217179903 0.126418152350081 0.171799027552674 0.236628849270664 0.165316045380875 0.0972447325769854 0.205834683954619
"derCor" 0.189627228525122 0.0842787682333874 0.06645056726094 0.0502431118314425 0.102106969205835 0.0907617504051864 0 0.0745542949756888 0.13452188006483 0.053484602917342 0.0972447325769854 0.153970826580227 0.222042139384117 0.142625607779579 0.0842787682333874 0.184764991896272
"derMaw" 0.20097244732577 0.0988654781199352 0.0972447325769854 0.0713128038897893 0.111831442463533 0.102106969205835 0.0745542949756888 0 0.147487844408428 0.072933549432739 0.113452188006483 0.155591572123177 0.217179902755267 0.147487844408428 0.102106969205835 0.20259319286872
"emySub" 0.205834683954619 0.153970826580227 0.163695299837925 0.123176661264182 0.173419773095624 0.158833063209076 0.13452188006483 0.147487844408428 0 0.13290113452188 0.162074554294976 0.0826580226904376 0.186385737439222 0.162074554294976 0.166936790923825 0.149108589951378
"gopAga" 0.175040518638574 0.053484602917342 0.0810372771474878 0.0518638573743922 0.0777957860615883 0.0648298217179903 0.053484602917342 0.072933549432739 0.13290113452188 0 0.0972447325769854 0.145867098865478 0.212317666126418 0.137763371150729 0.0842787682333874 0.183144246353323
"malTer" 0.209076175040519 0.118314424635332 0.126418152350081 0.0632090761750405 0.137763371150729 0.126418152350081 0.0972447325769854 0.113452188006483 0.162074554294976 0.0972447325769854 0 0.170178282009724 0.246353322528363 0.166936790923825 0.124797406807131 0.215559157212318
"mesTub" 0.207455429497569 0.171799027552674 0.176661264181524 0.13614262560778 0.183144246353323 0.171799027552674 0.153970826580227 0.155591572123177 0.0826580226904376 0.145867098865478 0.170178282009724 0 0.215559157212318 0.175040518638574 0.176661264181524 0.176661264181524
"pelCas" 0.273905996758509 0.228525121555916 0.244732576985413 0.209076175040519 0.244732576985413 0.236628849270664 0.222042139384117 0.217179902755267 0.186385737439222 0.212317666126418 0.246353322528363 0.215559157212318 0 0.231766612641815 0.244732576985413 0.163695299837925
"pelSin" 0.163695299837925 0.157212317666126 0.165316045380875 0.129659643435981 0.175040518638574 0.165316045380875 0.142625607779579 0.147487844408428 0.162074554294976 0.137763371150729 0.166936790923825 0.175040518638574 0.231766612641815 0 0.160453808752026 0.204213938411669
"plaMeg" 0.204213938411669 0.0858995137763371 0.0891410048622366 0.0745542949756888 0.0972447325769854 0.0972447325769854 0.0842787682333874 0.102106969205835 0.166936790923825 0.0842787682333874 0.124797406807131 0.176661264181524 0.244732576985413 0.160453808752026 0 0.213938411669368
"podExp" 0.225283630470016 0.196110210696921 0.209076175040519 0.186385737439222 0.217179902755267 0.205834683954619 0.184764991896272 0.20259319286872 0.149108589951378 0.183144246353323 0.215559157212318 0.176661264181524 0.163695299837925 0.204213938411669 0.213938411669368 0
