"carIns" "cheAbi" "cheMyd" "cheSer" "chrPic" "cuoAmb" "cuoMcc" "derCor" "derMaw" "emySub" "gopAga" "malTer" "mesTub" "pelCas" "pelSin" "plaMeg" "podExp" "terMex"
"carIns" 0 0.0617760617760618 0.0566280566280566 0.0579150579150579 0.0514800514800515 0.0553410553410553 0.0540540540540541 0.0617760617760618 0.0669240669240669 0.0785070785070785 0.0630630630630631 0.0527670527670528 0.0810810810810811 0.0746460746460746 0.0669240669240669 0.0579150579150579 0.0849420849420849 0.0553410553410553
"cheAbi" 0.0617760617760618 0 0.0296010296010296 0.0334620334620335 0.0244530244530245 0.0205920205920206 0.018018018018018 0.0373230373230373 0.045045045045045 0.0630630630630631 0.0296010296010296 0.0257400257400257 0.0630630630630631 0.0772200772200772 0.0592020592020592 0.0308880308880309 0.0823680823680824 0.0283140283140283
"cheMyd" 0.0566280566280566 0.0296010296010296 0 0.0193050193050193 0.0102960102960103 0.0218790218790219 0.0193050193050193 0.018018018018018 0.0386100386100386 0.0540540540540541 0.0334620334620335 0.0115830115830116 0.0514800514800515 0.0669240669240669 0.0527670527670528 0.0167310167310167 0.0733590733590734 0.0141570141570142
"cheSer" 0.0579150579150579 0.0334620334620335 0.0193050193050193 0 0.0115830115830116 0.0257400257400257 0.0231660231660232 0.0296010296010296 0.0347490347490347 0.0514800514800515 0.0373230373230373 0.0128700128700129 0.0579150579150579 0.0669240669240669 0.0540540540540541 0.018018018018018 0.0746460746460746 0.0154440154440154
"chrPic" 0.0514800514800515 0.0244530244530245 0.0102960102960103 0.0115830115830116 0 0.0167310167310167 0.0141570141570142 0.0205920205920206 0.0334620334620335 0.0463320463320463 0.0283140283140283 0.00128700128700129 0.0501930501930502 0.0592020592020592 0.0489060489060489 0.00900900900900901 0.0707850707850708 0.00386100386100386
"cuoAmb" 0.0553410553410553 0.0205920205920206 0.0218790218790219 0.0257400257400257 0.0167310167310167 0 0.00257400257400257 0.027027027027027 0.0398970398970399 0.0604890604890605 0.0218790218790219 0.018018018018018 0.0579150579150579 0.0720720720720721 0.0553410553410553 0.0231660231660232 0.0759330759330759 0.0205920205920206
"cuoMcc" 0.0540540540540541 0.018018018018018 0.0193050193050193 0.0231660231660232 0.0141570141570142 0.00257400257400257 0 0.0244530244530245 0.0373230373230373 0.0579150579150579 0.0193050193050193 0.0154440154440154 0.0553410553410553 0.0694980694980695 0.0540540540540541 0.0205920205920206 0.0733590733590734 0.018018018018018
"derCor" 0.0617760617760618 0.0373230373230373 0.018018018018018 0.0296010296010296 0.0205920205920206 0.027027027027027 0.0244530244530245 0 0.0398970398970399 0.0592020592020592 0.0398970398970399 0.0218790218790219 0.0630630630630631 0.0759330759330759 0.0566280566280566 0.027027027027027 0.0733590733590734 0.0244530244530245
"derMaw" 0.0669240669240669 0.045045045045045 0.0386100386100386 0.0347490347490347 0.0334620334620335 0.0398970398970399 0.0373230373230373 0.0398970398970399 0 0.0643500643500644 0.0489060489060489 0.0347490347490347 0.0682110682110682 0.0694980694980695 0.0592020592020592 0.0398970398970399 0.0733590733590734 0.0373230373230373
"emySub" 0.0785070785070785 0.0630630630630631 0.0540540540540541 0.0514800514800515 0.0463320463320463 0.0604890604890605 0.0579150579150579 0.0592020592020592 0.0643500643500644 0 0.0694980694980695 0.045045045045045 0.0386100386100386 0.0579150579150579 0.0707850707850708 0.0501930501930502 0.0772200772200772 0.0476190476190476
"gopAga" 0.0630630630630631 0.0296010296010296 0.0334620334620335 0.0373230373230373 0.0283140283140283 0.0218790218790219 0.0193050193050193 0.0398970398970399 0.0489060489060489 0.0694980694980695 0 0.0296010296010296 0.0669240669240669 0.0785070785070785 0.0656370656370656 0.0321750321750322 0.0849420849420849 0.0321750321750322
"malTer" 0.0527670527670528 0.0257400257400257 0.0115830115830116 0.0128700128700129 0.00128700128700129 0.018018018018018 0.0154440154440154 0.0218790218790219 0.0347490347490347 0.045045045045045 0.0296010296010296 0 0.0489060489060489 0.0604890604890605 0.0501930501930502 0.00772200772200772 0.0720720720720721 0.00257400257400257
"mesTub" 0.0810810810810811 0.0630630630630631 0.0514800514800515 0.0579150579150579 0.0501930501930502 0.0579150579150579 0.0553410553410553 0.0630630630630631 0.0682110682110682 0.0386100386100386 0.0669240669240669 0.0489060489060489 0 0.0643500643500644 0.0707850707850708 0.0540540540540541 0.0823680823680824 0.0514800514800515
"pelCas" 0.0746460746460746 0.0772200772200772 0.0669240669240669 0.0669240669240669 0.0592020592020592 0.0720720720720721 0.0694980694980695 0.0759330759330759 0.0694980694980695 0.0579150579150579 0.0785070785070785 0.0604890604890605 0.0643500643500644 0 0.0797940797940798 0.0682110682110682 0.0630630630630631 0.0630630630630631
"pelSin" 0.0669240669240669 0.0592020592020592 0.0527670527670528 0.0540540540540541 0.0489060489060489 0.0553410553410553 0.0540540540540541 0.0566280566280566 0.0592020592020592 0.0707850707850708 0.0656370656370656 0.0501930501930502 0.0707850707850708 0.0797940797940798 0 0.0527670527670528 0.0759330759330759 0.0527670527670528
"plaMeg" 0.0579150579150579 0.0308880308880309 0.0167310167310167 0.018018018018018 0.00900900900900901 0.0231660231660232 0.0205920205920206 0.027027027027027 0.0398970398970399 0.0501930501930502 0.0321750321750322 0.00772200772200772 0.0540540540540541 0.0682110682110682 0.0527670527670528 0 0.0772200772200772 0.0102960102960103
"podExp" 0.0849420849420849 0.0823680823680824 0.0733590733590734 0.0746460746460746 0.0707850707850708 0.0759330759330759 0.0733590733590734 0.0733590733590734 0.0733590733590734 0.0772200772200772 0.0849420849420849 0.0720720720720721 0.0823680823680824 0.0630630630630631 0.0759330759330759 0.0772200772200772 0 0.0746460746460746
"terMex" 0.0553410553410553 0.0283140283140283 0.0141570141570142 0.0154440154440154 0.00386100386100386 0.0205920205920206 0.018018018018018 0.0244530244530245 0.0373230373230373 0.0476190476190476 0.0321750321750322 0.00257400257400257 0.0514800514800515 0.0630630630630631 0.0527670527670528 0.0102960102960103 0.0746460746460746 0
