"carIns" "cheAbi" "cheMyd" "cheSer" "chrPic" "cuoAmb" "cuoMcc" "derCor" "derMaw" "emySub" "malTer" "mesTub" "pelCas" "pelSin" "plaMeg" "podExp" "terMex"
"carIns" 0 0.0511363636363636 0.269886363636364 0.0426136363636364 0.0397727272727273 0.0994318181818182 0.0951704545454545 0.046875 0.0497159090909091 0.0582386363636364 0.0823863636363636 0.0568181818181818 0.0539772727272727 0.106534090909091 0.0397727272727273 0.0568181818181818 0.0397727272727273
"cheAbi" 0.0511363636363636 0 0.267045454545455 0.0298295454545455 0.0241477272727273 0.0710227272727273 0.0681818181818182 0.0340909090909091 0.0369318181818182 0.0482954545454545 0.0653409090909091 0.0497159090909091 0.0553977272727273 0.113636363636364 0.0269886363636364 0.0482954545454545 0.0241477272727273
"cheMyd" 0.269886363636364 0.267045454545455 0 0.252840909090909 0.255681818181818 0.25 0.278409090909091 0.254261363636364 0.257102272727273 0.272727272727273 0.296875 0.276988636363636 0.279829545454545 0.285511363636364 0.258522727272727 0.279829545454545 0.257102272727273
"cheSer" 0.0426136363636364 0.0298295454545455 0.252840909090909 0 0.0142045454545455 0.0738636363636364 0.0738636363636364 0.0184659090909091 0.0184659090909091 0.0426136363636364 0.0582386363636364 0.0411931818181818 0.046875 0.105113636363636 0.0170454545454545 0.0482954545454545 0.0142045454545455
"chrPic" 0.0397727272727273 0.0241477272727273 0.255681818181818 0.0142045454545455 0 0.0752840909090909 0.0724431818181818 0.0213068181818182 0.0241477272727273 0.0369318181818182 0.0454545454545455 0.0383522727272727 0.0411931818181818 0.105113636363636 0.0113636363636364 0.0426136363636364 0.00284090909090909
"cuoAmb" 0.0994318181818182 0.0710227272727273 0.25 0.0738636363636364 0.0752840909090909 0 0.0596590909090909 0.0795454545454545 0.0866477272727273 0.0980113636363636 0.115056818181818 0.0965909090909091 0.103693181818182 0.109375 0.078125 0.102272727272727 0.0738636363636364
"cuoMcc" 0.0951704545454545 0.0681818181818182 0.278409090909091 0.0738636363636364 0.0724431818181818 0.0596590909090909 0 0.0795454545454545 0.0838068181818182 0.09375 0.112215909090909 0.0965909090909091 0.0965909090909091 0.116477272727273 0.0752840909090909 0.0980113636363636 0.0710227272727273
"derCor" 0.046875 0.0340909090909091 0.254261363636364 0.0184659090909091 0.0213068181818182 0.0795454545454545 0.0795454545454545 0 0.0255681818181818 0.046875 0.0639204545454545 0.0454545454545455 0.0482954545454545 0.103693181818182 0.0241477272727273 0.0497159090909091 0.0213068181818182
"derMaw" 0.0497159090909091 0.0369318181818182 0.257102272727273 0.0184659090909091 0.0241477272727273 0.0866477272727273 0.0838068181818182 0.0255681818181818 0 0.0525568181818182 0.0667613636363636 0.0511363636363636 0.0511363636363636 0.109375 0.0269886363636364 0.0525568181818182 0.0241477272727273
"emySub" 0.0582386363636364 0.0482954545454545 0.272727272727273 0.0426136363636364 0.0369318181818182 0.0980113636363636 0.09375 0.046875 0.0525568181818182 0 0.078125 0.0298295454545455 0.0482954545454545 0.122159090909091 0.0411931818181818 0.0482954545454545 0.0369318181818182
"malTer" 0.0823863636363636 0.0653409090909091 0.296875 0.0582386363636364 0.0454545454545455 0.115056818181818 0.112215909090909 0.0639204545454545 0.0667613636363636 0.078125 0 0.0795454545454545 0.0823863636363636 0.146306818181818 0.0568181818181818 0.0795454545454545 0.0482954545454545
"mesTub" 0.0568181818181818 0.0497159090909091 0.276988636363636 0.0411931818181818 0.0383522727272727 0.0965909090909091 0.0965909090909091 0.0454545454545455 0.0511363636363636 0.0298295454545455 0.0795454545454545 0 0.0497159090909091 0.117897727272727 0.0411931818181818 0.0511363636363636 0.0383522727272727
"pelCas" 0.0539772727272727 0.0553977272727273 0.279829545454545 0.046875 0.0411931818181818 0.103693181818182 0.0965909090909091 0.0482954545454545 0.0511363636363636 0.0482954545454545 0.0823863636363636 0.0497159090909091 0 0.120738636363636 0.0440340909090909 0.0326704545454545 0.0411931818181818
"pelSin" 0.106534090909091 0.113636363636364 0.285511363636364 0.105113636363636 0.105113636363636 0.109375 0.116477272727273 0.103693181818182 0.109375 0.122159090909091 0.146306818181818 0.117897727272727 0.120738636363636 0 0.102272727272727 0.123579545454545 0.103693181818182
"plaMeg" 0.0397727272727273 0.0269886363636364 0.258522727272727 0.0170454545454545 0.0113636363636364 0.078125 0.0752840909090909 0.0241477272727273 0.0269886363636364 0.0411931818181818 0.0568181818181818 0.0411931818181818 0.0440340909090909 0.102272727272727 0 0.0454545454545455 0.0113636363636364
"podExp" 0.0568181818181818 0.0482954545454545 0.279829545454545 0.0482954545454545 0.0426136363636364 0.102272727272727 0.0980113636363636 0.0497159090909091 0.0525568181818182 0.0482954545454545 0.0795454545454545 0.0511363636363636 0.0326704545454545 0.123579545454545 0.0454545454545455 0 0.0426136363636364
"terMex" 0.0397727272727273 0.0241477272727273 0.257102272727273 0.0142045454545455 0.00284090909090909 0.0738636363636364 0.0710227272727273 0.0213068181818182 0.0241477272727273 0.0369318181818182 0.0482954545454545 0.0383522727272727 0.0411931818181818 0.103693181818182 0.0113636363636364 0.0426136363636364 0
