"carIns" "cheAbi" "cheMyd" "cheSer" "chrPic" "cuoAmb" "cuoMcc" "derCor" "derMaw" "emySub" "gopAga" "malTer" "mesTub" "pelCas" "pelSin" "plaMeg" "podExp" "terMex"
"carIns" 0 0.140686922060766 0.142668428005284 0.137384412153236 0.133421400264201 0.200132100396301 0.129458388375165 0.149273447820343 0.14002642007926 0.160501981505945 0.139365918097754 0.142668428005284 0.155878467635403 0.157859973579921 0.169749009247028 0.148612945838838 0.16446499339498 0.128137384412153
"cheAbi" 0.140686922060766 0 0.0653896961690885 0.0700132100396301 0.0607661822985469 0.122853368560106 0.0369881109643329 0.0706737120211361 0.0785997357992074 0.114927344782034 0.0250990752972259 0.0706737120211361 0.117569352708058 0.137384412153236 0.153896961690885 0.0733157199471598 0.147952443857332 0.0501981505944518
"cheMyd" 0.142668428005284 0.0653896961690885 0 0.0700132100396301 0.0587846763540291 0.14002642007926 0.0541611624834875 0.0330250990752972 0.0799207397622193 0.112945838837517 0.0667107001321004 0.0680317040951123 0.117569352708058 0.138705416116248 0.163143989431968 0.0739762219286658 0.14663143989432 0.0515191545574637
"cheSer" 0.137384412153236 0.0700132100396301 0.0700132100396301 0 0.0640686922060766 0.14002642007926 0.0581241743725231 0.0785997357992074 0.0752972258916777 0.120211360634082 0.0693527080581242 0.0759577278731836 0.117569352708058 0.132760898282695 0.159841479524439 0.0772787318361955 0.148612945838838 0.0574636723910172
"chrPic" 0.133421400264201 0.0607661822985469 0.0587846763540291 0.0640686922060766 0 0.130118890356671 0.0468956406869221 0.0653896961690885 0.0700132100396301 0.114927344782034 0.0581241743725231 0.0217965653896962 0.117569352708058 0.133421400264201 0.156538969616909 0.059445178335535 0.138044914134742 0.0151915455746367
"cuoAmb" 0.200132100396301 0.122853368560106 0.14002642007926 0.14002642007926 0.130118890356671 0 0.10105680317041 0.148612945838838 0.14663143989432 0.189564068692206 0.121532364597094 0.14002642007926 0.190224570673712 0.200132100396301 0.217965653896962 0.145970937912814 0.21003963011889 0.124174372523118
"cuoMcc" 0.129458388375165 0.0369881109643329 0.0541611624834875 0.0581241743725231 0.0468956406869221 0.10105680317041 0 0.0653896961690885 0.0653896961690885 0.109643328929987 0.0350066050198151 0.0574636723910172 0.110964332892999 0.128797886393659 0.147291941875826 0.059445178335535 0.140686922060766 0.0389696169088507
"derCor" 0.149273447820343 0.0706737120211361 0.0330250990752972 0.0785997357992074 0.0653896961690885 0.148612945838838 0.0653896961690885 0 0.0898282694848085 0.120211360634082 0.0759577278731836 0.0766182298546896 0.1221928665786 0.145970937912814 0.172391017173052 0.083883751651255 0.151915455746367 0.060105680317041
"derMaw" 0.14002642007926 0.0785997357992074 0.0799207397622193 0.0752972258916777 0.0700132100396301 0.14663143989432 0.0653896961690885 0.0898282694848085 0 0.127476882430647 0.0726552179656539 0.0792602377807133 0.127476882430647 0.138044914134742 0.153896961690885 0.0819022457067371 0.156538969616909 0.0634081902245707
"emySub" 0.160501981505945 0.114927344782034 0.112945838837517 0.120211360634082 0.114927344782034 0.189564068692206 0.109643328929987 0.120211360634082 0.127476882430647 0 0.117569352708058 0.125495376486129 0.0541611624834875 0.123513870541612 0.161822985468956 0.125495376486129 0.119550858652576 0.108982826948481
"gopAga" 0.139365918097754 0.0250990752972259 0.0667107001321004 0.0693527080581242 0.0581241743725231 0.121532364597094 0.0350066050198151 0.0759577278731836 0.0726552179656539 0.117569352708058 0 0.0673712021136063 0.11889035667107 0.134081902245707 0.149273447820343 0.0673712021136063 0.145970937912814 0.0488771466314399
"malTer" 0.142668428005284 0.0706737120211361 0.0680317040951123 0.0759577278731836 0.0217965653896962 0.14002642007926 0.0574636723910172 0.0766182298546896 0.0792602377807133 0.125495376486129 0.0673712021136063 0 0.129458388375165 0.141347424042272 0.165125495376486 0.0693527080581242 0.145970937912814 0.0264200792602378
"mesTub" 0.155878467635403 0.117569352708058 0.117569352708058 0.117569352708058 0.117569352708058 0.190224570673712 0.110964332892999 0.1221928665786 0.127476882430647 0.0541611624834875 0.11889035667107 0.129458388375165 0 0.120211360634082 0.16116248348745 0.129458388375165 0.122853368560106 0.110964332892999
"pelCas" 0.157859973579921 0.137384412153236 0.138705416116248 0.132760898282695 0.133421400264201 0.200132100396301 0.128797886393659 0.145970937912814 0.138044914134742 0.123513870541612 0.134081902245707 0.141347424042272 0.120211360634082 0 0.184280052840159 0.149273447820343 0.122853368560106 0.126816380449141
"pelSin" 0.169749009247028 0.153896961690885 0.163143989431968 0.159841479524439 0.156538969616909 0.217965653896962 0.147291941875826 0.172391017173052 0.153896961690885 0.161822985468956 0.149273447820343 0.165125495376486 0.16116248348745 0.184280052840159 0 0.166446499339498 0.191545574636724 0.150594451783355
"plaMeg" 0.148612945838838 0.0733157199471598 0.0739762219286658 0.0772787318361955 0.059445178335535 0.145970937912814 0.059445178335535 0.083883751651255 0.0819022457067371 0.125495376486129 0.0673712021136063 0.0693527080581242 0.129458388375165 0.149273447820343 0.166446499339498 0 0.151915455746367 0.0535006605019815
"podExp" 0.16446499339498 0.147952443857332 0.14663143989432 0.148612945838838 0.138044914134742 0.21003963011889 0.140686922060766 0.151915455746367 0.156538969616909 0.119550858652576 0.145970937912814 0.145970937912814 0.122853368560106 0.122853368560106 0.191545574636724 0.151915455746367 0 0.135402906208719
"terMex" 0.128137384412153 0.0501981505944518 0.0515191545574637 0.0574636723910172 0.0151915455746367 0.124174372523118 0.0389696169088507 0.060105680317041 0.0634081902245707 0.108982826948481 0.0488771466314399 0.0264200792602378 0.110964332892999 0.126816380449141 0.150594451783355 0.0535006605019815 0.135402906208719 0
