"carIns" "cheAbi" "cheMyd" "cheSer" "chrPic" "cuoAmb" "cuoMcc" "derCor" "derMaw" "emySub" "gopAga" "malTer" "mesTub" "pelCas" "pelSin" "plaMeg" "podExp" "terMex"
"carIns" 0 0.0912017167381974 0.0836909871244635 0.0890557939914163 0.0815450643776824 0.0793991416309013 0.0793991416309013 0.0858369098712446 0.0890557939914163 0.101931330472103 0.0879828326180258 0.284334763948498 0.110515021459227 0.100858369098712 0.0976394849785408 0.0783261802575107 0.111587982832618 0.0847639484978541
"cheAbi" 0.0912017167381974 0 0.0472103004291846 0.0515021459227468 0.036480686695279 0.0236051502145923 0.0257510729613734 0.0515021459227468 0.0611587982832618 0.101931330472103 0.0171673819742489 0.248927038626609 0.0997854077253219 0.0954935622317597 0.0933476394849785 0.0332618025751073 0.111587982832618 0.0407725321888412
"cheMyd" 0.0836909871244635 0.0472103004291846 0 0.0332618025751073 0.0354077253218884 0.0375536480686695 0.036480686695279 0.0246781115879828 0.0439914163090129 0.0890557939914163 0.0407725321888412 0.244635193133047 0.082618025751073 0.0858369098712446 0.0890557939914163 0.026824034334764 0.0965665236051502 0.036480686695279
"cheSer" 0.0890557939914163 0.0515021459227468 0.0332618025751073 0 0.036480686695279 0.0386266094420601 0.0396995708154506 0.0375536480686695 0.0493562231759657 0.092274678111588 0.0450643776824034 0.243562231759657 0.0901287553648069 0.0933476394849785 0.0912017167381974 0.0257510729613734 0.104077253218884 0.0375536480686695
"chrPic" 0.0815450643776824 0.036480686695279 0.0354077253218884 0.036480686695279 0 0.0257510729613734 0.026824034334764 0.0343347639484979 0.0439914163090129 0.0869098712446352 0.0332618025751073 0.222103004291845 0.0858369098712446 0.0890557939914163 0.0858369098712446 0.0150214592274678 0.100858369098712 0.0118025751072961
"cuoAmb" 0.0793991416309013 0.0236051502145923 0.0375536480686695 0.0386266094420601 0.0257510729613734 0 0.00536480686695279 0.0386266094420601 0.0504291845493562 0.0869098712446352 0.0182403433476395 0.242489270386266 0.0847639484978541 0.0815450643776824 0.0847639484978541 0.01931330472103 0.0976394849785408 0.026824034334764
"cuoMcc" 0.0793991416309013 0.0257510729613734 0.036480686695279 0.0396995708154506 0.026824034334764 0.00536480686695279 0 0.0375536480686695 0.0482832618025751 0.0858369098712446 0.0203862660944206 0.241416309012876 0.0836909871244635 0.082618025751073 0.0869098712446352 0.0203862660944206 0.0987124463519313 0.0278969957081545
"derCor" 0.0858369098712446 0.0515021459227468 0.0246781115879828 0.0375536480686695 0.0343347639484979 0.0386266094420601 0.0375536480686695 0 0.0429184549356223 0.0879828326180258 0.0429184549356223 0.242489270386266 0.0858369098712446 0.0933476394849785 0.0890557939914163 0.0278969957081545 0.0954935622317597 0.0332618025751073
"derMaw" 0.0890557939914163 0.0611587982832618 0.0439914163090129 0.0493562231759657 0.0439914163090129 0.0504291845493562 0.0482832618025751 0.0429184549356223 0 0.0976394849785408 0.055793991416309 0.251072961373391 0.0987124463519313 0.0965665236051502 0.092274678111588 0.0396995708154506 0.111587982832618 0.0450643776824034
"emySub" 0.101931330472103 0.101931330472103 0.0890557939914163 0.092274678111588 0.0869098712446352 0.0869098712446352 0.0858369098712446 0.0879828326180258 0.0976394849785408 0 0.0954935622317597 0.283261802575107 0.0493562231759657 0.0675965665236052 0.108369098712446 0.0815450643776824 0.0879828326180258 0.0869098712446352
"gopAga" 0.0879828326180258 0.0171673819742489 0.0407725321888412 0.0450643776824034 0.0332618025751073 0.0182403433476395 0.0203862660944206 0.0429184549356223 0.055793991416309 0.0954935622317597 0 0.246781115879828 0.0944206008583691 0.092274678111588 0.0944206008583691 0.0278969957081545 0.105150214592275 0.0332618025751073
"malTer" 0.284334763948498 0.248927038626609 0.244635193133047 0.243562231759657 0.222103004291845 0.242489270386266 0.241416309012876 0.242489270386266 0.251072961373391 0.283261802575107 0.246781115879828 0 0.280042918454936 0.277896995708155 0.278969957081545 0.232832618025751 0.291845493562232 0.23068669527897
"mesTub" 0.110515021459227 0.0997854077253219 0.082618025751073 0.0901287553648069 0.0858369098712446 0.0847639484978541 0.0836909871244635 0.0858369098712446 0.0987124463519313 0.0493562231759657 0.0944206008583691 0.280042918454936 0 0.0697424892703863 0.110515021459227 0.0793991416309013 0.0976394849785408 0.0879828326180258
"pelCas" 0.100858369098712 0.0954935622317597 0.0858369098712446 0.0933476394849785 0.0890557939914163 0.0815450643776824 0.082618025751073 0.0933476394849785 0.0965665236051502 0.0675965665236052 0.092274678111588 0.277896995708155 0.0697424892703863 0 0.108369098712446 0.0836909871244635 0.0761802575107296 0.0901287553648069
"pelSin" 0.0976394849785408 0.0933476394849785 0.0890557939914163 0.0912017167381974 0.0858369098712446 0.0847639484978541 0.0869098712446352 0.0890557939914163 0.092274678111588 0.108369098712446 0.0944206008583691 0.278969957081545 0.110515021459227 0.108369098712446 0 0.0804721030042918 0.11480686695279 0.0858369098712446
"plaMeg" 0.0783261802575107 0.0332618025751073 0.026824034334764 0.0257510729613734 0.0150214592274678 0.01931330472103 0.0203862660944206 0.0278969957081545 0.0396995708154506 0.0815450643776824 0.0278969957081545 0.232832618025751 0.0793991416309013 0.0836909871244635 0.0804721030042918 0 0.0933476394849785 0.0160944206008584
"podExp" 0.111587982832618 0.111587982832618 0.0965665236051502 0.104077253218884 0.100858369098712 0.0976394849785408 0.0987124463519313 0.0954935622317597 0.111587982832618 0.0879828326180258 0.105150214592275 0.291845493562232 0.0976394849785408 0.0761802575107296 0.11480686695279 0.0933476394849785 0 0.103004291845494
"terMex" 0.0847639484978541 0.0407725321888412 0.036480686695279 0.0375536480686695 0.0118025751072961 0.026824034334764 0.0278969957081545 0.0332618025751073 0.0450643776824034 0.0869098712446352 0.0332618025751073 0.23068669527897 0.0879828326180258 0.0901287553648069 0.0858369098712446 0.0160944206008584 0.103004291845494 0
