"cheAbi" "cheMyd" "cheSer" "chrPic" "cuoAmb" "cuoMcc" "derCor" "derMaw" "emySub" "gopAga" "malTer" "mesTub" "pelCas" "pelSin" "plaMeg" "podExp"
"cheAbi" 0 0.0515361744301288 0.0475718533201189 0.0416253716551041 0.0336967294350842 0.0327056491575818 0.0535183349851338 0.0574826560951437 0.0991080277502478 0.0277502477700694 0.0406342913776016 0.10009910802775 0.0991080277502478 0.101090188305253 0.0336967294350842 0.120911793855302
"cheMyd" 0.0515361744301288 0 0.0346878097125867 0.0366699702675917 0.0386521308225966 0.0376610505450942 0.0247770069375619 0.0485629335976214 0.0921704658077304 0.0485629335976214 0.0336967294350842 0.0951437066402379 0.0981169474727453 0.0981169474727453 0.0267591674925669 0.117938553022795
"cheSer" 0.0475718533201189 0.0346878097125867 0 0.0237859266600595 0.0336967294350842 0.0327056491575818 0.0336967294350842 0.0416253716551041 0.0882061446977205 0.0445986124876115 0.0297324083250743 0.0862239841427156 0.0951437066402379 0.0931615460852329 0.020812685827552 0.110009910802775
"chrPic" 0.0416253716551041 0.0366699702675917 0.0237859266600595 0 0.0297324083250743 0.0287413280475719 0.0366699702675917 0.0406342913776016 0.089197224975223 0.0396432111000991 0.0188305252725471 0.0882061446977205 0.0931615460852329 0.0951437066402379 0.0178394449950446 0.111000991080278
"cuoAmb" 0.0336967294350842 0.0386521308225966 0.0336967294350842 0.0297324083250743 0 0.00693756194251734 0.0426164519326065 0.045589692765114 0.0862239841427156 0.0317145688800793 0.0307234886025768 0.087215064420218 0.0941526263627354 0.0981169474727453 0.0257680872150644 0.106045589692765
"cuoMcc" 0.0327056491575818 0.0376610505450942 0.0327056491575818 0.0287413280475719 0.00693756194251734 0 0.0416253716551041 0.0445986124876115 0.0862239841427156 0.0307234886025768 0.0297324083250743 0.087215064420218 0.0921704658077304 0.0951437066402379 0.0247770069375619 0.10802775024777
"derCor" 0.0535183349851338 0.0247770069375619 0.0336967294350842 0.0366699702675917 0.0426164519326065 0.0416253716551041 0 0.0505450941526264 0.0941526263627354 0.0505450941526264 0.0376610505450942 0.0981169474727453 0.101090188305253 0.102081268582755 0.0287413280475719 0.116947472745292
"derMaw" 0.0574826560951437 0.0485629335976214 0.0416253716551041 0.0406342913776016 0.045589692765114 0.0445986124876115 0.0505450941526264 0 0.0961347869177403 0.0555004955401388 0.0396432111000991 0.0931615460852329 0.10406342913776 0.10009910802775 0.0346878097125867 0.121902874132805
"emySub" 0.0991080277502478 0.0921704658077304 0.0882061446977205 0.089197224975223 0.0862239841427156 0.0862239841427156 0.0941526263627354 0.0961347869177403 0 0.0981169474727453 0.087215064420218 0.0406342913776016 0.0723488602576809 0.10009910802775 0.0792864222001982 0.0921704658077304
"gopAga" 0.0277502477700694 0.0485629335976214 0.0445986124876115 0.0396432111000991 0.0317145688800793 0.0307234886025768 0.0505450941526264 0.0555004955401388 0.0981169474727453 0 0.0386521308225966 0.0991080277502478 0.10406342913776 0.0981169474727453 0.0336967294350842 0.116947472745292
"malTer" 0.0406342913776016 0.0336967294350842 0.0297324083250743 0.0188305252725471 0.0307234886025768 0.0297324083250743 0.0376610505450942 0.0396432111000991 0.087215064420218 0.0386521308225966 0 0.087215064420218 0.0921704658077304 0.0941526263627354 0.0168483647175421 0.110009910802775
"mesTub" 0.10009910802775 0.0951437066402379 0.0862239841427156 0.0882061446977205 0.087215064420218 0.087215064420218 0.0981169474727453 0.0931615460852329 0.0406342913776016 0.0991080277502478 0.087215064420218 0 0.0753221010901883 0.103072348860258 0.0792864222001982 0.0971258671952428
"pelCas" 0.0991080277502478 0.0981169474727453 0.0951437066402379 0.0931615460852329 0.0941526263627354 0.0921704658077304 0.101090188305253 0.10406342913776 0.0723488602576809 0.10406342913776 0.0921704658077304 0.0753221010901883 0 0.112983151635282 0.0812685827552032 0.0654112983151635
"pelSin" 0.101090188305253 0.0981169474727453 0.0931615460852329 0.0951437066402379 0.0981169474727453 0.0951437066402379 0.102081268582755 0.10009910802775 0.10009910802775 0.0981169474727453 0.0941526263627354 0.103072348860258 0.112983151635282 0 0.0852329038652131 0.124876114965312
"plaMeg" 0.0336967294350842 0.0267591674925669 0.020812685827552 0.0178394449950446 0.0257680872150644 0.0247770069375619 0.0287413280475719 0.0346878097125867 0.0792864222001982 0.0336967294350842 0.0168483647175421 0.0792864222001982 0.0812685827552032 0.0852329038652131 0 0.103072348860258
"podExp" 0.120911793855302 0.117938553022795 0.110009910802775 0.111000991080278 0.106045589692765 0.10802775024777 0.116947472745292 0.121902874132805 0.0921704658077304 0.116947472745292 0.110009910802775 0.0971258671952428 0.0654112983151635 0.124876114965312 0.103072348860258 0
