"cheAbi" "cheMyd" "cheSer" "chrPic" "cuoMcc" "derMaw" "emySub" "gopAga" "malTer" "mesTub" "pelCas" "pelSin" "plaMeg" "podExp"
"cheAbi" 0 0.058974358974359 0.0371794871794872 0.032051282051282 0.0243589743589744 0.0435897435897436 0.0884615384615385 0.0230769230769231 0.0307692307692308 0.0923076923076923 0.1 0.124358974358974 0.0294871794871795 0.0871794871794872
"cheMyd" 0.058974358974359 0 0.0346153846153846 0.0461538461538462 0.0512820512820513 0.05 0.082051282051282 0.0628205128205128 0.0474358974358974 0.0897435897435897 0.108974358974359 0.130769230769231 0.0448717948717949 0.0987179487179487
"cheSer" 0.0371794871794872 0.0346153846153846 0 0.0230769230769231 0.0307692307692308 0.0269230769230769 0.0653846153846154 0.041025641025641 0.0243589743589744 0.0756410256410256 0.0961538461538462 0.112820512820513 0.0230769230769231 0.0794871794871795
"chrPic" 0.032051282051282 0.0461538461538462 0.0230769230769231 0 0.0282051282051282 0.0346153846153846 0.0717948717948718 0.0358974358974359 0.00128205128205128 0.0794871794871795 0.0871794871794872 0.106410256410256 0.0153846153846154 0.0679487179487179
"cuoMcc" 0.0243589743589744 0.0512820512820513 0.0307692307692308 0.0282051282051282 0 0.0397435897435897 0.0833333333333333 0.0269230769230769 0.0294871794871795 0.0897435897435897 0.0935897435897436 0.124358974358974 0.0282051282051282 0.0884615384615385
"derMaw" 0.0435897435897436 0.05 0.0269230769230769 0.0346153846153846 0.0397435897435897 0 0.082051282051282 0.0448717948717949 0.0358974358974359 0.0807692307692308 0.106410256410256 0.120512820512821 0.0346153846153846 0.0923076923076923
"emySub" 0.0884615384615385 0.082051282051282 0.0653846153846154 0.0717948717948718 0.0833333333333333 0.082051282051282 0 0.091025641025641 0.0730769230769231 0.041025641025641 0.0871794871794872 0.128205128205128 0.0730769230769231 0.0884615384615385
"gopAga" 0.0230769230769231 0.0628205128205128 0.041025641025641 0.0358974358974359 0.0269230769230769 0.0448717948717949 0.091025641025641 0 0.0346153846153846 0.0897435897435897 0.0987179487179487 0.123076923076923 0.0333333333333333 0.0884615384615385
"malTer" 0.0307692307692308 0.0474358974358974 0.0243589743589744 0.00128205128205128 0.0294871794871795 0.0358974358974359 0.0730769230769231 0.0346153846153846 0 0.0807692307692308 0.0884615384615385 0.107692307692308 0.0141025641025641 0.0692307692307692
"mesTub" 0.0923076923076923 0.0897435897435897 0.0756410256410256 0.0794871794871795 0.0897435897435897 0.0807692307692308 0.041025641025641 0.0897435897435897 0.0807692307692308 0 0.0948717948717949 0.128205128205128 0.0807692307692308 0.0974358974358974
"pelCas" 0.1 0.108974358974359 0.0961538461538462 0.0871794871794872 0.0935897435897436 0.106410256410256 0.0871794871794872 0.0987179487179487 0.0884615384615385 0.0948717948717949 0 0.15 0.0948717948717949 0.0679487179487179
"pelSin" 0.124358974358974 0.130769230769231 0.112820512820513 0.106410256410256 0.124358974358974 0.120512820512821 0.128205128205128 0.123076923076923 0.107692307692308 0.128205128205128 0.15 0 0.114102564102564 0.12948717948718
"plaMeg" 0.0294871794871795 0.0448717948717949 0.0230769230769231 0.0153846153846154 0.0282051282051282 0.0346153846153846 0.0730769230769231 0.0333333333333333 0.0141025641025641 0.0807692307692308 0.0948717948717949 0.114102564102564 0 0.0782051282051282
"podExp" 0.0871794871794872 0.0987179487179487 0.0794871794871795 0.0679487179487179 0.0884615384615385 0.0923076923076923 0.0884615384615385 0.0884615384615385 0.0692307692307692 0.0974358974358974 0.0679487179487179 0.12948717948718 0.0782051282051282 0
