"carIns" "cheAbi" "cheMyd" "cheSer" "chrPic" "cuoAmb" "cuoMcc" "derCor" "derMaw" "emySub" "gopAga" "malTer" "mesTub" "pelCas" "pelSin" "plaMeg" "podExp" "terMex"
"carIns" 0 0.0710659898477157 0.0697969543147208 0.0596446700507614 0.139593908629442 0.0685279187817259 0.0697969543147208 0.0710659898477157 0.0723350253807107 0.0710659898477157 0.0634517766497462 0.0621827411167513 0.0850253807106599 0.0862944162436548 0.0571065989847716 0.0647208121827411 0.0989847715736041 0.0621827411167513
"cheAbi" 0.0710659898477157 0 0.0304568527918782 0.0215736040609137 0.0939086294416244 0.0126903553299492 0.0114213197969543 0.0304568527918782 0.032994923857868 0.0520304568527919 0.0126903553299492 0.016497461928934 0.0609137055837563 0.065989847715736 0.0634517766497462 0.0215736040609137 0.0786802030456853 0.016497461928934
"cheMyd" 0.0697969543147208 0.0304568527918782 0 0.0190355329949239 0.101522842639594 0.0279187817258883 0.0291878172588832 0.0152284263959391 0.0342639593908629 0.0520304568527919 0.0304568527918782 0.0215736040609137 0.067258883248731 0.0723350253807107 0.065989847715736 0.0241116751269036 0.0862944162436548 0.0215736040609137
"cheSer" 0.0596446700507614 0.0215736040609137 0.0190355329949239 0 0.0913705583756345 0.0215736040609137 0.0203045685279188 0.0190355329949239 0.0228426395939086 0.0406091370558376 0.0215736040609137 0.0126903553299492 0.0558375634517767 0.0634517766497462 0.0571065989847716 0.0126903553299492 0.0799492385786802 0.0126903553299492
"chrPic" 0.139593908629442 0.0939086294416244 0.101522842639594 0.0913705583756345 0 0.0951776649746193 0.0939086294416244 0.100253807106599 0.106598984771574 0.118020304568528 0.0977157360406091 0.083756345177665 0.135786802030457 0.138324873096447 0.135786802030457 0.0913705583756345 0.148477157360406 0.083756345177665
"cuoAmb" 0.0685279187817259 0.0126903553299492 0.0279187817258883 0.0215736040609137 0.0951776649746193 0 0.00634517766497462 0.0304568527918782 0.0317258883248731 0.0520304568527919 0.0152284263959391 0.016497461928934 0.0621827411167513 0.067258883248731 0.0647208121827411 0.0215736040609137 0.0812182741116751 0.016497461928934
"cuoMcc" 0.0697969543147208 0.0114213197969543 0.0291878172588832 0.0203045685279188 0.0939086294416244 0.00634517766497462 0 0.0291878172588832 0.032994923857868 0.050761421319797 0.0139593908629442 0.0152284263959391 0.0609137055837563 0.0634517766497462 0.0634517766497462 0.0203045685279188 0.0799492385786802 0.0152284263959391
"derCor" 0.0710659898477157 0.0304568527918782 0.0152284263959391 0.0190355329949239 0.100253807106599 0.0304568527918782 0.0291878172588832 0 0.0342639593908629 0.0520304568527919 0.0304568527918782 0.0215736040609137 0.067258883248731 0.0723350253807107 0.065989847715736 0.0241116751269036 0.0888324873096447 0.0215736040609137
"derMaw" 0.0723350253807107 0.032994923857868 0.0342639593908629 0.0228426395939086 0.106598984771574 0.0317258883248731 0.032994923857868 0.0342639593908629 0 0.050761421319797 0.0304568527918782 0.0253807106598985 0.0647208121827411 0.0736040609137056 0.067258883248731 0.0279187817258883 0.0862944162436548 0.0279187817258883
"emySub" 0.0710659898477157 0.0520304568527919 0.0520304568527919 0.0406091370558376 0.118020304568528 0.0520304568527919 0.050761421319797 0.0520304568527919 0.050761421319797 0 0.0520304568527919 0.0418781725888325 0.0291878172588832 0.0571065989847716 0.0710659898477157 0.0444162436548223 0.0761421319796954 0.0444162436548223
"gopAga" 0.0634517766497462 0.0126903553299492 0.0304568527918782 0.0215736040609137 0.0977157360406091 0.0152284263959391 0.0139593908629442 0.0304568527918782 0.0304568527918782 0.0520304568527919 0 0.016497461928934 0.0621827411167513 0.0685279187817259 0.0621827411167513 0.0215736040609137 0.0774111675126904 0.0190355329949239
"malTer" 0.0621827411167513 0.016497461928934 0.0215736040609137 0.0126903553299492 0.083756345177665 0.016497461928934 0.0152284263959391 0.0215736040609137 0.0253807106598985 0.0418781725888325 0.016497461928934 0 0.0571065989847716 0.0634517766497462 0.0558375634517767 0.0126903553299492 0.0774111675126904 0.00253807106598985
"mesTub" 0.0850253807106599 0.0609137055837563 0.067258883248731 0.0558375634517767 0.135786802030457 0.0621827411167513 0.0609137055837563 0.067258883248731 0.0647208121827411 0.0291878172588832 0.0621827411167513 0.0571065989847716 0 0.0736040609137056 0.0862944162436548 0.0596446700507614 0.0888324873096447 0.0596446700507614
"pelCas" 0.0862944162436548 0.065989847715736 0.0723350253807107 0.0634517766497462 0.138324873096447 0.067258883248731 0.0634517766497462 0.0723350253807107 0.0736040609137056 0.0571065989847716 0.0685279187817259 0.0634517766497462 0.0736040609137056 0 0.0862944162436548 0.065989847715736 0.08248730964467 0.0634517766497462
"pelSin" 0.0571065989847716 0.0634517766497462 0.065989847715736 0.0571065989847716 0.135786802030457 0.0647208121827411 0.0634517766497462 0.065989847715736 0.067258883248731 0.0710659898477157 0.0621827411167513 0.0558375634517767 0.0862944162436548 0.0862944162436548 0 0.0596446700507614 0.100253807106599 0.0558375634517767
"plaMeg" 0.0647208121827411 0.0215736040609137 0.0241116751269036 0.0126903553299492 0.0913705583756345 0.0215736040609137 0.0203045685279188 0.0241116751269036 0.0279187817258883 0.0444162436548223 0.0215736040609137 0.0126903553299492 0.0596446700507614 0.065989847715736 0.0596446700507614 0 0.0774111675126904 0.0101522842639594
"podExp" 0.0989847715736041 0.0786802030456853 0.0862944162436548 0.0799492385786802 0.148477157360406 0.0812182741116751 0.0799492385786802 0.0888324873096447 0.0862944162436548 0.0761421319796954 0.0774111675126904 0.0774111675126904 0.0888324873096447 0.08248730964467 0.100253807106599 0.0774111675126904 0 0.0774111675126904
"terMex" 0.0621827411167513 0.016497461928934 0.0215736040609137 0.0126903553299492 0.083756345177665 0.016497461928934 0.0152284263959391 0.0215736040609137 0.0279187817258883 0.0444162436548223 0.0190355329949239 0.00253807106598985 0.0596446700507614 0.0634517766497462 0.0558375634517767 0.0101522842639594 0.0774111675126904 0
