"carIns" "cheAbi" "cheMyd" "cheSer" "chrPic" "cuoAmb" "cuoMcc" "derCor" "derMaw" "emySub" "gopAga" "malTer" "mesTub" "pelCas" "pelSin" "plaMeg" "podExp" "terMex"
"carIns" 0 0.0750407830342577 0.0717781402936378 0.0783034257748776 0.0701468189233279 0.0701468189233279 0.068515497553018 0.0734094616639478 0.0799347471451876 0.0619902120717781 0.0750407830342577 0.068515497553018 0.0766721044045677 0.0799347471451876 0.0750407830342577 0.065252854812398 0.215334420880914 0.068515497553018
"cheAbi" 0.0750407830342577 0 0.0391517128874388 0.0538336052202284 0.0358890701468189 0.0358890701468189 0.0375203915171289 0.0407830342577488 0.0538336052202284 0.066884176182708 0.0261011419249592 0.034257748776509 0.0815660685154976 0.0815660685154976 0.0750407830342577 0.0309951060358891 0.221859706362153 0.034257748776509
"cheMyd" 0.0717781402936378 0.0391517128874388 0 0.0489396411092985 0.0391517128874388 0.0424143556280587 0.0440456769983687 0.0244698205546493 0.0505709624796085 0.0636215334420881 0.0424143556280587 0.0375203915171289 0.0799347471451876 0.0799347471451876 0.0750407830342577 0.034257748776509 0.220228384991843 0.0375203915171289
"cheSer" 0.0783034257748776 0.0538336052202284 0.0489396411092985 0 0.0456769983686786 0.0440456769983687 0.0456769983686786 0.0505709624796085 0.0473083197389886 0.065252854812398 0.0456769983686786 0.0440456769983687 0.0799347471451876 0.0831973898858075 0.068515497553018 0.0375203915171289 0.220228384991843 0.0440456769983687
"chrPic" 0.0701468189233279 0.0358890701468189 0.0391517128874388 0.0456769983686786 0 0.032626427406199 0.034257748776509 0.0407830342577488 0.0440456769983687 0.0522022838499184 0.0293637846655791 0.00163132137030995 0.068515497553018 0.0734094616639478 0.066884176182708 0.0163132137030995 0.216965742251224 0.0114192495921697
"cuoAmb" 0.0701468189233279 0.0358890701468189 0.0424143556280587 0.0440456769983687 0.032626427406199 0 0.00163132137030995 0.0440456769983687 0.0505709624796085 0.0619902120717781 0.0293637846655791 0.0309951060358891 0.0799347471451876 0.0815660685154976 0.0717781402936378 0.0277324632952692 0.221859706362153 0.0309951060358891
"cuoMcc" 0.068515497553018 0.0375203915171289 0.0440456769983687 0.0456769983686786 0.034257748776509 0.00163132137030995 0 0.0424143556280587 0.0522022838499184 0.0636215334420881 0.0309951060358891 0.032626427406199 0.0815660685154976 0.0831973898858075 0.0701468189233279 0.0293637846655791 0.223491027732463 0.032626427406199
"derCor" 0.0734094616639478 0.0407830342577488 0.0244698205546493 0.0505709624796085 0.0407830342577488 0.0440456769983687 0.0424143556280587 0 0.0473083197389886 0.0636215334420881 0.0440456769983687 0.0391517128874388 0.0799347471451876 0.0766721044045677 0.0750407830342577 0.034257748776509 0.221859706362153 0.0358890701468189
"derMaw" 0.0799347471451876 0.0538336052202284 0.0505709624796085 0.0473083197389886 0.0440456769983687 0.0505709624796085 0.0522022838499184 0.0473083197389886 0 0.0619902120717781 0.0505709624796085 0.0424143556280587 0.0799347471451876 0.0864600326264274 0.0783034257748776 0.0375203915171289 0.220228384991843 0.0424143556280587
"emySub" 0.0619902120717781 0.066884176182708 0.0636215334420881 0.065252854812398 0.0522022838499184 0.0619902120717781 0.0636215334420881 0.0636215334420881 0.0619902120717781 0 0.065252854812398 0.0505709624796085 0.0375203915171289 0.0570962479608483 0.065252854812398 0.0505709624796085 0.207177814029364 0.0538336052202284
"gopAga" 0.0750407830342577 0.0261011419249592 0.0424143556280587 0.0456769983686786 0.0293637846655791 0.0293637846655791 0.0309951060358891 0.0440456769983687 0.0505709624796085 0.065252854812398 0 0.0277324632952692 0.0831973898858075 0.0799347471451876 0.0750407830342577 0.0244698205546493 0.225122349102773 0.0309951060358891
"malTer" 0.068515497553018 0.034257748776509 0.0375203915171289 0.0440456769983687 0.00163132137030995 0.0309951060358891 0.032626427406199 0.0391517128874388 0.0424143556280587 0.0505709624796085 0.0277324632952692 0 0.066884176182708 0.0717781402936378 0.065252854812398 0.0146818923327896 0.215334420880914 0.0097879282218597
"mesTub" 0.0766721044045677 0.0815660685154976 0.0799347471451876 0.0799347471451876 0.068515497553018 0.0799347471451876 0.0815660685154976 0.0799347471451876 0.0799347471451876 0.0375203915171289 0.0831973898858075 0.066884176182708 0 0.0636215334420881 0.0766721044045677 0.068515497553018 0.212071778140294 0.068515497553018
"pelCas" 0.0799347471451876 0.0815660685154976 0.0799347471451876 0.0831973898858075 0.0734094616639478 0.0815660685154976 0.0831973898858075 0.0766721044045677 0.0864600326264274 0.0570962479608483 0.0799347471451876 0.0717781402936378 0.0636215334420881 0 0.0848287112561175 0.068515497553018 0.199021207177814 0.068515497553018
"pelSin" 0.0750407830342577 0.0750407830342577 0.0750407830342577 0.068515497553018 0.066884176182708 0.0717781402936378 0.0701468189233279 0.0750407830342577 0.0783034257748776 0.065252854812398 0.0750407830342577 0.065252854812398 0.0766721044045677 0.0848287112561175 0 0.0587275693311582 0.220228384991843 0.0619902120717781
"plaMeg" 0.065252854812398 0.0309951060358891 0.034257748776509 0.0375203915171289 0.0163132137030995 0.0277324632952692 0.0293637846655791 0.034257748776509 0.0375203915171289 0.0505709624796085 0.0244698205546493 0.0146818923327896 0.068515497553018 0.068515497553018 0.0587275693311582 0 0.216965742251224 0.0146818923327896
"podExp" 0.215334420880914 0.221859706362153 0.220228384991843 0.220228384991843 0.216965742251224 0.221859706362153 0.223491027732463 0.221859706362153 0.220228384991843 0.207177814029364 0.225122349102773 0.215334420880914 0.212071778140294 0.199021207177814 0.220228384991843 0.216965742251224 0 0.213703099510604
"terMex" 0.068515497553018 0.034257748776509 0.0375203915171289 0.0440456769983687 0.0114192495921697 0.0309951060358891 0.032626427406199 0.0358890701468189 0.0424143556280587 0.0538336052202284 0.0309951060358891 0.0097879282218597 0.068515497553018 0.068515497553018 0.0619902120717781 0.0146818923327896 0.213703099510604 0
