"carIns" "cheAbi" "cheMyd" "cheSer" "chrPic" "cuoAmb" "cuoMcc" "derCor" "derMaw" "emySub" "gopAga" "mesTub" "pelSin" "plaMeg" "podExp" "terMex"
"carIns" 0 0.0689075630252101 0.211764705882353 0.0605042016806723 0.0621848739495798 0.0773109243697479 0.0605042016806723 0.053781512605042 0.0621848739495798 0.0722689075630252 0.0672268907563025 0.065546218487395 0.247058823529412 0.0571428571428571 0.0840336134453782 0.0571428571428571
"cheAbi" 0.0689075630252101 0 0.196638655462185 0.0285714285714286 0.0319327731092437 0.038655462184874 0.0235294117647059 0.026890756302521 0.0420168067226891 0.065546218487395 0.0117647058823529 0.0571428571428571 0.240336134453782 0.0201680672268908 0.0739495798319328 0.026890756302521
"cheMyd" 0.211764705882353 0.196638655462185 0 0.19327731092437 0.191596638655462 0.205042016806723 0.196638655462185 0.18655462184874 0.201680672268908 0.21344537815126 0.196638655462185 0.20672268907563 0.253781512605042 0.191596638655462 0.215126050420168 0.184873949579832
"cheSer" 0.0605042016806723 0.0285714285714286 0.19327731092437 0 0.026890756302521 0.0403361344537815 0.0252100840336134 0.0218487394957983 0.0336134453781513 0.0571428571428571 0.0235294117647059 0.0470588235294118 0.233613445378151 0.0184873949579832 0.065546218487395 0.0218487394957983
"chrPic" 0.0621848739495798 0.0319327731092437 0.191596638655462 0.026890756302521 0 0.0436974789915966 0.0285714285714286 0.0184873949579832 0.0369747899159664 0.053781512605042 0.0285714285714286 0.0504201680672269 0.228571428571429 0.0218487394957983 0.0621848739495798 0.0168067226890756
"cuoAmb" 0.0773109243697479 0.038655462184874 0.205042016806723 0.0403361344537815 0.0436974789915966 0 0.0252100840336134 0.0420168067226891 0.0504201680672269 0.0773109243697479 0.0369747899159664 0.065546218487395 0.248739495798319 0.0352941176470588 0.0739495798319328 0.038655462184874
"cuoMcc" 0.0605042016806723 0.0235294117647059 0.196638655462185 0.0252100840336134 0.0285714285714286 0.0252100840336134 0 0.026890756302521 0.0336134453781513 0.0605042016806723 0.0218487394957983 0.0504201680672269 0.240336134453782 0.0201680672268908 0.065546218487395 0.0235294117647059
"derCor" 0.053781512605042 0.026890756302521 0.18655462184874 0.0218487394957983 0.0184873949579832 0.0420168067226891 0.026890756302521 0 0.0352941176470588 0.0521008403361345 0.0252100840336134 0.0470588235294118 0.233613445378151 0.0201680672268908 0.0605042016806723 0.0168067226890756
"derMaw" 0.0621848739495798 0.0420168067226891 0.201680672268908 0.0336134453781513 0.0369747899159664 0.0504201680672269 0.0336134453781513 0.0352941176470588 0 0.0672268907563025 0.0403361344537815 0.053781512605042 0.243697478991597 0.0319327731092437 0.0722689075630252 0.0352941176470588
"emySub" 0.0722689075630252 0.065546218487395 0.21344537815126 0.0571428571428571 0.053781512605042 0.0773109243697479 0.0605042016806723 0.0521008403361345 0.0672268907563025 0 0.0621848739495798 0.0403361344537815 0.243697478991597 0.053781512605042 0.0621848739495798 0.053781512605042
"gopAga" 0.0672268907563025 0.0117647058823529 0.196638655462185 0.0235294117647059 0.0285714285714286 0.0369747899159664 0.0218487394957983 0.0252100840336134 0.0403361344537815 0.0621848739495798 0 0.053781512605042 0.238655462184874 0.0218487394957983 0.0722689075630252 0.0218487394957983
"mesTub" 0.065546218487395 0.0571428571428571 0.20672268907563 0.0470588235294118 0.0504201680672269 0.065546218487395 0.0504201680672269 0.0470588235294118 0.053781512605042 0.0403361344537815 0.053781512605042 0 0.235294117647059 0.0453781512605042 0.0638655462184874 0.0487394957983193
"pelSin" 0.247058823529412 0.240336134453782 0.253781512605042 0.233613445378151 0.228571428571429 0.248739495798319 0.240336134453782 0.233613445378151 0.243697478991597 0.243697478991597 0.238655462184874 0.235294117647059 0 0.231932773109244 0.247058823529412 0.228571428571429
"plaMeg" 0.0571428571428571 0.0201680672268908 0.191596638655462 0.0184873949579832 0.0218487394957983 0.0352941176470588 0.0201680672268908 0.0201680672268908 0.0319327731092437 0.053781512605042 0.0218487394957983 0.0453781512605042 0.231932773109244 0 0.0621848739495798 0.0168067226890756
"podExp" 0.0840336134453782 0.0739495798319328 0.215126050420168 0.065546218487395 0.0621848739495798 0.0739495798319328 0.065546218487395 0.0605042016806723 0.0722689075630252 0.0621848739495798 0.0722689075630252 0.0638655462184874 0.247058823529412 0.0621848739495798 0 0.0605042016806723
"terMex" 0.0571428571428571 0.026890756302521 0.184873949579832 0.0218487394957983 0.0168067226890756 0.038655462184874 0.0235294117647059 0.0168067226890756 0.0352941176470588 0.053781512605042 0.0218487394957983 0.0487394957983193 0.228571428571429 0.0168067226890756 0.0605042016806723 0
