"carIns" "cheAbi" "cheMyd" "chrPic" "cuoAmb" "cuoMcc" "derCor" "derMaw" "emySub" "gopAga" "malTer" "mesTub" "pelCas" "pelSin" "plaMeg" "podExp" "terMex"
"carIns" 0 0.0608974358974359 0.0689102564102564 0.0641025641025641 0.0592948717948718 0.0592948717948718 0.0625 0.0721153846153846 0.0705128205128205 0.0592948717948718 0.100961538461538 0.0721153846153846 0.0881410256410256 0.0689102564102564 0.0528846153846154 0.078525641025641 0.0592948717948718
"cheAbi" 0.0608974358974359 0 0.0256410256410256 0.016025641025641 0.00480769230769231 0.00480769230769231 0.0208333333333333 0.0288461538461538 0.046474358974359 0.00801282051282051 0.0528846153846154 0.046474358974359 0.0673076923076923 0.0544871794871795 0.00801282051282051 0.0625 0.0128205128205128
"cheMyd" 0.0689102564102564 0.0256410256410256 0 0.0256410256410256 0.0240384615384615 0.0240384615384615 0.0144230769230769 0.0368589743589744 0.0544871794871795 0.0272435897435897 0.0657051282051282 0.0576923076923077 0.0737179487179487 0.0641025641025641 0.0208333333333333 0.0657051282051282 0.0256410256410256
"chrPic" 0.0641025641025641 0.016025641025641 0.0256410256410256 0 0.0144230769230769 0.0144230769230769 0.0240384615384615 0.0336538461538462 0.0480769230769231 0.0176282051282051 0.0416666666666667 0.0480769230769231 0.0705128205128205 0.0576923076923077 0.0112179487179487 0.0625 0.00961538461538462
"cuoAmb" 0.0592948717948718 0.00480769230769231 0.0240384615384615 0.0144230769230769 0 0 0.0192307692307692 0.0272435897435897 0.0448717948717949 0.00641025641025641 0.0512820512820513 0.0448717948717949 0.0641025641025641 0.0528846153846154 0.00641025641025641 0.0592948717948718 0.0112179487179487
"cuoMcc" 0.0592948717948718 0.00480769230769231 0.0240384615384615 0.0144230769230769 0 0 0.0192307692307692 0.0272435897435897 0.0448717948717949 0.00641025641025641 0.0512820512820513 0.0448717948717949 0.0641025641025641 0.0528846153846154 0.00641025641025641 0.0592948717948718 0.0112179487179487
"derCor" 0.0625 0.0208333333333333 0.0144230769230769 0.0240384615384615 0.0192307692307692 0.0192307692307692 0 0.0336538461538462 0.0512820512820513 0.0208333333333333 0.0608974358974359 0.0528846153846154 0.0689102564102564 0.0544871794871795 0.016025641025641 0.0560897435897436 0.0208333333333333
"derMaw" 0.0721153846153846 0.0288461538461538 0.0368589743589744 0.0336538461538462 0.0272435897435897 0.0272435897435897 0.0336538461538462 0 0.0641025641025641 0.0272435897435897 0.0689102564102564 0.0625 0.0849358974358974 0.0689102564102564 0.0256410256410256 0.0737179487179487 0.030448717948718
"emySub" 0.0705128205128205 0.046474358974359 0.0544871794871795 0.0480769230769231 0.0448717948717949 0.0448717948717949 0.0512820512820513 0.0641025641025641 0 0.0480769230769231 0.0849358974358974 0.0256410256410256 0.0625 0.0721153846153846 0.0416666666666667 0.0608974358974359 0.0448717948717949
"gopAga" 0.0592948717948718 0.00801282051282051 0.0272435897435897 0.0176282051282051 0.00641025641025641 0.00641025641025641 0.0208333333333333 0.0272435897435897 0.0480769230769231 0 0.0544871794871795 0.046474358974359 0.0689102564102564 0.0528846153846154 0.00961538461538462 0.0608974358974359 0.0144230769230769
"malTer" 0.100961538461538 0.0528846153846154 0.0657051282051282 0.0416666666666667 0.0512820512820513 0.0512820512820513 0.0608974358974359 0.0689102564102564 0.0849358974358974 0.0544871794871795 0 0.0865384615384615 0.105769230769231 0.0881410256410256 0.0480769230769231 0.0977564102564103 0.046474358974359
"mesTub" 0.0721153846153846 0.046474358974359 0.0576923076923077 0.0480769230769231 0.0448717948717949 0.0448717948717949 0.0528846153846154 0.0625 0.0256410256410256 0.046474358974359 0.0865384615384615 0 0.0657051282051282 0.0705128205128205 0.0416666666666667 0.0657051282051282 0.0432692307692308
"pelCas" 0.0881410256410256 0.0673076923076923 0.0737179487179487 0.0705128205128205 0.0641025641025641 0.0641025641025641 0.0689102564102564 0.0849358974358974 0.0625 0.0689102564102564 0.105769230769231 0.0657051282051282 0 0.092948717948718 0.0625 0.0496794871794872 0.0641025641025641
"pelSin" 0.0689102564102564 0.0544871794871795 0.0641025641025641 0.0576923076923077 0.0528846153846154 0.0528846153846154 0.0544871794871795 0.0689102564102564 0.0721153846153846 0.0528846153846154 0.0881410256410256 0.0705128205128205 0.092948717948718 0 0.046474358974359 0.0769230769230769 0.0512820512820513
"plaMeg" 0.0528846153846154 0.00801282051282051 0.0208333333333333 0.0112179487179487 0.00641025641025641 0.00641025641025641 0.016025641025641 0.0256410256410256 0.0416666666666667 0.00961538461538462 0.0480769230769231 0.0416666666666667 0.0625 0.046474358974359 0 0.0576923076923077 0.00801282051282051
"podExp" 0.078525641025641 0.0625 0.0657051282051282 0.0625 0.0592948717948718 0.0592948717948718 0.0560897435897436 0.0737179487179487 0.0608974358974359 0.0608974358974359 0.0977564102564103 0.0657051282051282 0.0496794871794872 0.0769230769230769 0.0576923076923077 0 0.0592948717948718
"terMex" 0.0592948717948718 0.0128205128205128 0.0256410256410256 0.00961538461538462 0.0112179487179487 0.0112179487179487 0.0208333333333333 0.030448717948718 0.0448717948717949 0.0144230769230769 0.046474358974359 0.0432692307692308 0.0641025641025641 0.0512820512820513 0.00801282051282051 0.0592948717948718 0
