"carIns" "cheAbi" "cheMyd" "cheSer" "chrPic" "cuoAmb" "derCor" "derMaw" "emySub" "gopAga" "malTer" "mesTub" "pelCas" "pelSin" "plaMeg" "podExp" "terMex"
"carIns" 0 0.0705882352941176 0.0676470588235294 0.0852941176470588 0.0705882352941176 0.0823529411764706 0.0647058823529412 0.0794117647058823 0.0852941176470588 0.0647058823529412 0.0705882352941176 0.0882352941176471 0.0941176470588235 0.0705882352941176 0.0735294117647059 0.0911764705882353 0.0647058823529412
"cheAbi" 0.0705882352941176 0 0.00588235294117647 0.0235294117647059 0.0117647058823529 0.0176470588235294 0.00882352941176471 0.0205882352941176 0.0264705882352941 0.0176470588235294 0.0117647058823529 0.0411764705882353 0.05 0.0470588235294118 0.0205882352941176 0.0411764705882353 0.0147058823529412
"cheMyd" 0.0676470588235294 0.00588235294117647 0 0.0235294117647059 0.0117647058823529 0.0176470588235294 0.00294117647058824 0.0205882352941176 0.0264705882352941 0.0176470588235294 0.0117647058823529 0.0382352941176471 0.0441176470588235 0.0441176470588235 0.0205882352941176 0.0382352941176471 0.0147058823529412
"cheSer" 0.0852941176470588 0.0235294117647059 0.0235294117647059 0 0.0176470588235294 0.0176470588235294 0.0235294117647059 0.0235294117647059 0.0352941176470588 0.0264705882352941 0.0235294117647059 0.05 0.0558823529411765 0.0558823529411765 0.0323529411764706 0.0558823529411765 0.0264705882352941
"chrPic" 0.0705882352941176 0.0117647058823529 0.0117647058823529 0.0176470588235294 0 0.0117647058823529 0.0147058823529412 0.0264705882352941 0.0323529411764706 0.0176470588235294 0.00588235294117647 0.0470588235294118 0.0529411764705882 0.0470588235294118 0.0205882352941176 0.0470588235294118 0.00882352941176471
"cuoAmb" 0.0823529411764706 0.0176470588235294 0.0176470588235294 0.0176470588235294 0.0117647058823529 0 0.0205882352941176 0.0264705882352941 0.0323529411764706 0.0235294117647059 0.0176470588235294 0.0411764705882353 0.0529411764705882 0.05 0.0264705882352941 0.0529411764705882 0.0205882352941176
"derCor" 0.0647058823529412 0.00882352941176471 0.00294117647058824 0.0235294117647059 0.0147058823529412 0.0205882352941176 0 0.0176470588235294 0.0235294117647059 0.0147058823529412 0.0147058823529412 0.0352941176470588 0.0411764705882353 0.0411764705882353 0.0235294117647059 0.0352941176470588 0.0176470588235294
"derMaw" 0.0794117647058823 0.0205882352941176 0.0205882352941176 0.0235294117647059 0.0264705882352941 0.0264705882352941 0.0176470588235294 0 0.0294117647058824 0.0264705882352941 0.0264705882352941 0.0441176470588235 0.0529411764705882 0.05 0.0352941176470588 0.05 0.0294117647058824
"emySub" 0.0852941176470588 0.0264705882352941 0.0264705882352941 0.0352941176470588 0.0323529411764706 0.0323529411764706 0.0235294117647059 0.0294117647058824 0 0.0323529411764706 0.0323529411764706 0.0323529411764706 0.0470588235294118 0.0558823529411765 0.0411764705882353 0.0441176470588235 0.0352941176470588
"gopAga" 0.0647058823529412 0.0176470588235294 0.0176470588235294 0.0264705882352941 0.0176470588235294 0.0235294117647059 0.0147058823529412 0.0264705882352941 0.0323529411764706 0 0.0176470588235294 0.0470588235294118 0.0558823529411765 0.0529411764705882 0.0147058823529412 0.0411764705882353 0.0176470588235294
"malTer" 0.0705882352941176 0.0117647058823529 0.0117647058823529 0.0235294117647059 0.00588235294117647 0.0176470588235294 0.0147058823529412 0.0264705882352941 0.0323529411764706 0.0176470588235294 0 0.0470588235294118 0.0558823529411765 0.0411764705882353 0.0205882352941176 0.0470588235294118 0.00882352941176471
"mesTub" 0.0882352941176471 0.0411764705882353 0.0382352941176471 0.05 0.0470588235294118 0.0411764705882353 0.0352941176470588 0.0441176470588235 0.0323529411764706 0.0470588235294118 0.0470588235294118 0 0.0470588235294118 0.0529411764705882 0.0558823529411765 0.0470588235294118 0.05
"pelCas" 0.0941176470588235 0.05 0.0441176470588235 0.0558823529411765 0.0529411764705882 0.0529411764705882 0.0411764705882353 0.0529411764705882 0.0470588235294118 0.0558823529411765 0.0558823529411765 0.0470588235294118 0 0.0647058823529412 0.0647058823529412 0.0411764705882353 0.0588235294117647
"pelSin" 0.0705882352941176 0.0470588235294118 0.0441176470588235 0.0558823529411765 0.0470588235294118 0.05 0.0411764705882353 0.05 0.0558823529411765 0.0529411764705882 0.0411764705882353 0.0529411764705882 0.0647058823529412 0 0.061764705882353 0.0735294117647059 0.05
"plaMeg" 0.0735294117647059 0.0205882352941176 0.0205882352941176 0.0323529411764706 0.0205882352941176 0.0264705882352941 0.0235294117647059 0.0352941176470588 0.0411764705882353 0.0147058823529412 0.0205882352941176 0.0558823529411765 0.0647058823529412 0.061764705882353 0 0.05 0.0176470588235294
"podExp" 0.0911764705882353 0.0411764705882353 0.0382352941176471 0.0558823529411765 0.0470588235294118 0.0529411764705882 0.0352941176470588 0.05 0.0441176470588235 0.0411764705882353 0.0470588235294118 0.0470588235294118 0.0411764705882353 0.0735294117647059 0.05 0 0.0470588235294118
"terMex" 0.0647058823529412 0.0147058823529412 0.0147058823529412 0.0264705882352941 0.00882352941176471 0.0205882352941176 0.0176470588235294 0.0294117647058824 0.0352941176470588 0.0176470588235294 0.00882352941176471 0.05 0.0588235294117647 0.05 0.0176470588235294 0.0470588235294118 0
