"carIns" "cheAbi" "cheSer" "chrPic" "cuoAmb" "derCor" "derMaw" "emySub" "gopAga" "malTer" "mesTub" "pelCas" "pelSin" "plaMeg" "podExp" "terMex"
"carIns" 0 0.0705521472392638 0.0644171779141104 0.110429447852761 0.0920245398773006 0.0674846625766871 0.0736196319018405 0.113496932515337 0.101226993865031 0.107361963190184 0.113496932515337 0.110429447852761 0.220858895705521 0.107361963190184 0.101226993865031 0.107361963190184
"cheAbi" 0.0705521472392638 0 0.049079754601227 0.0828220858895705 0.0460122699386503 0.0429447852760736 0.058282208588957 0.110429447852761 0.0552147239263804 0.0797546012269939 0.101226993865031 0.107361963190184 0.199386503067485 0.0797546012269939 0.098159509202454 0.0797546012269939
"cheSer" 0.0644171779141104 0.049079754601227 0 0.0644171779141104 0.058282208588957 0.0368098159509202 0.0521472392638037 0.0950920245398773 0.0705521472392638 0.0613496932515337 0.101226993865031 0.098159509202454 0.196319018404908 0.0613496932515337 0.104294478527607 0.058282208588957
"chrPic" 0.110429447852761 0.0828220858895705 0.0644171779141104 0 0.0889570552147239 0.0766871165644172 0.0858895705521472 0.0766871165644172 0.104294478527607 0.00306748466257669 0.134969325153374 0.0920245398773006 0.226993865030675 0.0153374233128834 0.134969325153374 0.0122699386503067
"cuoAmb" 0.0920245398773006 0.0460122699386503 0.058282208588957 0.0889570552147239 0 0.0613496932515337 0.0736196319018405 0.119631901840491 0.0460122699386503 0.0858895705521472 0.0858895705521472 0.125766871165644 0.199386503067485 0.0858895705521472 0.122699386503067 0.0858895705521472
"derCor" 0.0674846625766871 0.0429447852760736 0.0368098159509202 0.0766871165644172 0.0613496932515337 0 0.0521472392638037 0.101226993865031 0.0674846625766871 0.0736196319018405 0.101226993865031 0.098159509202454 0.202453987730061 0.0736196319018405 0.098159509202454 0.0705521472392638
"derMaw" 0.0736196319018405 0.058282208588957 0.0521472392638037 0.0858895705521472 0.0736196319018405 0.0521472392638037 0 0.107361963190184 0.0797546012269939 0.0858895705521472 0.113496932515337 0.110429447852761 0.196319018404908 0.0858895705521472 0.110429447852761 0.0858895705521472
"emySub" 0.113496932515337 0.110429447852761 0.0950920245398773 0.0766871165644172 0.119631901840491 0.101226993865031 0.107361963190184 0 0.125766871165644 0.0736196319018405 0.122699386503067 0.0797546012269939 0.245398773006135 0.0736196319018405 0.125766871165644 0.0736196319018405
"gopAga" 0.101226993865031 0.0552147239263804 0.0705521472392638 0.104294478527607 0.0460122699386503 0.0674846625766871 0.0797546012269939 0.125766871165644 0 0.101226993865031 0.0950920245398773 0.134969325153374 0.214723926380368 0.101226993865031 0.107361963190184 0.101226993865031
"malTer" 0.107361963190184 0.0797546012269939 0.0613496932515337 0.00306748466257669 0.0858895705521472 0.0736196319018405 0.0858895705521472 0.0736196319018405 0.101226993865031 0 0.131901840490798 0.0889570552147239 0.223926380368098 0.0122699386503067 0.131901840490798 0.00920245398773006
"mesTub" 0.113496932515337 0.101226993865031 0.101226993865031 0.134969325153374 0.0858895705521472 0.101226993865031 0.113496932515337 0.122699386503067 0.0950920245398773 0.131901840490798 0 0.134969325153374 0.233128834355828 0.131901840490798 0.122699386503067 0.131901840490798
"pelCas" 0.110429447852761 0.107361963190184 0.098159509202454 0.0920245398773006 0.125766871165644 0.098159509202454 0.110429447852761 0.0797546012269939 0.134969325153374 0.0889570552147239 0.134969325153374 0 0.242331288343558 0.0889570552147239 0.098159509202454 0.0889570552147239
"pelSin" 0.220858895705521 0.199386503067485 0.196319018404908 0.226993865030675 0.199386503067485 0.202453987730061 0.196319018404908 0.245398773006135 0.214723926380368 0.223926380368098 0.233128834355828 0.242331288343558 0 0.223926380368098 0.239263803680982 0.223926380368098
"plaMeg" 0.107361963190184 0.0797546012269939 0.0613496932515337 0.0153374233128834 0.0858895705521472 0.0736196319018405 0.0858895705521472 0.0736196319018405 0.101226993865031 0.0122699386503067 0.131901840490798 0.0889570552147239 0.223926380368098 0 0.131901840490798 0.00920245398773006
"podExp" 0.101226993865031 0.098159509202454 0.104294478527607 0.134969325153374 0.122699386503067 0.098159509202454 0.110429447852761 0.125766871165644 0.107361963190184 0.131901840490798 0.122699386503067 0.098159509202454 0.239263803680982 0.131901840490798 0 0.131901840490798
"terMex" 0.107361963190184 0.0797546012269939 0.058282208588957 0.0122699386503067 0.0858895705521472 0.0705521472392638 0.0858895705521472 0.0736196319018405 0.101226993865031 0.00920245398773006 0.131901840490798 0.0889570552147239 0.223926380368098 0.00920245398773006 0.131901840490798 0
