"carIns" "cheAbi" "cheMyd" "cheSer" "chrPic" "cuoAmb" "cuoMcc" "derCor" "derMaw" "emySub" "gopAga" "malTer" "mesTub" "pelCas" "pelSin" "plaMeg" "podExp"
"carIns" 0 0.129242819843342 0.113577023498695 0.118798955613577 0.122715404699739 0.107049608355091 0.108355091383812 0.116187989556136 0.130548302872063 0.118798955613577 0.126631853785901 0.122715404699739 0.129242819843342 0.14490861618799 0.113577023498695 0.114882506527415 0.172323759791123
"cheAbi" 0.129242819843342 0 0.0587467362924282 0.066579634464752 0.0522193211488251 0.0326370757180157 0.0404699738903394 0.0639686684073107 0.0744125326370757 0.0704960835509138 0.0339425587467363 0.0509138381201044 0.0848563968668407 0.116187989556136 0.0900783289817232 0.0443864229765013 0.137075718015666
"cheMyd" 0.113577023498695 0.0587467362924282 0 0.0456919060052219 0.0456919060052219 0.0404699738903394 0.0469973890339426 0.031331592689295 0.066579634464752 0.056135770234987 0.0535248041775457 0.0456919060052219 0.0704960835509138 0.100522193211488 0.077023498694517 0.0391644908616188 0.12402088772846
"cheSer" 0.118798955613577 0.066579634464752 0.0456919060052219 0 0.0548302872062663 0.0496083550913838 0.0613577023498695 0.0391644908616188 0.0626631853785901 0.0639686684073107 0.0652741514360313 0.0548302872062663 0.0796344647519582 0.0966057441253264 0.0757180156657963 0.0483028720626632 0.12532637075718
"chrPic" 0.122715404699739 0.0522193211488251 0.0456919060052219 0.0548302872062663 0 0.0339425587467363 0.0469973890339426 0.0509138381201044 0.0744125326370757 0.0678851174934726 0.0496083550913838 0.00652741514360313 0.0822454308093995 0.116187989556136 0.0887728459530026 0.0326370757180157 0.130548302872063
"cuoAmb" 0.107049608355091 0.0326370757180157 0.0404699738903394 0.0496083550913838 0.0339425587467363 0 0.0221932114882507 0.0430809399477807 0.0613577023498695 0.0626631853785901 0.0274151436031332 0.0326370757180157 0.077023498694517 0.108355091383812 0.0796344647519582 0.0234986945169713 0.12402088772846
"cuoMcc" 0.108355091383812 0.0404699738903394 0.0469973890339426 0.0613577023498695 0.0469973890339426 0.0221932114882507 0 0.0496083550913838 0.0652741514360313 0.0744125326370757 0.0391644908616188 0.0456919060052219 0.0887728459530026 0.118798955613577 0.0913838120104439 0.0352480417754569 0.137075718015666
"derCor" 0.116187989556136 0.0639686684073107 0.031331592689295 0.0391644908616188 0.0509138381201044 0.0430809399477807 0.0496083550913838 0 0.0639686684073107 0.0613577023498695 0.0574412532637076 0.0509138381201044 0.0731070496083551 0.0992167101827676 0.077023498694517 0.04177545691906 0.121409921671018
"derMaw" 0.130548302872063 0.0744125326370757 0.066579634464752 0.0626631853785901 0.0744125326370757 0.0613577023498695 0.0652741514360313 0.0639686684073107 0 0.0835509138381201 0.0731070496083551 0.0731070496083551 0.100522193211488 0.120104438642298 0.0939947780678851 0.0639686684073107 0.150130548302872
"emySub" 0.118798955613577 0.0704960835509138 0.056135770234987 0.0639686684073107 0.0678851174934726 0.0626631853785901 0.0744125326370757 0.0613577023498695 0.0835509138381201 0 0.0731070496083551 0.0678851174934726 0.0339425587467363 0.0822454308093995 0.0822454308093995 0.0613577023498695 0.109660574412533
"gopAga" 0.126631853785901 0.0339425587467363 0.0535248041775457 0.0652741514360313 0.0496083550913838 0.0274151436031332 0.0391644908616188 0.0574412532637076 0.0731070496083551 0.0731070496083551 0 0.0483028720626632 0.087467362924282 0.112271540469974 0.0939947780678851 0.0365535248041775 0.133159268929504
"malTer" 0.122715404699739 0.0509138381201044 0.0456919060052219 0.0548302872062663 0.00652741514360313 0.0326370757180157 0.0456919060052219 0.0509138381201044 0.0731070496083551 0.0678851174934726 0.0483028720626632 0 0.0822454308093995 0.113577023498695 0.0887728459530026 0.031331592689295 0.129242819843342
"mesTub" 0.129242819843342 0.0848563968668407 0.0704960835509138 0.0796344647519582 0.0822454308093995 0.077023498694517 0.0887728459530026 0.0731070496083551 0.100522193211488 0.0339425587467363 0.087467362924282 0.0822454308093995 0 0.087467362924282 0.0966057441253264 0.0757180156657963 0.110966057441253
"pelCas" 0.14490861618799 0.116187989556136 0.100522193211488 0.0966057441253264 0.116187989556136 0.108355091383812 0.118798955613577 0.0992167101827676 0.120104438642298 0.0822454308093995 0.112271540469974 0.113577023498695 0.087467362924282 0 0.110966057441253 0.105744125326371 0.118798955613577
"pelSin" 0.113577023498695 0.0900783289817232 0.077023498694517 0.0757180156657963 0.0887728459530026 0.0796344647519582 0.0913838120104439 0.077023498694517 0.0939947780678851 0.0822454308093995 0.0939947780678851 0.0887728459530026 0.0966057441253264 0.110966057441253 0 0.0796344647519582 0.121409921671018
"plaMeg" 0.114882506527415 0.0443864229765013 0.0391644908616188 0.0483028720626632 0.0326370757180157 0.0234986945169713 0.0352480417754569 0.04177545691906 0.0639686684073107 0.0613577023498695 0.0365535248041775 0.031331592689295 0.0757180156657963 0.105744125326371 0.0796344647519582 0 0.126631853785901
"podExp" 0.172323759791123 0.137075718015666 0.12402088772846 0.12532637075718 0.130548302872063 0.12402088772846 0.137075718015666 0.121409921671018 0.150130548302872 0.109660574412533 0.133159268929504 0.129242819843342 0.110966057441253 0.118798955613577 0.121409921671018 0.126631853785901 0
