"cheAbi" "cheMyd" "cheSer" "derCor" "derMaw" "emySub" "gopAga" "malTer" "mesTub" "pelCas" "pelSin" "plaMeg" "podExp"
"cheAbi" 0 0.0432276657060519 0.0547550432276657 0.0504322766570605 0.0763688760806916 0.171469740634006 0.00864553314121038 0.0417867435158501 0.11671469740634 0.155619596541787 0.11671469740634 0.0360230547550432 0.159942363112392
"cheMyd" 0.0432276657060519 0 0.037463976945245 0.0187319884726225 0.0634005763688761 0.159942363112392 0.0403458213256484 0.0518731988472622 0.100864553314121 0.142651296829971 0.103746397694524 0.0417867435158501 0.146974063400576
"cheSer" 0.0547550432276657 0.037463976945245 0 0.0432276657060519 0.0547550432276657 0.171469740634006 0.0518731988472622 0.0590778097982709 0.105187319884726 0.141210374639769 0.10806916426513 0.053314121037464 0.14985590778098
"derCor" 0.0504322766570605 0.0187319884726225 0.0432276657060519 0 0.0619596541786743 0.159942363112392 0.0475504322766571 0.0561959654178674 0.10806916426513 0.141210374639769 0.0979827089337176 0.0489913544668588 0.14985590778098
"derMaw" 0.0763688760806916 0.0634005763688761 0.0547550432276657 0.0619596541786743 0 0.177233429394813 0.0734870317002882 0.0792507204610951 0.11671469740634 0.148414985590778 0.113832853025937 0.0763688760806916 0.155619596541787
"emySub" 0.171469740634006 0.159942363112392 0.171469740634006 0.159942363112392 0.177233429394813 0 0.168587896253602 0.171469740634006 0.119596541786744 0.171469740634006 0.193083573487032 0.174351585014409 0.194524495677233
"gopAga" 0.00864553314121038 0.0403458213256484 0.0518731988472622 0.0475504322766571 0.0734870317002882 0.168587896253602 0 0.037463976945245 0.113832853025937 0.151296829971182 0.110951008645533 0.0331412103746398 0.155619596541787
"malTer" 0.0417867435158501 0.0518731988472622 0.0590778097982709 0.0561959654178674 0.0792507204610951 0.171469740634006 0.037463976945245 0 0.11671469740634 0.146974063400576 0.109510086455331 0.0403458213256484 0.155619596541787
"mesTub" 0.11671469740634 0.100864553314121 0.105187319884726 0.10806916426513 0.11671469740634 0.119596541786744 0.113832853025937 0.11671469740634 0 0.121037463976945 0.134005763688761 0.110951008645533 0.144092219020173
"pelCas" 0.155619596541787 0.142651296829971 0.141210374639769 0.141210374639769 0.148414985590778 0.171469740634006 0.151296829971182 0.146974063400576 0.121037463976945 0 0.152737752161383 0.152737752161383 0.109510086455331
"pelSin" 0.11671469740634 0.103746397694524 0.10806916426513 0.0979827089337176 0.113832853025937 0.193083573487032 0.110951008645533 0.109510086455331 0.134005763688761 0.152737752161383 0 0.112391930835735 0.170028818443804
"plaMeg" 0.0360230547550432 0.0417867435158501 0.053314121037464 0.0489913544668588 0.0763688760806916 0.174351585014409 0.0331412103746398 0.0403458213256484 0.110951008645533 0.152737752161383 0.112391930835735 0 0.155619596541787
"podExp" 0.159942363112392 0.146974063400576 0.14985590778098 0.14985590778098 0.155619596541787 0.194524495677233 0.155619596541787 0.155619596541787 0.144092219020173 0.109510086455331 0.170028818443804 0.155619596541787 0
