"carIns" "cheAbi" "cheMyd" "chrPic" "cuoAmb" "cuoMcc" "derMaw" "emySub" "malTer" "mesTub" "pelCas" "plaMeg" "podExp" "terMex"
"carIns" 0 0.133942161339422 0.132420091324201 0.135464231354642 0.136986301369863 0.140030441400304 0.138508371385084 0.111111111111111 0.135464231354642 0.111111111111111 0.115677321156773 0.133942161339422 0.135464231354642 0.197869101978691
"cheAbi" 0.133942161339422 0 0.0563165905631659 0.0258751902587519 0.030441400304414 0.0289193302891933 0.0624048706240487 0.0806697108066971 0.0228310502283105 0.0806697108066971 0.0898021308980213 0.0258751902587519 0.112633181126332 0.138508371385084
"cheMyd" 0.132420091324201 0.0563165905631659 0 0.0395738203957382 0.0471841704718417 0.0502283105022831 0.0563165905631659 0.0700152207001522 0.0426179604261796 0.0700152207001522 0.0806697108066971 0.0426179604261796 0.105022831050228 0.12937595129376
"chrPic" 0.135464231354642 0.0258751902587519 0.0395738203957382 0 0.0197869101978691 0.0182648401826484 0.0593607305936073 0.0684931506849315 0.0030441400304414 0.0654490106544901 0.0821917808219178 0.0091324200913242 0.101978691019787 0.12937595129376
"cuoAmb" 0.136986301369863 0.030441400304414 0.0471841704718417 0.0197869101978691 0 0.0106544901065449 0.0578386605783866 0.0700152207001522 0.0197869101978691 0.0669710806697108 0.0852359208523592 0.0197869101978691 0.106544901065449 0.13089802130898
"cuoMcc" 0.140030441400304 0.0289193302891933 0.0502283105022831 0.0182648401826484 0.0106544901065449 0 0.060882800608828 0.0730593607305936 0.0182648401826484 0.0700152207001522 0.0882800608828006 0.0182648401826484 0.10958904109589 0.136986301369863
"derMaw" 0.138508371385084 0.0624048706240487 0.0563165905631659 0.0593607305936073 0.0578386605783866 0.060882800608828 0 0.0791476407914764 0.0563165905631659 0.0806697108066971 0.0867579908675799 0.0563165905631659 0.10958904109589 0.150684931506849
"emySub" 0.111111111111111 0.0806697108066971 0.0700152207001522 0.0684931506849315 0.0700152207001522 0.0730593607305936 0.0791476407914764 0 0.0684931506849315 0.0273972602739726 0.0517503805175038 0.0730593607305936 0.0821917808219178 0.136986301369863
"malTer" 0.135464231354642 0.0228310502283105 0.0426179604261796 0.0030441400304414 0.0197869101978691 0.0182648401826484 0.0563165905631659 0.0684931506849315 0 0.0684931506849315 0.0821917808219178 0.0091324200913242 0.101978691019787 0.132420091324201
"mesTub" 0.111111111111111 0.0806697108066971 0.0700152207001522 0.0654490106544901 0.0669710806697108 0.0700152207001522 0.0806697108066971 0.0273972602739726 0.0684931506849315 0 0.0532724505327245 0.0654490106544901 0.0882800608828006 0.143074581430746
"pelCas" 0.115677321156773 0.0898021308980213 0.0806697108066971 0.0821917808219178 0.0852359208523592 0.0882800608828006 0.0867579908675799 0.0517503805175038 0.0821917808219178 0.0532724505327245 0 0.0852359208523592 0.076103500761035 0.150684931506849
"plaMeg" 0.133942161339422 0.0258751902587519 0.0426179604261796 0.0091324200913242 0.0197869101978691 0.0182648401826484 0.0563165905631659 0.0730593607305936 0.0091324200913242 0.0654490106544901 0.0852359208523592 0 0.101978691019787 0.132420091324201
"podExp" 0.135464231354642 0.112633181126332 0.105022831050228 0.101978691019787 0.106544901065449 0.10958904109589 0.10958904109589 0.0821917808219178 0.101978691019787 0.0882800608828006 0.076103500761035 0.101978691019787 0 0.170471841704718
"terMex" 0.197869101978691 0.138508371385084 0.12937595129376 0.12937595129376 0.13089802130898 0.136986301369863 0.150684931506849 0.136986301369863 0.132420091324201 0.143074581430746 0.150684931506849 0.132420091324201 0.170471841704718 0
