"carIns" "cheAbi" "cheMyd" "cheSer" "chrPic" "cuoAmb" "cuoMcc" "derCor" "derMaw" "emySub" "gopAga" "malTer" "mesTub" "pelCas" "pelSin" "plaMeg" "podExp" "terMex"
"carIns" 0 0.0779014308426073 0.162162162162162 0.0715421303656598 0.0747217806041336 0.0699523052464229 0.0747217806041336 0.0747217806041336 0.0699523052464229 0.0874403815580286 0.0747217806041336 0.0747217806041336 0.082670906200318 0.0890302066772655 0.100158982511924 0.0715421303656598 0.0858505564387917 0.0763116057233704
"cheAbi" 0.0779014308426073 0 0.136724960254372 0.0333863275039746 0.0206677265500795 0.0158982511923688 0.0190779014308426 0.0349761526232114 0.0286168521462639 0.0556438791732909 0.0127186009538951 0.0206677265500795 0.0556438791732909 0.0588235294117647 0.0858505564387917 0.0174880763116057 0.0747217806041336 0.0222575516693164
"cheMyd" 0.162162162162162 0.136724960254372 0 0.125596184419714 0.128775834658188 0.130365659777424 0.131955484896661 0.119236883942766 0.135135135135135 0.160572337042925 0.127186009538951 0.128775834658188 0.158982511923688 0.152623211446741 0.14785373608903 0.131955484896661 0.157392686804452 0.130365659777424
"cheSer" 0.0715421303656598 0.0333863275039746 0.125596184419714 0 0.0238473767885533 0.0302066772655008 0.0333863275039746 0.0317965023847377 0.0302066772655008 0.0572337042925278 0.0286168521462639 0.0238473767885533 0.0572337042925278 0.0572337042925278 0.0763116057233704 0.0254372019077901 0.0715421303656598 0.0254372019077901
"chrPic" 0.0747217806041336 0.0206677265500795 0.128775834658188 0.0238473767885533 0 0.0174880763116057 0.0206677265500795 0.0302066772655008 0.027027027027027 0.0540540540540541 0.0174880763116057 0.00317965023847377 0.0476947535771065 0.0572337042925278 0.0810810810810811 0.0127186009538951 0.0731319554848967 0.00476947535771065
"cuoAmb" 0.0699523052464229 0.0158982511923688 0.130365659777424 0.0302066772655008 0.0174880763116057 0 0.00635930047694754 0.0317965023847377 0.0254372019077901 0.0556438791732909 0.0127186009538951 0.0174880763116057 0.0492845786963434 0.0556438791732909 0.0810810810810811 0.014308426073132 0.0731319554848967 0.0190779014308426
"cuoMcc" 0.0747217806041336 0.0190779014308426 0.131955484896661 0.0333863275039746 0.0206677265500795 0.00635930047694754 0 0.0349761526232114 0.0317965023847377 0.0588235294117647 0.0158982511923688 0.0206677265500795 0.0524642289348172 0.0588235294117647 0.0842607313195548 0.0174880763116057 0.0763116057233704 0.0222575516693164
"derCor" 0.0747217806041336 0.0349761526232114 0.119236883942766 0.0317965023847377 0.0302066772655008 0.0317965023847377 0.0349761526232114 0 0.0286168521462639 0.0572337042925278 0.0317965023847377 0.0302066772655008 0.0620031796502385 0.0620031796502385 0.0763116057233704 0.027027027027027 0.0667726550079491 0.0317965023847377
"derMaw" 0.0699523052464229 0.0286168521462639 0.135135135135135 0.0302066772655008 0.027027027027027 0.0254372019077901 0.0317965023847377 0.0286168521462639 0 0.0524642289348172 0.0286168521462639 0.027027027027027 0.0588235294117647 0.0556438791732909 0.0779014308426073 0.0238473767885533 0.0667726550079491 0.0286168521462639
"emySub" 0.0874403815580286 0.0556438791732909 0.160572337042925 0.0572337042925278 0.0540540540540541 0.0556438791732909 0.0588235294117647 0.0572337042925278 0.0524642289348172 0 0.0588235294117647 0.0572337042925278 0.0286168521462639 0.0476947535771065 0.0969793322734499 0.0540540540540541 0.0651828298887122 0.0588235294117647
"gopAga" 0.0747217806041336 0.0127186009538951 0.127186009538951 0.0286168521462639 0.0174880763116057 0.0127186009538951 0.0158982511923688 0.0317965023847377 0.0286168521462639 0.0588235294117647 0 0.0174880763116057 0.0524642289348172 0.0556438791732909 0.082670906200318 0.014308426073132 0.0715421303656598 0.0190779014308426
"malTer" 0.0747217806041336 0.0206677265500795 0.128775834658188 0.0238473767885533 0.00317965023847377 0.0174880763116057 0.0206677265500795 0.0302066772655008 0.027027027027027 0.0572337042925278 0.0174880763116057 0 0.0508744038155803 0.0572337042925278 0.082670906200318 0.0127186009538951 0.0731319554848967 0.00476947535771065
"mesTub" 0.082670906200318 0.0556438791732909 0.158982511923688 0.0572337042925278 0.0476947535771065 0.0492845786963434 0.0524642289348172 0.0620031796502385 0.0588235294117647 0.0286168521462639 0.0524642289348172 0.0508744038155803 0 0.0461049284578696 0.0906200317965024 0.0476947535771065 0.0667726550079491 0.0524642289348172
"pelCas" 0.0890302066772655 0.0588235294117647 0.152623211446741 0.0572337042925278 0.0572337042925278 0.0556438791732909 0.0588235294117647 0.0620031796502385 0.0556438791732909 0.0476947535771065 0.0556438791732909 0.0572337042925278 0.0461049284578696 0 0.095389507154213 0.0508744038155803 0.0651828298887122 0.0588235294117647
"pelSin" 0.100158982511924 0.0858505564387917 0.14785373608903 0.0763116057233704 0.0810810810810811 0.0810810810810811 0.0842607313195548 0.0763116057233704 0.0779014308426073 0.0969793322734499 0.082670906200318 0.082670906200318 0.0906200317965024 0.095389507154213 0 0.0779014308426073 0.103338632750397 0.0842607313195548
"plaMeg" 0.0715421303656598 0.0174880763116057 0.131955484896661 0.0254372019077901 0.0127186009538951 0.014308426073132 0.0174880763116057 0.027027027027027 0.0238473767885533 0.0540540540540541 0.014308426073132 0.0127186009538951 0.0476947535771065 0.0508744038155803 0.0779014308426073 0 0.0667726550079491 0.014308426073132
"podExp" 0.0858505564387917 0.0747217806041336 0.157392686804452 0.0715421303656598 0.0731319554848967 0.0731319554848967 0.0763116057233704 0.0667726550079491 0.0667726550079491 0.0651828298887122 0.0715421303656598 0.0731319554848967 0.0667726550079491 0.0651828298887122 0.103338632750397 0.0667726550079491 0 0.0747217806041336
"terMex" 0.0763116057233704 0.0222575516693164 0.130365659777424 0.0254372019077901 0.00476947535771065 0.0190779014308426 0.0222575516693164 0.0317965023847377 0.0286168521462639 0.0588235294117647 0.0190779014308426 0.00476947535771065 0.0524642289348172 0.0588235294117647 0.0842607313195548 0.014308426073132 0.0747217806041336 0
