"cheAbi" "cheMyd" "cheSer" "chrPic" "cuoAmb" "cuoMcc" "derCor" "derMaw" "emySub" "malTer" "mesTub" "pelCas" "pelSin" "plaMeg" "podExp" "terMex"
"cheAbi" 0 0.214285714285714 0.240740740740741 0.232804232804233 0.425925925925926 0.246031746031746 0.206349206349206 0.425925925925926 0.222222222222222 0.198412698412698 0.224867724867725 0.21957671957672 0.256613756613757 0.240740740740741 0.227513227513228 0.203703703703704
"cheMyd" 0.214285714285714 0 0.222222222222222 0.187830687830688 0.394179894179894 0.198412698412698 0.161375661375661 0.386243386243386 0.203703703703704 0.21957671957672 0.21957671957672 0.198412698412698 0.227513227513228 0.187830687830688 0.198412698412698 0.182539682539683
"cheSer" 0.240740740740741 0.222222222222222 0 0.211640211640212 0.35978835978836 0.193121693121693 0.214285714285714 0.367724867724868 0.195767195767196 0.19047619047619 0.214285714285714 0.195767195767196 0.248677248677249 0.211640211640212 0.195767195767196 0.216931216931217
"chrPic" 0.232804232804233 0.187830687830688 0.211640211640212 0 0.388888888888889 0.193121693121693 0.211640211640212 0.383597883597884 0.182539682539683 0.187830687830688 0.216931216931217 0.187830687830688 0.243386243386243 0.17989417989418 0.177248677248677 0.137566137566138
"cuoAmb" 0.425925925925926 0.394179894179894 0.35978835978836 0.388888888888889 0 0.37037037037037 0.396825396825397 0.137566137566138 0.28042328042328 0.293650793650794 0.333333333333333 0.291005291005291 0.417989417989418 0.373015873015873 0.277777777777778 0.37037037037037
"cuoMcc" 0.246031746031746 0.198412698412698 0.193121693121693 0.193121693121693 0.37037037037037 0 0.214285714285714 0.367724867724868 0.187830687830688 0.203703703703704 0.208994708994709 0.177248677248677 0.208994708994709 0.177248677248677 0.17989417989418 0.156084656084656
"derCor" 0.206349206349206 0.161375661375661 0.214285714285714 0.211640211640212 0.396825396825397 0.214285714285714 0 0.386243386243386 0.203703703703704 0.195767195767196 0.214285714285714 0.193121693121693 0.246031746031746 0.206349206349206 0.203703703703704 0.203703703703704
"derMaw" 0.425925925925926 0.386243386243386 0.367724867724868 0.383597883597884 0.137566137566138 0.367724867724868 0.386243386243386 0 0.277777777777778 0.301587301587302 0.330687830687831 0.291005291005291 0.407407407407407 0.362433862433862 0.275132275132275 0.35978835978836
"emySub" 0.222222222222222 0.203703703703704 0.195767195767196 0.182539682539683 0.28042328042328 0.187830687830688 0.203703703703704 0.277777777777778 0 0.103174603174603 0.0846560846560847 0.0793650793650794 0.222222222222222 0.182539682539683 0.0582010582010582 0.169312169312169
"malTer" 0.198412698412698 0.21957671957672 0.19047619047619 0.187830687830688 0.293650793650794 0.203703703703704 0.195767195767196 0.301587301587302 0.103174603174603 0 0.113756613756614 0.0925925925925926 0.227513227513228 0.182539682539683 0.105820105820106 0.177248677248677
"mesTub" 0.224867724867725 0.21957671957672 0.214285714285714 0.216931216931217 0.333333333333333 0.208994708994709 0.214285714285714 0.330687830687831 0.0846560846560847 0.113756613756614 0 0.108465608465608 0.238095238095238 0.195767195767196 0.100529100529101 0.201058201058201
"pelCas" 0.21957671957672 0.198412698412698 0.195767195767196 0.187830687830688 0.291005291005291 0.177248677248677 0.193121693121693 0.291005291005291 0.0793650793650794 0.0925925925925926 0.108465608465608 0 0.216931216931217 0.164021164021164 0.0582010582010582 0.174603174603175
"pelSin" 0.256613756613757 0.227513227513228 0.248677248677249 0.243386243386243 0.417989417989418 0.208994708994709 0.246031746031746 0.407407407407407 0.222222222222222 0.227513227513228 0.238095238095238 0.216931216931217 0 0.208994708994709 0.227513227513228 0.216931216931217
"plaMeg" 0.240740740740741 0.187830687830688 0.211640211640212 0.17989417989418 0.373015873015873 0.177248677248677 0.206349206349206 0.362433862433862 0.182539682539683 0.182539682539683 0.195767195767196 0.164021164021164 0.208994708994709 0 0.169312169312169 0.17989417989418
"podExp" 0.227513227513228 0.198412698412698 0.195767195767196 0.177248677248677 0.277777777777778 0.17989417989418 0.203703703703704 0.275132275132275 0.0582010582010582 0.105820105820106 0.100529100529101 0.0582010582010582 0.227513227513228 0.169312169312169 0 0.169312169312169
"terMex" 0.203703703703704 0.182539682539683 0.216931216931217 0.137566137566138 0.37037037037037 0.156084656084656 0.203703703703704 0.35978835978836 0.169312169312169 0.177248677248677 0.201058201058201 0.174603174603175 0.216931216931217 0.17989417989418 0.169312169312169 0
