"cheAbi" "cheMyd" "chrPic" "cuoAmb" "cuoMcc" "derCor" "derMaw" "emySub" "gopAga" "malTer" "mesTub" "pelCas" "pelSin" "plaMeg" "podExp" "terMex"
"cheAbi" 0 0.052434456928839 0.0337078651685393 0.052434456928839 0.0274656679151061 0.0724094881398252 0.0599250936329588 0.0886392009987516 0.0274656679151061 0.0324594257178527 0.0923845193508115 0.0998751560549313 0.101123595505618 0.034956304619226 0.116104868913858 0.0324594257178527
"cheMyd" 0.052434456928839 0 0.0362047440699126 0.0711610486891386 0.0499375780274657 0.0511860174781523 0.0549313358302122 0.0848938826466916 0.0549313358302122 0.034956304619226 0.0898876404494382 0.0948813982521848 0.097378277153558 0.0374531835205993 0.112359550561798 0.0374531835205993
"chrPic" 0.0337078651685393 0.0362047440699126 0 0.052434456928839 0.0287141073657928 0.0611735330836454 0.0424469413233458 0.0749063670411985 0.0337078651685393 0.00374531835205993 0.0786516853932584 0.0861423220973783 0.0923845193508115 0.0162297128589263 0.107365792759051 0.00873907615480649
"cuoAmb" 0.052434456928839 0.0711610486891386 0.052434456928839 0 0.0411985018726592 0.0961298377028714 0.0811485642946317 0.108614232209738 0.0549313358302122 0.0511860174781523 0.112359550561798 0.116104868913858 0.113607990012484 0.0511860174781523 0.138576779026217 0.0511860174781523
"cuoMcc" 0.0274656679151061 0.0499375780274657 0.0287141073657928 0.0411985018726592 0 0.0724094881398252 0.052434456928839 0.0861423220973783 0.0274656679151061 0.0274656679151061 0.0898876404494382 0.0898876404494382 0.0986267166042447 0.0274656679151061 0.113607990012484 0.0274656679151061
"derCor" 0.0724094881398252 0.0511860174781523 0.0611735330836454 0.0961298377028714 0.0724094881398252 0 0.0749063670411985 0.101123595505618 0.0749063670411985 0.0599250936329588 0.111111111111111 0.112359550561798 0.123595505617978 0.0624219725343321 0.131086142322097 0.0624219725343321
"derMaw" 0.0599250936329588 0.0549313358302122 0.0424469413233458 0.0811485642946317 0.052434456928839 0.0749063670411985 0 0.0911360799001248 0.0574282147315855 0.0411985018726592 0.097378277153558 0.103620474406991 0.106117353308365 0.0436953807740325 0.123595505617978 0.0461922596754057
"emySub" 0.0886392009987516 0.0848938826466916 0.0749063670411985 0.108614232209738 0.0861423220973783 0.101123595505618 0.0911360799001248 0 0.0886392009987516 0.0736579275905119 0.052434456928839 0.0786516853932584 0.114856429463171 0.0711610486891386 0.0861423220973783 0.0761548064918851
"gopAga" 0.0274656679151061 0.0549313358302122 0.0337078651685393 0.0549313358302122 0.0274656679151061 0.0749063670411985 0.0574282147315855 0.0886392009987516 0 0.0324594257178527 0.0948813982521848 0.0998751560549313 0.102372034956305 0.034956304619226 0.116104868913858 0.034956304619226
"malTer" 0.0324594257178527 0.034956304619226 0.00374531835205993 0.0511860174781523 0.0274656679151061 0.0599250936329588 0.0411985018726592 0.0736579275905119 0.0324594257178527 0 0.0774032459425718 0.0848938826466916 0.0886392009987516 0.0149812734082397 0.103620474406991 0.00749063670411985
"mesTub" 0.0923845193508115 0.0898876404494382 0.0786516853932584 0.112359550561798 0.0898876404494382 0.111111111111111 0.097378277153558 0.052434456928839 0.0948813982521848 0.0774032459425718 0 0.0848938826466916 0.114856429463171 0.0774032459425718 0.108614232209738 0.0799001248439451
"pelCas" 0.0998751560549313 0.0948813982521848 0.0861423220973783 0.116104868913858 0.0898876404494382 0.112359550561798 0.103620474406991 0.0786516853932584 0.0998751560549313 0.0848938826466916 0.0848938826466916 0 0.119850187265918 0.0861423220973783 0.0736579275905119 0.0848938826466916
"pelSin" 0.101123595505618 0.097378277153558 0.0923845193508115 0.113607990012484 0.0986267166042447 0.123595505617978 0.106117353308365 0.114856429463171 0.102372034956305 0.0886392009987516 0.114856429463171 0.119850187265918 0 0.0911360799001248 0.134831460674157 0.0936329588014981
"plaMeg" 0.034956304619226 0.0374531835205993 0.0162297128589263 0.0511860174781523 0.0274656679151061 0.0624219725343321 0.0436953807740325 0.0711610486891386 0.034956304619226 0.0149812734082397 0.0774032459425718 0.0861423220973783 0.0911360799001248 0 0.107365792759051 0.017478152309613
"podExp" 0.116104868913858 0.112359550561798 0.107365792759051 0.138576779026217 0.113607990012484 0.131086142322097 0.123595505617978 0.0861423220973783 0.116104868913858 0.103620474406991 0.108614232209738 0.0736579275905119 0.134831460674157 0.107365792759051 0 0.108614232209738
"terMex" 0.0324594257178527 0.0374531835205993 0.00873907615480649 0.0511860174781523 0.0274656679151061 0.0624219725343321 0.0461922596754057 0.0761548064918851 0.034956304619226 0.00749063670411985 0.0799001248439451 0.0848938826466916 0.0936329588014981 0.017478152309613 0.108614232209738 0
