"carIns" "cheAbi" "cheMyd" "cheSer" "chrPic" "cuoAmb" "cuoMcc" "derMaw" "emySub" "gopAga" "mesTub" "pelCas" "pelSin" "plaMeg" "podExp" "terMex"
"carIns" 0 0.092896174863388 0.0778688524590164 0.0915300546448087 0.0792349726775956 0.0806010928961749 0.0833333333333333 0.092896174863388 0.0969945355191257 0.0846994535519126 0.10655737704918 0.110655737704918 0.0751366120218579 0.0792349726775956 0.110655737704918 0.0765027322404372
"cheAbi" 0.092896174863388 0 0.0450819672131148 0.0478142076502732 0.0382513661202186 0.0300546448087432 0.0327868852459016 0.0546448087431694 0.0669398907103825 0.0327868852459016 0.0751366120218579 0.0860655737704918 0.0860655737704918 0.0396174863387978 0.0860655737704918 0.0368852459016393
"cheMyd" 0.0778688524590164 0.0450819672131148 0 0.0314207650273224 0.0204918032786885 0.0245901639344262 0.0245901639344262 0.0396174863387978 0.0532786885245902 0.0273224043715847 0.064207650273224 0.0765027322404372 0.0724043715846995 0.0204918032786885 0.0792349726775956 0.0177595628415301
"cheSer" 0.0915300546448087 0.0478142076502732 0.0314207650273224 0 0.0273224043715847 0.0286885245901639 0.0273224043715847 0.0300546448087432 0.0573770491803279 0.0286885245901639 0.0669398907103825 0.0765027322404372 0.0765027322404372 0.0245901639344262 0.0737704918032787 0.0245901639344262
"chrPic" 0.0792349726775956 0.0382513661202186 0.0204918032786885 0.0273224043715847 0 0.0136612021857923 0.0136612021857923 0.0327868852459016 0.0491803278688525 0.0163934426229508 0.0560109289617486 0.0724043715846995 0.0710382513661202 0.0109289617486339 0.0751366120218579 0.00273224043715847
"cuoAmb" 0.0806010928961749 0.0300546448087432 0.0245901639344262 0.0286885245901639 0.0136612021857923 0 0.00273224043715847 0.0314207650273224 0.0491803278688525 0.0109289617486339 0.0560109289617486 0.069672131147541 0.069672131147541 0.0150273224043716 0.0710382513661202 0.0122950819672131
"cuoMcc" 0.0833333333333333 0.0327868852459016 0.0245901639344262 0.0273224043715847 0.0136612021857923 0.00273224043715847 0 0.0300546448087432 0.0491803278688525 0.0109289617486339 0.0560109289617486 0.069672131147541 0.0710382513661202 0.0150273224043716 0.0737704918032787 0.0122950819672131
"derMaw" 0.092896174863388 0.0546448087431694 0.0396174863387978 0.0300546448087432 0.0327868852459016 0.0314207650273224 0.0300546448087432 0 0.064207650273224 0.0341530054644809 0.0724043715846995 0.0819672131147541 0.0819672131147541 0.0327868852459016 0.0860655737704918 0.0300546448087432
"emySub" 0.0969945355191257 0.0669398907103825 0.0532786885245902 0.0573770491803279 0.0491803278688525 0.0491803278688525 0.0491803278688525 0.064207650273224 0 0.0532786885245902 0.0327868852459016 0.0546448087431694 0.0806010928961749 0.0505464480874317 0.0601092896174863 0.0478142076502732
"gopAga" 0.0846994535519126 0.0327868852459016 0.0273224043715847 0.0286885245901639 0.0163934426229508 0.0109289617486339 0.0109289617486339 0.0341530054644809 0.0532786885245902 0 0.0628415300546448 0.0751366120218579 0.0737704918032787 0.0177595628415301 0.0778688524590164 0.0150273224043716
"mesTub" 0.10655737704918 0.0751366120218579 0.064207650273224 0.0669398907103825 0.0560109289617486 0.0560109289617486 0.0560109289617486 0.0724043715846995 0.0327868852459016 0.0628415300546448 0 0.069672131147541 0.0901639344262295 0.0601092896174863 0.0737704918032787 0.0546448087431694
"pelCas" 0.110655737704918 0.0860655737704918 0.0765027322404372 0.0765027322404372 0.0724043715846995 0.069672131147541 0.069672131147541 0.0819672131147541 0.0546448087431694 0.0751366120218579 0.069672131147541 0 0.101092896174863 0.0724043715846995 0.0573770491803279 0.069672131147541
"pelSin" 0.0751366120218579 0.0860655737704918 0.0724043715846995 0.0765027322404372 0.0710382513661202 0.069672131147541 0.0710382513661202 0.0819672131147541 0.0806010928961749 0.0737704918032787 0.0901639344262295 0.101092896174863 0 0.0710382513661202 0.0983606557377049 0.0683060109289618
"plaMeg" 0.0792349726775956 0.0396174863387978 0.0204918032786885 0.0245901639344262 0.0109289617486339 0.0150273224043716 0.0150273224043716 0.0327868852459016 0.0505464480874317 0.0177595628415301 0.0601092896174863 0.0724043715846995 0.0710382513661202 0 0.0751366120218579 0.00819672131147541
"podExp" 0.110655737704918 0.0860655737704918 0.0792349726775956 0.0737704918032787 0.0751366120218579 0.0710382513661202 0.0737704918032787 0.0860655737704918 0.0601092896174863 0.0778688524590164 0.0737704918032787 0.0573770491803279 0.0983606557377049 0.0751366120218579 0 0.0724043715846995
"terMex" 0.0765027322404372 0.0368852459016393 0.0177595628415301 0.0245901639344262 0.00273224043715847 0.0122950819672131 0.0122950819672131 0.0300546448087432 0.0478142076502732 0.0150273224043716 0.0546448087431694 0.069672131147541 0.0683060109289618 0.00819672131147541 0.0724043715846995 0
