"carIns" "cheAbi" "cheMyd" "cheSer" "chrPic" "cuoAmb" "cuoMcc" "derCor" "derMaw" "emySub" "gopAga" "malTer" "mesTub" "pelCas" "pelSin" "plaMeg" "podExp" "terMex"
"carIns" 0 0.0564663023679417 0.0491803278688525 0.0437158469945355 0.0437158469945355 0.0491803278688525 0.0510018214936248 0.0437158469945355 0.0510018214936248 0.0673952641165756 0.0528233151183971 0.0418943533697632 0.0655737704918033 0.0783242258652095 0.058287795992714 0.0418943533697632 0.0619307832422587 0.0400728597449909
"cheAbi" 0.0564663023679417 0 0.0255009107468124 0.0273224043715847 0.0200364298724954 0.0145719489981785 0.0163934426229508 0.0236794171220401 0.0382513661202186 0.0546448087431694 0.0163934426229508 0.0182149362477231 0.0455373406193078 0.0673952641165756 0.058287795992714 0.0145719489981785 0.0546448087431694 0.0163934426229508
"cheMyd" 0.0491803278688525 0.0255009107468124 0 0.0200364298724954 0.0200364298724954 0.0218579234972678 0.0236794171220401 0.0163934426229508 0.0309653916211293 0.0473588342440801 0.0255009107468124 0.0182149362477231 0.0382513661202186 0.0564663023679417 0.0510018214936248 0.0145719489981785 0.0510018214936248 0.0163934426229508
"cheSer" 0.0437158469945355 0.0273224043715847 0.0200364298724954 0 0.0182149362477231 0.0200364298724954 0.0218579234972678 0.0163934426229508 0.0255009107468124 0.0418943533697632 0.0236794171220401 0.0163934426229508 0.0364298724954463 0.0528233151183971 0.0455373406193078 0.0127504553734062 0.0455373406193078 0.0145719489981785
"chrPic" 0.0437158469945355 0.0200364298724954 0.0200364298724954 0.0182149362477231 0 0.0127504553734062 0.0145719489981785 0.0182149362477231 0.029143897996357 0.0455373406193078 0.0163934426229508 0.00182149362477231 0.0400728597449909 0.058287795992714 0.0491803278688525 0.00546448087431694 0.0491803278688525 0.00364298724954463
"cuoAmb" 0.0491803278688525 0.0145719489981785 0.0218579234972678 0.0200364298724954 0.0127504553734062 0 0.00182149362477231 0.0200364298724954 0.0309653916211293 0.0473588342440801 0.0127504553734062 0.0109289617486339 0.0418943533697632 0.0601092896174863 0.0510018214936248 0.00728597449908925 0.0473588342440801 0.00910746812386157
"cuoMcc" 0.0510018214936248 0.0163934426229508 0.0236794171220401 0.0218579234972678 0.0145719489981785 0.00182149362477231 0 0.0218579234972678 0.0327868852459016 0.0491803278688525 0.0145719489981785 0.0127504553734062 0.0437158469945355 0.0619307832422587 0.0528233151183971 0.00910746812386157 0.0491803278688525 0.0109289617486339
"derCor" 0.0437158469945355 0.0236794171220401 0.0163934426229508 0.0163934426229508 0.0182149362477231 0.0200364298724954 0.0218579234972678 0 0.029143897996357 0.0455373406193078 0.0236794171220401 0.0163934426229508 0.0364298724954463 0.0528233151183971 0.0455373406193078 0.0127504553734062 0.0491803278688525 0.0145719489981785
"derMaw" 0.0510018214936248 0.0382513661202186 0.0309653916211293 0.0255009107468124 0.029143897996357 0.0309653916211293 0.0327868852459016 0.029143897996357 0 0.0473588342440801 0.034608378870674 0.0273224043715847 0.0400728597449909 0.0619307832422587 0.0510018214936248 0.0236794171220401 0.0528233151183971 0.0255009107468124
"emySub" 0.0673952641165756 0.0546448087431694 0.0473588342440801 0.0418943533697632 0.0455373406193078 0.0473588342440801 0.0491803278688525 0.0455373406193078 0.0473588342440801 0 0.0510018214936248 0.0437158469945355 0.0273224043715847 0.0528233151183971 0.0655737704918033 0.0400728597449909 0.0473588342440801 0.0418943533697632
"gopAga" 0.0528233151183971 0.0163934426229508 0.0255009107468124 0.0236794171220401 0.0163934426229508 0.0127504553734062 0.0145719489981785 0.0236794171220401 0.034608378870674 0.0510018214936248 0 0.0145719489981785 0.0455373406193078 0.0601092896174863 0.0546448087431694 0.0109289617486339 0.0510018214936248 0.0127504553734062
"malTer" 0.0418943533697632 0.0182149362477231 0.0182149362477231 0.0163934426229508 0.00182149362477231 0.0109289617486339 0.0127504553734062 0.0163934426229508 0.0273224043715847 0.0437158469945355 0.0145719489981785 0 0.0382513661202186 0.0564663023679417 0.0473588342440801 0.00364298724954463 0.0473588342440801 0.00182149362477231
"mesTub" 0.0655737704918033 0.0455373406193078 0.0382513661202186 0.0364298724954463 0.0400728597449909 0.0418943533697632 0.0437158469945355 0.0364298724954463 0.0400728597449909 0.0273224043715847 0.0455373406193078 0.0382513661202186 0 0.0473588342440801 0.0601092896174863 0.034608378870674 0.0455373406193078 0.0364298724954463
"pelCas" 0.0783242258652095 0.0673952641165756 0.0564663023679417 0.0528233151183971 0.058287795992714 0.0601092896174863 0.0619307832422587 0.0528233151183971 0.0619307832422587 0.0528233151183971 0.0601092896174863 0.0564663023679417 0.0473588342440801 0 0.0746812386156648 0.0528233151183971 0.0510018214936248 0.0546448087431694
"pelSin" 0.058287795992714 0.058287795992714 0.0510018214936248 0.0455373406193078 0.0491803278688525 0.0510018214936248 0.0528233151183971 0.0455373406193078 0.0510018214936248 0.0655737704918033 0.0546448087431694 0.0473588342440801 0.0601092896174863 0.0746812386156648 0 0.0437158469945355 0.0655737704918033 0.0455373406193078
"plaMeg" 0.0418943533697632 0.0145719489981785 0.0145719489981785 0.0127504553734062 0.00546448087431694 0.00728597449908925 0.00910746812386157 0.0127504553734062 0.0236794171220401 0.0400728597449909 0.0109289617486339 0.00364298724954463 0.034608378870674 0.0528233151183971 0.0437158469945355 0 0.0437158469945355 0.00182149362477231
"podExp" 0.0619307832422587 0.0546448087431694 0.0510018214936248 0.0455373406193078 0.0491803278688525 0.0473588342440801 0.0491803278688525 0.0491803278688525 0.0528233151183971 0.0473588342440801 0.0510018214936248 0.0473588342440801 0.0455373406193078 0.0510018214936248 0.0655737704918033 0.0437158469945355 0 0.0455373406193078
"terMex" 0.0400728597449909 0.0163934426229508 0.0163934426229508 0.0145719489981785 0.00364298724954463 0.00910746812386157 0.0109289617486339 0.0145719489981785 0.0255009107468124 0.0418943533697632 0.0127504553734062 0.00182149362477231 0.0364298724954463 0.0546448087431694 0.0455373406193078 0.00182149362477231 0.0455373406193078 0
