"carIns" "cheAbi" "cheMyd" "cheSer" "chrPic" "cuoAmb" "cuoMcc" "derCor" "derMaw" "emySub" "gopAga" "malTer" "mesTub" "pelCas" "pelSin" "plaMeg" "podExp"
"carIns" 0 0.0898876404494382 0.123595505617978 0.0799001248439451 0.083645443196005 0.133583021223471 0.083645443196005 0.0823970037453183 0.0861423220973783 0.0936329588014981 0.0861423220973783 0.083645443196005 0.0961298377028714 0.137328339575531 0.132334581772784 0.0811485642946317 0.103620474406991
"cheAbi" 0.0898876404494382 0 0.0936329588014981 0.0474406991260924 0.0362047440699126 0.083645443196005 0.0212234706616729 0.0424469413233458 0.0461922596754057 0.0624219725343321 0.0224719101123595 0.0337078651685393 0.0699126092384519 0.117353308364544 0.124843945068664 0.0337078651685393 0.0811485642946317
"cheMyd" 0.123595505617978 0.0936329588014981 0 0.0749063670411985 0.0774032459425718 0.0823970037453183 0.0848938826466916 0.0636704119850187 0.083645443196005 0.097378277153558 0.0873907615480649 0.0749063670411985 0.102372034956305 0.14481897627965 0.116104868913858 0.0774032459425718 0.119850187265918
"cheSer" 0.0799001248439451 0.0474406991260924 0.0749063670411985 0 0.034956304619226 0.0986267166042447 0.0411985018726592 0.0287141073657928 0.0374531835205993 0.0586766541822722 0.0461922596754057 0.034956304619226 0.0611735330836454 0.106117353308365 0.114856429463171 0.0324594257178527 0.0699126092384519
"chrPic" 0.083645443196005 0.0362047440699126 0.0774032459425718 0.034956304619226 0 0.0848938826466916 0.0262172284644195 0.0249687890137328 0.0424469413233458 0.0574282147315855 0.031210986267166 0.00749063670411985 0.0624219725343321 0.104868913857678 0.113607990012484 0.0224719101123595 0.0736579275905119
"cuoAmb" 0.133583021223471 0.083645443196005 0.0823970037453183 0.0986267166042447 0.0848938826466916 0 0.0649188514357054 0.0936329588014981 0.0898876404494382 0.111111111111111 0.0799001248439451 0.0799001248439451 0.117353308364544 0.166042446941323 0.117353308364544 0.083645443196005 0.133583021223471
"cuoMcc" 0.083645443196005 0.0212234706616729 0.0848938826466916 0.0411985018726592 0.0262172284644195 0.0649188514357054 0 0.034956304619226 0.0337078651685393 0.0536828963795256 0.017478152309613 0.0212234706616729 0.0611735330836454 0.106117353308365 0.113607990012484 0.0262172284644195 0.0749063670411985
"derCor" 0.0823970037453183 0.0424469413233458 0.0636704119850187 0.0287141073657928 0.0249687890137328 0.0936329588014981 0.034956304619226 0 0.0387016229712859 0.0561797752808989 0.0399500624219725 0.0249687890137328 0.0611735330836454 0.103620474406991 0.112359550561798 0.0274656679151061 0.0749063670411985
"derMaw" 0.0861423220973783 0.0461922596754057 0.083645443196005 0.0374531835205993 0.0424469413233458 0.0898876404494382 0.0337078651685393 0.0387016229712859 0 0.0649188514357054 0.0436953807740325 0.0424469413233458 0.0699126092384519 0.108614232209738 0.116104868913858 0.0449438202247191 0.0799001248439451
"emySub" 0.0936329588014981 0.0624219725343321 0.097378277153558 0.0586766541822722 0.0574282147315855 0.111111111111111 0.0536828963795256 0.0561797752808989 0.0649188514357054 0 0.0561797752808989 0.0574282147315855 0.031210986267166 0.101123595505618 0.126092384519351 0.0574282147315855 0.0699126092384519
"gopAga" 0.0861423220973783 0.0224719101123595 0.0873907615480649 0.0461922596754057 0.031210986267166 0.0799001248439451 0.017478152309613 0.0399500624219725 0.0436953807740325 0.0561797752808989 0 0.0287141073657928 0.066167290886392 0.113607990012484 0.119850187265918 0.031210986267166 0.0786516853932584
"malTer" 0.083645443196005 0.0337078651685393 0.0749063670411985 0.034956304619226 0.00749063670411985 0.0799001248439451 0.0212234706616729 0.0249687890137328 0.0424469413233458 0.0574282147315855 0.0287141073657928 0 0.0624219725343321 0.103620474406991 0.111111111111111 0.0199750312109863 0.0736579275905119
"mesTub" 0.0961298377028714 0.0699126092384519 0.102372034956305 0.0611735330836454 0.0624219725343321 0.117353308364544 0.0611735330836454 0.0611735330836454 0.0699126092384519 0.031210986267166 0.066167290886392 0.0624219725343321 0 0.0986267166042447 0.126092384519351 0.0611735330836454 0.0636704119850187
"pelCas" 0.137328339575531 0.117353308364544 0.14481897627965 0.106117353308365 0.104868913857678 0.166042446941323 0.106117353308365 0.103620474406991 0.108614232209738 0.101123595505618 0.113607990012484 0.103620474406991 0.0986267166042447 0 0.169787765293383 0.106117353308365 0.106117353308365
"pelSin" 0.132334581772784 0.124843945068664 0.116104868913858 0.114856429463171 0.113607990012484 0.117353308364544 0.113607990012484 0.112359550561798 0.116104868913858 0.126092384519351 0.119850187265918 0.111111111111111 0.126092384519351 0.169787765293383 0 0.113607990012484 0.134831460674157
"plaMeg" 0.0811485642946317 0.0337078651685393 0.0774032459425718 0.0324594257178527 0.0224719101123595 0.083645443196005 0.0262172284644195 0.0274656679151061 0.0449438202247191 0.0574282147315855 0.031210986267166 0.0199750312109863 0.0611735330836454 0.106117353308365 0.113607990012484 0 0.0749063670411985
"podExp" 0.103620474406991 0.0811485642946317 0.119850187265918 0.0699126092384519 0.0736579275905119 0.133583021223471 0.0749063670411985 0.0749063670411985 0.0799001248439451 0.0699126092384519 0.0786516853932584 0.0736579275905119 0.0636704119850187 0.106117353308365 0.134831460674157 0.0749063670411985 0
