"cheAbi" "cheMyd" "cheSer" "chrPic" "cuoAmb" "cuoMcc" "derCor" "derMaw" "emySub" "gopAga" "malTer" "mesTub" "pelCas" "pelSin" "plaMeg" "podExp" "terMex"
"cheAbi" 0 0.285457809694794 0.0430879712746858 0.0430879712746858 0.0359066427289048 0.0269299820466786 0.0502692998204668 0.0538599640933573 0.0646319569120287 0.0323159784560144 0.0484739676840215 0.0789946140035907 0.0915619389587074 0.107719928186715 0.0394973070017953 0.0879712746858169 0.0412926391382406
"cheMyd" 0.285457809694794 0 0.267504488330341 0.269299820466786 0.285457809694794 0.278276481149013 0.26032315978456 0.274685816876122 0.285457809694794 0.285457809694794 0.278276481149013 0.283662477558348 0.287253141831239 0.324955116696589 0.265709156193896 0.29802513464991 0.272890484739677
"cheSer" 0.0430879712746858 0.267504488330341 0 0.0251346499102334 0.0484739676840215 0.0287253141831239 0.0269299820466786 0.0287253141831239 0.0484739676840215 0.0430879712746858 0.0305206463195691 0.0682226211849192 0.0718132854578097 0.105924596050269 0.0215439856373429 0.0789946140035907 0.0233393177737881
"chrPic" 0.0430879712746858 0.269299820466786 0.0251346499102334 0 0.052064631956912 0.0323159784560144 0.0305206463195691 0.0323159784560144 0.052064631956912 0.0430879712746858 0.0143626570915619 0.0718132854578097 0.0771992818671454 0.104129263913824 0.0179533213644524 0.0789946140035907 0.0125673249551167
"cuoAmb" 0.0359066427289048 0.285457809694794 0.0484739676840215 0.052064631956912 0 0.0287253141831239 0.0502692998204668 0.0628366247755835 0.0754039497307002 0.0323159784560144 0.0574506283662478 0.0807899461400359 0.0915619389587074 0.120287253141831 0.0502692998204668 0.0915619389587074 0.0466786355475763
"cuoMcc" 0.0269299820466786 0.278276481149013 0.0287253141831239 0.0323159784560144 0.0287253141831239 0 0.0377019748653501 0.0430879712746858 0.0556552962298025 0.0341113105924596 0.0377019748653501 0.0771992818671454 0.0807899461400359 0.107719928186715 0.0305206463195691 0.0771992818671454 0.0305206463195691
"derCor" 0.0502692998204668 0.26032315978456 0.0269299820466786 0.0305206463195691 0.0502692998204668 0.0377019748653501 0 0.0341113105924596 0.0484739676840215 0.0448833034111311 0.0341113105924596 0.0574506283662478 0.066427289048474 0.105924596050269 0.0305206463195691 0.0754039497307002 0.0251346499102334
"derMaw" 0.0538599640933573 0.274685816876122 0.0287253141831239 0.0323159784560144 0.0628366247755835 0.0430879712746858 0.0341113105924596 0 0.0538599640933573 0.0538599640933573 0.0377019748653501 0.0754039497307002 0.0807899461400359 0.105924596050269 0.0323159784560144 0.0825852782764812 0.0305206463195691
"emySub" 0.0646319569120287 0.285457809694794 0.0484739676840215 0.052064631956912 0.0754039497307002 0.0556552962298025 0.0484739676840215 0.0538599640933573 0 0.066427289048474 0.0556552962298025 0.0412926391382406 0.0610412926391382 0.11310592459605 0.052064631956912 0.0628366247755835 0.0502692998204668
"gopAga" 0.0323159784560144 0.285457809694794 0.0430879712746858 0.0430879712746858 0.0323159784560144 0.0341113105924596 0.0448833034111311 0.0538599640933573 0.066427289048474 0 0.0466786355475763 0.0807899461400359 0.0807899461400359 0.114901256732496 0.0430879712746858 0.0789946140035907 0.0377019748653501
"malTer" 0.0484739676840215 0.278276481149013 0.0305206463195691 0.0143626570915619 0.0574506283662478 0.0377019748653501 0.0341113105924596 0.0377019748653501 0.0556552962298025 0.0466786355475763 0 0.0754039497307002 0.0771992818671454 0.107719928186715 0.0197486535008977 0.0789946140035907 0.0179533213644524
"mesTub" 0.0789946140035907 0.283662477558348 0.0682226211849192 0.0718132854578097 0.0807899461400359 0.0771992818671454 0.0574506283662478 0.0754039497307002 0.0412926391382406 0.0807899461400359 0.0754039497307002 0 0.0700179533213645 0.122082585278276 0.0718132854578097 0.0736086175942549 0.066427289048474
"pelCas" 0.0915619389587074 0.287253141831239 0.0718132854578097 0.0771992818671454 0.0915619389587074 0.0807899461400359 0.066427289048474 0.0807899461400359 0.0610412926391382 0.0807899461400359 0.0771992818671454 0.0700179533213645 0 0.134649910233393 0.0771992818671454 0.0466786355475763 0.0718132854578097
"pelSin" 0.107719928186715 0.324955116696589 0.105924596050269 0.104129263913824 0.120287253141831 0.107719928186715 0.105924596050269 0.105924596050269 0.11310592459605 0.114901256732496 0.107719928186715 0.122082585278276 0.134649910233393 0 0.102333931777379 0.127468581687612 0.0987432675044883
"plaMeg" 0.0394973070017953 0.265709156193896 0.0215439856373429 0.0179533213644524 0.0502692998204668 0.0305206463195691 0.0305206463195691 0.0323159784560144 0.052064631956912 0.0430879712746858 0.0197486535008977 0.0718132854578097 0.0771992818671454 0.102333931777379 0 0.0789946140035907 0.0161579892280072
"podExp" 0.0879712746858169 0.29802513464991 0.0789946140035907 0.0789946140035907 0.0915619389587074 0.0771992818671454 0.0754039497307002 0.0825852782764812 0.0628366247755835 0.0789946140035907 0.0789946140035907 0.0736086175942549 0.0466786355475763 0.127468581687612 0.0789946140035907 0 0.0771992818671454
"terMex" 0.0412926391382406 0.272890484739677 0.0233393177737881 0.0125673249551167 0.0466786355475763 0.0305206463195691 0.0251346499102334 0.0305206463195691 0.0502692998204668 0.0377019748653501 0.0179533213644524 0.066427289048474 0.0718132854578097 0.0987432675044883 0.0161579892280072 0.0771992818671454 0
