"cheMyd" "cheSer" "chrPic" "cuoAmb" "cuoMcc" "derCor" "gopAga" "malTer" "mesTub" "pelSin" "plaMeg"
"cheMyd" 0 0.0125944584382872 0.0151133501259446 0.0151133501259446 0.0125944584382872 0.0100755667506297 0.110831234256927 0.138539042821159 0.0100755667506297 0.0277078085642317 0.0125944584382872
"cheSer" 0.0125944584382872 0 0.00755667506297229 0.00755667506297229 0.00503778337531486 0.0125944584382872 0.10831234256927 0.130982367758186 0.00755667506297229 0.0251889168765743 0.00503778337531486
"chrPic" 0.0151133501259446 0.00755667506297229 0 0.00503778337531486 0.00755667506297229 0.0151133501259446 0.10831234256927 0.123425692695214 0.00503778337531486 0.0226700251889169 0.00755667506297229
"cuoAmb" 0.0151133501259446 0.00755667506297229 0.00503778337531486 0 0.00251889168765743 0.0151133501259446 0.10831234256927 0.128463476070529 0.00503778337531486 0.0226700251889169 0.0125944584382872
"cuoMcc" 0.0125944584382872 0.00503778337531486 0.00755667506297229 0.00251889168765743 0 0.0125944584382872 0.105793450881612 0.130982367758186 0.00755667506297229 0.0251889168765743 0.0100755667506297
"derCor" 0.0100755667506297 0.0125944584382872 0.0151133501259446 0.0151133501259446 0.0125944584382872 0 0.105793450881612 0.133501259445844 0.0100755667506297 0.0277078085642317 0.0125944584382872
"gopAga" 0.110831234256927 0.10831234256927 0.10831234256927 0.10831234256927 0.105793450881612 0.105793450881612 0 0.226700251889169 0.105793450881612 0.118387909319899 0.10831234256927
"malTer" 0.138539042821159 0.130982367758186 0.123425692695214 0.128463476070529 0.130982367758186 0.133501259445844 0.226700251889169 0 0.128463476070529 0.138539042821159 0.130982367758186
"mesTub" 0.0100755667506297 0.00755667506297229 0.00503778337531486 0.00503778337531486 0.00755667506297229 0.0100755667506297 0.105793450881612 0.128463476070529 0 0.017632241813602 0.00755667506297229
"pelSin" 0.0277078085642317 0.0251889168765743 0.0226700251889169 0.0226700251889169 0.0251889168765743 0.0277078085642317 0.118387909319899 0.138539042821159 0.017632241813602 0 0.0251889168765743
"plaMeg" 0.0125944584382872 0.00503778337531486 0.00755667506297229 0.0125944584382872 0.0100755667506297 0.0125944584382872 0.10831234256927 0.130982367758186 0.00755667506297229 0.0251889168765743 0
