"carIns" "cheAbi" "cheMyd" "cheSer" "chrPic" "cuoAmb" "cuoMcc" "derMaw" "emySub" "gopAga" "malTer" "mesTub" "pelCas" "pelSin" "plaMeg" "podExp" "terMex"
"carIns" 0 0.0556666666666667 0.054 0.0513333333333333 0.0493333333333333 0.0543333333333333 0.0546666666666667 0.055 0.0603333333333333 0.0546666666666667 0.0486666666666667 0.0633333333333333 0.0666666666666667 0.071 0.0486666666666667 0.071 0.0483333333333333
"cheAbi" 0.0556666666666667 0 0.0266666666666667 0.0253333333333333 0.021 0.0143333333333333 0.0143333333333333 0.0303333333333333 0.047 0.0126666666666667 0.021 0.0536666666666667 0.0583333333333333 0.068 0.0183333333333333 0.0596666666666667 0.018
"cheMyd" 0.054 0.0266666666666667 0 0.019 0.0213333333333333 0.0256666666666667 0.0263333333333333 0.026 0.045 0.0273333333333333 0.0206666666666667 0.0493333333333333 0.0546666666666667 0.062 0.0186666666666667 0.0596666666666667 0.0186666666666667
"cheSer" 0.0513333333333333 0.0253333333333333 0.019 0 0.019 0.024 0.025 0.024 0.043 0.0246666666666667 0.0176666666666667 0.046 0.0513333333333333 0.056 0.0166666666666667 0.055 0.0173333333333333
"chrPic" 0.0493333333333333 0.021 0.0213333333333333 0.019 0 0.0213333333333333 0.0213333333333333 0.028 0.0426666666666667 0.0216666666666667 0.002 0.048 0.053 0.0606666666666667 0.0133333333333333 0.0576666666666667 0.008
"cuoAmb" 0.0543333333333333 0.0143333333333333 0.0256666666666667 0.024 0.0213333333333333 0 0.00466666666666667 0.0303333333333333 0.0453333333333333 0.0143333333333333 0.0206666666666667 0.052 0.0573333333333333 0.067 0.0163333333333333 0.0596666666666667 0.0176666666666667
"cuoMcc" 0.0546666666666667 0.0143333333333333 0.0263333333333333 0.025 0.0213333333333333 0.00466666666666667 0 0.031 0.0466666666666667 0.015 0.0213333333333333 0.0533333333333333 0.057 0.067 0.017 0.0593333333333333 0.0176666666666667
"derMaw" 0.055 0.0303333333333333 0.026 0.024 0.028 0.0303333333333333 0.031 0 0.05 0.0316666666666667 0.0273333333333333 0.0546666666666667 0.06 0.065 0.0243333333333333 0.0623333333333333 0.025
"emySub" 0.0603333333333333 0.047 0.045 0.043 0.0426666666666667 0.0453333333333333 0.0466666666666667 0.05 0 0.0463333333333333 0.042 0.029 0.0473333333333333 0.0733333333333333 0.0413333333333333 0.0516666666666667 0.0403333333333333
"gopAga" 0.0546666666666667 0.0126666666666667 0.0273333333333333 0.0246666666666667 0.0216666666666667 0.0143333333333333 0.015 0.0316666666666667 0.0463333333333333 0 0.021 0.0523333333333333 0.059 0.0666666666666667 0.0176666666666667 0.0603333333333333 0.0186666666666667
"malTer" 0.0486666666666667 0.021 0.0206666666666667 0.0176666666666667 0.002 0.0206666666666667 0.0213333333333333 0.0273333333333333 0.042 0.021 0 0.0473333333333333 0.0516666666666667 0.0593333333333333 0.0126666666666667 0.0563333333333333 0.008
"mesTub" 0.0633333333333333 0.0536666666666667 0.0493333333333333 0.046 0.048 0.052 0.0533333333333333 0.0546666666666667 0.029 0.0523333333333333 0.0473333333333333 0 0.053 0.0743333333333333 0.046 0.0553333333333333 0.045
"pelCas" 0.0666666666666667 0.0583333333333333 0.0546666666666667 0.0513333333333333 0.053 0.0573333333333333 0.057 0.06 0.0473333333333333 0.059 0.0516666666666667 0.053 0 0.0763333333333333 0.051 0.041 0.052
"pelSin" 0.071 0.068 0.062 0.056 0.0606666666666667 0.067 0.067 0.065 0.0733333333333333 0.0666666666666667 0.0593333333333333 0.0743333333333333 0.0763333333333333 0 0.059 0.081 0.0593333333333333
"plaMeg" 0.0486666666666667 0.0183333333333333 0.0186666666666667 0.0166666666666667 0.0133333333333333 0.0163333333333333 0.017 0.0243333333333333 0.0413333333333333 0.0176666666666667 0.0126666666666667 0.046 0.051 0.059 0 0.055 0.009
"podExp" 0.071 0.0596666666666667 0.0596666666666667 0.055 0.0576666666666667 0.0596666666666667 0.0593333333333333 0.0623333333333333 0.0516666666666667 0.0603333333333333 0.0563333333333333 0.0553333333333333 0.041 0.081 0.055 0 0.056
"terMex" 0.0483333333333333 0.018 0.0186666666666667 0.0173333333333333 0.008 0.0176666666666667 0.0176666666666667 0.025 0.0403333333333333 0.0186666666666667 0.008 0.045 0.052 0.0593333333333333 0.009 0.056 0
