"cheAbi" "cheMyd" "cheSer" "chrPic" "cuoAmb" "cuoMcc" "derMaw" "emySub" "gopAga" "malTer" "mesTub" "pelCas" "pelSin" "plaMeg" "podExp" "terMex"
"cheAbi" 0 0.0317460317460317 0.0360750360750361 0.0230880230880231 0.0158730158730159 0.0158730158730159 0.0461760461760462 0.0577200577200577 0.0216450216450216 0.0216450216450216 0.0505050505050505 0.0678210678210678 0.125541125541126 0.025974025974026 0.0735930735930736 0.0245310245310245
"cheMyd" 0.0317460317460317 0 0.0245310245310245 0.0144300144300144 0.0216450216450216 0.0216450216450216 0.0404040404040404 0.051948051948052 0.0317460317460317 0.0158730158730159 0.0476190476190476 0.0606060606060606 0.122655122655123 0.0202020202020202 0.0692640692640693 0.0158730158730159
"cheSer" 0.0360750360750361 0.0245310245310245 0 0.0187590187590188 0.025974025974026 0.025974025974026 0.0331890331890332 0.0476190476190476 0.038961038961039 0.0202020202020202 0.0461760461760462 0.0562770562770563 0.112554112554113 0.0245310245310245 0.0649350649350649 0.0144300144300144
"chrPic" 0.0230880230880231 0.0144300144300144 0.0187590187590188 0 0.012987012987013 0.012987012987013 0.0317460317460317 0.0447330447330447 0.025974025974026 0.00721500721500722 0.0404040404040404 0.0533910533910534 0.116883116883117 0.0115440115440115 0.062049062049062 0.00721500721500722
"cuoAmb" 0.0158730158730159 0.0216450216450216 0.025974025974026 0.012987012987013 0 0.00288600288600289 0.0331890331890332 0.0476190476190476 0.0187590187590188 0.0144300144300144 0.0432900432900433 0.0577200577200577 0.115440115440115 0.0187590187590188 0.0634920634920635 0.0144300144300144
"cuoMcc" 0.0158730158730159 0.0216450216450216 0.025974025974026 0.012987012987013 0.00288600288600289 0 0.0360750360750361 0.0476190476190476 0.0187590187590188 0.0144300144300144 0.0432900432900433 0.0577200577200577 0.115440115440115 0.0187590187590188 0.0663780663780664 0.0144300144300144
"derMaw" 0.0461760461760462 0.0404040404040404 0.0331890331890332 0.0317460317460317 0.0331890331890332 0.0360750360750361 0 0.062049062049062 0.0490620490620491 0.0331890331890332 0.0606060606060606 0.0692640692640693 0.11976911976912 0.0375180375180375 0.0721500721500721 0.0303030303030303
"emySub" 0.0577200577200577 0.051948051948052 0.0476190476190476 0.0447330447330447 0.0476190476190476 0.0476190476190476 0.062049062049062 0 0.0591630591630592 0.0461760461760462 0.0317460317460317 0.0649350649350649 0.131313131313131 0.0505050505050505 0.0678210678210678 0.0461760461760462
"gopAga" 0.0216450216450216 0.0317460317460317 0.038961038961039 0.025974025974026 0.0187590187590188 0.0187590187590188 0.0490620490620491 0.0591630591630592 0 0.025974025974026 0.051948051948052 0.0692640692640693 0.122655122655123 0.0288600288600289 0.0764790764790765 0.0274170274170274
"malTer" 0.0216450216450216 0.0158730158730159 0.0202020202020202 0.00721500721500722 0.0144300144300144 0.0144300144300144 0.0331890331890332 0.0461760461760462 0.025974025974026 0 0.0418470418470418 0.0548340548340548 0.118326118326118 0.012987012987013 0.0634920634920635 0.00865800865800866
"mesTub" 0.0505050505050505 0.0476190476190476 0.0461760461760462 0.0404040404040404 0.0432900432900433 0.0432900432900433 0.0606060606060606 0.0317460317460317 0.051948051948052 0.0418470418470418 0 0.0591630591630592 0.12987012987013 0.0432900432900433 0.062049062049062 0.0418470418470418
"pelCas" 0.0678210678210678 0.0606060606060606 0.0562770562770563 0.0533910533910534 0.0577200577200577 0.0577200577200577 0.0692640692640693 0.0649350649350649 0.0692640692640693 0.0548340548340548 0.0591630591630592 0 0.147186147186147 0.0562770562770563 0.0649350649350649 0.051948051948052
"pelSin" 0.125541125541126 0.122655122655123 0.112554112554113 0.116883116883117 0.115440115440115 0.115440115440115 0.11976911976912 0.131313131313131 0.122655122655123 0.118326118326118 0.12987012987013 0.147186147186147 0 0.11976911976912 0.151515151515152 0.118326118326118
"plaMeg" 0.025974025974026 0.0202020202020202 0.0245310245310245 0.0115440115440115 0.0187590187590188 0.0187590187590188 0.0375180375180375 0.0505050505050505 0.0288600288600289 0.012987012987013 0.0432900432900433 0.0562770562770563 0.11976911976912 0 0.0678210678210678 0.012987012987013
"podExp" 0.0735930735930736 0.0692640692640693 0.0649350649350649 0.062049062049062 0.0634920634920635 0.0663780663780664 0.0721500721500721 0.0678210678210678 0.0764790764790765 0.0634920634920635 0.062049062049062 0.0649350649350649 0.151515151515152 0.0678210678210678 0 0.0606060606060606
"terMex" 0.0245310245310245 0.0158730158730159 0.0144300144300144 0.00721500721500722 0.0144300144300144 0.0144300144300144 0.0303030303030303 0.0461760461760462 0.0274170274170274 0.00865800865800866 0.0418470418470418 0.051948051948052 0.118326118326118 0.012987012987013 0.0606060606060606 0
