"cheAbi" "cheMyd" "cheSer" "chrPic" "cuoMcc" "derCor" "derMaw" "emySub" "gopAga" "mesTub" "pelCas" "pelSin" "plaMeg" "podExp" "terMex"
"cheAbi" 0 0.107843137254902 0.1 0.101960784313725 0.305882352941176 0.109803921568627 0.111764705882353 0.143137254901961 0.125490196078431 0.143137254901961 0.162745098039216 0.127450980392157 0.0980392156862745 0.186274509803922 0.103921568627451
"cheMyd" 0.107843137254902 0 0.0294117647058824 0.0352941176470588 0.237254901960784 0.0117647058823529 0.0431372549019608 0.0862745098039216 0.133333333333333 0.0882352941176471 0.107843137254902 0.0705882352941176 0.0352941176470588 0.133333333333333 0.0352941176470588
"cheSer" 0.1 0.0294117647058824 0 0.0235294117647059 0.233333333333333 0.0294117647058824 0.0372549019607843 0.0784313725490196 0.133333333333333 0.0803921568627451 0.105882352941176 0.0647058823529412 0.0254901960784314 0.12156862745098 0.0254901960784314
"chrPic" 0.101960784313725 0.0352941176470588 0.0235294117647059 0 0.23921568627451 0.0352941176470588 0.0470588235294118 0.0784313725490196 0.133333333333333 0.0803921568627451 0.107843137254902 0.0666666666666667 0.0235294117647059 0.125490196078431 0.0196078431372549
"cuoMcc" 0.305882352941176 0.237254901960784 0.233333333333333 0.23921568627451 0 0.241176470588235 0.247058823529412 0.266666666666667 0.343137254901961 0.274509803921569 0.288235294117647 0.266666666666667 0.23921568627451 0.301960784313725 0.237254901960784
"derCor" 0.109803921568627 0.0117647058823529 0.0294117647058824 0.0352941176470588 0.241176470588235 0 0.0509803921568627 0.0862745098039216 0.137254901960784 0.0882352941176471 0.115686274509804 0.0745098039215686 0.0352941176470588 0.137254901960784 0.0352941176470588
"derMaw" 0.111764705882353 0.0431372549019608 0.0372549019607843 0.0470588235294118 0.247058823529412 0.0509803921568627 0 0.0901960784313725 0.137254901960784 0.092156862745098 0.115686274509804 0.0764705882352941 0.0470588235294118 0.141176470588235 0.0470588235294118
"emySub" 0.143137254901961 0.0862745098039216 0.0784313725490196 0.0784313725490196 0.266666666666667 0.0862745098039216 0.0901960784313725 0 0.158823529411765 0.0333333333333333 0.0862745098039216 0.109803921568627 0.0823529411764706 0.0980392156862745 0.0803921568627451
"gopAga" 0.125490196078431 0.133333333333333 0.133333333333333 0.133333333333333 0.343137254901961 0.137254901960784 0.137254901960784 0.158823529411765 0 0.156862745098039 0.174509803921569 0.152941176470588 0.133333333333333 0.196078431372549 0.135294117647059
"mesTub" 0.143137254901961 0.0882352941176471 0.0803921568627451 0.0803921568627451 0.274509803921569 0.0882352941176471 0.092156862745098 0.0333333333333333 0.156862745098039 0 0.0803921568627451 0.105882352941176 0.0843137254901961 0.0980392156862745 0.0823529411764706
"pelCas" 0.162745098039216 0.107843137254902 0.105882352941176 0.107843137254902 0.288235294117647 0.115686274509804 0.115686274509804 0.0862745098039216 0.174509803921569 0.0803921568627451 0 0.125490196078431 0.101960784313725 0.0784313725490196 0.101960784313725
"pelSin" 0.127450980392157 0.0705882352941176 0.0647058823529412 0.0666666666666667 0.266666666666667 0.0745098039215686 0.0764705882352941 0.109803921568627 0.152941176470588 0.105882352941176 0.125490196078431 0 0.0588235294117647 0.135294117647059 0.0627450980392157
"plaMeg" 0.0980392156862745 0.0352941176470588 0.0254901960784314 0.0235294117647059 0.23921568627451 0.0352941176470588 0.0470588235294118 0.0823529411764706 0.133333333333333 0.0843137254901961 0.101960784313725 0.0588235294117647 0 0.117647058823529 0.0235294117647059
"podExp" 0.186274509803922 0.133333333333333 0.12156862745098 0.125490196078431 0.301960784313725 0.137254901960784 0.141176470588235 0.0980392156862745 0.196078431372549 0.0980392156862745 0.0784313725490196 0.135294117647059 0.117647058823529 0 0.123529411764706
"terMex" 0.103921568627451 0.0352941176470588 0.0254901960784314 0.0196078431372549 0.237254901960784 0.0352941176470588 0.0470588235294118 0.0803921568627451 0.135294117647059 0.0823529411764706 0.101960784313725 0.0627450980392157 0.0235294117647059 0.123529411764706 0
