"carIns" "cheAbi" "cheMyd" "cheSer" "chrPic" "cuoAmb" "cuoMcc" "derCor" "derMaw" "emySub" "gopAga" "malTer" "mesTub" "pelCas" "pelSin" "plaMeg" "podExp" "terMex"
"carIns" 0 0.0666666666666667 0.0774774774774775 0.0666666666666667 0.0666666666666667 0.0702702702702703 0.0630630630630631 0.0810810810810811 0.0684684684684685 0.0756756756756757 0.0738738738738739 0.0648648648648649 0.0846846846846847 0.0918918918918919 0.0720720720720721 0.0684684684684685 0.0990990990990991 0.0702702702702703
"cheAbi" 0.0666666666666667 0 0.0288288288288288 0.0234234234234234 0.018018018018018 0.0198198198198198 0.0162162162162162 0.0324324324324324 0.036036036036036 0.0522522522522523 0.0144144144144144 0.0198198198198198 0.0468468468468468 0.0630630630630631 0.0648648648648649 0.0126126126126126 0.0684684684684685 0.018018018018018
"cheMyd" 0.0774774774774775 0.0288288288288288 0 0.027027027027027 0.0252252252252252 0.0306306306306306 0.027027027027027 0.018018018018018 0.0396396396396396 0.0612612612612613 0.0324324324324324 0.027027027027027 0.0594594594594595 0.0738738738738739 0.0738738738738739 0.0252252252252252 0.0738738738738739 0.0252252252252252
"cheSer" 0.0666666666666667 0.0234234234234234 0.027027027027027 0 0.0162162162162162 0.0288288288288288 0.0252252252252252 0.0306306306306306 0.027027027027027 0.0504504504504504 0.0306306306306306 0.018018018018018 0.0486486486486487 0.0612612612612613 0.0648648648648649 0.0198198198198198 0.0684684684684685 0.0198198198198198
"chrPic" 0.0666666666666667 0.018018018018018 0.0252252252252252 0.0162162162162162 0 0.0234234234234234 0.0198198198198198 0.0288288288288288 0.0288288288288288 0.0558558558558559 0.0252252252252252 0.0018018018018018 0.0540540540540541 0.0648648648648649 0.0648648648648649 0.0144144144144144 0.0720720720720721 0.00900900900900901
"cuoAmb" 0.0702702702702703 0.0198198198198198 0.0306306306306306 0.0288288288288288 0.0234234234234234 0 0.00720720720720721 0.0378378378378378 0.0378378378378378 0.0576576576576577 0.027027027027027 0.0252252252252252 0.0558558558558559 0.0684684684684685 0.0648648648648649 0.018018018018018 0.0702702702702703 0.0234234234234234
"cuoMcc" 0.0630630630630631 0.0162162162162162 0.027027027027027 0.0252252252252252 0.0198198198198198 0.00720720720720721 0 0.0342342342342342 0.0342342342342342 0.0504504504504504 0.0234234234234234 0.0216216216216216 0.0486486486486487 0.0612612612612613 0.0648648648648649 0.0144144144144144 0.0630630630630631 0.0198198198198198
"derCor" 0.0810810810810811 0.0324324324324324 0.018018018018018 0.0306306306306306 0.0288288288288288 0.0378378378378378 0.0342342342342342 0 0.0396396396396396 0.0558558558558559 0.0396396396396396 0.0306306306306306 0.0648648648648649 0.0738738738738739 0.0810810810810811 0.0288288288288288 0.0810810810810811 0.0252252252252252
"derMaw" 0.0684684684684685 0.036036036036036 0.0396396396396396 0.027027027027027 0.0288288288288288 0.0378378378378378 0.0342342342342342 0.0396396396396396 0 0.0558558558558559 0.0432432432432432 0.0306306306306306 0.0576576576576577 0.0702702702702703 0.0630630630630631 0.0324324324324324 0.0810810810810811 0.0324324324324324
"emySub" 0.0756756756756757 0.0522522522522523 0.0612612612612613 0.0504504504504504 0.0558558558558559 0.0576576576576577 0.0504504504504504 0.0558558558558559 0.0558558558558559 0 0.0558558558558559 0.0576576576576577 0.0342342342342342 0.0612612612612613 0.0792792792792793 0.0540540540540541 0.0720720720720721 0.0558558558558559
"gopAga" 0.0738738738738739 0.0144144144144144 0.0324324324324324 0.0306306306306306 0.0252252252252252 0.027027027027027 0.0234234234234234 0.0396396396396396 0.0432432432432432 0.0558558558558559 0 0.027027027027027 0.0558558558558559 0.0702702702702703 0.0738738738738739 0.0198198198198198 0.0756756756756757 0.0252252252252252
"malTer" 0.0648648648648649 0.0198198198198198 0.027027027027027 0.018018018018018 0.0018018018018018 0.0252252252252252 0.0216216216216216 0.0306306306306306 0.0306306306306306 0.0576576576576577 0.027027027027027 0 0.0558558558558559 0.0666666666666667 0.0666666666666667 0.0162162162162162 0.0738738738738739 0.0108108108108108
"mesTub" 0.0846846846846847 0.0468468468468468 0.0594594594594595 0.0486486486486487 0.0540540540540541 0.0558558558558559 0.0486486486486487 0.0648648648648649 0.0576576576576577 0.0342342342342342 0.0558558558558559 0.0558558558558559 0 0.0594594594594595 0.0702702702702703 0.0522522522522523 0.0594594594594595 0.0540540540540541
"pelCas" 0.0918918918918919 0.0630630630630631 0.0738738738738739 0.0612612612612613 0.0648648648648649 0.0684684684684685 0.0612612612612613 0.0738738738738739 0.0702702702702703 0.0612612612612613 0.0702702702702703 0.0666666666666667 0.0594594594594595 0 0.0792792792792793 0.0648648648648649 0.0594594594594595 0.0612612612612613
"pelSin" 0.0720720720720721 0.0648648648648649 0.0738738738738739 0.0648648648648649 0.0648648648648649 0.0648648648648649 0.0648648648648649 0.0810810810810811 0.0630630630630631 0.0792792792792793 0.0738738738738739 0.0666666666666667 0.0702702702702703 0.0792792792792793 0 0.0684684684684685 0.0864864864864865 0.0630630630630631
"plaMeg" 0.0684684684684685 0.0126126126126126 0.0252252252252252 0.0198198198198198 0.0144144144144144 0.018018018018018 0.0144144144144144 0.0288288288288288 0.0324324324324324 0.0540540540540541 0.0198198198198198 0.0162162162162162 0.0522522522522523 0.0648648648648649 0.0684684684684685 0 0.0702702702702703 0.0144144144144144
"podExp" 0.0990990990990991 0.0684684684684685 0.0738738738738739 0.0684684684684685 0.0720720720720721 0.0702702702702703 0.0630630630630631 0.0810810810810811 0.0810810810810811 0.0720720720720721 0.0756756756756757 0.0738738738738739 0.0594594594594595 0.0594594594594595 0.0864864864864865 0.0702702702702703 0 0.0648648648648649
"terMex" 0.0702702702702703 0.018018018018018 0.0252252252252252 0.0198198198198198 0.00900900900900901 0.0234234234234234 0.0198198198198198 0.0252252252252252 0.0324324324324324 0.0558558558558559 0.0252252252252252 0.0108108108108108 0.0540540540540541 0.0612612612612613 0.0630630630630631 0.0144144144144144 0.0648648648648649 0
