"cheAbi" "cheMyd" "cheSer" "chrPic" "cuoAmb" "cuoMcc" "derCor" "derMaw" "emySub" "gopAga" "malTer" "mesTub" "pelCas" "pelSin" "plaMeg" "podExp" "terMex"
"cheAbi" 0 0.0804597701149425 0.0229885057471264 0.0191570881226054 0.0172413793103448 0.0172413793103448 0.0919540229885057 0.0306513409961686 0.0593869731800766 0.0172413793103448 0.053639846743295 0.0517241379310345 0.0670498084291188 0.0938697318007663 0.0191570881226054 0.078544061302682 0.078544061302682
"cheMyd" 0.0804597701149425 0 0.0708812260536398 0.0708812260536398 0.0766283524904215 0.0727969348659004 0.0804597701149425 0.0766283524904215 0.10727969348659 0.0766283524904215 0.0804597701149425 0.101532567049808 0.120689655172414 0.10727969348659 0.0747126436781609 0.128352490421456 0.0670498084291188
"cheSer" 0.0229885057471264 0.0708812260536398 0 0.0114942528735632 0.0134099616858238 0.00957854406130268 0.0766283524904215 0.0153256704980843 0.0421455938697318 0.0172413793103448 0.0459770114942529 0.0344827586206897 0.0517241379310345 0.0900383141762452 0.00766283524904215 0.0632183908045977 0.0708812260536398
"chrPic" 0.0191570881226054 0.0708812260536398 0.0114942528735632 0 0.00957854406130268 0.00574712643678161 0.0804597701149425 0.0191570881226054 0.0498084291187739 0.0134099616858238 0.0383141762452107 0.0421455938697318 0.0593869731800766 0.0862068965517241 0.00766283524904215 0.0689655172413793 0.0632183908045977
"cuoAmb" 0.0172413793103448 0.0766283524904215 0.0134099616858238 0.00957854406130268 0 0.00383141762452107 0.0823754789272031 0.024904214559387 0.0517241379310345 0.0153256704980843 0.0440613026819923 0.0440613026819923 0.0593869731800766 0.0919540229885057 0.00957854406130268 0.0708812260536398 0.0689655172413793
"cuoMcc" 0.0172413793103448 0.0727969348659004 0.00957854406130268 0.00574712643678161 0.00383141762452107 0 0.078544061302682 0.0210727969348659 0.0478927203065134 0.0114942528735632 0.0402298850574713 0.0402298850574713 0.0574712643678161 0.0881226053639847 0.00574712643678161 0.0689655172413793 0.0651340996168582
"derCor" 0.0919540229885057 0.0804597701149425 0.0766283524904215 0.0804597701149425 0.0823754789272031 0.078544061302682 0 0.0881226053639847 0.113026819923372 0.0823754789272031 0.0651340996168582 0.10727969348659 0.122605363984674 0.122605363984674 0.0804597701149425 0.136015325670498 0.0900383141762452
"derMaw" 0.0306513409961686 0.0766283524904215 0.0153256704980843 0.0191570881226054 0.024904214559387 0.0210727969348659 0.0881226053639847 0 0.0517241379310345 0.028735632183908 0.053639846743295 0.0440613026819923 0.0593869731800766 0.0919540229885057 0.0191570881226054 0.0689655172413793 0.0727969348659004
"emySub" 0.0593869731800766 0.10727969348659 0.0421455938697318 0.0498084291187739 0.0517241379310345 0.0478927203065134 0.113026819923372 0.0517241379310345 0 0.0555555555555556 0.0804597701149425 0.0172413793103448 0.0421455938697318 0.109195402298851 0.0459770114942529 0.053639846743295 0.10727969348659
"gopAga" 0.0172413793103448 0.0766283524904215 0.0172413793103448 0.0134099616858238 0.0153256704980843 0.0114942528735632 0.0823754789272031 0.028735632183908 0.0555555555555556 0 0.0478927203065134 0.0478927203065134 0.0651340996168582 0.0957854406130268 0.0134099616858238 0.0766283524904215 0.0727969348659004
"malTer" 0.053639846743295 0.0804597701149425 0.0459770114942529 0.0383141762452107 0.0440613026819923 0.0402298850574713 0.0651340996168582 0.053639846743295 0.0804597701149425 0.0478927203065134 0 0.0727969348659004 0.0900383141762452 0.0996168582375479 0.0421455938697318 0.0977011494252874 0.0804597701149425
"mesTub" 0.0517241379310345 0.101532567049808 0.0344827586206897 0.0421455938697318 0.0440613026819923 0.0402298850574713 0.10727969348659 0.0440613026819923 0.0172413793103448 0.0478927203065134 0.0727969348659004 0 0.0383141762452107 0.103448275862069 0.0383141762452107 0.0498084291187739 0.0996168582375479
"pelCas" 0.0670498084291188 0.120689655172414 0.0517241379310345 0.0593869731800766 0.0593869731800766 0.0574712643678161 0.122605363984674 0.0593869731800766 0.0421455938697318 0.0651340996168582 0.0900383141762452 0.0383141762452107 0 0.114942528735632 0.0517241379310345 0.0421455938697318 0.118773946360153
"pelSin" 0.0938697318007663 0.10727969348659 0.0900383141762452 0.0862068965517241 0.0919540229885057 0.0881226053639847 0.122605363984674 0.0919540229885057 0.109195402298851 0.0957854406130268 0.0996168582375479 0.103448275862069 0.114942528735632 0 0.0862068965517241 0.116858237547893 0.101532567049808
"plaMeg" 0.0191570881226054 0.0747126436781609 0.00766283524904215 0.00766283524904215 0.00957854406130268 0.00574712643678161 0.0804597701149425 0.0191570881226054 0.0459770114942529 0.0134099616858238 0.0421455938697318 0.0383141762452107 0.0517241379310345 0.0862068965517241 0 0.0670498084291188 0.0670498084291188
"podExp" 0.078544061302682 0.128352490421456 0.0632183908045977 0.0689655172413793 0.0708812260536398 0.0689655172413793 0.136015325670498 0.0689655172413793 0.053639846743295 0.0766283524904215 0.0977011494252874 0.0498084291187739 0.0421455938697318 0.116858237547893 0.0670498084291188 0 0.124521072796935
"terMex" 0.078544061302682 0.0670498084291188 0.0708812260536398 0.0632183908045977 0.0689655172413793 0.0651340996168582 0.0900383141762452 0.0727969348659004 0.10727969348659 0.0727969348659004 0.0804597701149425 0.0996168582375479 0.118773946360153 0.101532567049808 0.0670498084291188 0.124521072796935 0
