"carIns" "cheAbi" "cheMyd" "cheSer" "chrPic" "cuoAmb" "cuoMcc" "derCor" "derMaw" "emySub" "gopAga" "malTer" "mesTub" "pelCas" "pelSin" "plaMeg" "podExp" "terMex"
"carIns" 0 0.150078988941548 0.0679304897314376 0.0695102685624013 0.0789889415481833 0.0821484992101106 0.0710900473933649 0.0695102685624013 0.0710900473933649 0.140600315955766 0.0995260663507109 0.101105845181675 0.131121642969984 0.140600315955766 0.0900473933649289 0.0805687203791469 0.145339652448657 0.101105845181675
"cheAbi" 0.150078988941548 0 0.12480252764613 0.123222748815166 0.129541864139021 0.118483412322275 0.107424960505529 0.123222748815166 0.127962085308057 0.167456556082148 0.132701421800948 0.146919431279621 0.197472353870458 0.202211690363349 0.17693522906793 0.12480252764613 0.225908372827804 0.150078988941548
"cheMyd" 0.0679304897314376 0.12480252764613 0 0.0315955766192733 0.0505529225908373 0.0552922590837283 0.033175355450237 0.0221169036334913 0.0394944707740916 0.131121642969984 0.0742496050552923 0.0726698262243286 0.129541864139021 0.129541864139021 0.0900473933649289 0.04739336492891 0.151658767772512 0.0742496050552923
"cheSer" 0.0695102685624013 0.123222748815166 0.0315955766192733 0 0.0442338072669826 0.0489731437598736 0.023696682464455 0.0300157977883096 0.023696682464455 0.116903633491311 0.0695102685624013 0.0647709320695103 0.121642969984202 0.131121642969984 0.0884676145339652 0.0394944707740916 0.146919431279621 0.0679304897314376
"chrPic" 0.0789889415481833 0.129541864139021 0.0505529225908373 0.0442338072669826 0 0.0363349131121643 0.042654028436019 0.0489731437598736 0.0521327014218009 0.131121642969984 0.0505529225908373 0.0410742496050553 0.113744075829384 0.118483412322275 0.0947867298578199 0.0205371248025276 0.134281200631912 0.037914691943128
"cuoAmb" 0.0821484992101106 0.118483412322275 0.0552922590837283 0.0489731437598736 0.0363349131121643 0 0.0252764612954186 0.0505529225908373 0.0568720379146919 0.132701421800948 0.0410742496050553 0.0537124802527646 0.118483412322275 0.123222748815166 0.0947867298578199 0.0252764612954186 0.14218009478673 0.0537124802527646
"cuoMcc" 0.0710900473933649 0.107424960505529 0.033175355450237 0.023696682464455 0.042654028436019 0.0252764612954186 0 0.028436018957346 0.0347551342812006 0.12480252764613 0.0552922590837283 0.0631911532385466 0.126382306477093 0.131121642969984 0.0853080568720379 0.0394944707740916 0.150078988941548 0.0663507109004739
"derCor" 0.0695102685624013 0.123222748815166 0.0221169036334913 0.0300157977883096 0.0489731437598736 0.0505529225908373 0.028436018957346 0 0.037914691943128 0.127962085308057 0.0710900473933649 0.0710900473933649 0.129541864139021 0.127962085308057 0.0947867298578199 0.0458135860979463 0.146919431279621 0.0726698262243286
"derMaw" 0.0710900473933649 0.127962085308057 0.0394944707740916 0.023696682464455 0.0521327014218009 0.0568720379146919 0.0347551342812006 0.037914691943128 0 0.120063191153239 0.0774091627172196 0.0742496050552923 0.126382306477093 0.135860979462875 0.0900473933649289 0.04739336492891 0.146919431279621 0.0758293838862559
"emySub" 0.140600315955766 0.167456556082148 0.131121642969984 0.116903633491311 0.131121642969984 0.132701421800948 0.12480252764613 0.127962085308057 0.120063191153239 0 0.154818325434439 0.143759873617694 0.150078988941548 0.157977883096367 0.156398104265403 0.131121642969984 0.165876777251185 0.154818325434439
"gopAga" 0.0995260663507109 0.132701421800948 0.0742496050552923 0.0695102685624013 0.0505529225908373 0.0410742496050553 0.0552922590837283 0.0710900473933649 0.0774091627172196 0.154818325434439 0 0.0537124802527646 0.11216429699842 0.121642969984202 0.0963665086887836 0.042654028436019 0.145339652448657 0.0552922590837283
"malTer" 0.101105845181675 0.146919431279621 0.0726698262243286 0.0647709320695103 0.0410742496050553 0.0537124802527646 0.0631911532385466 0.0710900473933649 0.0742496050552923 0.143759873617694 0.0537124802527646 0 0.104265402843602 0.120063191153239 0.101105845181675 0.0489731437598736 0.131121642969984 0.04739336492891
"mesTub" 0.131121642969984 0.197472353870458 0.129541864139021 0.121642969984202 0.113744075829384 0.118483412322275 0.126382306477093 0.129541864139021 0.126382306477093 0.150078988941548 0.11216429699842 0.104265402843602 0 0.107424960505529 0.132701421800948 0.102685624012638 0.107424960505529 0.102685624012638
"pelCas" 0.140600315955766 0.202211690363349 0.129541864139021 0.131121642969984 0.118483412322275 0.123222748815166 0.131121642969984 0.127962085308057 0.135860979462875 0.157977883096367 0.121642969984202 0.120063191153239 0.107424960505529 0 0.134281200631912 0.115323854660348 0.123222748815166 0.123222748815166
"pelSin" 0.0900473933649289 0.17693522906793 0.0900473933649289 0.0884676145339652 0.0947867298578199 0.0947867298578199 0.0853080568720379 0.0947867298578199 0.0900473933649289 0.156398104265403 0.0963665086887836 0.101105845181675 0.132701421800948 0.134281200631912 0 0.0947867298578199 0.15955766192733 0.105845181674566
"plaMeg" 0.0805687203791469 0.12480252764613 0.04739336492891 0.0394944707740916 0.0205371248025276 0.0252764612954186 0.0394944707740916 0.0458135860979463 0.04739336492891 0.131121642969984 0.042654028436019 0.0489731437598736 0.102685624012638 0.115323854660348 0.0947867298578199 0 0.134281200631912 0.0347551342812006
"podExp" 0.145339652448657 0.225908372827804 0.151658767772512 0.146919431279621 0.134281200631912 0.14218009478673 0.150078988941548 0.146919431279621 0.146919431279621 0.165876777251185 0.145339652448657 0.131121642969984 0.107424960505529 0.123222748815166 0.15955766192733 0.134281200631912 0 0.132701421800948
"terMex" 0.101105845181675 0.150078988941548 0.0742496050552923 0.0679304897314376 0.037914691943128 0.0537124802527646 0.0663507109004739 0.0726698262243286 0.0758293838862559 0.154818325434439 0.0552922590837283 0.04739336492891 0.102685624012638 0.123222748815166 0.105845181674566 0.0347551342812006 0.132701421800948 0
