"carIns" "cheAbi" "cheMyd" "cheSer" "cuoAmb" "cuoMcc" "derCor" "emySub" "malTer" "mesTub" "pelCas" "pelSin" "plaMeg" "podExp"
"carIns" 0 0.193877551020408 0.355102040816327 0.251020408163265 0.2 0.187755102040816 0.236734693877551 0.210204081632653 0.224489795918367 0.210204081632653 0.216326530612245 0.336734693877551 0.246938775510204 0.23265306122449
"cheAbi" 0.193877551020408 0 0.297959183673469 0.159183673469388 0.0306122448979592 0.0183673469387755 0.159183673469388 0.0693877551020408 0.153061224489796 0.0755102040816327 0.0795918367346939 0.224489795918367 0.179591836734694 0.102040816326531
"cheMyd" 0.355102040816327 0.297959183673469 0 0.326530612244898 0.297959183673469 0.289795918367347 0.26734693877551 0.302040816326531 0.316326530612245 0.308163265306122 0.310204081632653 0.33469387755102 0.336734693877551 0.318367346938775
"cheSer" 0.251020408163265 0.159183673469388 0.326530612244898 0 0.163265306122449 0.155102040816327 0.204081632653061 0.189795918367347 0.177551020408163 0.191836734693878 0.189795918367347 0.324489795918367 0.173469387755102 0.216326530612245
"cuoAmb" 0.2 0.0306122448979592 0.297959183673469 0.163265306122449 0 0.0122448979591837 0.16530612244898 0.0673469387755102 0.157142857142857 0.0693877551020408 0.0755102040816327 0.214285714285714 0.179591836734694 0.0959183673469388
"cuoMcc" 0.187755102040816 0.0183673469387755 0.289795918367347 0.155102040816327 0.0122448979591837 0 0.153061224489796 0.0551020408163265 0.144897959183673 0.0571428571428571 0.063265306122449 0.210204081632653 0.16734693877551 0.0836734693877551
"derCor" 0.236734693877551 0.159183673469388 0.26734693877551 0.204081632653061 0.16530612244898 0.153061224489796 0 0.181632653061225 0.197959183673469 0.177551020408163 0.187755102040816 0.328571428571429 0.181632653061225 0.210204081632653
"emySub" 0.210204081632653 0.0693877551020408 0.302040816326531 0.189795918367347 0.0673469387755102 0.0551020408163265 0.181632653061225 0 0.183673469387755 0.0448979591836735 0.063265306122449 0.214285714285714 0.202040816326531 0.0714285714285714
"malTer" 0.224489795918367 0.153061224489796 0.316326530612245 0.177551020408163 0.157142857142857 0.144897959183673 0.197959183673469 0.183673469387755 0 0.187755102040816 0.185714285714286 0.33265306122449 0.202040816326531 0.212244897959184
"mesTub" 0.210204081632653 0.0755102040816327 0.308163265306122 0.191836734693878 0.0693877551020408 0.0571428571428571 0.177551020408163 0.0448979591836735 0.187755102040816 0 0.0653061224489796 0.222448979591837 0.2 0.0795918367346939
"pelCas" 0.216326530612245 0.0795918367346939 0.310204081632653 0.189795918367347 0.0755102040816327 0.063265306122449 0.187755102040816 0.063265306122449 0.185714285714286 0.0653061224489796 0 0.216326530612245 0.210204081632653 0.0571428571428571
"pelSin" 0.336734693877551 0.224489795918367 0.33469387755102 0.324489795918367 0.214285714285714 0.210204081632653 0.328571428571429 0.214285714285714 0.33265306122449 0.222448979591837 0.216326530612245 0 0.342857142857143 0.238775510204082
"plaMeg" 0.246938775510204 0.179591836734694 0.336734693877551 0.173469387755102 0.179591836734694 0.16734693877551 0.181632653061225 0.202040816326531 0.202040816326531 0.2 0.210204081632653 0.342857142857143 0 0.228571428571429
"podExp" 0.23265306122449 0.102040816326531 0.318367346938775 0.216326530612245 0.0959183673469388 0.0836734693877551 0.210204081632653 0.0714285714285714 0.212244897959184 0.0795918367346939 0.0571428571428571 0.238775510204082 0.228571428571429 0
