"cheAbi" "cheMyd" "derCor" "emySub" "gopAga" "mesTub" "pelCas" "pelSin" "terMex"
"cheAbi" 0 0.0554298642533937 0.0656108597285068 0.0916289592760181 0.0531674208144796 0.0882352941176471 0.263574660633484 0.102941176470588 0.210407239819005
"cheMyd" 0.0554298642533937 0 0.0350678733031674 0.082579185520362 0.0644796380090498 0.082579185520362 0.257918552036199 0.0984162895927602 0.207013574660633
"derCor" 0.0656108597285068 0.0350678733031674 0 0.0927601809954751 0.0735294117647059 0.0882352941176471 0.26131221719457 0.105203619909502 0.21606334841629
"emySub" 0.0916289592760181 0.082579185520362 0.0927601809954751 0 0.101809954751131 0.0509049773755656 0.248868778280543 0.118778280542986 0.23868778280543
"gopAga" 0.0531674208144796 0.0644796380090498 0.0735294117647059 0.101809954751131 0 0.0972850678733032 0.269230769230769 0.106334841628959 0.21606334841629
"mesTub" 0.0882352941176471 0.082579185520362 0.0882352941176471 0.0509049773755656 0.0972850678733032 0 0.247737556561086 0.116515837104072 0.235294117647059
"pelCas" 0.263574660633484 0.257918552036199 0.26131221719457 0.248868778280543 0.269230769230769 0.247737556561086 0 0.263574660633484 0.270361990950226
"pelSin" 0.102941176470588 0.0984162895927602 0.105203619909502 0.118778280542986 0.106334841628959 0.116515837104072 0.263574660633484 0 0.234162895927602
"terMex" 0.210407239819005 0.207013574660633 0.21606334841629 0.23868778280543 0.21606334841629 0.235294117647059 0.270361990950226 0.234162895927602 0
