"carIns" "cheAbi" "cheMyd" "chrPic" "derCor" "emySub" "gopAga" "mesTub" "plaMeg" "podExp" "terMex"
"carIns" 0 0.405405405405405 0.369369369369369 0.382882882882883 0.373873873873874 0.403153153153153 0.484234234234234 0.400900900900901 0.376126126126126 0.418918918918919 0.385135135135135
"cheAbi" 0.405405405405405 0 0.245495495495495 0.238738738738739 0.254504504504505 0.263513513513513 0.371621621621622 0.27027027027027 0.236486486486486 0.29954954954955 0.29954954954955
"cheMyd" 0.369369369369369 0.245495495495495 0 0.0427927927927928 0.0247747747747748 0.0923423423423423 0.162162162162162 0.0833333333333333 0.0315315315315315 0.126126126126126 0.0945945945945946
"chrPic" 0.382882882882883 0.238738738738739 0.0427927927927928 0 0.0518018018018018 0.0990990990990991 0.166666666666667 0.0990990990990991 0.0315315315315315 0.144144144144144 0.0855855855855856
"derCor" 0.373873873873874 0.254504504504505 0.0247747747747748 0.0518018018018018 0 0.105855855855856 0.173423423423423 0.0990990990990991 0.0427927927927928 0.132882882882883 0.108108108108108
"emySub" 0.403153153153153 0.263513513513513 0.0923423423423423 0.0990990990990991 0.105855855855856 0 0.220720720720721 0.0427927927927928 0.0945945945945946 0.0833333333333333 0.146396396396396
"gopAga" 0.484234234234234 0.371621621621622 0.162162162162162 0.166666666666667 0.173423423423423 0.220720720720721 0 0.211711711711712 0.15990990990991 0.238738738738739 0.225225225225225
"mesTub" 0.400900900900901 0.27027027027027 0.0833333333333333 0.0990990990990991 0.0990990990990991 0.0427927927927928 0.211711711711712 0 0.0900900900900901 0.0878378378378378 0.135135135135135
"plaMeg" 0.376126126126126 0.236486486486486 0.0315315315315315 0.0315315315315315 0.0427927927927928 0.0945945945945946 0.15990990990991 0.0900900900900901 0 0.121621621621622 0.0855855855855856
"podExp" 0.418918918918919 0.29954954954955 0.126126126126126 0.144144144144144 0.132882882882883 0.0833333333333333 0.238738738738739 0.0878378378378378 0.121621621621622 0 0.182432432432432
"terMex" 0.385135135135135 0.29954954954955 0.0945945945945946 0.0855855855855856 0.108108108108108 0.146396396396396 0.225225225225225 0.135135135135135 0.0855855855855856 0.182432432432432 0
