"carIns" "cheAbi" "cheMyd" "cheSer" "cuoMcc" "derCor" "derMaw" "emySub" "malTer" "mesTub" "pelCas" "pelSin" "terMex"
"carIns" 0 0.066815144766147 0.089086859688196 0.0690423162583519 0.066815144766147 0.0712694877505568 0.0734966592427617 0.0824053452115813 0.0913140311804009 0.089086859688196 0.102449888641425 0.0645879732739421 0.0757238307349666
"cheAbi" 0.066815144766147 0 0.0512249443207127 0.0334075723830735 0.0200445434298441 0.0311804008908686 0.0378619153674833 0.044543429844098 0.0512249443207127 0.0512249443207127 0.0712694877505568 0.0489977728285078 0.0267260579064588
"cheMyd" 0.089086859688196 0.0512249443207127 0 0.044543429844098 0.0489977728285078 0.0334075723830735 0.0489977728285078 0.066815144766147 0.0512249443207127 0.0734966592427617 0.0868596881959911 0.0645879732739421 0.0423162583518931
"cheSer" 0.0690423162583519 0.0334075723830735 0.044543429844098 0 0.0356347438752784 0.0289532293986637 0.0267260579064588 0.044543429844098 0.0489977728285078 0.0556792873051225 0.0712694877505568 0.0467706013363029 0.0334075723830735
"cuoMcc" 0.066815144766147 0.0200445434298441 0.0489977728285078 0.0356347438752784 0 0.0289532293986637 0.0356347438752784 0.0512249443207127 0.0489977728285078 0.0579064587973274 0.0690423162583519 0.0467706013363029 0.0334075723830735
"derCor" 0.0712694877505568 0.0311804008908686 0.0334075723830735 0.0289532293986637 0.0289532293986637 0 0.0311804008908686 0.044543429844098 0.044543429844098 0.0512249443207127 0.0690423162583519 0.0400890868596882 0.0244988864142539
"derMaw" 0.0734966592427617 0.0378619153674833 0.0489977728285078 0.0267260579064588 0.0356347438752784 0.0311804008908686 0 0.0400890868596882 0.0489977728285078 0.0512249443207127 0.0734966592427617 0.0423162583518931 0.0289532293986637
"emySub" 0.0824053452115813 0.044543429844098 0.066815144766147 0.044543429844098 0.0512249443207127 0.044543429844098 0.0400890868596882 0 0.0712694877505568 0.0200445434298441 0.0645879732739421 0.0556792873051225 0.0423162583518931
"malTer" 0.0913140311804009 0.0512249443207127 0.0512249443207127 0.0489977728285078 0.0489977728285078 0.044543429844098 0.0489977728285078 0.0712694877505568 0 0.0734966592427617 0.0935412026726058 0.0645879732739421 0.0289532293986637
"mesTub" 0.089086859688196 0.0512249443207127 0.0734966592427617 0.0556792873051225 0.0579064587973274 0.0512249443207127 0.0512249443207127 0.0200445434298441 0.0734966592427617 0 0.066815144766147 0.0623608017817372 0.0489977728285078
"pelCas" 0.102449888641425 0.0712694877505568 0.0868596881959911 0.0712694877505568 0.0690423162583519 0.0690423162583519 0.0734966592427617 0.0645879732739421 0.0935412026726058 0.066815144766147 0 0.0824053452115813 0.0779510022271715
"pelSin" 0.0645879732739421 0.0489977728285078 0.0645879732739421 0.0467706013363029 0.0467706013363029 0.0400890868596882 0.0423162583518931 0.0556792873051225 0.0645879732739421 0.0623608017817372 0.0824053452115813 0 0.0489977728285078
"terMex" 0.0757238307349666 0.0267260579064588 0.0423162583518931 0.0334075723830735 0.0334075723830735 0.0244988864142539 0.0289532293986637 0.0423162583518931 0.0289532293986637 0.0489977728285078 0.0779510022271715 0.0489977728285078 0
