"carIns" "cheAbi" "cheMyd" "cheSer" "chrPic" "cuoAmb" "cuoMcc" "derCor" "derMaw" "emySub" "gopAga" "malTer" "mesTub" "pelCas" "pelSin" "plaMeg" "podExp" "terMex"
"carIns" 0 0.0639880952380952 0.12202380952381 0.0758928571428571 0.068452380952381 0.119047619047619 0.0639880952380952 0.0729166666666667 0.0744047619047619 0.0639880952380952 0.0610119047619048 0.126488095238095 0.0744047619047619 0.0714285714285714 0.0580357142857143 0.0639880952380952 0.0758928571428571 0.0699404761904762
"cheAbi" 0.0639880952380952 0 0.0863095238095238 0.0386904761904762 0.0223214285714286 0.0863095238095238 0.0133928571428571 0.0342261904761905 0.037202380952381 0.0416666666666667 0.00744047619047619 0.0818452380952381 0.0476190476190476 0.0461309523809524 0.0491071428571429 0.0223214285714286 0.0446428571428571 0.0297619047619048
"cheMyd" 0.12202380952381 0.0863095238095238 0 0.0922619047619048 0.0863095238095238 0.105654761904762 0.087797619047619 0.0833333333333333 0.0863095238095238 0.0922619047619048 0.0848214285714286 0.144345238095238 0.0982142857142857 0.0982142857142857 0.105654761904762 0.0892857142857143 0.101190476190476 0.087797619047619
"cheSer" 0.0758928571428571 0.0386904761904762 0.0922619047619048 0 0.0401785714285714 0.0982142857142857 0.0342261904761905 0.0386904761904762 0.0342261904761905 0.0401785714285714 0.037202380952381 0.09375 0.0580357142857143 0.0520833333333333 0.056547619047619 0.0327380952380952 0.056547619047619 0.0416666666666667
"chrPic" 0.068452380952381 0.0223214285714286 0.0863095238095238 0.0401785714285714 0 0.09375 0.0238095238095238 0.037202380952381 0.0357142857142857 0.0401785714285714 0.0238095238095238 0.0625 0.0505952380952381 0.0446428571428571 0.0505952380952381 0.0208333333333333 0.0461309523809524 0.0133928571428571
"cuoAmb" 0.119047619047619 0.0863095238095238 0.105654761904762 0.0982142857142857 0.09375 0 0.0758928571428571 0.0967261904761905 0.102678571428571 0.102678571428571 0.0833333333333333 0.150297619047619 0.113095238095238 0.107142857142857 0.111607142857143 0.087797619047619 0.114583333333333 0.0952380952380952
"cuoMcc" 0.0639880952380952 0.0133928571428571 0.087797619047619 0.0342261904761905 0.0238095238095238 0.0758928571428571 0 0.0297619047619048 0.0357142857142857 0.0401785714285714 0.0119047619047619 0.0803571428571429 0.0476190476190476 0.0476190476190476 0.0505952380952381 0.0178571428571429 0.0461309523809524 0.025297619047619
"derCor" 0.0729166666666667 0.0342261904761905 0.0833333333333333 0.0386904761904762 0.037202380952381 0.0967261904761905 0.0297619047619048 0 0.0282738095238095 0.0446428571428571 0.0327380952380952 0.0922619047619048 0.0505952380952381 0.0550595238095238 0.0535714285714286 0.0327380952380952 0.0550595238095238 0.0357142857142857
"derMaw" 0.0744047619047619 0.037202380952381 0.0863095238095238 0.0342261904761905 0.0357142857142857 0.102678571428571 0.0357142857142857 0.0282738095238095 0 0.0416666666666667 0.0357142857142857 0.09375 0.0505952380952381 0.0535714285714286 0.0461309523809524 0.0327380952380952 0.0491071428571429 0.0401785714285714
"emySub" 0.0639880952380952 0.0416666666666667 0.0922619047619048 0.0401785714285714 0.0401785714285714 0.102678571428571 0.0401785714285714 0.0446428571428571 0.0416666666666667 0 0.0401785714285714 0.099702380952381 0.0238095238095238 0.0386904761904762 0.0476190476190476 0.037202380952381 0.0342261904761905 0.0416666666666667
"gopAga" 0.0610119047619048 0.00744047619047619 0.0848214285714286 0.037202380952381 0.0238095238095238 0.0833333333333333 0.0119047619047619 0.0327380952380952 0.0357142857142857 0.0401785714285714 0 0.0833333333333333 0.0461309523809524 0.0446428571428571 0.0505952380952381 0.0193452380952381 0.0431547619047619 0.0267857142857143
"malTer" 0.126488095238095 0.0818452380952381 0.144345238095238 0.09375 0.0625 0.150297619047619 0.0803571428571429 0.0922619047619048 0.09375 0.099702380952381 0.0833333333333333 0 0.110119047619048 0.099702380952381 0.108630952380952 0.0773809523809524 0.104166666666667 0.0699404761904762
"mesTub" 0.0744047619047619 0.0476190476190476 0.0982142857142857 0.0580357142857143 0.0505952380952381 0.113095238095238 0.0476190476190476 0.0505952380952381 0.0505952380952381 0.0238095238095238 0.0461309523809524 0.110119047619048 0 0.0461309523809524 0.0550595238095238 0.0476190476190476 0.0386904761904762 0.0520833333333333
"pelCas" 0.0714285714285714 0.0461309523809524 0.0982142857142857 0.0520833333333333 0.0446428571428571 0.107142857142857 0.0476190476190476 0.0550595238095238 0.0535714285714286 0.0386904761904762 0.0446428571428571 0.099702380952381 0.0461309523809524 0 0.0580357142857143 0.0446428571428571 0.0327380952380952 0.0461309523809524
"pelSin" 0.0580357142857143 0.0491071428571429 0.105654761904762 0.056547619047619 0.0505952380952381 0.111607142857143 0.0505952380952381 0.0535714285714286 0.0461309523809524 0.0476190476190476 0.0505952380952381 0.108630952380952 0.0550595238095238 0.0580357142857143 0 0.0461309523809524 0.0580357142857143 0.0550595238095238
"plaMeg" 0.0639880952380952 0.0223214285714286 0.0892857142857143 0.0327380952380952 0.0208333333333333 0.087797619047619 0.0178571428571429 0.0327380952380952 0.0327380952380952 0.037202380952381 0.0193452380952381 0.0773809523809524 0.0476190476190476 0.0446428571428571 0.0461309523809524 0 0.0446428571428571 0.0193452380952381
"podExp" 0.0758928571428571 0.0446428571428571 0.101190476190476 0.056547619047619 0.0461309523809524 0.114583333333333 0.0461309523809524 0.0550595238095238 0.0491071428571429 0.0342261904761905 0.0431547619047619 0.104166666666667 0.0386904761904762 0.0327380952380952 0.0580357142857143 0.0446428571428571 0 0.0476190476190476
"terMex" 0.0699404761904762 0.0297619047619048 0.087797619047619 0.0416666666666667 0.0133928571428571 0.0952380952380952 0.025297619047619 0.0357142857142857 0.0401785714285714 0.0416666666666667 0.0267857142857143 0.0699404761904762 0.0520833333333333 0.0461309523809524 0.0550595238095238 0.0193452380952381 0.0476190476190476 0
