"carIns" "cheAbi" "cheMyd" "cheSer" "chrPic" "cuoAmb" "cuoMcc" "derCor" "derMaw" "emySub" "gopAga" "malTer" "mesTub" "pelCas" "pelSin" "plaMeg" "podExp" "terMex"
"carIns" 0 0.100929614873838 0.0863213811420983 0.0823373173970783 0.0876494023904383 0.0876494023904383 0.0863213811420983 0.0876494023904383 0.0929614873837981 0.099601593625498 0.0942895086321381 0.0863213811420983 0.104913678618858 0.111553784860558 0.0942895086321381 0.0929614873837981 0.120849933598938 0.0863213811420983
"cheAbi" 0.100929614873838 0 0.0385126162018592 0.0398406374501992 0.0358565737051793 0.0345285524568393 0.0332005312084993 0.0398406374501992 0.0544488711819389 0.0796812749003984 0.0265604249667995 0.0345285524568393 0.0836653386454183 0.0836653386454183 0.100929614873838 0.0424966799468791 0.0916334661354582 0.0345285524568393
"cheMyd" 0.0863213811420983 0.0385126162018592 0 0.0172642762284197 0.0172642762284197 0.0252324037184595 0.0239043824701195 0.0119521912350598 0.0318725099601594 0.0637450199203187 0.0332005312084993 0.0159362549800797 0.0677290836653386 0.0730411686586985 0.0849933598937583 0.0225763612217795 0.0823373173970783 0.0159362549800797
"cheSer" 0.0823373173970783 0.0398406374501992 0.0172642762284197 0 0.0185922974767596 0.0292164674634794 0.0278884462151394 0.0185922974767596 0.0332005312084993 0.0650730411686587 0.0318725099601594 0.0172642762284197 0.0690571049136786 0.0756972111553785 0.0836653386454183 0.0239043824701195 0.0810092961487384 0.0172642762284197
"chrPic" 0.0876494023904383 0.0358565737051793 0.0172642762284197 0.0185922974767596 0 0.0252324037184595 0.0239043824701195 0.0185922974767596 0.0358565737051793 0.0637450199203187 0.0305444887118194 0.00132802124833997 0.0677290836653386 0.0664010624169987 0.0849933598937583 0.0185922974767596 0.0796812749003984 0.00929614873837981
"cuoAmb" 0.0876494023904383 0.0345285524568393 0.0252324037184595 0.0292164674634794 0.0252324037184595 0 0.00664010624169987 0.0265604249667995 0.0424966799468791 0.0690571049136786 0.0292164674634794 0.0239043824701195 0.0743691899070385 0.0770252324037185 0.0849933598937583 0.0318725099601594 0.0903054448871182 0.0239043824701195
"cuoMcc" 0.0863213811420983 0.0332005312084993 0.0239043824701195 0.0278884462151394 0.0239043824701195 0.00664010624169987 0 0.0278884462151394 0.0424966799468791 0.0703851261620186 0.0278884462151394 0.0225763612217795 0.0743691899070385 0.0783532536520584 0.0836653386454183 0.0305444887118194 0.0916334661354582 0.0225763612217795
"derCor" 0.0876494023904383 0.0398406374501992 0.0119521912350598 0.0185922974767596 0.0185922974767596 0.0265604249667995 0.0278884462151394 0 0.0305444887118194 0.0624169986719788 0.0345285524568393 0.0172642762284197 0.0664010624169987 0.0703851261620186 0.0836653386454183 0.0239043824701195 0.0796812749003984 0.0172642762284197
"derMaw" 0.0929614873837981 0.0544488711819389 0.0318725099601594 0.0332005312084993 0.0358565737051793 0.0424966799468791 0.0424966799468791 0.0305444887118194 0 0.0770252324037185 0.049136786188579 0.0345285524568393 0.0836653386454183 0.0876494023904383 0.0916334661354582 0.0358565737051793 0.098273572377158 0.0345285524568393
"emySub" 0.099601593625498 0.0796812749003984 0.0637450199203187 0.0650730411686587 0.0637450199203187 0.0690571049136786 0.0703851261620186 0.0624169986719788 0.0770252324037185 0 0.0717131474103586 0.0624169986719788 0.0358565737051793 0.0664010624169987 0.100929614873838 0.0664010624169987 0.0836653386454183 0.0624169986719788
"gopAga" 0.0942895086321381 0.0265604249667995 0.0332005312084993 0.0318725099601594 0.0305444887118194 0.0292164674634794 0.0278884462151394 0.0345285524568393 0.049136786188579 0.0717131474103586 0 0.0292164674634794 0.0756972111553785 0.0823373173970783 0.0929614873837981 0.0345285524568393 0.0929614873837981 0.0292164674634794
"malTer" 0.0863213811420983 0.0345285524568393 0.0159362549800797 0.0172642762284197 0.00132802124833997 0.0239043824701195 0.0225763612217795 0.0172642762284197 0.0345285524568393 0.0624169986719788 0.0292164674634794 0 0.0664010624169987 0.0650730411686587 0.0836653386454183 0.0172642762284197 0.0783532536520584 0.00796812749003984
"mesTub" 0.104913678618858 0.0836653386454183 0.0677290836653386 0.0690571049136786 0.0677290836653386 0.0743691899070385 0.0743691899070385 0.0664010624169987 0.0836653386454183 0.0358565737051793 0.0756972111553785 0.0664010624169987 0 0.0690571049136786 0.107569721115538 0.0703851261620186 0.0810092961487384 0.0637450199203187
"pelCas" 0.111553784860558 0.0836653386454183 0.0730411686586985 0.0756972111553785 0.0664010624169987 0.0770252324037185 0.0783532536520584 0.0703851261620186 0.0876494023904383 0.0664010624169987 0.0823373173970783 0.0650730411686587 0.0690571049136786 0 0.118193891102258 0.0796812749003984 0.0690571049136786 0.0703851261620186
"pelSin" 0.0942895086321381 0.100929614873838 0.0849933598937583 0.0836653386454183 0.0849933598937583 0.0849933598937583 0.0836653386454183 0.0836653386454183 0.0916334661354582 0.100929614873838 0.0929614873837981 0.0836653386454183 0.107569721115538 0.118193891102258 0 0.0836653386454183 0.128818061088977 0.0836653386454183
"plaMeg" 0.0929614873837981 0.0424966799468791 0.0225763612217795 0.0239043824701195 0.0185922974767596 0.0318725099601594 0.0305444887118194 0.0239043824701195 0.0358565737051793 0.0664010624169987 0.0345285524568393 0.0172642762284197 0.0703851261620186 0.0796812749003984 0.0836653386454183 0 0.0876494023904383 0.0172642762284197
"podExp" 0.120849933598938 0.0916334661354582 0.0823373173970783 0.0810092961487384 0.0796812749003984 0.0903054448871182 0.0916334661354582 0.0796812749003984 0.098273572377158 0.0836653386454183 0.0929614873837981 0.0783532536520584 0.0810092961487384 0.0690571049136786 0.128818061088977 0.0876494023904383 0 0.0810092961487384
"terMex" 0.0863213811420983 0.0345285524568393 0.0159362549800797 0.0172642762284197 0.00929614873837981 0.0239043824701195 0.0225763612217795 0.0172642762284197 0.0345285524568393 0.0624169986719788 0.0292164674634794 0.00796812749003984 0.0637450199203187 0.0703851261620186 0.0836653386454183 0.0172642762284197 0.0810092961487384 0
