"carIns" "cheAbi" "cheMyd" "cheSer" "chrPic" "cuoAmb" "cuoMcc" "derCor" "derMaw" "emySub" "gopAga" "malTer" "mesTub" "pelCas" "pelSin" "plaMeg" "podExp" "terMex"
"carIns" 0 0.0527777777777778 0.0569444444444444 0.0597222222222222 0.0541666666666667 0.05 0.0513888888888889 0.0583333333333333 0.0694444444444444 0.0736111111111111 0.0583333333333333 0.0708333333333333 0.0902777777777778 0.0708333333333333 0.075 0.0555555555555556 0.0875 0.0569444444444444
"cheAbi" 0.0527777777777778 0 0.0333333333333333 0.0416666666666667 0.0236111111111111 0.0236111111111111 0.0236111111111111 0.0375 0.0486111111111111 0.0555555555555556 0.0208333333333333 0.0416666666666667 0.0722222222222222 0.0569444444444444 0.0638888888888889 0.0236111111111111 0.0763888888888889 0.0222222222222222
"cheMyd" 0.0569444444444444 0.0333333333333333 0 0.0222222222222222 0.0263888888888889 0.0236111111111111 0.0277777777777778 0.0125 0.0333333333333333 0.0541666666666667 0.0347222222222222 0.0472222222222222 0.0666666666666667 0.0597222222222222 0.0569444444444444 0.0263888888888889 0.0736111111111111 0.025
"cheSer" 0.0597222222222222 0.0416666666666667 0.0222222222222222 0 0.0347222222222222 0.0319444444444444 0.0333333333333333 0.0263888888888889 0.0388888888888889 0.0597222222222222 0.0430555555555556 0.0527777777777778 0.0763888888888889 0.0611111111111111 0.0652777777777778 0.0347222222222222 0.0847222222222222 0.0319444444444444
"chrPic" 0.0541666666666667 0.0236111111111111 0.0263888888888889 0.0347222222222222 0 0.0138888888888889 0.0152777777777778 0.025 0.0333333333333333 0.0486111111111111 0.0194444444444444 0.0263888888888889 0.0652777777777778 0.0527777777777778 0.0597222222222222 0.0166666666666667 0.075 0.00694444444444444
"cuoAmb" 0.05 0.0236111111111111 0.0236111111111111 0.0319444444444444 0.0138888888888889 0 0.00416666666666667 0.025 0.0333333333333333 0.0486111111111111 0.0194444444444444 0.0347222222222222 0.0611111111111111 0.0513888888888889 0.0555555555555556 0.0138888888888889 0.0722222222222222 0.0152777777777778
"cuoMcc" 0.0513888888888889 0.0236111111111111 0.0277777777777778 0.0333333333333333 0.0152777777777778 0.00416666666666667 0 0.0263888888888889 0.0361111111111111 0.05 0.0208333333333333 0.0347222222222222 0.0638888888888889 0.0527777777777778 0.0569444444444444 0.0152777777777778 0.0763888888888889 0.0166666666666667
"derCor" 0.0583333333333333 0.0375 0.0125 0.0263888888888889 0.025 0.025 0.0263888888888889 0 0.0361111111111111 0.0527777777777778 0.0333333333333333 0.0458333333333333 0.0680555555555555 0.0583333333333333 0.0569444444444444 0.0263888888888889 0.0777777777777778 0.0263888888888889
"derMaw" 0.0694444444444444 0.0486111111111111 0.0333333333333333 0.0388888888888889 0.0333333333333333 0.0333333333333333 0.0361111111111111 0.0361111111111111 0 0.0583333333333333 0.0444444444444444 0.0569444444444444 0.0666666666666667 0.0708333333333333 0.0652777777777778 0.0388888888888889 0.0833333333333333 0.0375
"emySub" 0.0736111111111111 0.0555555555555556 0.0541666666666667 0.0597222222222222 0.0486111111111111 0.0486111111111111 0.05 0.0527777777777778 0.0583333333333333 0 0.0541666666666667 0.0666666666666667 0.0361111111111111 0.0527777777777778 0.0819444444444444 0.0486111111111111 0.0708333333333333 0.0472222222222222
"gopAga" 0.0583333333333333 0.0208333333333333 0.0347222222222222 0.0430555555555556 0.0194444444444444 0.0194444444444444 0.0208333333333333 0.0333333333333333 0.0444444444444444 0.0541666666666667 0 0.0375 0.0736111111111111 0.0583333333333333 0.0666666666666667 0.025 0.0777777777777778 0.0208333333333333
"malTer" 0.0708333333333333 0.0416666666666667 0.0472222222222222 0.0527777777777778 0.0263888888888889 0.0347222222222222 0.0347222222222222 0.0458333333333333 0.0569444444444444 0.0666666666666667 0.0375 0 0.0833333333333333 0.0680555555555555 0.0791666666666667 0.0375 0.0861111111111111 0.0277777777777778
"mesTub" 0.0902777777777778 0.0722222222222222 0.0666666666666667 0.0763888888888889 0.0652777777777778 0.0611111111111111 0.0638888888888889 0.0680555555555555 0.0666666666666667 0.0361111111111111 0.0736111111111111 0.0833333333333333 0 0.0680555555555555 0.0916666666666667 0.0680555555555555 0.0708333333333333 0.0666666666666667
"pelCas" 0.0708333333333333 0.0569444444444444 0.0597222222222222 0.0611111111111111 0.0527777777777778 0.0513888888888889 0.0527777777777778 0.0583333333333333 0.0708333333333333 0.0527777777777778 0.0583333333333333 0.0680555555555555 0.0680555555555555 0 0.0805555555555556 0.05 0.0611111111111111 0.0513888888888889
"pelSin" 0.075 0.0638888888888889 0.0569444444444444 0.0652777777777778 0.0597222222222222 0.0555555555555556 0.0569444444444444 0.0569444444444444 0.0652777777777778 0.0819444444444444 0.0666666666666667 0.0791666666666667 0.0916666666666667 0.0805555555555556 0 0.0555555555555556 0.0944444444444444 0.0611111111111111
"plaMeg" 0.0555555555555556 0.0236111111111111 0.0263888888888889 0.0347222222222222 0.0166666666666667 0.0138888888888889 0.0152777777777778 0.0263888888888889 0.0388888888888889 0.0486111111111111 0.025 0.0375 0.0680555555555555 0.05 0.0555555555555556 0 0.075 0.0152777777777778
"podExp" 0.0875 0.0763888888888889 0.0736111111111111 0.0847222222222222 0.075 0.0722222222222222 0.0763888888888889 0.0777777777777778 0.0833333333333333 0.0708333333333333 0.0777777777777778 0.0861111111111111 0.0708333333333333 0.0611111111111111 0.0944444444444444 0.075 0 0.0763888888888889
"terMex" 0.0569444444444444 0.0222222222222222 0.025 0.0319444444444444 0.00694444444444444 0.0152777777777778 0.0166666666666667 0.0263888888888889 0.0375 0.0472222222222222 0.0208333333333333 0.0277777777777778 0.0666666666666667 0.0513888888888889 0.0611111111111111 0.0152777777777778 0.0763888888888889 0
