"carIns" "cheAbi" "cheSer" "chrPic" "derCor" "derMaw" "emySub" "gopAga" "malTer" "mesTub" "pelCas" "pelSin" "plaMeg" "podExp" "terMex"
"carIns" 0 0.123737373737374 0.114478114478114 0.12037037037037 0.128787878787879 0.137205387205387 0.126262626262626 0.11952861952862 0.128787878787879 0.140572390572391 0.174242424242424 0.217171717171717 0.126262626262626 0.17003367003367 0.117845117845118
"cheAbi" 0.123737373737374 0 0.0412457912457912 0.0328282828282828 0.0488215488215488 0.063973063973064 0.0892255892255892 0.0218855218855219 0.0404040404040404 0.101851851851852 0.135521885521886 0.201178451178451 0.0303030303030303 0.135521885521886 0.0294612794612795
"cheSer" 0.114478114478114 0.0412457912457912 0 0.0353535353535354 0.0446127946127946 0.0488215488215488 0.0833333333333333 0.0378787878787879 0.0429292929292929 0.0976430976430976 0.137205387205387 0.191077441077441 0.0336700336700337 0.140572390572391 0.0286195286195286
"chrPic" 0.12037037037037 0.0328282828282828 0.0353535353535354 0 0.0446127946127946 0.0580808080808081 0.0867003367003367 0.0311447811447811 0.0176767676767677 0.10016835016835 0.13973063973064 0.192760942760943 0.0286195286195286 0.138888888888889 0.0134680134680135
"derCor" 0.128787878787879 0.0488215488215488 0.0446127946127946 0.0446127946127946 0 0.0664983164983165 0.0968013468013468 0.0471380471380471 0.0538720538720539 0.107744107744108 0.147306397306397 0.2003367003367 0.0437710437710438 0.146464646464646 0.0412457912457912
"derMaw" 0.137205387205387 0.063973063973064 0.0488215488215488 0.0580808080808081 0.0664983164983165 0 0.101010101010101 0.0622895622895623 0.0664983164983165 0.115319865319865 0.152356902356902 0.207912457912458 0.0555555555555556 0.154040404040404 0.0538720538720539
"emySub" 0.126262626262626 0.0892255892255892 0.0833333333333333 0.0867003367003367 0.0968013468013468 0.101010101010101 0 0.0867003367003367 0.0917508417508417 0.0664983164983165 0.126262626262626 0.208754208754209 0.0892255892255892 0.127946127946128 0.0833333333333333
"gopAga" 0.11952861952862 0.0218855218855219 0.0378787878787879 0.0311447811447811 0.0471380471380471 0.0622895622895623 0.0867003367003367 0 0.0378787878787879 0.103535353535354 0.137205387205387 0.197811447811448 0.0286195286195286 0.137205387205387 0.0260942760942761
"malTer" 0.128787878787879 0.0404040404040404 0.0429292929292929 0.0176767676767677 0.0538720538720539 0.0664983164983165 0.0917508417508417 0.0378787878787879 0 0.107744107744108 0.138047138047138 0.193602693602694 0.0361952861952862 0.138888888888889 0.021043771043771
"mesTub" 0.140572390572391 0.101851851851852 0.0976430976430976 0.10016835016835 0.107744107744108 0.115319865319865 0.0664983164983165 0.103535353535354 0.107744107744108 0 0.132154882154882 0.220538720538721 0.103535353535354 0.135521885521886 0.095959595959596
"pelCas" 0.174242424242424 0.135521885521886 0.137205387205387 0.13973063973064 0.147306397306397 0.152356902356902 0.126262626262626 0.137205387205387 0.138047138047138 0.132154882154882 0 0.226430976430976 0.143939393939394 0.124579124579125 0.132996632996633
"pelSin" 0.217171717171717 0.201178451178451 0.191077441077441 0.192760942760943 0.2003367003367 0.207912457912458 0.208754208754209 0.197811447811448 0.193602693602694 0.220538720538721 0.226430976430976 0 0.19949494949495 0.241582491582492 0.191919191919192
"plaMeg" 0.126262626262626 0.0303030303030303 0.0336700336700337 0.0286195286195286 0.0437710437710438 0.0555555555555556 0.0892255892255892 0.0286195286195286 0.0361952861952862 0.103535353535354 0.143939393939394 0.19949494949495 0 0.142255892255892 0.0235690235690236
"podExp" 0.17003367003367 0.135521885521886 0.140572390572391 0.138888888888889 0.146464646464646 0.154040404040404 0.127946127946128 0.137205387205387 0.138888888888889 0.135521885521886 0.124579124579125 0.241582491582492 0.142255892255892 0 0.136363636363636
"terMex" 0.117845117845118 0.0294612794612795 0.0286195286195286 0.0134680134680135 0.0412457912457912 0.0538720538720539 0.0833333333333333 0.0260942760942761 0.021043771043771 0.095959595959596 0.132996632996633 0.191919191919192 0.0235690235690236 0.136363636363636 0
