"carIns" "cheAbi" "cheMyd" "chrPic" "cuoAmb" "cuoMcc" "derCor" "derMaw" "emySub" "gopAga" "malTer" "mesTub" "pelCas" "pelSin" "plaMeg" "podExp" "terMex"
"carIns" 0 0.101610904584882 0.0966542750929368 0.0855018587360595 0.0929368029739777 0.0929368029739777 0.0978934324659232 0.1090458488228 0.116480793060719 0.101610904584882 0.0817843866171004 0.190830235439901 0.130111524163569 0.114002478314746 0.0916976456009913 0.138785625774473 0.0855018587360595
"cheAbi" 0.101610904584882 0 0.0421313506815366 0.0384138785625774 0.0322180916976456 0.0285006195786865 0.0433705080545229 0.0619578686493185 0.0978934324659232 0.0272614622057001 0.0371747211895911 0.195786864931846 0.118959107806691 0.0941759603469641 0.0371747211895911 0.116480793060719 0.0384138785625774
"cheMyd" 0.0966542750929368 0.0421313506815366 0 0.0309789343246592 0.0297397769516729 0.0260223048327138 0.0198265179677819 0.0532837670384139 0.0892193308550186 0.0396530359355638 0.0297397769516729 0.18091697645601 0.111524163568773 0.0867410161090458 0.0322180916976456 0.11276332094176 0.0309789343246592
"chrPic" 0.0855018587360595 0.0384138785625774 0.0309789343246592 0 0.0210656753407683 0.0173482032218092 0.033457249070632 0.0532837670384139 0.0793060718711276 0.033457249070632 0.00371747211895911 0.184634448574969 0.101610904584882 0.0855018587360595 0.0185873605947955 0.104089219330855 0.00495662949194548
"cuoAmb" 0.0929368029739777 0.0322180916976456 0.0297397769516729 0.0210656753407683 0 0.0111524163568773 0.0322180916976456 0.047087980173482 0.0855018587360595 0.0272614622057001 0.0198265179677819 0.184634448574969 0.105328376703841 0.0842627013630731 0.0198265179677819 0.110285006195787 0.0185873605947955
"cuoMcc" 0.0929368029739777 0.0285006195786865 0.0260223048327138 0.0173482032218092 0.0111524163568773 0 0.0309789343246592 0.0458488228004957 0.080545229244114 0.0260223048327138 0.0161090458488228 0.179677819083024 0.0978934324659232 0.0817843866171004 0.0161090458488228 0.105328376703841 0.0173482032218092
"derCor" 0.0978934324659232 0.0433705080545229 0.0198265179677819 0.033457249070632 0.0322180916976456 0.0309789343246592 0 0.0557620817843866 0.0929368029739777 0.0396530359355638 0.0322180916976456 0.188351920693928 0.115241635687732 0.0867410161090458 0.0371747211895911 0.116480793060719 0.033457249070632
"derMaw" 0.1090458488228 0.0619578686493185 0.0532837670384139 0.0532837670384139 0.047087980173482 0.0458488228004957 0.0557620817843866 0 0.0966542750929368 0.0520446096654275 0.0520446096654275 0.187112763320942 0.11276332094176 0.101610904584882 0.0495662949194548 0.114002478314746 0.0508054522924411
"emySub" 0.116480793060719 0.0978934324659232 0.0892193308550186 0.0793060718711276 0.0855018587360595 0.080545229244114 0.0929368029739777 0.0966542750929368 0 0.0941759603469641 0.0755885997521685 0.151177199504337 0.070631970260223 0.114002478314746 0.0830235439900867 0.0855018587360595 0.0793060718711276
"gopAga" 0.101610904584882 0.0272614622057001 0.0396530359355638 0.033457249070632 0.0272614622057001 0.0260223048327138 0.0396530359355638 0.0520446096654275 0.0941759603469641 0 0.0322180916976456 0.189591078066914 0.111524163568773 0.090458488228005 0.0322180916976456 0.116480793060719 0.0309789343246592
"malTer" 0.0817843866171004 0.0371747211895911 0.0297397769516729 0.00371747211895911 0.0198265179677819 0.0161090458488228 0.0322180916976456 0.0520446096654275 0.0755885997521685 0.0322180916976456 0 0.18091697645601 0.0978934324659232 0.0842627013630731 0.0173482032218092 0.100371747211896 0.00371747211895911
"mesTub" 0.190830235439901 0.195786864931846 0.18091697645601 0.184634448574969 0.184634448574969 0.179677819083024 0.188351920693928 0.187112763320942 0.151177199504337 0.189591078066914 0.18091697645601 0 0.149938042131351 0.200743494423792 0.18091697645601 0.175960346964064 0.184634448574969
"pelCas" 0.130111524163569 0.118959107806691 0.111524163568773 0.101610904584882 0.105328376703841 0.0978934324659232 0.115241635687732 0.11276332094176 0.070631970260223 0.111524163568773 0.0978934324659232 0.149938042131351 0 0.122676579925651 0.106567534076828 0.0768277571251549 0.101610904584882
"pelSin" 0.114002478314746 0.0941759603469641 0.0867410161090458 0.0855018587360595 0.0842627013630731 0.0817843866171004 0.0867410161090458 0.101610904584882 0.114002478314746 0.090458488228005 0.0842627013630731 0.200743494423792 0.122676579925651 0 0.0879801734820322 0.131350681536555 0.0855018587360595
"plaMeg" 0.0916976456009913 0.0371747211895911 0.0322180916976456 0.0185873605947955 0.0198265179677819 0.0161090458488228 0.0371747211895911 0.0495662949194548 0.0830235439900867 0.0322180916976456 0.0173482032218092 0.18091697645601 0.106567534076828 0.0879801734820322 0 0.1090458488228 0.0161090458488228
"podExp" 0.138785625774473 0.116480793060719 0.11276332094176 0.104089219330855 0.110285006195787 0.105328376703841 0.116480793060719 0.114002478314746 0.0855018587360595 0.116480793060719 0.100371747211896 0.175960346964064 0.0768277571251549 0.131350681536555 0.1090458488228 0 0.104089219330855
"terMex" 0.0855018587360595 0.0384138785625774 0.0309789343246592 0.00495662949194548 0.0185873605947955 0.0173482032218092 0.033457249070632 0.0508054522924411 0.0793060718711276 0.0309789343246592 0.00371747211895911 0.184634448574969 0.101610904584882 0.0855018587360595 0.0161090458488228 0.104089219330855 0
