"carIns" "cheAbi" "cheMyd" "cheSer" "chrPic" "cuoAmb" "cuoMcc" "derMaw" "emySub" "gopAga" "malTer" "mesTub" "pelCas" "pelSin" "plaMeg" "podExp" "terMex"
"carIns" 0 0.0544177881802224 0.0693387946167349 0.0532475131655939 0.0552954944411937 0.0552954944411937 0.053540081919251 0.0596840257460503 0.0590988882387361 0.0558806319485079 0.0985956699824459 0.0728496196606202 0.0690462258630778 0.0649502633118783 0.0473961380924517 0.0699239321240492 0.0523698069046226
"cheAbi" 0.0544177881802224 0 0.0465184318314804 0.0318899941486249 0.0301345816266823 0.023990637799883 0.0196021064950263 0.03744880046811 0.0538326506729081 0.0222352252779403 0.0804564072557051 0.0637799882972499 0.0596840257460503 0.0585137507314219 0.0234055002925688 0.0605617320070216 0.0260386190754827
"cheMyd" 0.0693387946167349 0.0465184318314804 0 0.0277940315974254 0.0280866003510825 0.0307197191339965 0.0409596255119953 0.0351082504388531 0.0602691632533645 0.0342305441778818 0.080163838502048 0.0629022820362785 0.0579286132241077 0.056173200702165 0.040081919251024 0.0570509069631363 0.040081919251024
"cheSer" 0.0532475131655939 0.0318899941486249 0.0277940315974254 0 0.0146284376828555 0.0157987126974839 0.0254534815681685 0.0210649502633119 0.0476887068461088 0.0201872440023406 0.0643651258045641 0.0485664131070802 0.0471035693387946 0.0424224692802809 0.0257460503218256 0.0471035693387946 0.0260386190754827
"chrPic" 0.0552954944411937 0.0301345816266823 0.0280866003510825 0.0146284376828555 0 0.0140433001755413 0.0242832065535401 0.0216500877706261 0.045348156816852 0.018724400234055 0.0547103569338795 0.0500292568753657 0.0456407255705091 0.0433001755412522 0.0225277940315974 0.0465184318314804 0.0178466939730837
"cuoAmb" 0.0552954944411937 0.023990637799883 0.0307197191339965 0.0157987126974839 0.0140433001755413 0 0.013458162668227 0.0222352252779403 0.0471035693387946 0.0122878876535986 0.0649502633118783 0.050906963136337 0.0476887068461088 0.0447630193095377 0.0225277940315974 0.048273844353423 0.0248683440608543
"cuoMcc" 0.053540081919251 0.0196021064950263 0.0409596255119953 0.0254534815681685 0.0242832065535401 0.013458162668227 0 0.0330602691632534 0.0491515506143944 0.0236980690462259 0.0751901696898771 0.0608543007606788 0.0573434757167934 0.0550029256875366 0.0184318314803979 0.0585137507314219 0.0204798127559977
"derMaw" 0.0596840257460503 0.03744880046811 0.0351082504388531 0.0210649502633119 0.0216500877706261 0.0222352252779403 0.0330602691632534 0 0.0506143943826799 0.0257460503218256 0.0702165008777063 0.0529549444119368 0.050906963136337 0.048273844353423 0.0330602691632534 0.0488589818607373 0.0330602691632534
"emySub" 0.0590988882387361 0.0538326506729081 0.0602691632533645 0.0476887068461088 0.045348156816852 0.0471035693387946 0.0491515506143944 0.0506143943826799 0 0.050906963136337 0.0921591574019895 0.0468110005851375 0.0511995318899941 0.0634874195435927 0.0462258630778233 0.0511995318899941 0.0471035693387946
"gopAga" 0.0558806319485079 0.0222352252779403 0.0342305441778818 0.0201872440023406 0.018724400234055 0.0122878876535986 0.0236980690462259 0.0257460503218256 0.050906963136337 0 0.0690462258630778 0.0529549444119368 0.0491515506143944 0.0468110005851375 0.0272088940901112 0.0494441193680515 0.029549444119368
"malTer" 0.0985956699824459 0.0804564072557051 0.080163838502048 0.0643651258045641 0.0547103569338795 0.0649502633118783 0.0751901696898771 0.0702165008777063 0.0921591574019895 0.0690462258630778 0 0.0959625511995319 0.0921591574019895 0.0892334698654184 0.0743124634289058 0.0906963136337039 0.069631363370392
"mesTub" 0.0728496196606202 0.0637799882972499 0.0629022820362785 0.0485664131070802 0.0500292568753657 0.050906963136337 0.0608543007606788 0.0529549444119368 0.0468110005851375 0.0529549444119368 0.0959625511995319 0 0.053540081919251 0.0655354008191925 0.0599765944997074 0.0523698069046226 0.0608543007606788
"pelCas" 0.0690462258630778 0.0596840257460503 0.0579286132241077 0.0471035693387946 0.0456407255705091 0.0476887068461088 0.0573434757167934 0.050906963136337 0.0511995318899941 0.0491515506143944 0.0921591574019895 0.053540081919251 0 0.0605617320070216 0.053540081919251 0.0409596255119953 0.0555880631948508
"pelSin" 0.0649502633118783 0.0585137507314219 0.056173200702165 0.0424224692802809 0.0433001755412522 0.0447630193095377 0.0550029256875366 0.048273844353423 0.0634874195435927 0.0468110005851375 0.0892334698654184 0.0655354008191925 0.0605617320070216 0 0.0541252194265652 0.0620245757753072 0.0541252194265652
"plaMeg" 0.0473961380924517 0.0234055002925688 0.040081919251024 0.0257460503218256 0.0225277940315974 0.0225277940315974 0.0184318314803979 0.0330602691632534 0.0462258630778233 0.0272088940901112 0.0743124634289058 0.0599765944997074 0.053540081919251 0.0541252194265652 0 0.0558806319485079 0.0172615564657695
"podExp" 0.0699239321240492 0.0605617320070216 0.0570509069631363 0.0471035693387946 0.0465184318314804 0.048273844353423 0.0585137507314219 0.0488589818607373 0.0511995318899941 0.0494441193680515 0.0906963136337039 0.0523698069046226 0.0409596255119953 0.0620245757753072 0.0558806319485079 0 0.0576360444704506
"terMex" 0.0523698069046226 0.0260386190754827 0.040081919251024 0.0260386190754827 0.0178466939730837 0.0248683440608543 0.0204798127559977 0.0330602691632534 0.0471035693387946 0.029549444119368 0.069631363370392 0.0608543007606788 0.0555880631948508 0.0541252194265652 0.0172615564657695 0.0576360444704506 0
