"carIns" "cheAbi" "cheMyd" "cheSer" "chrPic" "cuoMcc" "derCor" "derMaw" "emySub" "gopAga" "malTer" "mesTub" "pelCas" "pelSin" "plaMeg" "podExp" "terMex"
"carIns" 0 0.0488798370672098 0.054989816700611 0.0590631364562118 0.0570264765784114 0.0509164969450102 0.0488798370672098 0.065173116089613 0.0590631364562118 0.0509164969450102 0.146639511201629 0.0692464358452139 0.0753564154786151 0.0590631364562118 0.054989816700611 0.0855397148676171 0.054989816700611
"cheAbi" 0.0488798370672098 0 0.0142566191446029 0.0142566191446029 0.0122199592668024 0.00610997963340122 0.0122199592668024 0.0203665987780041 0.0325865580448065 0.00610997963340122 0.109979633401222 0.0386965376782077 0.0325865580448065 0.0366598778004073 0.0142566191446029 0.0468431771894094 0.0142566191446029
"cheMyd" 0.054989816700611 0.0142566191446029 0 0.0203665987780041 0.0142566191446029 0.0162932790224033 0.0142566191446029 0.0264765784114053 0.0427698574338086 0.0162932790224033 0.10183299389002 0.0488798370672098 0.0468431771894094 0.0468431771894094 0.0203665987780041 0.0570264765784114 0.0162932790224033
"cheSer" 0.0590631364562118 0.0142566191446029 0.0203665987780041 0 0.0183299389002037 0.0162932790224033 0.0183299389002037 0.0244399185336049 0.0427698574338086 0.0162932790224033 0.112016293279022 0.0468431771894094 0.0468431771894094 0.0468431771894094 0.0203665987780041 0.0488798370672098 0.0203665987780041
"chrPic" 0.0570264765784114 0.0122199592668024 0.0142566191446029 0.0183299389002037 0 0.0142566191446029 0.0162932790224033 0.0244399185336049 0.0407331975560081 0.0142566191446029 0.10183299389002 0.0468431771894094 0.044806517311609 0.044806517311609 0.0142566191446029 0.054989816700611 0.010183299389002
"cuoMcc" 0.0509164969450102 0.00610997963340122 0.0162932790224033 0.0162932790224033 0.0142566191446029 0 0.0142566191446029 0.0224032586558045 0.0346232179226069 0.00407331975560081 0.107942973523422 0.0407331975560081 0.0386965376782077 0.0386965376782077 0.0162932790224033 0.0488798370672098 0.0162932790224033
"derCor" 0.0488798370672098 0.0122199592668024 0.0142566191446029 0.0183299389002037 0.0162932790224033 0.0142566191446029 0 0.0244399185336049 0.0386965376782077 0.0142566191446029 0.109979633401222 0.044806517311609 0.044806517311609 0.044806517311609 0.0183299389002037 0.054989816700611 0.0142566191446029
"derMaw" 0.065173116089613 0.0203665987780041 0.0264765784114053 0.0244399185336049 0.0244399185336049 0.0224032586558045 0.0244399185336049 0 0.044806517311609 0.0224032586558045 0.122199592668024 0.0509164969450102 0.0488798370672098 0.0509164969450102 0.0264765784114053 0.0529531568228106 0.0264765784114053
"emySub" 0.0590631364562118 0.0325865580448065 0.0427698574338086 0.0427698574338086 0.0407331975560081 0.0346232179226069 0.0386965376782077 0.044806517311609 0 0.0346232179226069 0.138492871690428 0.0224032586558045 0.0509164969450102 0.0570264765784114 0.0386965376782077 0.0570264765784114 0.0427698574338086
"gopAga" 0.0509164969450102 0.00610997963340122 0.0162932790224033 0.0162932790224033 0.0142566191446029 0.00407331975560081 0.0142566191446029 0.0224032586558045 0.0346232179226069 0 0.107942973523422 0.0407331975560081 0.0386965376782077 0.0346232179226069 0.0162932790224033 0.0488798370672098 0.0162932790224033
"malTer" 0.146639511201629 0.109979633401222 0.10183299389002 0.112016293279022 0.10183299389002 0.107942973523422 0.109979633401222 0.122199592668024 0.138492871690428 0.107942973523422 0 0.144602851323829 0.140529531568228 0.138492871690428 0.112016293279022 0.152749490835031 0.103869653767821
"mesTub" 0.0692464358452139 0.0386965376782077 0.0488798370672098 0.0468431771894094 0.0468431771894094 0.0407331975560081 0.044806517311609 0.0509164969450102 0.0224032586558045 0.0407331975560081 0.144602851323829 0 0.0468431771894094 0.0590631364562118 0.0488798370672098 0.0610997963340122 0.0488798370672098
"pelCas" 0.0753564154786151 0.0325865580448065 0.0468431771894094 0.0468431771894094 0.044806517311609 0.0386965376782077 0.044806517311609 0.0488798370672098 0.0509164969450102 0.0386965376782077 0.140529531568228 0.0468431771894094 0 0.0590631364562118 0.0468431771894094 0.044806517311609 0.0468431771894094
"pelSin" 0.0590631364562118 0.0366598778004073 0.0468431771894094 0.0468431771894094 0.044806517311609 0.0386965376782077 0.044806517311609 0.0509164969450102 0.0570264765784114 0.0346232179226069 0.138492871690428 0.0590631364562118 0.0590631364562118 0 0.0427698574338086 0.0733197556008147 0.0427698574338086
"plaMeg" 0.054989816700611 0.0142566191446029 0.0203665987780041 0.0203665987780041 0.0142566191446029 0.0162932790224033 0.0183299389002037 0.0264765784114053 0.0386965376782077 0.0162932790224033 0.112016293279022 0.0488798370672098 0.0468431771894094 0.0427698574338086 0 0.0570264765784114 0.0162932790224033
"podExp" 0.0855397148676171 0.0468431771894094 0.0570264765784114 0.0488798370672098 0.054989816700611 0.0488798370672098 0.054989816700611 0.0529531568228106 0.0570264765784114 0.0488798370672098 0.152749490835031 0.0610997963340122 0.044806517311609 0.0733197556008147 0.0570264765784114 0 0.0570264765784114
"terMex" 0.054989816700611 0.0142566191446029 0.0162932790224033 0.0203665987780041 0.010183299389002 0.0162932790224033 0.0142566191446029 0.0264765784114053 0.0427698574338086 0.0162932790224033 0.103869653767821 0.0488798370672098 0.0468431771894094 0.0427698574338086 0.0162932790224033 0.0570264765784114 0
