"carIns" "cheAbi" "chrPic" "cuoAmb" "cuoMcc" "derCor" "derMaw" "emySub" "gopAga" "malTer" "mesTub" "pelCas" "pelSin" "plaMeg" "podExp"
"carIns" 0 0.0413943355119826 0.0413943355119826 0.0479302832244009 0.0392156862745098 0.0392156862745098 0.0457516339869281 0.0566448801742919 0.0392156862745098 0.0435729847494553 0.0566448801742919 0.0610021786492375 0.148148148148148 0.0392156862745098 0.0610021786492375
"cheAbi" 0.0413943355119826 0 0.00871459694989107 0.0196078431372549 0.0130718954248366 0.0152505446623094 0.0261437908496732 0.037037037037037 0.0108932461873638 0.0108932461873638 0.0392156862745098 0.0435729847494553 0.135076252723312 0.0108932461873638 0.0348583877995643
"chrPic" 0.0413943355119826 0.00871459694989107 0 0.0152505446623094 0.00871459694989107 0.0108932461873638 0.0196078431372549 0.0305010893246187 0.0130718954248366 0.00217864923747277 0.037037037037037 0.037037037037037 0.130718954248366 0.0065359477124183 0.028322440087146
"cuoAmb" 0.0479302832244009 0.0196078431372549 0.0152505446623094 0 0.0108932461873638 0.0152505446623094 0.0261437908496732 0.0392156862745098 0.0196078431372549 0.0130718954248366 0.0457516339869281 0.0457516339869281 0.14161220043573 0.0152505446623094 0.0413943355119826
"cuoMcc" 0.0392156862745098 0.0130718954248366 0.00871459694989107 0.0108932461873638 0 0.00871459694989107 0.0196078431372549 0.037037037037037 0.0130718954248366 0.0065359477124183 0.0392156862745098 0.0435729847494553 0.137254901960784 0.00871459694989107 0.0348583877995643
"derCor" 0.0392156862745098 0.0152505446623094 0.0108932461873638 0.0152505446623094 0.00871459694989107 0 0.0152505446623094 0.0348583877995643 0.0174291938997821 0.00871459694989107 0.0392156862745098 0.0413943355119826 0.135076252723312 0.00871459694989107 0.037037037037037
"derMaw" 0.0457516339869281 0.0261437908496732 0.0196078431372549 0.0261437908496732 0.0196078431372549 0.0152505446623094 0 0.0326797385620915 0.028322440087146 0.0174291938997821 0.037037037037037 0.0392156862745098 0.130718954248366 0.0196078431372549 0.0348583877995643
"emySub" 0.0566448801742919 0.037037037037037 0.0305010893246187 0.0392156862745098 0.037037037037037 0.0348583877995643 0.0326797385620915 0 0.0413943355119826 0.0326797385620915 0.0152505446623094 0.028322440087146 0.143790849673203 0.0348583877995643 0.0217864923747277
"gopAga" 0.0392156862745098 0.0108932461873638 0.0130718954248366 0.0196078431372549 0.0130718954248366 0.0174291938997821 0.028322440087146 0.0413943355119826 0 0.0152505446623094 0.0392156862745098 0.0479302832244009 0.135076252723312 0.0130718954248366 0.0392156862745098
"malTer" 0.0435729847494553 0.0108932461873638 0.00217864923747277 0.0130718954248366 0.0065359477124183 0.00871459694989107 0.0174291938997821 0.0326797385620915 0.0152505446623094 0 0.0392156862745098 0.0392156862745098 0.132897603485839 0.00871459694989107 0.0305010893246187
"mesTub" 0.0566448801742919 0.0392156862745098 0.037037037037037 0.0457516339869281 0.0392156862745098 0.0392156862745098 0.037037037037037 0.0152505446623094 0.0392156862745098 0.0392156862745098 0 0.037037037037037 0.152505446623094 0.0392156862745098 0.028322440087146
"pelCas" 0.0610021786492375 0.0435729847494553 0.037037037037037 0.0457516339869281 0.0435729847494553 0.0413943355119826 0.0392156862745098 0.028322440087146 0.0479302832244009 0.0392156862745098 0.037037037037037 0 0.145969498910675 0.0413943355119826 0.0261437908496732
"pelSin" 0.148148148148148 0.135076252723312 0.130718954248366 0.14161220043573 0.137254901960784 0.135076252723312 0.130718954248366 0.143790849673203 0.135076252723312 0.132897603485839 0.152505446623094 0.145969498910675 0 0.135076252723312 0.150326797385621
"plaMeg" 0.0392156862745098 0.0108932461873638 0.0065359477124183 0.0152505446623094 0.00871459694989107 0.00871459694989107 0.0196078431372549 0.0348583877995643 0.0130718954248366 0.00871459694989107 0.0392156862745098 0.0413943355119826 0.135076252723312 0 0.0326797385620915
"podExp" 0.0610021786492375 0.0348583877995643 0.028322440087146 0.0413943355119826 0.0348583877995643 0.037037037037037 0.0348583877995643 0.0217864923747277 0.0392156862745098 0.0305010893246187 0.028322440087146 0.0261437908496732 0.150326797385621 0.0326797385620915 0
