"carIns" "cheAbi" "cheMyd" "cheSer" "cuoAmb" "cuoMcc" "derMaw" "emySub" "gopAga" "malTer" "mesTub" "pelCas" "pelSin" "plaMeg" "podExp" "terMex"
"carIns" 0 0.0706521739130435 0.0706521739130435 0.0615942028985507 0.072463768115942 0.0706521739130435 0.0579710144927536 0.088768115942029 0.0688405797101449 0.0652173913043478 0.0815217391304348 0.0778985507246377 0.0778985507246377 0.052536231884058 0.088768115942029 0.0579710144927536
"cheAbi" 0.0706521739130435 0 0.0452898550724638 0.036231884057971 0.0289855072463768 0.0344202898550725 0.0326086956521739 0.0597826086956522 0.0199275362318841 0.036231884057971 0.0561594202898551 0.0507246376811594 0.0815217391304348 0.0289855072463768 0.0579710144927536 0.0289855072463768
"cheMyd" 0.0706521739130435 0.0452898550724638 0 0.0416666666666667 0.0489130434782609 0.0543478260869565 0.0380434782608696 0.0742753623188406 0.0471014492753623 0.0344202898550725 0.0706521739130435 0.0652173913043478 0.0851449275362319 0.0307971014492754 0.0797101449275362 0.0307971014492754
"cheSer" 0.0615942028985507 0.036231884057971 0.0416666666666667 0 0.0380434782608696 0.0434782608695652 0.0253623188405797 0.0688405797101449 0.0380434782608696 0.0289855072463768 0.0579710144927536 0.0561594202898551 0.0760869565217391 0.0199275362318841 0.0742753623188406 0.0253623188405797
"cuoAmb" 0.072463768115942 0.0289855072463768 0.0489130434782609 0.0380434782608696 0 0.00905797101449275 0.036231884057971 0.0615942028985507 0.0307971014492754 0.0398550724637681 0.0561594202898551 0.0489130434782609 0.0815217391304348 0.0326086956521739 0.0597826086956522 0.0307971014492754
"cuoMcc" 0.0706521739130435 0.0344202898550725 0.0543478260869565 0.0434782608695652 0.00905797101449275 0 0.0344202898550725 0.0634057971014493 0.036231884057971 0.0416666666666667 0.0597826086956522 0.052536231884058 0.0833333333333333 0.036231884057971 0.0615942028985507 0.0326086956521739
"derMaw" 0.0579710144927536 0.0326086956521739 0.0380434782608696 0.0253623188405797 0.036231884057971 0.0344202898550725 0 0.0597826086956522 0.0344202898550725 0.0235507246376812 0.0543478260869565 0.0471014492753623 0.0688405797101449 0.016304347826087 0.0652173913043478 0.0199275362318841
"emySub" 0.088768115942029 0.0597826086956522 0.0742753623188406 0.0688405797101449 0.0615942028985507 0.0634057971014493 0.0597826086956522 0 0.0579710144927536 0.0688405797101449 0.0344202898550725 0.0452898550724638 0.0978260869565217 0.0597826086956522 0.0597826086956522 0.0615942028985507
"gopAga" 0.0688405797101449 0.0199275362318841 0.0471014492753623 0.0380434782608696 0.0307971014492754 0.036231884057971 0.0344202898550725 0.0579710144927536 0 0.0380434782608696 0.0543478260869565 0.0543478260869565 0.0797101449275362 0.0307971014492754 0.0579710144927536 0.0307971014492754
"malTer" 0.0652173913043478 0.036231884057971 0.0344202898550725 0.0289855072463768 0.0398550724637681 0.0416666666666667 0.0235507246376812 0.0688405797101449 0.0380434782608696 0 0.0615942028985507 0.0561594202898551 0.0760869565217391 0.016304347826087 0.0688405797101449 0.0144927536231884
"mesTub" 0.0815217391304348 0.0561594202898551 0.0706521739130435 0.0579710144927536 0.0561594202898551 0.0597826086956522 0.0543478260869565 0.0344202898550725 0.0543478260869565 0.0615942028985507 0 0.036231884057971 0.0942028985507246 0.052536231884058 0.052536231884058 0.0543478260869565
"pelCas" 0.0778985507246377 0.0507246376811594 0.0652173913043478 0.0561594202898551 0.0489130434782609 0.052536231884058 0.0471014492753623 0.0452898550724638 0.0543478260869565 0.0561594202898551 0.036231884057971 0 0.088768115942029 0.0471014492753623 0.0416666666666667 0.0489130434782609
"pelSin" 0.0778985507246377 0.0815217391304348 0.0851449275362319 0.0760869565217391 0.0815217391304348 0.0833333333333333 0.0688405797101449 0.0978260869565217 0.0797101449275362 0.0760869565217391 0.0942028985507246 0.088768115942029 0 0.0634057971014493 0.101449275362319 0.0688405797101449
"plaMeg" 0.052536231884058 0.0289855072463768 0.0307971014492754 0.0199275362318841 0.0326086956521739 0.036231884057971 0.016304347826087 0.0597826086956522 0.0307971014492754 0.016304347826087 0.052536231884058 0.0471014492753623 0.0634057971014493 0 0.0615942028985507 0.0126811594202899
"podExp" 0.088768115942029 0.0579710144927536 0.0797101449275362 0.0742753623188406 0.0597826086956522 0.0615942028985507 0.0652173913043478 0.0597826086956522 0.0579710144927536 0.0688405797101449 0.052536231884058 0.0416666666666667 0.101449275362319 0.0615942028985507 0 0.0634057971014493
"terMex" 0.0579710144927536 0.0289855072463768 0.0307971014492754 0.0253623188405797 0.0307971014492754 0.0326086956521739 0.0199275362318841 0.0615942028985507 0.0307971014492754 0.0144927536231884 0.0543478260869565 0.0489130434782609 0.0688405797101449 0.0126811594202899 0.0634057971014493 0
