"carIns" "cheAbi" "cheMyd" "cheSer" "chrPic" "cuoAmb" "cuoMcc" "derMaw" "emySub" "gopAga" "malTer" "mesTub" "pelCas" "pelSin" "plaMeg" "podExp" "terMex"
"carIns" 0 0.0766871165644172 0.0705521472392638 0.0705521472392638 0.0674846625766871 0.256134969325153 0.0736196319018405 0.0858895705521472 0.0720858895705521 0.0751533742331288 0.173312883435583 0.093558282208589 0.0644171779141104 0.0904907975460123 0.113496932515337 0.0828220858895705 0.0644171779141104
"cheAbi" 0.0766871165644172 0 0.0414110429447853 0.0352760736196319 0.0276073619631902 0.219325153374233 0.0214723926380368 0.0521472392638037 0.0659509202453988 0.0230061349693252 0.142638036809816 0.0766871165644172 0.0644171779141104 0.0828220858895705 0.0705521472392638 0.0736196319018405 0.0245398773006135
"cheMyd" 0.0705521472392638 0.0414110429447853 0 0.0276073619631902 0.0291411042944785 0.233128834355828 0.0414110429447853 0.0506134969325153 0.0613496932515337 0.0429447852760736 0.142638036809816 0.0705521472392638 0.0598159509202454 0.0690184049079755 0.0751533742331288 0.0690184049079755 0.0230061349693252
"cheSer" 0.0705521472392638 0.0352760736196319 0.0276073619631902 0 0.0230061349693252 0.230061349693252 0.0383435582822086 0.0398773006134969 0.058282208588957 0.0398773006134969 0.134969325153374 0.0690184049079755 0.053680981595092 0.0720858895705521 0.0690184049079755 0.0659509202453988 0.0168711656441718
"chrPic" 0.0674846625766871 0.0276073619631902 0.0291411042944785 0.0230061349693252 0 0.22239263803681 0.0245398773006135 0.0368098159509202 0.0521472392638037 0.0352760736196319 0.127300613496933 0.0628834355828221 0.049079754601227 0.0736196319018405 0.0613496932515337 0.0613496932515337 0.00920245398773006
"cuoAmb" 0.256134969325153 0.219325153374233 0.233128834355828 0.230061349693252 0.22239263803681 0 0.21319018404908 0.242331288343558 0.248466257668712 0.225460122699387 0.345092024539877 0.25920245398773 0.248466257668712 0.25920245398773 0.269938650306748 0.256134969325153 0.22239263803681
"cuoMcc" 0.0736196319018405 0.0214723926380368 0.0414110429447853 0.0383435582822086 0.0245398773006135 0.21319018404908 0 0.0460122699386503 0.0628834355828221 0.0291411042944785 0.139570552147239 0.0705521472392638 0.0613496932515337 0.0828220858895705 0.0674846625766871 0.0705521472392638 0.0245398773006135
"derMaw" 0.0858895705521472 0.0521472392638037 0.0506134969325153 0.0398773006134969 0.0368098159509202 0.242331288343558 0.0460122699386503 0 0.0705521472392638 0.053680981595092 0.150306748466258 0.0782208588957055 0.0659509202453988 0.093558282208589 0.0782208588957055 0.0705521472392638 0.0306748466257669
"emySub" 0.0720858895705521 0.0659509202453988 0.0613496932515337 0.058282208588957 0.0521472392638037 0.248466257668712 0.0628834355828221 0.0705521472392638 0 0.0674846625766871 0.162576687116564 0.0460122699386503 0.058282208588957 0.093558282208589 0.101226993865031 0.0674846625766871 0.049079754601227
"gopAga" 0.0751533742331288 0.0230061349693252 0.0429447852760736 0.0398773006134969 0.0352760736196319 0.225460122699387 0.0291411042944785 0.053680981595092 0.0674846625766871 0 0.148773006134969 0.0782208588957055 0.0659509202453988 0.0889570552147239 0.0782208588957055 0.0690184049079755 0.0322085889570552
"malTer" 0.173312883435583 0.142638036809816 0.142638036809816 0.134969325153374 0.127300613496933 0.345092024539877 0.139570552147239 0.150306748466258 0.162576687116564 0.148773006134969 0 0.171779141104294 0.161042944785276 0.170245398773006 0.179447852760736 0.165644171779141 0.128834355828221
"mesTub" 0.093558282208589 0.0766871165644172 0.0705521472392638 0.0690184049079755 0.0628834355828221 0.25920245398773 0.0705521472392638 0.0782208588957055 0.0460122699386503 0.0782208588957055 0.171779141104294 0 0.0705521472392638 0.105828220858896 0.105828220858896 0.0782208588957055 0.0598159509202454
"pelCas" 0.0644171779141104 0.0644171779141104 0.0598159509202454 0.053680981595092 0.049079754601227 0.248466257668712 0.0613496932515337 0.0659509202453988 0.058282208588957 0.0659509202453988 0.161042944785276 0.0705521472392638 0 0.0904907975460123 0.093558282208589 0.0521472392638037 0.0475460122699387
"pelSin" 0.0904907975460123 0.0828220858895705 0.0690184049079755 0.0720858895705521 0.0736196319018405 0.25920245398773 0.0828220858895705 0.093558282208589 0.093558282208589 0.0889570552147239 0.170245398773006 0.105828220858896 0.0904907975460123 0 0.111963190184049 0.098159509202454 0.0674846625766871
"plaMeg" 0.113496932515337 0.0705521472392638 0.0751533742331288 0.0690184049079755 0.0613496932515337 0.269938650306748 0.0674846625766871 0.0782208588957055 0.101226993865031 0.0782208588957055 0.179447852760736 0.105828220858896 0.093558282208589 0.111963190184049 0 0.105828220858896 0.058282208588957
"podExp" 0.0828220858895705 0.0736196319018405 0.0690184049079755 0.0659509202453988 0.0613496932515337 0.256134969325153 0.0705521472392638 0.0705521472392638 0.0674846625766871 0.0690184049079755 0.165644171779141 0.0782208588957055 0.0521472392638037 0.098159509202454 0.105828220858896 0 0.0567484662576687
"terMex" 0.0644171779141104 0.0245398773006135 0.0230061349693252 0.0168711656441718 0.00920245398773006 0.22239263803681 0.0245398773006135 0.0306748466257669 0.049079754601227 0.0322085889570552 0.128834355828221 0.0598159509202454 0.0475460122699387 0.0674846625766871 0.058282208588957 0.0567484662576687 0
