"carIns" "cheAbi" "cheMyd" "cheSer" "chrPic" "cuoAmb" "cuoMcc" "derCor" "derMaw" "emySub" "gopAga" "malTer" "mesTub" "pelCas" "pelSin" "plaMeg" "podExp" "terMex"
"carIns" 0 0.0883333333333333 0.0916666666666667 0.0983333333333333 0.0783333333333333 0.0883333333333333 0.0883333333333333 0.085 0.113333333333333 0.0966666666666667 0.0916666666666667 0.0783333333333333 0.103333333333333 0.12 0.101666666666667 0.0783333333333333 0.11 0.0916666666666667
"cheAbi" 0.0883333333333333 0 0.0416666666666667 0.0516666666666667 0.035 0.025 0.035 0.04 0.07 0.0666666666666667 0.0283333333333333 0.0316666666666667 0.075 0.101666666666667 0.0866666666666667 0.0333333333333333 0.0833333333333333 0.0316666666666667
"cheMyd" 0.0916666666666667 0.0416666666666667 0 0.04 0.035 0.045 0.0466666666666667 0.0233333333333333 0.055 0.0633333333333333 0.045 0.035 0.0716666666666667 0.0933333333333333 0.085 0.0366666666666667 0.0816666666666667 0.0366666666666667
"cheSer" 0.0983333333333333 0.0516666666666667 0.04 0 0.0383333333333333 0.0566666666666667 0.0583333333333333 0.0433333333333333 0.06 0.0666666666666667 0.0583333333333333 0.0383333333333333 0.075 0.0966666666666667 0.09 0.0366666666666667 0.08 0.0466666666666667
"chrPic" 0.0783333333333333 0.035 0.035 0.0383333333333333 0 0.035 0.04 0.035 0.065 0.055 0.0383333333333333 0.00666666666666667 0.0583333333333333 0.09 0.0816666666666667 0.0183333333333333 0.0816666666666667 0.0233333333333333
"cuoAmb" 0.0883333333333333 0.025 0.045 0.0566666666666667 0.035 0 0.0133333333333333 0.0366666666666667 0.0683333333333333 0.07 0.0266666666666667 0.0316666666666667 0.0783333333333333 0.1 0.09 0.0333333333333333 0.0866666666666667 0.0333333333333333
"cuoMcc" 0.0883333333333333 0.035 0.0466666666666667 0.0583333333333333 0.04 0.0133333333333333 0 0.0383333333333333 0.0733333333333333 0.0733333333333333 0.0366666666666667 0.0366666666666667 0.08 0.0966666666666667 0.0916666666666667 0.0333333333333333 0.0833333333333333 0.0366666666666667
"derCor" 0.085 0.04 0.0233333333333333 0.0433333333333333 0.035 0.0366666666666667 0.0383333333333333 0 0.065 0.0666666666666667 0.045 0.0316666666666667 0.0716666666666667 0.0916666666666667 0.0816666666666667 0.0333333333333333 0.08 0.035
"derMaw" 0.113333333333333 0.07 0.055 0.06 0.065 0.0683333333333333 0.0733333333333333 0.065 0 0.0916666666666667 0.07 0.0616666666666667 0.1 0.116666666666667 0.108333333333333 0.0633333333333333 0.101666666666667 0.0666666666666667
"emySub" 0.0966666666666667 0.0666666666666667 0.0633333333333333 0.0666666666666667 0.055 0.07 0.0733333333333333 0.0666666666666667 0.0916666666666667 0 0.0716666666666667 0.0583333333333333 0.0516666666666667 0.0933333333333333 0.0916666666666667 0.055 0.0883333333333333 0.0683333333333333
"gopAga" 0.0916666666666667 0.0283333333333333 0.045 0.0583333333333333 0.0383333333333333 0.0266666666666667 0.0366666666666667 0.045 0.07 0.0716666666666667 0 0.035 0.075 0.0983333333333333 0.0866666666666667 0.0366666666666667 0.08 0.0366666666666667
"malTer" 0.0783333333333333 0.0316666666666667 0.035 0.0383333333333333 0.00666666666666667 0.0316666666666667 0.0366666666666667 0.0316666666666667 0.0616666666666667 0.0583333333333333 0.035 0 0.0616666666666667 0.095 0.0816666666666667 0.015 0.0833333333333333 0.02
"mesTub" 0.103333333333333 0.075 0.0716666666666667 0.075 0.0583333333333333 0.0783333333333333 0.08 0.0716666666666667 0.1 0.0516666666666667 0.075 0.0616666666666667 0 0.0966666666666667 0.103333333333333 0.0616666666666667 0.0866666666666667 0.07
"pelCas" 0.12 0.101666666666667 0.0933333333333333 0.0966666666666667 0.09 0.1 0.0966666666666667 0.0916666666666667 0.116666666666667 0.0933333333333333 0.0983333333333333 0.095 0.0966666666666667 0 0.126666666666667 0.09 0.0716666666666667 0.103333333333333
"pelSin" 0.101666666666667 0.0866666666666667 0.085 0.09 0.0816666666666667 0.09 0.0916666666666667 0.0816666666666667 0.108333333333333 0.0916666666666667 0.0866666666666667 0.0816666666666667 0.103333333333333 0.126666666666667 0 0.0816666666666667 0.116666666666667 0.0833333333333333
"plaMeg" 0.0783333333333333 0.0333333333333333 0.0366666666666667 0.0366666666666667 0.0183333333333333 0.0333333333333333 0.0333333333333333 0.0333333333333333 0.0633333333333333 0.055 0.0366666666666667 0.015 0.0616666666666667 0.09 0.0816666666666667 0 0.0783333333333333 0.0266666666666667
"podExp" 0.11 0.0833333333333333 0.0816666666666667 0.08 0.0816666666666667 0.0866666666666667 0.0833333333333333 0.08 0.101666666666667 0.0883333333333333 0.08 0.0833333333333333 0.0866666666666667 0.0716666666666667 0.116666666666667 0.0783333333333333 0 0.0866666666666667
"terMex" 0.0916666666666667 0.0316666666666667 0.0366666666666667 0.0466666666666667 0.0233333333333333 0.0333333333333333 0.0366666666666667 0.035 0.0666666666666667 0.0683333333333333 0.0366666666666667 0.02 0.07 0.103333333333333 0.0833333333333333 0.0266666666666667 0.0866666666666667 0
