"cheAbi" "chrPic" "cuoAmb" "cuoMcc" "emySub" "gopAga" "mesTub" "pelCas" "pelSin" "plaMeg" "podExp" "terMex"
"cheAbi" 0 0.0174129353233831 0.13681592039801 0.0199004975124378 0.054726368159204 0.0149253731343284 0.0646766169154229 0.181592039800995 0.0572139303482587 0.0174129353233831 0.0572139303482587 0.0099502487562189
"chrPic" 0.0174129353233831 0 0.144278606965174 0.0223880597014925 0.0522388059701493 0.0174129353233831 0.0621890547263682 0.17910447761194 0.0597014925373134 0.0149253731343284 0.0597014925373134 0.00746268656716418
"cuoAmb" 0.13681592039801 0.144278606965174 0 0.131840796019901 0.164179104477612 0.131840796019901 0.181592039800995 0.206467661691542 0.164179104477612 0.139303482587065 0.169154228855721 0.13681592039801
"cuoMcc" 0.0199004975124378 0.0223880597014925 0.131840796019901 0 0.054726368159204 0.0199004975124378 0.0696517412935323 0.181592039800995 0.0671641791044776 0.0223880597014925 0.0671641791044776 0.0149253731343284
"emySub" 0.054726368159204 0.0522388059701493 0.164179104477612 0.054726368159204 0 0.054726368159204 0.0348258706467662 0.174129353233831 0.0721393034825871 0.0522388059701493 0.0373134328358209 0.0447761194029851
"gopAga" 0.0149253731343284 0.0174129353233831 0.131840796019901 0.0199004975124378 0.054726368159204 0 0.0696517412935323 0.186567164179104 0.0671641791044776 0.0223880597014925 0.0671641791044776 0.0149253731343284
"mesTub" 0.0646766169154229 0.0621890547263682 0.181592039800995 0.0696517412935323 0.0348258706467662 0.0696517412935323 0 0.18407960199005 0.0721393034825871 0.0621890547263682 0.0572139303482587 0.054726368159204
"pelCas" 0.181592039800995 0.17910447761194 0.206467661691542 0.181592039800995 0.174129353233831 0.186567164179104 0.18407960199005 0 0.176616915422886 0.17910447761194 0.161691542288557 0.171641791044776
"pelSin" 0.0572139303482587 0.0597014925373134 0.164179104477612 0.0671641791044776 0.0721393034825871 0.0671641791044776 0.0721393034825871 0.176616915422886 0 0.0597014925373134 0.0696517412935323 0.0522388059701493
"plaMeg" 0.0174129353233831 0.0149253731343284 0.139303482587065 0.0223880597014925 0.0522388059701493 0.0223880597014925 0.0621890547263682 0.17910447761194 0.0597014925373134 0 0.0597014925373134 0.00746268656716418
"podExp" 0.0572139303482587 0.0597014925373134 0.169154228855721 0.0671641791044776 0.0373134328358209 0.0671641791044776 0.0572139303482587 0.161691542288557 0.0696517412935323 0.0597014925373134 0 0.0522388059701493
"terMex" 0.0099502487562189 0.00746268656716418 0.13681592039801 0.0149253731343284 0.0447761194029851 0.0149253731343284 0.054726368159204 0.171641791044776 0.0522388059701493 0.00746268656716418 0.0522388059701493 0
