"carIns" "cheAbi" "cheMyd" "chrPic" "cuoAmb" "cuoMcc" "derCor" "derMaw" "emySub" "gopAga" "malTer" "mesTub" "pelSin" "plaMeg" "podExp" "terMex"
"carIns" 0 0.0967078189300412 0.10082304526749 0.0946502057613169 0.300411522633745 0.0905349794238683 0.10082304526749 0.11522633744856 0.102880658436214 0.0905349794238683 0.0925925925925926 0.104938271604938 0.117283950617284 0.104938271604938 0.133744855967078 0.0987654320987654
"cheAbi" 0.0967078189300412 0 0.0349794238683128 0.0246913580246914 0.259259259259259 0.0185185185185185 0.0349794238683128 0.0473251028806584 0.0781893004115226 0.0185185185185185 0.0226337448559671 0.0823045267489712 0.111111111111111 0.0349794238683128 0.106995884773663 0.0288065843621399
"cheMyd" 0.10082304526749 0.0349794238683128 0 0.0349794238683128 0.273662551440329 0.0329218106995885 0.0164609053497942 0.0493827160493827 0.0802469135802469 0.0411522633744856 0.0329218106995885 0.0864197530864197 0.111111111111111 0.0411522633744856 0.11522633744856 0.0390946502057613
"chrPic" 0.0946502057613169 0.0246913580246914 0.0349794238683128 0 0.259259259259259 0.01440329218107 0.0308641975308642 0.0473251028806584 0.0740740740740741 0.0267489711934156 0.00205761316872428 0.0802469135802469 0.106995884773663 0.0226337448559671 0.104938271604938 0.0123456790123457
"cuoAmb" 0.300411522633745 0.259259259259259 0.273662551440329 0.259259259259259 0 0.246913580246914 0.271604938271605 0.275720164609054 0.286008230452675 0.257201646090535 0.257201646090535 0.290123456790123 0.310699588477366 0.267489711934156 0.308641975308642 0.265432098765432
"cuoMcc" 0.0905349794238683 0.0185185185185185 0.0329218106995885 0.01440329218107 0.246913580246914 0 0.0288065843621399 0.0452674897119342 0.0720164609053498 0.0205761316872428 0.0123456790123457 0.0781893004115226 0.104938271604938 0.0246913580246914 0.0987654320987654 0.0185185185185185
"derCor" 0.10082304526749 0.0349794238683128 0.0164609053497942 0.0308641975308642 0.271604938271605 0.0288065843621399 0 0.0452674897119342 0.0781893004115226 0.037037037037037 0.0288065843621399 0.0843621399176955 0.11522633744856 0.0349794238683128 0.113168724279835 0.0349794238683128
"derMaw" 0.11522633744856 0.0473251028806584 0.0493827160493827 0.0473251028806584 0.275720164609054 0.0452674897119342 0.0452674897119342 0 0.0864197530864197 0.0452674897119342 0.0452674897119342 0.0925925925925926 0.125514403292181 0.0534979423868313 0.117283950617284 0.0493827160493827
"emySub" 0.102880658436214 0.0781893004115226 0.0802469135802469 0.0740740740740741 0.286008230452675 0.0720164609053498 0.0781893004115226 0.0864197530864197 0 0.0720164609053498 0.0720164609053498 0.0205761316872428 0.111111111111111 0.0802469135802469 0.0761316872427984 0.0781893004115226
"gopAga" 0.0905349794238683 0.0185185185185185 0.0411522633744856 0.0267489711934156 0.257201646090535 0.0205761316872428 0.037037037037037 0.0452674897119342 0.0720164609053498 0 0.0246913580246914 0.0781893004115226 0.0967078189300412 0.037037037037037 0.0987654320987654 0.0308641975308642
"malTer" 0.0925925925925926 0.0226337448559671 0.0329218106995885 0.00205761316872428 0.257201646090535 0.0123456790123457 0.0288065843621399 0.0452674897119342 0.0720164609053498 0.0246913580246914 0 0.0781893004115226 0.104938271604938 0.0205761316872428 0.102880658436214 0.0102880658436214
"mesTub" 0.104938271604938 0.0823045267489712 0.0864197530864197 0.0802469135802469 0.290123456790123 0.0781893004115226 0.0843621399176955 0.0925925925925926 0.0205761316872428 0.0781893004115226 0.0781893004115226 0 0.117283950617284 0.0864197530864197 0.0802469135802469 0.0843621399176955
"pelSin" 0.117283950617284 0.111111111111111 0.111111111111111 0.106995884773663 0.310699588477366 0.104938271604938 0.11522633744856 0.125514403292181 0.111111111111111 0.0967078189300412 0.104938271604938 0.117283950617284 0 0.113168724279835 0.139917695473251 0.111111111111111
"plaMeg" 0.104938271604938 0.0349794238683128 0.0411522633744856 0.0226337448559671 0.267489711934156 0.0246913580246914 0.0349794238683128 0.0534979423868313 0.0802469135802469 0.037037037037037 0.0205761316872428 0.0864197530864197 0.113168724279835 0 0.11522633744856 0.0267489711934156
"podExp" 0.133744855967078 0.106995884773663 0.11522633744856 0.104938271604938 0.308641975308642 0.0987654320987654 0.113168724279835 0.117283950617284 0.0761316872427984 0.0987654320987654 0.102880658436214 0.0802469135802469 0.139917695473251 0.11522633744856 0 0.106995884773663
"terMex" 0.0987654320987654 0.0288065843621399 0.0390946502057613 0.0123456790123457 0.265432098765432 0.0185185185185185 0.0349794238683128 0.0493827160493827 0.0781893004115226 0.0308641975308642 0.0102880658436214 0.0843621399176955 0.111111111111111 0.0267489711934156 0.106995884773663 0
