"carIns" "cheAbi" "cheMyd" "cheSer" "chrPic" "cuoAmb" "cuoMcc" "derCor" "emySub" "gopAga" "malTer" "mesTub" "pelCas" "pelSin" "plaMeg" "podExp" "terMex"
"carIns" 0 0.212471131639723 0.240184757505774 0.221709006928406 0.228637413394919 0.254041570438799 0.221709006928406 0.237875288683603 0.228637413394919 0.244803695150115 0.293302540415704 0.25635103926097 0.23094688221709 0.25635103926097 0.219399538106236 0.242494226327945 0.233256351039261
"cheAbi" 0.212471131639723 0 0.0669745958429561 0.0161662817551963 0.0184757505773672 0.110854503464203 0.0092378752886836 0.0739030023094688 0.0484988452655889 0.0646651270207852 0.092378752886836 0.0785219399538106 0.0600461893764434 0.12933025404157 0.0138568129330254 0.10161662817552 0.0577367205542725
"cheMyd" 0.240184757505774 0.0669745958429561 0 0.069284064665127 0.0715935334872979 0.166281755196305 0.0715935334872979 0.0669745958429561 0.0877598152424942 0.0877598152424942 0.150115473441109 0.115473441108545 0.0946882217090069 0.145496535796767 0.0669745958429561 0.117782909930716 0.0762124711316397
"cheSer" 0.221709006928406 0.0161662817551963 0.069284064665127 0 0.0254041570438799 0.122401847575058 0.0207852193995381 0.0762124711316397 0.046189376443418 0.069284064665127 0.0993071593533487 0.0762124711316397 0.0577367205542725 0.140877598152425 0.0161662817551963 0.0946882217090069 0.0646651270207852
"chrPic" 0.228637413394919 0.0184757505773672 0.0715935334872979 0.0254041570438799 0 0.115473441108545 0.0184757505773672 0.0785219399538106 0.0484988452655889 0.0669745958429561 0.0785219399538106 0.0785219399538106 0.0646651270207852 0.131639722863741 0.0184757505773672 0.10161662817552 0.0600461893764434
"cuoAmb" 0.254041570438799 0.110854503464203 0.166281755196305 0.122401847575058 0.115473441108545 0 0.103926096997691 0.175519630484988 0.150115473441109 0.168591224018476 0.189376443418014 0.177829099307159 0.15473441108545 0.221709006928406 0.117782909930716 0.193995381062356 0.157043879907621
"cuoMcc" 0.221709006928406 0.0092378752886836 0.0715935334872979 0.0207852193995381 0.0184757505773672 0.103926096997691 0 0.0785219399538106 0.0484988452655889 0.0646651270207852 0.092378752886836 0.0785219399538106 0.0600461893764434 0.133949191685912 0.0138568129330254 0.10161662817552 0.0577367205542725
"derCor" 0.237875288683603 0.0739030023094688 0.0669745958429561 0.0762124711316397 0.0785219399538106 0.175519630484988 0.0785219399538106 0 0.0946882217090069 0.092378752886836 0.157043879907621 0.117782909930716 0.103926096997691 0.138568129330254 0.0739030023094688 0.122401847575058 0.0785219399538106
"emySub" 0.228637413394919 0.0484988452655889 0.0877598152424942 0.046189376443418 0.0484988452655889 0.150115473441109 0.0484988452655889 0.0946882217090069 0 0.0993071593533487 0.108545034642032 0.0415704387990762 0.0369515011547344 0.150115473441109 0.0392609699769053 0.0762124711316397 0.092378752886836
"gopAga" 0.244803695150115 0.0646651270207852 0.0877598152424942 0.069284064665127 0.0669745958429561 0.168591224018476 0.0646651270207852 0.092378752886836 0.0993071593533487 0 0.131639722863741 0.117782909930716 0.10161662817552 0.143187066974596 0.0646651270207852 0.1270207852194 0.069284064665127
"malTer" 0.293302540415704 0.092378752886836 0.150115473441109 0.0993071593533487 0.0785219399538106 0.189376443418014 0.092378752886836 0.157043879907621 0.108545034642032 0.131639722863741 0 0.140877598152425 0.136258660508083 0.203233256351039 0.092378752886836 0.173210161662818 0.133949191685912
"mesTub" 0.25635103926097 0.0785219399538106 0.115473441108545 0.0762124711316397 0.0785219399538106 0.177829099307159 0.0785219399538106 0.117782909930716 0.0415704387990762 0.117782909930716 0.140877598152425 0 0.069284064665127 0.168591224018476 0.069284064665127 0.106235565819861 0.117782909930716
"pelCas" 0.23094688221709 0.0600461893764434 0.0946882217090069 0.0577367205542725 0.0646651270207852 0.15473441108545 0.0600461893764434 0.103926096997691 0.0369515011547344 0.10161662817552 0.136258660508083 0.069284064665127 0 0.150115473441109 0.0508083140877598 0.0669745958429561 0.10161662817552
"pelSin" 0.25635103926097 0.12933025404157 0.145496535796767 0.140877598152425 0.131639722863741 0.221709006928406 0.133949191685912 0.138568129330254 0.150115473441109 0.143187066974596 0.203233256351039 0.168591224018476 0.150115473441109 0 0.133949191685912 0.175519630484988 0.133949191685912
"plaMeg" 0.219399538106236 0.0138568129330254 0.0669745958429561 0.0161662817551963 0.0184757505773672 0.117782909930716 0.0138568129330254 0.0739030023094688 0.0392609699769053 0.0646651270207852 0.092378752886836 0.069284064665127 0.0508083140877598 0.133949191685912 0 0.092378752886836 0.0577367205542725
"podExp" 0.242494226327945 0.10161662817552 0.117782909930716 0.0946882217090069 0.10161662817552 0.193995381062356 0.10161662817552 0.122401847575058 0.0762124711316397 0.1270207852194 0.173210161662818 0.106235565819861 0.0669745958429561 0.175519630484988 0.092378752886836 0 0.117782909930716
"terMex" 0.233256351039261 0.0577367205542725 0.0762124711316397 0.0646651270207852 0.0600461893764434 0.157043879907621 0.0577367205542725 0.0785219399538106 0.092378752886836 0.069284064665127 0.133949191685912 0.117782909930716 0.10161662817552 0.133949191685912 0.0577367205542725 0.117782909930716 0
