"carIns" "cheAbi" "cheMyd" "cheSer" "chrPic" "cuoAmb" "cuoMcc" "derCor" "derMaw" "emySub" "gopAga" "malTer" "mesTub" "pelCas" "pelSin" "plaMeg" "podExp" "terMex"
"carIns" 0 0.0842824601366743 0.10250569476082 0.107061503416856 0.082004555808656 0.0956719817767654 0.10250569476082 0.209567198177677 0.0979498861047836 0.129840546697039 0.0888382687927107 0.0865603644646925 0.116173120728929 0.123006833712984 0.109339407744875 0.0842824601366743 0.134396355353075 0.0933940774487472
"cheAbi" 0.0842824601366743 0 0.0455580865603645 0.0569476082004556 0.0182232346241458 0.0159453302961276 0.0273348519362187 0.170842824601367 0.0523917995444191 0.0933940774487472 0.00911161731207289 0.0227790432801822 0.100227790432802 0.0797266514806378 0.0797266514806378 0.0296127562642369 0.0797266514806378 0.0250569476082005
"cheMyd" 0.10250569476082 0.0455580865603645 0 0.0728929384965831 0.041002277904328 0.0478359908883827 0.0592255125284738 0.150341685649203 0.0569476082004556 0.100227790432802 0.0455580865603645 0.041002277904328 0.107061503416856 0.082004555808656 0.082004555808656 0.0478359908883827 0.0911161731207289 0.0432801822323462
"cheSer" 0.107061503416856 0.0569476082004556 0.0728929384965831 0 0.0546697038724374 0.0546697038724374 0.0706150341685649 0.189066059225513 0.0660592255125285 0.107061503416856 0.0569476082004556 0.0546697038724374 0.107061503416856 0.0933940774487472 0.0979498861047836 0.0546697038724374 0.100227790432802 0.0523917995444191
"chrPic" 0.082004555808656 0.0182232346241458 0.041002277904328 0.0546697038724374 0 0.0250569476082005 0.0364464692482916 0.16628701594533 0.0478359908883827 0.0888382687927107 0.0182232346241458 0.00455580865603645 0.0956719817767654 0.0751708428246014 0.0751708428246014 0.020501138952164 0.0751708428246014 0.0113895216400911
"cuoAmb" 0.0956719817767654 0.0159453302961276 0.0478359908883827 0.0546697038724374 0.0250569476082005 0 0.020501138952164 0.173120728929385 0.0546697038724374 0.100227790432802 0.0113895216400911 0.0250569476082005 0.0979498861047836 0.0774487471526196 0.0865603644646925 0.0318906605922551 0.0774487471526196 0.0227790432801822
"cuoMcc" 0.10250569476082 0.0273348519362187 0.0592255125284738 0.0706150341685649 0.0364464692482916 0.020501138952164 0 0.175398633257403 0.061503416856492 0.109339407744875 0.0227790432801822 0.0364464692482916 0.107061503416856 0.0888382687927107 0.0933940774487472 0.0387243735763098 0.0933940774487472 0.0387243735763098
"derCor" 0.209567198177677 0.170842824601367 0.150341685649203 0.189066059225513 0.16628701594533 0.173120728929385 0.175398633257403 0 0.173120728929385 0.218678815489749 0.170842824601367 0.161731207289294 0.220956719817768 0.193621867881549 0.20501138952164 0.173120728929385 0.216400911161731 0.168564920273349
"derMaw" 0.0979498861047836 0.0523917995444191 0.0569476082004556 0.0660592255125285 0.0478359908883827 0.0546697038724374 0.061503416856492 0.173120728929385 0 0.116173120728929 0.0523917995444191 0.0478359908883827 0.116173120728929 0.0933940774487472 0.0933940774487472 0.0501138952164009 0.104783599088838 0.0501138952164009
"emySub" 0.129840546697039 0.0933940774487472 0.100227790432802 0.107061503416856 0.0888382687927107 0.100227790432802 0.109339407744875 0.218678815489749 0.116173120728929 0 0.0933940774487472 0.0933940774487472 0.0660592255125285 0.0911161731207289 0.125284738041002 0.10250569476082 0.0888382687927107 0.0933940774487472
"gopAga" 0.0888382687927107 0.00911161731207289 0.0455580865603645 0.0569476082004556 0.0182232346241458 0.0113895216400911 0.0227790432801822 0.170842824601367 0.0523917995444191 0.0933940774487472 0 0.0227790432801822 0.0956719817767654 0.0797266514806378 0.0751708428246014 0.0296127562642369 0.0706150341685649 0.0250569476082005
"malTer" 0.0865603644646925 0.0227790432801822 0.041002277904328 0.0546697038724374 0.00455580865603645 0.0250569476082005 0.0364464692482916 0.161731207289294 0.0478359908883827 0.0933940774487472 0.0227790432801822 0 0.100227790432802 0.0751708428246014 0.0797266514806378 0.020501138952164 0.0797266514806378 0.0113895216400911
"mesTub" 0.116173120728929 0.100227790432802 0.107061503416856 0.107061503416856 0.0956719817767654 0.0979498861047836 0.107061503416856 0.220956719817768 0.116173120728929 0.0660592255125285 0.0956719817767654 0.100227790432802 0 0.0865603644646925 0.132118451025057 0.100227790432802 0.0888382687927107 0.0979498861047836
"pelCas" 0.123006833712984 0.0797266514806378 0.082004555808656 0.0933940774487472 0.0751708428246014 0.0774487471526196 0.0888382687927107 0.193621867881549 0.0933940774487472 0.0911161731207289 0.0797266514806378 0.0751708428246014 0.0865603644646925 0 0.10250569476082 0.0728929384965831 0.0683371298405467 0.0706150341685649
"pelSin" 0.109339407744875 0.0797266514806378 0.082004555808656 0.0979498861047836 0.0751708428246014 0.0865603644646925 0.0933940774487472 0.20501138952164 0.0933940774487472 0.125284738041002 0.0751708428246014 0.0797266514806378 0.132118451025057 0.10250569476082 0 0.0774487471526196 0.0979498861047836 0.0774487471526196
"plaMeg" 0.0842824601366743 0.0296127562642369 0.0478359908883827 0.0546697038724374 0.020501138952164 0.0318906605922551 0.0387243735763098 0.173120728929385 0.0501138952164009 0.10250569476082 0.0296127562642369 0.020501138952164 0.100227790432802 0.0728929384965831 0.0774487471526196 0 0.0865603644646925 0.0227790432801822
"podExp" 0.134396355353075 0.0797266514806378 0.0911161731207289 0.100227790432802 0.0751708428246014 0.0774487471526196 0.0933940774487472 0.216400911161731 0.104783599088838 0.0888382687927107 0.0706150341685649 0.0797266514806378 0.0888382687927107 0.0683371298405467 0.0979498861047836 0.0865603644646925 0 0.0751708428246014
"terMex" 0.0933940774487472 0.0250569476082005 0.0432801822323462 0.0523917995444191 0.0113895216400911 0.0227790432801822 0.0387243735763098 0.168564920273349 0.0501138952164009 0.0933940774487472 0.0250569476082005 0.0113895216400911 0.0979498861047836 0.0706150341685649 0.0774487471526196 0.0227790432801822 0.0751708428246014 0
