"carIns" "cheAbi" "cheMyd" "cheSer" "chrPic" "derCor" "derMaw" "emySub" "gopAga" "malTer" "mesTub" "pelCas" "pelSin" "plaMeg" "terMex"
"carIns" 0 0.0919742237844171 0.0855301698886936 0.0855301698886936 0.0890451083772701 0.0937316930287053 0.101347393087288 0.123022847100176 0.0919742237844171 0.0890451083772701 0.130052724077329 0.135325131810193 0.106619800820152 0.086115992970123 0.0890451083772701
"cheAbi" 0.0919742237844171 0 0.0345635618043351 0.0369068541300527 0.0251903925014646 0.0486233157586409 0.0492091388400703 0.0855301698886936 0.0164030462800234 0.0269478617457528 0.0937316930287053 0.104276508494435 0.0837727006444054 0.0228471001757469 0.0281195079086116
"cheMyd" 0.0855301698886936 0.0345635618043351 0 0.0269478617457528 0.0298769771528998 0.0263620386643234 0.0433509080257762 0.0802577621558289 0.0363210310486233 0.031634446397188 0.0884592852958407 0.100175746924429 0.0785002929115407 0.0281195079086116 0.0322202694786175
"cheSer" 0.0855301698886936 0.0369068541300527 0.0269478617457528 0 0.0322202694786175 0.0351493848857645 0.0404217926186292 0.0820152314001172 0.0380785002929115 0.0339777387229057 0.0878734622144113 0.104276508494435 0.0802577621558289 0.0304628002343292 0.0328060925600469
"chrPic" 0.0890451083772701 0.0251903925014646 0.0298769771528998 0.0322202694786175 0 0.0433509080257762 0.0474516695957821 0.0808435852372583 0.0275336848271822 0.00585823081429408 0.0890451083772701 0.100761570005858 0.0785002929115407 0.0193321616871705 0.0152314001171646
"derCor" 0.0937316930287053 0.0486233157586409 0.0263620386643234 0.0351493848857645 0.0433509080257762 0 0.0527240773286467 0.0919742237844171 0.0497949619214997 0.0421792618629174 0.100761570005858 0.111306385471588 0.0919742237844171 0.0421792618629174 0.0439367311072056
"derMaw" 0.101347393087288 0.0492091388400703 0.0433509080257762 0.0404217926186292 0.0474516695957821 0.0527240773286467 0 0.0954891622729936 0.0527240773286467 0.0480374926772115 0.102519039250146 0.113649677797305 0.0925600468658465 0.0456942003514939 0.0474516695957821
"emySub" 0.123022847100176 0.0855301698886936 0.0802577621558289 0.0820152314001172 0.0808435852372583 0.0919742237844171 0.0954891622729936 0 0.083186877562976 0.0826010544815466 0.0644405389572349 0.0937316930287053 0.112478031634446 0.0796719390743995 0.0826010544815466
"gopAga" 0.0919742237844171 0.0164030462800234 0.0363210310486233 0.0380785002929115 0.0275336848271822 0.0497949619214997 0.0527240773286467 0.083186877562976 0 0.0292911540714704 0.0913884007029877 0.107205623901582 0.0855301698886936 0.0246045694200351 0.0292911540714704
"malTer" 0.0890451083772701 0.0269478617457528 0.031634446397188 0.0339777387229057 0.00585823081429408 0.0421792618629174 0.0480374926772115 0.0826010544815466 0.0292911540714704 0 0.0908025776215583 0.101347393087288 0.0802577621558289 0.0210896309314587 0.0169888693614528
"mesTub" 0.130052724077329 0.0937316930287053 0.0884592852958407 0.0878734622144113 0.0890451083772701 0.100761570005858 0.102519039250146 0.0644405389572349 0.0913884007029877 0.0908025776215583 0 0.101933216168717 0.11892208553017 0.0884592852958407 0.0837727006444054
"pelCas" 0.135325131810193 0.104276508494435 0.100175746924429 0.104276508494435 0.100761570005858 0.111306385471588 0.113649677797305 0.0937316930287053 0.107205623901582 0.101347393087288 0.101933216168717 0 0.132396016403046 0.100761570005858 0.0972466315172818
"pelSin" 0.106619800820152 0.0837727006444054 0.0785002929115407 0.0802577621558289 0.0785002929115407 0.0919742237844171 0.0925600468658465 0.112478031634446 0.0855301698886936 0.0802577621558289 0.11892208553017 0.132396016403046 0 0.0785002929115407 0.0796719390743995
"plaMeg" 0.086115992970123 0.0228471001757469 0.0281195079086116 0.0304628002343292 0.0193321616871705 0.0421792618629174 0.0456942003514939 0.0796719390743995 0.0246045694200351 0.0210896309314587 0.0884592852958407 0.100761570005858 0.0785002929115407 0 0.0216754540128881
"terMex" 0.0890451083772701 0.0281195079086116 0.0322202694786175 0.0328060925600469 0.0152314001171646 0.0439367311072056 0.0474516695957821 0.0826010544815466 0.0292911540714704 0.0169888693614528 0.0837727006444054 0.0972466315172818 0.0796719390743995 0.0216754540128881 0
