"carIns" "cheAbi" "cheMyd" "cheSer" "chrPic" "cuoAmb" "cuoMcc" "derCor" "derMaw" "emySub" "gopAga" "malTer" "mesTub" "pelCas" "pelSin" "plaMeg" "podExp" "terMex"
"carIns" 0 0.0886363636363636 0.218181818181818 0.0909090909090909 0.0886363636363636 0.127272727272727 0.0818181818181818 0.102272727272727 0.109090909090909 0.102272727272727 0.0840909090909091 0.104545454545455 0.245454545454545 0.0954545454545455 0.129545454545455 0.0863636363636364 0.1 0.0863636363636364
"cheAbi" 0.0886363636363636 0 0.193181818181818 0.0772727272727273 0.0181818181818182 0.0590909090909091 0.0113636363636364 0.0863636363636364 0.0818181818181818 0.0431818181818182 0.0136363636363636 0.0772727272727273 0.213636363636364 0.0386363636363636 0.0886363636363636 0.0477272727272727 0.0477272727272727 0.0204545454545455
"cheMyd" 0.218181818181818 0.193181818181818 0 0.202272727272727 0.186363636363636 0.220454545454545 0.190909090909091 0.197727272727273 0.211363636363636 0.215909090909091 0.193181818181818 0.202272727272727 0.227272727272727 0.209090909090909 0.227272727272727 0.197727272727273 0.215909090909091 0.188636363636364
"cheSer" 0.0909090909090909 0.0772727272727273 0.202272727272727 0 0.0659090909090909 0.113636363636364 0.0704545454545455 0.0818181818181818 0.0840909090909091 0.0909090909090909 0.0727272727272727 0.0772727272727273 0.222727272727273 0.0886363636363636 0.120454545454545 0.0704545454545455 0.0931818181818182 0.0681818181818182
"chrPic" 0.0886363636363636 0.0181818181818182 0.186363636363636 0.0659090909090909 0 0.0613636363636364 0.0136363636363636 0.075 0.0840909090909091 0.0409090909090909 0.0159090909090909 0.0613636363636364 0.215909090909091 0.0363636363636364 0.0772727272727273 0.0386363636363636 0.05 0.00681818181818182
"cuoAmb" 0.127272727272727 0.0590909090909091 0.220454545454545 0.113636363636364 0.0613636363636364 0 0.0477272727272727 0.127272727272727 0.127272727272727 0.0909090909090909 0.05 0.122727272727273 0.227272727272727 0.0818181818181818 0.1 0.0954545454545455 0.0840909090909091 0.0636363636363636
"cuoMcc" 0.0818181818181818 0.0113636363636364 0.190909090909091 0.0704545454545455 0.0136363636363636 0.0477272727272727 0 0.0795454545454545 0.0795454545454545 0.0477272727272727 0.00227272727272727 0.075 0.211363636363636 0.0340909090909091 0.0795454545454545 0.0477272727272727 0.0454545454545455 0.0159090909090909
"derCor" 0.102272727272727 0.0863636363636364 0.197727272727273 0.0818181818181818 0.075 0.127272727272727 0.0795454545454545 0 0.0727272727272727 0.104545454545455 0.0818181818181818 0.0727272727272727 0.231818181818182 0.0931818181818182 0.134090909090909 0.0772727272727273 0.102272727272727 0.0772727272727273
"derMaw" 0.109090909090909 0.0818181818181818 0.211363636363636 0.0840909090909091 0.0840909090909091 0.127272727272727 0.0795454545454545 0.0727272727272727 0 0.102272727272727 0.0818181818181818 0.0954545454545455 0.222727272727273 0.1 0.136363636363636 0.0818181818181818 0.109090909090909 0.0863636363636364
"emySub" 0.102272727272727 0.0431818181818182 0.215909090909091 0.0909090909090909 0.0409090909090909 0.0909090909090909 0.0477272727272727 0.104545454545455 0.102272727272727 0 0.05 0.0977272727272727 0.211363636363636 0.0409090909090909 0.0840909090909091 0.0704545454545455 0.0477272727272727 0.0431818181818182
"gopAga" 0.0840909090909091 0.0136363636363636 0.193181818181818 0.0727272727272727 0.0159090909090909 0.05 0.00227272727272727 0.0818181818181818 0.0818181818181818 0.05 0 0.0772727272727273 0.213636363636364 0.0363636363636364 0.0818181818181818 0.05 0.0477272727272727 0.0181818181818182
"malTer" 0.104545454545455 0.0772727272727273 0.202272727272727 0.0772727272727273 0.0613636363636364 0.122727272727273 0.075 0.0727272727272727 0.0954545454545455 0.0977272727272727 0.0772727272727273 0 0.238636363636364 0.0954545454545455 0.134090909090909 0.0636363636363636 0.106818181818182 0.0681818181818182
"mesTub" 0.245454545454545 0.213636363636364 0.227272727272727 0.222727272727273 0.215909090909091 0.227272727272727 0.211363636363636 0.231818181818182 0.222727272727273 0.211363636363636 0.213636363636364 0.238636363636364 0 0.211363636363636 0.231818181818182 0.229545454545455 0.213636363636364 0.213636363636364
"pelCas" 0.0954545454545455 0.0386363636363636 0.209090909090909 0.0886363636363636 0.0363636363636364 0.0818181818181818 0.0340909090909091 0.0931818181818182 0.1 0.0409090909090909 0.0363636363636364 0.0954545454545455 0.211363636363636 0 0.0886363636363636 0.0681818181818182 0.0340909090909091 0.0386363636363636
"pelSin" 0.129545454545455 0.0886363636363636 0.227272727272727 0.120454545454545 0.0772727272727273 0.1 0.0795454545454545 0.134090909090909 0.136363636363636 0.0840909090909091 0.0818181818181818 0.134090909090909 0.231818181818182 0.0886363636363636 0 0.104545454545455 0.0954545454545455 0.0795454545454545
"plaMeg" 0.0863636363636364 0.0477272727272727 0.197727272727273 0.0704545454545455 0.0386363636363636 0.0954545454545455 0.0477272727272727 0.0772727272727273 0.0818181818181818 0.0704545454545455 0.05 0.0636363636363636 0.229545454545455 0.0681818181818182 0.104545454545455 0 0.075 0.0409090909090909
"podExp" 0.1 0.0477272727272727 0.215909090909091 0.0931818181818182 0.05 0.0840909090909091 0.0454545454545455 0.102272727272727 0.109090909090909 0.0477272727272727 0.0477272727272727 0.106818181818182 0.213636363636364 0.0340909090909091 0.0954545454545455 0.075 0 0.0522727272727273
"terMex" 0.0863636363636364 0.0204545454545455 0.188636363636364 0.0681818181818182 0.00681818181818182 0.0636363636363636 0.0159090909090909 0.0772727272727273 0.0863636363636364 0.0431818181818182 0.0181818181818182 0.0681818181818182 0.213636363636364 0.0386363636363636 0.0795454545454545 0.0409090909090909 0.0522727272727273 0
