"carIns" "cheAbi" "cheMyd" "cheSer" "chrPic" "cuoAmb" "cuoMcc" "derCor" "derMaw" "emySub" "gopAga" "malTer" "mesTub" "pelCas" "pelSin" "plaMeg" "podExp" "terMex"
"carIns" 0 0.0833333333333333 0.0772357723577236 0.0752032520325203 0.0934959349593496 0.0833333333333333 0.0833333333333333 0.0772357723577236 0.0995934959349594 0.105691056910569 0.0853658536585366 0.0894308943089431 0.121951219512195 0.117886178861789 0.0833333333333333 0.0792682926829268 0.111788617886179 0.0873983739837398
"cheAbi" 0.0833333333333333 0 0.0467479674796748 0.040650406504065 0.0386178861788618 0.0284552845528455 0.0284552845528455 0.0467479674796748 0.0508130081300813 0.0650406504065041 0.024390243902439 0.0345528455284553 0.0894308943089431 0.0731707317073171 0.056910569105691 0.0284552845528455 0.0609756097560976 0.032520325203252
"cheMyd" 0.0772357723577236 0.0467479674796748 0 0.032520325203252 0.0426829268292683 0.0467479674796748 0.0345528455284553 0.0203252032520325 0.0508130081300813 0.0609756097560976 0.0447154471544715 0.0386178861788618 0.0833333333333333 0.0630081300813008 0.056910569105691 0.0284552845528455 0.0711382113821138 0.0365853658536585
"cheSer" 0.0752032520325203 0.040650406504065 0.032520325203252 0 0.0345528455284553 0.040650406504065 0.0284552845528455 0.0284552845528455 0.0426829268292683 0.0426829268292683 0.0426829268292683 0.0304878048780488 0.0711382113821138 0.0548780487804878 0.0508130081300813 0.0284552845528455 0.0670731707317073 0.032520325203252
"chrPic" 0.0934959349593496 0.0386178861788618 0.0426829268292683 0.0345528455284553 0 0.0426829268292683 0.0304878048780488 0.0426829268292683 0.0467479674796748 0.0508130081300813 0.0365853658536585 0.0040650406504065 0.0792682926829268 0.0650406504065041 0.0670731707317073 0.0142276422764228 0.0731707317073171 0.0142276422764228
"cuoAmb" 0.0833333333333333 0.0284552845528455 0.0467479674796748 0.040650406504065 0.0426829268292683 0 0.0182926829268293 0.0467479674796748 0.0528455284552846 0.0650406504065041 0.032520325203252 0.0386178861788618 0.0894308943089431 0.0731707317073171 0.0650406504065041 0.032520325203252 0.0731707317073171 0.0365853658536585
"cuoMcc" 0.0833333333333333 0.0284552845528455 0.0345528455284553 0.0284552845528455 0.0304878048780488 0.0182926829268293 0 0.0345528455284553 0.0447154471544715 0.0528455284552846 0.0284552845528455 0.0264227642276423 0.0752032520325203 0.0609756097560976 0.0609756097560976 0.0203252032520325 0.0691056910569106 0.024390243902439
"derCor" 0.0772357723577236 0.0467479674796748 0.0203252032520325 0.0284552845528455 0.0426829268292683 0.0467479674796748 0.0345528455284553 0 0.0508130081300813 0.0609756097560976 0.0447154471544715 0.0386178861788618 0.0853658536585366 0.0630081300813008 0.056910569105691 0.032520325203252 0.0711382113821138 0.0365853658536585
"derMaw" 0.0995934959349594 0.0508130081300813 0.0508130081300813 0.0426829268292683 0.0467479674796748 0.0528455284552846 0.0447154471544715 0.0508130081300813 0 0.056910569105691 0.0508130081300813 0.0426829268292683 0.0833333333333333 0.0609756097560976 0.0630081300813008 0.0386178861788618 0.0670731707317073 0.0426829268292683
"emySub" 0.105691056910569 0.0650406504065041 0.0609756097560976 0.0426829268292683 0.0508130081300813 0.0650406504065041 0.0528455284552846 0.0609756097560976 0.056910569105691 0 0.0650406504065041 0.0548780487804878 0.0467479674796748 0.0467479674796748 0.0752032520325203 0.0528455284552846 0.0589430894308943 0.056910569105691
"gopAga" 0.0853658536585366 0.024390243902439 0.0447154471544715 0.0426829268292683 0.0365853658536585 0.032520325203252 0.0284552845528455 0.0447154471544715 0.0508130081300813 0.0650406504065041 0 0.0345528455284553 0.0894308943089431 0.0711382113821138 0.0630081300813008 0.0284552845528455 0.0589430894308943 0.032520325203252
"malTer" 0.0894308943089431 0.0345528455284553 0.0386178861788618 0.0304878048780488 0.0040650406504065 0.0386178861788618 0.0264227642276423 0.0386178861788618 0.0426829268292683 0.0548780487804878 0.0345528455284553 0 0.0833333333333333 0.0650406504065041 0.0630081300813008 0.0101626016260163 0.0731707317073171 0.0101626016260163
"mesTub" 0.121951219512195 0.0894308943089431 0.0833333333333333 0.0711382113821138 0.0792682926829268 0.0894308943089431 0.0752032520325203 0.0853658536585366 0.0833333333333333 0.0467479674796748 0.0894308943089431 0.0833333333333333 0 0.0711382113821138 0.0975609756097561 0.0772357723577236 0.0813008130081301 0.0813008130081301
"pelCas" 0.117886178861789 0.0731707317073171 0.0630081300813008 0.0548780487804878 0.0650406504065041 0.0731707317073171 0.0609756097560976 0.0630081300813008 0.0609756097560976 0.0467479674796748 0.0711382113821138 0.0650406504065041 0.0711382113821138 0 0.0752032520325203 0.0589430894308943 0.0467479674796748 0.0630081300813008
"pelSin" 0.0833333333333333 0.056910569105691 0.056910569105691 0.0508130081300813 0.0670731707317073 0.0650406504065041 0.0609756097560976 0.056910569105691 0.0630081300813008 0.0752032520325203 0.0630081300813008 0.0630081300813008 0.0975609756097561 0.0752032520325203 0 0.0528455284552846 0.0691056910569106 0.0609756097560976
"plaMeg" 0.0792682926829268 0.0284552845528455 0.0284552845528455 0.0284552845528455 0.0142276422764228 0.032520325203252 0.0203252032520325 0.032520325203252 0.0386178861788618 0.0528455284552846 0.0284552845528455 0.0101626016260163 0.0772357723577236 0.0589430894308943 0.0528455284552846 0 0.0670731707317073 0.00813008130081301
"podExp" 0.111788617886179 0.0609756097560976 0.0711382113821138 0.0670731707317073 0.0731707317073171 0.0731707317073171 0.0691056910569106 0.0711382113821138 0.0670731707317073 0.0589430894308943 0.0589430894308943 0.0731707317073171 0.0813008130081301 0.0467479674796748 0.0691056910569106 0.0670731707317073 0 0.0711382113821138
"terMex" 0.0873983739837398 0.032520325203252 0.0365853658536585 0.032520325203252 0.0142276422764228 0.0365853658536585 0.024390243902439 0.0365853658536585 0.0426829268292683 0.056910569105691 0.032520325203252 0.0101626016260163 0.0813008130081301 0.0630081300813008 0.0609756097560976 0.00813008130081301 0.0711382113821138 0
