"carIns" "cheAbi" "cheMyd" "cheSer" "chrPic" "cuoMcc" "derCor" "derMaw" "emySub" "gopAga" "malTer" "mesTub" "pelCas" "pelSin" "plaMeg" "podExp"
"carIns" 0 0.0594315245478036 0.126614987080103 0.062015503875969 0.0671834625322997 0.0542635658914729 0.0568475452196382 0.0516795865633075 0.0671834625322997 0.062015503875969 0.0749354005167959 0.062015503875969 0.0749354005167959 0.0490956072351421 0.0594315245478036 0.062015503875969
"cheAbi" 0.0594315245478036 0 0.113695090439276 0.0439276485788114 0.020671834625323 0.00516795865633075 0.0361757105943152 0.0361757105943152 0.0490956072351421 0.00775193798449612 0.0310077519379845 0.0516795865633075 0.0749354005167959 0.0439276485788114 0.0103359173126615 0.0542635658914729
"cheMyd" 0.126614987080103 0.113695090439276 0 0.111111111111111 0.113695090439276 0.108527131782946 0.0904392764857881 0.103359173126615 0.126614987080103 0.116279069767442 0.118863049095607 0.118863049095607 0.147286821705426 0.121447028423773 0.108527131782946 0.126614987080103
"cheSer" 0.062015503875969 0.0439276485788114 0.111111111111111 0 0.0439276485788114 0.0387596899224806 0.0335917312661499 0.0387596899224806 0.0465116279069767 0.0465116279069767 0.0465116279069767 0.0490956072351421 0.0671834625322997 0.0516795865633075 0.0335917312661499 0.0465116279069767
"chrPic" 0.0671834625322997 0.020671834625323 0.113695090439276 0.0439276485788114 0 0.0155038759689922 0.0387596899224806 0.041343669250646 0.0516795865633075 0.0232558139534884 0.0180878552971576 0.0542635658914729 0.0775193798449612 0.0490956072351421 0.0129198966408269 0.0568475452196382
"cuoMcc" 0.0542635658914729 0.00516795865633075 0.108527131782946 0.0387596899224806 0.0155038759689922 0 0.0310077519379845 0.0310077519379845 0.0439276485788114 0.00775193798449612 0.0258397932816537 0.0465116279069767 0.0697674418604651 0.0387596899224806 0.00516795865633075 0.0490956072351421
"derCor" 0.0568475452196382 0.0361757105943152 0.0904392764857881 0.0335917312661499 0.0387596899224806 0.0310077519379845 0 0.0258397932816537 0.0439276485788114 0.0387596899224806 0.0465116279069767 0.041343669250646 0.0671834625322997 0.0439276485788114 0.0310077519379845 0.0490956072351421
"derMaw" 0.0516795865633075 0.0361757105943152 0.103359173126615 0.0387596899224806 0.041343669250646 0.0310077519379845 0.0258397932816537 0 0.041343669250646 0.0387596899224806 0.0490956072351421 0.0335917312661499 0.0671834625322997 0.0361757105943152 0.0335917312661499 0.0465116279069767
"emySub" 0.0671834625322997 0.0490956072351421 0.126614987080103 0.0465116279069767 0.0516795865633075 0.0439276485788114 0.0439276485788114 0.041343669250646 0 0.0516795865633075 0.0542635658914729 0.0284237726098191 0.0490956072351421 0.0490956072351421 0.0439276485788114 0.0361757105943152
"gopAga" 0.062015503875969 0.00775193798449612 0.116279069767442 0.0465116279069767 0.0232558139534884 0.00775193798449612 0.0387596899224806 0.0387596899224806 0.0516795865633075 0 0.0335917312661499 0.0542635658914729 0.0775193798449612 0.0465116279069767 0.0129198966408269 0.0516795865633075
"malTer" 0.0749354005167959 0.0310077519379845 0.118863049095607 0.0465116279069767 0.0180878552971576 0.0258397932816537 0.0465116279069767 0.0490956072351421 0.0542635658914729 0.0335917312661499 0 0.0568475452196382 0.0801033591731266 0.0594315245478036 0.0232558139534884 0.0594315245478036
"mesTub" 0.062015503875969 0.0516795865633075 0.118863049095607 0.0490956072351421 0.0542635658914729 0.0465116279069767 0.041343669250646 0.0335917312661499 0.0284237726098191 0.0542635658914729 0.0568475452196382 0 0.0594315245478036 0.0465116279069767 0.0465116279069767 0.0387596899224806
"pelCas" 0.0749354005167959 0.0749354005167959 0.147286821705426 0.0671834625322997 0.0775193798449612 0.0697674418604651 0.0671834625322997 0.0671834625322997 0.0490956072351421 0.0775193798449612 0.0801033591731266 0.0594315245478036 0 0.062015503875969 0.0697674418604651 0.0490956072351421
"pelSin" 0.0490956072351421 0.0439276485788114 0.121447028423773 0.0516795865633075 0.0490956072351421 0.0387596899224806 0.0439276485788114 0.0361757105943152 0.0490956072351421 0.0465116279069767 0.0594315245478036 0.0465116279069767 0.062015503875969 0 0.0387596899224806 0.0490956072351421
"plaMeg" 0.0594315245478036 0.0103359173126615 0.108527131782946 0.0335917312661499 0.0129198966408269 0.00516795865633075 0.0310077519379845 0.0335917312661499 0.0439276485788114 0.0129198966408269 0.0232558139534884 0.0465116279069767 0.0697674418604651 0.0387596899224806 0 0.0490956072351421
"podExp" 0.062015503875969 0.0542635658914729 0.126614987080103 0.0465116279069767 0.0568475452196382 0.0490956072351421 0.0490956072351421 0.0465116279069767 0.0361757105943152 0.0516795865633075 0.0594315245478036 0.0387596899224806 0.0490956072351421 0.0490956072351421 0.0490956072351421 0
