"cheAbi" "cheMyd" "cheSer" "chrPic" "cuoAmb" "cuoMcc" "derCor" "derMaw" "emySub" "malTer" "mesTub" "pelCas" "pelSin" "plaMeg" "podExp" "terMex"
"cheAbi" 0 0.212624584717608 0.0199335548172757 0.026578073089701 0 0.00332225913621262 0.156146179401993 0.0299003322259136 0.0863787375415282 0.0299003322259136 0.0465116279069767 0.166112956810631 0.053156146179402 0.00664451827242525 0.0830564784053156 0.00664451827242525
"cheMyd" 0.212624584717608 0 0.212624584717608 0.222591362126246 0.212624584717608 0.209302325581395 0.196013289036545 0.225913621262458 0.259136212624585 0.225913621262458 0.239202657807309 0.232558139534884 0.219269102990033 0.205980066445183 0.245847176079734 0.205980066445183
"cheSer" 0.0199335548172757 0.212624584717608 0 0.0332225913621262 0.0199335548172757 0.0232558139534884 0.156146179401993 0.0365448504983389 0.0963455149501661 0.0365448504983389 0.0564784053156146 0.169435215946844 0.0598006644518272 0.0132890365448505 0.0930232558139535 0.0132890365448505
"chrPic" 0.026578073089701 0.222591362126246 0.0332225913621262 0 0.026578073089701 0.0299003322259136 0.169435215946844 0.0431893687707641 0.102990033222591 0.0166112956810631 0.0631229235880399 0.182724252491694 0.0598006644518272 0.0199335548172757 0.0996677740863787 0.0199335548172757
"cuoAmb" 0 0.212624584717608 0.0199335548172757 0.026578073089701 0 0.00332225913621262 0.156146179401993 0.0299003322259136 0.0863787375415282 0.0299003322259136 0.0465116279069767 0.166112956810631 0.053156146179402 0.00664451827242525 0.0830564784053156 0.00664451827242525
"cuoMcc" 0.00332225913621262 0.209302325581395 0.0232558139534884 0.0299003322259136 0.00332225913621262 0 0.152823920265781 0.0332225913621262 0.0897009966777409 0.0332225913621262 0.0498338870431894 0.166112956810631 0.0564784053156146 0.00996677740863787 0.0830564784053156 0.00996677740863787
"derCor" 0.156146179401993 0.196013289036545 0.156146179401993 0.169435215946844 0.156146179401993 0.152823920265781 0 0.169435215946844 0.215946843853821 0.169435215946844 0.179401993355482 0.20265780730897 0.176079734219269 0.149501661129568 0.205980066445183 0.149501661129568
"derMaw" 0.0299003322259136 0.225913621262458 0.0365448504983389 0.0431893687707641 0.0299003322259136 0.0332225913621262 0.169435215946844 0 0.106312292358804 0.0465116279069767 0.0664451827242525 0.186046511627907 0.0697674418604651 0.0232558139534884 0.102990033222591 0.0232558139534884
"emySub" 0.0863787375415282 0.259136212624585 0.0963455149501661 0.102990033222591 0.0863787375415282 0.0897009966777409 0.215946843853821 0.106312292358804 0 0.0996677740863787 0.0730897009966777 0.20265780730897 0.0963455149501661 0.0830564784053156 0.102990033222591 0.0830564784053156
"malTer" 0.0299003322259136 0.225913621262458 0.0365448504983389 0.0166112956810631 0.0299003322259136 0.0332225913621262 0.169435215946844 0.0465116279069767 0.0996677740863787 0 0.0664451827242525 0.172757475083056 0.0631229235880399 0.0232558139534884 0.0963455149501661 0.0232558139534884
"mesTub" 0.0465116279069767 0.239202657807309 0.0564784053156146 0.0631229235880399 0.0465116279069767 0.0498338870431894 0.179401993355482 0.0664451827242525 0.0730897009966777 0.0664451827242525 0 0.172757475083056 0.0631229235880399 0.0431893687707641 0.0764119601328904 0.0431893687707641
"pelCas" 0.166112956810631 0.232558139534884 0.169435215946844 0.182724252491694 0.166112956810631 0.166112956810631 0.20265780730897 0.186046511627907 0.20265780730897 0.172757475083056 0.172757475083056 0 0.176079734219269 0.162790697674419 0.186046511627907 0.162790697674419
"pelSin" 0.053156146179402 0.219269102990033 0.0598006644518272 0.0598006644518272 0.053156146179402 0.0564784053156146 0.176079734219269 0.0697674418604651 0.0963455149501661 0.0631229235880399 0.0631229235880399 0.176079734219269 0 0.0465116279069767 0.0930232558139535 0.0465116279069767
"plaMeg" 0.00664451827242525 0.205980066445183 0.0132890365448505 0.0199335548172757 0.00664451827242525 0.00996677740863787 0.149501661129568 0.0232558139534884 0.0830564784053156 0.0232558139534884 0.0431893687707641 0.162790697674419 0.0465116279069767 0 0.079734219269103 0
"podExp" 0.0830564784053156 0.245847176079734 0.0930232558139535 0.0996677740863787 0.0830564784053156 0.0830564784053156 0.205980066445183 0.102990033222591 0.102990033222591 0.0963455149501661 0.0764119601328904 0.186046511627907 0.0930232558139535 0.079734219269103 0 0.079734219269103
"terMex" 0.00664451827242525 0.205980066445183 0.0132890365448505 0.0199335548172757 0.00664451827242525 0.00996677740863787 0.149501661129568 0.0232558139534884 0.0830564784053156 0.0232558139534884 0.0431893687707641 0.162790697674419 0.0465116279069767 0 0.079734219269103 0
