"carIns" "cheAbi" "cheMyd" "cheSer" "chrPic" "cuoAmb" "cuoMcc" "derCor" "derMaw" "emySub" "gopAga" "malTer" "mesTub" "pelCas" "pelSin" "plaMeg" "podExp" "terMex"
"carIns" 0 0.197771587743733 0.172701949860724 0.181058495821727 0.18941504178273 0.186629526462396 0.197771587743733 0.175487465181058 0.183844011142061 0.181058495821727 0.197771587743733 0.192200557103064 0.200557103064067 0.214484679665738 0.18941504178273 0.186629526462396 0.20891364902507 0.183844011142061
"cheAbi" 0.197771587743733 0 0.064066852367688 0.0668523676880223 0.0612813370473538 0.0445682451253482 0.0501392757660167 0.0696378830083565 0.0668523676880223 0.0919220055710306 0.0389972144846797 0.0612813370473538 0.105849582172702 0.0974930362116992 0.114206128133705 0.0389972144846797 0.11142061281337 0.052924791086351
"cheMyd" 0.172701949860724 0.064066852367688 0 0.0334261838440111 0.0362116991643454 0.0362116991643454 0.0473537604456825 0.0167130919220056 0.0306406685236769 0.0557103064066852 0.052924791086351 0.0389972144846797 0.0696378830083565 0.0668523676880223 0.0807799442896936 0.0250696378830084 0.0807799442896936 0.0278551532033426
"cheSer" 0.181058495821727 0.0668523676880223 0.0334261838440111 0 0.052924791086351 0.0473537604456825 0.0584958217270195 0.0445682451253482 0.0417827298050139 0.0584958217270195 0.0557103064066852 0.0501392757660167 0.0807799442896936 0.0752089136490251 0.0919220055710306 0.0417827298050139 0.0947075208913649 0.0445682451253482
"chrPic" 0.18941504178273 0.0612813370473538 0.0362116991643454 0.052924791086351 0 0.0445682451253482 0.0445682451253482 0.0417827298050139 0.0473537604456825 0.0584958217270195 0.0557103064066852 0.00278551532033426 0.0668523676880223 0.0807799442896936 0.0891364902506964 0.0334261838440111 0.0974930362116992 0.00835654596100279
"cuoAmb" 0.186629526462396 0.0445682451253482 0.0362116991643454 0.0473537604456825 0.0445682451253482 0 0.0167130919220056 0.0417827298050139 0.0445682451253482 0.0696378830083565 0.0334261838440111 0.0473537604456825 0.0835654596100279 0.0891364902506964 0.0863509749303621 0.0167130919220056 0.0891364902506964 0.0362116991643454
"cuoMcc" 0.197771587743733 0.0501392757660167 0.0473537604456825 0.0584958217270195 0.0445682451253482 0.0167130919220056 0 0.052924791086351 0.0557103064066852 0.0807799442896936 0.0389972144846797 0.0473537604456825 0.0891364902506964 0.0947075208913649 0.0947075208913649 0.0222841225626741 0.105849582172702 0.0417827298050139
"derCor" 0.175487465181058 0.0696378830083565 0.0167130919220056 0.0445682451253482 0.0417827298050139 0.0417827298050139 0.052924791086351 0 0.0362116991643454 0.0612813370473538 0.064066852367688 0.0445682451253482 0.0752089136490251 0.0835654596100279 0.0974930362116992 0.0417827298050139 0.0974930362116992 0.0334261838440111
"derMaw" 0.183844011142061 0.0668523676880223 0.0306406685236769 0.0417827298050139 0.0473537604456825 0.0445682451253482 0.0557103064066852 0.0362116991643454 0 0.0668523676880223 0.0612813370473538 0.0501392757660167 0.0807799442896936 0.0891364902506964 0.0919220055710306 0.0389972144846797 0.0947075208913649 0.0389972144846797
"emySub" 0.181058495821727 0.0919220055710306 0.0557103064066852 0.0584958217270195 0.0584958217270195 0.0696378830083565 0.0807799442896936 0.0612813370473538 0.0668523676880223 0 0.0863509749303621 0.0612813370473538 0.0445682451253482 0.0557103064066852 0.0947075208913649 0.0668523676880223 0.0696378830083565 0.0501392757660167
"gopAga" 0.197771587743733 0.0389972144846797 0.052924791086351 0.0557103064066852 0.0557103064066852 0.0334261838440111 0.0389972144846797 0.064066852367688 0.0612813370473538 0.0863509749303621 0 0.0557103064066852 0.100278551532033 0.0919220055710306 0.108635097493036 0.0278551532033426 0.11142061281337 0.0473537604456825
"malTer" 0.192200557103064 0.0612813370473538 0.0389972144846797 0.0501392757660167 0.00278551532033426 0.0473537604456825 0.0473537604456825 0.0445682451253482 0.0501392757660167 0.0612813370473538 0.0557103064066852 0 0.0696378830083565 0.0779944289693593 0.0919220055710306 0.0362116991643454 0.100278551532033 0.011142061281337
"mesTub" 0.200557103064067 0.105849582172702 0.0696378830083565 0.0807799442896936 0.0668523676880223 0.0835654596100279 0.0891364902506964 0.0752089136490251 0.0807799442896936 0.0445682451253482 0.100278551532033 0.0696378830083565 0 0.0696378830083565 0.100278551532033 0.0807799442896936 0.0863509749303621 0.064066852367688
"pelCas" 0.214484679665738 0.0974930362116992 0.0668523676880223 0.0752089136490251 0.0807799442896936 0.0891364902506964 0.0947075208913649 0.0835654596100279 0.0891364902506964 0.0557103064066852 0.0919220055710306 0.0779944289693593 0.0696378830083565 0 0.0947075208913649 0.0835654596100279 0.0696378830083565 0.0779944289693593
"pelSin" 0.18941504178273 0.114206128133705 0.0807799442896936 0.0919220055710306 0.0891364902506964 0.0863509749303621 0.0947075208913649 0.0974930362116992 0.0919220055710306 0.0947075208913649 0.108635097493036 0.0919220055710306 0.100278551532033 0.0947075208913649 0 0.0807799442896936 0.105849582172702 0.0863509749303621
"plaMeg" 0.186629526462396 0.0389972144846797 0.0250696378830084 0.0417827298050139 0.0334261838440111 0.0167130919220056 0.0222841225626741 0.0417827298050139 0.0389972144846797 0.0668523676880223 0.0278551532033426 0.0362116991643454 0.0807799442896936 0.0835654596100279 0.0807799442896936 0 0.0891364902506964 0.0250696378830084
"podExp" 0.20891364902507 0.11142061281337 0.0807799442896936 0.0947075208913649 0.0974930362116992 0.0891364902506964 0.105849582172702 0.0974930362116992 0.0947075208913649 0.0696378830083565 0.11142061281337 0.100278551532033 0.0863509749303621 0.0696378830083565 0.105849582172702 0.0891364902506964 0 0.0891364902506964
"terMex" 0.183844011142061 0.052924791086351 0.0278551532033426 0.0445682451253482 0.00835654596100279 0.0362116991643454 0.0417827298050139 0.0334261838440111 0.0389972144846797 0.0501392757660167 0.0473537604456825 0.011142061281337 0.064066852367688 0.0779944289693593 0.0863509749303621 0.0250696378830084 0.0891364902506964 0
