"carIns" "cheAbi" "cheMyd" "cheSer" "chrPic" "cuoAmb" "cuoMcc" "derCor" "derMaw" "emySub" "gopAga" "malTer" "mesTub" "pelCas" "pelSin" "plaMeg" "podExp" "terMex"
"carIns" 0 0.0866510538641686 0.0749414519906323 0.063231850117096 0.0889929742388759 0.0796252927400468 0.0772833723653396 0.0702576112412178 0.0702576112412178 0.0819672131147541 0.0936768149882904 0.0796252927400468 0.0889929742388759 0.107728337236534 0.110070257611241 0.0772833723653396 0.114754098360656 0.072599531615925
"cheAbi" 0.0866510538641686 0 0.0585480093676815 0.0562060889929742 0.0444964871194379 0.0327868852459016 0.0257611241217799 0.053864168618267 0.0562060889929742 0.0866510538641686 0.0351288056206089 0.0444964871194379 0.0772833723653396 0.107728337236534 0.114754098360656 0.0398126463700234 0.103044496487119 0.0421545667447307
"cheMyd" 0.0749414519906323 0.0585480093676815 0 0.0234192037470726 0.0468384074941452 0.0351288056206089 0.0327868852459016 0.0210772833723653 0.0374707259953162 0.0679156908665105 0.0585480093676815 0.0398126463700234 0.053864168618267 0.0843091334894614 0.105386416861827 0.0351288056206089 0.0960187353629977 0.0374707259953162
"cheSer" 0.063231850117096 0.0562060889929742 0.0234192037470726 0 0.0421545667447307 0.0374707259953162 0.0304449648711944 0.0257611241217799 0.0234192037470726 0.063231850117096 0.0515222482435597 0.0304449648711944 0.053864168618267 0.0749414519906323 0.0866510538641686 0.0257611241217799 0.0960187353629977 0.0327868852459016
"chrPic" 0.0889929742388759 0.0444964871194379 0.0468384074941452 0.0421545667447307 0 0.0327868852459016 0.0257611241217799 0.0421545667447307 0.0468384074941452 0.0772833723653396 0.053864168618267 0.0163934426229508 0.0679156908665105 0.100702576112412 0.103044496487119 0.0257611241217799 0.105386416861827 0.0257611241217799
"cuoAmb" 0.0796252927400468 0.0327868852459016 0.0351288056206089 0.0374707259953162 0.0327868852459016 0 0.00702576112412178 0.0374707259953162 0.0374707259953162 0.0772833723653396 0.0374707259953162 0.0257611241217799 0.063231850117096 0.103044496487119 0.103044496487119 0.0210772833723653 0.100702576112412 0.0187353629976581
"cuoMcc" 0.0772833723653396 0.0257611241217799 0.0327868852459016 0.0304449648711944 0.0257611241217799 0.00702576112412178 0 0.0327868852459016 0.0351288056206089 0.0749414519906323 0.0304449648711944 0.0187353629976581 0.0562060889929742 0.0960187353629977 0.0983606557377049 0.0140515222482436 0.103044496487119 0.0163934426229508
"derCor" 0.0702576112412178 0.053864168618267 0.0210772833723653 0.0257611241217799 0.0421545667447307 0.0374707259953162 0.0327868852459016 0 0.0327868852459016 0.063231850117096 0.053864168618267 0.0374707259953162 0.0515222482435597 0.0796252927400468 0.0913348946135831 0.0327868852459016 0.0913348946135831 0.0327868852459016
"derMaw" 0.0702576112412178 0.0562060889929742 0.0374707259953162 0.0234192037470726 0.0468384074941452 0.0374707259953162 0.0351288056206089 0.0327868852459016 0 0.0679156908665105 0.0562060889929742 0.0398126463700234 0.0608899297423888 0.0889929742388759 0.0960187353629977 0.0351288056206089 0.105386416861827 0.0327868852459016
"emySub" 0.0819672131147541 0.0866510538641686 0.0679156908665105 0.063231850117096 0.0772833723653396 0.0772833723653396 0.0749414519906323 0.063231850117096 0.0679156908665105 0 0.103044496487119 0.0749414519906323 0.0398126463700234 0.063231850117096 0.11943793911007 0.0702576112412178 0.0702576112412178 0.0655737704918033
"gopAga" 0.0936768149882904 0.0351288056206089 0.0585480093676815 0.0515222482435597 0.053864168618267 0.0374707259953162 0.0304449648711944 0.053864168618267 0.0562060889929742 0.103044496487119 0 0.0491803278688525 0.0866510538641686 0.107728337236534 0.114754098360656 0.0444964871194379 0.112412177985948 0.0468384074941452
"malTer" 0.0796252927400468 0.0444964871194379 0.0398126463700234 0.0304449648711944 0.0163934426229508 0.0257611241217799 0.0187353629976581 0.0374707259953162 0.0398126463700234 0.0749414519906323 0.0491803278688525 0 0.0608899297423888 0.100702576112412 0.0936768149882904 0.0187353629976581 0.112412177985948 0.0187353629976581
"mesTub" 0.0889929742388759 0.0772833723653396 0.053864168618267 0.053864168618267 0.0679156908665105 0.063231850117096 0.0562060889929742 0.0515222482435597 0.0608899297423888 0.0398126463700234 0.0866510538641686 0.0608899297423888 0 0.0608899297423888 0.11943793911007 0.0608899297423888 0.0749414519906323 0.0608899297423888
"pelCas" 0.107728337236534 0.107728337236534 0.0843091334894614 0.0749414519906323 0.100702576112412 0.103044496487119 0.0960187353629977 0.0796252927400468 0.0889929742388759 0.063231850117096 0.107728337236534 0.100702576112412 0.0608899297423888 0 0.135831381733021 0.0913348946135831 0.072599531615925 0.0936768149882904
"pelSin" 0.110070257611241 0.114754098360656 0.105386416861827 0.0866510538641686 0.103044496487119 0.103044496487119 0.0983606557377049 0.0913348946135831 0.0960187353629977 0.11943793911007 0.114754098360656 0.0936768149882904 0.11943793911007 0.135831381733021 0 0.0983606557377049 0.149882903981265 0.0960187353629977
"plaMeg" 0.0772833723653396 0.0398126463700234 0.0351288056206089 0.0257611241217799 0.0257611241217799 0.0210772833723653 0.0140515222482436 0.0327868852459016 0.0351288056206089 0.0702576112412178 0.0444964871194379 0.0187353629976581 0.0608899297423888 0.0913348946135831 0.0983606557377049 0 0.107728337236534 0.0163934426229508
"podExp" 0.114754098360656 0.103044496487119 0.0960187353629977 0.0960187353629977 0.105386416861827 0.100702576112412 0.103044496487119 0.0913348946135831 0.105386416861827 0.0702576112412178 0.112412177985948 0.112412177985948 0.0749414519906323 0.072599531615925 0.149882903981265 0.107728337236534 0 0.105386416861827
"terMex" 0.072599531615925 0.0421545667447307 0.0374707259953162 0.0327868852459016 0.0257611241217799 0.0187353629976581 0.0163934426229508 0.0327868852459016 0.0327868852459016 0.0655737704918033 0.0468384074941452 0.0187353629976581 0.0608899297423888 0.0936768149882904 0.0960187353629977 0.0163934426229508 0.105386416861827 0
