"carIns" "cheAbi" "cheMyd" "cheSer" "chrPic" "cuoAmb" "cuoMcc" "derCor" "derMaw" "emySub" "gopAga" "malTer" "mesTub" "pelCas" "pelSin" "plaMeg" "podExp" "terMex"
"carIns" 0 0.0456204379562044 0.0456204379562044 0.0401459854014599 0.041970802919708 0.0547445255474453 0.041970802919708 0.0510948905109489 0.0492700729927007 0.0565693430656934 0.0401459854014599 0.041970802919708 0.0583941605839416 0.0547445255474453 0.0602189781021898 0.0383211678832117 0.0529197080291971 0.0401459854014599
"cheAbi" 0.0456204379562044 0 0.0200729927007299 0.0200729927007299 0.0182481751824818 0.0255474452554745 0.0182481751824818 0.0273722627737226 0.0291970802919708 0.0401459854014599 0.0127737226277372 0.0182481751824818 0.041970802919708 0.0383211678832117 0.0346715328467153 0.0145985401459854 0.0328467153284672 0.0164233576642336
"cheMyd" 0.0456204379562044 0.0200729927007299 0 0.0127737226277372 0.0109489051094891 0.0145985401459854 0.0109489051094891 0.0237226277372263 0.0218978102189781 0.0328467153284672 0.00912408759124088 0.0109489051094891 0.0346715328467153 0.0346715328467153 0.0383211678832117 0.0072992700729927 0.0291970802919708 0.00912408759124088
"cheSer" 0.0401459854014599 0.0200729927007299 0.0127737226277372 0 0.00912408759124088 0.0218978102189781 0.00912408759124088 0.0218978102189781 0.0164233576642336 0.0273722627737226 0.0072992700729927 0.00912408759124088 0.0291970802919708 0.0328467153284672 0.041970802919708 0.00547445255474453 0.0273722627737226 0.0072992700729927
"chrPic" 0.041970802919708 0.0182481751824818 0.0109489051094891 0.00912408759124088 0 0.0200729927007299 0.0072992700729927 0.0200729927007299 0.0182481751824818 0.0255474452554745 0.00547445255474453 0.00364963503649635 0.0237226277372263 0.031021897810219 0.0401459854014599 0.00364963503649635 0.0255474452554745 0.00547445255474453
"cuoAmb" 0.0547445255474453 0.0255474452554745 0.0145985401459854 0.0218978102189781 0.0200729927007299 0 0.0127737226277372 0.0328467153284672 0.031021897810219 0.0383211678832117 0.0182481751824818 0.0200729927007299 0.0437956204379562 0.0437956204379562 0.0383211678832117 0.0164233576642336 0.0383211678832117 0.0182481751824818
"cuoMcc" 0.041970802919708 0.0182481751824818 0.0109489051094891 0.00912408759124088 0.0072992700729927 0.0127737226277372 0 0.0200729927007299 0.0182481751824818 0.0255474452554745 0.00547445255474453 0.0072992700729927 0.031021897810219 0.031021897810219 0.0401459854014599 0.00364963503649635 0.0255474452554745 0.00547445255474453
"derCor" 0.0510948905109489 0.0273722627737226 0.0237226277372263 0.0218978102189781 0.0200729927007299 0.0328467153284672 0.0200729927007299 0 0.0273722627737226 0.0346715328467153 0.0182481751824818 0.0200729927007299 0.0364963503649635 0.0364963503649635 0.0529197080291971 0.0164233576642336 0.0273722627737226 0.0182481751824818
"derMaw" 0.0492700729927007 0.0291970802919708 0.0218978102189781 0.0164233576642336 0.0182481751824818 0.031021897810219 0.0182481751824818 0.0273722627737226 0 0.0328467153284672 0.0164233576642336 0.0182481751824818 0.0346715328467153 0.0383211678832117 0.0510948905109489 0.0145985401459854 0.0328467153284672 0.0164233576642336
"emySub" 0.0565693430656934 0.0401459854014599 0.0328467153284672 0.0273722627737226 0.0255474452554745 0.0383211678832117 0.0255474452554745 0.0346715328467153 0.0328467153284672 0 0.0273722627737226 0.0273722627737226 0.0164233576642336 0.041970802919708 0.062043795620438 0.0255474452554745 0.0364963503649635 0.0273722627737226
"gopAga" 0.0401459854014599 0.0127737226277372 0.00912408759124088 0.0072992700729927 0.00547445255474453 0.0182481751824818 0.00547445255474453 0.0182481751824818 0.0164233576642336 0.0273722627737226 0 0.00547445255474453 0.0291970802919708 0.0291970802919708 0.0383211678832117 0.00182481751824818 0.0237226277372263 0.00364963503649635
"malTer" 0.041970802919708 0.0182481751824818 0.0109489051094891 0.00912408759124088 0.00364963503649635 0.0200729927007299 0.0072992700729927 0.0200729927007299 0.0182481751824818 0.0273722627737226 0.00547445255474453 0 0.0255474452554745 0.0291970802919708 0.0401459854014599 0.00364963503649635 0.0237226277372263 0.00547445255474453
"mesTub" 0.0583941605839416 0.041970802919708 0.0346715328467153 0.0291970802919708 0.0237226277372263 0.0437956204379562 0.031021897810219 0.0364963503649635 0.0346715328467153 0.0164233576642336 0.0291970802919708 0.0255474452554745 0 0.0474452554744526 0.0638686131386861 0.0273722627737226 0.0383211678832117 0.0291970802919708
"pelCas" 0.0547445255474453 0.0383211678832117 0.0346715328467153 0.0328467153284672 0.031021897810219 0.0437956204379562 0.031021897810219 0.0364963503649635 0.0383211678832117 0.041970802919708 0.0291970802919708 0.0291970802919708 0.0474452554744526 0 0.0602189781021898 0.0273722627737226 0.0273722627737226 0.0291970802919708
"pelSin" 0.0602189781021898 0.0346715328467153 0.0383211678832117 0.041970802919708 0.0401459854014599 0.0383211678832117 0.0401459854014599 0.0529197080291971 0.0510948905109489 0.062043795620438 0.0383211678832117 0.0401459854014599 0.0638686131386861 0.0602189781021898 0 0.0364963503649635 0.0510948905109489 0.0383211678832117
"plaMeg" 0.0383211678832117 0.0145985401459854 0.0072992700729927 0.00547445255474453 0.00364963503649635 0.0164233576642336 0.00364963503649635 0.0164233576642336 0.0145985401459854 0.0255474452554745 0.00182481751824818 0.00364963503649635 0.0273722627737226 0.0273722627737226 0.0364963503649635 0 0.0218978102189781 0.00182481751824818
"podExp" 0.0529197080291971 0.0328467153284672 0.0291970802919708 0.0273722627737226 0.0255474452554745 0.0383211678832117 0.0255474452554745 0.0273722627737226 0.0328467153284672 0.0364963503649635 0.0237226277372263 0.0237226277372263 0.0383211678832117 0.0273722627737226 0.0510948905109489 0.0218978102189781 0 0.0237226277372263
"terMex" 0.0401459854014599 0.0164233576642336 0.00912408759124088 0.0072992700729927 0.00547445255474453 0.0182481751824818 0.00547445255474453 0.0182481751824818 0.0164233576642336 0.0273722627737226 0.00364963503649635 0.00547445255474453 0.0291970802919708 0.0291970802919708 0.0383211678832117 0.00182481751824818 0.0237226277372263 0
