"carIns" "cheAbi" "cheMyd" "cheSer" "chrPic" "cuoAmb" "cuoMcc" "derCor" "derMaw" "emySub" "gopAga" "malTer" "mesTub" "pelCas" "pelSin" "plaMeg" "podExp" "terMex"
"carIns" 0 0.113095238095238 0.128968253968254 0.125 0.121031746031746 0.119047619047619 0.121031746031746 0.140873015873016 0.134920634920635 0.156746031746032 0.121031746031746 0.125 0.142857142857143 0.152777777777778 0.154761904761905 0.125 0.166666666666667 0.125
"cheAbi" 0.113095238095238 0 0.0337301587301587 0.0476190476190476 0.0257936507936508 0.0317460317460317 0.0337301587301587 0.0515873015873016 0.0654761904761905 0.0992063492063492 0.0198412698412698 0.0257936507936508 0.0833333333333333 0.117063492063492 0.140873015873016 0.0317460317460317 0.119047619047619 0.0277777777777778
"cheMyd" 0.128968253968254 0.0337301587301587 0 0.0337301587301587 0.0178571428571429 0.0337301587301587 0.0376984126984127 0.0317460317460317 0.0595238095238095 0.0952380952380952 0.0297619047619048 0.0178571428571429 0.0793650793650794 0.109126984126984 0.128968253968254 0.0218253968253968 0.123015873015873 0.0178571428571429
"cheSer" 0.125 0.0476190476190476 0.0337301587301587 0 0.0317460317460317 0.0376984126984127 0.0416666666666667 0.0595238095238095 0.0535714285714286 0.0932539682539683 0.0396825396825397 0.0317460317460317 0.0773809523809524 0.109126984126984 0.123015873015873 0.0337301587301587 0.121031746031746 0.0277777777777778
"chrPic" 0.121031746031746 0.0257936507936508 0.0178571428571429 0.0317460317460317 0 0.0277777777777778 0.0277777777777778 0.0396825396825397 0.0575396825396825 0.0932539682539683 0.0238095238095238 0.00396825396825397 0.0773809523809524 0.107142857142857 0.123015873015873 0.0158730158730159 0.121031746031746 0.00793650793650794
"cuoAmb" 0.119047619047619 0.0317460317460317 0.0337301587301587 0.0376984126984127 0.0277777777777778 0 0.0119047619047619 0.0555555555555556 0.0615079365079365 0.0932539682539683 0.0277777777777778 0.0277777777777778 0.0734126984126984 0.10515873015873 0.126984126984127 0.0277777777777778 0.117063492063492 0.0238095238095238
"cuoMcc" 0.121031746031746 0.0337301587301587 0.0376984126984127 0.0416666666666667 0.0277777777777778 0.0119047619047619 0 0.0595238095238095 0.0654761904761905 0.0972222222222222 0.0317460317460317 0.0317460317460317 0.0773809523809524 0.109126984126984 0.128968253968254 0.0317460317460317 0.121031746031746 0.0277777777777778
"derCor" 0.140873015873016 0.0515873015873016 0.0317460317460317 0.0595238095238095 0.0396825396825397 0.0555555555555556 0.0595238095238095 0 0.0793650793650794 0.115079365079365 0.0476190476190476 0.0396825396825397 0.0932539682539683 0.121031746031746 0.14484126984127 0.0456349206349206 0.130952380952381 0.0436507936507936
"derMaw" 0.134920634920635 0.0654761904761905 0.0595238095238095 0.0535714285714286 0.0575396825396825 0.0615079365079365 0.0654761904761905 0.0793650793650794 0 0.111111111111111 0.0654761904761905 0.0575396825396825 0.0932539682539683 0.125 0.125 0.0615079365079365 0.136904761904762 0.0535714285714286
"emySub" 0.156746031746032 0.0992063492063492 0.0952380952380952 0.0932539682539683 0.0932539682539683 0.0932539682539683 0.0972222222222222 0.115079365079365 0.111111111111111 0 0.0972222222222222 0.0932539682539683 0.0753968253968254 0.107142857142857 0.140873015873016 0.0853174603174603 0.113095238095238 0.0892857142857143
"gopAga" 0.121031746031746 0.0198412698412698 0.0297619047619048 0.0396825396825397 0.0238095238095238 0.0277777777777778 0.0317460317460317 0.0476190476190476 0.0654761904761905 0.0972222222222222 0 0.0238095238095238 0.0734126984126984 0.111111111111111 0.138888888888889 0.0277777777777778 0.113095238095238 0.0238095238095238
"malTer" 0.125 0.0257936507936508 0.0178571428571429 0.0317460317460317 0.00396825396825397 0.0277777777777778 0.0317460317460317 0.0396825396825397 0.0575396825396825 0.0932539682539683 0.0238095238095238 0 0.0773809523809524 0.107142857142857 0.126984126984127 0.0158730158730159 0.121031746031746 0.00793650793650794
"mesTub" 0.142857142857143 0.0833333333333333 0.0793650793650794 0.0773809523809524 0.0773809523809524 0.0734126984126984 0.0773809523809524 0.0932539682539683 0.0932539682539683 0.0753968253968254 0.0734126984126984 0.0773809523809524 0 0.0972222222222222 0.115079365079365 0.0734126984126984 0.101190476190476 0.0734126984126984
"pelCas" 0.152777777777778 0.117063492063492 0.109126984126984 0.109126984126984 0.107142857142857 0.10515873015873 0.109126984126984 0.121031746031746 0.125 0.107142857142857 0.111111111111111 0.107142857142857 0.0972222222222222 0 0.152777777777778 0.103174603174603 0.0932539682539683 0.103174603174603
"pelSin" 0.154761904761905 0.140873015873016 0.128968253968254 0.123015873015873 0.123015873015873 0.126984126984127 0.128968253968254 0.14484126984127 0.125 0.140873015873016 0.138888888888889 0.126984126984127 0.115079365079365 0.152777777777778 0 0.126984126984127 0.156746031746032 0.123015873015873
"plaMeg" 0.125 0.0317460317460317 0.0218253968253968 0.0337301587301587 0.0158730158730159 0.0277777777777778 0.0317460317460317 0.0456349206349206 0.0615079365079365 0.0853174603174603 0.0277777777777778 0.0158730158730159 0.0734126984126984 0.103174603174603 0.126984126984127 0 0.117063492063492 0.0158730158730159
"podExp" 0.166666666666667 0.119047619047619 0.123015873015873 0.121031746031746 0.121031746031746 0.117063492063492 0.121031746031746 0.130952380952381 0.136904761904762 0.113095238095238 0.113095238095238 0.121031746031746 0.101190476190476 0.0932539682539683 0.156746031746032 0.117063492063492 0 0.117063492063492
"terMex" 0.125 0.0277777777777778 0.0178571428571429 0.0277777777777778 0.00793650793650794 0.0238095238095238 0.0277777777777778 0.0436507936507936 0.0535714285714286 0.0892857142857143 0.0238095238095238 0.00793650793650794 0.0734126984126984 0.103174603174603 0.123015873015873 0.0158730158730159 0.117063492063492 0
