"carIns" "cheAbi" "cheMyd" "cheSer" "cuoAmb" "cuoMcc" "derCor" "derMaw" "emySub" "gopAga" "mesTub" "pelCas" "pelSin" "plaMeg" "podExp"
"carIns" 0 0.189083820662768 0.191033138401559 0.239766081871345 0.233918128654971 0.181286549707602 0.191033138401559 0.191033138401559 0.200779727095517 0.183235867446394 0.214424951267057 0.208576998050682 0.200779727095517 0.241715399610136 0.226120857699805
"cheAbi" 0.189083820662768 0 0.111111111111111 0.175438596491228 0.140350877192982 0.0857699805068226 0.118908382066277 0.130604288499025 0.12280701754386 0.0838206627680312 0.144249512670565 0.1364522417154 0.152046783625731 0.161793372319688 0.175438596491228
"cheMyd" 0.191033138401559 0.111111111111111 0 0.161793372319688 0.0955165692007797 0.0409356725146199 0.0350877192982456 0.0701754385964912 0.0740740740740741 0.050682261208577 0.0916179337231969 0.0955165692007797 0.0994152046783626 0.116959064327485 0.12280701754386
"cheSer" 0.239766081871345 0.175438596491228 0.161793372319688 0 0.202729044834308 0.15009746588694 0.16374269005848 0.183235867446394 0.175438596491228 0.157894736842105 0.187134502923977 0.204678362573099 0.214424951267057 0.228070175438596 0.202729044834308
"cuoAmb" 0.233918128654971 0.140350877192982 0.0955165692007797 0.202729044834308 0 0.0545808966861598 0.101364522417154 0.111111111111111 0.12280701754386 0.0721247563352826 0.140350877192982 0.142300194931774 0.148148148148148 0.134502923976608 0.169590643274854
"cuoMcc" 0.181286549707602 0.0857699805068226 0.0409356725146199 0.15009746588694 0.0545808966861598 0 0.0467836257309941 0.0565302144249513 0.0682261208576998 0.0175438596491228 0.0857699805068226 0.087719298245614 0.0935672514619883 0.0994152046783626 0.118908382066277
"derCor" 0.191033138401559 0.118908382066277 0.0350877192982456 0.16374269005848 0.101364522417154 0.0467836257309941 0 0.0721247563352826 0.0779727095516569 0.0565302144249513 0.087719298245614 0.105263157894737 0.105263157894737 0.12280701754386 0.138401559454191
"derMaw" 0.191033138401559 0.130604288499025 0.0701754385964912 0.183235867446394 0.111111111111111 0.0565302144249513 0.0721247563352826 0 0.0955165692007797 0.0662768031189084 0.10916179337232 0.10916179337232 0.115009746588694 0.130604288499025 0.134502923976608
"emySub" 0.200779727095517 0.12280701754386 0.0740740740740741 0.175438596491228 0.12280701754386 0.0682261208576998 0.0779727095516569 0.0955165692007797 0 0.0779727095516569 0.0448343079922027 0.0701754385964912 0.113060428849903 0.142300194931774 0.113060428849903
"gopAga" 0.183235867446394 0.0838206627680312 0.050682261208577 0.157894736842105 0.0721247563352826 0.0175438596491228 0.0565302144249513 0.0662768031189084 0.0779727095516569 0 0.0955165692007797 0.0896686159844055 0.0955165692007797 0.105263157894737 0.118908382066277
"mesTub" 0.214424951267057 0.144249512670565 0.0916179337231969 0.187134502923977 0.140350877192982 0.0857699805068226 0.087719298245614 0.10916179337232 0.0448343079922027 0.0955165692007797 0 0.0896686159844055 0.142300194931774 0.152046783625731 0.12280701754386
"pelCas" 0.208576998050682 0.1364522417154 0.0955165692007797 0.204678362573099 0.142300194931774 0.087719298245614 0.105263157894737 0.10916179337232 0.0701754385964912 0.0896686159844055 0.0896686159844055 0 0.132553606237817 0.161793372319688 0.103313840155945
"pelSin" 0.200779727095517 0.152046783625731 0.0994152046783626 0.214424951267057 0.148148148148148 0.0935672514619883 0.105263157894737 0.115009746588694 0.113060428849903 0.0955165692007797 0.142300194931774 0.132553606237817 0 0.16374269005848 0.159844054580897
"plaMeg" 0.241715399610136 0.161793372319688 0.116959064327485 0.228070175438596 0.134502923976608 0.0994152046783626 0.12280701754386 0.130604288499025 0.142300194931774 0.105263157894737 0.152046783625731 0.161793372319688 0.16374269005848 0 0.191033138401559
"podExp" 0.226120857699805 0.175438596491228 0.12280701754386 0.202729044834308 0.169590643274854 0.118908382066277 0.138401559454191 0.134502923976608 0.113060428849903 0.118908382066277 0.12280701754386 0.103313840155945 0.159844054580897 0.191033138401559 0
