"carIns" "cheAbi" "cheMyd" "cheSer" "chrPic" "cuoAmb" "cuoMcc" "derCor" "derMaw" "emySub" "gopAga" "malTer" "mesTub" "pelCas" "pelSin" "plaMeg" "podExp"
"carIns" 0 0.0632090761750405 0.0632090761750405 0.06645056726094 0.230145867098865 0.230145867098865 0.059967585089141 0.0583468395461912 0.0680713128038898 0.0745542949756888 0.0583468395461912 0.218800648298217 0.072933549432739 0.0858995137763371 0.0745542949756888 0.0567260940032415 0.0810372771474878
"cheAbi" 0.0632090761750405 0 0.0243111831442464 0.0275526742301459 0.20097244732577 0.210696920583468 0.0162074554294976 0.0275526742301459 0.0226904376012966 0.0486223662884927 0.0145867098865478 0.189627228525122 0.0437601296596434 0.0648298217179903 0.06645056726094 0.0194489465153971 0.059967585089141
"cheMyd" 0.0632090761750405 0.0243111831442464 0 0.0259319286871961 0.20097244732577 0.209076175040519 0.0194489465153971 0.0129659643435981 0.0243111831442464 0.0518638573743922 0.0226904376012966 0.183144246353323 0.0437601296596434 0.0632090761750405 0.0680713128038898 0.0210696920583468 0.0632090761750405
"cheSer" 0.06645056726094 0.0275526742301459 0.0259319286871961 0 0.20097244732577 0.220421393841167 0.0243111831442464 0.0291734197730956 0.0275526742301459 0.053484602917342 0.0259319286871961 0.196110210696921 0.0453808752025932 0.06645056726094 0.0680713128038898 0.0243111831442464 0.0648298217179903
"chrPic" 0.230145867098865 0.20097244732577 0.20097244732577 0.20097244732577 0 0.252836304700162 0.19935170178282 0.19935170178282 0.205834683954619 0.220421393841167 0.20097244732577 0.215559157212318 0.215559157212318 0.231766612641815 0.239870340356564 0.19935170178282 0.231766612641815
"cuoAmb" 0.230145867098865 0.210696920583468 0.209076175040519 0.220421393841167 0.252836304700162 0 0.205834683954619 0.207455429497569 0.215559157212318 0.231766612641815 0.209076175040519 0.252836304700162 0.226904376012966 0.239870340356564 0.252836304700162 0.209076175040519 0.241491085899514
"cuoMcc" 0.059967585089141 0.0162074554294976 0.0194489465153971 0.0243111831442464 0.19935170178282 0.205834683954619 0 0.0226904376012966 0.0259319286871961 0.0502431118314425 0.0145867098865478 0.188006482982172 0.0421393841166937 0.0632090761750405 0.06645056726094 0.0162074554294976 0.0583468395461912
"derCor" 0.0583468395461912 0.0275526742301459 0.0129659643435981 0.0291734197730956 0.19935170178282 0.207455429497569 0.0226904376012966 0 0.0275526742301459 0.0551053484602917 0.0259319286871961 0.191247974068071 0.047001620745543 0.06645056726094 0.0713128038897893 0.0243111831442464 0.06645056726094
"derMaw" 0.0680713128038898 0.0226904376012966 0.0243111831442464 0.0275526742301459 0.205834683954619 0.215559157212318 0.0259319286871961 0.0275526742301459 0 0.0518638573743922 0.0275526742301459 0.194489465153971 0.0453808752025932 0.0632090761750405 0.0696920583468395 0.0259319286871961 0.0615883306320908
"emySub" 0.0745542949756888 0.0486223662884927 0.0518638573743922 0.053484602917342 0.220421393841167 0.231766612641815 0.0502431118314425 0.0551053484602917 0.0518638573743922 0 0.0486223662884927 0.212317666126418 0.0243111831442464 0.0518638573743922 0.0777957860615883 0.047001620745543 0.0453808752025932
"gopAga" 0.0583468395461912 0.0145867098865478 0.0226904376012966 0.0259319286871961 0.20097244732577 0.209076175040519 0.0145867098865478 0.0259319286871961 0.0275526742301459 0.0486223662884927 0 0.191247974068071 0.0437601296596434 0.0648298217179903 0.0648298217179903 0.0178282009724473 0.059967585089141
"malTer" 0.218800648298217 0.189627228525122 0.183144246353323 0.196110210696921 0.215559157212318 0.252836304700162 0.188006482982172 0.191247974068071 0.194489465153971 0.212317666126418 0.191247974068071 0 0.209076175040519 0.225283630470016 0.225283630470016 0.186385737439222 0.225283630470016
"mesTub" 0.072933549432739 0.0437601296596434 0.0437601296596434 0.0453808752025932 0.215559157212318 0.226904376012966 0.0421393841166937 0.047001620745543 0.0453808752025932 0.0243111831442464 0.0437601296596434 0.209076175040519 0 0.0437601296596434 0.0777957860615883 0.0421393841166937 0.0421393841166937
"pelCas" 0.0858995137763371 0.0648298217179903 0.0632090761750405 0.06645056726094 0.231766612641815 0.239870340356564 0.0632090761750405 0.06645056726094 0.0632090761750405 0.0518638573743922 0.0648298217179903 0.225283630470016 0.0437601296596434 0 0.0940032414910859 0.0567260940032415 0.0437601296596434
"pelSin" 0.0745542949756888 0.06645056726094 0.0680713128038898 0.0680713128038898 0.239870340356564 0.252836304700162 0.06645056726094 0.0713128038897893 0.0696920583468395 0.0777957860615883 0.0648298217179903 0.225283630470016 0.0777957860615883 0.0940032414910859 0 0.0615883306320908 0.0891410048622366
"plaMeg" 0.0567260940032415 0.0194489465153971 0.0210696920583468 0.0243111831442464 0.19935170178282 0.209076175040519 0.0162074554294976 0.0243111831442464 0.0259319286871961 0.047001620745543 0.0178282009724473 0.186385737439222 0.0421393841166937 0.0567260940032415 0.0615883306320908 0 0.0518638573743922
"podExp" 0.0810372771474878 0.059967585089141 0.0632090761750405 0.0648298217179903 0.231766612641815 0.241491085899514 0.0583468395461912 0.06645056726094 0.0615883306320908 0.0453808752025932 0.059967585089141 0.225283630470016 0.0421393841166937 0.0437601296596434 0.0891410048622366 0.0518638573743922 0
