"carIns" "cheAbi" "cheMyd" "cheSer" "chrPic" "cuoAmb" "cuoMcc" "derCor" "derMaw" "emySub" "gopAga" "malTer" "mesTub" "pelCas" "pelSin" "plaMeg" "podExp" "terMex"
"carIns" 0 0.0608272506082725 0.0535279805352798 0.0583941605839416 0.0510948905109489 0.0535279805352798 0.0535279805352798 0.111922141119221 0.0608272506082725 0.109489051094891 0.128953771289538 0.111922141119221 0.097323600973236 0.121654501216545 0.0656934306569343 0.0559610705596107 0.131386861313869 0.0510948905109489
"cheAbi" 0.0608272506082725 0 0.0267639902676399 0.0316301703163017 0.0194647201946472 0.0121654501216545 0.0121654501216545 0.0948905109489051 0.0340632603406326 0.102189781021898 0.0802919708029197 0.0851581508515815 0.0924574209245742 0.10705596107056 0.072992700729927 0.024330900243309 0.114355231143552 0.0194647201946472
"cheMyd" 0.0535279805352798 0.0267639902676399 0 0.0194647201946472 0.0121654501216545 0.0194647201946472 0.0194647201946472 0.0851581508515815 0.0291970802919708 0.0948905109489051 0.0948905109489051 0.072992700729927 0.0900243309002433 0.104622871046229 0.0681265206812652 0.0170316301703163 0.109489051094891 0.0121654501216545
"cheSer" 0.0583941605839416 0.0316301703163017 0.0194647201946472 0 0.0170316301703163 0.024330900243309 0.024330900243309 0.0924574209245742 0.0340632603406326 0.0948905109489051 0.0997566909975669 0.0827250608272506 0.0948905109489051 0.10705596107056 0.0681265206812652 0.0218978102189781 0.114355231143552 0.0170316301703163
"chrPic" 0.0510948905109489 0.0194647201946472 0.0121654501216545 0.0170316301703163 0 0.0121654501216545 0.0121654501216545 0.0851581508515815 0.024330900243309 0.0924574209245742 0.0900243309002433 0.0705596107055961 0.0875912408759124 0.097323600973236 0.0608272506082725 0.0097323600973236 0.0997566909975669 0.0048661800486618
"cuoAmb" 0.0535279805352798 0.0121654501216545 0.0194647201946472 0.024330900243309 0.0121654501216545 0 0.0048661800486618 0.0875912408759124 0.0267639902676399 0.0948905109489051 0.0827250608272506 0.0778588807785888 0.0851581508515815 0.104622871046229 0.0656934306569343 0.0170316301703163 0.10705596107056 0.0121654501216545
"cuoMcc" 0.0535279805352798 0.0121654501216545 0.0194647201946472 0.024330900243309 0.0121654501216545 0.0048661800486618 0 0.0875912408759124 0.0267639902676399 0.0924574209245742 0.0802919708029197 0.0778588807785888 0.0827250608272506 0.102189781021898 0.0656934306569343 0.0170316301703163 0.10705596107056 0.0121654501216545
"derCor" 0.111922141119221 0.0948905109489051 0.0851581508515815 0.0924574209245742 0.0851581508515815 0.0875912408759124 0.0875912408759124 0 0.0948905109489051 0.121654501216545 0.141119221411192 0.10705596107056 0.116788321167883 0.124087591240876 0.126520681265207 0.0900243309002433 0.124087591240876 0.0851581508515815
"derMaw" 0.0608272506082725 0.0340632603406326 0.0291970802919708 0.0340632603406326 0.024330900243309 0.0267639902676399 0.0267639902676399 0.0948905109489051 0 0.10705596107056 0.0948905109489051 0.0900243309002433 0.102189781021898 0.116788321167883 0.072992700729927 0.0291970802919708 0.116788321167883 0.024330900243309
"emySub" 0.109489051094891 0.102189781021898 0.0948905109489051 0.0948905109489051 0.0924574209245742 0.0948905109489051 0.0924574209245742 0.121654501216545 0.10705596107056 0 0.124087591240876 0.0924574209245742 0.0681265206812652 0.114355231143552 0.116788321167883 0.097323600973236 0.116788321167883 0.0924574209245742
"gopAga" 0.128953771289538 0.0802919708029197 0.0948905109489051 0.0997566909975669 0.0900243309002433 0.0827250608272506 0.0802919708029197 0.141119221411192 0.0948905109489051 0.124087591240876 0 0.114355231143552 0.121654501216545 0.124087591240876 0.138686131386861 0.0948905109489051 0.128953771289538 0.0900243309002433
"malTer" 0.111922141119221 0.0851581508515815 0.072992700729927 0.0827250608272506 0.0705596107055961 0.0778588807785888 0.0778588807785888 0.10705596107056 0.0900243309002433 0.0924574209245742 0.114355231143552 0 0.097323600973236 0.131386861313869 0.124087591240876 0.0754257907542579 0.114355231143552 0.0705596107055961
"mesTub" 0.097323600973236 0.0924574209245742 0.0900243309002433 0.0948905109489051 0.0875912408759124 0.0851581508515815 0.0827250608272506 0.116788321167883 0.102189781021898 0.0681265206812652 0.121654501216545 0.097323600973236 0 0.109489051094891 0.116788321167883 0.0924574209245742 0.116788321167883 0.0875912408759124
"pelCas" 0.121654501216545 0.10705596107056 0.104622871046229 0.10705596107056 0.097323600973236 0.104622871046229 0.102189781021898 0.124087591240876 0.116788321167883 0.114355231143552 0.124087591240876 0.131386861313869 0.109489051094891 0 0.128953771289538 0.10705596107056 0.111922141119221 0.102189781021898
"pelSin" 0.0656934306569343 0.072992700729927 0.0681265206812652 0.0681265206812652 0.0608272506082725 0.0656934306569343 0.0656934306569343 0.126520681265207 0.072992700729927 0.116788321167883 0.138686131386861 0.124087591240876 0.116788321167883 0.128953771289538 0 0.0656934306569343 0.13625304136253 0.0608272506082725
"plaMeg" 0.0559610705596107 0.024330900243309 0.0170316301703163 0.0218978102189781 0.0097323600973236 0.0170316301703163 0.0170316301703163 0.0900243309002433 0.0291970802919708 0.097323600973236 0.0948905109489051 0.0754257907542579 0.0924574209245742 0.10705596107056 0.0656934306569343 0 0.109489051094891 0.0097323600973236
"podExp" 0.131386861313869 0.114355231143552 0.109489051094891 0.114355231143552 0.0997566909975669 0.10705596107056 0.10705596107056 0.124087591240876 0.116788321167883 0.116788321167883 0.128953771289538 0.114355231143552 0.116788321167883 0.111922141119221 0.13625304136253 0.109489051094891 0 0.104622871046229
"terMex" 0.0510948905109489 0.0194647201946472 0.0121654501216545 0.0170316301703163 0.0048661800486618 0.0121654501216545 0.0121654501216545 0.0851581508515815 0.024330900243309 0.0924574209245742 0.0900243309002433 0.0705596107055961 0.0875912408759124 0.102189781021898 0.0608272506082725 0.0097323600973236 0.104622871046229 0
