"carIns" "cheAbi" "cheSer" "chrPic" "cuoAmb" "cuoMcc" "derCor" "derMaw" "emySub" "gopAga" "malTer" "mesTub" "pelCas" "pelSin" "plaMeg" "podExp" "terMex"
"carIns" 0 0.107438016528926 0.113636363636364 0.117768595041322 0.101239669421488 0.105371900826446 0.121900826446281 0.134297520661157 0.119834710743802 0.111570247933884 0.115702479338843 0.128099173553719 0.121900826446281 0.128099173553719 0.115702479338843 0.128099173553719 0.115702479338843
"cheAbi" 0.107438016528926 0 0.0454545454545455 0.0330578512396694 0.0144628099173554 0.0144628099173554 0.0516528925619835 0.0578512396694215 0.0640495867768595 0.0165289256198347 0.0268595041322314 0.0743801652892562 0.0805785123966942 0.0867768595041322 0.0351239669421488 0.0950413223140496 0.0309917355371901
"cheSer" 0.113636363636364 0.0454545454545455 0 0.0516528925619835 0.0392561983471074 0.0433884297520661 0.0516528925619835 0.0537190082644628 0.0764462809917355 0.0413223140495868 0.0495867768595041 0.0867768595041322 0.0888429752066116 0.0867768595041322 0.0495867768595041 0.107438016528926 0.0495867768595041
"chrPic" 0.117768595041322 0.0330578512396694 0.0516528925619835 0 0.0289256198347107 0.0289256198347107 0.0578512396694215 0.0495867768595041 0.0619834710743802 0.0309917355371901 0.00619834710743802 0.0764462809917355 0.0764462809917355 0.0929752066115702 0.0247933884297521 0.101239669421488 0.0103305785123967
"cuoAmb" 0.101239669421488 0.0144628099173554 0.0392561983471074 0.0289256198347107 0 0.00413223140495868 0.0413223140495868 0.0475206611570248 0.0578512396694215 0.0144628099173554 0.0227272727272727 0.0681818181818182 0.0681818181818182 0.0805785123966942 0.0309917355371901 0.0867768595041322 0.0268595041322314
"cuoMcc" 0.105371900826446 0.0144628099173554 0.0433884297520661 0.0289256198347107 0.00413223140495868 0 0.0454545454545455 0.0516528925619835 0.0619834710743802 0.0144628099173554 0.0227272727272727 0.0723140495867769 0.0723140495867769 0.0847107438016529 0.0309917355371901 0.0909090909090909 0.0268595041322314
"derCor" 0.121900826446281 0.0516528925619835 0.0516528925619835 0.0578512396694215 0.0413223140495868 0.0454545454545455 0 0.0599173553719008 0.0743801652892562 0.0454545454545455 0.0516528925619835 0.0847107438016529 0.0847107438016529 0.0991735537190083 0.0599173553719008 0.103305785123967 0.0557851239669422
"derMaw" 0.134297520661157 0.0578512396694215 0.0537190082644628 0.0495867768595041 0.0475206611570248 0.0516528925619835 0.0599173553719008 0 0.0723140495867769 0.0516528925619835 0.0454545454545455 0.0826446280991736 0.0950413223140496 0.105371900826446 0.0495867768595041 0.113636363636364 0.0495867768595041
"emySub" 0.119834710743802 0.0640495867768595 0.0764462809917355 0.0619834710743802 0.0578512396694215 0.0619834710743802 0.0743801652892562 0.0723140495867769 0 0.0640495867768595 0.0599173553719008 0.0371900826446281 0.0599173553719008 0.101239669421488 0.0640495867768595 0.0867768595041322 0.0599173553719008
"gopAga" 0.111570247933884 0.0165289256198347 0.0413223140495868 0.0309917355371901 0.0144628099173554 0.0144628099173554 0.0454545454545455 0.0516528925619835 0.0640495867768595 0 0.0247933884297521 0.0743801652892562 0.0764462809917355 0.0785123966942149 0.0330578512396694 0.0950413223140496 0.0289256198347107
"malTer" 0.115702479338843 0.0268595041322314 0.0495867768595041 0.00619834710743802 0.0227272727272727 0.0227272727272727 0.0516528925619835 0.0454545454545455 0.0599173553719008 0.0247933884297521 0 0.0702479338842975 0.0743801652892562 0.0909090909090909 0.0247933884297521 0.0950413223140496 0.00826446280991736
"mesTub" 0.128099173553719 0.0743801652892562 0.0867768595041322 0.0764462809917355 0.0681818181818182 0.0723140495867769 0.0847107438016529 0.0826446280991736 0.0371900826446281 0.0743801652892562 0.0702479338842975 0 0.0640495867768595 0.115702479338843 0.0743801652892562 0.0826446280991736 0.0743801652892562
"pelCas" 0.121900826446281 0.0805785123966942 0.0888429752066116 0.0764462809917355 0.0681818181818182 0.0723140495867769 0.0847107438016529 0.0950413223140496 0.0599173553719008 0.0764462809917355 0.0743801652892562 0.0640495867768595 0 0.113636363636364 0.0785123966942149 0.0661157024793388 0.0743801652892562
"pelSin" 0.128099173553719 0.0867768595041322 0.0867768595041322 0.0929752066115702 0.0805785123966942 0.0847107438016529 0.0991735537190083 0.105371900826446 0.101239669421488 0.0785123966942149 0.0909090909090909 0.115702479338843 0.113636363636364 0 0.0909090909090909 0.128099173553719 0.0909090909090909
"plaMeg" 0.115702479338843 0.0351239669421488 0.0495867768595041 0.0247933884297521 0.0309917355371901 0.0309917355371901 0.0599173553719008 0.0495867768595041 0.0640495867768595 0.0330578512396694 0.0247933884297521 0.0743801652892562 0.0785123966942149 0.0909090909090909 0 0.105371900826446 0.0247933884297521
"podExp" 0.128099173553719 0.0950413223140496 0.107438016528926 0.101239669421488 0.0867768595041322 0.0909090909090909 0.103305785123967 0.113636363636364 0.0867768595041322 0.0950413223140496 0.0950413223140496 0.0826446280991736 0.0661157024793388 0.128099173553719 0.105371900826446 0 0.0991735537190083
"terMex" 0.115702479338843 0.0309917355371901 0.0495867768595041 0.0103305785123967 0.0268595041322314 0.0268595041322314 0.0557851239669422 0.0495867768595041 0.0599173553719008 0.0289256198347107 0.00826446280991736 0.0743801652892562 0.0743801652892562 0.0909090909090909 0.0247933884297521 0.0991735537190083 0
