"carIns" "cheAbi" "cheSer" "chrPic" "derCor" "derMaw" "emySub" "malTer" "mesTub" "pelCas" "plaMeg" "podExp" "terMex"
"carIns" 0 0.119973413094051 0.111332668660685 0.109006314390163 0.124626121635095 0.115653040877368 0.136922565636424 0.108673978065803 0.135593220338983 0.140245928880027 0.107676969092722 0.154868727151878 0.106015287470921
"cheAbi" 0.119973413094051 0 0.0515121302758391 0.0442007311399136 0.0525091392489199 0.0744433366566966 0.094715852442672 0.0465270854104354 0.0923894981721502 0.111665004985045 0.0405450315719508 0.116982386174809 0.0418743768693918
"cheSer" 0.111332668660685 0.0515121302758391 0 0.0398803589232303 0.0505151213027584 0.060485211033566 0.090727816550349 0.0405450315719508 0.0890661349285477 0.098703888334995 0.0358923230309073 0.114323695579927 0.0398803589232303
"chrPic" 0.109006314390163 0.0442007311399136 0.0398803589232303 0 0.0491857760053174 0.0628115653040877 0.0877367896311067 0.0122964440013293 0.0900631439016285 0.104021269524759 0.0292455965437022 0.115320704553008 0.0166168162180126
"derCor" 0.124626121635095 0.0525091392489199 0.0505151213027584 0.0491857760053174 0 0.0727816550348953 0.0943835161183117 0.0478564307078764 0.0917248255234297 0.109338650714523 0.0448654037886341 0.11897640412097 0.0491857760053174
"derMaw" 0.115653040877368 0.0744433366566966 0.060485211033566 0.0628115653040877 0.0727816550348953 0 0.106347623795281 0.0614822200066467 0.108673978065803 0.115320704553008 0.0571618477899634 0.127617148554337 0.060485211033566
"emySub" 0.136922565636424 0.094715852442672 0.090727816550349 0.0877367896311067 0.0943835161183117 0.106347623795281 0 0.0860751080093054 0.057826520438684 0.0997008973080758 0.0844134263875042 0.102359587902958 0.0844134263875042
"malTer" 0.108673978065803 0.0465270854104354 0.0405450315719508 0.0122964440013293 0.0478564307078764 0.0614822200066467 0.0860751080093054 0 0.0893984712529079 0.10568295114656 0.0299102691924227 0.112662013958126 0.0159521435692921
"mesTub" 0.135593220338983 0.0923894981721502 0.0890661349285477 0.0900631439016285 0.0917248255234297 0.108673978065803 0.057826520438684 0.0893984712529079 0 0.101694915254237 0.0844134263875042 0.10501827849784 0.0874044533067464
"pelCas" 0.140245928880027 0.111665004985045 0.098703888334995 0.104021269524759 0.109338650714523 0.115320704553008 0.0997008973080758 0.10568295114656 0.101694915254237 0 0.101030242605517 0.0887337986041874 0.104353605849119
"plaMeg" 0.107676969092722 0.0405450315719508 0.0358923230309073 0.0292455965437022 0.0448654037886341 0.0571618477899634 0.0844134263875042 0.0299102691924227 0.0844134263875042 0.101030242605517 0 0.111997341309405 0.0279162512462612
"podExp" 0.154868727151878 0.116982386174809 0.114323695579927 0.115320704553008 0.11897640412097 0.127617148554337 0.102359587902958 0.112662013958126 0.10501827849784 0.0887337986041874 0.111997341309405 0 0.112662013958126
"terMex" 0.106015287470921 0.0418743768693918 0.0398803589232303 0.0166168162180126 0.0491857760053174 0.060485211033566 0.0844134263875042 0.0159521435692921 0.0874044533067464 0.104353605849119 0.0279162512462612 0.112662013958126 0
