"carIns" "cheAbi" "cheMyd" "cheSer" "chrPic" "cuoMcc" "derCor" "derMaw" "emySub" "gopAga" "malTer" "mesTub" "pelCas" "pelSin" "plaMeg" "podExp" "terMex"
"carIns" 0 0.0578947368421053 0.0526315789473684 0.0508771929824561 0.0491228070175439 0.0508771929824561 0.056140350877193 0.0508771929824561 0.0666666666666667 0.0578947368421053 0.0491228070175439 0.068421052631579 0.0719298245614035 0.0508771929824561 0.0508771929824561 0.0719298245614035 0.0508771929824561
"cheAbi" 0.0578947368421053 0 0.0192982456140351 0.0140350877192982 0.012280701754386 0.00701754385964912 0.0228070175438597 0.0175438596491228 0.0368421052631579 0.0140350877192982 0.012280701754386 0.0421052631578947 0.043859649122807 0.0403508771929825 0.0175438596491228 0.0456140350877193 0.0140350877192982
"cheMyd" 0.0526315789473684 0.0192982456140351 0 0.012280701754386 0.0105263157894737 0.012280701754386 0.0105263157894737 0.0157894736842105 0.0421052631578947 0.0192982456140351 0.0105263157894737 0.0473684210526316 0.0491228070175439 0.0385964912280702 0.012280701754386 0.0508771929824561 0.012280701754386
"cheSer" 0.0508771929824561 0.0140350877192982 0.012280701754386 0 0.00526315789473684 0.00701754385964912 0.0157894736842105 0.0105263157894737 0.0368421052631579 0.0140350877192982 0.00526315789473684 0.0421052631578947 0.043859649122807 0.0333333333333333 0.0105263157894737 0.0456140350877193 0.00701754385964912
"chrPic" 0.0491228070175439 0.012280701754386 0.0105263157894737 0.00526315789473684 0 0.00526315789473684 0.0140350877192982 0.0087719298245614 0.0350877192982456 0.012280701754386 0 0.0403508771929825 0.0421052631578947 0.0315789473684211 0.0087719298245614 0.043859649122807 0.00526315789473684
"cuoMcc" 0.0508771929824561 0.00701754385964912 0.012280701754386 0.00701754385964912 0.00526315789473684 0 0.0157894736842105 0.0105263157894737 0.0333333333333333 0.00701754385964912 0.00526315789473684 0.0385964912280702 0.0403508771929825 0.0333333333333333 0.0105263157894737 0.0421052631578947 0.00701754385964912
"derCor" 0.056140350877193 0.0228070175438597 0.0105263157894737 0.0157894736842105 0.0140350877192982 0.0157894736842105 0 0.0175438596491228 0.0456140350877193 0.0192982456140351 0.0140350877192982 0.0508771929824561 0.0473684210526316 0.0385964912280702 0.0157894736842105 0.0543859649122807 0.0157894736842105
"derMaw" 0.0508771929824561 0.0175438596491228 0.0157894736842105 0.0105263157894737 0.0087719298245614 0.0105263157894737 0.0175438596491228 0 0.0403508771929825 0.0175438596491228 0.0087719298245614 0.0456140350877193 0.0403508771929825 0.0333333333333333 0.0140350877192982 0.0456140350877193 0.0105263157894737
"emySub" 0.0666666666666667 0.0368421052631579 0.0421052631578947 0.0368421052631579 0.0350877192982456 0.0333333333333333 0.0456140350877193 0.0403508771929825 0 0.0403508771929825 0.0350877192982456 0.0087719298245614 0.0385964912280702 0.0526315789473684 0.0403508771929825 0.0403508771929825 0.0368421052631579
"gopAga" 0.0578947368421053 0.0140350877192982 0.0192982456140351 0.0140350877192982 0.012280701754386 0.00701754385964912 0.0192982456140351 0.0175438596491228 0.0403508771929825 0 0.012280701754386 0.0456140350877193 0.0473684210526316 0.0403508771929825 0.0140350877192982 0.0491228070175439 0.0140350877192982
"malTer" 0.0491228070175439 0.012280701754386 0.0105263157894737 0.00526315789473684 0 0.00526315789473684 0.0140350877192982 0.0087719298245614 0.0350877192982456 0.012280701754386 0 0.0403508771929825 0.0421052631578947 0.0315789473684211 0.0087719298245614 0.043859649122807 0.00526315789473684
"mesTub" 0.068421052631579 0.0421052631578947 0.0473684210526316 0.0421052631578947 0.0403508771929825 0.0385964912280702 0.0508771929824561 0.0456140350877193 0.0087719298245614 0.0456140350877193 0.0403508771929825 0 0.043859649122807 0.0578947368421053 0.0456140350877193 0.0456140350877193 0.0421052631578947
"pelCas" 0.0719298245614035 0.043859649122807 0.0491228070175439 0.043859649122807 0.0421052631578947 0.0403508771929825 0.0473684210526316 0.0403508771929825 0.0385964912280702 0.0473684210526316 0.0421052631578947 0.043859649122807 0 0.0596491228070175 0.0473684210526316 0.0280701754385965 0.043859649122807
"pelSin" 0.0508771929824561 0.0403508771929825 0.0385964912280702 0.0333333333333333 0.0315789473684211 0.0333333333333333 0.0385964912280702 0.0333333333333333 0.0526315789473684 0.0403508771929825 0.0315789473684211 0.0578947368421053 0.0596491228070175 0 0.0368421052631579 0.0543859649122807 0.0298245614035088
"plaMeg" 0.0508771929824561 0.0175438596491228 0.012280701754386 0.0105263157894737 0.0087719298245614 0.0105263157894737 0.0157894736842105 0.0140350877192982 0.0403508771929825 0.0140350877192982 0.0087719298245614 0.0456140350877193 0.0473684210526316 0.0368421052631579 0 0.0491228070175439 0.0105263157894737
"podExp" 0.0719298245614035 0.0456140350877193 0.0508771929824561 0.0456140350877193 0.043859649122807 0.0421052631578947 0.0543859649122807 0.0456140350877193 0.0403508771929825 0.0491228070175439 0.043859649122807 0.0456140350877193 0.0280701754385965 0.0543859649122807 0.0491228070175439 0 0.0456140350877193
"terMex" 0.0508771929824561 0.0140350877192982 0.012280701754386 0.00701754385964912 0.00526315789473684 0.00701754385964912 0.0157894736842105 0.0105263157894737 0.0368421052631579 0.0140350877192982 0.00526315789473684 0.0421052631578947 0.043859649122807 0.0298245614035088 0.0105263157894737 0.0456140350877193 0
