"carIns" "cheAbi" "cheMyd" "cheSer" "chrPic" "cuoAmb" "derCor" "derMaw" "emySub" "gopAga" "malTer" "mesTub" "pelCas" "pelSin" "plaMeg" "podExp" "terMex"
"carIns" 0 0.0807600950118765 0.0878859857482185 0.0831353919239905 0.0736342042755344 0.0736342042755344 0.0831353919239905 0.0926365795724466 0.0950118764845606 0.0736342042755344 0.0831353919239905 0.0926365795724466 0.106888361045131 0.0855106888361045 0.190023752969121 0.116389548693587 0.0831353919239905
"cheAbi" 0.0807600950118765 0 0.0451306413301663 0.0308788598574822 0.0142517814726841 0.0142517814726841 0.0403800475059382 0.0403800475059382 0.0712589073634204 0.0261282660332542 0.0142517814726841 0.0688836104513064 0.0807600950118765 0.0807600950118765 0.149643705463183 0.0950118764845606 0.0190023752969121
"cheMyd" 0.0878859857482185 0.0451306413301663 0 0.0475059382422803 0.0403800475059382 0.0403800475059382 0.0380047505938242 0.0570071258907363 0.0783847980997625 0.0498812351543943 0.0522565320665083 0.0760095011876485 0.0926365795724466 0.0902612826603325 0.161520190023753 0.102137767220903 0.0522565320665083
"cheSer" 0.0831353919239905 0.0308788598574822 0.0475059382422803 0 0.0261282660332542 0.0261282660332542 0.0427553444180523 0.0356294536817102 0.0641330166270784 0.0356294536817102 0.0380047505938242 0.0665083135391924 0.0926365795724466 0.0831353919239905 0.149643705463183 0.0926365795724466 0.0380047505938242
"chrPic" 0.0736342042755344 0.0142517814726841 0.0403800475059382 0.0261282660332542 0 0.00950118764845606 0.0356294536817102 0.0356294536817102 0.0665083135391924 0.0190023752969121 0.0213776722090261 0.0641330166270784 0.0807600950118765 0.0712589073634204 0.147268408551069 0.0902612826603325 0.0213776722090261
"cuoAmb" 0.0736342042755344 0.0142517814726841 0.0403800475059382 0.0261282660332542 0.00950118764845606 0 0.0356294536817102 0.0356294536817102 0.0617577197149644 0.0213776722090261 0.0213776722090261 0.0641330166270784 0.0855106888361045 0.0736342042755344 0.144893111638955 0.0902612826603325 0.0213776722090261
"derCor" 0.0831353919239905 0.0403800475059382 0.0380047505938242 0.0427553444180523 0.0356294536817102 0.0356294536817102 0 0.0522565320665083 0.0807600950118765 0.0451306413301663 0.0475059382422803 0.0807600950118765 0.0973871733966746 0.0855106888361045 0.163895486935867 0.106888361045131 0.0475059382422803
"derMaw" 0.0926365795724466 0.0403800475059382 0.0570071258907363 0.0356294536817102 0.0356294536817102 0.0356294536817102 0.0522565320665083 0 0.0783847980997625 0.0427553444180523 0.0475059382422803 0.0783847980997625 0.0973871733966746 0.0878859857482185 0.154394299287411 0.0926365795724466 0.0475059382422803
"emySub" 0.0950118764845606 0.0712589073634204 0.0783847980997625 0.0641330166270784 0.0665083135391924 0.0617577197149644 0.0807600950118765 0.0783847980997625 0 0.0760095011876485 0.0783847980997625 0.0451306413301663 0.0807600950118765 0.0926365795724466 0.190023752969121 0.0807600950118765 0.0783847980997625
"gopAga" 0.0736342042755344 0.0261282660332542 0.0498812351543943 0.0356294536817102 0.0190023752969121 0.0213776722090261 0.0451306413301663 0.0427553444180523 0.0760095011876485 0 0.0285035629453682 0.0736342042755344 0.0950118764845606 0.0807600950118765 0.154394299287411 0.0997624703087886 0.0285035629453682
"malTer" 0.0831353919239905 0.0142517814726841 0.0522565320665083 0.0380047505938242 0.0213776722090261 0.0213776722090261 0.0475059382422803 0.0475059382422803 0.0783847980997625 0.0285035629453682 0 0.0760095011876485 0.0831353919239905 0.0878859857482185 0.152019002375297 0.0997624703087886 0.0190023752969121
"mesTub" 0.0926365795724466 0.0688836104513064 0.0760095011876485 0.0665083135391924 0.0641330166270784 0.0641330166270784 0.0807600950118765 0.0783847980997625 0.0451306413301663 0.0736342042755344 0.0760095011876485 0 0.0831353919239905 0.0807600950118765 0.182897862232779 0.0926365795724466 0.0712589073634204
"pelCas" 0.106888361045131 0.0807600950118765 0.0926365795724466 0.0926365795724466 0.0807600950118765 0.0855106888361045 0.0973871733966746 0.0973871733966746 0.0807600950118765 0.0950118764845606 0.0831353919239905 0.0831353919239905 0 0.0973871733966746 0.192399049881235 0.0712589073634204 0.0902612826603325
"pelSin" 0.0855106888361045 0.0807600950118765 0.0902612826603325 0.0831353919239905 0.0712589073634204 0.0736342042755344 0.0855106888361045 0.0878859857482185 0.0926365795724466 0.0807600950118765 0.0878859857482185 0.0807600950118765 0.0973871733966746 0 0.180522565320665 0.104513064133017 0.0878859857482185
"plaMeg" 0.190023752969121 0.149643705463183 0.161520190023753 0.149643705463183 0.147268408551069 0.144893111638955 0.163895486935867 0.154394299287411 0.190023752969121 0.154394299287411 0.152019002375297 0.182897862232779 0.192399049881235 0.180522565320665 0 0.190023752969121 0.149643705463183
"podExp" 0.116389548693587 0.0950118764845606 0.102137767220903 0.0926365795724466 0.0902612826603325 0.0902612826603325 0.106888361045131 0.0926365795724466 0.0807600950118765 0.0997624703087886 0.0997624703087886 0.0926365795724466 0.0712589073634204 0.104513064133017 0.190023752969121 0 0.0997624703087886
"terMex" 0.0831353919239905 0.0190023752969121 0.0522565320665083 0.0380047505938242 0.0213776722090261 0.0213776722090261 0.0475059382422803 0.0475059382422803 0.0783847980997625 0.0285035629453682 0.0190023752969121 0.0712589073634204 0.0902612826603325 0.0878859857482185 0.149643705463183 0.0997624703087886 0
