"carIns" "cheAbi" "cheMyd" "cheSer" "chrPic" "cuoAmb" "cuoMcc" "derCor" "derMaw" "emySub" "gopAga" "malTer" "mesTub" "pelCas" "pelSin" "plaMeg" "podExp" "terMex"
"carIns" 0 0.125748502994012 0.130239520958084 0.12874251497006 0.134730538922156 0.124251497005988 0.152694610778443 0.137724550898204 0.127245508982036 0.161676646706587 0.12874251497006 0.131736526946108 0.164670658682635 0.181137724550898 0.188622754491018 0.125748502994012 0.170658682634731 0.130239520958084
"cheAbi" 0.125748502994012 0 0.0733532934131736 0.0583832335329341 0.0658682634730539 0.0404191616766467 0.0718562874251497 0.0838323353293413 0.0643712574850299 0.109281437125749 0.0374251497005988 0.0673652694610778 0.101796407185629 0.131736526946108 0.172155688622754 0.0553892215568862 0.118263473053892 0.0583832335329341
"cheMyd" 0.130239520958084 0.0733532934131736 0 0.0688622754491018 0.0673652694610778 0.061377245508982 0.092814371257485 0.0449101796407186 0.0793413173652695 0.112275449101796 0.0703592814371257 0.0703592814371257 0.107784431137725 0.139221556886228 0.173652694610778 0.0793413173652695 0.131736526946108 0.0643712574850299
"cheSer" 0.12874251497006 0.0583832335329341 0.0688622754491018 0 0.0583832335329341 0.0449101796407186 0.0763473053892216 0.0763473053892216 0.0538922155688623 0.103293413173653 0.0553892215568862 0.0553892215568862 0.101796407185629 0.140718562874251 0.169161676646707 0.0553892215568862 0.124251497005988 0.0523952095808383
"chrPic" 0.134730538922156 0.0658682634730539 0.0673652694610778 0.0583832335329341 0 0.0508982035928144 0.0823353293413174 0.0748502994011976 0.0688622754491018 0.116766467065868 0.0568862275449102 0.0149700598802395 0.100299401197605 0.152694610778443 0.170658682634731 0.0658682634730539 0.130239520958084 0.029940119760479
"cuoAmb" 0.124251497005988 0.0404191616766467 0.061377245508982 0.0449101796407186 0.0508982035928144 0 0.0434131736526946 0.0733532934131736 0.0494011976047904 0.101796407185629 0.032934131736527 0.0508982035928144 0.0913173652694611 0.137724550898204 0.170658682634731 0.0568862275449102 0.118263473053892 0.0449101796407186
"cuoMcc" 0.152694610778443 0.0718562874251497 0.092814371257485 0.0763473053892216 0.0823353293413174 0.0434131736526946 0 0.0988023952095808 0.0733532934131736 0.131736526946108 0.062874251497006 0.0808383233532934 0.124251497005988 0.160179640718563 0.179640718562874 0.0868263473053892 0.146706586826347 0.0748502994011976
"derCor" 0.137724550898204 0.0838323353293413 0.0449101796407186 0.0763473053892216 0.0748502994011976 0.0733532934131736 0.0988023952095808 0 0.0853293413173653 0.124251497005988 0.0793413173652695 0.0778443113772455 0.12125748502994 0.151197604790419 0.17814371257485 0.0868263473053892 0.140718562874251 0.0763473053892216
"derMaw" 0.127245508982036 0.0643712574850299 0.0793413173652695 0.0538922155688623 0.0688622754491018 0.0494011976047904 0.0733532934131736 0.0853293413173653 0 0.112275449101796 0.062874251497006 0.0688622754491018 0.109281437125749 0.139221556886228 0.172155688622754 0.0688622754491018 0.127245508982036 0.062874251497006
"emySub" 0.161676646706587 0.109281437125749 0.112275449101796 0.103293413173653 0.116766467065868 0.101796407185629 0.131736526946108 0.124251497005988 0.112275449101796 0 0.107784431137725 0.116766467065868 0.0583832335329341 0.101796407185629 0.203592814371257 0.110778443113772 0.0958083832335329 0.112275449101796
"gopAga" 0.12874251497006 0.0374251497005988 0.0703592814371257 0.0553892215568862 0.0568862275449102 0.032934131736527 0.062874251497006 0.0793413173652695 0.062874251497006 0.107784431137725 0 0.0568862275449102 0.0973053892215569 0.13622754491018 0.167664670658683 0.0553892215568862 0.12125748502994 0.0494011976047904
"malTer" 0.131736526946108 0.0673652694610778 0.0703592814371257 0.0553892215568862 0.0149700598802395 0.0508982035928144 0.0808383233532934 0.0778443113772455 0.0688622754491018 0.116766467065868 0.0568862275449102 0 0.101796407185629 0.152694610778443 0.172155688622754 0.062874251497006 0.130239520958084 0.0344311377245509
"mesTub" 0.164670658682635 0.101796407185629 0.107784431137725 0.101796407185629 0.100299401197605 0.0913173652694611 0.124251497005988 0.12125748502994 0.109281437125749 0.0583832335329341 0.0973053892215569 0.101796407185629 0 0.0973053892215569 0.197604790419162 0.104790419161677 0.092814371257485 0.0973053892215569
"pelCas" 0.181137724550898 0.131736526946108 0.139221556886228 0.140718562874251 0.152694610778443 0.137724550898204 0.160179640718563 0.151197604790419 0.139221556886228 0.101796407185629 0.13622754491018 0.152694610778443 0.0973053892215569 0 0.203592814371257 0.139221556886228 0.0898203592814371 0.145209580838323
"pelSin" 0.188622754491018 0.172155688622754 0.173652694610778 0.169161676646707 0.170658682634731 0.170658682634731 0.179640718562874 0.17814371257485 0.172155688622754 0.203592814371257 0.167664670658683 0.172155688622754 0.197604790419162 0.203592814371257 0 0.164670658682635 0.20059880239521 0.169161676646707
"plaMeg" 0.125748502994012 0.0553892215568862 0.0793413173652695 0.0553892215568862 0.0658682634730539 0.0568862275449102 0.0868263473053892 0.0868263473053892 0.0688622754491018 0.110778443113772 0.0553892215568862 0.062874251497006 0.104790419161677 0.139221556886228 0.164670658682635 0 0.127245508982036 0.062874251497006
"podExp" 0.170658682634731 0.118263473053892 0.131736526946108 0.124251497005988 0.130239520958084 0.118263473053892 0.146706586826347 0.140718562874251 0.127245508982036 0.0958083832335329 0.12125748502994 0.130239520958084 0.092814371257485 0.0898203592814371 0.20059880239521 0.127245508982036 0 0.124251497005988
"terMex" 0.130239520958084 0.0583832335329341 0.0643712574850299 0.0523952095808383 0.029940119760479 0.0449101796407186 0.0748502994011976 0.0763473053892216 0.062874251497006 0.112275449101796 0.0494011976047904 0.0344311377245509 0.0973053892215569 0.145209580838323 0.169161676646707 0.062874251497006 0.124251497005988 0
