"cheAbi" "cheMyd" "cheSer" "chrPic" "cuoAmb" "cuoMcc" "derCor" "derMaw" "emySub" "gopAga" "malTer" "pelCas" "pelSin" "plaMeg" "podExp" "terMex"
"cheAbi" 0 0.0288888888888889 0.0244444444444444 0.0155555555555556 0.0222222222222222 0.0155555555555556 0.0333333333333333 0.04 0.0466666666666667 0.0111111111111111 0.0177777777777778 0.0644444444444444 0.0488888888888889 0.0155555555555556 0.0577777777777778 0.0222222222222222
"cheMyd" 0.0288888888888889 0 0.0222222222222222 0.02 0.0333333333333333 0.0266666666666667 0.0133333333333333 0.0377777777777778 0.0444444444444444 0.0311111111111111 0.0222222222222222 0.0666666666666667 0.0466666666666667 0.0222222222222222 0.0644444444444444 0.0266666666666667
"cheSer" 0.0244444444444444 0.0222222222222222 0 0.02 0.0333333333333333 0.0266666666666667 0.0222222222222222 0.0288888888888889 0.0488888888888889 0.0266666666666667 0.0222222222222222 0.0666666666666667 0.0533333333333333 0.0222222222222222 0.0644444444444444 0.0266666666666667
"chrPic" 0.0155555555555556 0.02 0.02 0 0.02 0.0133333333333333 0.0288888888888889 0.0355555555555556 0.0444444444444444 0.0177777777777778 0.00222222222222222 0.06 0.0422222222222222 0.00888888888888889 0.0577777777777778 0.00666666666666667
"cuoAmb" 0.0222222222222222 0.0333333333333333 0.0333333333333333 0.02 0 0.0111111111111111 0.0377777777777778 0.04 0.0466666666666667 0.02 0.0222222222222222 0.06 0.0488888888888889 0.0111111111111111 0.0577777777777778 0.0222222222222222
"cuoMcc" 0.0155555555555556 0.0266666666666667 0.0266666666666667 0.0133333333333333 0.0111111111111111 0 0.0311111111111111 0.0355555555555556 0.04 0.0133333333333333 0.0155555555555556 0.0577777777777778 0.0422222222222222 0.00888888888888889 0.0555555555555556 0.02
"derCor" 0.0333333333333333 0.0133333333333333 0.0222222222222222 0.0288888888888889 0.0377777777777778 0.0311111111111111 0 0.0333333333333333 0.0533333333333333 0.0311111111111111 0.0311111111111111 0.0755555555555556 0.0555555555555556 0.0266666666666667 0.0733333333333333 0.0355555555555556
"derMaw" 0.04 0.0377777777777778 0.0288888888888889 0.0355555555555556 0.04 0.0355555555555556 0.0333333333333333 0 0.06 0.0422222222222222 0.0377777777777778 0.0733333333333333 0.0644444444444444 0.0333333333333333 0.0666666666666667 0.0422222222222222
"emySub" 0.0466666666666667 0.0444444444444444 0.0488888888888889 0.0444444444444444 0.0466666666666667 0.04 0.0533333333333333 0.06 0 0.0444444444444444 0.0466666666666667 0.0488888888888889 0.0555555555555556 0.04 0.0511111111111111 0.0511111111111111
"gopAga" 0.0111111111111111 0.0311111111111111 0.0266666666666667 0.0177777777777778 0.02 0.0133333333333333 0.0311111111111111 0.0422222222222222 0.0444444444444444 0 0.02 0.0622222222222222 0.0466666666666667 0.0133333333333333 0.06 0.0244444444444444
"malTer" 0.0177777777777778 0.0222222222222222 0.0222222222222222 0.00222222222222222 0.0222222222222222 0.0155555555555556 0.0311111111111111 0.0377777777777778 0.0466666666666667 0.02 0 0.0577777777777778 0.04 0.0111111111111111 0.0555555555555556 0.00444444444444444
"pelCas" 0.0644444444444444 0.0666666666666667 0.0666666666666667 0.06 0.06 0.0577777777777778 0.0755555555555556 0.0733333333333333 0.0488888888888889 0.0622222222222222 0.0577777777777778 0 0.0755555555555556 0.0577777777777778 0.0444444444444444 0.0555555555555556
"pelSin" 0.0488888888888889 0.0466666666666667 0.0533333333333333 0.0422222222222222 0.0488888888888889 0.0422222222222222 0.0555555555555556 0.0644444444444444 0.0555555555555556 0.0466666666666667 0.04 0.0755555555555556 0 0.0377777777777778 0.0733333333333333 0.0422222222222222
"plaMeg" 0.0155555555555556 0.0222222222222222 0.0222222222222222 0.00888888888888889 0.0111111111111111 0.00888888888888889 0.0266666666666667 0.0333333333333333 0.04 0.0133333333333333 0.0111111111111111 0.0577777777777778 0.0377777777777778 0 0.0555555555555556 0.0155555555555556
"podExp" 0.0577777777777778 0.0644444444444444 0.0644444444444444 0.0577777777777778 0.0577777777777778 0.0555555555555556 0.0733333333333333 0.0666666666666667 0.0511111111111111 0.06 0.0555555555555556 0.0444444444444444 0.0733333333333333 0.0555555555555556 0 0.0555555555555556
"terMex" 0.0222222222222222 0.0266666666666667 0.0266666666666667 0.00666666666666667 0.0222222222222222 0.02 0.0355555555555556 0.0422222222222222 0.0511111111111111 0.0244444444444444 0.00444444444444444 0.0555555555555556 0.0422222222222222 0.0155555555555556 0.0555555555555556 0
