"cheAbi" "cheMyd" "derMaw" "gopAga" "mesTub" "pelCas" "pelSin" "plaMeg" "podExp" "terMex"
"cheAbi" 0 0.0556920556920557 0.0405405405405405 0.0393120393120393 0.0536445536445536 0.258394758394758 0.058968058968059 0.0528255528255528 0.102375102375102 0.0204750204750205
"cheMyd" 0.0556920556920557 0 0.0565110565110565 0.0819000819000819 0.0716625716625717 0.274774774774775 0.0802620802620803 0.0753480753480753 0.122031122031122 0.0479115479115479
"derMaw" 0.0405405405405405 0.0565110565110565 0 0.0663390663390663 0.0552825552825553 0.258804258804259 0.0614250614250614 0.0630630630630631 0.105651105651106 0.0327600327600328
"gopAga" 0.0393120393120393 0.0819000819000819 0.0663390663390663 0 0.079033579033579 0.283783783783784 0.085995085995086 0.0397215397215397 0.110565110565111 0.0487305487305487
"mesTub" 0.0536445536445536 0.0716625716625717 0.0552825552825553 0.079033579033579 0 0.24979524979525 0.07002457002457 0.0757575757575758 0.0900900900900901 0.0466830466830467
"pelCas" 0.258394758394758 0.274774774774775 0.258804258804259 0.283783783783784 0.24979524979525 0 0.261261261261261 0.281326781326781 0.280507780507781 0.252661752661753
"pelSin" 0.058968058968059 0.0802620802620803 0.0614250614250614 0.085995085995086 0.07002457002457 0.261261261261261 0 0.0855855855855856 0.115888615888616 0.0548730548730549
"plaMeg" 0.0528255528255528 0.0753480753480753 0.0630630630630631 0.0397215397215397 0.0757575757575758 0.281326781326781 0.0855855855855856 0 0.104013104013104 0.0425880425880426
"podExp" 0.102375102375102 0.122031122031122 0.105651105651106 0.110565110565111 0.0900900900900901 0.280507780507781 0.115888615888616 0.104013104013104 0 0.097051597051597
"terMex" 0.0204750204750205 0.0479115479115479 0.0327600327600328 0.0487305487305487 0.0466830466830467 0.252661752661753 0.0548730548730549 0.0425880425880426 0.097051597051597 0
