"carIns" "cheAbi" "derCor" "derMaw" "emySub" "gopAga" "malTer" "mesTub" "pelCas" "pelSin" "plaMeg" "podExp" "terMex"
"carIns" 0 0.0980310012568077 0.100544616673649 0.0988688730624215 0.111018014243821 0.100963552576456 0.0984499371596146 0.114788437369083 0.141600335148722 0.112693757855048 0.090490155006284 0.127775450356096 0.0892333472978634
"cheAbi" 0.0980310012568077 0 0.0645161290322581 0.0645161290322581 0.0909090909090909 0.0280687054880603 0.0410557184750733 0.0946795140343527 0.119815668202765 0.10305823209049 0.0444072056975283 0.113531629660662 0.0431503979891077
"derCor" 0.100544616673649 0.0645161290322581 0 0.0573942186845413 0.0867197318810222 0.0666108085462924 0.0561374109761207 0.0921658986175115 0.117302052785924 0.100125680770842 0.0502723083368245 0.108085462924173 0.045245077503142
"derMaw" 0.0988688730624215 0.0645161290322581 0.0573942186845413 0 0.0833682446585672 0.0661918726434855 0.0565563468789275 0.0875576036866359 0.115626309174696 0.100544616673649 0.0523669878508588 0.107666527021366 0.0456640134059489
"emySub" 0.111018014243821 0.0909090909090909 0.0867197318810222 0.0833682446585672 0 0.0913280268118978 0.0821114369501466 0.0381231671554252 0.0997067448680352 0.108923334729786 0.0762463343108504 0.084206116464181 0.0716380393799749
"gopAga" 0.100963552576456 0.0280687054880603 0.0666108085462924 0.0661918726434855 0.0913280268118978 0 0.0418935902806871 0.0963552576455802 0.121491411813992 0.105990783410138 0.045245077503142 0.112693757855048 0.0448261416003351
"malTer" 0.0984499371596146 0.0410557184750733 0.0561374109761207 0.0565563468789275 0.0821114369501466 0.0418935902806871 0 0.0875576036866359 0.114369501466276 0.101382488479263 0.0372852953498115 0.107247591118559 0.0280687054880603
"mesTub" 0.114788437369083 0.0946795140343527 0.0921658986175115 0.0875576036866359 0.0381231671554252 0.0963552576455802 0.0875576036866359 0 0.100125680770842 0.11646418098031 0.0791788856304985 0.0875576036866359 0.0779220779220779
"pelCas" 0.141600335148722 0.119815668202765 0.117302052785924 0.115626309174696 0.0997067448680352 0.121491411813992 0.114369501466276 0.100125680770842 0 0.142857142857143 0.110180142438207 0.0888144113950566 0.106828655215752
"pelSin" 0.112693757855048 0.10305823209049 0.100125680770842 0.100544616673649 0.108923334729786 0.105990783410138 0.101382488479263 0.11646418098031 0.142857142857143 0 0.0946795140343527 0.134897360703812 0.0917469627147046
"plaMeg" 0.090490155006284 0.0444072056975283 0.0502723083368245 0.0523669878508588 0.0762463343108504 0.045245077503142 0.0372852953498115 0.0791788856304985 0.110180142438207 0.0946795140343527 0 0.0997067448680352 0.0238793464599916
"podExp" 0.127775450356096 0.113531629660662 0.108085462924173 0.107666527021366 0.084206116464181 0.112693757855048 0.107247591118559 0.0875576036866359 0.0888144113950566 0.134897360703812 0.0997067448680352 0 0.0976120653540008
"terMex" 0.0892333472978634 0.0431503979891077 0.045245077503142 0.0456640134059489 0.0716380393799749 0.0448261416003351 0.0280687054880603 0.0779220779220779 0.106828655215752 0.0917469627147046 0.0238793464599916 0.0976120653540008 0
