"carIns" "cheAbi" "cheMyd" "cheSer" "chrPic" "cuoAmb" "cuoMcc" "derCor" "derMaw" "emySub" "malTer" "mesTub" "pelCas" "pelSin" "plaMeg" "podExp" "terMex"
"carIns" 0 0.0851581508515815 0.0681265206812652 0.0389294403892944 0.0462287104622871 0.0389294403892944 0.0364963503649635 0.0535279805352798 0.0389294403892944 0.0924574209245742 0.0437956204379562 0.0656934306569343 0.0583941605839416 0.0559610705596107 0.0437956204379562 0.0681265206812652 0.0632603406326034
"cheAbi" 0.0851581508515815 0 0.0632603406326034 0.0583941605839416 0.0608272506082725 0.0583941605839416 0.0559610705596107 0.072992700729927 0.0608272506082725 0.0827250608272506 0.0583941605839416 0.0851581508515815 0.0778588807785888 0.097323600973236 0.0583941605839416 0.0754257907542579 0.0535279805352798
"cheMyd" 0.0681265206812652 0.0632603406326034 0 0.0462287104622871 0.0535279805352798 0.0510948905109489 0.048661800486618 0.0510948905109489 0.048661800486618 0.0827250608272506 0.0510948905109489 0.0705596107055961 0.0608272506082725 0.072992700729927 0.0462287104622871 0.0681265206812652 0.0389294403892944
"cheSer" 0.0389294403892944 0.0583941605839416 0.0462287104622871 0 0.0121654501216545 0.0145985401459854 0.0121654501216545 0.0194647201946472 0.0072992700729927 0.0802919708029197 0.0097323600973236 0.0413625304136253 0.0340632603406326 0.0462287104622871 0.0097323600973236 0.0413625304136253 0.0364963503649635
"chrPic" 0.0462287104622871 0.0608272506082725 0.0535279805352798 0.0121654501216545 0 0.0170316301703163 0.0145985401459854 0.0267639902676399 0.0145985401459854 0.0875912408759124 0.0024330900243309 0.048661800486618 0.0364963503649635 0.048661800486618 0.0121654501216545 0.048661800486618 0.0340632603406326
"cuoAmb" 0.0389294403892944 0.0583941605839416 0.0510948905109489 0.0145985401459854 0.0170316301703163 0 0.0024330900243309 0.0291970802919708 0.0170316301703163 0.0900243309002433 0.0145985401459854 0.0510948905109489 0.0389294403892944 0.0559610705596107 0.0145985401459854 0.0510948905109489 0.0413625304136253
"cuoMcc" 0.0364963503649635 0.0559610705596107 0.048661800486618 0.0121654501216545 0.0145985401459854 0.0024330900243309 0 0.0267639902676399 0.0145985401459854 0.0875912408759124 0.0121654501216545 0.048661800486618 0.0364963503649635 0.0535279805352798 0.0121654501216545 0.048661800486618 0.0389294403892944
"derCor" 0.0535279805352798 0.072992700729927 0.0510948905109489 0.0194647201946472 0.0267639902676399 0.0291970802919708 0.0267639902676399 0 0.0170316301703163 0.0900243309002433 0.024330900243309 0.0510948905109489 0.0437956204379562 0.048661800486618 0.0194647201946472 0.0559610705596107 0.0510948905109489
"derMaw" 0.0389294403892944 0.0608272506082725 0.048661800486618 0.0072992700729927 0.0145985401459854 0.0170316301703163 0.0145985401459854 0.0170316301703163 0 0.0778588807785888 0.0121654501216545 0.0389294403892944 0.0364963503649635 0.048661800486618 0.0121654501216545 0.0437956204379562 0.0389294403892944
"emySub" 0.0924574209245742 0.0827250608272506 0.0827250608272506 0.0802919708029197 0.0875912408759124 0.0900243309002433 0.0875912408759124 0.0900243309002433 0.0778588807785888 0 0.0851581508515815 0.0802919708029197 0.0948905109489051 0.114355231143552 0.0851581508515815 0.0851581508515815 0.072992700729927
"malTer" 0.0437956204379562 0.0583941605839416 0.0510948905109489 0.0097323600973236 0.0024330900243309 0.0145985401459854 0.0121654501216545 0.024330900243309 0.0121654501216545 0.0851581508515815 0 0.0462287104622871 0.0340632603406326 0.0510948905109489 0.0097323600973236 0.0462287104622871 0.0316301703163017
"mesTub" 0.0656934306569343 0.0851581508515815 0.0705596107055961 0.0413625304136253 0.048661800486618 0.0510948905109489 0.048661800486618 0.0510948905109489 0.0389294403892944 0.0802919708029197 0.0462287104622871 0 0.048661800486618 0.0778588807785888 0.0462287104622871 0.0583941605839416 0.0681265206812652
"pelCas" 0.0583941605839416 0.0778588807785888 0.0608272506082725 0.0340632603406326 0.0364963503649635 0.0389294403892944 0.0364963503649635 0.0437956204379562 0.0364963503649635 0.0948905109489051 0.0340632603406326 0.048661800486618 0 0.0656934306569343 0.0389294403892944 0.0462287104622871 0.0656934306569343
"pelSin" 0.0559610705596107 0.097323600973236 0.072992700729927 0.0462287104622871 0.048661800486618 0.0559610705596107 0.0535279805352798 0.048661800486618 0.048661800486618 0.114355231143552 0.0510948905109489 0.0778588807785888 0.0656934306569343 0 0.0462287104622871 0.0754257907542579 0.0754257907542579
"plaMeg" 0.0437956204379562 0.0583941605839416 0.0462287104622871 0.0097323600973236 0.0121654501216545 0.0145985401459854 0.0121654501216545 0.0194647201946472 0.0121654501216545 0.0851581508515815 0.0097323600973236 0.0462287104622871 0.0389294403892944 0.0462287104622871 0 0.0462287104622871 0.0364963503649635
"podExp" 0.0681265206812652 0.0754257907542579 0.0681265206812652 0.0413625304136253 0.048661800486618 0.0510948905109489 0.048661800486618 0.0559610705596107 0.0437956204379562 0.0851581508515815 0.0462287104622871 0.0583941605839416 0.0462287104622871 0.0754257907542579 0.0462287104622871 0 0.0583941605839416
"terMex" 0.0632603406326034 0.0535279805352798 0.0389294403892944 0.0364963503649635 0.0340632603406326 0.0413625304136253 0.0389294403892944 0.0510948905109489 0.0389294403892944 0.072992700729927 0.0316301703163017 0.0681265206812652 0.0656934306569343 0.0754257907542579 0.0364963503649635 0.0583941605839416 0
