"cheAbi" "cheMyd" "cheSer" "chrPic" "cuoMcc" "derCor" "derMaw" "emySub" "gopAga" "malTer" "mesTub" "pelCas" "pelSin" "plaMeg" "podExp" "terMex"
"cheAbi" 0 0.0669371196754564 0.0588235294117647 0.0324543610547667 0.0385395537525355 0.0649087221095335 0.0831643002028398 0.115618661257606 0.0182555780933063 0.0344827586206897 0.113590263691684 0.144016227180527 0.221095334685598 0.0385395537525355 0.219066937119675 0.0304259634888438
"cheMyd" 0.0669371196754564 0 0.0405679513184584 0.0425963488843813 0.0689655172413793 0.0182555780933063 0.0628803245436105 0.113590263691684 0.0527383367139959 0.0446247464503043 0.109533468559838 0.148073022312373 0.210953346855984 0.0527383367139959 0.217038539553753 0.0446247464503043
"cheSer" 0.0588235294117647 0.0405679513184584 0 0.0365111561866126 0.0608519269776876 0.0425963488843813 0.0547667342799189 0.101419878296146 0.0405679513184584 0.0385395537525355 0.103448275862069 0.135902636916836 0.206896551724138 0.0446247464503043 0.198782961460446 0.0385395537525355
"chrPic" 0.0324543610547667 0.0425963488843813 0.0365111561866126 0 0.0324543610547667 0.0446247464503043 0.0669371196754564 0.0933062880324544 0.0182555780933063 0.00202839756592292 0.0973630831643002 0.129817444219067 0.200811359026369 0.0182555780933063 0.196754563894523 0.00608519269776876
"cuoMcc" 0.0385395537525355 0.0689655172413793 0.0608519269776876 0.0324543610547667 0 0.0709939148073022 0.0892494929006085 0.113590263691684 0.024340770791075 0.0344827586206897 0.121703853955375 0.137931034482759 0.227180527383367 0.0446247464503043 0.212981744421907 0.0365111561866126
"derCor" 0.0649087221095335 0.0182555780933063 0.0425963488843813 0.0446247464503043 0.0709939148073022 0 0.0608519269776876 0.117647058823529 0.050709939148073 0.0446247464503043 0.111561866125761 0.14604462474645 0.21501014198783 0.050709939148073 0.221095334685598 0.0466531440162272
"derMaw" 0.0831643002028398 0.0628803245436105 0.0547667342799189 0.0669371196754564 0.0892494929006085 0.0608519269776876 0 0.121703853955375 0.0689655172413793 0.0689655172413793 0.117647058823529 0.150101419878296 0.212981744421907 0.0669371196754564 0.225152129817444 0.0689655172413793
"emySub" 0.115618661257606 0.113590263691684 0.101419878296146 0.0933062880324544 0.113590263691684 0.117647058823529 0.121703853955375 0 0.101419878296146 0.0953346855983773 0.0750507099391481 0.111561866125761 0.237322515212982 0.0993914807302231 0.204868154158215 0.0953346855983773
"gopAga" 0.0182555780933063 0.0527383367139959 0.0405679513184584 0.0182555780933063 0.024340770791075 0.050709939148073 0.0689655172413793 0.101419878296146 0 0.0202839756592292 0.0993914807302231 0.13184584178499 0.210953346855984 0.024340770791075 0.206896551724138 0.0202839756592292
"malTer" 0.0344827586206897 0.0446247464503043 0.0385395537525355 0.00202839756592292 0.0344827586206897 0.0446247464503043 0.0689655172413793 0.0953346855983773 0.0202839756592292 0 0.0993914807302231 0.127789046653144 0.200811359026369 0.0202839756592292 0.198782961460446 0.00811359026369168
"mesTub" 0.113590263691684 0.109533468559838 0.103448275862069 0.0973630831643002 0.121703853955375 0.111561866125761 0.117647058823529 0.0750507099391481 0.0993914807302231 0.0993914807302231 0 0.137931034482759 0.24340770791075 0.101419878296146 0.217038539553753 0.0993914807302231
"pelCas" 0.144016227180527 0.148073022312373 0.135902636916836 0.129817444219067 0.137931034482759 0.14604462474645 0.150101419878296 0.111561866125761 0.13184584178499 0.127789046653144 0.137931034482759 0 0.267748478701826 0.135902636916836 0.182555780933063 0.13184584178499
"pelSin" 0.221095334685598 0.210953346855984 0.206896551724138 0.200811359026369 0.227180527383367 0.21501014198783 0.212981744421907 0.237322515212982 0.210953346855984 0.200811359026369 0.24340770791075 0.267748478701826 0 0.202839756592292 0.288032454361055 0.202839756592292
"plaMeg" 0.0385395537525355 0.0527383367139959 0.0446247464503043 0.0182555780933063 0.0446247464503043 0.050709939148073 0.0669371196754564 0.0993914807302231 0.024340770791075 0.0202839756592292 0.101419878296146 0.135902636916836 0.202839756592292 0 0.206896551724138 0.0202839756592292
"podExp" 0.219066937119675 0.217038539553753 0.198782961460446 0.196754563894523 0.212981744421907 0.221095334685598 0.225152129817444 0.204868154158215 0.206896551724138 0.198782961460446 0.217038539553753 0.182555780933063 0.288032454361055 0.206896551724138 0 0.202839756592292
"terMex" 0.0304259634888438 0.0446247464503043 0.0385395537525355 0.00608519269776876 0.0365111561866126 0.0466531440162272 0.0689655172413793 0.0953346855983773 0.0202839756592292 0.00811359026369168 0.0993914807302231 0.13184584178499 0.202839756592292 0.0202839756592292 0.202839756592292 0
