"carIns" "cheMyd" "cheSer" "chrPic" "cuoAmb" "cuoMcc" "derCor" "derMaw" "emySub" "malTer" "mesTub" "pelCas" "pelSin" "plaMeg" "podExp" "terMex"
"carIns" 0 0.0429042904290429 0.0429042904290429 0.0462046204620462 0.0528052805280528 0.0429042904290429 0.0462046204620462 0.0363036303630363 0.0759075907590759 0.0693069306930693 0.0792079207920792 0.0726072607260726 0.0594059405940594 0.0462046204620462 0.0858085808580858 0.0495049504950495
"cheMyd" 0.0429042904290429 0 0.0297029702970297 0.0165016501650165 0.0231023102310231 0.0132013201320132 0.0033003300330033 0.0264026402640264 0.0528052805280528 0.0396039603960396 0.0528052805280528 0.0528052805280528 0.0429042904290429 0.0165016501650165 0.0693069306930693 0.0198019801980198
"cheSer" 0.0429042904290429 0.0297029702970297 0 0.0264026402640264 0.033003300330033 0.0231023102310231 0.033003300330033 0.0264026402640264 0.0627062706270627 0.0495049504950495 0.066006600660066 0.066006600660066 0.0528052805280528 0.0264026402640264 0.0792079207920792 0.0297029702970297
"chrPic" 0.0462046204620462 0.0165016501650165 0.0264026402640264 0 0.0132013201320132 0.0033003300330033 0.0198019801980198 0.0231023102310231 0.0495049504950495 0.0231023102310231 0.0528052805280528 0.0528052805280528 0.0396039603960396 0 0.066006600660066 0.0033003300330033
"cuoAmb" 0.0528052805280528 0.0231023102310231 0.033003300330033 0.0132013201320132 0 0.0099009900990099 0.0264026402640264 0.0297029702970297 0.0561056105610561 0.0363036303630363 0.0594059405940594 0.0528052805280528 0.0462046204620462 0.0132013201320132 0.066006600660066 0.0165016501650165
"cuoMcc" 0.0429042904290429 0.0132013201320132 0.0231023102310231 0.0033003300330033 0.0099009900990099 0 0.0165016501650165 0.0198019801980198 0.0462046204620462 0.0264026402640264 0.0495049504950495 0.0495049504950495 0.0363036303630363 0.0033003300330033 0.0627062706270627 0.0066006600660066
"derCor" 0.0462046204620462 0.0033003300330033 0.033003300330033 0.0198019801980198 0.0264026402640264 0.0165016501650165 0 0.0297029702970297 0.0528052805280528 0.0429042904290429 0.0528052805280528 0.0528052805280528 0.0462046204620462 0.0198019801980198 0.0726072607260726 0.0231023102310231
"derMaw" 0.0363036303630363 0.0264026402640264 0.0264026402640264 0.0231023102310231 0.0297029702970297 0.0198019801980198 0.0297029702970297 0 0.0594059405940594 0.0462046204620462 0.0627062706270627 0.0627062706270627 0.0429042904290429 0.0231023102310231 0.0693069306930693 0.0264026402640264
"emySub" 0.0759075907590759 0.0528052805280528 0.0627062706270627 0.0495049504950495 0.0561056105610561 0.0462046204620462 0.0528052805280528 0.0594059405940594 0 0.066006600660066 0.0396039603960396 0.0429042904290429 0.0561056105610561 0.0495049504950495 0.0693069306930693 0.0495049504950495
"malTer" 0.0693069306930693 0.0396039603960396 0.0495049504950495 0.0231023102310231 0.0363036303630363 0.0264026402640264 0.0429042904290429 0.0462046204620462 0.066006600660066 0 0.0693069306930693 0.0693069306930693 0.0561056105610561 0.0231023102310231 0.0825082508250825 0.0231023102310231
"mesTub" 0.0792079207920792 0.0528052805280528 0.066006600660066 0.0528052805280528 0.0594059405940594 0.0495049504950495 0.0528052805280528 0.0627062706270627 0.0396039603960396 0.0693069306930693 0 0.0462046204620462 0.066006600660066 0.0528052805280528 0.066006600660066 0.0528052805280528
"pelCas" 0.0726072607260726 0.0528052805280528 0.066006600660066 0.0528052805280528 0.0528052805280528 0.0495049504950495 0.0528052805280528 0.0627062706270627 0.0429042904290429 0.0693069306930693 0.0462046204620462 0 0.0528052805280528 0.0528052805280528 0.0528052805280528 0.0528052805280528
"pelSin" 0.0594059405940594 0.0429042904290429 0.0528052805280528 0.0396039603960396 0.0462046204620462 0.0363036303630363 0.0462046204620462 0.0429042904290429 0.0561056105610561 0.0561056105610561 0.066006600660066 0.0528052805280528 0 0.0396039603960396 0.066006600660066 0.0396039603960396
"plaMeg" 0.0462046204620462 0.0165016501650165 0.0264026402640264 0 0.0132013201320132 0.0033003300330033 0.0198019801980198 0.0231023102310231 0.0495049504950495 0.0231023102310231 0.0528052805280528 0.0528052805280528 0.0396039603960396 0 0.066006600660066 0.0033003300330033
"podExp" 0.0858085808580858 0.0693069306930693 0.0792079207920792 0.066006600660066 0.066006600660066 0.0627062706270627 0.0726072607260726 0.0693069306930693 0.0693069306930693 0.0825082508250825 0.066006600660066 0.0528052805280528 0.066006600660066 0.066006600660066 0 0.066006600660066
"terMex" 0.0495049504950495 0.0198019801980198 0.0297029702970297 0.0033003300330033 0.0165016501650165 0.0066006600660066 0.0231023102310231 0.0264026402640264 0.0495049504950495 0.0231023102310231 0.0528052805280528 0.0528052805280528 0.0396039603960396 0.0033003300330033 0.066006600660066 0
