"carIns" "cheMyd" "chrPic" "cuoAmb" "cuoMcc" "emySub" "gopAga" "pelSin" "plaMeg" "podExp"
"carIns" 0 0.0537634408602151 0.0559139784946237 0.0559139784946237 0.0537634408602151 0.391397849462366 0.0559139784946237 0.240860215053763 0.0559139784946237 0.281720430107527
"cheMyd" 0.0537634408602151 0 0.0279569892473118 0.0258064516129032 0.0236559139784946 0.36989247311828 0.0258064516129032 0.23010752688172 0.0301075268817204 0.266666666666667
"chrPic" 0.0559139784946237 0.0279569892473118 0 0.0193548387096774 0.0172043010752688 0.374193548387097 0.0236559139784946 0.240860215053763 0.0236559139784946 0.268817204301075
"cuoAmb" 0.0559139784946237 0.0258064516129032 0.0193548387096774 0 0.0021505376344086 0.365591397849462 0.0129032258064516 0.243010752688172 0.021505376344086 0.258064516129032
"cuoMcc" 0.0537634408602151 0.0236559139784946 0.0172043010752688 0.0021505376344086 0 0.365591397849462 0.010752688172043 0.240860215053763 0.0193548387096774 0.260215053763441
"emySub" 0.391397849462366 0.36989247311828 0.374193548387097 0.365591397849462 0.365591397849462 0 0.367741935483871 0.4 0.374193548387097 0.391397849462366
"gopAga" 0.0559139784946237 0.0258064516129032 0.0236559139784946 0.0129032258064516 0.010752688172043 0.367741935483871 0 0.238709677419355 0.021505376344086 0.26236559139785
"pelSin" 0.240860215053763 0.23010752688172 0.240860215053763 0.243010752688172 0.240860215053763 0.4 0.238709677419355 0 0.243010752688172 0.397849462365591
"plaMeg" 0.0559139784946237 0.0301075268817204 0.0236559139784946 0.021505376344086 0.0193548387096774 0.374193548387097 0.021505376344086 0.243010752688172 0 0.266666666666667
"podExp" 0.281720430107527 0.266666666666667 0.268817204301075 0.258064516129032 0.260215053763441 0.391397849462366 0.26236559139785 0.397849462365591 0.266666666666667 0
