"carIns" "cheAbi" "chrPic" "cuoAmb" "cuoMcc" "gopAga" "malTer" "pelCas" "pelSin" "plaMeg" "podExp"
"carIns" 0 0.0367647058823529 0.106617647058824 0.113970588235294 0.106617647058824 0.0404411764705882 0.0294117647058824 0.0257352941176471 0.0367647058823529 0.0367647058823529 0.0477941176470588
"cheAbi" 0.0367647058823529 0 0.0919117647058824 0.0808823529411765 0.0698529411764706 0.00367647058823529 0.0147058823529412 0.0220588235294118 0.0514705882352941 0.0147058823529412 0.0441176470588235
"chrPic" 0.106617647058824 0.0919117647058824 0 0.121323529411765 0.121323529411765 0.0882352941176471 0.0772058823529412 0.0919117647058824 0.117647058823529 0.0919117647058824 0.113970588235294
"cuoAmb" 0.113970588235294 0.0808823529411765 0.121323529411765 0 0.110294117647059 0.0772058823529412 0.0955882352941176 0.102941176470588 0.132352941176471 0.0955882352941176 0.125
"cuoMcc" 0.106617647058824 0.0698529411764706 0.121323529411765 0.110294117647059 0 0.0661764705882353 0.0845588235294118 0.0919117647058824 0.121323529411765 0.0845588235294118 0.113970588235294
"gopAga" 0.0404411764705882 0.00367647058823529 0.0882352941176471 0.0772058823529412 0.0661764705882353 0 0.0183823529411765 0.0257352941176471 0.0551470588235294 0.0183823529411765 0.0477941176470588
"malTer" 0.0294117647058824 0.0147058823529412 0.0772058823529412 0.0955882352941176 0.0845588235294118 0.0183823529411765 0 0.0147058823529412 0.0441176470588235 0.0147058823529412 0.0367647058823529
"pelCas" 0.0257352941176471 0.0220588235294118 0.0919117647058824 0.102941176470588 0.0919117647058824 0.0257352941176471 0.0147058823529412 0 0.0367647058823529 0.0220588235294118 0.0257352941176471
"pelSin" 0.0367647058823529 0.0514705882352941 0.117647058823529 0.132352941176471 0.121323529411765 0.0551470588235294 0.0441176470588235 0.0367647058823529 0 0.0514705882352941 0.0588235294117647
"plaMeg" 0.0367647058823529 0.0147058823529412 0.0919117647058824 0.0955882352941176 0.0845588235294118 0.0183823529411765 0.0147058823529412 0.0220588235294118 0.0514705882352941 0 0.0441176470588235
"podExp" 0.0477941176470588 0.0441176470588235 0.113970588235294 0.125 0.113970588235294 0.0477941176470588 0.0367647058823529 0.0257352941176471 0.0588235294117647 0.0441176470588235 0
