"carIns" "cheMyd" "chrPic" "cuoAmb" "cuoMcc" "derCor" "derMaw" "gopAga" "mesTub" "pelCas" "pelSin" "plaMeg" "podExp"
"carIns" 0 0.0654205607476635 0.0280373831775701 0.0514018691588785 0.191588785046729 0.0233644859813084 0.0654205607476635 0.0794392523364486 0.0607476635514019 0.0981308411214953 0.0747663551401869 0.0186915887850467 0.0420560747663551
"cheMyd" 0.0654205607476635 0 0.0560747663551402 0.0607476635514019 0.224299065420561 0.0514018691588785 0.0514018691588785 0.0794392523364486 0.102803738317757 0.102803738317757 0.0841121495327103 0.0467289719626168 0.0700934579439252
"chrPic" 0.0280373831775701 0.0560747663551402 0 0.0420560747663551 0.191588785046729 0.014018691588785 0.0560747663551402 0.0700934579439252 0.0654205607476635 0.088785046728972 0.0747663551401869 0.00934579439252336 0.0327102803738318
"cuoAmb" 0.0514018691588785 0.0607476635514019 0.0420560747663551 0 0.214953271028037 0.0280373831775701 0.0467289719626168 0.0607476635514019 0.088785046728972 0.0841121495327103 0.0654205607476635 0.0327102803738318 0.0560747663551402
"cuoMcc" 0.191588785046729 0.224299065420561 0.191588785046729 0.214953271028037 0 0.186915887850467 0.219626168224299 0.224299065420561 0.210280373831776 0.238317757009346 0.238317757009346 0.186915887850467 0.182242990654206
"derCor" 0.0233644859813084 0.0514018691588785 0.014018691588785 0.0280373831775701 0.186915887850467 0 0.0420560747663551 0.0607476635514019 0.0607476635514019 0.0747663551401869 0.0607476635514019 0.00467289719626168 0.0280373831775701
"derMaw" 0.0654205607476635 0.0514018691588785 0.0560747663551402 0.0467289719626168 0.219626168224299 0.0420560747663551 0 0.0794392523364486 0.102803738317757 0.0747663551401869 0.0560747663551402 0.0467289719626168 0.0700934579439252
"gopAga" 0.0794392523364486 0.0794392523364486 0.0700934579439252 0.0607476635514019 0.224299065420561 0.0607476635514019 0.0794392523364486 0 0.11214953271028 0.116822429906542 0.088785046728972 0.0607476635514019 0.0794392523364486
"mesTub" 0.0607476635514019 0.102803738317757 0.0654205607476635 0.088785046728972 0.210280373831776 0.0607476635514019 0.102803738317757 0.11214953271028 0 0.102803738317757 0.116822429906542 0.0560747663551402 0.0607476635514019
"pelCas" 0.0981308411214953 0.102803738317757 0.088785046728972 0.0841121495327103 0.238317757009346 0.0747663551401869 0.0747663551401869 0.116822429906542 0.102803738317757 0 0.0794392523364486 0.0794392523364486 0.0747663551401869
"pelSin" 0.0747663551401869 0.0841121495327103 0.0747663551401869 0.0654205607476635 0.238317757009346 0.0607476635514019 0.0560747663551402 0.088785046728972 0.116822429906542 0.0794392523364486 0 0.0654205607476635 0.088785046728972
"plaMeg" 0.0186915887850467 0.0467289719626168 0.00934579439252336 0.0327102803738318 0.186915887850467 0.00467289719626168 0.0467289719626168 0.0607476635514019 0.0560747663551402 0.0794392523364486 0.0654205607476635 0 0.0233644859813084
"podExp" 0.0420560747663551 0.0700934579439252 0.0327102803738318 0.0560747663551402 0.182242990654206 0.0280373831775701 0.0700934579439252 0.0794392523364486 0.0607476635514019 0.0747663551401869 0.088785046728972 0.0233644859813084 0
