"carIns" "cheAbi" "cheMyd" "cheSer" "chrPic" "cuoAmb" "cuoMcc" "emySub" "gopAga" "malTer" "mesTub" "pelCas" "podExp" "terMex"
"carIns" 0 0.101626016260163 0.16260162601626 0.0853658536585366 0.134146341463415 0.109756097560976 0.109756097560976 0.0934959349593496 0.0975609756097561 0.0975609756097561 0.0975609756097561 0.113821138211382 0.134146341463415 0.142276422764228
"cheAbi" 0.101626016260163 0 0.134146341463415 0.0731707317073171 0.0853658536585366 0.0447154471544715 0.0365853658536585 0.0894308943089431 0.024390243902439 0.0609756097560976 0.109756097560976 0.109756097560976 0.121951219512195 0.109756097560976
"cheMyd" 0.16260162601626 0.134146341463415 0 0.126016260162602 0.138211382113821 0.126016260162602 0.117886178861789 0.146341463414634 0.130081300813008 0.142276422764228 0.138211382113821 0.16260162601626 0.170731707317073 0.142276422764228
"cheSer" 0.0853658536585366 0.0731707317073171 0.126016260162602 0 0.101626016260163 0.0813008130081301 0.0691056910569106 0.0650406504065041 0.0691056910569106 0.0691056910569106 0.0853658536585366 0.0894308943089431 0.0934959349593496 0.117886178861789
"chrPic" 0.134146341463415 0.0853658536585366 0.138211382113821 0.101626016260163 0 0.0894308943089431 0.0813008130081301 0.126016260162602 0.0772357723577236 0.056910569105691 0.121951219512195 0.154471544715447 0.154471544715447 0.0894308943089431
"cuoAmb" 0.109756097560976 0.0447154471544715 0.126016260162602 0.0813008130081301 0.0894308943089431 0 0.024390243902439 0.0894308943089431 0.0365853658536585 0.0609756097560976 0.105691056910569 0.130081300813008 0.126016260162602 0.113821138211382
"cuoMcc" 0.109756097560976 0.0365853658536585 0.117886178861789 0.0691056910569106 0.0813008130081301 0.024390243902439 0 0.0813008130081301 0.0284552845528455 0.056910569105691 0.0975609756097561 0.121951219512195 0.117886178861789 0.105691056910569
"emySub" 0.0934959349593496 0.0894308943089431 0.146341463414634 0.0650406504065041 0.126016260162602 0.0894308943089431 0.0813008130081301 0 0.0772357723577236 0.0853658536585366 0.048780487804878 0.0853658536585366 0.0934959349593496 0.142276422764228
"gopAga" 0.0975609756097561 0.024390243902439 0.130081300813008 0.0691056910569106 0.0772357723577236 0.0365853658536585 0.0284552845528455 0.0772357723577236 0 0.0447154471544715 0.0934959349593496 0.101626016260163 0.113821138211382 0.0934959349593496
"malTer" 0.0975609756097561 0.0609756097560976 0.142276422764228 0.0691056910569106 0.056910569105691 0.0609756097560976 0.056910569105691 0.0853658536585366 0.0447154471544715 0 0.0975609756097561 0.113821138211382 0.121951219512195 0.0934959349593496
"mesTub" 0.0975609756097561 0.109756097560976 0.138211382113821 0.0853658536585366 0.121951219512195 0.105691056910569 0.0975609756097561 0.048780487804878 0.0934959349593496 0.0975609756097561 0 0.101626016260163 0.105691056910569 0.134146341463415
"pelCas" 0.113821138211382 0.109756097560976 0.16260162601626 0.0894308943089431 0.154471544715447 0.130081300813008 0.121951219512195 0.0853658536585366 0.101626016260163 0.113821138211382 0.101626016260163 0 0.0853658536585366 0.16260162601626
"podExp" 0.134146341463415 0.121951219512195 0.170731707317073 0.0934959349593496 0.154471544715447 0.126016260162602 0.117886178861789 0.0934959349593496 0.113821138211382 0.121951219512195 0.105691056910569 0.0853658536585366 0 0.170731707317073
"terMex" 0.142276422764228 0.109756097560976 0.142276422764228 0.117886178861789 0.0894308943089431 0.113821138211382 0.105691056910569 0.142276422764228 0.0934959349593496 0.0934959349593496 0.134146341463415 0.16260162601626 0.170731707317073 0
