"carIns" "cheAbi" "cheMyd" "cheSer" "chrPic" "cuoAmb" "cuoMcc" "derCor" "derMaw" "emySub" "gopAga" "malTer" "mesTub" "pelCas" "pelSin" "plaMeg" "podExp" "terMex"
"carIns" 0 0.0790123456790123 0.0938271604938272 0.0888888888888889 0.0814814814814815 0.0790123456790123 0.0765432098765432 0.0814814814814815 0.118518518518519 0.103703703703704 0.0839506172839506 0.0839506172839506 0.111111111111111 0.108641975308642 0.101234567901235 0.0765432098765432 0.118518518518519 0.0740740740740741
"cheAbi" 0.0790123456790123 0 0.0345679012345679 0.0444444444444444 0.0222222222222222 0.0123456790123457 0.0148148148148148 0.0246913580246914 0.0716049382716049 0.0790123456790123 0.017283950617284 0.0246913580246914 0.101234567901235 0.091358024691358 0.101234567901235 0.0222222222222222 0.106172839506173 0.0197530864197531
"cheMyd" 0.0938271604938272 0.0345679012345679 0 0.0518518518518519 0.0444444444444444 0.0395061728395062 0.037037037037037 0.0296296296296296 0.0740740740740741 0.0938271604938272 0.0444444444444444 0.0469135802469136 0.106172839506173 0.103703703703704 0.116049382716049 0.0395061728395062 0.11358024691358 0.037037037037037
"cheSer" 0.0888888888888889 0.0444444444444444 0.0518518518518519 0 0.0419753086419753 0.0444444444444444 0.0469135802469136 0.0567901234567901 0.0666666666666667 0.103703703703704 0.054320987654321 0.0444444444444444 0.116049382716049 0.0987654320987654 0.11358024691358 0.037037037037037 0.108641975308642 0.0469135802469136
"chrPic" 0.0814814814814815 0.0222222222222222 0.0444444444444444 0.0419753086419753 0 0.0222222222222222 0.0246913580246914 0.0345679012345679 0.0740740740740741 0.0864197530864197 0.0320987654320988 0.017283950617284 0.103703703703704 0.0938271604938272 0.101234567901235 0.0197530864197531 0.106172839506173 0.0246913580246914
"cuoAmb" 0.0790123456790123 0.0123456790123457 0.0395061728395062 0.0444444444444444 0.0222222222222222 0 0.00740740740740741 0.0296296296296296 0.0765432098765432 0.0839506172839506 0.0197530864197531 0.0246913580246914 0.101234567901235 0.091358024691358 0.101234567901235 0.0222222222222222 0.111111111111111 0.0222222222222222
"cuoMcc" 0.0765432098765432 0.0148148148148148 0.037037037037037 0.0469135802469136 0.0246913580246914 0.00740740740740741 0 0.0271604938271605 0.0740740740740741 0.0790123456790123 0.0197530864197531 0.0271604938271605 0.0962962962962963 0.0864197530864197 0.0962962962962963 0.0246913580246914 0.106172839506173 0.0246913580246914
"derCor" 0.0814814814814815 0.0246913580246914 0.0296296296296296 0.0567901234567901 0.0345679012345679 0.0296296296296296 0.0271604938271605 0 0.0740740740740741 0.0790123456790123 0.0296296296296296 0.037037037037037 0.091358024691358 0.0938271604938272 0.106172839506173 0.0345679012345679 0.0987654320987654 0.0246913580246914
"derMaw" 0.118518518518519 0.0716049382716049 0.0740740740740741 0.0666666666666667 0.0740740740740741 0.0765432098765432 0.0740740740740741 0.0740740740740741 0 0.118518518518519 0.0814814814814815 0.0740740740740741 0.130864197530864 0.130864197530864 0.140740740740741 0.0691358024691358 0.135802469135802 0.0716049382716049
"emySub" 0.103703703703704 0.0790123456790123 0.0938271604938272 0.103703703703704 0.0864197530864197 0.0839506172839506 0.0790123456790123 0.0790123456790123 0.118518518518519 0 0.0839506172839506 0.0864197530864197 0.0469135802469136 0.0666666666666667 0.116049382716049 0.0814814814814815 0.0765432098765432 0.0790123456790123
"gopAga" 0.0839506172839506 0.017283950617284 0.0444444444444444 0.054320987654321 0.0320987654320988 0.0197530864197531 0.0197530864197531 0.0296296296296296 0.0814814814814815 0.0839506172839506 0 0.0345679012345679 0.101234567901235 0.0962962962962963 0.101234567901235 0.0320987654320988 0.101234567901235 0.0271604938271605
"malTer" 0.0839506172839506 0.0246913580246914 0.0469135802469136 0.0444444444444444 0.017283950617284 0.0246913580246914 0.0271604938271605 0.037037037037037 0.0740740740740741 0.0864197530864197 0.0345679012345679 0 0.101234567901235 0.0962962962962963 0.101234567901235 0.0222222222222222 0.111111111111111 0.0271604938271605
"mesTub" 0.111111111111111 0.101234567901235 0.106172839506173 0.116049382716049 0.103703703703704 0.101234567901235 0.0962962962962963 0.091358024691358 0.130864197530864 0.0469135802469136 0.101234567901235 0.101234567901235 0 0.0839506172839506 0.116049382716049 0.0888888888888889 0.0938271604938272 0.091358024691358
"pelCas" 0.108641975308642 0.091358024691358 0.103703703703704 0.0987654320987654 0.0938271604938272 0.091358024691358 0.0864197530864197 0.0938271604938272 0.130864197530864 0.0666666666666667 0.0962962962962963 0.0962962962962963 0.0839506172839506 0 0.123456790123457 0.0839506172839506 0.0790123456790123 0.0888888888888889
"pelSin" 0.101234567901235 0.101234567901235 0.116049382716049 0.11358024691358 0.101234567901235 0.101234567901235 0.0962962962962963 0.106172839506173 0.140740740740741 0.116049382716049 0.101234567901235 0.101234567901235 0.116049382716049 0.123456790123457 0 0.091358024691358 0.130864197530864 0.0987654320987654
"plaMeg" 0.0765432098765432 0.0222222222222222 0.0395061728395062 0.037037037037037 0.0197530864197531 0.0222222222222222 0.0246913580246914 0.0345679012345679 0.0691358024691358 0.0814814814814815 0.0320987654320988 0.0222222222222222 0.0888888888888889 0.0839506172839506 0.091358024691358 0 0.0987654320987654 0.0197530864197531
"podExp" 0.118518518518519 0.106172839506173 0.11358024691358 0.108641975308642 0.106172839506173 0.111111111111111 0.106172839506173 0.0987654320987654 0.135802469135802 0.0765432098765432 0.101234567901235 0.111111111111111 0.0938271604938272 0.0790123456790123 0.130864197530864 0.0987654320987654 0 0.0987654320987654
"terMex" 0.0740740740740741 0.0197530864197531 0.037037037037037 0.0469135802469136 0.0246913580246914 0.0222222222222222 0.0246913580246914 0.0246913580246914 0.0716049382716049 0.0790123456790123 0.0271604938271605 0.0271604938271605 0.091358024691358 0.0888888888888889 0.0987654320987654 0.0197530864197531 0.0987654320987654 0
