"carIns" "cheAbi" "cheMyd" "cheSer" "chrPic" "cuoAmb" "cuoMcc" "derCor" "derMaw" "emySub" "gopAga" "malTer" "mesTub" "pelCas" "pelSin" "plaMeg" "podExp" "terMex"
"carIns" 0 0.115384615384615 0.0948717948717949 0.0974358974358974 0.1 0.0948717948717949 0.105128205128205 0.102564102564103 0.102564102564103 0.117948717948718 0.0923076923076923 0.0948717948717949 0.117948717948718 0.120512820512821 0.0846153846153846 0.0871794871794872 0.138461538461538 0.0897435897435897
"cheAbi" 0.115384615384615 0 0.0717948717948718 0.0769230769230769 0.0641025641025641 0.041025641025641 0.0461538461538462 0.0794871794871795 0.0794871794871795 0.112820512820513 0.0333333333333333 0.0641025641025641 0.11025641025641 0.125641025641026 0.0974358974358974 0.0512820512820513 0.148717948717949 0.0538461538461538
"cheMyd" 0.0948717948717949 0.0717948717948718 0 0.0435897435897436 0.0512820512820513 0.0538461538461538 0.058974358974359 0.0230769230769231 0.0435897435897436 0.0923076923076923 0.0564102564102564 0.0512820512820513 0.0923076923076923 0.107692307692308 0.0794871794871795 0.0384615384615385 0.115384615384615 0.041025641025641
"cheSer" 0.0974358974358974 0.0769230769230769 0.0435897435897436 0 0.0384615384615385 0.0461538461538462 0.0564102564102564 0.0461538461538462 0.0384615384615385 0.0846153846153846 0.0538461538461538 0.0435897435897436 0.0769230769230769 0.0948717948717949 0.0666666666666667 0.0256410256410256 0.128205128205128 0.0333333333333333
"chrPic" 0.1 0.0641025641025641 0.0512820512820513 0.0384615384615385 0 0.0384615384615385 0.0487179487179487 0.0538461538461538 0.041025641025641 0.0897435897435897 0.041025641025641 0.0153846153846154 0.0871794871794872 0.0923076923076923 0.0743589743589744 0.0128205128205128 0.125641025641026 0.0102564102564103
"cuoAmb" 0.0948717948717949 0.041025641025641 0.0538461538461538 0.0461538461538462 0.0384615384615385 0 0.0102564102564103 0.0615384615384615 0.0487179487179487 0.0923076923076923 0.0230769230769231 0.0384615384615385 0.0846153846153846 0.105128205128205 0.0769230769230769 0.0256410256410256 0.130769230769231 0.0333333333333333
"cuoMcc" 0.105128205128205 0.0461538461538462 0.058974358974359 0.0564102564102564 0.0487179487179487 0.0102564102564103 0 0.0564102564102564 0.058974358974359 0.1 0.0282051282051282 0.0487179487179487 0.0948717948717949 0.105128205128205 0.082051282051282 0.0358974358974359 0.130769230769231 0.0435897435897436
"derCor" 0.102564102564103 0.0794871794871795 0.0230769230769231 0.0461538461538462 0.0538461538461538 0.0615384615384615 0.0564102564102564 0 0.0461538461538462 0.0897435897435897 0.0641025641025641 0.0538461538461538 0.0897435897435897 0.0948717948717949 0.0769230769230769 0.041025641025641 0.112820512820513 0.0435897435897436
"derMaw" 0.102564102564103 0.0794871794871795 0.0435897435897436 0.0384615384615385 0.041025641025641 0.0487179487179487 0.058974358974359 0.0461538461538462 0 0.0897435897435897 0.0564102564102564 0.0435897435897436 0.0846153846153846 0.0974358974358974 0.0692307692307692 0.0282051282051282 0.107692307692308 0.0358974358974359
"emySub" 0.117948717948718 0.112820512820513 0.0923076923076923 0.0846153846153846 0.0897435897435897 0.0923076923076923 0.1 0.0897435897435897 0.0897435897435897 0 0.0923076923076923 0.0948717948717949 0.0307692307692308 0.0794871794871795 0.082051282051282 0.0769230769230769 0.1 0.0846153846153846
"gopAga" 0.0923076923076923 0.0333333333333333 0.0564102564102564 0.0538461538461538 0.041025641025641 0.0230769230769231 0.0282051282051282 0.0641025641025641 0.0564102564102564 0.0923076923076923 0 0.041025641025641 0.0923076923076923 0.0974358974358974 0.0743589743589744 0.0282051282051282 0.135897435897436 0.0358974358974359
"malTer" 0.0948717948717949 0.0641025641025641 0.0512820512820513 0.0435897435897436 0.0153846153846154 0.0384615384615385 0.0487179487179487 0.0538461538461538 0.0435897435897436 0.0948717948717949 0.041025641025641 0 0.0923076923076923 0.102564102564103 0.0794871794871795 0.0179487179487179 0.130769230769231 0.0153846153846154
"mesTub" 0.117948717948718 0.11025641025641 0.0923076923076923 0.0769230769230769 0.0871794871794872 0.0846153846153846 0.0948717948717949 0.0897435897435897 0.0846153846153846 0.0307692307692308 0.0923076923076923 0.0923076923076923 0 0.0794871794871795 0.082051282051282 0.0743589743589744 0.0974358974358974 0.082051282051282
"pelCas" 0.120512820512821 0.125641025641026 0.107692307692308 0.0948717948717949 0.0923076923076923 0.105128205128205 0.105128205128205 0.0948717948717949 0.0974358974358974 0.0794871794871795 0.0974358974358974 0.102564102564103 0.0794871794871795 0 0.0948717948717949 0.0846153846153846 0.0974358974358974 0.0923076923076923
"pelSin" 0.0846153846153846 0.0974358974358974 0.0794871794871795 0.0666666666666667 0.0743589743589744 0.0769230769230769 0.082051282051282 0.0769230769230769 0.0692307692307692 0.082051282051282 0.0743589743589744 0.0794871794871795 0.082051282051282 0.0948717948717949 0 0.0615384615384615 0.112820512820513 0.0692307692307692
"plaMeg" 0.0871794871794872 0.0512820512820513 0.0384615384615385 0.0256410256410256 0.0128205128205128 0.0256410256410256 0.0358974358974359 0.041025641025641 0.0282051282051282 0.0769230769230769 0.0282051282051282 0.0179487179487179 0.0743589743589744 0.0846153846153846 0.0615384615384615 0 0.117948717948718 0.00769230769230769
"podExp" 0.138461538461538 0.148717948717949 0.115384615384615 0.128205128205128 0.125641025641026 0.130769230769231 0.130769230769231 0.112820512820513 0.107692307692308 0.1 0.135897435897436 0.130769230769231 0.0974358974358974 0.0974358974358974 0.112820512820513 0.117948717948718 0 0.120512820512821
"terMex" 0.0897435897435897 0.0538461538461538 0.041025641025641 0.0333333333333333 0.0102564102564103 0.0333333333333333 0.0435897435897436 0.0435897435897436 0.0358974358974359 0.0846153846153846 0.0358974358974359 0.0153846153846154 0.082051282051282 0.0923076923076923 0.0692307692307692 0.00769230769230769 0.120512820512821 0
