"cheAbi" "chrPic" "cuoAmb" "cuoMcc" "derCor" "derMaw" "gopAga" "malTer" "pelCas" "pelSin" "plaMeg" "podExp" "terMex"
"cheAbi" 0 0.14070351758794 0.201005025125628 0.190954773869347 0.150753768844221 0.14572864321608 0.125628140703518 0.150753768844221 0.231155778894472 0.180904522613065 0.130653266331658 0.175879396984925 0.14070351758794
"chrPic" 0.14070351758794 0 0.0904522613065327 0.085427135678392 0.0351758793969849 0.0301507537688442 0.0301507537688442 0.0150753768844221 0.100502512562814 0.0552763819095477 0.0150753768844221 0.0452261306532663 0.0100502512562814
"cuoAmb" 0.201005025125628 0.0904522613065327 0 0.0703517587939698 0.105527638190955 0.100502512562814 0.0904522613065327 0.105527638190955 0.125628140703518 0.135678391959799 0.085427135678392 0.120603015075377 0.0954773869346734
"cuoMcc" 0.190954773869347 0.085427135678392 0.0703517587939698 0 0.0904522613065327 0.085427135678392 0.0753768844221105 0.0904522613065327 0.110552763819095 0.130653266331658 0.0703517587939698 0.110552763819095 0.0804020100502513
"derCor" 0.150753768844221 0.0351758793969849 0.105527638190955 0.0904522613065327 0 0.0251256281407035 0.0351758793969849 0.0402010050251256 0.110552763819095 0.0703517587939698 0.0201005025125628 0.0552763819095477 0.0351758793969849
"derMaw" 0.14572864321608 0.0301507537688442 0.100502512562814 0.085427135678392 0.0251256281407035 0 0.0301507537688442 0.0351758793969849 0.120603015075377 0.0753768844221105 0.0150753768844221 0.0653266331658292 0.0301507537688442
"gopAga" 0.125628140703518 0.0301507537688442 0.0904522613065327 0.0753768844221105 0.0351758793969849 0.0301507537688442 0 0.0351758793969849 0.120603015075377 0.0753768844221105 0.0150753768844221 0.0653266331658292 0.0251256281407035
"malTer" 0.150753768844221 0.0150753768844221 0.105527638190955 0.0904522613065327 0.0402010050251256 0.0351758793969849 0.0351758793969849 0 0.115577889447236 0.0703517587939698 0.0201005025125628 0.0603015075376884 0.0150753768844221
"pelCas" 0.231155778894472 0.100502512562814 0.125628140703518 0.110552763819095 0.110552763819095 0.120603015075377 0.120603015075377 0.115577889447236 0 0.135678391959799 0.105527638190955 0.0954773869346734 0.110552763819095
"pelSin" 0.180904522613065 0.0552763819095477 0.135678391959799 0.130653266331658 0.0703517587939698 0.0753768844221105 0.0753768844221105 0.0703517587939698 0.135678391959799 0 0.0603015075376884 0.0703517587939698 0.0653266331658292
"plaMeg" 0.130653266331658 0.0150753768844221 0.085427135678392 0.0703517587939698 0.0201005025125628 0.0150753768844221 0.0150753768844221 0.0201005025125628 0.105527638190955 0.0603015075376884 0 0.050251256281407 0.0150753768844221
"podExp" 0.175879396984925 0.0452261306532663 0.120603015075377 0.110552763819095 0.0552763819095477 0.0653266331658292 0.0653266331658292 0.0603015075376884 0.0954773869346734 0.0703517587939698 0.050251256281407 0 0.0552763819095477
"terMex" 0.14070351758794 0.0100502512562814 0.0954773869346734 0.0804020100502513 0.0351758793969849 0.0301507537688442 0.0251256281407035 0.0150753768844221 0.110552763819095 0.0653266331658292 0.0150753768844221 0.0552763819095477 0
