"carIns" "cheAbi" "cheMyd" "cheSer" "chrPic" "cuoAmb" "cuoMcc" "derCor" "derMaw" "emySub" "gopAga" "malTer" "mesTub" "pelCas" "pelSin" "plaMeg" "podExp" "terMex"
"carIns" 0 0.0852713178294574 0.116279069767442 0.0852713178294574 0.0956072351421189 0.0852713178294574 0.0878552971576227 0.116279069767442 0.0981912144702842 0.0956072351421189 0.10077519379845 0.0956072351421189 0.108527131782946 0.126614987080103 0.0930232558139535 0.0878552971576227 0.121447028423773 0.0878552971576227
"cheAbi" 0.0852713178294574 0 0.0568475452196382 0.0258397932816537 0.0361757105943152 0.020671834625323 0.0232558139534884 0.0671834625322997 0.041343669250646 0.062015503875969 0.0258397932816537 0.041343669250646 0.0749354005167959 0.116279069767442 0.0801033591731266 0.0284237726098191 0.10594315245478 0.0284237726098191
"cheMyd" 0.116279069767442 0.0568475452196382 0 0.0542635658914729 0.0645994832041344 0.0490956072351421 0.0568475452196382 0.0516795865633075 0.0645994832041344 0.0878552971576227 0.0671834625322997 0.0697674418604651 0.10077519379845 0.136950904392765 0.108527131782946 0.0490956072351421 0.124031007751938 0.0568475452196382
"cheSer" 0.0852713178294574 0.0258397932816537 0.0542635658914729 0 0.0258397932816537 0.020671834625323 0.0232558139534884 0.062015503875969 0.0310077519379845 0.0568475452196382 0.0361757105943152 0.0310077519379845 0.0697674418604651 0.108527131782946 0.0749354005167959 0.0232558139534884 0.10077519379845 0.0232558139534884
"chrPic" 0.0956072351421189 0.0361757105943152 0.0645994832041344 0.0258397932816537 0 0.0310077519379845 0.0335917312661499 0.0723514211886305 0.0465116279069767 0.0671834625322997 0.0465116279069767 0.0103359173126615 0.0801033591731266 0.121447028423773 0.0852713178294574 0.0284237726098191 0.10594315245478 0.0180878552971576
"cuoAmb" 0.0852713178294574 0.020671834625323 0.0490956072351421 0.020671834625323 0.0310077519379845 0 0.0129198966408269 0.062015503875969 0.0361757105943152 0.0568475452196382 0.0310077519379845 0.0361757105943152 0.0697674418604651 0.10594315245478 0.0749354005167959 0.0232558139534884 0.10077519379845 0.0232558139534884
"cuoMcc" 0.0878552971576227 0.0232558139534884 0.0568475452196382 0.0232558139534884 0.0335917312661499 0.0129198966408269 0 0.0645994832041344 0.0387596899224806 0.0594315245478036 0.0335917312661499 0.0387596899224806 0.0723514211886305 0.113695090439276 0.0775193798449612 0.0258397932816537 0.103359173126615 0.0258397932816537
"derCor" 0.116279069767442 0.0671834625322997 0.0516795865633075 0.062015503875969 0.0723514211886305 0.062015503875969 0.0645994832041344 0 0.0723514211886305 0.0904392764857881 0.0723514211886305 0.0723514211886305 0.103359173126615 0.142118863049096 0.116279069767442 0.0542635658914729 0.129198966408269 0.0645994832041344
"derMaw" 0.0981912144702842 0.041343669250646 0.0645994832041344 0.0310077519379845 0.0465116279069767 0.0361757105943152 0.0387596899224806 0.0723514211886305 0 0.0697674418604651 0.0516795865633075 0.0516795865633075 0.082687338501292 0.121447028423773 0.082687338501292 0.0335917312661499 0.108527131782946 0.0387596899224806
"emySub" 0.0956072351421189 0.062015503875969 0.0878552971576227 0.0568475452196382 0.0671834625322997 0.0568475452196382 0.0594315245478036 0.0904392764857881 0.0697674418604651 0 0.0671834625322997 0.0671834625322997 0.0155038759689922 0.0645994832041344 0.082687338501292 0.0490956072351421 0.0516795865633075 0.0568475452196382
"gopAga" 0.10077519379845 0.0258397932816537 0.0671834625322997 0.0361757105943152 0.0465116279069767 0.0310077519379845 0.0335917312661499 0.0723514211886305 0.0516795865633075 0.0671834625322997 0 0.0465116279069767 0.0801033591731266 0.121447028423773 0.0904392764857881 0.0387596899224806 0.111111111111111 0.0387596899224806
"malTer" 0.0956072351421189 0.041343669250646 0.0697674418604651 0.0310077519379845 0.0103359173126615 0.0361757105943152 0.0387596899224806 0.0723514211886305 0.0516795865633075 0.0671834625322997 0.0465116279069767 0 0.0801033591731266 0.116279069767442 0.0904392764857881 0.0335917312661499 0.10594315245478 0.0232558139534884
"mesTub" 0.108527131782946 0.0749354005167959 0.10077519379845 0.0697674418604651 0.0801033591731266 0.0697674418604651 0.0723514211886305 0.103359173126615 0.082687338501292 0.0155038759689922 0.0801033591731266 0.0801033591731266 0 0.0775193798449612 0.0956072351421189 0.062015503875969 0.062015503875969 0.0697674418604651
"pelCas" 0.126614987080103 0.116279069767442 0.136950904392765 0.108527131782946 0.121447028423773 0.10594315245478 0.113695090439276 0.142118863049096 0.121447028423773 0.0645994832041344 0.121447028423773 0.116279069767442 0.0775193798449612 0 0.126614987080103 0.10594315245478 0.0775193798449612 0.111111111111111
"pelSin" 0.0930232558139535 0.0801033591731266 0.108527131782946 0.0749354005167959 0.0852713178294574 0.0749354005167959 0.0775193798449612 0.116279069767442 0.082687338501292 0.082687338501292 0.0904392764857881 0.0904392764857881 0.0956072351421189 0.126614987080103 0 0.0775193798449612 0.118863049095607 0.0775193798449612
"plaMeg" 0.0878552971576227 0.0284237726098191 0.0490956072351421 0.0232558139534884 0.0284237726098191 0.0232558139534884 0.0258397932816537 0.0542635658914729 0.0335917312661499 0.0490956072351421 0.0387596899224806 0.0335917312661499 0.062015503875969 0.10594315245478 0.0775193798449612 0 0.0930232558139535 0.020671834625323
"podExp" 0.121447028423773 0.10594315245478 0.124031007751938 0.10077519379845 0.10594315245478 0.10077519379845 0.103359173126615 0.129198966408269 0.108527131782946 0.0516795865633075 0.111111111111111 0.10594315245478 0.062015503875969 0.0775193798449612 0.118863049095607 0.0930232558139535 0 0.0981912144702842
"terMex" 0.0878552971576227 0.0284237726098191 0.0568475452196382 0.0232558139534884 0.0180878552971576 0.0232558139534884 0.0258397932816537 0.0645994832041344 0.0387596899224806 0.0568475452196382 0.0387596899224806 0.0232558139534884 0.0697674418604651 0.111111111111111 0.0775193798449612 0.020671834625323 0.0981912144702842 0
