"carIns" "cheAbi" "cheMyd" "cheSer" "chrPic" "cuoAmb" "cuoMcc" "derCor" "derMaw" "emySub" "gopAga" "malTer" "pelCas" "pelSin"
"carIns" 0 0.125874125874126 0.118881118881119 0.118881118881119 0.118881118881119 0.122377622377622 0.125874125874126 0.118881118881119 0.122377622377622 0.118881118881119 0.132867132867133 0.111888111888112 0.118881118881119 0.318181818181818
"cheAbi" 0.125874125874126 0 0.0594405594405594 0.0944055944055944 0.0524475524475524 0.041958041958042 0.048951048951049 0.0804195804195804 0.101398601398601 0.104895104895105 0.0664335664335664 0.0594405594405594 0.104895104895105 0.307692307692308
"cheMyd" 0.118881118881119 0.0594405594405594 0 0.0734265734265734 0.0594405594405594 0.0664335664335664 0.0699300699300699 0.0594405594405594 0.0874125874125874 0.0944055944055944 0.0874125874125874 0.0594405594405594 0.0944055944055944 0.314685314685315
"cheSer" 0.118881118881119 0.0944055944055944 0.0734265734265734 0 0.0874125874125874 0.0524475524475524 0.0559440559440559 0.048951048951049 0.0594405594405594 0.0734265734265734 0.0734265734265734 0.0839160839160839 0.0804195804195804 0.314685314685315
"chrPic" 0.118881118881119 0.0524475524475524 0.0594405594405594 0.0874125874125874 0 0.0559440559440559 0.0629370629370629 0.0734265734265734 0.0979020979020979 0.0909090909090909 0.0769230769230769 0.00699300699300699 0.0979020979020979 0.321678321678322
"cuoAmb" 0.122377622377622 0.041958041958042 0.0664335664335664 0.0524475524475524 0.0559440559440559 0 0.00699300699300699 0.0384615384615385 0.0594405594405594 0.0734265734265734 0.027972027972028 0.0629370629370629 0.0699300699300699 0.311188811188811
"cuoMcc" 0.125874125874126 0.048951048951049 0.0699300699300699 0.0559440559440559 0.0629370629370629 0.00699300699300699 0 0.041958041958042 0.0594405594405594 0.0769230769230769 0.027972027972028 0.0699300699300699 0.0734265734265734 0.314685314685315
"derCor" 0.118881118881119 0.0804195804195804 0.0594405594405594 0.048951048951049 0.0734265734265734 0.0384615384615385 0.041958041958042 0 0.0664335664335664 0.0804195804195804 0.0664335664335664 0.0734265734265734 0.0734265734265734 0.321678321678322
"derMaw" 0.122377622377622 0.101398601398601 0.0874125874125874 0.0594405594405594 0.0979020979020979 0.0594405594405594 0.0594405594405594 0.0664335664335664 0 0.0874125874125874 0.0804195804195804 0.101398601398601 0.0909090909090909 0.314685314685315
"emySub" 0.118881118881119 0.104895104895105 0.0944055944055944 0.0734265734265734 0.0909090909090909 0.0734265734265734 0.0769230769230769 0.0804195804195804 0.0874125874125874 0 0.101398601398601 0.0944055944055944 0.0699300699300699 0.314685314685315
"gopAga" 0.132867132867133 0.0664335664335664 0.0874125874125874 0.0734265734265734 0.0769230769230769 0.027972027972028 0.027972027972028 0.0664335664335664 0.0804195804195804 0.101398601398601 0 0.0839160839160839 0.0979020979020979 0.325174825174825
"malTer" 0.111888111888112 0.0594405594405594 0.0594405594405594 0.0839160839160839 0.00699300699300699 0.0629370629370629 0.0699300699300699 0.0734265734265734 0.101398601398601 0.0944055944055944 0.0839160839160839 0 0.0979020979020979 0.325174825174825
"pelCas" 0.118881118881119 0.104895104895105 0.0944055944055944 0.0804195804195804 0.0979020979020979 0.0699300699300699 0.0734265734265734 0.0734265734265734 0.0909090909090909 0.0699300699300699 0.0979020979020979 0.0979020979020979 0 0.325174825174825
"pelSin" 0.318181818181818 0.307692307692308 0.314685314685315 0.314685314685315 0.321678321678322 0.311188811188811 0.314685314685315 0.321678321678322 0.314685314685315 0.314685314685315 0.325174825174825 0.325174825174825 0.325174825174825 0
