"carIns" "cheAbi" "cheMyd" "cheSer" "chrPic" "cuoAmb" "cuoMcc" "derCor" "derMaw" "emySub" "gopAga" "malTer" "mesTub" "pelCas" "pelSin" "plaMeg" "podExp" "terMex"
"carIns" 0 0.0735863671572424 0.0687451587916344 0.0639039504260263 0.0656467854376452 0.0644848954298993 0.0644848954298993 0.0720371804802479 0.0714562354763749 0.160728117738187 0.0718435321456235 0.0644848954298993 0.0809450038729667 0.092563903950426 0.0646785437645236 0.063129357087529 0.097986057319907 0.0635166537567777
"cheAbi" 0.0735863671572424 0 0.0431835786212239 0.0352439969016266 0.028853601859024 0.0197521301316809 0.0209140201394268 0.0453137103020914 0.046862896979086 0.143493415956623 0.0183965917893106 0.029434546862897 0.0629357087529047 0.0770720371804803 0.0639039504260263 0.0263361735089078 0.0850116189000775 0.0278853601859024
"cheMyd" 0.0687451587916344 0.0431835786212239 0 0.0251742835011619 0.0315646785437645 0.0315646785437645 0.0319519752130132 0.0226568551510457 0.0358249419054996 0.13439194422928 0.0416343919442293 0.0319519752130132 0.0573199070487994 0.0722308288148722 0.0571262587141751 0.0290472501936483 0.081138652207591 0.028853601859024
"cheSer" 0.0639039504260263 0.0352439969016266 0.0251742835011619 0 0.0236250968241673 0.0242060418280403 0.0245933384972889 0.0290472501936483 0.0305964368706429 0.132261812548412 0.0329202168861348 0.0238187451587916 0.0507358636715724 0.0654531371030209 0.0509295120061967 0.0205267234701782 0.0730054221533695 0.0211076684740511
"chrPic" 0.0656467854376452 0.028853601859024 0.0315646785437645 0.0236250968241673 0 0.0182029434546863 0.0182029434546863 0.0352439969016266 0.0367931835786212 0.134004647560031 0.0269171185127808 0.00619674670797831 0.0524786986831913 0.0679705654531371 0.0538342370255616 0.0141363284275755 0.0770720371804803 0.0106506584043377
"cuoAmb" 0.0644848954298993 0.0197521301316809 0.0315646785437645 0.0242060418280403 0.0182029434546863 0 0.0034856700232378 0.0346630518977537 0.0360185902401239 0.135553834237026 0.0164601084430674 0.0183965917893106 0.0526723470178156 0.0687451587916344 0.0548024786986832 0.0139426800929512 0.0778466305189775 0.0156855151045701
"cuoMcc" 0.0644848954298993 0.0209140201394268 0.0319519752130132 0.0245933384972889 0.0182029434546863 0.0034856700232378 0 0.0358249419054996 0.0367931835786212 0.136134779240899 0.017428350116189 0.0182029434546863 0.0534469403563129 0.069713400464756 0.0549961270333075 0.0151045701006971 0.0784275755228505 0.0160728117738187
"derCor" 0.0720371804802479 0.0453137103020914 0.0226568551510457 0.0290472501936483 0.0352439969016266 0.0346630518977537 0.0358249419054996 0 0.0404725019364833 0.138264910921766 0.0449264136328428 0.0350503485670023 0.0613865220759101 0.0766847405112316 0.0604182804027885 0.0317583268783888 0.0828814872192099 0.0331138652207591
"derMaw" 0.0714562354763749 0.046862896979086 0.0358249419054996 0.0305964368706429 0.0367931835786212 0.0360185902401239 0.0367931835786212 0.0404725019364833 0 0.143106119287374 0.046281951975213 0.0365995352439969 0.0627420604182804 0.0772656855151046 0.058288148721921 0.0336948102246321 0.0850116189000775 0.034275755228505
"emySub" 0.160728117738187 0.143493415956623 0.13439194422928 0.132261812548412 0.134004647560031 0.135553834237026 0.136134779240899 0.138264910921766 0.143106119287374 0 0.142137877614253 0.13439194422928 0.114446165762974 0.137877614252517 0.152982184353215 0.132261812548412 0.146204492641363 0.132842757552285
"gopAga" 0.0718435321456235 0.0183965917893106 0.0416343919442293 0.0329202168861348 0.0269171185127808 0.0164601084430674 0.017428350116189 0.0449264136328428 0.046281951975213 0.142137877614253 0 0.0278853601859024 0.0608055770720372 0.0741673121611154 0.0627420604182804 0.0245933384972889 0.0838497288923315 0.0261425251742835
"malTer" 0.0644848954298993 0.029434546862897 0.0319519752130132 0.0238187451587916 0.00619674670797831 0.0183965917893106 0.0182029434546863 0.0350503485670023 0.0365995352439969 0.13439194422928 0.0278853601859024 0 0.0520914020139427 0.0681642137877614 0.05286599535244 0.0143299767621998 0.0764910921766073 0.010844306738962
"mesTub" 0.0809450038729667 0.0629357087529047 0.0573199070487994 0.0507358636715724 0.0524786986831913 0.0526723470178156 0.0534469403563129 0.0613865220759101 0.0627420604182804 0.114446165762974 0.0608055770720372 0.0520914020139427 0 0.0608055770720372 0.0716498838109992 0.0507358636715724 0.0681642137877614 0.0501549186676995
"pelCas" 0.092563903950426 0.0770720371804803 0.0722308288148722 0.0654531371030209 0.0679705654531371 0.0687451587916344 0.069713400464756 0.0766847405112316 0.0772656855151046 0.137877614252517 0.0741673121611154 0.0681642137877614 0.0608055770720372 0 0.0830751355538342 0.0652594887683966 0.0639039504260263 0.0662277304415182
"pelSin" 0.0646785437645236 0.0639039504260263 0.0571262587141751 0.0509295120061967 0.0538342370255616 0.0548024786986832 0.0549961270333075 0.0604182804027885 0.058288148721921 0.152982184353215 0.0627420604182804 0.05286599535244 0.0716498838109992 0.0830751355538342 0 0.0509295120061967 0.0923702556158017 0.0515104570100697
"plaMeg" 0.063129357087529 0.0263361735089078 0.0290472501936483 0.0205267234701782 0.0141363284275755 0.0139426800929512 0.0151045701006971 0.0317583268783888 0.0336948102246321 0.132261812548412 0.0245933384972889 0.0143299767621998 0.0507358636715724 0.0652594887683966 0.0509295120061967 0 0.0753292021688614 0.0118125484120837
"podExp" 0.097986057319907 0.0850116189000775 0.081138652207591 0.0730054221533695 0.0770720371804803 0.0778466305189775 0.0784275755228505 0.0828814872192099 0.0850116189000775 0.146204492641363 0.0838497288923315 0.0764910921766073 0.0681642137877614 0.0639039504260263 0.0923702556158017 0.0753292021688614 0 0.07571649883811
"terMex" 0.0635166537567777 0.0278853601859024 0.028853601859024 0.0211076684740511 0.0106506584043377 0.0156855151045701 0.0160728117738187 0.0331138652207591 0.034275755228505 0.132842757552285 0.0261425251742835 0.010844306738962 0.0501549186676995 0.0662277304415182 0.0515104570100697 0.0118125484120837 0.07571649883811 0
