"carIns" "cheAbi" "cheMyd" "cheSer" "chrPic" "cuoMcc" "derCor" "derMaw" "emySub" "gopAga" "malTer" "mesTub" "pelCas" "pelSin" "plaMeg" "podExp" "terMex"
"carIns" 0 0.0819672131147541 0.0819672131147541 0.0749414519906323 0.072599531615925 0.0772833723653396 0.177985948477752 0.0819672131147541 0.0936768149882904 0.0843091334894614 0.072599531615925 0.100702576112412 0.2903981264637 0.0796252927400468 0.072599531615925 0.114754098360656 0.110070257611241
"cheAbi" 0.0819672131147541 0 0.0398126463700234 0.0304449648711944 0.0304449648711944 0.0187353629976581 0.140515222482436 0.0421545667447307 0.0655737704918033 0.0210772833723653 0.0304449648711944 0.0796252927400468 0.2903981264637 0.063231850117096 0.0234192037470726 0.0936768149882904 0.0749414519906323
"cheMyd" 0.0819672131147541 0.0398126463700234 0 0.0234192037470726 0.0281030444964871 0.0351288056206089 0.11943793911007 0.0351288056206089 0.0655737704918033 0.0374707259953162 0.0281030444964871 0.0796252927400468 0.292740046838407 0.063231850117096 0.0210772833723653 0.0983606557377049 0.0655737704918033
"cheSer" 0.0749414519906323 0.0304449648711944 0.0234192037470726 0 0.0210772833723653 0.0257611241217799 0.126463700234192 0.0234192037470726 0.0608899297423888 0.0281030444964871 0.0210772833723653 0.0702576112412178 0.281030444964871 0.0585480093676815 0.0140515222482436 0.0913348946135831 0.0562060889929742
"chrPic" 0.072599531615925 0.0304449648711944 0.0281030444964871 0.0210772833723653 0 0.0257611241217799 0.126463700234192 0.0281030444964871 0.0608899297423888 0.0327868852459016 0 0.0749414519906323 0.288056206088993 0.0585480093676815 0.0117096018735363 0.0983606557377049 0.0491803278688525
"cuoMcc" 0.0772833723653396 0.0187353629976581 0.0351288056206089 0.0257611241217799 0.0257611241217799 0 0.133489461358314 0.0374707259953162 0.0655737704918033 0.0210772833723653 0.0257611241217799 0.0749414519906323 0.2903981264637 0.063231850117096 0.0187353629976581 0.0960187353629977 0.0702576112412178
"derCor" 0.177985948477752 0.140515222482436 0.11943793911007 0.126463700234192 0.126463700234192 0.133489461358314 0 0.11943793911007 0.159250585480094 0.138173302107728 0.126463700234192 0.168618266978923 0.384074941451991 0.154566744730679 0.121779859484778 0.192037470725995 0.17096018735363
"derMaw" 0.0819672131147541 0.0421545667447307 0.0351288056206089 0.0234192037470726 0.0281030444964871 0.0374707259953162 0.11943793911007 0 0.0655737704918033 0.0398126463700234 0.0281030444964871 0.0749414519906323 0.288056206088993 0.0585480093676815 0.0234192037470726 0.0983606557377049 0.0679156908665105
"emySub" 0.0936768149882904 0.0655737704918033 0.0655737704918033 0.0608899297423888 0.0608899297423888 0.0655737704918033 0.159250585480094 0.0655737704918033 0 0.0679156908665105 0.0608899297423888 0.0515222482435597 0.281030444964871 0.0749414519906323 0.0562060889929742 0.0796252927400468 0.0983606557377049
"gopAga" 0.0843091334894614 0.0210772833723653 0.0374707259953162 0.0281030444964871 0.0327868852459016 0.0210772833723653 0.138173302107728 0.0398126463700234 0.0679156908665105 0 0.0327868852459016 0.0819672131147541 0.292740046838407 0.0702576112412178 0.0257611241217799 0.100702576112412 0.0749414519906323
"malTer" 0.072599531615925 0.0304449648711944 0.0281030444964871 0.0210772833723653 0 0.0257611241217799 0.126463700234192 0.0281030444964871 0.0608899297423888 0.0327868852459016 0 0.0749414519906323 0.288056206088993 0.0585480093676815 0.0117096018735363 0.0983606557377049 0.0491803278688525
"mesTub" 0.100702576112412 0.0796252927400468 0.0796252927400468 0.0702576112412178 0.0749414519906323 0.0749414519906323 0.168618266978923 0.0749414519906323 0.0515222482435597 0.0819672131147541 0.0749414519906323 0 0.281030444964871 0.0772833723653396 0.0702576112412178 0.0796252927400468 0.103044496487119
"pelCas" 0.2903981264637 0.2903981264637 0.292740046838407 0.281030444964871 0.288056206088993 0.2903981264637 0.384074941451991 0.288056206088993 0.281030444964871 0.292740046838407 0.288056206088993 0.281030444964871 0 0.302107728337237 0.288056206088993 0.274004683840749 0.309133489461358
"pelSin" 0.0796252927400468 0.063231850117096 0.063231850117096 0.0585480093676815 0.0585480093676815 0.063231850117096 0.154566744730679 0.0585480093676815 0.0749414519906323 0.0702576112412178 0.0585480093676815 0.0772833723653396 0.302107728337237 0 0.053864168618267 0.105386416861827 0.0983606557377049
"plaMeg" 0.072599531615925 0.0234192037470726 0.0210772833723653 0.0140515222482436 0.0117096018735363 0.0187353629976581 0.121779859484778 0.0234192037470726 0.0562060889929742 0.0257611241217799 0.0117096018735363 0.0702576112412178 0.288056206088993 0.053864168618267 0 0.0936768149882904 0.0562060889929742
"podExp" 0.114754098360656 0.0936768149882904 0.0983606557377049 0.0913348946135831 0.0983606557377049 0.0960187353629977 0.192037470725995 0.0983606557377049 0.0796252927400468 0.100702576112412 0.0983606557377049 0.0796252927400468 0.274004683840749 0.105386416861827 0.0936768149882904 0 0.117096018735363
"terMex" 0.110070257611241 0.0749414519906323 0.0655737704918033 0.0562060889929742 0.0491803278688525 0.0702576112412178 0.17096018735363 0.0679156908665105 0.0983606557377049 0.0749414519906323 0.0491803278688525 0.103044496487119 0.309133489461358 0.0983606557377049 0.0562060889929742 0.117096018735363 0
