"carIns" "cheAbi" "cheMyd" "cheSer" "chrPic" "cuoMcc" "derCor" "emySub" "gopAga" "malTer" "mesTub" "pelCas" "pelSin" "plaMeg" "podExp" "terMex"
"carIns" 0 0.103239399525942 0.113510666315512 0.115354227021333 0.0969186199631288 0.101922570450356 0.112193837239926 0.125362127995786 0.180142217540163 0.164603634448249 0.123255201474849 0.134843297340005 0.115880958651567 0.101395838820121 0.148801685541217 0.0956017908875428
"cheAbi" 0.103239399525942 0 0.0521464313932052 0.0592573084013695 0.0287068738477746 0.0244930208058994 0.053199894653674 0.0861206215433237 0.104819594416645 0.102712667895707 0.0845404266526205 0.0966552541480116 0.0963918883328944 0.0305504345535949 0.111667105609692 0.0244930208058994
"cheMyd" 0.113510666315512 0.0521464313932052 0 0.0618909665525415 0.046615749275744 0.050566236502502 0.0384514090071109 0.0940215959968396 0.130366078483013 0.119041348432973 0.0921780352910192 0.104029496971293 0.10429286278641 0.0484593099815644 0.119831445878325 0.0434553594943376
"cheSer" 0.115354227021333 0.0592573084013695 0.0618909665525415 0 0.0526731630234396 0.0579404793257835 0.0613642349223071 0.100342375559652 0.13247300500395 0.121938372399263 0.0950750592573084 0.109296813273637 0.11087700816434 0.0539899920990255 0.123781933105083 0.049249407426916
"chrPic" 0.0969186199631288 0.0287068738477746 0.046615749275744 0.0526731630234396 0 0.0273900447721886 0.0463523834606268 0.078483012904925 0.11561759283645 0.0840136950223861 0.0766394521991046 0.0887542796944957 0.0900711087700816 0.0234395575454306 0.10244930208059 0.0113247300500395
"cuoMcc" 0.101922570450356 0.0244930208058994 0.050566236502502 0.0579404793257835 0.0273900447721886 0 0.0513563339478536 0.0837503292072689 0.111140373979457 0.103766131156176 0.0811166710560969 0.0937582301817224 0.09586515670266 0.0302870687384777 0.106136423492231 0.0231761917303134
"derCor" 0.112193837239926 0.053199894653674 0.0384514090071109 0.0613642349223071 0.0463523834606268 0.0513563339478536 0 0.0937582301817224 0.136686858045826 0.113774032130629 0.0913879378456676 0.101659204635238 0.104029496971293 0.042665262048986 0.115880958651567 0.0431919936792204
"emySub" 0.125362127995786 0.0861206215433237 0.0940215959968396 0.100342375559652 0.078483012904925 0.0837503292072689 0.0937582301817224 0 0.165657097708717 0.151435343692389 0.0424018962338688 0.0700553068211746 0.117987885172505 0.0824335001316829 0.0871740848037925 0.0782196470898077
"gopAga" 0.180142217540163 0.104819594416645 0.130366078483013 0.13247300500395 0.11561759283645 0.111140373979457 0.136686858045826 0.165657097708717 0 0.18514616802739 0.162496707927311 0.172241243086647 0.175928364498288 0.116407690281801 0.186462997102976 0.111930471424809
"malTer" 0.164603634448249 0.102712667895707 0.119041348432973 0.121938372399263 0.0840136950223861 0.103766131156176 0.113774032130629 0.151435343692389 0.18514616802739 0 0.149328417171451 0.160653147221491 0.158546220700553 0.0871740848037925 0.170397682380827 0.0890176455096129
"mesTub" 0.123255201474849 0.0845404266526205 0.0921780352910192 0.0950750592573084 0.0766394521991046 0.0811166710560969 0.0913879378456676 0.0424018962338688 0.162496707927311 0.149328417171451 0 0.0676850144851198 0.115880958651567 0.0808533052409797 0.0861206215433237 0.0761127205688702
"pelCas" 0.134843297340005 0.0966552541480116 0.104029496971293 0.109296813273637 0.0887542796944957 0.0937582301817224 0.101659204635238 0.0700553068211746 0.172241243086647 0.160653147221491 0.0676850144851198 0 0.126678957071372 0.0924414011061364 0.074532525678167 0.0884909138793785
"pelSin" 0.115880958651567 0.0963918883328944 0.10429286278641 0.11087700816434 0.0900711087700816 0.09586515670266 0.104029496971293 0.117987885172505 0.175928364498288 0.158546220700553 0.115880958651567 0.126678957071372 0 0.0940215959968396 0.138003687121412 0.0887542796944957
"plaMeg" 0.101395838820121 0.0305504345535949 0.0484593099815644 0.0539899920990255 0.0234395575454306 0.0302870687384777 0.042665262048986 0.0824335001316829 0.116407690281801 0.0871740848037925 0.0808533052409797 0.0924414011061364 0.0940215959968396 0 0.1071898867527 0.020015801948907
"podExp" 0.148801685541217 0.111667105609692 0.119831445878325 0.123781933105083 0.10244930208059 0.106136423492231 0.115880958651567 0.0871740848037925 0.186462997102976 0.170397682380827 0.0861206215433237 0.074532525678167 0.138003687121412 0.1071898867527 0 0.101922570450356
"terMex" 0.0956017908875428 0.0244930208058994 0.0434553594943376 0.049249407426916 0.0113247300500395 0.0231761917303134 0.0431919936792204 0.0782196470898077 0.111930471424809 0.0890176455096129 0.0761127205688702 0.0884909138793785 0.0887542796944957 0.020015801948907 0.101922570450356 0
