"carIns" "cheAbi" "cheMyd" "cheSer" "chrPic" "cuoAmb" "cuoMcc" "derCor" "derMaw" "emySub" "gopAga" "malTer" "mesTub" "pelCas" "pelSin" "plaMeg" "podExp" "terMex"
"carIns" 0 0.0538957234915056 0.0676625659050967 0.0518453427065026 0.0577035735207967 0.0500878734622144 0.0492091388400703 0.253368482718219 0.0559461042765085 0.0582893966022261 0.0536028119507909 0.0626830697129467 0.0688342120679555 0.0682483889865261 0.0899238429994142 0.0456942003514939 0.0667838312829526 0.0483304042179262
"cheAbi" 0.0538957234915056 0 0.0451083772700644 0.0295840656121851 0.0325131810193322 0.0161101347393087 0.0155243116578793 0.244581136496778 0.033684827182191 0.0439367311072056 0.0131810193321617 0.0374926772114821 0.0547744581136497 0.0579964850615114 0.088166373755126 0.0193321616871705 0.0553602811950791 0.0202108963093146
"cheMyd" 0.0676625659050967 0.0451083772700644 0 0.0398359695371998 0.0509666080843585 0.0421792618629174 0.041593438781488 0.237551259519625 0.046572934973638 0.0620972466315173 0.0471587580550674 0.0562390158172232 0.0717633274751025 0.0738137082601054 0.0972466315172818 0.0374926772114821 0.0711775043936731 0.0401288810779145
"cheSer" 0.0518453427065026 0.0295840656121851 0.0398359695371998 0 0.0342706502636204 0.0248974809607499 0.0231400117164616 0.23784417106034 0.0281195079086116 0.0439367311072056 0.031634446397188 0.0401288810779145 0.0521382542472173 0.0553602811950791 0.0869947275922671 0.0199179847685999 0.0541886350322203 0.0228471001757469
"chrPic" 0.0577035735207967 0.0325131810193322 0.0509666080843585 0.0342706502636204 0 0.0278265963678969 0.0272407732864675 0.247510251903925 0.0374926772114821 0.0512595196250732 0.0354422964264792 0.0111306385471588 0.0527240773286467 0.0638547158758055 0.0887521968365554 0.0210896309314587 0.0620972466315173 0.0161101347393087
"cuoAmb" 0.0500878734622144 0.0161101347393087 0.0421792618629174 0.0248974809607499 0.0278265963678969 0 0.00468658465143527 0.240480374926772 0.0289982425307557 0.0413005272407733 0.0199179847685999 0.0325131810193322 0.0506736965436438 0.0556531927357938 0.0843585237258348 0.0155243116578793 0.0518453427065026 0.0161101347393087
"cuoMcc" 0.0492091388400703 0.0155243116578793 0.041593438781488 0.0231400117164616 0.0272407732864675 0.00468658465143527 0 0.240187463386057 0.028705330990041 0.0421792618629174 0.0187463386057411 0.0319273579379028 0.0509666080843585 0.0559461042765085 0.0849443468072642 0.0149384885764499 0.0530169888693615 0.0155243116578793
"derCor" 0.253368482718219 0.244581136496778 0.237551259519625 0.23784417106034 0.247510251903925 0.240480374926772 0.240187463386057 0 0.245166959578207 0.249560632688928 0.243995313415349 0.248388986526069 0.258055067369654 0.255711775043937 0.271236086701816 0.239015817223199 0.253954305799649 0.23784417106034
"derMaw" 0.0559461042765085 0.033684827182191 0.046572934973638 0.0281195079086116 0.0374926772114821 0.0289982425307557 0.028705330990041 0.245166959578207 0 0.0503807850029291 0.0374926772114821 0.0421792618629174 0.0591681312243702 0.0635618043350908 0.0905096660808436 0.0254833040421793 0.0606326889279438 0.0272407732864675
"emySub" 0.0582893966022261 0.0439367311072056 0.0620972466315173 0.0439367311072056 0.0512595196250732 0.0413005272407733 0.0421792618629174 0.249560632688928 0.0503807850029291 0 0.0448154657293497 0.0565319273579379 0.0281195079086116 0.0430579964850615 0.0919742237844171 0.0398359695371998 0.0418863503222027 0.0401288810779145
"gopAga" 0.0536028119507909 0.0131810193321617 0.0471587580550674 0.031634446397188 0.0354422964264792 0.0199179847685999 0.0187463386057411 0.243995313415349 0.0374926772114821 0.0448154657293497 0 0.0413005272407733 0.0565319273579379 0.059461042765085 0.0878734622144113 0.0216754540128881 0.0556531927357938 0.0234329232571763
"malTer" 0.0626830697129467 0.0374926772114821 0.0562390158172232 0.0401288810779145 0.0111306385471588 0.0325131810193322 0.0319273579379028 0.248388986526069 0.0421792618629174 0.0565319273579379 0.0413005272407733 0 0.059461042765085 0.0685413005272408 0.0949033391915641 0.0263620386643234 0.067369654364382 0.0213825424721734
"mesTub" 0.0688342120679555 0.0547744581136497 0.0717633274751025 0.0521382542472173 0.0527240773286467 0.0506736965436438 0.0509666080843585 0.258055067369654 0.0591681312243702 0.0281195079086116 0.0565319273579379 0.059461042765085 0 0.0518453427065026 0.0913884007029877 0.0492091388400703 0.0483304042179262 0.0503807850029291
"pelCas" 0.0682483889865261 0.0579964850615114 0.0738137082601054 0.0553602811950791 0.0638547158758055 0.0556531927357938 0.0559461042765085 0.255711775043937 0.0635618043350908 0.0430579964850615 0.059461042765085 0.0685413005272408 0.0518453427065026 0 0.100175746924429 0.0527240773286467 0.0398359695371998 0.0538957234915056
"pelSin" 0.0899238429994142 0.088166373755126 0.0972466315172818 0.0869947275922671 0.0887521968365554 0.0843585237258348 0.0849443468072642 0.271236086701816 0.0905096660808436 0.0919742237844171 0.0878734622144113 0.0949033391915641 0.0913884007029877 0.100175746924429 0 0.0826010544815466 0.096074985354423 0.0849443468072642
"plaMeg" 0.0456942003514939 0.0193321616871705 0.0374926772114821 0.0199179847685999 0.0210896309314587 0.0155243116578793 0.0149384885764499 0.239015817223199 0.0254833040421793 0.0398359695371998 0.0216754540128881 0.0263620386643234 0.0492091388400703 0.0527240773286467 0.0826010544815466 0 0.0509666080843585 0.0102519039250146
"podExp" 0.0667838312829526 0.0553602811950791 0.0711775043936731 0.0541886350322203 0.0620972466315173 0.0518453427065026 0.0530169888693615 0.253954305799649 0.0606326889279438 0.0418863503222027 0.0556531927357938 0.067369654364382 0.0483304042179262 0.0398359695371998 0.096074985354423 0.0509666080843585 0 0.0527240773286467
"terMex" 0.0483304042179262 0.0202108963093146 0.0401288810779145 0.0228471001757469 0.0161101347393087 0.0161101347393087 0.0155243116578793 0.23784417106034 0.0272407732864675 0.0401288810779145 0.0234329232571763 0.0213825424721734 0.0503807850029291 0.0538957234915056 0.0849443468072642 0.0102519039250146 0.0527240773286467 0
