"carIns" "cheAbi" "cheMyd" "cheSer" "chrPic" "cuoAmb" "cuoMcc" "derCor" "derMaw" "emySub" "gopAga" "malTer" "mesTub" "pelCas" "pelSin" "plaMeg" "podExp" "terMex"
"carIns" 0 0.0876132930513595 0.081570996978852 0.0852635112453844 0.0785498489425982 0.0866062437059416 0.085934877475663 0.0839207787848271 0.0919771735481705 0.102383350117489 0.0869419268210809 0.0808996307485733 0.108761329305136 0.108425646189997 0.0949983215844243 0.081570996978852 0.11178247734139 0.0802282645182947
"cheAbi" 0.0876132930513595 0 0.0355824102047667 0.0365894595501846 0.0241691842900302 0.0201409869083585 0.0177912051023833 0.0345753608593488 0.0412890231621349 0.0691507217186975 0.017455521987244 0.0268546492111447 0.0782141658274589 0.0795568982880161 0.0832494125545485 0.0245048674051695 0.0869419268210809 0.0231621349446123
"cheMyd" 0.081570996978852 0.0355824102047667 0 0.0312185297079557 0.0261832829808661 0.0328969452836522 0.0318898959382343 0.0181268882175227 0.0382678751258812 0.0647868412218865 0.0362537764350453 0.0281973816717019 0.0725075528700906 0.0735146022155086 0.0768714333669017 0.0275260154414233 0.0825780463242699 0.0265189660960054
"cheSer" 0.0852635112453844 0.0365894595501846 0.0312185297079557 0 0.0268546492111447 0.0335683115139309 0.0318898959382343 0.0298757972473985 0.0365894595501846 0.0671366230278617 0.0369251426653239 0.0295401141322591 0.0748573346760658 0.0792212151728768 0.0798925814031554 0.0268546492111447 0.0825780463242699 0.0261832829808661
"chrPic" 0.0785498489425982 0.0241691842900302 0.0261832829808661 0.0268546492111447 0 0.0221550855991944 0.0204766700234978 0.0258475998657268 0.0342396777442095 0.0610943269553541 0.0261832829808661 0.0040281973816717 0.0694864048338369 0.0721718697549513 0.0745216515609265 0.0147700570661296 0.0795568982880161 0.00906344410876133
"cuoAmb" 0.0866062437059416 0.0201409869083585 0.0328969452836522 0.0335683115139309 0.0221550855991944 0 0.00369251426653239 0.0325612621685129 0.0392749244712991 0.0668009399127224 0.0211480362537764 0.0248405505203088 0.0765357502517623 0.0792212151728768 0.0808996307485733 0.0214837193689157 0.0855991943605237 0.0208123531386371
"cuoMcc" 0.085934877475663 0.0177912051023833 0.0318898959382343 0.0318898959382343 0.0204766700234978 0.00369251426653239 0 0.031554212823095 0.0382678751258812 0.0654582074521652 0.0194696206780799 0.0231621349446123 0.0751930177912051 0.0785498489425982 0.0785498489425982 0.0204766700234978 0.0842564618999664 0.0198053037932192
"derCor" 0.0839207787848271 0.0345753608593488 0.0181268882175227 0.0298757972473985 0.0258475998657268 0.0325612621685129 0.031554212823095 0 0.0369251426653239 0.0647868412218865 0.0362537764350453 0.0285330647868412 0.0731789191003692 0.0748573346760658 0.0802282645182947 0.027190332326284 0.0825780463242699 0.0261832829808661
"derMaw" 0.0919771735481705 0.0412890231621349 0.0382678751258812 0.0365894595501846 0.0342396777442095 0.0392749244712991 0.0382678751258812 0.0369251426653239 0 0.0708291372943941 0.0422960725075529 0.0369251426653239 0.0792212151728768 0.081570996978852 0.0855991943605237 0.0342396777442095 0.0882846592816381 0.0339039946290702
"emySub" 0.102383350117489 0.0691507217186975 0.0647868412218865 0.0671366230278617 0.0610943269553541 0.0668009399127224 0.0654582074521652 0.0647868412218865 0.0708291372943941 0 0.0725075528700906 0.0634441087613293 0.0416247062772743 0.0610943269553541 0.0960053709298422 0.0624370594159114 0.0691507217186975 0.0617656931856328
"gopAga" 0.0869419268210809 0.017455521987244 0.0362537764350453 0.0369251426653239 0.0261832829808661 0.0211480362537764 0.0194696206780799 0.0362537764350453 0.0422960725075529 0.0725075528700906 0 0.0288687479019805 0.0792212151728768 0.080563947633434 0.0802282645182947 0.0265189660960054 0.0882846592816381 0.0261832829808661
"malTer" 0.0808996307485733 0.0268546492111447 0.0281973816717019 0.0295401141322591 0.0040281973816717 0.0248405505203088 0.0231621349446123 0.0285330647868412 0.0369251426653239 0.0634441087613293 0.0288687479019805 0 0.071836186639812 0.0755287009063444 0.0765357502517623 0.017455521987244 0.0822423632091306 0.0117489090298758
"mesTub" 0.108761329305136 0.0782141658274589 0.0725075528700906 0.0748573346760658 0.0694864048338369 0.0765357502517623 0.0751930177912051 0.0731789191003692 0.0792212151728768 0.0416247062772743 0.0792212151728768 0.071836186639812 0 0.0691507217186975 0.103726082578046 0.0715005035246727 0.0792212151728768 0.0701577710641155
"pelCas" 0.108425646189997 0.0795568982880161 0.0735146022155086 0.0792212151728768 0.0721718697549513 0.0792212151728768 0.0785498489425982 0.0748573346760658 0.081570996978852 0.0610943269553541 0.080563947633434 0.0755287009063444 0.0691507217186975 0 0.102719033232628 0.0731789191003692 0.0574018126888218 0.0731789191003692
"pelSin" 0.0949983215844243 0.0832494125545485 0.0768714333669017 0.0798925814031554 0.0745216515609265 0.0808996307485733 0.0785498489425982 0.0802282645182947 0.0855991943605237 0.0960053709298422 0.0802282645182947 0.0765357502517623 0.103726082578046 0.102719033232628 0 0.0768714333669017 0.108425646189997 0.0741859684457872
"plaMeg" 0.081570996978852 0.0245048674051695 0.0275260154414233 0.0268546492111447 0.0147700570661296 0.0214837193689157 0.0204766700234978 0.027190332326284 0.0342396777442095 0.0624370594159114 0.0265189660960054 0.017455521987244 0.0715005035246727 0.0731789191003692 0.0768714333669017 0 0.0819066800939913 0.0144343739509903
"podExp" 0.11178247734139 0.0869419268210809 0.0825780463242699 0.0825780463242699 0.0795568982880161 0.0855991943605237 0.0842564618999664 0.0825780463242699 0.0882846592816381 0.0691507217186975 0.0882846592816381 0.0822423632091306 0.0792212151728768 0.0574018126888218 0.108425646189997 0.0819066800939913 0 0.0792212151728768
"terMex" 0.0802282645182947 0.0231621349446123 0.0265189660960054 0.0261832829808661 0.00906344410876133 0.0208123531386371 0.0198053037932192 0.0261832829808661 0.0339039946290702 0.0617656931856328 0.0261832829808661 0.0117489090298758 0.0701577710641155 0.0731789191003692 0.0741859684457872 0.0144343739509903 0.0792212151728768 0
