"carIns" "cheAbi" "cheMyd" "cheSer" "chrPic" "cuoAmb" "cuoMcc" "derMaw" "emySub" "gopAga" "mesTub" "pelCas" "pelSin" "plaMeg" "podExp" "terMex"
"carIns" 0 0.0692390912369275 0.0620266858997476 0.0584204832311576 0.0526505589614136 0.0681572304363505 0.0681572304363505 0.0616660656328886 0.0573386224305806 0.0717634331049405 0.0760908763072485 0.0732059141723765 0.0688784709700685 0.0533717994951316 0.0721240533717995 0.0501262170934006
"cheAbi" 0.0692390912369275 0 0.0436350522899387 0.0393076090876307 0.0306527226830148 0.0162279120086549 0.0144248106743599 0.0465200144248107 0.0512080778939776 0.0137035701406419 0.0425531914893617 0.0591417237648756 0.0789758384421204 0.0284890010818608 0.0710421925712225 0.0281283808150018
"cheMyd" 0.0620266858997476 0.0436350522899387 0 0.0212765957446809 0.0259646592138478 0.0436350522899387 0.0418319509556437 0.0411107104219257 0.0447169130905157 0.0461593941579517 0.0595023440317346 0.0609448250991706 0.0724846736386585 0.0259646592138478 0.0595023440317346 0.0245221781464118
"cheSer" 0.0584204832311576 0.0393076090876307 0.0212765957446809 0 0.0219978362783988 0.0389469888207717 0.0364226469527587 0.0320952037504508 0.0400288496213487 0.0425531914893617 0.0537324197619906 0.0566173818968626 0.0681572304363505 0.0201947349441039 0.0544536602957086 0.0198341146772449
"chrPic" 0.0526505589614136 0.0306527226830148 0.0259646592138478 0.0219978362783988 0 0.0302921024161558 0.0277677605481428 0.0320952037504508 0.0353407861521818 0.0338983050847458 0.0497655968265416 0.0508474576271186 0.0620266858997476 0.0115398485394879 0.0548142805625676 0.00685178507032095
"cuoAmb" 0.0681572304363505 0.0162279120086549 0.0436350522899387 0.0389469888207717 0.0302921024161558 0 0.00540930400288496 0.0490443562928237 0.0522899386945546 0.0212765957446809 0.0418319509556437 0.0566173818968626 0.0796970789758384 0.0288496213487198 0.0699603317706455 0.0270465200144248
"cuoMcc" 0.0681572304363505 0.0144248106743599 0.0418319509556437 0.0364226469527587 0.0277677605481428 0.00540930400288496 0 0.0472412549585287 0.0512080778939776 0.0194734944103859 0.0414713306887847 0.0555355210962856 0.0775333573746845 0.0263252794807068 0.0692390912369275 0.0245221781464118
"derMaw" 0.0616660656328886 0.0465200144248107 0.0411107104219257 0.0320952037504508 0.0320952037504508 0.0490443562928237 0.0472412549585287 0 0.0483231157591057 0.0512080778939776 0.0627479264334656 0.0641904075009015 0.0760908763072485 0.0295708618824378 0.0656328885683375 0.0302921024161558
"emySub" 0.0573386224305806 0.0512080778939776 0.0447169130905157 0.0400288496213487 0.0353407861521818 0.0522899386945546 0.0512080778939776 0.0483231157591057 0 0.0548142805625676 0.0324558240173098 0.0476018752253877 0.0710421925712225 0.0367832672196177 0.0494049765596827 0.0349801658853228
"gopAga" 0.0717634331049405 0.0137035701406419 0.0461593941579517 0.0425531914893617 0.0338983050847458 0.0212765957446809 0.0194734944103859 0.0512080778939776 0.0548142805625676 0 0.0472412549585287 0.0591417237648756 0.0843851424450054 0.0324558240173098 0.0724846736386585 0.0320952037504508
"mesTub" 0.0760908763072485 0.0425531914893617 0.0595023440317346 0.0537324197619906 0.0497655968265416 0.0418319509556437 0.0414713306887847 0.0627479264334656 0.0324558240173098 0.0472412549585287 0 0.0519293184276956 0.0851063829787234 0.0501262170934006 0.0638297872340425 0.0490443562928237
"pelCas" 0.0732059141723765 0.0591417237648756 0.0609448250991706 0.0566173818968626 0.0508474576271186 0.0566173818968626 0.0555355210962856 0.0641904075009015 0.0476018752253877 0.0591417237648756 0.0519293184276956 0 0.0883519653804544 0.0522899386945546 0.0537324197619906 0.0486837360259647
"pelSin" 0.0688784709700685 0.0789758384421204 0.0724846736386585 0.0681572304363505 0.0620266858997476 0.0796970789758384 0.0775333573746845 0.0760908763072485 0.0710421925712225 0.0843851424450054 0.0851063829787234 0.0883519653804544 0 0.0620266858997476 0.0901550667147494 0.0609448250991706
"plaMeg" 0.0533717994951316 0.0284890010818608 0.0259646592138478 0.0201947349441039 0.0115398485394879 0.0288496213487198 0.0263252794807068 0.0295708618824378 0.0367832672196177 0.0324558240173098 0.0501262170934006 0.0522899386945546 0.0620266858997476 0 0.0562567616300036 0.00901550667147494
"podExp" 0.0721240533717995 0.0710421925712225 0.0595023440317346 0.0544536602957086 0.0548142805625676 0.0699603317706455 0.0692390912369275 0.0656328885683375 0.0494049765596827 0.0724846736386585 0.0638297872340425 0.0537324197619906 0.0901550667147494 0.0562567616300036 0 0.0544536602957086
"terMex" 0.0501262170934006 0.0281283808150018 0.0245221781464118 0.0198341146772449 0.00685178507032095 0.0270465200144248 0.0245221781464118 0.0302921024161558 0.0349801658853228 0.0320952037504508 0.0490443562928237 0.0486837360259647 0.0609448250991706 0.00901550667147494 0.0544536602957086 0
