"carIns" "cheAbi" "cheMyd" "cheSer" "chrPic" "cuoAmb" "cuoMcc" "derCor" "derMaw" "emySub" "gopAga" "malTer" "mesTub" "pelCas" "pelSin" "plaMeg" "podExp" "terMex"
"carIns" 0 0.107392423685178 0.100404560500184 0.102243471864656 0.105185730047812 0.103346818683339 0.104082383229128 0.105921294593601 0.11327694005149 0.119161456417801 0.105185730047812 0.117322545053328 0.127988230967267 0.144170650974623 0.139021699154101 0.100404560500184 0.148951820522251 0.103714600956234
"cheAbi" 0.107392423685178 0 0.0474439132033836 0.0459727841118058 0.0404560500183891 0.0275836704670835 0.0268481059212946 0.0514895182052225 0.0742920191246782 0.0750275836704671 0.027215888194189 0.0536962118425892 0.0845899227657227 0.108127988230967 0.123574843692534 0.0375137918352335 0.11327694005149 0.0404560500183891
"cheMyd" 0.100404560500184 0.0474439132033836 0 0.0371460095623391 0.0400882677454947 0.0426627436557558 0.041191614564178 0.0224347186465612 0.0654652445752115 0.0687752850312615 0.0507539536594336 0.0525928650239058 0.0750275836704671 0.102979036410445 0.120632585509378 0.0323648400147113 0.105553512320706 0.0393527031997058
"cheSer" 0.102243471864656 0.0459727841118058 0.0371460095623391 0 0.034571533652078 0.0415593968370725 0.0400882677454947 0.0426627436557558 0.0621552041191615 0.0662008091210004 0.0500183891136447 0.0485472600220669 0.0772342773078338 0.104817947774917 0.114012504597278 0.0305259286502391 0.107024641412284 0.0356748804707613
"chrPic" 0.105185730047812 0.0404560500183891 0.0400882677454947 0.034571533652078 0 0.0360426627436558 0.0342037513791835 0.0422949613828613 0.0654652445752115 0.0695108495770504 0.0459727841118058 0.0191246781905112 0.0779698418536227 0.102611254137551 0.116219198234645 0.0231702831923501 0.110702464141228 0.0125045972784112
"cuoAmb" 0.103346818683339 0.0275836704670835 0.0426627436557558 0.0415593968370725 0.0360426627436558 0 0.00698786318499448 0.0481794777491725 0.0706141963957337 0.0720853254873115 0.0319970577418168 0.0496506068407503 0.0827510114012505 0.104082383229128 0.11989702096359 0.0327326222876057 0.109599117322545 0.0353070981978669
"cuoMcc" 0.104082383229128 0.0268481059212946 0.041191614564178 0.0400882677454947 0.0342037513791835 0.00698786318499448 0 0.0467083486575947 0.0702464141228393 0.0702464141228393 0.0323648400147113 0.0474439132033836 0.0801765354909893 0.102611254137551 0.11989702096359 0.031261493196028 0.110702464141228 0.0342037513791835
"derCor" 0.105921294593601 0.0514895182052225 0.0224347186465612 0.0426627436557558 0.0422949613828613 0.0481794777491725 0.0467083486575947 0 0.072453107760206 0.0746598013975726 0.0555351232070614 0.0562706877528503 0.0794409709452004 0.111438028687017 0.12320706141964 0.0367782272894446 0.111070246414123 0.0426627436557558
"derMaw" 0.11327694005149 0.0742920191246782 0.0654652445752115 0.0621552041191615 0.0654652445752115 0.0706141963957337 0.0702464141228393 0.072453107760206 0 0.0893710923133505 0.0761309304891504 0.0779698418536227 0.100772342773078 0.119529238690695 0.128723795513056 0.0639941154836337 0.124310408238323 0.0654652445752115
"emySub" 0.119161456417801 0.0750275836704671 0.0687752850312615 0.0662008091210004 0.0695108495770504 0.0720853254873115 0.0702464141228393 0.0746598013975726 0.0893710923133505 0 0.079073188672306 0.0794409709452004 0.037881574108128 0.0860610518573005 0.127988230967267 0.0643618977565281 0.0875321809488783 0.0665685913938948
"gopAga" 0.105185730047812 0.027215888194189 0.0507539536594336 0.0500183891136447 0.0459727841118058 0.0319970577418168 0.0323648400147113 0.0555351232070614 0.0761309304891504 0.079073188672306 0 0.0592129459360059 0.0875321809488783 0.108495770503862 0.126884884148584 0.0430305259286502 0.110702464141228 0.0470761309304892
"malTer" 0.117322545053328 0.0536962118425892 0.0525928650239058 0.0485472600220669 0.0191246781905112 0.0496506068407503 0.0474439132033836 0.0562706877528503 0.0779698418536227 0.0794409709452004 0.0592129459360059 0 0.0886355277675616 0.113644722324384 0.127620448694373 0.0349393159249724 0.118425891872012 0.0250091945568224
"mesTub" 0.127988230967267 0.0845899227657227 0.0750275836704671 0.0772342773078338 0.0779698418536227 0.0827510114012505 0.0801765354909893 0.0794409709452004 0.100772342773078 0.037881574108128 0.0875321809488783 0.0886355277675616 0 0.0941522618609783 0.133504965060684 0.0742920191246782 0.0952556086796616 0.0761309304891504
"pelCas" 0.144170650974623 0.108127988230967 0.102979036410445 0.104817947774917 0.102611254137551 0.104082383229128 0.102611254137551 0.111438028687017 0.119529238690695 0.0860610518573005 0.108495770503862 0.113644722324384 0.0941522618609783 0 0.148216255976462 0.0985656491357117 0.0798087532180949 0.0993012136815005
"pelSin" 0.139021699154101 0.123574843692534 0.120632585509378 0.114012504597278 0.116219198234645 0.11989702096359 0.11989702096359 0.12320706141964 0.128723795513056 0.127988230967267 0.126884884148584 0.127620448694373 0.133504965060684 0.148216255976462 0 0.115483633688856 0.159249724163295 0.117322545053328
"plaMeg" 0.100404560500184 0.0375137918352335 0.0323648400147113 0.0305259286502391 0.0231702831923501 0.0327326222876057 0.031261493196028 0.0367782272894446 0.0639941154836337 0.0643618977565281 0.0430305259286502 0.0349393159249724 0.0742920191246782 0.0985656491357117 0.115483633688856 0 0.106656859139389 0.0216991541007723
"podExp" 0.148951820522251 0.11327694005149 0.105553512320706 0.107024641412284 0.110702464141228 0.109599117322545 0.110702464141228 0.111070246414123 0.124310408238323 0.0875321809488783 0.110702464141228 0.118425891872012 0.0952556086796616 0.0798087532180949 0.159249724163295 0.106656859139389 0 0.107760205958073
"terMex" 0.103714600956234 0.0404560500183891 0.0393527031997058 0.0356748804707613 0.0125045972784112 0.0353070981978669 0.0342037513791835 0.0426627436557558 0.0654652445752115 0.0665685913938948 0.0470761309304892 0.0250091945568224 0.0761309304891504 0.0993012136815005 0.117322545053328 0.0216991541007723 0.107760205958073 0
