"carIns" "cheAbi" "cheMyd" "chrPic" "cuoAmb" "cuoMcc" "derCor" "derMaw" "emySub" "gopAga" "malTer" "mesTub" "pelCas" "pelSin" "plaMeg" "podExp" "terMex"
"carIns" 0 0.074104912572856 0.0678601165695254 0.0703580349708576 0.0678601165695254 0.0678601165695254 0.0728559533721898 0.0840965861781848 0.0753538717735221 0.070774354704413 0.0711906744379684 0.0761865112406328 0.0961698584512906 0.0632805995004163 0.0666111573688593 0.0870108243130724 0.0686927560366361
"cheAbi" 0.074104912572856 0 0.0274771024146545 0.0208159866777685 0.0149875104079933 0.0158201498751041 0.0278934221482098 0.0416319733555371 0.0516236469608659 0.0116569525395504 0.0203996669442132 0.0478767693588676 0.0724396336386345 0.0666111573688593 0.0187343880099917 0.0649458784346378 0.019150707743547
"cheMyd" 0.0678601165695254 0.0274771024146545 0 0.0195670274771024 0.0208159866777685 0.0208159866777685 0.0120732722731057 0.0362198168193172 0.0491257285595337 0.0241465445462115 0.0212323064113239 0.0507910074937552 0.0682764363030808 0.0607826810990841 0.0203996669442132 0.0653621981681932 0.0212323064113239
"chrPic" 0.0703580349708576 0.0208159866777685 0.0195670274771024 0 0.0133222314737719 0.0133222314737719 0.0212323064113239 0.0345545378850958 0.048293089092423 0.0183180682764363 0.00457951706910908 0.048293089092423 0.0686927560366361 0.0624479600333056 0.0120732722731057 0.0653621981681932 0.00915903413821815
"cuoAmb" 0.0678601165695254 0.0149875104079933 0.0208159866777685 0.0133222314737719 0 0.00333055786844296 0.0212323064113239 0.0353871773522065 0.0470441298917569 0.0124895920066611 0.0137385512073272 0.0462114904246461 0.0657785179017485 0.0624479600333056 0.011240632805995 0.0636969192339717 0.0116569525395504
"cuoMcc" 0.0678601165695254 0.0158201498751041 0.0208159866777685 0.0133222314737719 0.00333055786844296 0 0.0212323064113239 0.0353871773522065 0.0462114904246461 0.0133222314737719 0.0137385512073272 0.0453788509575354 0.0649458784346378 0.0624479600333056 0.011240632805995 0.0632805995004163 0.0116569525395504
"derCor" 0.0728559533721898 0.0278934221482098 0.0120732722731057 0.0212323064113239 0.0212323064113239 0.0212323064113239 0 0.0362198168193172 0.0491257285595337 0.0253955037468776 0.0220649458784346 0.0516236469608659 0.0695253955037469 0.0649458784346378 0.019150707743547 0.0678601165695254 0.0212323064113239
"derMaw" 0.0840965861781848 0.0416319733555371 0.0362198168193172 0.0345545378850958 0.0353871773522065 0.0353871773522065 0.0362198168193172 0 0.0616153205661948 0.0383014154870941 0.0353871773522065 0.0599500416319734 0.0799333888426311 0.0757701915070774 0.0328892589508743 0.0757701915070774 0.0345545378850958
"emySub" 0.0753538717735221 0.0516236469608659 0.0491257285595337 0.048293089092423 0.0470441298917569 0.0462114904246461 0.0491257285595337 0.0616153205661948 0 0.0474604496253122 0.048293089092423 0.0253955037468776 0.0574521232306411 0.0699417152373022 0.0462114904246461 0.0557868442964196 0.048293089092423
"gopAga" 0.070774354704413 0.0116569525395504 0.0241465445462115 0.0183180682764363 0.0124895920066611 0.0133222314737719 0.0253955037468776 0.0383014154870941 0.0474604496253122 0 0.0179017485428809 0.0466278101582015 0.0682764363030808 0.0641132389675271 0.0162364696086594 0.0611990008326395 0.0166527893422148
"malTer" 0.0711906744379684 0.0203996669442132 0.0212323064113239 0.00457951706910908 0.0137385512073272 0.0137385512073272 0.0220649458784346 0.0353871773522065 0.048293089092423 0.0179017485428809 0 0.048293089092423 0.0686927560366361 0.0632805995004163 0.0124895920066611 0.0653621981681932 0.00957535387177352
"mesTub" 0.0761865112406328 0.0478767693588676 0.0507910074937552 0.048293089092423 0.0462114904246461 0.0453788509575354 0.0516236469608659 0.0599500416319734 0.0253955037468776 0.0466278101582015 0.048293089092423 0 0.0570358034970858 0.0661948376353039 0.0470441298917569 0.0532889258950874 0.0474604496253122
"pelCas" 0.0961698584512906 0.0724396336386345 0.0682764363030808 0.0686927560366361 0.0657785179017485 0.0649458784346378 0.0695253955037469 0.0799333888426311 0.0574521232306411 0.0682764363030808 0.0686927560366361 0.0570358034970858 0 0.0903413821815154 0.0666111573688593 0.0641132389675271 0.0682764363030808
"pelSin" 0.0632805995004163 0.0666111573688593 0.0607826810990841 0.0624479600333056 0.0624479600333056 0.0624479600333056 0.0649458784346378 0.0757701915070774 0.0699417152373022 0.0641132389675271 0.0632805995004163 0.0661948376353039 0.0903413821815154 0 0.0607826810990841 0.0791007493755204 0.0620316402997502
"plaMeg" 0.0666111573688593 0.0187343880099917 0.0203996669442132 0.0120732722731057 0.011240632805995 0.011240632805995 0.019150707743547 0.0328892589508743 0.0462114904246461 0.0162364696086594 0.0124895920066611 0.0470441298917569 0.0666111573688593 0.0607826810990841 0 0.0636969192339717 0.0104079933388843
"podExp" 0.0870108243130724 0.0649458784346378 0.0653621981681932 0.0653621981681932 0.0636969192339717 0.0632805995004163 0.0678601165695254 0.0757701915070774 0.0557868442964196 0.0611990008326395 0.0653621981681932 0.0532889258950874 0.0641132389675271 0.0791007493755204 0.0636969192339717 0 0.0641132389675271
"terMex" 0.0686927560366361 0.019150707743547 0.0212323064113239 0.00915903413821815 0.0116569525395504 0.0116569525395504 0.0212323064113239 0.0345545378850958 0.048293089092423 0.0166527893422148 0.00957535387177352 0.0474604496253122 0.0682764363030808 0.0620316402997502 0.0104079933388843 0.0641132389675271 0
