"carIns" "cheAbi" "cheMyd" "cheSer" "chrPic" "cuoAmb" "cuoMcc" "derCor" "derMaw" "emySub" "gopAga" "mesTub" "pelCas" "pelSin" "plaMeg" "podExp" "terMex"
"carIns" 0 0.0437956204379562 0.0460766423357664 0.0428832116788321 0.0437956204379562 0.041514598540146 0.041514598540146 0.0474452554744526 0.0506386861313869 0.0565693430656934 0.0456204379562044 0.0583941605839416 0.0780109489051095 0.0529197080291971 0.0401459854014599 0.0816605839416058 0.041970802919708
"cheAbi" 0.0437956204379562 0 0.0196167883211679 0.0177919708029197 0.0164233576642336 0.00912408759124088 0.00821167883211679 0.020985401459854 0.0296532846715328 0.041514598540146 0.00866788321167883 0.0406021897810219 0.0656934306569343 0.0469890510948905 0.0127737226277372 0.0679744525547445 0.0150547445255474
"cheMyd" 0.0460766423357664 0.0196167883211679 0 0.0114051094890511 0.0155109489051095 0.0168795620437956 0.0159671532846715 0.0123175182481752 0.0237226277372263 0.0428832116788321 0.020529197080292 0.041514598540146 0.0634124087591241 0.0437956204379562 0.0141423357664234 0.0670620437956204 0.0150547445255474
"cheSer" 0.0428832116788321 0.0177919708029197 0.0114051094890511 0 0.0132299270072993 0.0150547445255474 0.0141423357664234 0.0145985401459854 0.0200729927007299 0.0396897810218978 0.0187043795620438 0.0392335766423358 0.0597627737226277 0.041970802919708 0.0109489051094891 0.0656934306569343 0.0127737226277372
"chrPic" 0.0437956204379562 0.0164233576642336 0.0155109489051095 0.0132299270072993 0 0.0127737226277372 0.0118613138686131 0.0187043795620438 0.0241788321167883 0.0410583941605839 0.0182481751824818 0.0406021897810219 0.0606751824817518 0.0424270072992701 0.00866788321167883 0.0661496350364963 0.00501824817518248
"cuoAmb" 0.041514598540146 0.00912408759124088 0.0168795620437956 0.0150547445255474 0.0127737226277372 0 0.00273722627737226 0.0182481751824818 0.0260036496350365 0.0401459854014599 0.010492700729927 0.0396897810218978 0.062043795620438 0.0433394160583942 0.010036496350365 0.0666058394160584 0.0114051094890511
"cuoMcc" 0.041514598540146 0.00821167883211679 0.0159671532846715 0.0141423357664234 0.0118613138686131 0.00273722627737226 0 0.0173357664233577 0.0250912408759124 0.0392335766423358 0.00958029197080292 0.0387773722627737 0.062043795620438 0.0433394160583942 0.00912408759124088 0.0666058394160584 0.010492700729927
"derCor" 0.0474452554744526 0.020985401459854 0.0123175182481752 0.0145985401459854 0.0187043795620438 0.0182481751824818 0.0173357664233577 0 0.0264598540145985 0.0424270072992701 0.0218978102189781 0.0406021897810219 0.0652372262773723 0.0465328467153285 0.0155109489051095 0.0697992700729927 0.0182481751824818
"derMaw" 0.0506386861313869 0.0296532846715328 0.0237226277372263 0.0200729927007299 0.0241788321167883 0.0260036496350365 0.0250912408759124 0.0264598540145985 0 0.0501824817518248 0.0305656934306569 0.0497262773722628 0.0693430656934307 0.0506386861313869 0.0228102189781022 0.0752737226277372 0.0237226277372263
"emySub" 0.0565693430656934 0.041514598540146 0.0428832116788321 0.0396897810218978 0.0410583941605839 0.0401459854014599 0.0392335766423358 0.0424270072992701 0.0501824817518248 0 0.0442518248175182 0.0301094890510949 0.0456204379562044 0.0606751824817518 0.0387773722627737 0.0497262773722628 0.0401459854014599
"gopAga" 0.0456204379562044 0.00866788321167883 0.020529197080292 0.0187043795620438 0.0182481751824818 0.010492700729927 0.00958029197080292 0.0218978102189781 0.0305656934306569 0.0442518248175182 0 0.0424270072992701 0.0656934306569343 0.0474452554744526 0.0145985401459854 0.0702554744525547 0.0168795620437956
"mesTub" 0.0583941605839416 0.0406021897810219 0.041514598540146 0.0392335766423358 0.0406021897810219 0.0396897810218978 0.0387773722627737 0.0406021897810219 0.0497262773722628 0.0301094890510949 0.0424270072992701 0 0.0593065693430657 0.0597627737226277 0.0383211678832117 0.0634124087591241 0.0396897810218978
"pelCas" 0.0780109489051095 0.0656934306569343 0.0634124087591241 0.0597627737226277 0.0606751824817518 0.062043795620438 0.062043795620438 0.0652372262773723 0.0693430656934307 0.0456204379562044 0.0656934306569343 0.0593065693430657 0 0.0770985401459854 0.0606751824817518 0.0437956204379562 0.0602189781021898
"pelSin" 0.0529197080291971 0.0469890510948905 0.0437956204379562 0.041970802919708 0.0424270072992701 0.0433394160583942 0.0433394160583942 0.0465328467153285 0.0506386861313869 0.0606751824817518 0.0474452554744526 0.0597627737226277 0.0770985401459854 0 0.0424270072992701 0.0825729927007299 0.041970802919708
"plaMeg" 0.0401459854014599 0.0127737226277372 0.0141423357664234 0.0109489051094891 0.00866788321167883 0.010036496350365 0.00912408759124088 0.0155109489051095 0.0228102189781022 0.0387773722627737 0.0145985401459854 0.0383211678832117 0.0606751824817518 0.0424270072992701 0 0.0656934306569343 0.0072992700729927
"podExp" 0.0816605839416058 0.0679744525547445 0.0670620437956204 0.0656934306569343 0.0661496350364963 0.0666058394160584 0.0666058394160584 0.0697992700729927 0.0752737226277372 0.0497262773722628 0.0702554744525547 0.0634124087591241 0.0437956204379562 0.0825729927007299 0.0656934306569343 0 0.0652372262773723
"terMex" 0.041970802919708 0.0150547445255474 0.0150547445255474 0.0127737226277372 0.00501824817518248 0.0114051094890511 0.010492700729927 0.0182481751824818 0.0237226277372263 0.0401459854014599 0.0168795620437956 0.0396897810218978 0.0602189781021898 0.041970802919708 0.0072992700729927 0.0652372262773723 0
