"carIns" "cheAbi" "cheMyd" "cheSer" "chrPic" "cuoAmb" "cuoMcc" "derCor" "derMaw" "emySub" "gopAga" "malTer" "mesTub" "pelCas" "pelSin" "plaMeg" "podExp"
"carIns" 0 0.0987411487018096 0.0774980330448466 0.0767112509834776 0.0751376868607396 0.0786782061369001 0.0778914240755311 0.0833988985051141 0.0869394177812746 0.0857592446892211 0.0814319433516916 0.103068450039339 0.0924468922108576 0.100708103855232 0.0755310778914241 0.0751376868607396 0.104248623131393
"cheAbi" 0.0987411487018096 0 0.0597954366640441 0.0597954366640441 0.050354051927616 0.050354051927616 0.047993705743509 0.0601888276947286 0.0723839496459481 0.0916601101494886 0.0436664044059795 0.0814319433516916 0.0967741935483871 0.104248623131393 0.0904799370574351 0.050354051927616 0.104248623131393
"cheMyd" 0.0774980330448466 0.0597954366640441 0 0.0302911093627065 0.0365853658536585 0.040912667191188 0.0373721479150275 0.022029897718332 0.0452399685287175 0.0676632572777341 0.044846577498033 0.0656963021243116 0.0767112509834776 0.0833988985051141 0.0731707317073171 0.032258064516129 0.0873328088119591
"cheSer" 0.0767112509834776 0.0597954366640441 0.0302911093627065 0 0.0318646734854445 0.0350118017309205 0.0310778914240755 0.0342250196695515 0.0413060582218725 0.0676632572777341 0.041699449252557 0.0601888276947286 0.0723839496459481 0.0818253343823761 0.0676632572777341 0.0271439811172305 0.0865460267505901
"chrPic" 0.0751376868607396 0.050354051927616 0.0365853658536585 0.0318646734854445 0 0.0279307631785995 0.0247836349331235 0.0373721479150275 0.0452399685287175 0.0688434303697876 0.033831628638867 0.040912667191188 0.0743509047993706 0.0814319433516916 0.0680566483084186 0.0224232887490165 0.0845790715971676
"cuoAmb" 0.0786782061369001 0.050354051927616 0.040912667191188 0.0350118017309205 0.0279307631785995 0 0.00826121164437451 0.0413060582218725 0.050354051927616 0.0704169944925256 0.0318646734854445 0.0578284815106216 0.0782848151062156 0.0849724626278521 0.0700236034618411 0.0263571990558615 0.0908733280881196
"cuoMcc" 0.0778914240755311 0.047993705743509 0.0373721479150275 0.0310778914240755 0.0247836349331235 0.00826121164437451 0 0.0397324940991345 0.045633359559402 0.0688434303697876 0.0295043273013375 0.0554681353265146 0.0767112509834776 0.0837922895357986 0.0672698662470496 0.02360346184107 0.0881195908733281
"derCor" 0.0833988985051141 0.0601888276947286 0.022029897718332 0.0342250196695515 0.0373721479150275 0.0413060582218725 0.0397324940991345 0 0.046420141620771 0.0712037765538946 0.0460267505900865 0.0672698662470496 0.0774980330448466 0.0881195908733281 0.0747442958300551 0.034618410700236 0.0908733280881196
"derMaw" 0.0869394177812746 0.0723839496459481 0.0452399685287175 0.0413060582218725 0.0452399685287175 0.050354051927616 0.045633359559402 0.046420141620771 0 0.0782848151062156 0.0550747442958301 0.0755310778914241 0.0861526357199056 0.0932336742722266 0.0786782061369001 0.0444531864673485 0.0979543666404406
"emySub" 0.0857592446892211 0.0916601101494886 0.0676632572777341 0.0676632572777341 0.0688434303697876 0.0704169944925256 0.0688434303697876 0.0712037765538946 0.0782848151062156 0 0.0712037765538946 0.0963808025177026 0.043273013375295 0.0660896931549961 0.0845790715971676 0.0656963021243116 0.0731707317073171
"gopAga" 0.0814319433516916 0.0436664044059795 0.044846577498033 0.041699449252557 0.033831628638867 0.0318646734854445 0.0295043273013375 0.0460267505900865 0.0550747442958301 0.0712037765538946 0 0.0645161290322581 0.0810385523210071 0.0873328088119591 0.0719905586152636 0.030684500393391 0.0865460267505901
"malTer" 0.103068450039339 0.0814319433516916 0.0656963021243116 0.0601888276947286 0.040912667191188 0.0578284815106216 0.0554681353265146 0.0672698662470496 0.0755310778914241 0.0963808025177026 0.0645161290322581 0 0.102675059008655 0.109756097560976 0.0948072383949646 0.052714398111723 0.113296616837136
"mesTub" 0.0924468922108576 0.0967741935483871 0.0767112509834776 0.0723839496459481 0.0743509047993706 0.0782848151062156 0.0767112509834776 0.0774980330448466 0.0861526357199056 0.043273013375295 0.0810385523210071 0.102675059008655 0 0.0747442958300551 0.0885129819040126 0.0735641227380016 0.0743509047993706
"pelCas" 0.100708103855232 0.104248623131393 0.0833988985051141 0.0818253343823761 0.0814319433516916 0.0849724626278521 0.0837922895357986 0.0881195908733281 0.0932336742722266 0.0660896931549961 0.0873328088119591 0.109756097560976 0.0747442958300551 0 0.101888276947286 0.0794649881982691 0.0590086546026751
"pelSin" 0.0755310778914241 0.0904799370574351 0.0731707317073171 0.0676632572777341 0.0680566483084186 0.0700236034618411 0.0672698662470496 0.0747442958300551 0.0786782061369001 0.0845790715971676 0.0719905586152636 0.0948072383949646 0.0885129819040126 0.101888276947286 0 0.0653029110936271 0.101101494885917
"plaMeg" 0.0751376868607396 0.050354051927616 0.032258064516129 0.0271439811172305 0.0224232887490165 0.0263571990558615 0.02360346184107 0.034618410700236 0.0444531864673485 0.0656963021243116 0.030684500393391 0.052714398111723 0.0735641227380016 0.0794649881982691 0.0653029110936271 0 0.0849724626278521
"podExp" 0.104248623131393 0.104248623131393 0.0873328088119591 0.0865460267505901 0.0845790715971676 0.0908733280881196 0.0881195908733281 0.0908733280881196 0.0979543666404406 0.0731707317073171 0.0865460267505901 0.113296616837136 0.0743509047993706 0.0590086546026751 0.101101494885917 0.0849724626278521 0
