"carIns" "cheAbi" "cheMyd" "cheSer" "chrPic" "cuoAmb" "cuoMcc" "derCor" "derMaw" "emySub" "gopAga" "malTer" "mesTub" "pelCas" "pelSin" "plaMeg" "podExp" "terMex"
"carIns" 0 0.0467914438502674 0.0457219251336898 0.0433155080213904 0.0406417112299465 0.0409090909090909 0.0403743315508021 0.0438502673796791 0.0513368983957219 0.143850267379679 0.0435828877005348 0.046524064171123 0.0614973262032086 0.0665775401069519 0.0481283422459893 0.0385026737967914 0.06524064171123 0.0398395721925134
"cheAbi" 0.0467914438502674 0 0.025668449197861 0.0203208556149733 0.0189839572192513 0.0155080213903743 0.0147058823529412 0.0264705882352941 0.031283422459893 0.127272727272727 0.0141711229946524 0.0251336898395722 0.0459893048128342 0.0548128342245989 0.0470588235294118 0.0155080213903743 0.0564171122994652 0.0176470588235294
"cheMyd" 0.0457219251336898 0.025668449197861 0 0.0205882352941176 0.020855614973262 0.0219251336898396 0.0197860962566845 0.0152406417112299 0.031283422459893 0.12807486631016 0.0245989304812834 0.0272727272727273 0.0470588235294118 0.0556149732620321 0.0443850267379679 0.0184491978609626 0.0588235294117647 0.0195187165775401
"cheSer" 0.0433155080213904 0.0203208556149733 0.0205882352941176 0 0.0157754010695187 0.0152406417112299 0.0147058823529412 0.0211229946524064 0.0251336898395722 0.124331550802139 0.0189839572192513 0.0224598930481283 0.0425133689839572 0.0510695187165775 0.043048128342246 0.0122994652406417 0.053475935828877 0.0149732620320856
"chrPic" 0.0406417112299465 0.0189839572192513 0.020855614973262 0.0157754010695187 0 0.0136363636363636 0.0131016042780749 0.022192513368984 0.0275401069518717 0.12379679144385 0.017379679144385 0.00989304812834225 0.0419786096256684 0.0486631016042781 0.0409090909090909 0.00962566844919786 0.0524064171122995 0.00614973262032086
"cuoAmb" 0.0409090909090909 0.0155080213903743 0.0219251336898396 0.0152406417112299 0.0136363636363636 0 0.00374331550802139 0.022192513368984 0.0275401069518717 0.122994652406417 0.0128342245989305 0.0203208556149733 0.0419786096256684 0.0491978609625668 0.043048128342246 0.0109625668449198 0.0516042780748663 0.0128342245989305
"cuoMcc" 0.0403743315508021 0.0147058823529412 0.0197860962566845 0.0147058823529412 0.0131016042780749 0.00374331550802139 0 0.0213903743315508 0.0264705882352941 0.122459893048128 0.0120320855614973 0.0197860962566845 0.0409090909090909 0.0475935828877005 0.0414438502673797 0.0101604278074866 0.0510695187165775 0.0122994652406417
"derCor" 0.0438502673796791 0.0264705882352941 0.0152406417112299 0.0211229946524064 0.022192513368984 0.022192513368984 0.0213903743315508 0 0.0318181818181818 0.129411764705882 0.0251336898395722 0.0283422459893048 0.0473262032085561 0.0558823529411765 0.0451871657754011 0.0184491978609626 0.0590909090909091 0.020855614973262
"derMaw" 0.0513368983957219 0.031283422459893 0.031283422459893 0.0251336898395722 0.0275401069518717 0.0275401069518717 0.0264705882352941 0.0318181818181818 0 0.134491978609626 0.0302139037433155 0.0336898395721925 0.0510695187165775 0.0585561497326203 0.0502673796791444 0.0240641711229947 0.061764705882353 0.0272727272727273
"emySub" 0.143850267379679 0.127272727272727 0.12807486631016 0.124331550802139 0.12379679144385 0.122994652406417 0.122459893048128 0.129411764705882 0.134491978609626 0 0.124598930481283 0.125935828877005 0.109893048128342 0.130213903743316 0.142513368983957 0.121390374331551 0.134224598930481 0.122727272727273
"gopAga" 0.0435828877005348 0.0141711229946524 0.0245989304812834 0.0189839572192513 0.017379679144385 0.0128342245989305 0.0120320855614973 0.0251336898395722 0.0302139037433155 0.124598930481283 0 0.0235294117647059 0.0433155080213904 0.0510695187165775 0.0454545454545455 0.0133689839572193 0.0542780748663102 0.0160427807486631
"malTer" 0.046524064171123 0.0251336898395722 0.0272727272727273 0.0224598930481283 0.00989304812834225 0.0203208556149733 0.0197860962566845 0.0283422459893048 0.0336898395721925 0.125935828877005 0.0235294117647059 0 0.0478609625668449 0.0550802139037433 0.0478609625668449 0.0152406417112299 0.0577540106951872 0.0112299465240642
"mesTub" 0.0614973262032086 0.0459893048128342 0.0470588235294118 0.0425133689839572 0.0419786096256684 0.0419786096256684 0.0409090909090909 0.0473262032085561 0.0510695187165775 0.109893048128342 0.0433155080213904 0.0478609625668449 0 0.0483957219251337 0.0593582887700535 0.039572192513369 0.0508021390374332 0.0406417112299465
"pelCas" 0.0665775401069519 0.0548128342245989 0.0556149732620321 0.0510695187165775 0.0486631016042781 0.0491978609625668 0.0475935828877005 0.0558823529411765 0.0585561497326203 0.130213903743316 0.0510695187165775 0.0550802139037433 0.0483957219251337 0 0.063903743315508 0.0473262032085561 0.043048128342246 0.0481283422459893
"pelSin" 0.0481283422459893 0.0470588235294118 0.0443850267379679 0.043048128342246 0.0409090909090909 0.043048128342246 0.0414438502673797 0.0451871657754011 0.0502673796791444 0.142513368983957 0.0454545454545455 0.0478609625668449 0.0593582887700535 0.063903743315508 0 0.0382352941176471 0.0663101604278075 0.0409090909090909
"plaMeg" 0.0385026737967914 0.0155080213903743 0.0184491978609626 0.0122994652406417 0.00962566844919786 0.0109625668449198 0.0101604278074866 0.0184491978609626 0.0240641711229947 0.121390374331551 0.0133689839572193 0.0152406417112299 0.039572192513369 0.0473262032085561 0.0382352941176471 0 0.0513368983957219 0.00828877005347594
"podExp" 0.06524064171123 0.0564171122994652 0.0588235294117647 0.053475935828877 0.0524064171122995 0.0516042780748663 0.0510695187165775 0.0590909090909091 0.061764705882353 0.134224598930481 0.0542780748663102 0.0577540106951872 0.0508021390374332 0.043048128342246 0.0663101604278075 0.0513368983957219 0 0.0516042780748663
"terMex" 0.0398395721925134 0.0176470588235294 0.0195187165775401 0.0149732620320856 0.00614973262032086 0.0128342245989305 0.0122994652406417 0.020855614973262 0.0272727272727273 0.122727272727273 0.0160427807486631 0.0112299465240642 0.0406417112299465 0.0481283422459893 0.0409090909090909 0.00828877005347594 0.0516042780748663 0
