"carIns" "cheAbi" "cheMyd" "cheSer" "chrPic" "cuoAmb" "cuoMcc" "derMaw" "emySub" "gopAga" "malTer" "mesTub" "pelCas" "plaMeg" "podExp" "terMex"
"carIns" 0 0.13619590741362 0.0875545119087554 0.156658839315666 0.0932572962093257 0.157329755115733 0.0868835961086884 0.102985575310299 0.195236497819524 0.160013418316001 0.120764844012076 0.20530023482053 0.25259979872526 0.197920161019792 0.170412613217041 0.162026165716203
"cheAbi" 0.13619590741362 0 0.0795035223079504 0.121435759812144 0.0848708487084871 0.111707480711171 0.0674270379067427 0.0996309963099631 0.179134518617913 0.105669238510567 0.115062059711506 0.189533713518953 0.242871519624287 0.164038913116404 0.19020462931902 0.123113049312311
"cheMyd" 0.0875545119087554 0.0795035223079504 0 0.107346528010735 0.0382422006038242 0.103656491110366 0.0251593425025159 0.0486413955048641 0.168735323716874 0.108017443810802 0.0677624958067762 0.177121771217712 0.229453203622945 0.155317007715532 0.14189869171419 0.111372022811137
"cheSer" 0.156658839315666 0.121435759812144 0.107346528010735 0 0.11539751761154 0.111036564911104 0.105333780610533 0.122442133512244 0.169070781616907 0.130493123113049 0.144582354914458 0.182153639718215 0.243206977524321 0.17410265011741 0.20530023482053 0.120093928212009
"chrPic" 0.0932572962093257 0.0848708487084871 0.0382422006038242 0.11539751761154 0 0.108017443810802 0.0301912110030191 0.0553505535055351 0.173431734317343 0.111036564911104 0.0375712848037571 0.179134518617913 0.232136866823214 0.1580006709158 0.147936933914794 0.101979201610198
"cuoAmb" 0.157329755115733 0.111707480711171 0.103656491110366 0.111036564911104 0.108017443810802 0 0.0835290171083529 0.124119423012412 0.176450855417645 0.116068433411607 0.138544112713854 0.188191881918819 0.247567930224757 0.167728950016773 0.207648440120765 0.113720228111372
"cuoMcc" 0.0868835961086884 0.0674270379067427 0.0251593425025159 0.105333780610533 0.0301912110030191 0.0835290171083529 0 0.0486413955048641 0.167393492116739 0.0962764173096276 0.0603824220060382 0.173767192217377 0.231130493123113 0.149278765514928 0.141227775914123 0.101979201610198
"derMaw" 0.102985575310299 0.0996309963099631 0.0486413955048641 0.122442133512244 0.0553505535055351 0.124119423012412 0.0486413955048641 0 0.180140892318014 0.126132170412613 0.08419993290842 0.191211003019121 0.238846024823885 0.169070781616907 0.152968802415297 0.129151291512915
"emySub" 0.195236497819524 0.179134518617913 0.168735323716874 0.169070781616907 0.173431734317343 0.176450855417645 0.167393492116739 0.180140892318014 0 0.185508218718551 0.199261992619926 0.125125796712513 0.235491445823549 0.230124119423012 0.204964776920496 0.181147266018115
"gopAga" 0.160013418316001 0.105669238510567 0.108017443810802 0.130493123113049 0.111036564911104 0.116068433411607 0.0962764173096276 0.126132170412613 0.185508218718551 0 0.138879570613888 0.194230124119423 0.247567930224757 0.178463602817846 0.209325729620933 0.136531365313653
"malTer" 0.120764844012076 0.115062059711506 0.0677624958067762 0.144582354914458 0.0375712848037571 0.138544112713854 0.0603824220060382 0.08419993290842 0.199261992619926 0.138879570613888 0 0.206977524320698 0.256960751425696 0.185508218718551 0.170077155317008 0.13149949681315
"mesTub" 0.20530023482053 0.189533713518953 0.177121771217712 0.182153639718215 0.179134518617913 0.188191881918819 0.173767192217377 0.191211003019121 0.125125796712513 0.194230124119423 0.206977524320698 0 0.244884267024488 0.241194230124119 0.210667561221067 0.193223750419322
"pelCas" 0.25259979872526 0.242871519624287 0.229453203622945 0.243206977524321 0.232136866823214 0.247567930224757 0.231130493123113 0.238846024823885 0.235491445823549 0.247567930224757 0.256960751425696 0.244884267024488 0 0.269037235826904 0.212009392821201 0.25259979872526
"plaMeg" 0.197920161019792 0.164038913116404 0.155317007715532 0.17410265011741 0.1580006709158 0.167728950016773 0.149278765514928 0.169070781616907 0.230124119423012 0.178463602817846 0.185508218718551 0.241194230124119 0.269037235826904 0 0.239516940623952 0.173431734317343
"podExp" 0.170412613217041 0.19020462931902 0.14189869171419 0.20530023482053 0.147936933914794 0.207648440120765 0.141227775914123 0.152968802415297 0.204964776920496 0.209325729620933 0.170077155317008 0.210667561221067 0.212009392821201 0.239516940623952 0 0.207648440120765
"terMex" 0.162026165716203 0.123113049312311 0.111372022811137 0.120093928212009 0.101979201610198 0.113720228111372 0.101979201610198 0.129151291512915 0.181147266018115 0.136531365313653 0.13149949681315 0.193223750419322 0.25259979872526 0.173431734317343 0.207648440120765 0
