"carIns" "cheAbi" "cheMyd" "cheSer" "chrPic" "cuoAmb" "cuoMcc" "derCor" "derMaw" "emySub" "gopAga" "malTer" "mesTub" "pelCas" "pelSin" "plaMeg" "podExp" "terMex"
"carIns" 0 0.0633869441816462 0.0596026490066225 0.0638599810785241 0.0581835383159886 0.0596026490066225 0.115421002838221 0.0629139072847682 0.0709555345316935 0.0719016083254494 0.0676442762535478 0.0591296121097446 0.0719016083254494 0.0799432355723746 0.0771050141911069 0.0553453169347209 0.0785241248817408 0.0562913907284768
"cheAbi" 0.0633869441816462 0 0.0345316934720908 0.0368968779564806 0.0269631031220435 0.0189214758751183 0.0823084200567644 0.0383159886471145 0.0473036896877956 0.0591296121097446 0.0198675496688742 0.0269631031220435 0.0600756859035005 0.0671712393566698 0.0728476821192053 0.022232734153264 0.0714285714285714 0.0255439924314096
"cheMyd" 0.0596026490066225 0.0345316934720908 0 0.0260170293282876 0.0255439924314096 0.0260170293282876 0.0879848628192999 0.00898770104068117 0.0368968779564806 0.0496688741721854 0.033112582781457 0.0255439924314096 0.0510879848628193 0.0600756859035005 0.0700094607379376 0.0198675496688742 0.0629139072847682 0.0250709555345317
"cheSer" 0.0638599810785241 0.0368968779564806 0.0260170293282876 0 0.0293282876064333 0.0279091769157994 0.086565752128666 0.0302743614001892 0.0364238410596026 0.0487228003784295 0.0354777672658467 0.0293282876064333 0.0525070955534532 0.0581835383159886 0.0719016083254494 0.0236518448438978 0.0638599810785241 0.0288552507095553
"chrPic" 0.0581835383159886 0.0269631031220435 0.0255439924314096 0.0293282876064333 0 0.0184484389782403 0.0823084200567644 0.0298013245033113 0.0387890255439924 0.0506149479659413 0.0260170293282876 0.00473036896877956 0.0525070955534532 0.0605487228003784 0.0700094607379376 0.0122989593188269 0.065279091769158 0.00993377483443709
"cuoAmb" 0.0596026490066225 0.0189214758751183 0.0260170293282876 0.0279091769157994 0.0184484389782403 0 0.0719016083254494 0.0302743614001892 0.0378429517502365 0.0515610217596973 0.0170293282876064 0.0184484389782403 0.0553453169347209 0.0600756859035005 0.0695364238410596 0.0127719962157048 0.0662251655629139 0.0179754020813623
"cuoMcc" 0.115421002838221 0.0823084200567644 0.0879848628192999 0.086565752128666 0.0823084200567644 0.0719016083254494 0 0.0922421948912015 0.097918637653737 0.111636707663198 0.0799432355723746 0.0827814569536424 0.114474929044465 0.122043519394513 0.123462630085147 0.0771050141911069 0.12724692526017 0.0813623462630085
"derCor" 0.0629139072847682 0.0383159886471145 0.00898770104068117 0.0302743614001892 0.0298013245033113 0.0302743614001892 0.0922421948912015 0 0.0406811731315043 0.0534531693472091 0.0378429517502365 0.0298013245033113 0.0558183538315989 0.065279091769158 0.0742667928098392 0.0241248817407758 0.0671712393566698 0.0293282876064333
"derMaw" 0.0709555345316935 0.0473036896877956 0.0368968779564806 0.0364238410596026 0.0387890255439924 0.0378429517502365 0.097918637653737 0.0406811731315043 0 0.0600756859035005 0.0468306527909177 0.0378429517502365 0.0614947965941343 0.0690633869441816 0.0780510879848628 0.0345316934720908 0.0742667928098392 0.0364238410596026
"emySub" 0.0719016083254494 0.0591296121097446 0.0496688741721854 0.0487228003784295 0.0506149479659413 0.0515610217596973 0.111636707663198 0.0534531693472091 0.0600756859035005 0 0.0581835383159886 0.0520340586565752 0.0255439924314096 0.0473036896877956 0.0842005676442762 0.0473036896877956 0.0506149479659413 0.0491958372753075
"gopAga" 0.0676442762535478 0.0198675496688742 0.033112582781457 0.0354777672658467 0.0260170293282876 0.0170293282876064 0.0799432355723746 0.0378429517502365 0.0468306527909177 0.0581835383159886 0 0.0260170293282876 0.0600756859035005 0.065279091769158 0.0737937559129612 0.021286660359508 0.0723746452223273 0.0255439924314096
"malTer" 0.0591296121097446 0.0269631031220435 0.0255439924314096 0.0293282876064333 0.00473036896877956 0.0184484389782403 0.0827814569536424 0.0298013245033113 0.0378429517502365 0.0520340586565752 0.0260170293282876 0 0.053926206244087 0.0619678334910123 0.0700094607379376 0.0122989593188269 0.0666982024597919 0.00993377483443709
"mesTub" 0.0719016083254494 0.0600756859035005 0.0510879848628193 0.0525070955534532 0.0525070955534532 0.0553453169347209 0.114474929044465 0.0558183538315989 0.0614947965941343 0.0255439924314096 0.0600756859035005 0.053926206244087 0 0.053926206244087 0.0808893093661306 0.0491958372753075 0.0558183538315989 0.0515610217596973
"pelCas" 0.0799432355723746 0.0671712393566698 0.0600756859035005 0.0581835383159886 0.0605487228003784 0.0600756859035005 0.122043519394513 0.065279091769158 0.0690633869441816 0.0473036896877956 0.065279091769158 0.0619678334910123 0.053926206244087 0 0.0894039735099338 0.0572374645222327 0.0491958372753075 0.0600756859035005
"pelSin" 0.0771050141911069 0.0728476821192053 0.0700094607379376 0.0719016083254494 0.0700094607379376 0.0695364238410596 0.123462630085147 0.0742667928098392 0.0780510879848628 0.0842005676442762 0.0737937559129612 0.0700094607379376 0.0808893093661306 0.0894039735099338 0 0.0633869441816462 0.0922421948912015 0.0685903500473037
"plaMeg" 0.0553453169347209 0.022232734153264 0.0198675496688742 0.0236518448438978 0.0122989593188269 0.0127719962157048 0.0771050141911069 0.0241248817407758 0.0345316934720908 0.0473036896877956 0.021286660359508 0.0122989593188269 0.0491958372753075 0.0572374645222327 0.0633869441816462 0 0.0600756859035005 0.0118259224219489
"podExp" 0.0785241248817408 0.0714285714285714 0.0629139072847682 0.0638599810785241 0.065279091769158 0.0662251655629139 0.12724692526017 0.0671712393566698 0.0742667928098392 0.0506149479659413 0.0723746452223273 0.0666982024597919 0.0558183538315989 0.0491958372753075 0.0922421948912015 0.0600756859035005 0 0.06480605487228
"terMex" 0.0562913907284768 0.0255439924314096 0.0250709555345317 0.0288552507095553 0.00993377483443709 0.0179754020813623 0.0813623462630085 0.0293282876064333 0.0364238410596026 0.0491958372753075 0.0255439924314096 0.00993377483443709 0.0515610217596973 0.0600756859035005 0.0685903500473037 0.0118259224219489 0.06480605487228 0
