"carIns" "cheAbi" "cheMyd" "cheSer" "chrPic" "cuoMcc" "derMaw" "emySub" "gopAga" "malTer" "mesTub" "pelCas" "pelSin" "plaMeg" "podExp" "terMex"
"carIns" 0 0.0561447286338116 0.0548970679975047 0.058016219588272 0.0517779164067374 0.0548970679975047 0.0623830318153462 0.058016219588272 0.0567685589519651 0.0530255770430443 0.0704928259513412 0.0779787897691828 0.122270742358079 0.0517779164067374 0.0804741110417966 0.0505302557704304
"cheAbi" 0.0561447286338116 0 0.0224578914535246 0.0249532127261385 0.0174672489082969 0.0099812850904554 0.0305676855895196 0.0368059887710543 0.0143480973175296 0.0187149095446039 0.0517779164067374 0.058016219588272 0.110417966313163 0.0199625701809108 0.0623830318153462 0.01621958827199
"cheMyd" 0.0548970679975047 0.0224578914535246 0 0.0180910792264504 0.01621958827199 0.0174672489082969 0.0262008733624454 0.0293200249532127 0.0230817217716781 0.0168434185901435 0.0486587648159701 0.0530255770430443 0.104803493449782 0.0180910792264504 0.0605115408608858 0.0131004366812227
"cheSer" 0.058016219588272 0.0249532127261385 0.0180910792264504 0 0.0199625701809108 0.0199625701809108 0.024329382407985 0.0330630068621335 0.024329382407985 0.0205864004990643 0.0505302557704304 0.0542732376793512 0.106051154086089 0.0212102308172177 0.0630068621334997 0.0168434185901435
"chrPic" 0.0517779164067374 0.0174672489082969 0.01621958827199 0.0199625701809108 0 0.0155957579538366 0.0280723643169058 0.0318153462258266 0.0168434185901435 0.00311915159076731 0.0455396132252027 0.0542732376793512 0.108546475358702 0.0131004366812227 0.0573923892701185 0.00436681222707424
"cuoMcc" 0.0548970679975047 0.0099812850904554 0.0174672489082969 0.0199625701809108 0.0155957579538366 0 0.0268247036805989 0.0330630068621335 0.0124766063630692 0.0168434185901435 0.0492825951341235 0.0536494073611978 0.107922645040549 0.0168434185901435 0.0605115408608858 0.0131004366812227
"derMaw" 0.0623830318153462 0.0305676855895196 0.0262008733624454 0.024329382407985 0.0280723643169058 0.0268247036805989 0 0.0386774797255147 0.0330630068621335 0.0293200249532127 0.0548970679975047 0.0611353711790393 0.106674984404242 0.0293200249532127 0.0704928259513412 0.025577043044292
"emySub" 0.058016219588272 0.0368059887710543 0.0293200249532127 0.0330630068621335 0.0318153462258266 0.0330630068621335 0.0386774797255147 0 0.0380536494073612 0.0311915159076731 0.0368059887710543 0.0492825951341235 0.111041796631316 0.0305676855895196 0.0555208983156581 0.0293200249532127
"gopAga" 0.0567685589519651 0.0143480973175296 0.0230817217716781 0.024329382407985 0.0168434185901435 0.0124766063630692 0.0330630068621335 0.0380536494073612 0 0.0174672489082969 0.0511540860885839 0.058016219588272 0.11166562694947 0.0174672489082969 0.0605115408608858 0.0137242669993762
"malTer" 0.0530255770430443 0.0187149095446039 0.0168434185901435 0.0205864004990643 0.00311915159076731 0.0168434185901435 0.0293200249532127 0.0311915159076731 0.0174672489082969 0 0.0455396132252027 0.0536494073611978 0.107922645040549 0.0137242669993762 0.0567685589519651 0.0049906425452277
"mesTub" 0.0704928259513412 0.0517779164067374 0.0486587648159701 0.0505302557704304 0.0455396132252027 0.0492825951341235 0.0548970679975047 0.0368059887710543 0.0511540860885839 0.0455396132252027 0 0.0636306924516531 0.126013724266999 0.0474111041796631 0.0655021834061135 0.0436681222707424
"pelCas" 0.0779787897691828 0.058016219588272 0.0530255770430443 0.0542732376793512 0.0542732376793512 0.0536494073611978 0.0611353711790393 0.0492825951341235 0.058016219588272 0.0536494073611978 0.0636306924516531 0 0.132252027448534 0.0542732376793512 0.0536494073611978 0.0524017467248908
"pelSin" 0.122270742358079 0.110417966313163 0.104803493449782 0.106051154086089 0.108546475358702 0.107922645040549 0.106674984404242 0.111041796631316 0.11166562694947 0.107922645040549 0.126013724266999 0.132252027448534 0 0.107298814722396 0.139737991266376 0.105427323767935
"plaMeg" 0.0517779164067374 0.0199625701809108 0.0180910792264504 0.0212102308172177 0.0131004366812227 0.0168434185901435 0.0293200249532127 0.0305676855895196 0.0174672489082969 0.0137242669993762 0.0474111041796631 0.0542732376793512 0.107298814722396 0 0.058016219588272 0.0099812850904554
"podExp" 0.0804741110417966 0.0623830318153462 0.0605115408608858 0.0630068621334997 0.0573923892701185 0.0605115408608858 0.0704928259513412 0.0555208983156581 0.0605115408608858 0.0567685589519651 0.0655021834061135 0.0536494073611978 0.139737991266376 0.058016219588272 0 0.0561447286338116
"terMex" 0.0505302557704304 0.01621958827199 0.0131004366812227 0.0168434185901435 0.00436681222707424 0.0131004366812227 0.025577043044292 0.0293200249532127 0.0137242669993762 0.0049906425452277 0.0436681222707424 0.0524017467248908 0.105427323767935 0.0099812850904554 0.0561447286338116 0
