"carIns" "cheAbi" "cheMyd" "chrPic" "cuoAmb" "cuoMcc" "derCor" "derMaw" "emySub" "gopAga" "malTer" "mesTub" "pelCas" "pelSin" "plaMeg" "podExp" "terMex"
"carIns" 0 0.12568306010929 0.175774134790528 0.117941712204007 0.122040072859745 0.120218579234973 0.126593806921676 0.131147540983607 0.155737704918033 0.122495446265938 0.210837887067395 0.150728597449909 0.15528233151184 0.146630236794171 0.1183970856102 0.168943533697632 0.116575591985428
"cheAbi" 0.12568306010929 0 0.105191256830601 0.0336976320582878 0.0259562841530055 0.0241347905282332 0.0450819672131148 0.0555555555555556 0.105191256830601 0.0195810564663024 0.154826958105647 0.102914389799636 0.115209471766849 0.123861566484517 0.0323315118397086 0.127049180327869 0.0336976320582878
"cheMyd" 0.175774134790528 0.105191256830601 0 0.0919854280510018 0.100182149362477 0.0974499089253188 0.0910746812386157 0.105646630236794 0.155737704918033 0.102459016393443 0.165300546448087 0.147540983606557 0.16575591985428 0.17167577413479 0.0910746812386157 0.17304189435337 0.0910746812386157
"chrPic" 0.117941712204007 0.0336976320582878 0.0919854280510018 0 0.029143897996357 0.0268670309653916 0.0364298724954463 0.0437158469945355 0.0965391621129326 0.0309653916211293 0.127959927140255 0.0892531876138433 0.104735883424408 0.11384335154827 0.0191256830601093 0.116575591985428 0.0100182149362477
"cuoAmb" 0.122040072859745 0.0259562841530055 0.100182149362477 0.029143897996357 0 0.00500910746812386 0.040983606557377 0.0482695810564663 0.101092896174863 0.0236794171220401 0.144353369763206 0.0969945355191257 0.109289617486339 0.122040072859745 0.0277777777777778 0.121129326047359 0.0282331511839709
"cuoMcc" 0.120218579234973 0.0241347905282332 0.0974499089253188 0.0268670309653916 0.00500910746812386 0 0.0396174863387978 0.0459927140255009 0.098816029143898 0.0209471766848816 0.14344262295082 0.0947176684881603 0.108378870673953 0.120218579234973 0.0255009107468124 0.119307832422587 0.0259562841530055
"derCor" 0.126593806921676 0.0450819672131148 0.0910746812386157 0.0364298724954463 0.040983606557377 0.0396174863387978 0 0.046448087431694 0.101092896174863 0.0437158469945355 0.154371584699454 0.0979052823315118 0.105646630236794 0.118852459016393 0.0341530054644809 0.122040072859745 0.0355191256830601
"derMaw" 0.131147540983607 0.0555555555555556 0.105646630236794 0.0437158469945355 0.0482695810564663 0.0459927140255009 0.046448087431694 0 0.10200364298725 0.0514571948998178 0.158014571948998 0.0992714025500911 0.109289617486339 0.120673952641166 0.0423497267759563 0.125227686703097 0.0428051001821494
"emySub" 0.155737704918033 0.105191256830601 0.155737704918033 0.0965391621129326 0.101092896174863 0.098816029143898 0.101092896174863 0.10200364298725 0 0.102459016393443 0.198998178506375 0.0728597449908925 0.10655737704918 0.15391621129326 0.0960837887067395 0.1183970856102 0.0942622950819672
"gopAga" 0.122495446265938 0.0195810564663024 0.102459016393443 0.0309653916211293 0.0236794171220401 0.0209471766848816 0.0437158469945355 0.0514571948998178 0.102459016393443 0 0.151183970856102 0.0979052823315118 0.110200364298725 0.120218579234973 0.0286885245901639 0.122495446265938 0.0282331511839709
"malTer" 0.210837887067395 0.154826958105647 0.165300546448087 0.127959927140255 0.144353369763206 0.14344262295082 0.154371584699454 0.158014571948998 0.198998178506375 0.151183970856102 0 0.191256830601093 0.206739526411658 0.213570127504554 0.141165755919854 0.212659380692168 0.132513661202186
"mesTub" 0.150728597449909 0.102914389799636 0.147540983606557 0.0892531876138433 0.0969945355191257 0.0947176684881603 0.0979052823315118 0.0992714025500911 0.0728597449908925 0.0979052823315118 0.191256830601093 0 0.0979052823315118 0.146174863387978 0.0883424408014572 0.116575591985428 0.086976320582878
"pelCas" 0.15528233151184 0.115209471766849 0.16575591985428 0.104735883424408 0.109289617486339 0.108378870673953 0.105646630236794 0.109289617486339 0.10655737704918 0.110200364298725 0.206739526411658 0.0979052823315118 0 0.158925318761384 0.104280510018215 0.0887978142076503 0.102459016393443
"pelSin" 0.146630236794171 0.123861566484517 0.17167577413479 0.11384335154827 0.122040072859745 0.120218579234973 0.118852459016393 0.120673952641166 0.15391621129326 0.120218579234973 0.213570127504554 0.146174863387978 0.158925318761384 0 0.111566484517304 0.168032786885246 0.11384335154827
"plaMeg" 0.1183970856102 0.0323315118397086 0.0910746812386157 0.0191256830601093 0.0277777777777778 0.0255009107468124 0.0341530054644809 0.0423497267759563 0.0960837887067395 0.0286885245901639 0.141165755919854 0.0883424408014572 0.104280510018215 0.111566484517304 0 0.116120218579235 0.0182149362477231
"podExp" 0.168943533697632 0.127049180327869 0.17304189435337 0.116575591985428 0.121129326047359 0.119307832422587 0.122040072859745 0.125227686703097 0.1183970856102 0.122495446265938 0.212659380692168 0.116575591985428 0.0887978142076503 0.168032786885246 0.116120218579235 0 0.115209471766849
"terMex" 0.116575591985428 0.0336976320582878 0.0910746812386157 0.0100182149362477 0.0282331511839709 0.0259562841530055 0.0355191256830601 0.0428051001821494 0.0942622950819672 0.0282331511839709 0.132513661202186 0.086976320582878 0.102459016393443 0.11384335154827 0.0182149362477231 0.115209471766849 0
