"carIns" "cheAbi" "cheMyd" "cheSer" "chrPic" "cuoAmb" "cuoMcc" "derCor" "derMaw" "emySub" "gopAga" "malTer" "mesTub" "pelCas" "pelSin" "plaMeg" "podExp" "terMex"
"carIns" 0 0.0781504395962227 0.0706610224682514 0.072614783458157 0.0732660371214588 0.0719635297948551 0.0732660371214588 0.0771735591012699 0.0781504395962227 0.0856398567241941 0.0765223054379681 0.0791273200911755 0.0879192445457506 0.1227613155324 0.0875936177140996 0.0696841419732986 0.106479973949853 0.0976880494952784
"cheAbi" 0.0781504395962227 0 0.0312601758384891 0.0332139368283947 0.0267014001953761 0.0162813415825464 0.0166069684141973 0.0384239661348095 0.0384239661348095 0.0556821882123087 0.0156300879192445 0.0325626831650928 0.0608922175187235 0.0895473787040052 0.0732660371214588 0.027027027027027 0.0807554542494301 0.0521002930641485
"cheMyd" 0.0706610224682514 0.0312601758384891 0 0.0263757733637252 0.0240963855421687 0.0250732660371215 0.0260501465320742 0.0205144903940085 0.0293064148485835 0.0478671442526864 0.0312601758384891 0.0306089221751872 0.0540540540540541 0.0846629762292413 0.067730380983393 0.0221426245522631 0.0765223054379681 0.0501465320742429
"cheSer" 0.072614783458157 0.0332139368283947 0.0263757733637252 0 0.0263757733637252 0.027352653858678 0.0283295343536307 0.0338651904916965 0.0325626831650928 0.049820905242592 0.0335395636600456 0.0328883099967437 0.0530771735591013 0.0869423640507978 0.0683816346466949 0.0240963855421687 0.076847932269619 0.0511234125691957
"chrPic" 0.0732660371214588 0.0267014001953761 0.0240963855421687 0.0263757733637252 0 0.0201888635623575 0.0211657440573103 0.0312601758384891 0.0322370563334419 0.0488440247476392 0.0267014001953761 0.0120481927710843 0.0530771735591013 0.0840117225659394 0.0683816346466949 0.0172582220774992 0.0755454249430153 0.0384239661348095
"cuoAmb" 0.0719635297948551 0.0162813415825464 0.0250732660371215 0.027352653858678 0.0201888635623575 0 0.00553565613806578 0.031911429501791 0.031911429501791 0.0507977857375448 0.0156300879192445 0.0267014001953761 0.0560078150439596 0.0830348420709866 0.0693585151416477 0.0185607294041029 0.0748941712797134 0.0462390100944318
"cuoMcc" 0.0732660371214588 0.0166069684141973 0.0260501465320742 0.0283295343536307 0.0211657440573103 0.00553565613806578 0 0.0328883099967437 0.0322370563334419 0.0517746662324976 0.0166069684141973 0.0276782806903289 0.0563334418756105 0.0846629762292413 0.0709866492999023 0.0201888635623575 0.0742429176164116 0.0472158905893846
"derCor" 0.0771735591012699 0.0384239661348095 0.0205144903940085 0.0338651904916965 0.0312601758384891 0.031911429501791 0.0328883099967437 0 0.0371214588082058 0.0550309345490068 0.0374470856398567 0.0377727124715077 0.0605665906870726 0.0901986323673071 0.0735916639531097 0.0289807880169326 0.0817323347443829 0.0560078150439596
"derMaw" 0.0781504395962227 0.0384239661348095 0.0293064148485835 0.0325626831650928 0.0322370563334419 0.031911429501791 0.0322370563334419 0.0371214588082058 0 0.0547053077173559 0.0384239661348095 0.0387495929664604 0.0595897101921198 0.0879192445457506 0.0748941712797134 0.0293064148485835 0.0784760664278737 0.0553565613806578
"emySub" 0.0856398567241941 0.0556821882123087 0.0478671442526864 0.049820905242592 0.0488440247476392 0.0507977857375448 0.0517746662324976 0.0550309345490068 0.0547053077173559 0 0.0560078150439596 0.0556821882123087 0.0263757733637252 0.076847932269619 0.0804298274177792 0.0481927710843374 0.058612829697167 0.0755454249430153
"gopAga" 0.0765223054379681 0.0156300879192445 0.0312601758384891 0.0335395636600456 0.0267014001953761 0.0156300879192445 0.0166069684141973 0.0374470856398567 0.0384239661348095 0.0560078150439596 0 0.0322370563334419 0.0608922175187235 0.0924780201888636 0.0752197981113644 0.0257245197004233 0.0830348420709866 0.0517746662324976
"malTer" 0.0791273200911755 0.0325626831650928 0.0306089221751872 0.0328883099967437 0.0120481927710843 0.0267014001953761 0.0276782806903289 0.0377727124715077 0.0387495929664604 0.0556821882123087 0.0322370563334419 0 0.058938456528818 0.0885704982090524 0.0752197981113644 0.0244220123738196 0.0804298274177792 0.0446108759361771
"mesTub" 0.0879192445457506 0.0608922175187235 0.0540540540540541 0.0530771735591013 0.0530771735591013 0.0560078150439596 0.0563334418756105 0.0605665906870726 0.0595897101921198 0.0263757733637252 0.0608922175187235 0.058938456528818 0 0.0801042005861283 0.0840117225659394 0.0524259198957994 0.0618690980136763 0.0784760664278737
"pelCas" 0.1227613155324 0.0895473787040052 0.0846629762292413 0.0869423640507978 0.0840117225659394 0.0830348420709866 0.0846629762292413 0.0901986323673071 0.0879192445457506 0.076847932269619 0.0924780201888636 0.0885704982090524 0.0801042005861283 0 0.113318137414523 0.0823835884076848 0.072289156626506 0.107131227613155
"pelSin" 0.0875936177140996 0.0732660371214588 0.067730380983393 0.0683816346466949 0.0683816346466949 0.0693585151416477 0.0709866492999023 0.0735916639531097 0.0748941712797134 0.0804298274177792 0.0752197981113644 0.0752197981113644 0.0840117225659394 0.113318137414523 0 0.0661022468251384 0.102572451970042 0.0931292738521654
"plaMeg" 0.0696841419732986 0.027027027027027 0.0221426245522631 0.0240963855421687 0.0172582220774992 0.0185607294041029 0.0201888635623575 0.0289807880169326 0.0293064148485835 0.0481927710843374 0.0257245197004233 0.0244220123738196 0.0524259198957994 0.0823835884076848 0.0661022468251384 0 0.0732660371214588 0.0433083686095734
"podExp" 0.106479973949853 0.0807554542494301 0.0765223054379681 0.076847932269619 0.0755454249430153 0.0748941712797134 0.0742429176164116 0.0817323347443829 0.0784760664278737 0.058612829697167 0.0830348420709866 0.0804298274177792 0.0618690980136763 0.072289156626506 0.102572451970042 0.0732660371214588 0 0.099641810485184
"terMex" 0.0976880494952784 0.0521002930641485 0.0501465320742429 0.0511234125691957 0.0384239661348095 0.0462390100944318 0.0472158905893846 0.0560078150439596 0.0553565613806578 0.0755454249430153 0.0517746662324976 0.0446108759361771 0.0784760664278737 0.107131227613155 0.0931292738521654 0.0433083686095734 0.099641810485184 0
