"carIns" "cheMyd" "chrPic" "cuoAmb" "cuoMcc" "derMaw" "emySub" "mesTub" "pelCas" "plaMeg" "podExp" "terMex"
"carIns" 0 0.076952380952381 0.0773333333333333 0.0807619047619048 0.0784761904761905 0.0796190476190476 0.0822857142857143 0.0826666666666667 0.0906666666666667 0.076952380952381 0.109714285714286 0.075047619047619
"cheMyd" 0.076952380952381 0 0.028952380952381 0.0304761904761905 0.0293333333333333 0.0373333333333333 0.0518095238095238 0.0571428571428571 0.0700952380952381 0.0259047619047619 0.084952380952381 0.0262857142857143
"chrPic" 0.0773333333333333 0.028952380952381 0 0.0224761904761905 0.0217142857142857 0.0419047619047619 0.0525714285714286 0.0567619047619048 0.0674285714285714 0.0205714285714286 0.0857142857142857 0.008
"cuoAmb" 0.0807619047619048 0.0304761904761905 0.0224761904761905 0 0.00876190476190476 0.0415238095238095 0.0540952380952381 0.0579047619047619 0.0727619047619048 0.0251428571428571 0.0838095238095238 0.0198095238095238
"cuoMcc" 0.0784761904761905 0.0293333333333333 0.0217142857142857 0.00876190476190476 0 0.0396190476190476 0.0502857142857143 0.0575238095238095 0.0716190476190476 0.024 0.0822857142857143 0.019047619047619
"derMaw" 0.0796190476190476 0.0373333333333333 0.0419047619047619 0.0415238095238095 0.0396190476190476 0 0.0579047619047619 0.0620952380952381 0.0693333333333333 0.043047619047619 0.0899047619047619 0.0384761904761905
"emySub" 0.0822857142857143 0.0518095238095238 0.0525714285714286 0.0540952380952381 0.0502857142857143 0.0579047619047619 0 0.0342857142857143 0.0628571428571429 0.0544761904761905 0.083047619047619 0.051047619047619
"mesTub" 0.0826666666666667 0.0571428571428571 0.0567619047619048 0.0579047619047619 0.0575238095238095 0.0620952380952381 0.0342857142857143 0 0.0659047619047619 0.0586666666666667 0.0860952380952381 0.0537142857142857
"pelCas" 0.0906666666666667 0.0700952380952381 0.0674285714285714 0.0727619047619048 0.0716190476190476 0.0693333333333333 0.0628571428571429 0.0659047619047619 0 0.0712380952380952 0.0742857142857143 0.0659047619047619
"plaMeg" 0.076952380952381 0.0259047619047619 0.0205714285714286 0.0251428571428571 0.024 0.043047619047619 0.0544761904761905 0.0586666666666667 0.0712380952380952 0 0.0857142857142857 0.0186666666666667
"podExp" 0.109714285714286 0.084952380952381 0.0857142857142857 0.0838095238095238 0.0822857142857143 0.0899047619047619 0.083047619047619 0.0860952380952381 0.0742857142857143 0.0857142857142857 0 0.0826666666666667
"terMex" 0.075047619047619 0.0262857142857143 0.008 0.0198095238095238 0.019047619047619 0.0384761904761905 0.051047619047619 0.0537142857142857 0.0659047619047619 0.0186666666666667 0.0826666666666667 0
