"carIns" "cheAbi" "cheMyd" "cheSer" "chrPic" "cuoAmb" "cuoMcc" "derCor" "derMaw" "emySub" "malTer" "mesTub" "pelCas" "plaMeg" "podExp" "terMex"
"carIns" 0 0.145080946450809 0.2359900373599 0.144458281444583 0.129514321295143 0.196762141967621 0.127023661270237 0.144458281444583 0.142590286425903 0.173723536737235 0.132627646326276 0.186799501867995 0.195516811955168 0.135118306351183 0.206724782067248 0.134495641344956
"cheAbi" 0.145080946450809 0 0.180572851805729 0.101494396014944 0.0454545454545455 0.100249066002491 0.0330012453300125 0.087173100871731 0.0940224159402242 0.148816936488169 0.0473225404732254 0.159402241594022 0.167496886674969 0.049813200498132 0.174346201743462 0.0460772104607721
"cheMyd" 0.2359900373599 0.180572851805729 0 0.192403486924035 0.171232876712329 0.240348692403487 0.172478206724782 0.178082191780822 0.196139476961395 0.229140722291407 0.174968866749689 0.230386052303861 0.246575342465753 0.179327521793275 0.242839352428394 0.174346201743462
"cheSer" 0.144458281444583 0.101494396014944 0.192403486924035 0 0.0803237858032379 0.140722291407223 0.0821917808219178 0.103362391033624 0.0990037359900374 0.14321295143213 0.0797011207970112 0.167496886674969 0.179950186799502 0.0859277708592777 0.193648816936488 0.0846824408468244
"chrPic" 0.129514321295143 0.0454545454545455 0.171232876712329 0.0803237858032379 0 0.100249066002491 0.0280199252801993 0.0734744707347447 0.0759651307596513 0.128891656288917 0.00809464508094645 0.150684931506849 0.159402241594022 0.024906600249066 0.169987546699875 0.0155666251556663
"cuoAmb" 0.196762141967621 0.100249066002491 0.240348692403487 0.140722291407223 0.100249066002491 0 0.0821917808219178 0.146326276463263 0.147571606475716 0.200498132004981 0.0990037359900374 0.212328767123288 0.225404732254047 0.103362391033624 0.233499377334994 0.100871731008717
"cuoMcc" 0.127023661270237 0.0330012453300125 0.172478206724782 0.0821917808219178 0.0280199252801993 0.0821917808219178 0 0.0753424657534247 0.0784557907845579 0.129514321295143 0.0311332503113325 0.146326276463263 0.156911581569116 0.0311332503113325 0.166874221668742 0.0292652552926526
"derCor" 0.144458281444583 0.087173100871731 0.178082191780822 0.103362391033624 0.0734744707347447 0.146326276463263 0.0753424657534247 0 0.103362391033624 0.14321295143213 0.076587795765878 0.164383561643836 0.168119551681196 0.0753424657534247 0.182440846824408 0.0753424657534247
"derMaw" 0.142590286425903 0.0940224159402242 0.196139476961395 0.0990037359900374 0.0759651307596513 0.147571606475716 0.0784557907845579 0.103362391033624 0 0.146948941469489 0.0803237858032379 0.162515566625156 0.175591531755915 0.0809464508094645 0.180572851805729 0.0784557907845579
"emySub" 0.173723536737235 0.148816936488169 0.229140722291407 0.14321295143213 0.128891656288917 0.200498132004981 0.129514321295143 0.14321295143213 0.146948941469489 0 0.130759651307597 0.108343711083437 0.155043586550436 0.128891656288917 0.168119551681196 0.129514321295143
"malTer" 0.132627646326276 0.0473225404732254 0.174968866749689 0.0797011207970112 0.00809464508094645 0.0990037359900374 0.0311332503113325 0.076587795765878 0.0803237858032379 0.130759651307597 0 0.153175591531756 0.161270236612702 0.0280199252801993 0.173723536737235 0.0186799501867995
"mesTub" 0.186799501867995 0.159402241594022 0.230386052303861 0.167496886674969 0.150684931506849 0.212328767123288 0.146326276463263 0.164383561643836 0.162515566625156 0.108343711083437 0.153175591531756 0 0.156288916562889 0.148194271481943 0.181818181818182 0.150684931506849
"pelCas" 0.195516811955168 0.167496886674969 0.246575342465753 0.179950186799502 0.159402241594022 0.225404732254047 0.156911581569116 0.168119551681196 0.175591531755915 0.155043586550436 0.161270236612702 0.156288916562889 0 0.163760896637609 0.153798256537983 0.158779576587796
"plaMeg" 0.135118306351183 0.049813200498132 0.179327521793275 0.0859277708592777 0.024906600249066 0.103362391033624 0.0311332503113325 0.0753424657534247 0.0809464508094645 0.128891656288917 0.0280199252801993 0.148194271481943 0.163760896637609 0 0.170610211706102 0.0280199252801993
"podExp" 0.206724782067248 0.174346201743462 0.242839352428394 0.193648816936488 0.169987546699875 0.233499377334994 0.166874221668742 0.182440846824408 0.180572851805729 0.168119551681196 0.173723536737235 0.181818181818182 0.153798256537983 0.170610211706102 0 0.172478206724782
"terMex" 0.134495641344956 0.0460772104607721 0.174346201743462 0.0846824408468244 0.0155666251556663 0.100871731008717 0.0292652552926526 0.0753424657534247 0.0784557907845579 0.129514321295143 0.0186799501867995 0.150684931506849 0.158779576587796 0.0280199252801993 0.172478206724782 0
