"carIns" "cheAbi" "cheMyd" "cheSer" "chrPic" "cuoAmb" "derCor" "derMaw" "emySub" "gopAga" "malTer" "mesTub" "pelCas" "pelSin" "plaMeg" "podExp" "terMex"
"carIns" 0 0.0464547677261614 0.0375916870415648 0.0363691931540342 0.0388141809290954 0.0400366748166259 0.0375916870415648 0.0461491442542787 0.0476772616136919 0.0385085574572127 0.0385085574572127 0.0446210268948655 0.0492053789731051 0.0495110024449878 0.0363691931540342 0.051039119804401 0.0372860635696821
"cheAbi" 0.0464547677261614 0 0.0204767726161369 0.019559902200489 0.0171149144254279 0.015281173594132 0.0207823960880196 0.0339242053789731 0.039119804400978 0.0128361858190709 0.0171149144254279 0.0360635696821516 0.043398533007335 0.0437041564792176 0.0158924205378973 0.0455378973105134 0.0158924205378973
"cheMyd" 0.0375916870415648 0.0204767726161369 0 0.0100855745721271 0.011919315403423 0.0137530562347188 0.00733496332518337 0.022921760391198 0.0302567237163814 0.0131418092909535 0.011919315403423 0.0259779951100245 0.034841075794621 0.0330073349633252 0.0106968215158924 0.0360635696821516 0.0113080684596577
"cheSer" 0.0363691931540342 0.019559902200489 0.0100855745721271 0 0.0131418092909535 0.0134474327628362 0.0113080684596577 0.0232273838630807 0.0308679706601467 0.0134474327628362 0.0128361858190709 0.0278117359413203 0.034841075794621 0.0336185819070905 0.0097799511002445 0.0360635696821516 0.0103911980440098
"chrPic" 0.0388141809290954 0.0171149144254279 0.011919315403423 0.0131418092909535 0 0.0113080684596577 0.0128361858190709 0.0256723716381418 0.0330073349633252 0.0097799511002445 0.00519559902200489 0.0293398533007335 0.0382029339853301 0.0351466992665037 0.0082518337408313 0.0400366748166259 0.00641809290953545
"cuoAmb" 0.0400366748166259 0.015281173594132 0.0137530562347188 0.0134474327628362 0.0113080684596577 0 0.0143643031784841 0.027200488997555 0.0345354523227384 0.00794621026894866 0.0116136919315403 0.0308679706601467 0.0397310513447433 0.0372860635696821 0.00855745721271394 0.0421760391198044 0.00916870415647922
"derCor" 0.0375916870415648 0.0207823960880196 0.00733496332518337 0.0113080684596577 0.0128361858190709 0.0143643031784841 0 0.0241442542787286 0.0311735941320293 0.0134474327628362 0.0128361858190709 0.027200488997555 0.0357579462102689 0.0333129584352078 0.0113080684596577 0.0372860635696821 0.0116136919315403
"derMaw" 0.0461491442542787 0.0339242053789731 0.022921760391198 0.0232273838630807 0.0256723716381418 0.027200488997555 0.0241442542787286 0 0.0415647921760391 0.027200488997555 0.0253667481662592 0.0382029339853301 0.0452322738386308 0.0452322738386308 0.0241442542787286 0.0473716381418093 0.0241442542787286
"emySub" 0.0476772616136919 0.039119804400978 0.0302567237163814 0.0308679706601467 0.0330073349633252 0.0345354523227384 0.0311735941320293 0.0415647921760391 0 0.0330073349633252 0.0327017114914425 0.0177261613691932 0.0327017114914425 0.0495110024449878 0.0308679706601467 0.0339242053789731 0.0308679706601467
"gopAga" 0.0385085574572127 0.0128361858190709 0.0131418092909535 0.0134474327628362 0.0097799511002445 0.00794621026894866 0.0134474327628362 0.027200488997555 0.0330073349633252 0 0.0106968215158924 0.0293398533007335 0.0382029339853301 0.0363691931540342 0.00794621026894866 0.0406479217603912 0.00855745721271394
"malTer" 0.0385085574572127 0.0171149144254279 0.011919315403423 0.0128361858190709 0.00519559902200489 0.0116136919315403 0.0128361858190709 0.0253667481662592 0.0327017114914425 0.0106968215158924 0 0.0296454767726161 0.0372860635696821 0.034841075794621 0.00855745721271394 0.0403422982885086 0.00733496332518337
"mesTub" 0.0446210268948655 0.0360635696821516 0.0259779951100245 0.0278117359413203 0.0293398533007335 0.0308679706601467 0.027200488997555 0.0382029339853301 0.0177261613691932 0.0293398533007335 0.0296454767726161 0 0.0290342298288509 0.0455378973105134 0.0284229828850856 0.0317848410757946 0.027200488997555
"pelCas" 0.0492053789731051 0.043398533007335 0.034841075794621 0.034841075794621 0.0382029339853301 0.0397310513447433 0.0357579462102689 0.0452322738386308 0.0327017114914425 0.0382029339853301 0.0372860635696821 0.0290342298288509 0 0.0531784841075795 0.0366748166259169 0.0284229828850856 0.0360635696821516
"pelSin" 0.0495110024449878 0.0437041564792176 0.0330073349633252 0.0336185819070905 0.0351466992665037 0.0372860635696821 0.0333129584352078 0.0452322738386308 0.0495110024449878 0.0363691931540342 0.034841075794621 0.0455378973105134 0.0531784841075795 0 0.0330073349633252 0.0553178484107579 0.0339242053789731
"plaMeg" 0.0363691931540342 0.0158924205378973 0.0106968215158924 0.0097799511002445 0.0082518337408313 0.00855745721271394 0.0113080684596577 0.0241442542787286 0.0308679706601467 0.00794621026894866 0.00855745721271394 0.0284229828850856 0.0366748166259169 0.0330073349633252 0 0.0382029339853301 0.00550122249388753
"podExp" 0.051039119804401 0.0455378973105134 0.0360635696821516 0.0360635696821516 0.0400366748166259 0.0421760391198044 0.0372860635696821 0.0473716381418093 0.0339242053789731 0.0406479217603912 0.0403422982885086 0.0317848410757946 0.0284229828850856 0.0553178484107579 0.0382029339853301 0 0.0372860635696821
"terMex" 0.0372860635696821 0.0158924205378973 0.0113080684596577 0.0103911980440098 0.00641809290953545 0.00916870415647922 0.0116136919315403 0.0241442542787286 0.0308679706601467 0.00855745721271394 0.00733496332518337 0.027200488997555 0.0360635696821516 0.0339242053789731 0.00550122249388753 0.0372860635696821 0
