"cheAbi" "cheMyd" "cheSer" "chrPic" "cuoMcc" "derMaw" "emySub" "gopAga" "malTer" "mesTub" "pelCas" "pelSin" "plaMeg" "podExp" "terMex"
"cheAbi" 0 0.0771297006907137 0.081350729086723 0.0786646201074444 0.0594781273983116 0.0978511128165771 0.116653875671527 0.0564082885648503 0.066768994627782 0.118956254796623 0.132003069838833 0.131619339984651 0.079048349961627 0.150422102839601 0.066768994627782
"cheMyd" 0.0771297006907137 0 0.0395241749808135 0.0464313123561013 0.0353031465848043 0.0552570990023024 0.0786646201074444 0.0437452033768227 0.033384497313891 0.0832693783576362 0.0978511128165771 0.118572524942441 0.044512663085188 0.112816577129701 0.0303146584804298
"cheSer" 0.081350729086723 0.0395241749808135 0 0.0487336914811972 0.0414428242517268 0.0571757482732157 0.0848042977743668 0.0498848810437452 0.0364543361473523 0.0871066768994628 0.103607060629317 0.123177283192632 0.0452801227935533 0.120491174213354 0.0368380660015349
"chrPic" 0.0786646201074444 0.0464313123561013 0.0487336914811972 0 0.0414428242517268 0.0694551036070606 0.0882578664620107 0.0464313123561013 0.0214888718342287 0.0920951650038373 0.108979278587874 0.128165771297007 0.0314658480429777 0.125863392171911 0.0260936300844206
"cuoMcc" 0.0594781273983116 0.0353031465848043 0.0414428242517268 0.0414428242517268 0 0.0590943975441289 0.0809669992325403 0.0268610897927859 0.0276285495011512 0.0848042977743668 0.0978511128165771 0.115886415963162 0.0399079048349962 0.115886415963162 0.0260936300844206
"derMaw" 0.0978511128165771 0.0552570990023024 0.0571757482732157 0.0694551036070606 0.0590943975441289 0 0.0947812739831159 0.0636991557943208 0.0564082885648503 0.0982348426707598 0.113200306983883 0.131235610130468 0.0656178050652341 0.124712202609363 0.0541059094397544
"emySub" 0.116653875671527 0.0786646201074444 0.0848042977743668 0.0882578664620107 0.0809669992325403 0.0947812739831159 0 0.0874904067536454 0.0763622409823484 0.0414428242517268 0.0767459708365311 0.138142747505756 0.0905602455871067 0.0947812739831159 0.0744435917114352
"gopAga" 0.0564082885648503 0.0437452033768227 0.0498848810437452 0.0464313123561013 0.0268610897927859 0.0636991557943208 0.0874904067536454 0 0.0330007674597084 0.0920951650038373 0.102072141212586 0.122409823484267 0.0464313123561013 0.119339984650806 0.0330007674597084
"malTer" 0.066768994627782 0.033384497313891 0.0364543361473523 0.0214888718342287 0.0276285495011512 0.0564082885648503 0.0763622409823484 0.0330007674597084 0 0.079048349961627 0.0955487336914812 0.116270145817345 0.035686876438987 0.113200306983883 0.0138142747505756
"mesTub" 0.118956254796623 0.0832693783576362 0.0871066768994628 0.0920951650038373 0.0848042977743668 0.0982348426707598 0.0414428242517268 0.0920951650038373 0.079048349961627 0 0.0794320798158097 0.140445126630852 0.0936300844205679 0.0959324635456639 0.0775134305448964
"pelCas" 0.132003069838833 0.0978511128165771 0.103607060629317 0.108979278587874 0.0978511128165771 0.113200306983883 0.0767459708365311 0.102072141212586 0.0955487336914812 0.0794320798158097 0 0.157329240214889 0.108979278587874 0.0805832693783576 0.0943975441289332
"pelSin" 0.131619339984651 0.118572524942441 0.123177283192632 0.128165771297007 0.115886415963162 0.131235610130468 0.138142747505756 0.122409823484267 0.116270145817345 0.140445126630852 0.157329240214889 0 0.127782041442824 0.171527244819647 0.115502686108979
"plaMeg" 0.079048349961627 0.044512663085188 0.0452801227935533 0.0314658480429777 0.0399079048349962 0.0656178050652341 0.0905602455871067 0.0464313123561013 0.035686876438987 0.0936300844205679 0.108979278587874 0.127782041442824 0 0.126247122026094 0.033384497313891
"podExp" 0.150422102839601 0.112816577129701 0.120491174213354 0.125863392171911 0.115886415963162 0.124712202609363 0.0947812739831159 0.119339984650806 0.113200306983883 0.0959324635456639 0.0805832693783576 0.171527244819647 0.126247122026094 0 0.110897927858787
"terMex" 0.066768994627782 0.0303146584804298 0.0368380660015349 0.0260936300844206 0.0260936300844206 0.0541059094397544 0.0744435917114352 0.0330007674597084 0.0138142747505756 0.0775134305448964 0.0943975441289332 0.115502686108979 0.033384497313891 0.110897927858787 0
