"carIns" "cheAbi" "cheMyd" "cheSer" "chrPic" "cuoAmb" "cuoMcc" "derMaw" "emySub" "gopAga" "mesTub" "pelCas" "pelSin" "plaMeg" "podExp" "terMex"
"carIns" 0 0.257536882617062 0.110006414368185 0.13085311096857 0.102950609364978 0.111289288005131 0.110006414368185 0.165811417575369 0.112572161642078 0.111930724823605 0.120910840282232 0.127325208466966 0.111930724823605 0.102309172546504 0.133418858242463 0.103592046183451
"cheAbi" 0.257536882617062 0 0.196600384862091 0.203656189865298 0.18409236690186 0.194676074406671 0.182488774855677 0.255933290570879 0.209429121231559 0.179923027581783 0.208787684413085 0.226106478511867 0.213598460551636 0.18120590121873 0.2228992944195 0.18409236690186
"cheMyd" 0.110006414368185 0.196600384862091 0 0.0718409236690186 0.0384862091084028 0.0580500320718409 0.0477870429762668 0.100384862091084 0.0695958948043618 0.0551635663887107 0.0737652341244387 0.0894804361770366 0.0740859525336754 0.0372033354714561 0.0923669018601668 0.0394483643361129
"cheSer" 0.13085311096857 0.203656189865298 0.0718409236690186 0 0.0567671584348942 0.077613855035279 0.0618986529826812 0.122193713919179 0.0830660679923028 0.0660679923027582 0.0930083386786402 0.102309172546504 0.0958948043617704 0.0519563822963438 0.110968569595895 0.0532392559332906
"chrPic" 0.102950609364978 0.18409236690186 0.0384862091084028 0.0567671584348942 0 0.0394483643361129 0.027902501603592 0.0968569595894804 0.0561257216164208 0.0349583066067992 0.0628608082103913 0.077613855035279 0.063181526619628 0.0147530468248877 0.0830660679923028 0.0137908915971777
"cuoAmb" 0.111289288005131 0.194676074406671 0.0580500320718409 0.077613855035279 0.0394483643361129 0 0.0250160359204618 0.114175753688262 0.0718409236690186 0.0481077613855035 0.0795381654906992 0.0939704939063502 0.0837075048107761 0.0372033354714561 0.0971776779987171 0.0391276459268762
"cuoMcc" 0.110006414368185 0.182488774855677 0.0477870429762668 0.0618986529826812 0.027902501603592 0.0250160359204618 0 0.099422706863374 0.0567671584348942 0.0323925593329057 0.0695958948043618 0.0805003207184092 0.0737652341244387 0.0195638229634381 0.0872354073123797 0.022771007055805
"derMaw" 0.165811417575369 0.255933290570879 0.100384862091084 0.122193713919179 0.0968569595894804 0.114175753688262 0.099422706863374 0 0.119948685054522 0.106157793457344 0.130532392559333 0.133418858242463 0.129249518922386 0.0904425914047466 0.144002565747274 0.0930083386786402
"emySub" 0.112572161642078 0.209429121231559 0.0695958948043618 0.0830660679923028 0.0561257216164208 0.0718409236690186 0.0567671584348942 0.119948685054522 0 0.0628608082103913 0.0420141116100064 0.0676715843489416 0.0833867864015394 0.050673508659397 0.0744066709429121 0.053880692751764
"gopAga" 0.111930724823605 0.179923027581783 0.0551635663887107 0.0660679923027582 0.0349583066067992 0.0481077613855035 0.0323925593329057 0.106157793457344 0.0628608082103913 0 0.0750481077613855 0.0849903784477229 0.0772931366260423 0.0285439384220654 0.0930083386786402 0.032071840923669
"mesTub" 0.120910840282232 0.208787684413085 0.0737652341244387 0.0930083386786402 0.0628608082103913 0.0795381654906992 0.0695958948043618 0.130532392559333 0.0420141116100064 0.0750481077613855 0 0.0788967286722258 0.0805003207184092 0.0609364977549711 0.0792174470814625 0.0628608082103913
"pelCas" 0.127325208466966 0.226106478511867 0.0894804361770366 0.102309172546504 0.077613855035279 0.0939704939063502 0.0805003207184092 0.133418858242463 0.0676715843489416 0.0849903784477229 0.0788967286722258 0 0.0997434252726107 0.072482360487492 0.0744066709429121 0.0744066709429121
"pelSin" 0.111930724823605 0.213598460551636 0.0740859525336754 0.0958948043617704 0.063181526619628 0.0837075048107761 0.0737652341244387 0.129249518922386 0.0833867864015394 0.0772931366260423 0.0805003207184092 0.0997434252726107 0 0.0644644002565747 0.099422706863374 0.0644644002565747
"plaMeg" 0.102309172546504 0.18120590121873 0.0372033354714561 0.0519563822963438 0.0147530468248877 0.0372033354714561 0.0195638229634381 0.0904425914047466 0.050673508659397 0.0285439384220654 0.0609364977549711 0.072482360487492 0.0644644002565747 0 0.0811417575368826 0.0105837075048108
"podExp" 0.133418858242463 0.2228992944195 0.0923669018601668 0.110968569595895 0.0830660679923028 0.0971776779987171 0.0872354073123797 0.144002565747274 0.0744066709429121 0.0930083386786402 0.0792174470814625 0.0744066709429121 0.099422706863374 0.0811417575368826 0 0.0824246311738294
"terMex" 0.103592046183451 0.18409236690186 0.0394483643361129 0.0532392559332906 0.0137908915971777 0.0391276459268762 0.022771007055805 0.0930083386786402 0.053880692751764 0.032071840923669 0.0628608082103913 0.0744066709429121 0.0644644002565747 0.0105837075048108 0.0824246311738294 0
