"carIns" "cheAbi" "cheMyd" "cheSer" "chrPic" "cuoAmb" "cuoMcc" "derCor" "derMaw" "emySub" "gopAga" "malTer" "mesTub" "pelCas" "plaMeg" "podExp" "terMex"
"carIns" 0 0.106382978723404 0.103427895981087 0.100472813238771 0.101654846335697 0.104018912529551 0.0998817966903073 0.109929078014184 0.104609929078014 0.125295508274232 0.111111111111111 0.193262411347518 0.129432624113475 0.138888888888889 0.0986997635933806 0.151300236406619 0.101063829787234
"cheAbi" 0.106382978723404 0 0.0460992907801418 0.0455082742316785 0.0319148936170213 0.0236406619385343 0.0195035460992908 0.049645390070922 0.0567375886524823 0.0886524822695035 0.0307328605200946 0.136524822695035 0.0868794326241135 0.107565011820331 0.0277777777777778 0.113475177304965 0.0301418439716312
"cheMyd" 0.103427895981087 0.0460992907801418 0 0.0395981087470449 0.0348699763593381 0.0378250591016548 0.0348699763593381 0.024822695035461 0.0520094562647754 0.0868794326241135 0.0460992907801418 0.133569739952719 0.0815602836879433 0.108747044917258 0.0301418439716312 0.112293144208038 0.033096926713948
"cheSer" 0.100472813238771 0.0455082742316785 0.0395981087470449 0 0.0348699763593381 0.0401891252955083 0.0378250591016548 0.041371158392435 0.0472813238770686 0.0886524822695035 0.049645390070922 0.139479905437352 0.0839243498817967 0.108156028368794 0.0325059101654846 0.116430260047281 0.0336879432624113
"chrPic" 0.101654846335697 0.0319148936170213 0.0348699763593381 0.0348699763593381 0 0.0271867612293144 0.0242316784869976 0.041371158392435 0.0472813238770686 0.0868794326241135 0.0366430260047281 0.118203309692671 0.0809692671394799 0.105791962174941 0.0200945626477541 0.114066193853428 0.0135933806146572
"cuoAmb" 0.104018912529551 0.0236406619385343 0.0378250591016548 0.0401891252955083 0.0271867612293144 0 0.008274231678487 0.0443262411347518 0.0520094562647754 0.0886524822695035 0.0260047281323877 0.131205673758865 0.08451536643026 0.107565011820331 0.0242316784869976 0.115839243498818 0.0236406619385343
"cuoMcc" 0.0998817966903073 0.0195035460992908 0.0348699763593381 0.0378250591016548 0.0242316784869976 0.008274231678487 0 0.041371158392435 0.0502364066193853 0.08451536643026 0.024822695035461 0.128841607565012 0.0815602836879433 0.102836879432624 0.0212765957446809 0.111111111111111 0.0206855791962175
"derCor" 0.109929078014184 0.049645390070922 0.024822695035461 0.041371158392435 0.041371158392435 0.0443262411347518 0.041371158392435 0 0.0638297872340425 0.0886524822695035 0.049645390070922 0.138297872340426 0.08451536643026 0.112884160756501 0.0366430260047281 0.112884160756501 0.0372340425531915
"derMaw" 0.104609929078014 0.0567375886524823 0.0520094562647754 0.0472813238770686 0.0472813238770686 0.0520094562647754 0.0502364066193853 0.0638297872340425 0 0.0981087470449173 0.0620567375886525 0.151300236406619 0.0939716312056738 0.114657210401891 0.0443262411347518 0.124704491725768 0.0472813238770686
"emySub" 0.125295508274232 0.0886524822695035 0.0868794326241135 0.0886524822695035 0.0868794326241135 0.0886524822695035 0.08451536643026 0.0886524822695035 0.0981087470449173 0 0.0969267139479905 0.17612293144208 0.0490543735224586 0.0904255319148936 0.0803782505910166 0.102836879432624 0.08274231678487
"gopAga" 0.111111111111111 0.0307328605200946 0.0460992907801418 0.049645390070922 0.0366430260047281 0.0260047281323877 0.024822695035461 0.049645390070922 0.0620567375886525 0.0969267139479905 0 0.141252955082742 0.0921985815602837 0.116430260047281 0.0366430260047281 0.119385342789598 0.0336879432624113
"malTer" 0.193262411347518 0.136524822695035 0.133569739952719 0.139479905437352 0.118203309692671 0.131205673758865 0.128841607565012 0.138297872340426 0.151300236406619 0.17612293144208 0.141252955082742 0 0.16548463356974 0.189716312056738 0.124704491725768 0.189716312056738 0.121749408983452
"mesTub" 0.129432624113475 0.0868794326241135 0.0815602836879433 0.0839243498817967 0.0809692671394799 0.08451536643026 0.0815602836879433 0.08451536643026 0.0939716312056738 0.0490543735224586 0.0921985815602837 0.16548463356974 0 0.0898345153664303 0.074468085106383 0.0969267139479905 0.0780141843971631
"pelCas" 0.138888888888889 0.107565011820331 0.108747044917258 0.108156028368794 0.105791962174941 0.107565011820331 0.102836879432624 0.112884160756501 0.114657210401891 0.0904255319148936 0.116430260047281 0.189716312056738 0.0898345153664303 0 0.0998817966903073 0.106973995271868 0.102836879432624
"plaMeg" 0.0986997635933806 0.0277777777777778 0.0301418439716312 0.0325059101654846 0.0200945626477541 0.0242316784869976 0.0212765957446809 0.0366430260047281 0.0443262411347518 0.0803782505910166 0.0366430260047281 0.124704491725768 0.074468085106383 0.0998817966903073 0 0.108156028368794 0.0171394799054374
"podExp" 0.151300236406619 0.113475177304965 0.112293144208038 0.116430260047281 0.114066193853428 0.115839243498818 0.111111111111111 0.112884160756501 0.124704491725768 0.102836879432624 0.119385342789598 0.189716312056738 0.0969267139479905 0.106973995271868 0.108156028368794 0 0.109929078014184
"terMex" 0.101063829787234 0.0301418439716312 0.033096926713948 0.0336879432624113 0.0135933806146572 0.0236406619385343 0.0206855791962175 0.0372340425531915 0.0472813238770686 0.08274231678487 0.0336879432624113 0.121749408983452 0.0780141843971631 0.102836879432624 0.0171394799054374 0.109929078014184 0
