"carIns" "cheAbi" "cheMyd" "cheSer" "chrPic" "cuoAmb" "cuoMcc" "derCor" "derMaw" "emySub" "gopAga" "malTer" "mesTub" "pelCas" "pelSin" "plaMeg" "podExp" "terMex"
"carIns" 0 0.0660102115244347 0.063092633114515 0.061998541210795 0.0674690007293946 0.105762217359592 0.0634573304157549 0.0649161196207148 0.0681983953318746 0.0689277899343545 0.0667396061269147 0.0674690007293946 0.0707512764405543 0.0889861415025529 0.0656455142231947 0.062363238512035 0.087162654996353 0.0674690007293946
"cheAbi" 0.0660102115244347 0 0.0306345733041575 0.0266229029905179 0.0306345733041575 0.0594456601021152 0.012764405543399 0.0299051787016776 0.037199124726477 0.0481400437636762 0.0134938001458789 0.0309992706053975 0.0517870167760759 0.074762946754194 0.0612691466083151 0.024434719183078 0.074398249452954 0.0302698760029176
"cheMyd" 0.063092633114515 0.0306345733041575 0 0.0229759299781182 0.0299051787016776 0.0711159737417943 0.0233406272793581 0.0160466812545587 0.0299051787016776 0.0455871626549964 0.0324580598103574 0.0295404814004376 0.0510576221735959 0.0718453683442743 0.0579868708971554 0.0218818380743982 0.0714806710430343 0.0291757840991977
"cheSer" 0.061998541210795 0.0266229029905179 0.0229759299781182 0 0.0266229029905179 0.0685630926331145 0.0215171407731583 0.0204230488694384 0.025164113785558 0.0441283734500365 0.0284463894967177 0.0266229029905179 0.0481400437636762 0.0681983953318746 0.0547045951859956 0.0178701677607586 0.0674690007293946 0.025528811086798
"chrPic" 0.0674690007293946 0.0306345733041575 0.0299051787016776 0.0266229029905179 0 0.0714806710430343 0.024799416484318 0.0306345733041575 0.0342815463165573 0.0525164113785558 0.0331874544128373 0.00401167031363968 0.0568927789934354 0.075127644055434 0.0645514223194748 0.0171407731582786 0.0758570386579139 0.0113056163384391
"cuoAmb" 0.105762217359592 0.0594456601021152 0.0711159737417943 0.0685630926331145 0.0714806710430343 0 0.0528811086797958 0.0696571845368344 0.0765864332603939 0.0915390226112327 0.0616338439095551 0.0714806710430343 0.0944566010211524 0.113785557986871 0.103574033552152 0.062363238512035 0.114514952589351 0.0703865791393144
"cuoMcc" 0.0634573304157549 0.012764405543399 0.0233406272793581 0.0215171407731583 0.024799416484318 0.0528811086797958 0 0.024799416484318 0.0313639679066375 0.0455871626549964 0.0145878920495988 0.025528811086798 0.049963530269876 0.0729394602479942 0.0594456601021152 0.0171407731582786 0.0718453683442743 0.0240700218818381
"derCor" 0.0649161196207148 0.0299051787016776 0.0160466812545587 0.0204230488694384 0.0306345733041575 0.0696571845368344 0.024799416484318 0 0.0317286652078775 0.0485047410649161 0.0331874544128373 0.0309992706053975 0.0510576221735959 0.0707512764405543 0.0554339897884756 0.0226112326768782 0.0707512764405543 0.0306345733041575
"derMaw" 0.0681983953318746 0.037199124726477 0.0299051787016776 0.025164113785558 0.0342815463165573 0.0765864332603939 0.0313639679066375 0.0317286652078775 0 0.0550692924872356 0.0390226112326769 0.0331874544128373 0.0587162654996353 0.0795040116703136 0.0594456601021152 0.0269876002917578 0.0787746170678337 0.0331874544128373
"emySub" 0.0689277899343545 0.0481400437636762 0.0455871626549964 0.0441283734500365 0.0525164113785558 0.0915390226112327 0.0455871626549964 0.0485047410649161 0.0550692924872356 0 0.050328227571116 0.0532458059810357 0.0218818380743982 0.0579868708971554 0.0674690007293946 0.0463165572574763 0.0605397520058352 0.0521517140773158
"gopAga" 0.0667396061269147 0.0134938001458789 0.0324580598103574 0.0284463894967177 0.0331874544128373 0.0616338439095551 0.0145878920495988 0.0331874544128373 0.0390226112326769 0.050328227571116 0 0.0335521517140773 0.0554339897884756 0.0787746170678337 0.062363238512035 0.0269876002917578 0.0776805251641138 0.0320933625091174
"malTer" 0.0674690007293946 0.0309992706053975 0.0295404814004376 0.0266229029905179 0.00401167031363968 0.0714806710430343 0.025528811086798 0.0309992706053975 0.0331874544128373 0.0532458059810357 0.0335521517140773 0 0.0576221735959154 0.075492341356674 0.0641867250182349 0.0167760758570387 0.0758570386579139 0.0116703136396791
"mesTub" 0.0707512764405543 0.0517870167760759 0.0510576221735959 0.0481400437636762 0.0568927789934354 0.0944566010211524 0.049963530269876 0.0510576221735959 0.0587162654996353 0.0218818380743982 0.0554339897884756 0.0576221735959154 0 0.0568927789934354 0.0714806710430343 0.0506929248723559 0.062727935813275 0.0572574762946754
"pelCas" 0.0889861415025529 0.074762946754194 0.0718453683442743 0.0681983953318746 0.075127644055434 0.113785557986871 0.0729394602479942 0.0707512764405543 0.0795040116703136 0.0579868708971554 0.0787746170678337 0.075492341356674 0.0568927789934354 0 0.0867979576951131 0.0711159737417943 0.0616338439095551 0.0758570386579139
"pelSin" 0.0656455142231947 0.0612691466083151 0.0579868708971554 0.0547045951859956 0.0645514223194748 0.103574033552152 0.0594456601021152 0.0554339897884756 0.0594456601021152 0.0674690007293946 0.062363238512035 0.0641867250182349 0.0714806710430343 0.0867979576951131 0 0.0579868708971554 0.0849744711889132 0.062363238512035
"plaMeg" 0.062363238512035 0.024434719183078 0.0218818380743982 0.0178701677607586 0.0171407731582786 0.062363238512035 0.0171407731582786 0.0226112326768782 0.0269876002917578 0.0463165572574763 0.0269876002917578 0.0167760758570387 0.0506929248723559 0.0711159737417943 0.0579868708971554 0 0.0725747629467542 0.0167760758570387
"podExp" 0.087162654996353 0.074398249452954 0.0714806710430343 0.0674690007293946 0.0758570386579139 0.114514952589351 0.0718453683442743 0.0707512764405543 0.0787746170678337 0.0605397520058352 0.0776805251641138 0.0758570386579139 0.062727935813275 0.0616338439095551 0.0849744711889132 0.0725747629467542 0 0.0765864332603939
"terMex" 0.0674690007293946 0.0302698760029176 0.0291757840991977 0.025528811086798 0.0113056163384391 0.0703865791393144 0.0240700218818381 0.0306345733041575 0.0331874544128373 0.0521517140773158 0.0320933625091174 0.0116703136396791 0.0572574762946754 0.0758570386579139 0.062363238512035 0.0167760758570387 0.0765864332603939 0
