"carIns" "cheAbi" "cheMyd" "chrPic" "cuoAmb" "cuoMcc" "emySub" "gopAga" "malTer" "mesTub" "pelCas" "plaMeg" "podExp" "terMex"
"carIns" 0 0.102444284687275 0.097411933860532 0.0797987059669303 0.0927390366642703 0.0815959741193386 0.094176851186197 0.0895039539899353 0.102444284687275 0.100647016534867 0.113227893601725 0.0772825305535586 0.118260244428469 0.0801581595974119
"cheAbi" 0.102444284687275 0 0.0815959741193386 0.0503235082674335 0.0496046010064702 0.0424155283968368 0.084471603163192 0.0334291876347951 0.0801581595974119 0.0916606757728253 0.103882099209202 0.0467289719626168 0.11646297627606 0.0510424155283968
"cheMyd" 0.097411933860532 0.0815959741193386 0 0.0535585909417685 0.0693745506829619 0.0582314881380302 0.0815959741193386 0.0661394680086269 0.084471603163192 0.090941768511862 0.0999281092739037 0.0521207764198418 0.116822429906542 0.0553558590941769
"chrPic" 0.0797987059669303 0.0503235082674335 0.0535585909417685 0 0.0363048166786485 0.0262401150251618 0.0593098490294752 0.0345075485262401 0.0406182602444285 0.0650611071171819 0.0815959741193386 0.0165348670021567 0.095255212077642 0.0125808770668584
"cuoAmb" 0.0927390366642703 0.0496046010064702 0.0693745506829619 0.0363048166786485 0 0.0190510424155284 0.0736879942487419 0.0348670021567218 0.0672178289000719 0.0790797987059669 0.093098490294752 0.0327102803738318 0.108914450035945 0.0373831775700935
"cuoMcc" 0.0815959741193386 0.0424155283968368 0.0582314881380302 0.0262401150251618 0.0190510424155284 0 0.0629043853342919 0.0280373831775701 0.0571531272465852 0.0708123652048886 0.084471603163192 0.0233644859813084 0.098490294751977 0.0280373831775701
"emySub" 0.094176851186197 0.084471603163192 0.0815959741193386 0.0593098490294752 0.0736879942487419 0.0629043853342919 0 0.0715312724658519 0.0873472322070453 0.0345075485262401 0.0593098490294752 0.0585909417685119 0.0762041696621136 0.0603882099209202
"gopAga" 0.0895039539899353 0.0334291876347951 0.0661394680086269 0.0345075485262401 0.0348670021567218 0.0280373831775701 0.0715312724658519 0 0.0639827462257369 0.0783608914450036 0.0916606757728253 0.0309130122214234 0.10567936736161 0.0348670021567218
"malTer" 0.102444284687275 0.0801581595974119 0.084471603163192 0.0406182602444285 0.0672178289000719 0.0571531272465852 0.0873472322070453 0.0639827462257369 0 0.090941768511862 0.104601006470165 0.0474478792235802 0.119338605319914 0.0449317038102085
"mesTub" 0.100647016534867 0.0916606757728253 0.090941768511862 0.0650611071171819 0.0790797987059669 0.0708123652048886 0.0345075485262401 0.0783608914450036 0.090941768511862 0 0.0675772825305536 0.0650611071171819 0.0848310567936736 0.0668583752695902
"pelCas" 0.113227893601725 0.103882099209202 0.0999281092739037 0.0815959741193386 0.093098490294752 0.084471603163192 0.0593098490294752 0.0916606757728253 0.104601006470165 0.0675772825305536 0 0.0794392523364486 0.0769230769230769 0.0815959741193386
"plaMeg" 0.0772825305535586 0.0467289719626168 0.0521207764198418 0.0165348670021567 0.0327102803738318 0.0233644859813084 0.0585909417685119 0.0309130122214234 0.0474478792235802 0.0650611071171819 0.0794392523364486 0 0.0938173975557153 0.0183321351545651
"podExp" 0.118260244428469 0.11646297627606 0.116822429906542 0.095255212077642 0.108914450035945 0.098490294751977 0.0762041696621136 0.10567936736161 0.119338605319914 0.0848310567936736 0.0769230769230769 0.0938173975557153 0 0.0959741193386053
"terMex" 0.0801581595974119 0.0510424155283968 0.0553558590941769 0.0125808770668584 0.0373831775700935 0.0280373831775701 0.0603882099209202 0.0348670021567218 0.0449317038102085 0.0668583752695902 0.0815959741193386 0.0183321351545651 0.0959741193386053 0
