"carIns" "cheAbi" "cheMyd" "cheSer" "chrPic" "cuoAmb" "cuoMcc" "derCor" "derMaw" "emySub" "gopAga" "malTer" "mesTub" "pelCas" "pelSin" "plaMeg" "podExp" "terMex"
"carIns" 0 0.0443995963673058 0.038008745375042 0.0403632694248234 0.0393541876892028 0.0427177934746048 0.0447359569458459 0.0383451059535822 0.043054154053145 0.0477632021527077 0.0454086781029263 0.0406996300033636 0.0443995963673058 0.0470904809956273 0.0443995963673058 0.0383451059535822 0.0548267743020518 0.0400269088462832
"cheAbi" 0.0443995963673058 0 0.0178271106626303 0.0198452741338715 0.0127817019845274 0.012108980827447 0.015472586612849 0.0191725529767911 0.0248906828119744 0.0339724184325597 0.0131180625630676 0.0178271106626303 0.0339724184325597 0.0363269424823411 0.0423814328960646 0.0141271442986882 0.0460813992600067 0.0141271442986882
"cheMyd" 0.038008745375042 0.0178271106626303 0 0.0158089471913892 0.0124453414059872 0.0178271106626303 0.0191725529767911 0.00874537504204507 0.0181634712411705 0.030945173225698 0.0205179952909519 0.0164816683484696 0.0302724520686176 0.0319542549613185 0.0369996636394215 0.0124453414059872 0.0393541876892028 0.0131180625630676
"cheSer" 0.0403632694248234 0.0198452741338715 0.0158089471913892 0 0.0151362260343088 0.0211907164480323 0.0225361587621931 0.0151362260343088 0.0218634376051127 0.0316178943827783 0.0245543222334342 0.0191725529767911 0.0322906155398587 0.0349815001681803 0.0386814665321224 0.0147998654557686 0.043054154053145 0.0151362260343088
"chrPic" 0.0393541876892028 0.0127817019845274 0.0124453414059872 0.0151362260343088 0 0.013790783720148 0.0151362260343088 0.0124453414059872 0.0201816347124117 0.0306088126471578 0.0158089471913892 0.0070635721493441 0.029263370332997 0.0302724520686176 0.0359905819038009 0.00739993272788429 0.0410359905819038 0.00403632694248234
"cuoAmb" 0.0427177934746048 0.012108980827447 0.0178271106626303 0.0211907164480323 0.013790783720148 0 0.0114362596703666 0.0198452741338715 0.0248906828119744 0.0343087790110999 0.0178271106626303 0.0174907500840901 0.0343087790110999 0.0346451395896401 0.0427177934746048 0.0147998654557686 0.0443995963673058 0.0147998654557686
"cuoMcc" 0.0447359569458459 0.015472586612849 0.0191725529767911 0.0225361587621931 0.0151362260343088 0.0114362596703666 0 0.0211907164480323 0.0265724857046754 0.0359905819038009 0.0171543895055499 0.0191725529767911 0.0359905819038009 0.0363269424823411 0.0437268752102254 0.0158089471913892 0.0467541204170871 0.0161453077699294
"derCor" 0.0383451059535822 0.0191725529767911 0.00874537504204507 0.0151362260343088 0.0124453414059872 0.0198452741338715 0.0211907164480323 0 0.0195089135553313 0.0316178943827783 0.0221997981836529 0.0174907500840901 0.0289270097544568 0.0326269761183989 0.0356542213252607 0.0124453414059872 0.039690548267743 0.0131180625630676
"derMaw" 0.043054154053145 0.0248906828119744 0.0181634712411705 0.0218634376051127 0.0201816347124117 0.0248906828119744 0.0265724857046754 0.0195089135553313 0 0.0356542213252607 0.0269088462832156 0.0228725193407333 0.0359905819038009 0.0376723847965018 0.041372351160444 0.0195089135553313 0.0457450386814665 0.0208543558694921
"emySub" 0.0477632021527077 0.0339724184325597 0.030945173225698 0.0316178943827783 0.0306088126471578 0.0343087790110999 0.0359905819038009 0.0316178943827783 0.0356542213252607 0 0.038008745375042 0.0336360578540195 0.0174907500840901 0.0269088462832156 0.0433905146316852 0.029263370332997 0.0376723847965018 0.0312815338042381
"gopAga" 0.0454086781029263 0.0131180625630676 0.0205179952909519 0.0245543222334342 0.0158089471913892 0.0178271106626303 0.0171543895055499 0.0221997981836529 0.0269088462832156 0.038008745375042 0 0.0195089135553313 0.0376723847965018 0.0376723847965018 0.0460813992600067 0.0171543895055499 0.0477632021527077 0.0171543895055499
"malTer" 0.0406996300033636 0.0178271106626303 0.0164816683484696 0.0191725529767911 0.0070635721493441 0.0174907500840901 0.0191725529767911 0.0174907500840901 0.0228725193407333 0.0336360578540195 0.0195089135553313 0 0.0343087790110999 0.0353178607467205 0.0406996300033636 0.0124453414059872 0.0457450386814665 0.00840901446350488
"mesTub" 0.0443995963673058 0.0339724184325597 0.0302724520686176 0.0322906155398587 0.029263370332997 0.0343087790110999 0.0359905819038009 0.0289270097544568 0.0359905819038009 0.0174907500840901 0.0376723847965018 0.0343087790110999 0 0.0245543222334342 0.0410359905819038 0.0282542885973764 0.0366633030608813 0.0299360914900774
"pelCas" 0.0470904809956273 0.0363269424823411 0.0319542549613185 0.0349815001681803 0.0302724520686176 0.0346451395896401 0.0363269424823411 0.0326269761183989 0.0376723847965018 0.0269088462832156 0.0376723847965018 0.0353178607467205 0.0245543222334342 0 0.0433905146316852 0.0302724520686176 0.0285906491759166 0.030945173225698
"pelSin" 0.0443995963673058 0.0423814328960646 0.0369996636394215 0.0386814665321224 0.0359905819038009 0.0427177934746048 0.0437268752102254 0.0356542213252607 0.041372351160444 0.0433905146316852 0.0460813992600067 0.0406996300033636 0.0410359905819038 0.0433905146316852 0 0.0363269424823411 0.0511268079381097 0.0359905819038009
"plaMeg" 0.0383451059535822 0.0141271442986882 0.0124453414059872 0.0147998654557686 0.00739993272788429 0.0147998654557686 0.0158089471913892 0.0124453414059872 0.0195089135553313 0.029263370332997 0.0171543895055499 0.0124453414059872 0.0282542885973764 0.0302724520686176 0.0363269424823411 0 0.0406996300033636 0.00807265388496468
"podExp" 0.0548267743020518 0.0460813992600067 0.0393541876892028 0.043054154053145 0.0410359905819038 0.0443995963673058 0.0467541204170871 0.039690548267743 0.0457450386814665 0.0376723847965018 0.0477632021527077 0.0457450386814665 0.0366633030608813 0.0285906491759166 0.0511268079381097 0.0406996300033636 0 0.0420450723175244
"terMex" 0.0400269088462832 0.0141271442986882 0.0131180625630676 0.0151362260343088 0.00403632694248234 0.0147998654557686 0.0161453077699294 0.0131180625630676 0.0208543558694921 0.0312815338042381 0.0171543895055499 0.00840901446350488 0.0299360914900774 0.030945173225698 0.0359905819038009 0.00807265388496468 0.0420450723175244 0
