"carIns" "cheAbi" "cheMyd" "chrPic" "cuoAmb" "cuoMcc" "derCor" "derMaw" "emySub" "malTer" "mesTub" "pelCas" "pelSin" "plaMeg" "podExp"
"carIns" 0 0.084965034965035 0.077972027972028 0.0762237762237762 0.0786713286713287 0.0769230769230769 0.0783216783216783 0.0975524475524475 0.0961538461538462 0.0877622377622378 0.0986013986013986 0.123426573426573 0.0905594405594406 0.0751748251748252 0.115734265734266
"cheAbi" 0.084965034965035 0 0.0468531468531469 0.0304195804195804 0.020979020979021 0.0195804195804196 0.0444055944055944 0.0716783216783217 0.0769230769230769 0.0437062937062937 0.0793706293706294 0.103496503496503 0.0870629370629371 0.0283216783216783 0.0986013986013986
"cheMyd" 0.077972027972028 0.0468531468531469 0 0.0325174825174825 0.0370629370629371 0.0356643356643357 0.0178321678321678 0.0615384615384615 0.0706293706293706 0.0433566433566434 0.0737762237762238 0.0965034965034965 0.0818181818181818 0.0318181818181818 0.0937062937062937
"chrPic" 0.0762237762237762 0.0304195804195804 0.0325174825174825 0 0.0199300699300699 0.0188811188811189 0.0321678321678322 0.0597902097902098 0.0678321678321678 0.0171328671328671 0.070979020979021 0.0954545454545455 0.0800699300699301 0.0185314685314685 0.0898601398601399
"cuoAmb" 0.0786713286713287 0.020979020979021 0.0370629370629371 0.0199300699300699 0 0.0048951048951049 0.036013986013986 0.0632867132867133 0.070979020979021 0.0325174825174825 0.072027972027972 0.0986013986013986 0.0818181818181818 0.0199300699300699 0.0947552447552448
"cuoMcc" 0.0769230769230769 0.0195804195804196 0.0356643356643357 0.0188811188811189 0.0048951048951049 0 0.0346153846153846 0.0615384615384615 0.0699300699300699 0.0321678321678322 0.072027972027972 0.0979020979020979 0.079020979020979 0.0185314685314685 0.0940559440559441
"derCor" 0.0783216783216783 0.0444055944055944 0.0178321678321678 0.0321678321678322 0.036013986013986 0.0346153846153846 0 0.0608391608391608 0.0702797202797203 0.0433566433566434 0.0727272727272727 0.0961538461538462 0.0825174825174825 0.0314685314685315 0.0954545454545455
"derMaw" 0.0975524475524475 0.0716783216783217 0.0615384615384615 0.0597902097902098 0.0632867132867133 0.0615384615384615 0.0608391608391608 0 0.091958041958042 0.0723776223776224 0.0954545454545455 0.118181818181818 0.098951048951049 0.0594405594405594 0.116783216783217
"emySub" 0.0961538461538462 0.0769230769230769 0.0706293706293706 0.0678321678321678 0.070979020979021 0.0699300699300699 0.0702797202797203 0.091958041958042 0 0.0804195804195804 0.0363636363636364 0.0744755244755245 0.104195804195804 0.0681818181818182 0.0723776223776224
"malTer" 0.0877622377622378 0.0437062937062937 0.0433566433566434 0.0171328671328671 0.0325174825174825 0.0321678321678322 0.0433566433566434 0.0723776223776224 0.0804195804195804 0 0.0835664335664336 0.108041958041958 0.0905594405594406 0.0311188811188811 0.102447552447552
"mesTub" 0.0986013986013986 0.0793706293706294 0.0737762237762238 0.070979020979021 0.072027972027972 0.072027972027972 0.0727272727272727 0.0954545454545455 0.0363636363636364 0.0835664335664336 0 0.0786713286713287 0.105594405594406 0.0699300699300699 0.0744755244755245
"pelCas" 0.123426573426573 0.103496503496503 0.0965034965034965 0.0954545454545455 0.0986013986013986 0.0979020979020979 0.0961538461538462 0.118181818181818 0.0744755244755245 0.108041958041958 0.0786713286713287 0 0.120629370629371 0.0937062937062937 0.0804195804195804
"pelSin" 0.0905594405594406 0.0870629370629371 0.0818181818181818 0.0800699300699301 0.0818181818181818 0.079020979020979 0.0825174825174825 0.098951048951049 0.104195804195804 0.0905594405594406 0.105594405594406 0.120629370629371 0 0.0769230769230769 0.121328671328671
"plaMeg" 0.0751748251748252 0.0283216783216783 0.0318181818181818 0.0185314685314685 0.0199300699300699 0.0185314685314685 0.0314685314685315 0.0594405594405594 0.0681818181818182 0.0311188811188811 0.0699300699300699 0.0937062937062937 0.0769230769230769 0 0.091958041958042
"podExp" 0.115734265734266 0.0986013986013986 0.0937062937062937 0.0898601398601399 0.0947552447552448 0.0940559440559441 0.0954545454545455 0.116783216783217 0.0723776223776224 0.102447552447552 0.0744755244755245 0.0804195804195804 0.121328671328671 0.091958041958042 0
