"carIns" "cheAbi" "cheMyd" "cheSer" "chrPic" "cuoAmb" "cuoMcc" "derCor" "derMaw" "emySub" "gopAga" "malTer" "mesTub" "pelCas" "pelSin" "plaMeg" "podExp" "terMex"
"carIns" 0 0.0873896954170225 0.0814118986621122 0.0819812126387703 0.0834044975804156 0.0862510674637062 0.0879590093936806 0.0816965556504412 0.0922288642186166 0.0925135212069456 0.0865357244520353 0.09422146313692 0.0882436663820097 0.0990606319385141 0.104469114716766 0.0828351836037575 0.101053230856818 0.125249074864788
"cheAbi" 0.0873896954170225 0 0.0412752633077142 0.040136635354398 0.031596925704526 0.022203245089667 0.0227725590663251 0.0398519783660689 0.0520922288642186 0.0660404212923427 0.0185027042413891 0.0424138912610305 0.0694563051522915 0.0788499857671506 0.10019925989183 0.0276117278679192 0.0831198405920865 0.0725875320239112
"cheMyd" 0.0814118986621122 0.0412752633077142 0 0.0338741816111586 0.035866780529462 0.0387133504127526 0.0372900654711073 0.0204953031596926 0.0506689439225733 0.0640478223740393 0.040136635354398 0.044691147167663 0.0640478223740393 0.0777113578138343 0.0970680330202107 0.0293196697978935 0.0777113578138343 0.0742954739538856
"cheSer" 0.0819812126387703 0.040136635354398 0.0338741816111586 0 0.0307429547395389 0.0341588385994876 0.0333048676345004 0.0344434955878167 0.0441218331910048 0.0643324793623683 0.0372900654711073 0.040421292342727 0.0668943922573299 0.0794192997438087 0.0902362653003131 0.027042413891261 0.0831198405920865 0.0708795900939368
"chrPic" 0.0834044975804156 0.031596925704526 0.035866780529462 0.0307429547395389 0 0.0236265300313123 0.0233418730429832 0.0344434955878167 0.044975804155992 0.0643324793623683 0.0287503558212354 0.0187873612297182 0.067463706233988 0.0757187588955309 0.0916595502419584 0.0182180472530601 0.0797039567321378 0.0552234557358383
"cuoAmb" 0.0862510674637062 0.022203245089667 0.0387133504127526 0.0341588385994876 0.0236265300313123 0 0.00597779675491033 0.0352974665528039 0.0486763450042699 0.0654711073156846 0.0230572160546541 0.0344434955878167 0.0683176771989752 0.0782806717904925 0.0976373469968688 0.022487902077996 0.0836891545687447 0.0646171363506974
"cuoMcc" 0.0879590093936806 0.0227725590663251 0.0372900654711073 0.0333048676345004 0.0233418730429832 0.00597779675491033 0 0.0355821235411329 0.0475377170509536 0.0660404212923427 0.022203245089667 0.0330202106461714 0.0688869911756334 0.0791346427554796 0.0959294050668944 0.022203245089667 0.0836891545687447 0.0637631653857102
"derCor" 0.0816965556504412 0.0398519783660689 0.0204953031596926 0.0344434955878167 0.0344434955878167 0.0352974665528039 0.0355821235411329 0 0.0509536009109024 0.0640478223740393 0.0398519783660689 0.0424138912610305 0.0643324793623683 0.0802732707087959 0.0964987190435525 0.0293196697978935 0.0794192997438087 0.0737261599772274
"derMaw" 0.0922288642186166 0.0520922288642186 0.0506689439225733 0.0441218331910048 0.044975804155992 0.0486763450042699 0.0475377170509536 0.0509536009109024 0 0.0731568460005693 0.0515229148875605 0.0555081127241674 0.0788499857671506 0.0888129803586678 0.101337887845147 0.0421292342727014 0.089666951323655 0.085397096498719
"emySub" 0.0925135212069456 0.0660404212923427 0.0640478223740393 0.0643324793623683 0.0643324793623683 0.0654711073156846 0.0660404212923427 0.0640478223740393 0.0731568460005693 0 0.0651864503273555 0.0754341019072018 0.0370054084827783 0.0700256191289496 0.103899800740108 0.0614859094790777 0.0691716481639624 0.10333048676345
"gopAga" 0.0865357244520353 0.0185027042413891 0.040136635354398 0.0372900654711073 0.0287503558212354 0.0230572160546541 0.022203245089667 0.0398519783660689 0.0515229148875605 0.0651864503273555 0 0.0389980074010817 0.0703102761172787 0.0788499857671506 0.0996299459151722 0.0261884429262738 0.0828351836037575 0.0703102761172787
"malTer" 0.09422146313692 0.0424138912610305 0.044691147167663 0.040421292342727 0.0187873612297182 0.0344434955878167 0.0330202106461714 0.0424138912610305 0.0555081127241674 0.0754341019072018 0.0389980074010817 0 0.0779960148021634 0.0862510674637062 0.101907201821805 0.0290350128095645 0.0899516083119841 0.0612012524907486
"mesTub" 0.0882436663820097 0.0694563051522915 0.0640478223740393 0.0668943922573299 0.067463706233988 0.0683176771989752 0.0688869911756334 0.0643324793623683 0.0788499857671506 0.0370054084827783 0.0703102761172787 0.0779960148021634 0 0.0694563051522915 0.10646171363507 0.0623398804440649 0.0711642470822659 0.10646171363507
"pelCas" 0.0990606319385141 0.0788499857671506 0.0777113578138343 0.0794192997438087 0.0757187588955309 0.0782806717904925 0.0791346427554796 0.0802732707087959 0.0888129803586678 0.0700256191289496 0.0788499857671506 0.0862510674637062 0.0694563051522915 0 0.116709365214916 0.0740108169655565 0.0657557643040137 0.113862795331625
"pelSin" 0.104469114716766 0.10019925989183 0.0970680330202107 0.0902362653003131 0.0916595502419584 0.0976373469968688 0.0959294050668944 0.0964987190435525 0.101337887845147 0.103899800740108 0.0996299459151722 0.101907201821805 0.10646171363507 0.116709365214916 0 0.0916595502419584 0.118132650156561 0.132365499573015
"plaMeg" 0.0828351836037575 0.0276117278679192 0.0293196697978935 0.027042413891261 0.0182180472530601 0.022487902077996 0.022203245089667 0.0293196697978935 0.0421292342727014 0.0614859094790777 0.0261884429262738 0.0290350128095645 0.0623398804440649 0.0740108169655565 0.0916595502419584 0 0.0799886137204668 0.0594933105607743
"podExp" 0.101053230856818 0.0831198405920865 0.0777113578138343 0.0831198405920865 0.0797039567321378 0.0836891545687447 0.0836891545687447 0.0794192997438087 0.089666951323655 0.0691716481639624 0.0828351836037575 0.0899516083119841 0.0711642470822659 0.0657557643040137 0.118132650156561 0.0799886137204668 0 0.116994022203245
"terMex" 0.125249074864788 0.0725875320239112 0.0742954739538856 0.0708795900939368 0.0552234557358383 0.0646171363506974 0.0637631653857102 0.0737261599772274 0.085397096498719 0.10333048676345 0.0703102761172787 0.0612012524907486 0.10646171363507 0.113862795331625 0.132365499573015 0.0594933105607743 0.116994022203245 0
