"carIns" "cheAbi" "cheMyd" "cheSer" "chrPic" "cuoAmb" "cuoMcc" "derCor" "derMaw" "emySub" "gopAga" "malTer" "mesTub" "pelCas" "pelSin" "plaMeg" "podExp"
"carIns" 0 0.0501672240802676 0.0497956150130063 0.0546265328874025 0.0494240059457451 0.05091044221479 0.0494240059457451 0.0516536603493125 0.0613154960981048 0.0549981419546637 0.0535117056856187 0.0490523968784838 0.0598290598290598 0.0702341137123746 0.0579710144927536 0.0501672240802676 0.0732069862504645
"cheAbi" 0.0501672240802676 0 0.020066889632107 0.020066889632107 0.012263099219621 0.0104050538833148 0.00966183574879227 0.0208101077666295 0.030843552582683 0.0393905611296916 0.0130063173541434 0.012263099219621 0.043106651802304 0.0549981419546637 0.0449646971386102 0.0137495354886659 0.0602006688963211
"cheMyd" 0.0497956150130063 0.020066889632107 0 0.0156075808249721 0.0196952805648458 0.0208101077666295 0.0193236714975845 0.0130063173541434 0.0274990709773318 0.0393905611296916 0.0222965440356745 0.0189520624303233 0.0423634336677815 0.0553697510219249 0.0453363062058714 0.0193236714975845 0.0590858416945373
"cheSer" 0.0546265328874025 0.020066889632107 0.0156075808249721 0 0.0196952805648458 0.0208101077666295 0.020066889632107 0.0159791898922334 0.0248978075065032 0.0412486064659978 0.023039762170197 0.0204384986993683 0.0442214790040877 0.0564845782237087 0.0460795243403939 0.0208101077666295 0.061687105165366
"chrPic" 0.0494240059457451 0.012263099219621 0.0196952805648458 0.0196952805648458 0 0.0111482720178372 0.0100334448160535 0.0196952805648458 0.0301003344481605 0.0386473429951691 0.0156075808249721 0.00445930880713489 0.0408769973987365 0.05388331475288 0.0445930880713489 0.010776662950576 0.0594574507617986
"cuoAmb" 0.05091044221479 0.0104050538833148 0.0208101077666295 0.0208101077666295 0.0111482720178372 0 0.00222965440356745 0.021553325901152 0.030843552582683 0.040133779264214 0.0144927536231884 0.0111482720178372 0.0442214790040877 0.0535117056856187 0.0445930880713489 0.0126347082868822 0.0590858416945373
"cuoMcc" 0.0494240059457451 0.00966183574879227 0.0193236714975845 0.020066889632107 0.0100334448160535 0.00222965440356745 0 0.020066889632107 0.030843552582683 0.0386473429951691 0.0130063173541434 0.0100334448160535 0.0427350427350427 0.0527684875510962 0.0438498699368265 0.0111482720178372 0.0590858416945373
"derCor" 0.0516536603493125 0.0208101077666295 0.0130063173541434 0.0159791898922334 0.0196952805648458 0.021553325901152 0.020066889632107 0 0.0263842437755481 0.0412486064659978 0.0237829803047194 0.0196952805648458 0.0442214790040877 0.0557413600891862 0.0442214790040877 0.020066889632107 0.0620587142326273
"derMaw" 0.0613154960981048 0.030843552582683 0.0274990709773318 0.0248978075065032 0.0301003344481605 0.030843552582683 0.030843552582683 0.0263842437755481 0 0.0486807878112226 0.0345596432552954 0.0315867707172055 0.0520252694165738 0.0624303232998885 0.052396878483835 0.0319583797844667 0.0683760683760684
"emySub" 0.0549981419546637 0.0393905611296916 0.0393905611296916 0.0412486064659978 0.0386473429951691 0.040133779264214 0.0386473429951691 0.0412486064659978 0.0486807878112226 0 0.0408769973987365 0.0382757339279078 0.0189520624303233 0.041620215533259 0.0568561872909699 0.0397621701969528 0.0471943515421776
"gopAga" 0.0535117056856187 0.0130063173541434 0.0222965440356745 0.023039762170197 0.0156075808249721 0.0144927536231884 0.0130063173541434 0.0237829803047194 0.0345596432552954 0.0408769973987365 0 0.0156075808249721 0.0442214790040877 0.0575994054254924 0.0486807878112226 0.0152359717577109 0.0624303232998885
"malTer" 0.0490523968784838 0.012263099219621 0.0189520624303233 0.0204384986993683 0.00445930880713489 0.0111482720178372 0.0100334448160535 0.0196952805648458 0.0315867707172055 0.0382757339279078 0.0156075808249721 0 0.0427350427350427 0.0549981419546637 0.0453363062058714 0.0115198810850985 0.0605722779635823
"mesTub" 0.0598290598290598 0.043106651802304 0.0423634336677815 0.0442214790040877 0.0408769973987365 0.0442214790040877 0.0427350427350427 0.0442214790040877 0.0520252694165738 0.0189520624303233 0.0442214790040877 0.0427350427350427 0 0.0464511334076551 0.0602006688963211 0.0438498699368265 0.0497956150130063
"pelCas" 0.0702341137123746 0.0549981419546637 0.0553697510219249 0.0564845782237087 0.05388331475288 0.0535117056856187 0.0527684875510962 0.0557413600891862 0.0624303232998885 0.041620215533259 0.0575994054254924 0.0549981419546637 0.0464511334076551 0 0.0661464139725009 0.0549981419546637 0.0438498699368265
"pelSin" 0.0579710144927536 0.0449646971386102 0.0453363062058714 0.0460795243403939 0.0445930880713489 0.0445930880713489 0.0438498699368265 0.0442214790040877 0.052396878483835 0.0568561872909699 0.0486807878112226 0.0453363062058714 0.0602006688963211 0.0661464139725009 0 0.0453363062058714 0.075436640654032
"plaMeg" 0.0501672240802676 0.0137495354886659 0.0193236714975845 0.0208101077666295 0.010776662950576 0.0126347082868822 0.0111482720178372 0.020066889632107 0.0319583797844667 0.0397621701969528 0.0152359717577109 0.0115198810850985 0.0438498699368265 0.0549981419546637 0.0453363062058714 0 0.0590858416945373
"podExp" 0.0732069862504645 0.0602006688963211 0.0590858416945373 0.061687105165366 0.0594574507617986 0.0590858416945373 0.0590858416945373 0.0620587142326273 0.0683760683760684 0.0471943515421776 0.0624303232998885 0.0605722779635823 0.0497956150130063 0.0438498699368265 0.075436640654032 0.0590858416945373 0
