"cheAbi" "cheMyd" "cheSer" "chrPic" "cuoAmb" "cuoMcc" "derMaw" "emySub" "gopAga" "malTer" "mesTub" "pelCas" "pelSin" "plaMeg" "podExp"
"cheAbi" 0 0.167388167388167 0.0317460317460317 0.0238095238095238 0.0137085137085137 0.0115440115440115 0.10966810966811 0.0382395382395382 0.0137085137085137 0.0324675324675325 0.0483405483405483 0.056998556998557 0.0490620490620491 0.0223665223665224 0.0634920634920635
"cheMyd" 0.167388167388167 0 0.16017316017316 0.162337662337662 0.168109668109668 0.167388167388167 0.243145743145743 0.168109668109668 0.168831168831169 0.16955266955267 0.176767676767677 0.185425685425685 0.176046176046176 0.160894660894661 0.18037518037518
"cheSer" 0.0317460317460317 0.16017316017316 0 0.0266955266955267 0.0324675324675325 0.0303030303030303 0.106060606060606 0.0375180375180375 0.0360750360750361 0.0353535353535354 0.0476190476190476 0.056998556998557 0.0483405483405483 0.0245310245310245 0.0634920634920635
"chrPic" 0.0238095238095238 0.162337662337662 0.0266955266955267 0 0.0230880230880231 0.0209235209235209 0.108225108225108 0.0375180375180375 0.0266955266955267 0.0101010101010101 0.0490620490620491 0.0562770562770563 0.0476190476190476 0.0144300144300144 0.062049062049062
"cuoAmb" 0.0137085137085137 0.168109668109668 0.0324675324675325 0.0230880230880231 0 0.00360750360750361 0.111111111111111 0.0396825396825397 0.0173160173160173 0.0317460317460317 0.0505050505050505 0.0591630591630592 0.0512265512265512 0.0202020202020202 0.0663780663780664
"cuoMcc" 0.0115440115440115 0.167388167388167 0.0303030303030303 0.0209235209235209 0.00360750360750361 0 0.108946608946609 0.038961038961039 0.0151515151515152 0.0295815295815296 0.0497835497835498 0.0584415584415584 0.0505050505050505 0.018037518037518 0.0656565656565657
"derMaw" 0.10966810966811 0.243145743145743 0.106060606060606 0.108225108225108 0.111111111111111 0.108946608946609 0 0.119047619047619 0.115440115440115 0.116883116883117 0.122655122655123 0.134920634920635 0.129148629148629 0.104617604617605 0.137085137085137
"emySub" 0.0382395382395382 0.168109668109668 0.0375180375180375 0.0375180375180375 0.0396825396825397 0.038961038961039 0.119047619047619 0 0.0432900432900433 0.0447330447330447 0.0252525252525253 0.0375180375180375 0.0483405483405483 0.0375180375180375 0.0425685425685426
"gopAga" 0.0137085137085137 0.168831168831169 0.0360750360750361 0.0266955266955267 0.0173160173160173 0.0151515151515152 0.115440115440115 0.0432900432900433 0 0.0353535353535354 0.0548340548340548 0.062049062049062 0.0562770562770563 0.0245310245310245 0.06998556998557
"malTer" 0.0324675324675325 0.16955266955267 0.0353535353535354 0.0101010101010101 0.0317460317460317 0.0295815295815296 0.116883116883117 0.0447330447330447 0.0353535353535354 0 0.0555555555555556 0.0627705627705628 0.0555555555555556 0.0230880230880231 0.0685425685425685
"mesTub" 0.0483405483405483 0.176767676767677 0.0476190476190476 0.0490620490620491 0.0505050505050505 0.0497835497835498 0.122655122655123 0.0252525252525253 0.0548340548340548 0.0555555555555556 0 0.0461760461760462 0.0541125541125541 0.0476190476190476 0.051948051948052
"pelCas" 0.056998556998557 0.185425685425685 0.056998556998557 0.0562770562770563 0.0591630591630592 0.0584415584415584 0.134920634920635 0.0375180375180375 0.062049062049062 0.0627705627705628 0.0461760461760462 0 0.0656565656565657 0.0555555555555556 0.0425685425685426
"pelSin" 0.0490620490620491 0.176046176046176 0.0483405483405483 0.0476190476190476 0.0512265512265512 0.0505050505050505 0.129148629148629 0.0483405483405483 0.0562770562770563 0.0555555555555556 0.0541125541125541 0.0656565656565657 0 0.044011544011544 0.0692640692640693
"plaMeg" 0.0223665223665224 0.160894660894661 0.0245310245310245 0.0144300144300144 0.0202020202020202 0.018037518037518 0.104617604617605 0.0375180375180375 0.0245310245310245 0.0230880230880231 0.0476190476190476 0.0555555555555556 0.044011544011544 0 0.062049062049062
"podExp" 0.0634920634920635 0.18037518037518 0.0634920634920635 0.062049062049062 0.0663780663780664 0.0656565656565657 0.137085137085137 0.0425685425685426 0.06998556998557 0.0685425685425685 0.051948051948052 0.0425685425685426 0.0692640692640693 0.062049062049062 0
