"carIns" "cheAbi" "cheMyd" "cheSer" "chrPic" "cuoAmb" "cuoMcc" "derMaw" "emySub" "gopAga" "malTer" "mesTub" "pelCas" "pelSin" "plaMeg" "podExp" "terMex"
"carIns" 0 0.0893599334995844 0.0810473815461347 0.0802161263507897 0.0752285951787199 0.239401496259352 0.0768911055694098 0.0893599334995844 0.0931005818786367 0.0839567747298421 0.0997506234413965 0.0947630922693267 0.100581878636741 0.086450540315877 0.0760598503740648 0.105569409808811 0.0773067331670823
"cheAbi" 0.0893599334995844 0 0.0448877805486284 0.0465502909393184 0.0307564422277639 0.20739817123857 0.0295095594347465 0.0598503740648379 0.0660847880299252 0.0224438902743142 0.0594347464671654 0.0748129675810474 0.0860349127182045 0.0760598503740648 0.0328345802161263 0.0951787198669992 0.029093931837074
"cheMyd" 0.0810473815461347 0.0448877805486284 0 0.0386533665835411 0.0340814630091438 0.21571072319202 0.0357439733998337 0.0544472152950956 0.0635910224438903 0.042809642560266 0.0631753948462178 0.0723192019950125 0.0831255195344971 0.0739817123857024 0.0332502078137988 0.0893599334995844 0.0332502078137988
"cheSer" 0.0802161263507897 0.0465502909393184 0.0386533665835411 0 0.0336658354114713 0.211554447215295 0.0336658354114713 0.0486284289276808 0.0635910224438903 0.0432252701579385 0.0610972568578554 0.0694098088113051 0.0798004987531172 0.0764754779717373 0.0315876974231089 0.0906068162926018 0.0303408146300914
"chrPic" 0.0752285951787199 0.0307564422277639 0.0340814630091438 0.0336658354114713 0 0.201995012468828 0.0195344970906068 0.0494596841230258 0.0569409808811305 0.028262676641729 0.0365752285951787 0.0648379052369077 0.0768911055694098 0.0644222776392352 0.0191188694929343 0.0835411471321696 0.0120532003325021
"cuoAmb" 0.239401496259352 0.20739817123857 0.21571072319202 0.211554447215295 0.201995012468828 0 0.194098088113051 0.225270157938487 0.231088944305902 0.208229426433915 0.231088944305902 0.236492103075644 0.244389027431421 0.236076475477972 0.201995012468828 0.251454696591854 0.199916874480465
"cuoMcc" 0.0768911055694098 0.0295095594347465 0.0357439733998337 0.0336658354114713 0.0195344970906068 0.194098088113051 0 0.0502909393183707 0.0577722360764755 0.0286783042394015 0.0494596841230258 0.0681629260182876 0.0764754779717373 0.0652535328345802 0.0211970074812968 0.0860349127182045 0.0178719866999169
"derMaw" 0.0893599334995844 0.0598503740648379 0.0544472152950956 0.0486284289276808 0.0494596841230258 0.225270157938487 0.0502909393183707 0 0.0714879467996675 0.0561097256857855 0.0777223607647548 0.0802161263507897 0.087281795511222 0.0818786367414796 0.0494596841230258 0.0943474646716542 0.0482128013300083
"emySub" 0.0931005818786367 0.0660847880299252 0.0635910224438903 0.0635910224438903 0.0569409808811305 0.231088944305902 0.0577722360764755 0.0714879467996675 0 0.0644222776392352 0.0839567747298421 0.0349127182044888 0.0652535328345802 0.0835411471321696 0.0577722360764755 0.0723192019950125 0.057356608478803
"gopAga" 0.0839567747298421 0.0224438902743142 0.042809642560266 0.0432252701579385 0.028262676641729 0.208229426433915 0.0286783042394015 0.0561097256857855 0.0644222776392352 0 0.0586034912718204 0.0735660847880299 0.0839567747298421 0.0760598503740648 0.0303408146300914 0.0935162094763092 0.0266001662510391
"malTer" 0.0997506234413965 0.0594347464671654 0.0631753948462178 0.0610972568578554 0.0365752285951787 0.231088944305902 0.0494596841230258 0.0777223607647548 0.0839567747298421 0.0586034912718204 0 0.0914380714879468 0.0997506234413965 0.0918536990856193 0.0477971737323358 0.108063175394846 0.041978387364921
"mesTub" 0.0947630922693267 0.0748129675810474 0.0723192019950125 0.0694098088113051 0.0648379052369077 0.236492103075644 0.0681629260182876 0.0802161263507897 0.0349127182044888 0.0735660847880299 0.0914380714879468 0 0.0698254364089776 0.0881130507065669 0.0677472984206151 0.0785536159600998 0.0660847880299252
"pelCas" 0.100581878636741 0.0860349127182045 0.0831255195344971 0.0798004987531172 0.0768911055694098 0.244389027431421 0.0764754779717373 0.087281795511222 0.0652535328345802 0.0839567747298421 0.0997506234413965 0.0698254364089776 0 0.0935162094763092 0.0785536159600998 0.0681629260182876 0.0764754779717373
"pelSin" 0.086450540315877 0.0760598503740648 0.0739817123857024 0.0764754779717373 0.0644222776392352 0.236076475477972 0.0652535328345802 0.0818786367414796 0.0835411471321696 0.0760598503740648 0.0918536990856193 0.0881130507065669 0.0935162094763092 0 0.0685785536159601 0.100997506234414 0.0644222776392352
"plaMeg" 0.0760598503740648 0.0328345802161263 0.0332502078137988 0.0315876974231089 0.0191188694929343 0.201995012468828 0.0211970074812968 0.0494596841230258 0.0577722360764755 0.0303408146300914 0.0477971737323358 0.0677472984206151 0.0785536159600998 0.0685785536159601 0 0.0876974231088944 0.0170407315045719
"podExp" 0.105569409808811 0.0951787198669992 0.0893599334995844 0.0906068162926018 0.0835411471321696 0.251454696591854 0.0860349127182045 0.0943474646716542 0.0723192019950125 0.0935162094763092 0.108063175394846 0.0785536159600998 0.0681629260182876 0.100997506234414 0.0876974231088944 0 0.0835411471321696
"terMex" 0.0773067331670823 0.029093931837074 0.0332502078137988 0.0303408146300914 0.0120532003325021 0.199916874480465 0.0178719866999169 0.0482128013300083 0.057356608478803 0.0266001662510391 0.041978387364921 0.0660847880299252 0.0764754779717373 0.0644222776392352 0.0170407315045719 0.0835411471321696 0
