"carIns" "cheAbi" "cheMyd" "cheSer" "chrPic" "cuoMcc" "derMaw" "emySub" "gopAga" "malTer" "mesTub" "pelCas" "pelSin" "plaMeg" "podExp" "terMex"
"carIns" 0 0.0821029888368743 0.0734605689593086 0.0774216780698596 0.0716600648181491 0.0749009722722362 0.0860640979474253 0.0853438962909615 0.0792221822110191 0.0749009722722362 0.0921858120273677 0.0975873244508462 0.0817428880086424 0.0691393590205257 0.101908534389629 0.0741807706157724
"cheAbi" 0.0821029888368743 0 0.0403312927619734 0.0410514944184372 0.026647461289161 0.0237666546633057 0.0558156283759453 0.06805905653583 0.0208858480374505 0.0291681670867843 0.0763413755851639 0.0774216780698596 0.0770615772416277 0.0306085703997119 0.0857039971191934 0.0288080662585524
"cheMyd" 0.0734605689593086 0.0403312927619734 0 0.0306085703997119 0.0284479654303205 0.0349297803384948 0.0450126035289881 0.0630176449405834 0.0385307886208138 0.03024846957148 0.0709398631616853 0.0752610731004681 0.0691393590205257 0.0280878646020886 0.0842635938062658 0.0291681670867843
"cheSer" 0.0774216780698596 0.0410514944184372 0.0306085703997119 0 0.0291681670867843 0.0363701836514224 0.0460929060136838 0.0684191573640619 0.0414115952466691 0.0316888728844076 0.0763413755851639 0.0763413755851639 0.0676989557075981 0.0280878646020886 0.087144400432121 0.0291681670867843
"chrPic" 0.0716600648181491 0.026647461289161 0.0284479654303205 0.0291681670867843 0 0.0230464530068419 0.0446525027007562 0.0608570399711919 0.0277277637738567 0.00684191573640619 0.0691393590205257 0.0712999639899172 0.0673388548793662 0.0144040331292762 0.0817428880086424 0.00864241987756572
"cuoMcc" 0.0749009722722362 0.0237666546633057 0.0349297803384948 0.0363701836514224 0.0230464530068419 0 0.049333813467771 0.0648181490817429 0.0241267554915376 0.0262873604609291 0.0716600648181491 0.0774216780698596 0.0749009722722362 0.0248469571480014 0.0839034929780338 0.0252070579762333
"derMaw" 0.0860640979474253 0.0558156283759453 0.0450126035289881 0.0460929060136838 0.0446525027007562 0.049333813467771 0 0.0752610731004681 0.0532949225783219 0.0464530068419157 0.0842635938062658 0.0857039971191934 0.0828231904933381 0.0432120993878286 0.0932661145120634 0.0457328051854519
"emySub" 0.0853438962909615 0.06805905653583 0.0630176449405834 0.0684191573640619 0.0608570399711919 0.0648181490817429 0.0752610731004681 0 0.0691393590205257 0.0630176449405834 0.0349297803384948 0.0532949225783219 0.0835433921498019 0.06049693914296 0.0658984515664386 0.0619373424558876
"gopAga" 0.0792221822110191 0.0208858480374505 0.0385307886208138 0.0414115952466691 0.0277277637738567 0.0241267554915376 0.0532949225783219 0.0691393590205257 0 0.0295282679150162 0.0770615772416277 0.0777817788980915 0.0774216780698596 0.0295282679150162 0.0824630896651062 0.0298883687432481
"malTer" 0.0749009722722362 0.0291681670867843 0.03024846957148 0.0316888728844076 0.00684191573640619 0.0262873604609291 0.0464530068419157 0.0630176449405834 0.0295282679150162 0 0.0716600648181491 0.0734605689593086 0.0702196615052215 0.0169247389268995 0.0846236946344977 0.0111631256751891
"mesTub" 0.0921858120273677 0.0763413755851639 0.0709398631616853 0.0763413755851639 0.0691393590205257 0.0716600648181491 0.0842635938062658 0.0349297803384948 0.0770615772416277 0.0716600648181491 0 0.0633777457688153 0.0929060136838315 0.0673388548793662 0.0687792581922938 0.0716600648181491
"pelCas" 0.0975873244508462 0.0774216780698596 0.0752610731004681 0.0763413755851639 0.0712999639899172 0.0774216780698596 0.0857039971191934 0.0532949225783219 0.0777817788980915 0.0734605689593086 0.0633777457688153 0 0.0903853078862081 0.0731004681310767 0.05293482175009 0.0727403673028448
"pelSin" 0.0817428880086424 0.0770615772416277 0.0691393590205257 0.0676989557075981 0.0673388548793662 0.0749009722722362 0.0828231904933381 0.0835433921498019 0.0774216780698596 0.0702196615052215 0.0929060136838315 0.0903853078862081 0 0.0655383507382067 0.0929060136838315 0.0691393590205257
"plaMeg" 0.0691393590205257 0.0306085703997119 0.0280878646020886 0.0280878646020886 0.0144040331292762 0.0248469571480014 0.0432120993878286 0.06049693914296 0.0295282679150162 0.0169247389268995 0.0673388548793662 0.0731004681310767 0.0655383507382067 0 0.0813827871804105 0.0158444364422038
"podExp" 0.101908534389629 0.0857039971191934 0.0842635938062658 0.087144400432121 0.0817428880086424 0.0839034929780338 0.0932661145120634 0.0658984515664386 0.0824630896651062 0.0846236946344977 0.0687792581922938 0.05293482175009 0.0929060136838315 0.0813827871804105 0 0.0857039971191934
"terMex" 0.0741807706157724 0.0288080662585524 0.0291681670867843 0.0291681670867843 0.00864241987756572 0.0252070579762333 0.0457328051854519 0.0619373424558876 0.0298883687432481 0.0111631256751891 0.0716600648181491 0.0727403673028448 0.0691393590205257 0.0158444364422038 0.0857039971191934 0
