"carIns" "cheAbi" "cheMyd" "cheSer" "chrPic" "cuoAmb" "cuoMcc" "derCor" "derMaw" "emySub" "gopAga" "mesTub" "pelCas" "pelSin" "plaMeg" "podExp" "terMex"
"carIns" 0 0.122283766510439 0.122283766510439 0.108223263740946 0.121431614827439 0.118023008095441 0.106945036216447 0.126118449083937 0.233489561141883 0.129527055815935 0.108223263740946 0.143161482743928 0.146144013634427 0.131657435023434 0.115040477204942 0.13932680017043 0.110779718789945
"cheAbi" 0.122283766510439 0 0.0464422667234768 0.0494247976139753 0.0455901150404772 0.0298253089049851 0.0328078397954836 0.0477204942479761 0.178951853429911 0.086067319982957 0.0276949296974862 0.102684277801449 0.109501491265445 0.118023008095441 0.034086067319983 0.0958670643374521 0.0438858116744781
"cheMyd" 0.122283766510439 0.0464422667234768 0 0.0502769492969749 0.0507030251384746 0.0323817639539838 0.0430336599914785 0.0174691095014913 0.181082232637409 0.0847890924584576 0.0455901150404772 0.10097997443545 0.106518960374947 0.114188325521943 0.0276949296974862 0.0988495952279506 0.0481465700894759
"cheSer" 0.108223263740946 0.0494247976139753 0.0502769492969749 0 0.051981252662974 0.0438858116744781 0.0332339156369834 0.0532594801874734 0.166169578184917 0.0728589688964636 0.034086067319983 0.0873455475074563 0.0941627609714529 0.10055389859395 0.0366425223689817 0.089902002556455 0.0374946740519813
"chrPic" 0.121431614827439 0.0455901150404772 0.0507030251384746 0.051981252662974 0 0.0409032807839795 0.0443118875159778 0.0532594801874734 0.17980400511291 0.0911802300809544 0.0464422667234768 0.104388581167448 0.112910097997444 0.115040477204942 0.0370685982104815 0.101406050276949 0.0366425223689817
"cuoAmb" 0.118023008095441 0.0298253089049851 0.0323817639539838 0.0438858116744781 0.0409032807839795 0 0.0187473370259906 0.0345121431614827 0.177673625905411 0.0826587132509587 0.0272688538559864 0.0992756710694504 0.106518960374947 0.114188325521943 0.0187473370259906 0.0928845334469536 0.0387729015764806
"cuoMcc" 0.106945036216447 0.0328078397954836 0.0430336599914785 0.0332339156369834 0.0443118875159778 0.0187473370259906 0 0.046016190881977 0.168299957392416 0.072006817213464 0.0187473370259906 0.0911802300809544 0.0950149126544525 0.103110353642948 0.0315296122709842 0.0843630166169578 0.0293992330634853
"derCor" 0.126118449083937 0.0477204942479761 0.0174691095014913 0.0532594801874734 0.0532594801874734 0.0345121431614827 0.046016190881977 0 0.17980400511291 0.0864933958244568 0.0468683425649766 0.103962505325948 0.109927567106945 0.116318704729442 0.0298253089049851 0.10012782275245 0.0502769492969749
"derMaw" 0.233489561141883 0.178951853429911 0.181082232637409 0.166169578184917 0.17980400511291 0.177673625905411 0.168299957392416 0.17980400511291 0 0.197699190455901 0.168726033233916 0.206646783127397 0.205368555602897 0.217724755006391 0.173838943331913 0.203664252236898 0.168299957392416
"emySub" 0.129527055815935 0.086067319982957 0.0847890924584576 0.0728589688964636 0.0911802300809544 0.0826587132509587 0.072006817213464 0.0864933958244568 0.197699190455901 0 0.0737111205794631 0.0430336599914785 0.0881976991904559 0.11930123561994 0.0783979548359608 0.08010225820196 0.0758414997869621
"gopAga" 0.108223263740946 0.0276949296974862 0.0455901150404772 0.034086067319983 0.0464422667234768 0.0272688538559864 0.0187473370259906 0.0468683425649766 0.168726033233916 0.0737111205794631 0 0.0890498508734555 0.0958670643374521 0.104388581167448 0.0315296122709842 0.083936940775458 0.0298253089049851
"mesTub" 0.143161482743928 0.102684277801449 0.10097997443545 0.0873455475074563 0.104388581167448 0.0992756710694504 0.0911802300809544 0.103962505325948 0.206646783127397 0.0430336599914785 0.0890498508734555 0 0.102258201959949 0.128674904132936 0.0941627609714529 0.0971452918619514 0.0890498508734555
"pelCas" 0.146144013634427 0.109501491265445 0.106518960374947 0.0941627609714529 0.112910097997444 0.106518960374947 0.0950149126544525 0.109927567106945 0.205368555602897 0.0881976991904559 0.0958670643374521 0.102258201959949 0 0.126544524925437 0.0992756710694504 0.0737111205794631 0.0967192160204516
"pelSin" 0.131657435023434 0.118023008095441 0.114188325521943 0.10055389859395 0.115040477204942 0.114188325521943 0.103110353642948 0.116318704729442 0.217724755006391 0.11930123561994 0.104388581167448 0.128674904132936 0.126544524925437 0 0.109927567106945 0.129100979974435 0.105240732850447
"plaMeg" 0.115040477204942 0.034086067319983 0.0276949296974862 0.0366425223689817 0.0370685982104815 0.0187473370259906 0.0315296122709842 0.0298253089049851 0.173838943331913 0.0783979548359608 0.0315296122709842 0.0941627609714529 0.0992756710694504 0.109927567106945 0 0.0907541542394546 0.0345121431614827
"podExp" 0.13932680017043 0.0958670643374521 0.0988495952279506 0.089902002556455 0.101406050276949 0.0928845334469536 0.0843630166169578 0.10012782275245 0.203664252236898 0.08010225820196 0.083936940775458 0.0971452918619514 0.0737111205794631 0.129100979974435 0.0907541542394546 0 0.0852151682999574
"terMex" 0.110779718789945 0.0438858116744781 0.0481465700894759 0.0374946740519813 0.0366425223689817 0.0387729015764806 0.0293992330634853 0.0502769492969749 0.168299957392416 0.0758414997869621 0.0298253089049851 0.0890498508734555 0.0967192160204516 0.105240732850447 0.0345121431614827 0.0852151682999574 0
