"carIns" "cheAbi" "cheMyd" "chrPic" "cuoAmb" "cuoMcc" "derCor" "derMaw" "emySub" "gopAga" "mesTub" "pelCas" "pelSin" "plaMeg" "podExp" "terMex"
"carIns" 0 0.053941908713693 0.0580912863070539 0.0525587828492393 0.0522130013831259 0.0567081604426003 0.0525587828492393 0.0570539419087137 0.0653526970954357 0.0560165975103734 0.0746887966804979 0.0871369294605809 0.0618948824343015 0.0487551867219917 0.0871369294605809 0.0501383125864454
"cheAbi" 0.053941908713693 0 0.0338865836791148 0.0228215767634855 0.0134854771784232 0.0200553250345781 0.0286998616874136 0.0352697095435685 0.0508298755186722 0.0107192254495159 0.0615491009681881 0.0736514522821577 0.0508298755186722 0.0186721991701245 0.0736514522821577 0.0200553250345781
"cheMyd" 0.0580912863070539 0.0338865836791148 0 0.0318118948824343 0.0297372060857538 0.0359612724757953 0.020746887966805 0.034923928077455 0.0553250345781466 0.0345781466113416 0.0629322268326418 0.0698478561549101 0.0508298755186722 0.0262793914246196 0.0746887966804979 0.0283540802213001
"chrPic" 0.0525587828492393 0.0228215767634855 0.0318118948824343 0 0.0190179806362379 0.024896265560166 0.0259336099585062 0.0307745504840941 0.051521438450899 0.0242047026279391 0.0608575380359613 0.0750345781466113 0.0508298755186722 0.0138312586445367 0.0739972337482711 0.00899031811894882
"cuoAmb" 0.0522130013831259 0.0134854771784232 0.0297372060857538 0.0190179806362379 0 0.00968188105117566 0.0245504840940526 0.0314661134163209 0.047372060857538 0.0145228215767635 0.0591286307053942 0.0715767634854772 0.047372060857538 0.0134854771784232 0.0726141078838174 0.0155601659751037
"cuoMcc" 0.0567081604426003 0.0200553250345781 0.0359612724757953 0.024896265560166 0.00968188105117566 0 0.0300829875518672 0.0376901798063624 0.0542876901798064 0.0214384508990318 0.0650069156293223 0.0781466113416321 0.053941908713693 0.0204011065006916 0.0750345781466113 0.0224757952973721
"derCor" 0.0525587828492393 0.0286998616874136 0.020746887966805 0.0259336099585062 0.0245504840940526 0.0300829875518672 0 0.0304287690179806 0.0487551867219917 0.0286998616874136 0.0573997233748271 0.0708852005532503 0.0487551867219917 0.0210926694329184 0.0695020746887967 0.0231673582295989
"derMaw" 0.0570539419087137 0.0352697095435685 0.034923928077455 0.0307745504840941 0.0314661134163209 0.0376901798063624 0.0304287690179806 0 0.0529045643153527 0.0356154910096819 0.0653526970954357 0.0784923928077455 0.0542876901798064 0.0286998616874136 0.0781466113416321 0.0273167358229599
"emySub" 0.0653526970954357 0.0508298755186722 0.0553250345781466 0.051521438450899 0.047372060857538 0.0542876901798064 0.0487551867219917 0.0529045643153527 0 0.0529045643153527 0.029045643153527 0.0587828492392808 0.0618948824343015 0.0463347164591978 0.0587828492392808 0.0491009681881051
"gopAga" 0.0560165975103734 0.0107192254495159 0.0345781466113416 0.0242047026279391 0.0145228215767635 0.0214384508990318 0.0286998616874136 0.0356154910096819 0.0529045643153527 0 0.0622406639004149 0.0743430152143845 0.0525587828492393 0.0193637621023513 0.0746887966804979 0.020746887966805
"mesTub" 0.0746887966804979 0.0615491009681881 0.0629322268326418 0.0608575380359613 0.0591286307053942 0.0650069156293223 0.0573997233748271 0.0653526970954357 0.029045643153527 0.0622406639004149 0 0.0653526970954357 0.0695020746887967 0.05567081604426 0.0656984785615491 0.0580912863070539
"pelCas" 0.0871369294605809 0.0736514522821577 0.0698478561549101 0.0750345781466113 0.0715767634854772 0.0781466113416321 0.0708852005532503 0.0784923928077455 0.0587828492392808 0.0743430152143845 0.0653526970954357 0 0.0826417704011065 0.068118948824343 0.0667358229598893 0.0715767634854772
"pelSin" 0.0618948824343015 0.0508298755186722 0.0508298755186722 0.0508298755186722 0.047372060857538 0.053941908713693 0.0487551867219917 0.0542876901798064 0.0618948824343015 0.0525587828492393 0.0695020746887967 0.0826417704011065 0 0.0439142461964039 0.0878284923928077 0.0477178423236514
"plaMeg" 0.0487551867219917 0.0186721991701245 0.0262793914246196 0.0138312586445367 0.0134854771784232 0.0204011065006916 0.0210926694329184 0.0286998616874136 0.0463347164591978 0.0193637621023513 0.05567081604426 0.068118948824343 0.0439142461964039 0 0.0684647302904564 0.0103734439834025
"podExp" 0.0871369294605809 0.0736514522821577 0.0746887966804979 0.0739972337482711 0.0726141078838174 0.0750345781466113 0.0695020746887967 0.0781466113416321 0.0587828492392808 0.0746887966804979 0.0656984785615491 0.0667358229598893 0.0878284923928077 0.0684647302904564 0 0.0715767634854772
"terMex" 0.0501383125864454 0.0200553250345781 0.0283540802213001 0.00899031811894882 0.0155601659751037 0.0224757952973721 0.0231673582295989 0.0273167358229599 0.0491009681881051 0.020746887966805 0.0580912863070539 0.0715767634854772 0.0477178423236514 0.0103734439834025 0.0715767634854772 0
