"carIns" "cheAbi" "cheMyd" "cheSer" "chrPic" "cuoAmb" "cuoMcc" "derCor" "derMaw" "emySub" "gopAga" "malTer" "mesTub" "pelCas" "plaMeg" "podExp"
"carIns" 0 0.205457967377666 0.200439146800502 0.237139272271016 0.197302383939774 0.220514429109159 0.201066499372647 0.204830614805521 0.228670012547051 0.22176913425345 0.204516938519448 0.203262233375157 0.220828105395232 0.310539523212045 0.194479297365119 0.266624843161857
"cheAbi" 0.205457967377666 0 0.067754077791719 0.110100376411543 0.0486198243412798 0.058030112923463 0.0351317440401506 0.0708908406524467 0.111355081555834 0.122961104140527 0.0360727728983689 0.0517565872020075 0.127666248431619 0.2465495608532 0.0489335006273526 0.176286072772898
"cheMyd" 0.200439146800502 0.067754077791719 0 0.106649937264743 0.0561480552070263 0.0859473023839398 0.0605395232120452 0.0385821831869511 0.105395232120452 0.11543287327478 0.0686951066499373 0.0602258469259724 0.120765370138018 0.240276035131744 0.0536386449184442 0.177540777917189
"cheSer" 0.237139272271016 0.110100376411543 0.106649937264743 0 0.101631116687578 0.106022584692597 0.102258469259724 0.110414052697616 0.151505646173149 0.157465495608532 0.107277289836888 0.10069008782936 0.162170639899624 0.254705144291092 0.0956712672521957 0.195420326223338
"chrPic" 0.197302383939774 0.0486198243412798 0.0561480552070263 0.101631116687578 0 0.0646173149309912 0.0401505646173149 0.062107904642409 0.103199498117942 0.114178168130489 0.0495608531994981 0.0194479297365119 0.117314930991217 0.239962358845671 0.0332496863237139 0.175658720200753
"cuoAmb" 0.220514429109159 0.058030112923463 0.0859473023839398 0.106022584692597 0.0646173149309912 0 0.0398368883312422 0.0909661229611041 0.127352572145546 0.139585947302384 0.0577164366373902 0.0655583437892095 0.140840652446675 0.245608531994981 0.0639899623588457 0.180050188205772
"cuoMcc" 0.201066499372647 0.0351317440401506 0.0605395232120452 0.102258469259724 0.0401505646173149 0.0398368883312422 0 0.0668130489335006 0.105081555834379 0.119824341279799 0.034504391468005 0.0467377666248432 0.122333751568381 0.239648682559599 0.0382685069008783 0.178481806775408
"derCor" 0.204830614805521 0.0708908406524467 0.0385821831869511 0.110414052697616 0.062107904642409 0.0909661229611041 0.0668130489335006 0 0.111668757841907 0.119824341279799 0.0724592220828105 0.0671267252195734 0.127979924717691 0.246235884567127 0.0592848180677541 0.182559598494354
"derMaw" 0.228670012547051 0.111355081555834 0.105395232120452 0.151505646173149 0.103199498117942 0.127352572145546 0.105081555834379 0.111668757841907 0 0.157465495608532 0.110100376411543 0.110414052697616 0.162484316185696 0.267565872020075 0.0991217063989962 0.213613550815558
"emySub" 0.22176913425345 0.122961104140527 0.11543287327478 0.157465495608532 0.114178168130489 0.139585947302384 0.119824341279799 0.119824341279799 0.157465495608532 0 0.123902132998745 0.118883312421581 0.0555207026348808 0.235884567126725 0.110100376411543 0.15495608531995
"gopAga" 0.204516938519448 0.0360727728983689 0.0686951066499373 0.107277289836888 0.0495608531994981 0.0577164366373902 0.034504391468005 0.0724592220828105 0.110100376411543 0.123902132998745 0 0.055207026348808 0.127352572145546 0.243726474278545 0.0470514429109159 0.175972396486826
"malTer" 0.203262233375157 0.0517565872020075 0.0602258469259724 0.10069008782936 0.0194479297365119 0.0655583437892095 0.0467377666248432 0.0671267252195734 0.110414052697616 0.118883312421581 0.055207026348808 0 0.1232747804266 0.236198243412798 0.0401505646173149 0.175031367628607
"mesTub" 0.220828105395232 0.127666248431619 0.120765370138018 0.162170639899624 0.117314930991217 0.140840652446675 0.122333751568381 0.127979924717691 0.162484316185696 0.0555207026348808 0.127352572145546 0.1232747804266 0 0.232120451693852 0.118255959849435 0.154642409033877
"pelCas" 0.310539523212045 0.2465495608532 0.240276035131744 0.254705144291092 0.239962358845671 0.245608531994981 0.239648682559599 0.246235884567127 0.267565872020075 0.235884567126725 0.243726474278545 0.236198243412798 0.232120451693852 0 0.238393977415307 0.23306148055207
"plaMeg" 0.194479297365119 0.0489335006273526 0.0536386449184442 0.0956712672521957 0.0332496863237139 0.0639899623588457 0.0382685069008783 0.0592848180677541 0.0991217063989962 0.110100376411543 0.0470514429109159 0.0401505646173149 0.118255959849435 0.238393977415307 0 0.174090338770389
"podExp" 0.266624843161857 0.176286072772898 0.177540777917189 0.195420326223338 0.175658720200753 0.180050188205772 0.178481806775408 0.182559598494354 0.213613550815558 0.15495608531995 0.175972396486826 0.175031367628607 0.154642409033877 0.23306148055207 0.174090338770389 0
