"carIns" "cheAbi" "cheMyd" "chrPic" "cuoMcc" "derMaw" "emySub" "pelCas" "pelSin" "plaMeg" "podExp" "terMex"
"carIns" 0 0.177832919768404 0.0707196029776675 0.0723738626964433 0.2191894127378 0.0521091811414392 0.0521091811414392 0.0769230769230769 0.0955334987593052 0.0471464019851117 0.0785773366418528 0.0483870967741935
"cheAbi" 0.177832919768404 0 0.15550041356493 0.1712158808933 0.203060380479735 0.155086848635236 0.166253101736973 0.181141439205955 0.189412737799835 0.146401985111663 0.188172043010753 0.145988420181969
"cheMyd" 0.0707196029776675 0.15550041356493 0 0.0620347394540943 0.200578990901572 0.0450785773366419 0.0550041356492969 0.076509511993383 0.100082712985939 0.0334987593052109 0.0798180314309347 0.0347394540942928
"chrPic" 0.0723738626964433 0.1712158808933 0.0620347394540943 0 0.198097601323408 0.0496277915632754 0.0566583953680728 0.0814722911497105 0.105872622001654 0.0334987593052109 0.0843672456575682 0.0306038047973532
"cuoMcc" 0.2191894127378 0.203060380479735 0.200578990901572 0.198097601323408 0 0.19727047146402 0.210504549214227 0.223325062034739 0.238213399503722 0.190239867659222 0.231182795698925 0.191480562448304
"derMaw" 0.0521091811414392 0.155086848635236 0.0450785773366419 0.0496277915632754 0.19727047146402 0 0.0388751033912324 0.0612076095947064 0.087262200165426 0.0202646815550041 0.0645161290322581 0.0235732009925558
"emySub" 0.0521091811414392 0.166253101736973 0.0550041356492969 0.0566583953680728 0.210504549214227 0.0388751033912324 0 0.0488006617038875 0.0889164598842018 0.0289495450785773 0.0496277915632754 0.0318444995864351
"pelCas" 0.0769230769230769 0.181141439205955 0.076509511993383 0.0814722911497105 0.223325062034739 0.0612076095947064 0.0488006617038875 0 0.108767576509512 0.0537634408602151 0.0525227460711332 0.0562448304383788
"pelSin" 0.0955334987593052 0.189412737799835 0.100082712985939 0.105872622001654 0.238213399503722 0.087262200165426 0.0889164598842018 0.108767576509512 0 0.0810587262200165 0.10752688172043 0.0839536807278743
"plaMeg" 0.0471464019851117 0.146401985111663 0.0334987593052109 0.0334987593052109 0.190239867659222 0.0202646815550041 0.0289495450785773 0.0537634408602151 0.0810587262200165 0 0.0587262200165426 0.00620347394540943
"podExp" 0.0785773366418528 0.188172043010753 0.0798180314309347 0.0843672456575682 0.231182795698925 0.0645161290322581 0.0496277915632754 0.0525227460711332 0.10752688172043 0.0587262200165426 0 0.0595533498759305
"terMex" 0.0483870967741935 0.145988420181969 0.0347394540942928 0.0306038047973532 0.191480562448304 0.0235732009925558 0.0318444995864351 0.0562448304383788 0.0839536807278743 0.00620347394540943 0.0595533498759305 0
