"carIns" "cheAbi" "cheMyd" "cheSer" "chrPic" "cuoAmb" "cuoMcc" "derMaw" "emySub" "gopAga" "malTer" "mesTub" "pelCas" "pelSin" "plaMeg" "podExp" "terMex"
"carIns" 0 0.0787164015359298 0.120680197476687 0.0946242457487658 0.0732309380142622 0.0748765770707625 0.073779484366429 0.0803620405924301 0.0831047723532639 0.0746023038946791 0.0729566648381788 0.0929786066922655 0.156884256719693 0.0869445968184312 0.0721338453099287 0.108337904552935 0.0729566648381788
"cheAbi" 0.0787164015359298 0 0.0874931431705979 0.0565002742731761 0.0298957761930883 0.0216675809105869 0.015907844212836 0.0447065277015908 0.0565002742731761 0.0175534832693363 0.0290729566648382 0.0630828304991772 0.133571036752606 0.0704882062534284 0.0257816785518376 0.086121777290181 0.028250137136588
"cheMyd" 0.120680197476687 0.0874931431705979 0 0.105869445968184 0.0811848601206802 0.0831047723532639 0.0814591332967636 0.0910586944596818 0.106417992320351 0.0863960504662644 0.0806363137685134 0.112452002194185 0.152770159078442 0.116291826659353 0.0795392210641799 0.131651124520022 0.0798134942402633
"cheSer" 0.0946242457487658 0.0565002742731761 0.105869445968184 0 0.054306088864509 0.0515633571036753 0.0501919912232584 0.0611629182665935 0.0776193088315963 0.0545803620405924 0.0532089961601755 0.0855732309380143 0.153592978606692 0.0905101481075151 0.0518376302797586 0.106143719144268 0.052111903455842
"chrPic" 0.0732309380142622 0.0298957761930883 0.0811848601206802 0.054306088864509 0 0.0252331321996709 0.0227646736149205 0.03976961053209 0.057871640153593 0.0277015907844213 0.00905101481075151 0.0644541963795941 0.131925397696105 0.0666483817882611 0.0186505759736698 0.0858475041140976 0.013713658804169
"cuoAmb" 0.0748765770707625 0.0216675809105869 0.0831047723532639 0.0515633571036753 0.0252331321996709 0 0.0104223806911684 0.0403181568842567 0.0565002742731761 0.0222161272627537 0.023861766319254 0.0641799232035107 0.134393856280856 0.0671969281404279 0.0227646736149205 0.0852989577619309 0.0235874931431706
"cuoMcc" 0.073779484366429 0.015907844212836 0.0814591332967636 0.0501919912232584 0.0227646736149205 0.0104223806911684 0 0.03976961053209 0.0515633571036753 0.015907844212836 0.0219418540866703 0.0586944596818431 0.129182665935272 0.0641799232035107 0.0200219418540867 0.0792649478880965 0.0222161272627537
"derMaw" 0.0803620405924301 0.0447065277015908 0.0910586944596818 0.0611629182665935 0.03976961053209 0.0403181568842567 0.03976961053209 0 0.0704882062534284 0.0436094349972573 0.0422380691168404 0.0770707624794295 0.14289632473944 0.0746023038946791 0.0381239714755897 0.0927043335161821 0.0408667032364235
"emySub" 0.0831047723532639 0.0565002742731761 0.106417992320351 0.0776193088315963 0.057871640153593 0.0565002742731761 0.0515633571036753 0.0704882062534284 0 0.0567745474492595 0.0562260010970927 0.0351069665386725 0.122325836533187 0.0806363137685134 0.0540318156884257 0.0729566648381788 0.057871640153593
"gopAga" 0.0746023038946791 0.0175534832693363 0.0863960504662644 0.0545803620405924 0.0277015907844213 0.0222161272627537 0.015907844212836 0.0436094349972573 0.0567745474492595 0 0.0257816785518376 0.0619857377948437 0.131102578167855 0.070213933077345 0.0257816785518376 0.0828304991771805 0.0271530444322545
"malTer" 0.0729566648381788 0.0290729566648382 0.0806363137685134 0.0532089961601755 0.00905101481075151 0.023861766319254 0.0219418540866703 0.0422380691168404 0.0562260010970927 0.0257816785518376 0 0.0628085573230938 0.130005485463522 0.068019747668678 0.0175534832693363 0.083927591881514 0.0134393856280856
"mesTub" 0.0929786066922655 0.0630828304991772 0.112452002194185 0.0855732309380143 0.0644541963795941 0.0641799232035107 0.0586944596818431 0.0770707624794295 0.0351069665386725 0.0619857377948437 0.0628085573230938 0 0.126165660998354 0.0891387822270982 0.0630828304991772 0.0751508502468459 0.0644541963795941
"pelCas" 0.156884256719693 0.133571036752606 0.152770159078442 0.153592978606692 0.131925397696105 0.134393856280856 0.129182665935272 0.14289632473944 0.122325836533187 0.131102578167855 0.130005485463522 0.126165660998354 0 0.153044432254526 0.131925397696105 0.125342841470104 0.132199670872189
"pelSin" 0.0869445968184312 0.0704882062534284 0.116291826659353 0.0905101481075151 0.0666483817882611 0.0671969281404279 0.0641799232035107 0.0746023038946791 0.0806363137685134 0.070213933077345 0.068019747668678 0.0891387822270982 0.153044432254526 0 0.0652770159078442 0.107789358200768 0.0666483817882611
"plaMeg" 0.0721338453099287 0.0257816785518376 0.0795392210641799 0.0518376302797586 0.0186505759736698 0.0227646736149205 0.0200219418540867 0.0381239714755897 0.0540318156884257 0.0257816785518376 0.0175534832693363 0.0630828304991772 0.131925397696105 0.0652770159078442 0 0.0836533187054306 0.0164563905650027
"podExp" 0.108337904552935 0.086121777290181 0.131651124520022 0.106143719144268 0.0858475041140976 0.0852989577619309 0.0792649478880965 0.0927043335161821 0.0729566648381788 0.0828304991771805 0.083927591881514 0.0751508502468459 0.125342841470104 0.107789358200768 0.0836533187054306 0 0.0847504114097641
"terMex" 0.0729566648381788 0.028250137136588 0.0798134942402633 0.052111903455842 0.013713658804169 0.0235874931431706 0.0222161272627537 0.0408667032364235 0.057871640153593 0.0271530444322545 0.0134393856280856 0.0644541963795941 0.132199670872189 0.0666483817882611 0.0164563905650027 0.0847504114097641 0
