"carIns" "cheAbi" "cheMyd" "cheSer" "chrPic" "cuoAmb" "cuoMcc" "derCor" "derMaw" "emySub" "gopAga" "malTer" "mesTub" "pelCas" "pelSin" "plaMeg" "podExp"
"carIns" 0 0.0435859336305102 0.0460624071322437 0.0445765230312036 0.0401188707280832 0.0460624071322437 0.0465577018325904 0.0490341753343239 0.368994551758296 0.366518078256563 0.0470529965329371 0.359088657751362 0.364536899455176 0.067360079247152 0.0525012382367509 0.0435859336305102 0.067360079247152
"cheAbi" 0.0435859336305102 0 0.0208023774145617 0.0183259039128281 0.0104011887072808 0.0079247152055473 0.0108964834076275 0.0247647350173353 0.36849925705795 0.367013372956909 0.0113917781079742 0.359583952451709 0.364536899455176 0.0500247647350173 0.0445765230312036 0.0128776622090144 0.0525012382367509
"cheMyd" 0.0460624071322437 0.0208023774145617 0 0.0153541357107479 0.0138682516097078 0.0198117880138683 0.0212976721149084 0.0138682516097078 0.368994551758296 0.368003962357603 0.0232788509162952 0.361069836552749 0.366022783556216 0.0549777117384844 0.0480435859336305 0.016840019811788 0.0544824170381377
"cheSer" 0.0445765230312036 0.0183259039128281 0.0153541357107479 0 0.0123823675086677 0.0183259039128281 0.0198117880138683 0.0188211986131748 0.368994551758296 0.368003962357603 0.0217929668152551 0.360079247152055 0.365032194155523 0.0544824170381377 0.0440812283308569 0.0143635463100545 0.0515106488360575
"chrPic" 0.0401188707280832 0.0104011887072808 0.0138682516097078 0.0123823675086677 0 0.00941059930658742 0.0104011887072808 0.0198117880138683 0.369489846458643 0.366518078256563 0.011887072808321 0.361565131253096 0.364041604754829 0.050520059435364 0.0396235760277365 0.00445765230312036 0.0490341753343239
"cuoAmb" 0.0460624071322437 0.0079247152055473 0.0198117880138683 0.0183259039128281 0.00941059930658742 0 0.00297176820208024 0.0247647350173353 0.368003962357603 0.367013372956909 0.0104011887072808 0.362555720653789 0.363546310054482 0.0520059435364042 0.0465577018325904 0.011887072808321 0.0534918276374443
"cuoMcc" 0.0465577018325904 0.0108964834076275 0.0212976721149084 0.0198117880138683 0.0104011887072808 0.00297176820208024 0 0.0272412085190688 0.370480435859336 0.366518078256563 0.011887072808321 0.363546310054482 0.363051015354136 0.053987122337791 0.0480435859336305 0.0138682516097078 0.0559683011391778
"derCor" 0.0490341753343239 0.0247647350173353 0.0138682516097078 0.0188211986131748 0.0198117880138683 0.0247647350173353 0.0272412085190688 0 0.372461614660723 0.37147102526003 0.0272412085190688 0.363546310054482 0.370975730559683 0.0569588905398712 0.050520059435364 0.0227835562159485 0.0569588905398712
"derMaw" 0.368994551758296 0.36849925705795 0.368994551758296 0.368994551758296 0.369489846458643 0.368003962357603 0.370480435859336 0.372461614660723 0 0.0698365527488856 0.370480435859336 0.0465577018325904 0.0762753838533928 0.366022783556216 0.372461614660723 0.370480435859336 0.373452204061417
"emySub" 0.366518078256563 0.367013372956909 0.368003962357603 0.368003962357603 0.366518078256563 0.367013372956909 0.366518078256563 0.37147102526003 0.0698365527488856 0 0.367508667657256 0.070827142149579 0.0425953442298167 0.366022783556216 0.370480435859336 0.367508667657256 0.370480435859336
"gopAga" 0.0470529965329371 0.0113917781079742 0.0232788509162952 0.0217929668152551 0.011887072808321 0.0104011887072808 0.011887072808321 0.0272412085190688 0.370480435859336 0.367508667657256 0 0.364536899455176 0.363546310054482 0.053987122337791 0.0490341753343239 0.0153541357107479 0.0554730064388311
"malTer" 0.359088657751362 0.359583952451709 0.361069836552749 0.360079247152055 0.361565131253096 0.362555720653789 0.363546310054482 0.363546310054482 0.0465577018325904 0.070827142149579 0.364536899455176 0 0.0713224368499257 0.358098068350669 0.363051015354136 0.363051015354136 0.365527488855869
"mesTub" 0.364536899455176 0.364536899455176 0.366022783556216 0.365032194155523 0.364041604754829 0.363546310054482 0.363051015354136 0.370975730559683 0.0762753838533928 0.0425953442298167 0.363546310054482 0.0713224368499257 0 0.362555720653789 0.36849925705795 0.365032194155523 0.368003962357603
"pelCas" 0.067360079247152 0.0500247647350173 0.0549777117384844 0.0544824170381377 0.050520059435364 0.0520059435364042 0.053987122337791 0.0569588905398712 0.366022783556216 0.366022783556216 0.053987122337791 0.358098068350669 0.362555720653789 0 0.0713224368499257 0.0534918276374443 0.0510153541357107
"pelSin" 0.0525012382367509 0.0445765230312036 0.0480435859336305 0.0440812283308569 0.0396235760277365 0.0465577018325904 0.0480435859336305 0.050520059435364 0.372461614660723 0.370480435859336 0.0490341753343239 0.363051015354136 0.36849925705795 0.0713224368499257 0 0.0430906389301634 0.0663694898464586
"plaMeg" 0.0435859336305102 0.0128776622090144 0.016840019811788 0.0143635463100545 0.00445765230312036 0.011887072808321 0.0138682516097078 0.0227835562159485 0.370480435859336 0.367508667657256 0.0153541357107479 0.363051015354136 0.365032194155523 0.0534918276374443 0.0430906389301634 0 0.050520059435364
"podExp" 0.067360079247152 0.0525012382367509 0.0544824170381377 0.0515106488360575 0.0490341753343239 0.0534918276374443 0.0559683011391778 0.0569588905398712 0.373452204061417 0.370480435859336 0.0554730064388311 0.365527488855869 0.368003962357603 0.0510153541357107 0.0663694898464586 0.050520059435364 0
