"carIns" "cheAbi" "cheMyd" "cheSer" "chrPic" "cuoAmb" "derCor" "derMaw" "emySub" "gopAga" "malTer" "mesTub" "pelCas" "pelSin" "plaMeg" "podExp" "terMex"
"carIns" 0 0.0609874152952565 0.0595353339787028 0.0634075508228461 0.0716360116166505 0.0595353339787028 0.0590513068731849 0.0682478218780252 0.0861568247821878 0.0609874152952565 0.0721200387221684 0.079864472410455 0.0880929332042594 0.0629235237173282 0.0571151984511133 0.0842207163601162 0.0575992255566312
"cheAbi" 0.0609874152952565 0 0.026621490803485 0.0295256534365924 0.0382381413359148 0.0169409486931268 0.0246853823814134 0.031945788964182 0.0575992255566312 0.0116166505324298 0.0367860600193611 0.0537270087124879 0.0624394966118103 0.0522749273959342 0.021297192642788 0.0653436592449177 0.021297192642788
"cheMyd" 0.0595353339787028 0.026621490803485 0 0.0275895450145208 0.0387221684414327 0.0261374636979671 0.0145208131655373 0.031945788964182 0.0614714424007744 0.0261374636979671 0.0392061955469506 0.0590513068731849 0.0600193610842207 0.0537270087124879 0.0217812197483059 0.0634075508228461 0.0217812197483059
"cheSer" 0.0634075508228461 0.0295256534365924 0.0275895450145208 0 0.042594385285576 0.0280735721200387 0.0285575992255566 0.0358180058083253 0.0629235237173282 0.0290416263310745 0.0421103581800581 0.0609874152952565 0.063891577928364 0.0527589545014521 0.0251694094869313 0.0672797676669894 0.0256534365924492
"chrPic" 0.0716360116166505 0.0382381413359148 0.0387221684414327 0.042594385285576 0 0.0348499515972895 0.0377541142303969 0.0421103581800581 0.0726040658276863 0.0377541142303969 0.005324298160697 0.0716360116166505 0.0759922555663117 0.0677637947725073 0.0275895450145208 0.0759922555663117 0.0237173281703775
"cuoAmb" 0.0595353339787028 0.0169409486931268 0.0261374636979671 0.0280735721200387 0.0348499515972895 0 0.0251694094869313 0.0304937076476283 0.0566311713455954 0.015972894482091 0.0353339787028074 0.0542110358180058 0.0624394966118103 0.0556631171345595 0.0193610842207164 0.0648596321393998 0.0183930300096805
"derCor" 0.0590513068731849 0.0246853823814134 0.0145208131655373 0.0285575992255566 0.0377541142303969 0.0251694094869313 0 0.031945788964182 0.0595353339787028 0.0242013552758954 0.0382381413359148 0.0561471442400774 0.0609874152952565 0.05324298160697 0.0227492739593417 0.0634075508228461 0.0217812197483059
"derMaw" 0.0682478218780252 0.031945788964182 0.031945788964182 0.0358180058083253 0.0421103581800581 0.0304937076476283 0.031945788964182 0 0.0624394966118103 0.0314617618586641 0.0406582768635044 0.0614714424007744 0.063891577928364 0.0580832526621491 0.0271055179090029 0.0672797676669894 0.0271055179090029
"emySub" 0.0861568247821878 0.0575992255566312 0.0614714424007744 0.0629235237173282 0.0726040658276863 0.0566311713455954 0.0595353339787028 0.0624394966118103 0 0.0571151984511133 0.0716360116166505 0.0387221684414327 0.0648596321393998 0.0764762826718296 0.0546950629235237 0.0663117134559535 0.0542110358180058
"gopAga" 0.0609874152952565 0.0116166505324298 0.0261374636979671 0.0290416263310745 0.0377541142303969 0.015972894482091 0.0242013552758954 0.0314617618586641 0.0571151984511133 0 0.037270087124879 0.0537270087124879 0.063891577928364 0.05324298160697 0.0188770571151985 0.0653436592449177 0.0198451113262343
"malTer" 0.0721200387221684 0.0367860600193611 0.0392061955469506 0.0421103581800581 0.005324298160697 0.0353339787028074 0.0382381413359148 0.0406582768635044 0.0716360116166505 0.037270087124879 0 0.0701839303000968 0.0755082284607938 0.0672797676669894 0.0280735721200387 0.0764762826718296 0.0242013552758954
"mesTub" 0.079864472410455 0.0537270087124879 0.0590513068731849 0.0609874152952565 0.0716360116166505 0.0542110358180058 0.0561471442400774 0.0614714424007744 0.0387221684414327 0.0537270087124879 0.0701839303000968 0 0.0609874152952565 0.0726040658276863 0.0537270087124879 0.0619554695062924 0.0522749273959342
"pelCas" 0.0880929332042594 0.0624394966118103 0.0600193610842207 0.063891577928364 0.0759922555663117 0.0624394966118103 0.0609874152952565 0.063891577928364 0.0648596321393998 0.063891577928364 0.0755082284607938 0.0609874152952565 0 0.0793804453049371 0.0619554695062924 0.047918683446273 0.0614714424007744
"pelSin" 0.0629235237173282 0.0522749273959342 0.0537270087124879 0.0527589545014521 0.0677637947725073 0.0556631171345595 0.05324298160697 0.0580832526621491 0.0764762826718296 0.05324298160697 0.0672797676669894 0.0726040658276863 0.0793804453049371 0 0.0484027105517909 0.0793804453049371 0.0508228460793804
"plaMeg" 0.0571151984511133 0.021297192642788 0.0217812197483059 0.0251694094869313 0.0275895450145208 0.0193610842207164 0.0227492739593417 0.0271055179090029 0.0546950629235237 0.0188770571151985 0.0280735721200387 0.0537270087124879 0.0619554695062924 0.0484027105517909 0 0.0595353339787028 0.00774443368828654
"podExp" 0.0842207163601162 0.0653436592449177 0.0634075508228461 0.0672797676669894 0.0759922555663117 0.0648596321393998 0.0634075508228461 0.0672797676669894 0.0663117134559535 0.0653436592449177 0.0764762826718296 0.0619554695062924 0.047918683446273 0.0793804453049371 0.0595353339787028 0 0.058567279767667
"terMex" 0.0575992255566312 0.021297192642788 0.0217812197483059 0.0256534365924492 0.0237173281703775 0.0183930300096805 0.0217812197483059 0.0271055179090029 0.0542110358180058 0.0198451113262343 0.0242013552758954 0.0522749273959342 0.0614714424007744 0.0508228460793804 0.00774443368828654 0.058567279767667 0
