"carIns" "cheAbi" "cheMyd" "cheSer" "chrPic" "cuoAmb" "cuoMcc" "derCor" "derMaw" "emySub" "gopAga" "malTer" "mesTub" "pelCas" "pelSin" "plaMeg" "podExp" "terMex"
"carIns" 0 0.129090909090909 0.116969696969697 0.116363636363636 0.120606060606061 0.124242424242424 0.121212121212121 0.128484848484848 0.148484848484848 0.141818181818182 0.132121212121212 0.121818181818182 0.147878787878788 0.161818181818182 0.278787878787879 0.116363636363636 0.16969696969697 0.117575757575758
"cheAbi" 0.129090909090909 0 0.0545454545454545 0.0436363636363636 0.0387878787878788 0.0278787878787879 0.0242424242424242 0.0612121212121212 0.0812121212121212 0.1 0.0266666666666667 0.0412121212121212 0.104848484848485 0.125454545454545 0.275757575757576 0.0284848484848485 0.124848484848485 0.0345454545454545
"cheMyd" 0.116969696969697 0.0545454545454545 0 0.0381818181818182 0.0478787878787879 0.0490909090909091 0.0448484848484848 0.0321212121212121 0.0757575757575758 0.0939393939393939 0.0593939393939394 0.0484848484848485 0.102424242424242 0.114545454545455 0.272727272727273 0.043030303030303 0.123030303030303 0.043030303030303
"cheSer" 0.116363636363636 0.0436363636363636 0.0381818181818182 0 0.036969696969697 0.04 0.0357575757575758 0.0442424242424242 0.0636363636363636 0.0854545454545454 0.0484848484848485 0.0387878787878788 0.0927272727272727 0.107878787878788 0.267878787878788 0.0309090909090909 0.114545454545455 0.0321212121212121
"chrPic" 0.120606060606061 0.0387878787878788 0.0478787878787879 0.036969696969697 0 0.0363636363636364 0.0303030303030303 0.0545454545454545 0.0721212121212121 0.0921212121212121 0.0442424242424242 0.0103030303030303 0.0993939393939394 0.114545454545455 0.270909090909091 0.0266666666666667 0.12 0.0206060606060606
"cuoAmb" 0.124242424242424 0.0278787878787879 0.0490909090909091 0.04 0.0363636363636364 0 0.0103030303030303 0.056969696969697 0.0781818181818182 0.0927272727272727 0.0315151515151515 0.0387878787878788 0.096969696969697 0.118181818181818 0.26969696969697 0.0272727272727273 0.121212121212121 0.0321212121212121
"cuoMcc" 0.121212121212121 0.0242424242424242 0.0448484848484848 0.0357575757575758 0.0303030303030303 0.0103030303030303 0 0.0527272727272727 0.0739393939393939 0.0903030303030303 0.0290909090909091 0.0321212121212121 0.0957575757575758 0.117575757575758 0.267272727272727 0.0218181818181818 0.121212121212121 0.0254545454545455
"derCor" 0.128484848484848 0.0612121212121212 0.0321212121212121 0.0442424242424242 0.0545454545454545 0.056969696969697 0.0527272727272727 0 0.0812121212121212 0.103636363636364 0.0612121212121212 0.0551515151515152 0.112727272727273 0.121818181818182 0.278787878787879 0.0496969696969697 0.130909090909091 0.0509090909090909
"derMaw" 0.148484848484848 0.0812121212121212 0.0757575757575758 0.0636363636363636 0.0721212121212121 0.0781818181818182 0.0739393939393939 0.0812121212121212 0 0.119393939393939 0.0872727272727273 0.0739393939393939 0.127272727272727 0.136969696969697 0.286666666666667 0.0690909090909091 0.141818181818182 0.0696969696969697
"emySub" 0.141818181818182 0.1 0.0939393939393939 0.0854545454545454 0.0921212121212121 0.0927272727272727 0.0903030303030303 0.103636363636364 0.119393939393939 0 0.100606060606061 0.0945454545454545 0.0557575757575758 0.0987878787878788 0.291515151515152 0.0824242424242424 0.106666666666667 0.0872727272727273
"gopAga" 0.132121212121212 0.0266666666666667 0.0593939393939394 0.0484848484848485 0.0442424242424242 0.0315151515151515 0.0290909090909091 0.0612121212121212 0.0872727272727273 0.100606060606061 0 0.0460606060606061 0.104242424242424 0.124242424242424 0.281818181818182 0.0345454545454545 0.13030303030303 0.0393939393939394
"malTer" 0.121818181818182 0.0412121212121212 0.0484848484848485 0.0387878787878788 0.0103030303030303 0.0387878787878788 0.0321212121212121 0.0551515151515152 0.0739393939393939 0.0945454545454545 0.0460606060606061 0 0.101212121212121 0.114545454545455 0.273939393939394 0.0284848484848485 0.12 0.0224242424242424
"mesTub" 0.147878787878788 0.104848484848485 0.102424242424242 0.0927272727272727 0.0993939393939394 0.096969696969697 0.0957575757575758 0.112727272727273 0.127272727272727 0.0557575757575758 0.104242424242424 0.101212121212121 0 0.107272727272727 0.297575757575758 0.0921212121212121 0.112121212121212 0.0945454545454545
"pelCas" 0.161818181818182 0.125454545454545 0.114545454545455 0.107878787878788 0.114545454545455 0.118181818181818 0.117575757575758 0.121818181818182 0.136969696969697 0.0987878787878788 0.124242424242424 0.114545454545455 0.107272727272727 0 0.309090909090909 0.113333333333333 0.0951515151515152 0.113939393939394
"pelSin" 0.278787878787879 0.275757575757576 0.272727272727273 0.267878787878788 0.270909090909091 0.26969696969697 0.267272727272727 0.278787878787879 0.286666666666667 0.291515151515152 0.281818181818182 0.273939393939394 0.297575757575758 0.309090909090909 0 0.267878787878788 0.312727272727273 0.266060606060606
"plaMeg" 0.116363636363636 0.0284848484848485 0.043030303030303 0.0309090909090909 0.0266666666666667 0.0272727272727273 0.0218181818181818 0.0496969696969697 0.0690909090909091 0.0824242424242424 0.0345454545454545 0.0284848484848485 0.0921212121212121 0.113333333333333 0.267878787878788 0 0.117575757575758 0.0218181818181818
"podExp" 0.16969696969697 0.124848484848485 0.123030303030303 0.114545454545455 0.12 0.121212121212121 0.121212121212121 0.130909090909091 0.141818181818182 0.106666666666667 0.13030303030303 0.12 0.112121212121212 0.0951515151515152 0.312727272727273 0.117575757575758 0 0.118787878787879
"terMex" 0.117575757575758 0.0345454545454545 0.043030303030303 0.0321212121212121 0.0206060606060606 0.0321212121212121 0.0254545454545455 0.0509090909090909 0.0696969696969697 0.0872727272727273 0.0393939393939394 0.0224242424242424 0.0945454545454545 0.113939393939394 0.266060606060606 0.0218181818181818 0.118787878787879 0
