"carIns" "cheAbi" "cheMyd" "cheSer" "chrPic" "derMaw" "emySub" "gopAga" "mesTub" "pelCas" "pelSin" "plaMeg" "terMex"
"carIns" 0 0.0537634408602151 0.0520656479909451 0.0531975099037917 0.0464063384267119 0.0514997170345218 0.0718732314657612 0.0565930956423316 0.0690435766836446 0.0718732314657612 0.0577249575551783 0.0458404074702886 0.0469722693831353
"cheAbi" 0.0537634408602151 0 0.0299943406904358 0.0288624787775891 0.021505376344086 0.0288624787775891 0.0588568194680249 0.0198075834748161 0.0577249575551783 0.0616864742501415 0.0526315789473684 0.0203735144312394 0.0198075834748161
"cheMyd" 0.0520656479909451 0.0299943406904358 0 0.0277306168647425 0.0249009620826259 0.0305602716468591 0.0611205432937182 0.0367855121675156 0.0577249575551783 0.0582908885116016 0.0520656479909451 0.023203169213356 0.0237691001697793
"cheSer" 0.0531975099037917 0.0288624787775891 0.0277306168647425 0 0.0226372382569327 0.0277306168647425 0.0514997170345218 0.0356536502546689 0.0548953027730617 0.0565930956423316 0.0520656479909451 0.0192416525183928 0.0186757215619694
"chrPic" 0.0464063384267119 0.021505376344086 0.0249009620826259 0.0226372382569327 0 0.0220713073005093 0.0492359932088285 0.0243350311262026 0.0469722693831353 0.0520656479909451 0.044708545557442 0.0118845500848896 0.0067911714770798
"derMaw" 0.0514997170345218 0.0288624787775891 0.0305602716468591 0.0277306168647425 0.0220713073005093 0 0.0548953027730617 0.0350877192982456 0.0531975099037917 0.0588568194680249 0.0503678551216752 0.0237691001697793 0.0220713073005093
"emySub" 0.0718732314657612 0.0588568194680249 0.0611205432937182 0.0514997170345218 0.0492359932088285 0.0548953027730617 0 0.0633842671194114 0.0333899264289757 0.0548953027730617 0.0696095076400679 0.0514997170345218 0.0498019241652518
"gopAga" 0.0565930956423316 0.0198075834748161 0.0367855121675156 0.0356536502546689 0.0243350311262026 0.0350877192982456 0.0633842671194114 0 0.0605546123372949 0.066213921901528 0.0577249575551783 0.0249009620826259 0.0237691001697793
"mesTub" 0.0690435766836446 0.0577249575551783 0.0577249575551783 0.0548953027730617 0.0469722693831353 0.0531975099037917 0.0333899264289757 0.0605546123372949 0 0.0565930956423316 0.0656479909451047 0.0464063384267119 0.044708545557442
"pelCas" 0.0718732314657612 0.0616864742501415 0.0582908885116016 0.0565930956423316 0.0520656479909451 0.0588568194680249 0.0548953027730617 0.066213921901528 0.0565930956423316 0 0.0667798528579513 0.0503678551216752 0.0498019241652518
"pelSin" 0.0577249575551783 0.0526315789473684 0.0520656479909451 0.0520656479909451 0.044708545557442 0.0503678551216752 0.0696095076400679 0.0577249575551783 0.0656479909451047 0.0667798528579513 0 0.0464063384267119 0.0435766836445954
"plaMeg" 0.0458404074702886 0.0203735144312394 0.023203169213356 0.0192416525183928 0.0118845500848896 0.0237691001697793 0.0514997170345218 0.0249009620826259 0.0464063384267119 0.0503678551216752 0.0464063384267119 0 0.00735710243350311
"terMex" 0.0469722693831353 0.0198075834748161 0.0237691001697793 0.0186757215619694 0.0067911714770798 0.0220713073005093 0.0498019241652518 0.0237691001697793 0.044708545557442 0.0498019241652518 0.0435766836445954 0.00735710243350311 0
