"cheAbi" "cheMyd" "cheSer" "chrPic" "cuoMcc" "derCor" "derMaw" "emySub" "gopAga" "malTer" "mesTub" "pelCas" "pelSin" "plaMeg" "podExp"
"cheAbi" 0 0.0619930475086906 0.0579374275782155 0.0347624565469293 0.0828505214368482 0.15063731170336 0.0602549246813441 0.0689455388180765 0.0405561993047509 0.0440324449594438 0.109501738122827 0.0787949015063731 0.093279258400927 0.0382387022016222 0.134994206257242
"cheMyd" 0.0619930475086906 0 0.0278099652375435 0.0550405561993048 0.06720741599073 0.159907300115875 0.0689455388180765 0.0735805330243337 0.0695249130938586 0.0637311703360371 0.0805330243337196 0.0544611819235226 0.0660486674391657 0.0561993047508691 0.111239860950174
"cheSer" 0.0579374275782155 0.0278099652375435 0 0.0498261877172654 0.0614136732329085 0.158169177288528 0.0614136732329085 0.078215527230591 0.0643105446118192 0.0561993047508691 0.0799536500579374 0.0469293163383546 0.0654692931633835 0.048667439165701 0.103128621089224
"chrPic" 0.0347624565469293 0.0550405561993048 0.0498261877172654 0 0.0816917728852839 0.150057937427578 0.052143684820394 0.0625724217844728 0.0463499420625724 0.0220162224797219 0.101969872537659 0.0712630359212051 0.0898030127462341 0.0272305909617613 0.128621089223638
"cuoMcc" 0.0828505214368482 0.06720741599073 0.0614136732329085 0.0816917728852839 0 0.195249130938586 0.102549246813441 0.114716106604867 0.0874855156431054 0.0892236384704519 0.116454229432213 0.085747392815759 0.107763615295481 0.0811123986095017 0.145422943221321
"derCor" 0.15063731170336 0.159907300115875 0.158169177288528 0.150057937427578 0.195249130938586 0 0.152954808806489 0.165701042873696 0.1558516801854 0.149478563151796 0.209154113557358 0.18018539976825 0.19351100811124 0.146002317497103 0.226535341830823
"derMaw" 0.0602549246813441 0.0689455388180765 0.0614136732329085 0.052143684820394 0.102549246813441 0.152954808806489 0 0.0764774044032445 0.06720741599073 0.052143684820394 0.116454229432213 0.0845886442641947 0.0990730011587485 0.0538818076477404 0.136732329084589
"emySub" 0.0689455388180765 0.0735805330243337 0.078215527230591 0.0625724217844728 0.114716106604867 0.165701042873696 0.0764774044032445 0 0.078215527230591 0.0677867902665122 0.0903823870220162 0.0741599073001159 0.101390498261877 0.0683661645422943 0.126882966396292
"gopAga" 0.0405561993047509 0.0695249130938586 0.0643105446118192 0.0463499420625724 0.0874855156431054 0.1558516801854 0.06720741599073 0.078215527230591 0 0.0498261877172654 0.119351100811124 0.0898030127462341 0.103128621089224 0.0440324449594438 0.144843568945539
"malTer" 0.0440324449594438 0.0637311703360371 0.0561993047508691 0.0220162224797219 0.0892236384704519 0.149478563151796 0.052143684820394 0.0677867902665122 0.0498261877172654 0 0.109501738122827 0.078215527230591 0.0944380069524913 0.0370799536500579 0.133835457705678
"mesTub" 0.109501738122827 0.0805330243337196 0.0799536500579374 0.101969872537659 0.116454229432213 0.209154113557358 0.116454229432213 0.0903823870220162 0.119351100811124 0.109501738122827 0 0.0764774044032445 0.115874855156431 0.103128621089224 0.0984936268829664
"pelCas" 0.0787949015063731 0.0544611819235226 0.0469293163383546 0.0712630359212051 0.085747392815759 0.18018539976825 0.0845886442641947 0.0741599073001159 0.0898030127462341 0.078215527230591 0.0764774044032445 0 0.082271147161066 0.0712630359212051 0.0892236384704519
"pelSin" 0.093279258400927 0.0660486674391657 0.0654692931633835 0.0898030127462341 0.107763615295481 0.19351100811124 0.0990730011587485 0.101390498261877 0.103128621089224 0.0944380069524913 0.115874855156431 0.082271147161066 0 0.0840092699884125 0.137311703360371
"plaMeg" 0.0382387022016222 0.0561993047508691 0.048667439165701 0.0272305909617613 0.0811123986095017 0.146002317497103 0.0538818076477404 0.0683661645422943 0.0440324449594438 0.0370799536500579 0.103128621089224 0.0712630359212051 0.0840092699884125 0 0.128041714947856
"podExp" 0.134994206257242 0.111239860950174 0.103128621089224 0.128621089223638 0.145422943221321 0.226535341830823 0.136732329084589 0.126882966396292 0.144843568945539 0.133835457705678 0.0984936268829664 0.0892236384704519 0.137311703360371 0.128041714947856 0
