"carIns" "cheAbi" "cheMyd" "cheSer" "chrPic" "cuoMcc" "derMaw" "emySub" "gopAga" "malTer" "mesTub" "pelCas" "pelSin" "plaMeg" "podExp" "terMex"
"carIns" 0 0.101063829787234 0.0904255319148936 0.0824468085106383 0.0835106382978723 0.0819148936170213 0.0904255319148936 0.0941489361702128 0.0861702127659574 0.1 0.0957446808510638 0.107446808510638 0.0968085106382979 0.0787234042553192 0.0962765957446809 0.0824468085106383
"cheAbi" 0.101063829787234 0 0.0675531914893617 0.0579787234042553 0.0547872340425532 0.0382978723404255 0.0691489361702128 0.0856382978723404 0.0404255319148936 0.0734042553191489 0.0893617021276596 0.107978723404255 0.0978723404255319 0.050531914893617 0.0973404255319149 0.0515957446808511
"cheMyd" 0.0904255319148936 0.0675531914893617 0 0.0388297872340426 0.0372340425531915 0.0367021276595745 0.0515957446808511 0.0659574468085106 0.0462765957446808 0.0579787234042553 0.0702127659574468 0.0904255319148936 0.0845744680851064 0.0319148936170213 0.0824468085106383 0.0324468085106383
"cheSer" 0.0824468085106383 0.0579787234042553 0.0388297872340426 0 0.0313829787234043 0.0281914893617021 0.0356382978723404 0.0622340425531915 0.0367021276595745 0.0521276595744681 0.0680851063829787 0.0877659574468085 0.075 0.025531914893617 0.073936170212766 0.0271276595744681
"chrPic" 0.0835106382978723 0.0547872340425532 0.0372340425531915 0.0313829787234043 0 0.0228723404255319 0.0404255319148936 0.0627659574468085 0.0324468085106383 0.0292553191489362 0.0654255319148936 0.0872340425531915 0.076063829787234 0.0186170212765957 0.075 0.0127659574468085
"cuoMcc" 0.0819148936170213 0.0382978723404255 0.0367021276595745 0.0281914893617021 0.0228723404255319 0 0.0372340425531915 0.0590425531914894 0.0164893617021277 0.0425531914893617 0.0632978723404255 0.0856382978723404 0.073936170212766 0.0186170212765957 0.0728723404255319 0.0196808510638298
"derMaw" 0.0904255319148936 0.0691489361702128 0.0515957446808511 0.0356382978723404 0.0404255319148936 0.0372340425531915 0 0.0718085106382979 0.0457446808510638 0.0590425531914894 0.076063829787234 0.0930851063829787 0.0835106382978723 0.0377659574468085 0.0856382978723404 0.0393617021276596
"emySub" 0.0941489361702128 0.0856382978723404 0.0659574468085106 0.0622340425531915 0.0627659574468085 0.0590425531914894 0.0718085106382979 0 0.0643617021276596 0.0808510638297872 0.0351063829787234 0.075 0.0882978723404255 0.0558510638297872 0.0675531914893617 0.0595744680851064
"gopAga" 0.0861702127659574 0.0404255319148936 0.0462765957446808 0.0367021276595745 0.0324468085106383 0.0164893617021277 0.0457446808510638 0.0643617021276596 0 0.0515957446808511 0.0691489361702128 0.0941489361702128 0.0797872340425532 0.0281914893617021 0.0781914893617021 0.0292553191489362
"malTer" 0.1 0.0734042553191489 0.0579787234042553 0.0521276595744681 0.0292553191489362 0.0425531914893617 0.0590425531914894 0.0808510638297872 0.0515957446808511 0 0.0856382978723404 0.103191489361702 0.0925531914893617 0.0382978723404255 0.0904255319148936 0.0335106382978723
"mesTub" 0.0957446808510638 0.0893617021276596 0.0702127659574468 0.0680851063829787 0.0654255319148936 0.0632978723404255 0.076063829787234 0.0351063829787234 0.0691489361702128 0.0856382978723404 0 0.0813829787234043 0.0914893617021277 0.0606382978723404 0.0712765957446809 0.0643617021276596
"pelCas" 0.107446808510638 0.107978723404255 0.0904255319148936 0.0877659574468085 0.0872340425531915 0.0856382978723404 0.0930851063829787 0.075 0.0941489361702128 0.103191489361702 0.0813829787234043 0 0.109574468085106 0.0813829787234043 0.0707446808510638 0.0840425531914894
"pelSin" 0.0968085106382979 0.0978723404255319 0.0845744680851064 0.075 0.076063829787234 0.073936170212766 0.0835106382978723 0.0882978723404255 0.0797872340425532 0.0925531914893617 0.0914893617021277 0.109574468085106 0 0.0723404255319149 0.0978723404255319 0.0702127659574468
"plaMeg" 0.0787234042553192 0.050531914893617 0.0319148936170213 0.025531914893617 0.0186170212765957 0.0186170212765957 0.0377659574468085 0.0558510638297872 0.0281914893617021 0.0382978723404255 0.0606382978723404 0.0813829787234043 0.0723404255319149 0 0.0702127659574468 0.0143617021276596
"podExp" 0.0962765957446809 0.0973404255319149 0.0824468085106383 0.073936170212766 0.075 0.0728723404255319 0.0856382978723404 0.0675531914893617 0.0781914893617021 0.0904255319148936 0.0712765957446809 0.0707446808510638 0.0978723404255319 0.0702127659574468 0 0.0728723404255319
"terMex" 0.0824468085106383 0.0515957446808511 0.0324468085106383 0.0271276595744681 0.0127659574468085 0.0196808510638298 0.0393617021276596 0.0595744680851064 0.0292553191489362 0.0335106382978723 0.0643617021276596 0.0840425531914894 0.0702127659574468 0.0143617021276596 0.0728723404255319 0
