"carIns" "cheAbi" "cheMyd" "cheSer" "cuoAmb" "cuoMcc" "derCor" "derMaw" "emySub" "gopAga" "malTer" "mesTub" "pelCas" "pelSin" "plaMeg" "terMex"
"carIns" 0 0.0726653420380358 0.0732330400227079 0.0723814930456997 0.0720976440533636 0.0718137950610275 0.0703945500993471 0.0763553789384048 0.0766392279307408 0.0757876809537326 0.0706783990916832 0.0794777178541016 0.0891285835935282 0.0857223956854953 0.118932727788816 0.0689753051376668
"cheAbi" 0.0726653420380358 0 0.0388873119500426 0.0351972750496736 0.0212886744252058 0.022140221402214 0.033210332103321 0.0428611978427477 0.058756741413568 0.0153278455861482 0.025830258302583 0.0627306273062731 0.0743684359920522 0.0780584728924212 0.0837354527391428 0.0241271643485666
"cheMyd" 0.0732330400227079 0.0388873119500426 0 0.0337780300879932 0.0377519159806983 0.0371842179960261 0.0195855804711893 0.0388873119500426 0.0564859494748794 0.0411581038887312 0.0326426341186489 0.058756741413568 0.073516889015044 0.0780584728924212 0.0896962815782004 0.0300879931876242
"cheSer" 0.0723814930456997 0.0351972750496736 0.0337780300879932 0 0.0337780300879932 0.0323587851263128 0.0281010502412716 0.033210332103321 0.0533636105591825 0.0380357649730343 0.0281010502412716 0.0584728924212319 0.0681237581606585 0.0763553789384048 0.084586999716151 0.0246948623332387
"cuoAmb" 0.0720976440533636 0.0212886744252058 0.0377519159806983 0.0337780300879932 0 0.00567697984672154 0.0323587851263128 0.0414419528810673 0.0573374964518876 0.0241271643485666 0.0212886744252058 0.0610275333522566 0.0729491910303718 0.0743684359920522 0.084586999716151 0.0238433153562305
"cuoMcc" 0.0718137950610275 0.022140221402214 0.0371842179960261 0.0323587851263128 0.00567697984672154 0 0.0323587851263128 0.0420096508657394 0.0559182514902072 0.0244110133409026 0.0218563724098779 0.0610275333522566 0.073516889015044 0.0740845869997162 0.0840193017314789 0.0227079193868862
"derCor" 0.0703945500993471 0.033210332103321 0.0195855804711893 0.0281010502412716 0.0323587851263128 0.0323587851263128 0 0.0337780300879932 0.0525120635821743 0.0351972750496736 0.0269656542719273 0.0570536474595515 0.0695430031223389 0.0746522849843883 0.0848708487084871 0.025830258302583
"derMaw" 0.0763553789384048 0.0428611978427477 0.0388873119500426 0.033210332103321 0.0414419528810673 0.0420096508657394 0.0337780300879932 0 0.0581890434288958 0.0448481407891002 0.0343457280726653 0.0630144762986091 0.0729491910303718 0.0800454158387738 0.0894124325858643 0.032926483110985
"emySub" 0.0766392279307408 0.058756741413568 0.0564859494748794 0.0533636105591825 0.0573374964518876 0.0559182514902072 0.0525120635821743 0.0581890434288958 0 0.0607436843599205 0.0536474595515186 0.0351972750496736 0.0615952313369288 0.0811808118081181 0.102469486233324 0.0508089696281578
"gopAga" 0.0757876809537326 0.0153278455861482 0.0411581038887312 0.0380357649730343 0.0241271643485666 0.0244110133409026 0.0351972750496736 0.0448481407891002 0.0607436843599205 0 0.0281010502412716 0.062446778313937 0.0760715299460687 0.0757876809537326 0.0862900936701675 0.025830258302583
"malTer" 0.0706783990916832 0.025830258302583 0.0326426341186489 0.0281010502412716 0.0212886744252058 0.0218563724098779 0.0269656542719273 0.0343457280726653 0.0536474595515186 0.0281010502412716 0 0.0570536474595515 0.0692591541300028 0.069826852114675 0.0774907749077491 0.0105024127164349
"mesTub" 0.0794777178541016 0.0627306273062731 0.058756741413568 0.0584728924212319 0.0610275333522566 0.0610275333522566 0.0570536474595515 0.0630144762986091 0.0351972750496736 0.062446778313937 0.0570536474595515 0 0.0632983252909452 0.0817485097927902 0.107294919103037 0.0559182514902072
"pelCas" 0.0891285835935282 0.0743684359920522 0.073516889015044 0.0681237581606585 0.0729491910303718 0.073516889015044 0.0695430031223389 0.0729491910303718 0.0615952313369288 0.0760715299460687 0.0692591541300028 0.0632983252909452 0 0.095373261424922 0.119784274765825 0.0681237581606585
"pelSin" 0.0857223956854953 0.0780584728924212 0.0780584728924212 0.0763553789384048 0.0743684359920522 0.0740845869997162 0.0746522849843883 0.0800454158387738 0.0811808118081181 0.0757876809537326 0.069826852114675 0.0817485097927902 0.095373261424922 0 0.122338915696849 0.0709622480840193
"plaMeg" 0.118932727788816 0.0837354527391428 0.0896962815782004 0.084586999716151 0.084586999716151 0.0840193017314789 0.0848708487084871 0.0894124325858643 0.102469486233324 0.0862900936701675 0.0774907749077491 0.107294919103037 0.119784274765825 0.122338915696849 0 0.0755038319613965
"terMex" 0.0689753051376668 0.0241271643485666 0.0300879931876242 0.0246948623332387 0.0238433153562305 0.0227079193868862 0.025830258302583 0.032926483110985 0.0508089696281578 0.025830258302583 0.0105024127164349 0.0559182514902072 0.0681237581606585 0.0709622480840193 0.0755038319613965 0
