"carIns" "cheAbi" "cheMyd" "cheSer" "cuoMcc" "derCor" "derMaw" "gopAga" "mesTub" "pelCas" "pelSin" "podExp"
"carIns" 0 0.0595419847328244 0.0692111959287532 0.0585241730279898 0.083969465648855 0.067175572519084 0.0641221374045802 0.0783715012722646 0.0641221374045802 0.0798982188295165 0.0656488549618321 0.0875318066157761
"cheAbi" 0.0595419847328244 0 0.0325699745547074 0.021882951653944 0.0422391857506361 0.0320610687022901 0.0254452926208651 0.0295165394402036 0.038676844783715 0.0549618320610687 0.0493638676844784 0.0646310432569975
"cheMyd" 0.0692111959287532 0.0325699745547074 0 0.0290076335877863 0.0569974554707379 0.0223918575063613 0.0325699745547074 0.0513994910941476 0.043765903307888 0.0620865139949109 0.0585241730279898 0.0737913486005089
"cheSer" 0.0585241730279898 0.021882951653944 0.0290076335877863 0 0.0498727735368957 0.0295165394402036 0.0229007633587786 0.0407124681933842 0.0371501272264631 0.0549618320610687 0.0478371501272265 0.0656488549618321
"cuoMcc" 0.083969465648855 0.0422391857506361 0.0569974554707379 0.0498727735368957 0 0.0549618320610687 0.0493638676844784 0.0534351145038168 0.0580152671755725 0.0783715012722646 0.0753180661577608 0.0885496183206107
"derCor" 0.067175572519084 0.0320610687022901 0.0223918575063613 0.0295165394402036 0.0549618320610687 0 0.0340966921119593 0.0488549618320611 0.0432569974554707 0.0615776081424936 0.0585241730279898 0.0712468193384224
"derMaw" 0.0641221374045802 0.0254452926208651 0.0325699745547074 0.0229007633587786 0.0493638676844784 0.0340966921119593 0 0.04529262086514 0.0402035623409669 0.0559796437659033 0.0513994910941476 0.0687022900763359
"gopAga" 0.0783715012722646 0.0295165394402036 0.0513994910941476 0.0407124681933842 0.0534351145038168 0.0488549618320611 0.04529262086514 0 0.0559796437659033 0.0732824427480916 0.0702290076335878 0.0829516539440204
"mesTub" 0.0641221374045802 0.038676844783715 0.043765903307888 0.0371501272264631 0.0580152671755725 0.0432569974554707 0.0402035623409669 0.0559796437659033 0 0.0427480916030534 0.0544529262086514 0.0534351145038168
"pelCas" 0.0798982188295165 0.0549618320610687 0.0620865139949109 0.0549618320610687 0.0783715012722646 0.0615776081424936 0.0559796437659033 0.0732824427480916 0.0427480916030534 0 0.0687022900763359 0.0468193384223919
"pelSin" 0.0656488549618321 0.0493638676844784 0.0585241730279898 0.0478371501272265 0.0753180661577608 0.0585241730279898 0.0513994910941476 0.0702290076335878 0.0544529262086514 0.0687022900763359 0 0.0793893129770992
"podExp" 0.0875318066157761 0.0646310432569975 0.0737913486005089 0.0656488549618321 0.0885496183206107 0.0712468193384224 0.0687022900763359 0.0829516539440204 0.0534351145038168 0.0468193384223919 0.0793893129770992 0
