"carIns" "cheAbi" "cheMyd" "cheSer" "chrPic" "cuoAmb" "cuoMcc" "derCor" "derMaw" "emySub" "gopAga" "malTer" "mesTub" "pelCas" "pelSin" "plaMeg" "podExp" "terMex"
"carIns" 0 0.0453900709219858 0.0524822695035461 0.0397163120567376 0.0439716312056738 0.0416075650118203 0.042080378250591 0.0434988179669031 0.0482269503546099 0.0520094562647754 0.0463356973995272 0.0449172576832151 0.0770685579196217 0.0685579196217494 0.0453900709219858 0.042080378250591 0.0723404255319149 0.0425531914893617
"cheAbi" 0.0453900709219858 0 0.0340425531914894 0.0203309692671395 0.0222222222222222 0.0113475177304965 0.0118203309692671 0.0245862884160757 0.0302600472813239 0.0444444444444444 0.0132387706855792 0.0222222222222222 0.0680851063829787 0.0553191489361702 0.0491725768321513 0.0193853427895981 0.0628841607565012 0.0179669030732861
"cheMyd" 0.0524822695035461 0.0340425531914894 0 0.0269503546099291 0.0316784869976359 0.0269503546099291 0.0264775413711584 0.0222222222222222 0.0349881796690307 0.0515366430260047 0.0335697399527187 0.0316784869976359 0.0756501182033097 0.0600472813238771 0.0534278959810875 0.0288416075650118 0.0657210401891253 0.0274231678486998
"cheSer" 0.0397163120567376 0.0203309692671395 0.0269503546099291 0 0.0170212765957447 0.0137115839243499 0.0141843971631206 0.0184397163120567 0.0231678486997636 0.0364066193853428 0.0212765957446809 0.0179669030732861 0.0619385342789598 0.0477541371158392 0.040661938534279 0.0151300236406619 0.0553191489361702 0.0137115839243499
"chrPic" 0.0439716312056738 0.0222222222222222 0.0316784869976359 0.0170212765957447 0 0.0156028368794326 0.0160756501182033 0.0222222222222222 0.0269503546099291 0.042080378250591 0.0226950354609929 0.00567375886524823 0.0671394799054374 0.0524822695035461 0.0453900709219858 0.0151300236406619 0.0576832151300236 0.00803782505910165
"cuoAmb" 0.0416075650118203 0.0113475177304965 0.0269503546099291 0.0137115839243499 0.0156028368794326 0 0.000472813238770686 0.0170212765957447 0.0212765957446809 0.040661938534279 0.0104018912529551 0.0146572104018913 0.0638297872340425 0.0515366430260047 0.0439716312056738 0.0118203309692671 0.0581560283687943 0.0104018912529551
"cuoMcc" 0.042080378250591 0.0118203309692671 0.0264775413711584 0.0141843971631206 0.0160756501182033 0.000472813238770686 0 0.016548463356974 0.0217494089834515 0.0411347517730496 0.0108747044917258 0.0141843971631206 0.0643026004728132 0.0520094562647754 0.0444444444444444 0.0122931442080378 0.058628841607565 0.0108747044917258
"derCor" 0.0434988179669031 0.0245862884160757 0.0222222222222222 0.0184397163120567 0.0222222222222222 0.0170212765957447 0.016548463356974 0 0.0260047281323877 0.0425531914893617 0.0236406619385343 0.0203309692671395 0.067612293144208 0.0534278959810875 0.0439716312056738 0.0193853427895981 0.0581560283687943 0.0179669030732861
"derMaw" 0.0482269503546099 0.0302600472813239 0.0349881796690307 0.0231678486997636 0.0269503546099291 0.0212765957446809 0.0217494089834515 0.0260047281323877 0 0.0453900709219858 0.0293144208037825 0.0264775413711584 0.0695035460992908 0.0553191489361702 0.0505910165484634 0.0231678486997636 0.0614657210401891 0.0226950354609929
"emySub" 0.0520094562647754 0.0444444444444444 0.0515366430260047 0.0364066193853428 0.042080378250591 0.040661938534279 0.0411347517730496 0.0425531914893617 0.0453900709219858 0 0.0449172576832151 0.0425531914893617 0.0458628841607565 0.0392434988179669 0.0520094562647754 0.0401891252955083 0.0458628841607565 0.0397163120567376
"gopAga" 0.0463356973995272 0.0132387706855792 0.0335697399527187 0.0212765957446809 0.0226950354609929 0.0104018912529551 0.0108747044917258 0.0236406619385343 0.0293144208037825 0.0449172576832151 0 0.0217494089834515 0.0685579196217494 0.057210401891253 0.049645390070922 0.0193853427895981 0.0628841607565012 0.0174940898345154
"malTer" 0.0449172576832151 0.0222222222222222 0.0316784869976359 0.0179669030732861 0.00567375886524823 0.0146572104018913 0.0141843971631206 0.0203309692671395 0.0264775413711584 0.0425531914893617 0.0217494089834515 0 0.0666666666666667 0.0534278959810875 0.0458628841607565 0.0132387706855792 0.0576832151300236 0.00709219858156028
"mesTub" 0.0770685579196217 0.0680851063829787 0.0756501182033097 0.0619385342789598 0.0671394799054374 0.0638297872340425 0.0643026004728132 0.067612293144208 0.0695035460992908 0.0458628841607565 0.0685579196217494 0.0666666666666667 0 0.0643026004728132 0.0799054373522459 0.0633569739952719 0.0723404255319149 0.0628841607565012
"pelCas" 0.0685579196217494 0.0553191489361702 0.0600472813238771 0.0477541371158392 0.0524822695035461 0.0515366430260047 0.0520094562647754 0.0534278959810875 0.0553191489361702 0.0392434988179669 0.057210401891253 0.0534278959810875 0.0643026004728132 0 0.066193853427896 0.0515366430260047 0.0411347517730496 0.0501182033096927
"pelSin" 0.0453900709219858 0.0491725768321513 0.0534278959810875 0.040661938534279 0.0453900709219858 0.0439716312056738 0.0444444444444444 0.0439716312056738 0.0505910165484634 0.0520094562647754 0.049645390070922 0.0458628841607565 0.0799054373522459 0.066193853427896 0 0.0425531914893617 0.0713947990543735 0.0430260047281324
"plaMeg" 0.042080378250591 0.0193853427895981 0.0288416075650118 0.0151300236406619 0.0151300236406619 0.0118203309692671 0.0122931442080378 0.0193853427895981 0.0231678486997636 0.0401891252955083 0.0193853427895981 0.0132387706855792 0.0633569739952719 0.0515366430260047 0.0425531914893617 0 0.057210401891253 0.00898345153664303
"podExp" 0.0723404255319149 0.0628841607565012 0.0657210401891253 0.0553191489361702 0.0576832151300236 0.0581560283687943 0.058628841607565 0.0581560283687943 0.0614657210401891 0.0458628841607565 0.0628841607565012 0.0576832151300236 0.0723404255319149 0.0411347517730496 0.0713947990543735 0.057210401891253 0 0.0548463356973995
"terMex" 0.0425531914893617 0.0179669030732861 0.0274231678486998 0.0137115839243499 0.00803782505910165 0.0104018912529551 0.0108747044917258 0.0179669030732861 0.0226950354609929 0.0397163120567376 0.0174940898345154 0.00709219858156028 0.0628841607565012 0.0501182033096927 0.0430260047281324 0.00898345153664303 0.0548463356973995 0
