"carIns" "cheAbi" "cheMyd" "cheSer" "chrPic" "cuoAmb" "cuoMcc" "derCor" "derMaw" "emySub" "gopAga" "malTer" "mesTub" "pelCas" "pelSin" "plaMeg" "podExp" "terMex"
"carIns" 0 0.076951811729548 0.0762047067613 0.077325364213672 0.076578259245424 0.0799402316025402 0.0791931266342921 0.077325364213672 0.0799402316025402 0.0810608890549122 0.07807246918192 0.0750840493089279 0.0866641763167725 0.101606275681733 0.0818079940231603 0.0717220769518117 0.103100485618229 0.0814344415390362
"cheAbi" 0.076951811729548 0 0.0332461710870377 0.0366081434441539 0.0254015689204333 0.0205453866268211 0.0212924915950691 0.0324990661187897 0.037728800896526 0.0504295853567426 0.0156892043332088 0.0227867015315652 0.056779977586851 0.0691072095629436 0.0720956294359358 0.018304071722077 0.077698916697796 0.0283899887934255
"cheMyd" 0.0762047067613 0.0332461710870377 0 0.0362345909600299 0.0343668285394098 0.0358610384759059 0.0366081434441539 0.0220395965633171 0.0395965633171461 0.0541651101979828 0.0336197235711617 0.0324990661187897 0.058274187523347 0.0735898393724318 0.0750840493089279 0.0276428838251774 0.0791931266342921 0.03810235338065
"cheSer" 0.077325364213672 0.0366081434441539 0.0362345909600299 0 0.0362345909600299 0.0343668285394098 0.0351139335076578 0.0366081434441539 0.0399701158012701 0.0552857676503549 0.03810235338065 0.0351139335076578 0.0608890549122152 0.0750840493089279 0.0795666791184161 0.0310048561822936 0.0818079940231603 0.0366081434441539
"chrPic" 0.076578259245424 0.0254015689204333 0.0343668285394098 0.0362345909600299 0 0.0280164363093015 0.0287635412775495 0.0336197235711617 0.0399701158012701 0.0541651101979828 0.0276428838251774 0.00672394471423235 0.058274187523347 0.0724691819200598 0.0732162868883078 0.0149420993649608 0.07807246918192 0.018677624206201
"cuoAmb" 0.0799402316025402 0.0205453866268211 0.0358610384759059 0.0343668285394098 0.0280164363093015 0 0.00298841987299216 0.0358610384759059 0.0410907732536421 0.0545386626821068 0.0224131490474412 0.0254015689204333 0.0597683974598431 0.0724691819200598 0.07807246918192 0.0209189391109451 0.0825550989914083 0.0246544639521853
"cuoMcc" 0.0791931266342921 0.0212924915950691 0.0366081434441539 0.0351139335076578 0.0287635412775495 0.00298841987299216 0 0.0366081434441539 0.0410907732536421 0.0552857676503549 0.0231602540156892 0.0261486738886814 0.0597683974598431 0.0732162868883078 0.0788195741501681 0.0216660440791931 0.0833022039596563 0.0254015689204333
"derCor" 0.077325364213672 0.0324990661187897 0.0220395965633171 0.0366081434441539 0.0336197235711617 0.0358610384759059 0.0366081434441539 0 0.038849458348898 0.0534180052297348 0.0347403810235338 0.0324990661187897 0.058274187523347 0.0720956294359358 0.0747104968248039 0.0268957788569294 0.0791931266342921 0.0373552484124019
"derMaw" 0.0799402316025402 0.037728800896526 0.0395965633171461 0.0399701158012701 0.0399701158012701 0.0410907732536421 0.0410907732536421 0.038849458348898 0 0.058647740007471 0.039223010833022 0.03810235338065 0.0623832648487112 0.0762047067613 0.07807246918192 0.0324990661187897 0.0836757564437803 0.0437056406425103
"emySub" 0.0810608890549122 0.0504295853567426 0.0541651101979828 0.0552857676503549 0.0541651101979828 0.0545386626821068 0.0552857676503549 0.0534180052297348 0.058647740007471 0 0.0530444527456108 0.0508031378408666 0.0328726186029137 0.057900635039223 0.07807246918192 0.0455734030631304 0.0646245797534554 0.0560328726186029
"gopAga" 0.07807246918192 0.0156892043332088 0.0336197235711617 0.03810235338065 0.0276428838251774 0.0224131490474412 0.0231602540156892 0.0347403810235338 0.039223010833022 0.0530444527456108 0 0.0250280164363093 0.058274187523347 0.0720956294359358 0.0728427344041838 0.0205453866268211 0.0806873365707882 0.0302577512140456
"malTer" 0.0750840493089279 0.0227867015315652 0.0324990661187897 0.0351139335076578 0.00672394471423235 0.0254015689204333 0.0261486738886814 0.0324990661187897 0.03810235338065 0.0508031378408666 0.0250280164363093 0 0.0549122151662309 0.0698543145311916 0.0702278670153157 0.0130743369443407 0.0762047067613 0.0164363093014569
"mesTub" 0.0866641763167725 0.056779977586851 0.058274187523347 0.0608890549122152 0.058274187523347 0.0597683974598431 0.0597683974598431 0.058274187523347 0.0623832648487112 0.0328726186029137 0.058274187523347 0.0549122151662309 0 0.0616361598804632 0.0818079940231603 0.0500560328726186 0.0694807620470676 0.0593948449757191
"pelCas" 0.101606275681733 0.0691072095629436 0.0735898393724318 0.0750840493089279 0.0724691819200598 0.0724691819200598 0.0732162868883078 0.0720956294359358 0.0762047067613 0.057900635039223 0.0720956294359358 0.0698543145311916 0.0616361598804632 0 0.0986178558087411 0.0653716847217034 0.0627568173328353 0.0754576017930519
"pelSin" 0.0818079940231603 0.0720956294359358 0.0750840493089279 0.0795666791184161 0.0732162868883078 0.07807246918192 0.0788195741501681 0.0747104968248039 0.07807246918192 0.07807246918192 0.0728427344041838 0.0702278670153157 0.0818079940231603 0.0986178558087411 0 0.0672394471423235 0.102726933134105 0.076951811729548
"plaMeg" 0.0717220769518117 0.018304071722077 0.0276428838251774 0.0310048561822936 0.0149420993649608 0.0209189391109451 0.0216660440791931 0.0268957788569294 0.0324990661187897 0.0455734030631304 0.0205453866268211 0.0130743369443407 0.0500560328726186 0.0653716847217034 0.0672394471423235 0 0.0724691819200598 0.0179305192379529
"podExp" 0.103100485618229 0.077698916697796 0.0791931266342921 0.0818079940231603 0.07807246918192 0.0825550989914083 0.0833022039596563 0.0791931266342921 0.0836757564437803 0.0646245797534554 0.0806873365707882 0.0762047067613 0.0694807620470676 0.0627568173328353 0.102726933134105 0.0724691819200598 0 0.0833022039596563
"terMex" 0.0814344415390362 0.0283899887934255 0.03810235338065 0.0366081434441539 0.018677624206201 0.0246544639521853 0.0254015689204333 0.0373552484124019 0.0437056406425103 0.0560328726186029 0.0302577512140456 0.0164363093014569 0.0593948449757191 0.0754576017930519 0.076951811729548 0.0179305192379529 0.0833022039596563 0
