"carIns" "cheAbi" "cheMyd" "cheSer" "chrPic" "cuoMcc" "derCor" "derMaw" "emySub" "gopAga" "malTer" "mesTub" "pelCas" "pelSin" "plaMeg" "podExp"
"carIns" 0 0.0519713261648745 0.0474910394265233 0.046594982078853 0.0492831541218638 0.0510752688172043 0.0654121863799283 0.0591397849462366 0.0716845878136201 0.0519713261648745 0.0483870967741935 0.0725806451612903 0.0743727598566308 0.0564516129032258 0.0483870967741935 0.0743727598566308
"cheAbi" 0.0519713261648745 0 0.0313620071684588 0.021505376344086 0.021505376344086 0.0134408602150538 0.046594982078853 0.0349462365591398 0.0528673835125448 0.00896057347670251 0.0224014336917563 0.0582437275985663 0.0618279569892473 0.0492831541218638 0.0170250896057348 0.0636200716845878
"cheMyd" 0.0474910394265233 0.0313620071684588 0 0.021505376344086 0.0277777777777778 0.0304659498207885 0.0367383512544803 0.0367383512544803 0.0573476702508961 0.0313620071684588 0.0268817204301075 0.0618279569892473 0.0681003584229391 0.0483870967741935 0.0232974910394265 0.0654121863799283
"cheSer" 0.046594982078853 0.021505376344086 0.021505376344086 0 0.0197132616487455 0.0206093189964158 0.0385304659498208 0.0304659498207885 0.050179211469534 0.021505376344086 0.0206093189964158 0.0537634408602151 0.0591397849462366 0.046594982078853 0.014336917562724 0.0582437275985663
"chrPic" 0.0492831541218638 0.021505376344086 0.0277777777777778 0.0197132616487455 0 0.0206093189964158 0.043010752688172 0.0313620071684588 0.050179211469534 0.0197132616487455 0.000896057347670251 0.0546594982078853 0.0618279569892473 0.0403225806451613 0.0134408602150538 0.0591397849462366
"cuoMcc" 0.0510752688172043 0.0134408602150538 0.0304659498207885 0.0206093189964158 0.0206093189964158 0 0.0439068100358423 0.0340501792114695 0.0564516129032258 0.0134408602150538 0.021505376344086 0.0609318996415771 0.0627240143369176 0.0483870967741935 0.0161290322580645 0.0627240143369176
"derCor" 0.0654121863799283 0.046594982078853 0.0367383512544803 0.0385304659498208 0.043010752688172 0.0439068100358423 0 0.0528673835125448 0.0716845878136201 0.046594982078853 0.0421146953405018 0.0716845878136201 0.0779569892473118 0.0645161290322581 0.0403225806451613 0.0779569892473118
"derMaw" 0.0591397849462366 0.0349462365591398 0.0367383512544803 0.0304659498207885 0.0313620071684588 0.0340501792114695 0.0528673835125448 0 0.0591397849462366 0.0331541218637993 0.032258064516129 0.0618279569892473 0.0681003584229391 0.0582437275985663 0.0295698924731183 0.0681003584229391
"emySub" 0.0716845878136201 0.0528673835125448 0.0573476702508961 0.050179211469534 0.050179211469534 0.0564516129032258 0.0716845878136201 0.0591397849462366 0 0.0546594982078853 0.0492831541218638 0.0268817204301075 0.0582437275985663 0.0654121863799283 0.046594982078853 0.0591397849462366
"gopAga" 0.0519713261648745 0.00896057347670251 0.0313620071684588 0.021505376344086 0.0197132616487455 0.0134408602150538 0.046594982078853 0.0331541218637993 0.0546594982078853 0 0.0206093189964158 0.0600358422939068 0.0636200716845878 0.0474910394265233 0.0170250896057348 0.0636200716845878
"malTer" 0.0483870967741935 0.0224014336917563 0.0268817204301075 0.0206093189964158 0.000896057347670251 0.021505376344086 0.0421146953405018 0.032258064516129 0.0492831541218638 0.0206093189964158 0 0.0537634408602151 0.0609318996415771 0.039426523297491 0.014336917562724 0.0582437275985663
"mesTub" 0.0725806451612903 0.0582437275985663 0.0618279569892473 0.0537634408602151 0.0546594982078853 0.0609318996415771 0.0716845878136201 0.0618279569892473 0.0268817204301075 0.0600358422939068 0.0537634408602151 0 0.0564516129032258 0.0681003584229391 0.0555555555555556 0.0618279569892473
"pelCas" 0.0743727598566308 0.0618279569892473 0.0681003584229391 0.0591397849462366 0.0618279569892473 0.0627240143369176 0.0779569892473118 0.0681003584229391 0.0582437275985663 0.0636200716845878 0.0609318996415771 0.0564516129032258 0 0.0752688172043011 0.0618279569892473 0.0483870967741935
"pelSin" 0.0564516129032258 0.0492831541218638 0.0483870967741935 0.046594982078853 0.0403225806451613 0.0483870967741935 0.0645161290322581 0.0582437275985663 0.0654121863799283 0.0474910394265233 0.039426523297491 0.0681003584229391 0.0752688172043011 0 0.043010752688172 0.0734767025089606
"plaMeg" 0.0483870967741935 0.0170250896057348 0.0232974910394265 0.014336917562724 0.0134408602150538 0.0161290322580645 0.0403225806451613 0.0295698924731183 0.046594982078853 0.0170250896057348 0.014336917562724 0.0555555555555556 0.0618279569892473 0.043010752688172 0 0.0591397849462366
"podExp" 0.0743727598566308 0.0636200716845878 0.0654121863799283 0.0582437275985663 0.0591397849462366 0.0627240143369176 0.0779569892473118 0.0681003584229391 0.0591397849462366 0.0636200716845878 0.0582437275985663 0.0618279569892473 0.0483870967741935 0.0734767025089606 0.0591397849462366 0
