"carIns" "cheAbi" "cheMyd" "cheSer" "chrPic" "cuoAmb" "cuoMcc" "derMaw" "emySub" "gopAga" "malTer" "mesTub" "pelCas" "pelSin" "plaMeg" "podExp" "terMex"
"carIns" 0 0.123217341699943 0.128921848260126 0.124928693667998 0.126069594980034 0.152880775812892 0.119224187107815 0.135196805476326 0.158585282373075 0.124358243011979 0.126640045636052 0.159726183685111 0.182544209925841 0.187678265830006 0.12093553907587 0.180262407301768 0.123217341699943
"cheAbi" 0.123217341699943 0 0.0593268682258985 0.0530519110096977 0.0462065031374786 0.0638904734740445 0.0296634341129492 0.0667427267541358 0.115801483171706 0.029092983456931 0.0479178551055334 0.118653736451797 0.142042213348545 0.170564746149458 0.0439247005134056 0.136337706788363 0.0393610952652596
"cheMyd" 0.128921848260126 0.0593268682258985 0 0.0524814603536794 0.062749572162008 0.096406160867085 0.0593268682258985 0.0764403879064461 0.11123787792356 0.0644609241300628 0.0644609241300628 0.116371933827724 0.146035367940673 0.180832857957787 0.0559041642897889 0.140330861380491 0.0553337136337707
"cheSer" 0.124928693667998 0.0530519110096977 0.0524814603536794 0 0.0536223616657159 0.0861380490587564 0.0473474044495151 0.0638904734740445 0.107244723331432 0.0547632629777524 0.0541928123217342 0.107244723331432 0.139760410724472 0.176269252709641 0.0456360524814604 0.131203650884199 0.0427837992013691
"chrPic" 0.126069594980034 0.0462065031374786 0.062749572162008 0.0536223616657159 0 0.0792926411865374 0.0467769537934969 0.0707358813462635 0.119794637763833 0.0450656018254421 0.00855675984027382 0.11751283513976 0.138619509412436 0.175698802053622 0.0410724472333143 0.137478608100399 0.0308043354249857
"cuoAmb" 0.152880775812892 0.0638904734740445 0.096406160867085 0.0861380490587564 0.0792926411865374 0 0.0473474044495151 0.0969766115231032 0.145464917284655 0.0621791215059897 0.0810039931545921 0.147746719908728 0.164860239589276 0.197946377638334 0.0752994865944096 0.162578436965203 0.0758699372504278
"cuoMcc" 0.119224187107815 0.0296634341129492 0.0593268682258985 0.0473474044495151 0.0467769537934969 0.0473474044495151 0 0.0633200228180262 0.110096976611523 0.033656588705077 0.0479178551055334 0.110096976611523 0.134626354820308 0.168853394181403 0.0427837992013691 0.13063320022818 0.0376497432972048
"derMaw" 0.135196805476326 0.0667427267541358 0.0764403879064461 0.0638904734740445 0.0707358813462635 0.0969766115231032 0.0633200228180262 0 0.116942384483742 0.0661722760981175 0.0724472333143183 0.120365088419852 0.149458071876783 0.176839703365659 0.0621791215059897 0.146035367940673 0.058185966913862
"emySub" 0.158585282373075 0.115801483171706 0.11123787792356 0.107244723331432 0.119794637763833 0.145464917284655 0.110096976611523 0.116942384483742 0 0.114090131203651 0.119794637763833 0.0536223616657159 0.126640045636052 0.200228180262407 0.108956075299487 0.121505989731888 0.106674272675414
"gopAga" 0.124358243011979 0.029092983456931 0.0644609241300628 0.0547632629777524 0.0450656018254421 0.0621791215059897 0.033656588705077 0.0661722760981175 0.114090131203651 0 0.0467769537934969 0.116371933827724 0.140901312036509 0.170564746149458 0.0433542498573873 0.132915002852253 0.0410724472333143
"malTer" 0.126640045636052 0.0479178551055334 0.0644609241300628 0.0541928123217342 0.00855675984027382 0.0810039931545921 0.0479178551055334 0.0724472333143183 0.119794637763833 0.0467769537934969 0 0.119794637763833 0.141471762692527 0.175698802053622 0.0416428978893326 0.141471762692527 0.031374786081004
"mesTub" 0.159726183685111 0.118653736451797 0.116371933827724 0.107244723331432 0.11751283513976 0.147746719908728 0.110096976611523 0.120365088419852 0.0536223616657159 0.116371933827724 0.119794637763833 0 0.128351397604107 0.203650884198517 0.113519680547633 0.122646891043925 0.107244723331432
"pelCas" 0.182544209925841 0.142042213348545 0.146035367940673 0.139760410724472 0.138619509412436 0.164860239589276 0.134626354820308 0.149458071876783 0.126640045636052 0.140901312036509 0.141471762692527 0.128351397604107 0 0.226468910439247 0.139189960068454 0.0849971477467199 0.136908157444381
"pelSin" 0.187678265830006 0.170564746149458 0.180832857957787 0.176269252709641 0.175698802053622 0.197946377638334 0.168853394181403 0.176839703365659 0.200228180262407 0.170564746149458 0.175698802053622 0.203650884198517 0.226468910439247 0 0.168853394181403 0.215059897318882 0.167142042213349
"plaMeg" 0.12093553907587 0.0439247005134056 0.0559041642897889 0.0456360524814604 0.0410724472333143 0.0752994865944096 0.0427837992013691 0.0621791215059897 0.108956075299487 0.0433542498573873 0.0416428978893326 0.113519680547633 0.139189960068454 0.168853394181403 0 0.134626354820308 0.0325156873930405
"podExp" 0.180262407301768 0.136337706788363 0.140330861380491 0.131203650884199 0.137478608100399 0.162578436965203 0.13063320022818 0.146035367940673 0.121505989731888 0.132915002852253 0.141471762692527 0.122646891043925 0.0849971477467199 0.215059897318882 0.134626354820308 0 0.133485453508272
"terMex" 0.123217341699943 0.0393610952652596 0.0553337136337707 0.0427837992013691 0.0308043354249857 0.0758699372504278 0.0376497432972048 0.058185966913862 0.106674272675414 0.0410724472333143 0.031374786081004 0.107244723331432 0.136908157444381 0.167142042213349 0.0325156873930405 0.133485453508272 0
