"carIns" "cheAbi" "cheMyd" "cheSer" "chrPic" "cuoAmb" "cuoMcc" "derCor" "derMaw" "emySub" "gopAga" "malTer" "mesTub" "pelCas" "pelSin" "plaMeg" "podExp" "terMex"
"carIns" 0 0.091491064283809 0.0933582288610296 0.0893571619098426 0.0842891437716724 0.0880234729261136 0.0869565217391304 0.0944251800480128 0.095492131234996 0.0984262469991998 0.0936249666577754 0.0842891437716724 0.0986929847959456 0.117898106161643 0.094158442251267 0.084822619365164 0.130968258202187 0.0944251800480128
"cheAbi" 0.091491064283809 0 0.0413443584955988 0.0368098159509202 0.0261403040810883 0.0226727127233929 0.0232061883168845 0.0418778340890904 0.0466791144305148 0.0704187783408909 0.0250733528941051 0.0277407308615631 0.0696185649506535 0.09015737530008 0.0746865830888237 0.0261403040810883 0.0986929847959456 0.0381435049346492
"cheMyd" 0.0933582288610296 0.0413443584955988 0 0.0325420112029875 0.0282742064550547 0.0352093891704455 0.0341424379834623 0.0285409442518005 0.0429447852760736 0.0701520405441451 0.0418778340890904 0.0293411576420379 0.0680181381701787 0.087489997332622 0.0720192051213657 0.0288076820485463 0.099493198186183 0.0392104561216324
"cheSer" 0.0893571619098426 0.0368098159509202 0.0325420112029875 0 0.0242731395038677 0.0290744198452921 0.0290744198452921 0.0354761269671913 0.0400106695118698 0.0664177113897039 0.038410242731395 0.0242731395038677 0.0640170712189917 0.0864230461456388 0.0698853027473993 0.0237396639103761 0.0973592958122166 0.0349426513736997
"chrPic" 0.0842891437716724 0.0261403040810883 0.0282742064550547 0.0242731395038677 0 0.0202720725526807 0.0192051213656975 0.0306748466257669 0.0368098159509202 0.0602827420645505 0.0277407308615631 0.00480128034142438 0.0586823152840758 0.0802880768204855 0.0629501200320085 0.0112029874633236 0.0909575886903174 0.0202720725526807
"cuoAmb" 0.0880234729261136 0.0226727127233929 0.0352093891704455 0.0290744198452921 0.0202720725526807 0 0.00746865830888237 0.037076553747666 0.0416110962923446 0.0674846625766871 0.0237396639103761 0.0202720725526807 0.0640170712189917 0.0856228327554014 0.0698853027473993 0.0197385969591891 0.0962923446252334 0.0320085356094959
"cuoMcc" 0.0869565217391304 0.0232061883168845 0.0341424379834623 0.0290744198452921 0.0192051213656975 0.00746865830888237 0 0.0362763403574286 0.0418778340890904 0.0669511869831955 0.0237396639103761 0.0189383835689517 0.0642838090157375 0.0853560949586556 0.0680181381701787 0.0197385969591891 0.0962923446252334 0.0314750600160043
"derCor" 0.0944251800480128 0.0418778340890904 0.0285409442518005 0.0354761269671913 0.0306748466257669 0.037076553747666 0.0362763403574286 0 0.0453454254467858 0.0730861563083489 0.043744998666311 0.0314750600160043 0.0688183515604161 0.0909575886903174 0.0709522539343825 0.0314750600160043 0.101093624966658 0.0426780474793278
"derMaw" 0.095492131234996 0.0466791144305148 0.0429447852760736 0.0400106695118698 0.0368098159509202 0.0416110962923446 0.0418778340890904 0.0453454254467858 0 0.0752200586823153 0.049079754601227 0.0373432915444118 0.0722859429181115 0.0933582288610296 0.0768204854627901 0.0362763403574286 0.10029341157642 0.046412376633769
"emySub" 0.0984262469991998 0.0704187783408909 0.0701520405441451 0.0664177113897039 0.0602827420645505 0.0674846625766871 0.0669511869831955 0.0730861563083489 0.0752200586823153 0 0.0730861563083489 0.0613496932515337 0.0389437183248866 0.0664177113897039 0.0869565217391304 0.0605494798612963 0.0869565217391304 0.0701520405441451
"gopAga" 0.0936249666577754 0.0250733528941051 0.0418778340890904 0.038410242731395 0.0277407308615631 0.0237396639103761 0.0237396639103761 0.043744998666311 0.049079754601227 0.0730861563083489 0 0.0293411576420379 0.0704187783408909 0.0922912776740464 0.0778874366497733 0.0282742064550547 0.102960789543878 0.0386769805281408
"malTer" 0.0842891437716724 0.0277407308615631 0.0293411576420379 0.0242731395038677 0.00480128034142438 0.0202720725526807 0.0189383835689517 0.0314750600160043 0.0373432915444118 0.0613496932515337 0.0293411576420379 0 0.0592157908775673 0.0805548146172313 0.0637503334222459 0.0122699386503067 0.0917578020805548 0.0213390237396639
"mesTub" 0.0986929847959456 0.0696185649506535 0.0680181381701787 0.0640170712189917 0.0586823152840758 0.0640170712189917 0.0642838090157375 0.0688183515604161 0.0722859429181115 0.0389437183248866 0.0704187783408909 0.0592157908775673 0 0.0717524673246199 0.087489997332622 0.0586823152840758 0.0856228327554014 0.0696185649506535
"pelCas" 0.117898106161643 0.09015737530008 0.087489997332622 0.0864230461456388 0.0802880768204855 0.0856228327554014 0.0853560949586556 0.0909575886903174 0.0933582288610296 0.0664177113897039 0.0922912776740464 0.0805548146172313 0.0717524673246199 0 0.105628167511336 0.0800213390237397 0.0829554547879435 0.0896238997065884
"pelSin" 0.094158442251267 0.0746865830888237 0.0720192051213657 0.0698853027473993 0.0629501200320085 0.0698853027473993 0.0680181381701787 0.0709522539343825 0.0768204854627901 0.0869565217391304 0.0778874366497733 0.0637503334222459 0.087489997332622 0.105628167511336 0 0.0645505468124833 0.11176313683649 0.0762870098692985
"plaMeg" 0.084822619365164 0.0261403040810883 0.0288076820485463 0.0237396639103761 0.0112029874633236 0.0197385969591891 0.0197385969591891 0.0314750600160043 0.0362763403574286 0.0605494798612963 0.0282742064550547 0.0122699386503067 0.0586823152840758 0.0800213390237397 0.0645505468124833 0 0.0904241130968258 0.0229394505201387
"podExp" 0.130968258202187 0.0986929847959456 0.099493198186183 0.0973592958122166 0.0909575886903174 0.0962923446252334 0.0962923446252334 0.101093624966658 0.10029341157642 0.0869565217391304 0.102960789543878 0.0917578020805548 0.0856228327554014 0.0829554547879435 0.11176313683649 0.0904241130968258 0 0.100560149373166
"terMex" 0.0944251800480128 0.0381435049346492 0.0392104561216324 0.0349426513736997 0.0202720725526807 0.0320085356094959 0.0314750600160043 0.0426780474793278 0.046412376633769 0.0701520405441451 0.0386769805281408 0.0213390237396639 0.0696185649506535 0.0896238997065884 0.0762870098692985 0.0229394505201387 0.100560149373166 0
