"carIns" "cheAbi" "cheMyd" "cheSer" "chrPic" "cuoAmb" "cuoMcc" "derMaw" "emySub" "gopAga" "malTer" "mesTub" "pelCas" "pelSin" "plaMeg" "podExp" "terMex"
"carIns" 0 0.101276245368464 0.118155619596542 0.0959242486620008 0.0988060930424043 0.101687937422808 0.0955125566076575 0.107451626183615 0.116508851379168 0.0946891724989708 0.0955125566076575 0.119390695759572 0.132153149444216 0.0942774804446274 0.0881020996294772 0.135446685878963 0.0901605599011939
"cheAbi" 0.101276245368464 0 0.0782214903252367 0.0601070399341293 0.045697818032112 0.0366405928365583 0.0312885961300947 0.0769864141622067 0.100864553314121 0.0214079868258543 0.046932894195142 0.100452861259778 0.115273775216138 0.0979827089337176 0.0444627418690819 0.118979003705228 0.0399341292713051
"cheMyd" 0.118155619596542 0.0782214903252367 0 0.0679291889666529 0.0716344174557431 0.0769864141622067 0.0732811856731165 0.0885137916838205 0.108686702346645 0.0708110333470564 0.0716344174557431 0.114038699053108 0.130094689172499 0.111568546727048 0.0638122684232194 0.142033758748456 0.0638122684232194
"cheSer" 0.0959242486620008 0.0601070399341293 0.0679291889666529 0 0.0506381226842322 0.0559901193906958 0.0494030465212021 0.0654590366405928 0.0889254837381638 0.0535199670646357 0.0485796624125154 0.0942774804446274 0.110745162618361 0.0922190201729107 0.0444627418690819 0.121449156031289 0.0428159736517085
"chrPic" 0.0988060930424043 0.045697818032112 0.0716344174557431 0.0506381226842322 0 0.0440510498147386 0.0395224372169617 0.0699876492383697 0.092630712227254 0.0411692054343351 0.0127624536846439 0.0934540963359407 0.108686702346645 0.0946891724989708 0.0308769040757513 0.117743927542198 0.0156442980650473
"cuoAmb" 0.101687937422808 0.0366405928365583 0.0769864141622067 0.0559901193906958 0.0440510498147386 0 0.016467682173734 0.0745162618361466 0.0988060930424043 0.0308769040757513 0.045697818032112 0.0979827089337176 0.116097159324825 0.0971593248250309 0.0407575133799918 0.121860848085632 0.0378756689995883
"cuoMcc" 0.0955125566076575 0.0312885961300947 0.0732811856731165 0.0494030465212021 0.0395224372169617 0.016467682173734 0 0.0699876492383697 0.0951008645533141 0.0267599835323178 0.0403458213256484 0.0959242486620008 0.110333470564018 0.092630712227254 0.0358172087278716 0.116097159324825 0.0333470564018114
"derMaw" 0.107451626183615 0.0769864141622067 0.0885137916838205 0.0654590366405928 0.0699876492383697 0.0745162618361466 0.0699876492383697 0 0.102511321531494 0.0724578015644298 0.0666941128036229 0.102923013585838 0.120214079868259 0.107863318237958 0.0634005763688761 0.128447920955126 0.0617538081515027
"emySub" 0.116508851379168 0.100864553314121 0.108686702346645 0.0889254837381638 0.092630712227254 0.0988060930424043 0.0951008645533141 0.102511321531494 0 0.0951008645533141 0.0909839440098806 0.0514615067929189 0.0942774804446274 0.118567311650885 0.0848085631947303 0.105804857966241 0.0872787155207904
"gopAga" 0.0946891724989708 0.0214079868258543 0.0708110333470564 0.0535199670646357 0.0411692054343351 0.0308769040757513 0.0267599835323178 0.0724578015644298 0.0951008645533141 0 0.0432276657060519 0.0951008645533141 0.108686702346645 0.092630712227254 0.037463976945245 0.117332235487855 0.0349938246191848
"malTer" 0.0955125566076575 0.046932894195142 0.0716344174557431 0.0485796624125154 0.0127624536846439 0.045697818032112 0.0403458213256484 0.0666941128036229 0.0909839440098806 0.0432276657060519 0 0.0938657883902841 0.108275010292301 0.0922190201729107 0.0300535199670646 0.114450391107452 0.0160559901193907
"mesTub" 0.119390695759572 0.100452861259778 0.114038699053108 0.0942774804446274 0.0934540963359407 0.0979827089337176 0.0959242486620008 0.102923013585838 0.0514615067929189 0.0951008645533141 0.0938657883902841 0 0.0934540963359407 0.123507616303005 0.0889254837381638 0.104981473857555 0.0901605599011939
"pelCas" 0.132153149444216 0.115273775216138 0.130094689172499 0.110745162618361 0.108686702346645 0.116097159324825 0.110333470564018 0.120214079868259 0.0942774804446274 0.108686702346645 0.108275010292301 0.0934540963359407 0 0.127212844792096 0.102923013585838 0.0864553314121038 0.104569781803211
"pelSin" 0.0942774804446274 0.0979827089337176 0.111568546727048 0.0922190201729107 0.0946891724989708 0.0971593248250309 0.092630712227254 0.107863318237958 0.118567311650885 0.092630712227254 0.0922190201729107 0.123507616303005 0.127212844792096 0 0.0872787155207904 0.133388225607246 0.0876904075751338
"plaMeg" 0.0881020996294772 0.0444627418690819 0.0638122684232194 0.0444627418690819 0.0308769040757513 0.0407575133799918 0.0358172087278716 0.0634005763688761 0.0848085631947303 0.037463976945245 0.0300535199670646 0.0889254837381638 0.102923013585838 0.0872787155207904 0 0.111980238781392 0.0230547550432277
"podExp" 0.135446685878963 0.118979003705228 0.142033758748456 0.121449156031289 0.117743927542198 0.121860848085632 0.116097159324825 0.128447920955126 0.105804857966241 0.117332235487855 0.114450391107452 0.104981473857555 0.0864553314121038 0.133388225607246 0.111980238781392 0 0.112391930835735
"terMex" 0.0901605599011939 0.0399341292713051 0.0638122684232194 0.0428159736517085 0.0156442980650473 0.0378756689995883 0.0333470564018114 0.0617538081515027 0.0872787155207904 0.0349938246191848 0.0160559901193907 0.0901605599011939 0.104569781803211 0.0876904075751338 0.0230547550432277 0.112391930835735 0
