"carIns" "cheAbi" "cheMyd" "cheSer" "chrPic" "cuoAmb" "cuoMcc" "derCor" "derMaw" "emySub" "gopAga" "malTer" "mesTub" "pelCas" "pelSin" "plaMeg" "podExp" "terMex"
"carIns" 0 0.0510204081632653 0.052094522019334 0.0488721804511278 0.0574650912996778 0.0547798066595059 0.0558539205155747 0.0547798066595059 0.0553168635875403 0.0665950590762621 0.0510204081632653 0.0934479054779807 0.0655209452201933 0.0875402792696026 0.0617615467239527 0.0510204081632653 0.0827067669172932 0.0526315789473684
"cheAbi" 0.0510204081632653 0 0.0193340494092374 0.0220193340494092 0.0204081632653061 0.0118152524167562 0.0118152524167562 0.0241675617615467 0.0252416756176155 0.0429645542427497 0.0075187969924812 0.0580021482277121 0.0424274973147154 0.0714285714285714 0.0445757250268528 0.0128893662728249 0.0644468313641246 0.0166487647690655
"cheMyd" 0.052094522019334 0.0193340494092374 0 0.018796992481203 0.0225563909774436 0.0204081632653061 0.0204081632653061 0.014500537056928 0.0252416756176155 0.0440386680988185 0.0198711063372718 0.060687432867884 0.0445757250268528 0.0730397422126745 0.0451127819548872 0.0139634801288937 0.064983888292159 0.018796992481203
"cheSer" 0.0488721804511278 0.0220193340494092 0.018796992481203 0 0.0247046186895811 0.0209452201933405 0.0236305048335124 0.0204081632653061 0.0171858216970999 0.0402792696025779 0.0214822771213749 0.0628356605800215 0.0408163265306122 0.0676691729323308 0.0456498388829216 0.0150375939849624 0.064983888292159 0.0198711063372718
"chrPic" 0.0574650912996778 0.0204081632653061 0.0225563909774436 0.0247046186895811 0 0.0204081632653061 0.0214822771213749 0.0263157894736842 0.0290010741138561 0.0456498388829216 0.018796992481203 0.0424274973147154 0.046186895810956 0.0687432867883996 0.0483351235230935 0.0139634801288937 0.0655209452201933 0.0112781954887218
"cuoAmb" 0.0547798066595059 0.0118152524167562 0.0204081632653061 0.0209452201933405 0.0204081632653061 0 0.0037593984962406 0.0220193340494092 0.0252416756176155 0.0429645542427497 0.0118152524167562 0.0585392051557465 0.041890440386681 0.069280343716434 0.0451127819548872 0.0118152524167562 0.064983888292159 0.0150375939849624
"cuoMcc" 0.0558539205155747 0.0118152524167562 0.0204081632653061 0.0236305048335124 0.0214822771213749 0.0037593984962406 0 0.0247046186895811 0.0279269602577873 0.0451127819548872 0.0118152524167562 0.0596133190118153 0.0429645542427497 0.0703544575725027 0.0456498388829216 0.0134264232008593 0.064983888292159 0.0166487647690655
"derCor" 0.0547798066595059 0.0241675617615467 0.014500537056928 0.0204081632653061 0.0263157894736842 0.0220193340494092 0.0247046186895811 0 0.0263157894736842 0.046186895810956 0.0236305048335124 0.0633727175080559 0.0467239527389903 0.0719656283566058 0.0467239527389903 0.0166487647690655 0.0682062298603652 0.0214822771213749
"derMaw" 0.0553168635875403 0.0252416756176155 0.0252416756176155 0.0171858216970999 0.0290010741138561 0.0252416756176155 0.0279269602577873 0.0263157894736842 0 0.0440386680988185 0.0247046186895811 0.0665950590762621 0.0440386680988185 0.0703544575725027 0.0477980665950591 0.018796992481203 0.064983888292159 0.0241675617615467
"emySub" 0.0665950590762621 0.0429645542427497 0.0440386680988185 0.0402792696025779 0.0456498388829216 0.0429645542427497 0.0451127819548872 0.046186895810956 0.0440386680988185 0 0.041890440386681 0.0821697099892589 0.0182599355531686 0.0633727175080559 0.0553168635875403 0.0392051557465091 0.0590762620837809 0.0413533834586466
"gopAga" 0.0510204081632653 0.0075187969924812 0.0198711063372718 0.0214822771213749 0.018796992481203 0.0118152524167562 0.0118152524167562 0.0236305048335124 0.0247046186895811 0.041890440386681 0 0.056390977443609 0.0413533834586466 0.0698174006444683 0.0424274973147154 0.0112781954887218 0.0655209452201933 0.0150375939849624
"malTer" 0.0934479054779807 0.0580021482277121 0.060687432867884 0.0628356605800215 0.0424274973147154 0.0585392051557465 0.0596133190118153 0.0633727175080559 0.0665950590762621 0.0821697099892589 0.056390977443609 0 0.0832438238453276 0.105263157894737 0.0827067669172932 0.052094522019334 0.100966702470462 0.0494092373791622
"mesTub" 0.0655209452201933 0.0424274973147154 0.0445757250268528 0.0408163265306122 0.046186895810956 0.041890440386681 0.0429645542427497 0.0467239527389903 0.0440386680988185 0.0182599355531686 0.0413533834586466 0.0832438238453276 0 0.0628356605800215 0.056390977443609 0.0397422126745435 0.0569280343716434 0.041890440386681
"pelCas" 0.0875402792696026 0.0714285714285714 0.0730397422126745 0.0676691729323308 0.0687432867883996 0.069280343716434 0.0703544575725027 0.0719656283566058 0.0703544575725027 0.0633727175080559 0.0698174006444683 0.105263157894737 0.0628356605800215 0 0.0843179377013964 0.0655209452201933 0.0660580021482277 0.0655209452201933
"pelSin" 0.0617615467239527 0.0445757250268528 0.0451127819548872 0.0456498388829216 0.0483351235230935 0.0451127819548872 0.0456498388829216 0.0467239527389903 0.0477980665950591 0.0553168635875403 0.0424274973147154 0.0827067669172932 0.056390977443609 0.0843179377013964 0 0.041890440386681 0.0762620837808808 0.0451127819548872
"plaMeg" 0.0510204081632653 0.0128893662728249 0.0139634801288937 0.0150375939849624 0.0139634801288937 0.0118152524167562 0.0134264232008593 0.0166487647690655 0.018796992481203 0.0392051557465091 0.0112781954887218 0.052094522019334 0.0397422126745435 0.0655209452201933 0.041890440386681 0 0.0628356605800215 0.00912996777658432
"podExp" 0.0827067669172932 0.0644468313641246 0.064983888292159 0.064983888292159 0.0655209452201933 0.064983888292159 0.064983888292159 0.0682062298603652 0.064983888292159 0.0590762620837809 0.0655209452201933 0.100966702470462 0.0569280343716434 0.0660580021482277 0.0762620837808808 0.0628356605800215 0 0.064983888292159
"terMex" 0.0526315789473684 0.0166487647690655 0.018796992481203 0.0198711063372718 0.0112781954887218 0.0150375939849624 0.0166487647690655 0.0214822771213749 0.0241675617615467 0.0413533834586466 0.0150375939849624 0.0494092373791622 0.041890440386681 0.0655209452201933 0.0451127819548872 0.00912996777658432 0.064983888292159 0
