"carIns" "cheAbi" "cheMyd" "cheSer" "chrPic" "cuoAmb" "cuoMcc" "derMaw" "emySub" "malTer" "mesTub" "pelCas" "pelSin" "plaMeg" "podExp" "terMex"
"carIns" 0 0.0902500906125408 0.0851757883291047 0.0862631388184125 0.0826386371873867 0.0844508880028996 0.0848133381660022 0.116708952519029 0.0938745922435665 0.0819137368611816 0.0974990938745922 0.108735048930772 0.0985864443639 0.0797390358825661 0.119971003986952 0.0830010873504893
"cheAbi" 0.0902500906125408 0 0.0387821674519754 0.0369699166364625 0.0289960130482059 0.0231968104385647 0.0224719101123595 0.073939833272925 0.0656034795215658 0.0282711127220007 0.0724900326205147 0.0830010873504893 0.0819137368611816 0.0264588619064879 0.0978615440376948 0.0289960130482059
"cheMyd" 0.0851757883291047 0.0387821674519754 0 0.0304458137006162 0.029720913374411 0.0326205146792316 0.0318956143530265 0.0674157303370786 0.0587169264226169 0.0282711127220007 0.0681406306632838 0.0793765857194636 0.0775643349039507 0.0279086625588982 0.0927872417542588 0.0293584632113084
"cheSer" 0.0862631388184125 0.0369699166364625 0.0304458137006162 0 0.0260964117433853 0.0293584632113084 0.0286335628851033 0.0663283798477709 0.0579920260964117 0.0253715114171801 0.0663283798477709 0.076476984414643 0.0761145342515404 0.0242841609278724 0.0920623414280536 0.0260964117433853
"chrPic" 0.0826386371873867 0.0289960130482059 0.029720913374411 0.0260964117433853 0 0.0217470097861544 0.0210221094599493 0.0674157303370786 0.0561797752808989 0.00507430228343603 0.0634287785429503 0.0743022834360275 0.0724900326205147 0.0144980065241029 0.0888002899601305 0.0108735048930772
"cuoAmb" 0.0844508880028996 0.0231968104385647 0.0326205146792316 0.0293584632113084 0.0217470097861544 0 0.00579920260964117 0.0674157303370786 0.056904675607104 0.0210221094599493 0.0645161290322581 0.0750271837622327 0.0743022834360275 0.0188474084813338 0.0906125407756433 0.0224719101123595
"cuoMcc" 0.0848133381660022 0.0224719101123595 0.0318956143530265 0.0286335628851033 0.0210221094599493 0.00579920260964117 0 0.0681406306632838 0.0565422254440014 0.0202972091337441 0.0637912287060529 0.0753896339253353 0.0746647335991301 0.0181225081551287 0.0898876404494382 0.0217470097861544
"derMaw" 0.116708952519029 0.073939833272925 0.0674157303370786 0.0663283798477709 0.0674157303370786 0.0674157303370786 0.0681406306632838 0 0.0909749909387459 0.0666908300108735 0.096049293222182 0.109459949256977 0.11127220007249 0.0652410293584632 0.119608553823849 0.0659659296846684
"emySub" 0.0938745922435665 0.0656034795215658 0.0587169264226169 0.0579920260964117 0.0561797752808989 0.056904675607104 0.0565422254440014 0.0909749909387459 0 0.0547299746284886 0.0311707140268213 0.0601667270750272 0.0880753896339253 0.0540050743022834 0.0750271837622327 0.0572671257702066
"malTer" 0.0819137368611816 0.0282711127220007 0.0282711127220007 0.0253715114171801 0.00507430228343603 0.0210221094599493 0.0202972091337441 0.0666908300108735 0.0547299746284886 0 0.06197897789054 0.0743022834360275 0.073939833272925 0.0141355563610004 0.086625588981515 0.0101486045668721
"mesTub" 0.0974990938745922 0.0724900326205147 0.0681406306632838 0.0663283798477709 0.0634287785429503 0.0645161290322581 0.0637912287060529 0.096049293222182 0.0311707140268213 0.06197897789054 0 0.0674157303370786 0.0927872417542588 0.0612540775643349 0.0837259876766945 0.0637912287060529
"pelCas" 0.108735048930772 0.0830010873504893 0.0793765857194636 0.076476984414643 0.0743022834360275 0.0750271837622327 0.0753896339253353 0.109459949256977 0.0601667270750272 0.0743022834360275 0.0674157303370786 0 0.10003624501631 0.0732149329467198 0.0681406306632838 0.0761145342515404
"pelSin" 0.0985864443639 0.0819137368611816 0.0775643349039507 0.0761145342515404 0.0724900326205147 0.0743022834360275 0.0746647335991301 0.11127220007249 0.0880753896339253 0.073939833272925 0.0927872417542588 0.10003624501631 0 0.0724900326205147 0.117796303008336 0.0746647335991301
"plaMeg" 0.0797390358825661 0.0264588619064879 0.0279086625588982 0.0242841609278724 0.0144980065241029 0.0188474084813338 0.0181225081551287 0.0652410293584632 0.0540050743022834 0.0141355563610004 0.0612540775643349 0.0732149329467198 0.0724900326205147 0 0.0895251902863356 0.0148604566872055
"podExp" 0.119971003986952 0.0978615440376948 0.0927872417542588 0.0920623414280536 0.0888002899601305 0.0906125407756433 0.0898876404494382 0.119608553823849 0.0750271837622327 0.086625588981515 0.0837259876766945 0.0681406306632838 0.117796303008336 0.0895251902863356 0 0.0906125407756433
"terMex" 0.0830010873504893 0.0289960130482059 0.0293584632113084 0.0260964117433853 0.0108735048930772 0.0224719101123595 0.0217470097861544 0.0659659296846684 0.0572671257702066 0.0101486045668721 0.0637912287060529 0.0761145342515404 0.0746647335991301 0.0148604566872055 0.0906125407756433 0
