"carIns" "cheAbi" "cheMyd" "cheSer" "cuoMcc" "derCor" "derMaw" "emySub" "gopAga" "mesTub" "pelCas" "pelSin" "podExp" "terMex"
"carIns" 0 0.105011933174224 0.0692124105011933 0.0692124105011933 0.0676213206046142 0.071599045346062 0.0763723150357995 0.0819411296738266 0.0731901352426412 0.115354017501989 0.0970564836913286 0.0787589498806683 0.0946698488464598 0.096260938743039
"cheAbi" 0.105011933174224 0 0.0644391408114559 0.0668257756563246 0.0525059665871122 0.066030230708035 0.0731901352426412 0.0986475735879077 0.0588703261734288 0.105011933174224 0.106603023070804 0.096260938743039 0.106603023070804 0.0620525059665871
"cheMyd" 0.0692124105011933 0.0644391408114559 0 0.0246618933969769 0.0254574383452665 0.0159108989657916 0.0365950676213206 0.0588703261734288 0.030230708035004 0.0930787589498807 0.0684168655529037 0.0596658711217184 0.0692124105011933 0.0540970564836913
"cheSer" 0.0692124105011933 0.0668257756563246 0.0246618933969769 0 0.0278440731901352 0.0270485282418457 0.0278440731901352 0.0572792362768496 0.0350039777247414 0.086714399363564 0.0636435958631663 0.0596658711217184 0.0668257756563246 0.0548926014319809
"cuoMcc" 0.0676213206046142 0.0525059665871122 0.0254574383452665 0.0278440731901352 0 0.0294351630867144 0.0373906125696102 0.0596658711217184 0.0175019888623707 0.0906921241050119 0.0676213206046142 0.0580747812251392 0.0676213206046142 0.0493237867939539
"derCor" 0.071599045346062 0.066030230708035 0.0159108989657916 0.0270485282418457 0.0294351630867144 0 0.035799522673031 0.0620525059665871 0.035799522673031 0.0946698488464598 0.0700079554494829 0.0596658711217184 0.0692124105011933 0.0580747812251392
"derMaw" 0.0763723150357995 0.0731901352426412 0.0365950676213206 0.0278440731901352 0.0373906125696102 0.035799522673031 0 0.0676213206046142 0.045346062052506 0.0994431185361973 0.0739856801909308 0.0676213206046142 0.0739856801909308 0.0652346857597454
"emySub" 0.0819411296738266 0.0986475735879077 0.0588703261734288 0.0572792362768496 0.0596658711217184 0.0620525059665871 0.0676213206046142 0 0.0612569610182975 0.0676213206046142 0.0580747812251392 0.0668257756563246 0.0548926014319809 0.0883054892601432
"gopAga" 0.0731901352426412 0.0588703261734288 0.030230708035004 0.0350039777247414 0.0175019888623707 0.035799522673031 0.045346062052506 0.0612569610182975 0 0.0946698488464598 0.0739856801909308 0.0628480509148767 0.0723945902943516 0.0548926014319809
"mesTub" 0.115354017501989 0.105011933174224 0.0930787589498807 0.086714399363564 0.0906921241050119 0.0946698488464598 0.0994431185361973 0.0676213206046142 0.0946698488464598 0 0.0930787589498807 0.102625298329356 0.0930787589498807 0.100238663484487
"pelCas" 0.0970564836913286 0.106603023070804 0.0684168655529037 0.0636435958631663 0.0676213206046142 0.0700079554494829 0.0739856801909308 0.0580747812251392 0.0739856801909308 0.0930787589498807 0 0.0795544948289578 0.0413683373110581 0.0954653937947494
"pelSin" 0.0787589498806683 0.096260938743039 0.0596658711217184 0.0596658711217184 0.0580747812251392 0.0596658711217184 0.0676213206046142 0.0668257756563246 0.0628480509148767 0.102625298329356 0.0795544948289578 0 0.0803500397772474 0.0875099443118536
"podExp" 0.0946698488464598 0.106603023070804 0.0692124105011933 0.0668257756563246 0.0676213206046142 0.0692124105011933 0.0739856801909308 0.0548926014319809 0.0723945902943516 0.0930787589498807 0.0413683373110581 0.0803500397772474 0 0.0978520286396181
"terMex" 0.096260938743039 0.0620525059665871 0.0540970564836913 0.0548926014319809 0.0493237867939539 0.0580747812251392 0.0652346857597454 0.0883054892601432 0.0548926014319809 0.100238663484487 0.0954653937947494 0.0875099443118536 0.0978520286396181 0
