"carIns" "cheAbi" "cheMyd" "cheSer" "chrPic" "cuoAmb" "cuoMcc" "derCor" "derMaw" "emySub" "gopAga" "mesTub" "pelCas" "pelSin" "plaMeg" "podExp" "terMex"
"carIns" 0 0.0810113519091847 0.0887512899896801 0.0851393188854489 0.0841073271413829 0.0913312693498452 0.0820433436532508 0.0825593395252838 0.0902992776057792 0.102683178534572 0.0810113519091847 0.1109391124871 0.132094943240454 0.0794633642930857 0.0820433436532508 0.128482972136223 0.0892672858617131
"cheAbi" 0.0810113519091847 0 0.0340557275541796 0.0325077399380805 0.0252837977296182 0.0283797729618163 0.0159958720330237 0.0283797729618163 0.0392156862745098 0.0675954592363261 0.0128998968008256 0.0789473684210526 0.102167182662539 0.0552115583075335 0.021155830753354 0.103199174406605 0.0340557275541796
"cheMyd" 0.0887512899896801 0.0340557275541796 0 0.0361197110423117 0.0340557275541796 0.042827657378741 0.0319917440660475 0.0180598555211558 0.0407636738906089 0.0712074303405573 0.0309597523219814 0.0804953560371517 0.10577915376677 0.0577915376676987 0.0309597523219814 0.108875128998968 0.0412796697626419
"cheSer" 0.0851393188854489 0.0325077399380805 0.0361197110423117 0 0.0330237358101135 0.0412796697626419 0.0304437564499484 0.0309597523219814 0.0345717234262126 0.0732714138286894 0.0299277605779154 0.0841073271413829 0.110423116615067 0.0603715170278638 0.0299277605779154 0.109391124871001 0.0412796697626419
"chrPic" 0.0841073271413829 0.0252837977296182 0.0340557275541796 0.0330237358101135 0 0.0340557275541796 0.022703818369453 0.0288957688338493 0.0392156862745098 0.0665634674922601 0.021671826625387 0.0784313725490196 0.103199174406605 0.0567595459236326 0.021671826625387 0.106811145510836 0.0273477812177503
"cuoAmb" 0.0913312693498452 0.0283797729618163 0.042827657378741 0.0412796697626419 0.0340557275541796 0 0.0196078431372549 0.0371517027863777 0.0469556243550052 0.0773993808049536 0.0247678018575851 0.0748194014447884 0.0918472652218782 0.065531475748194 0.0314757481940144 0.100103199174407 0.0319917440660475
"cuoMcc" 0.0820433436532508 0.0159958720330237 0.0319917440660475 0.0304437564499484 0.022703818369453 0.0196078431372549 0 0.0257997936016512 0.0356037151702786 0.066047471620227 0.0134158926728586 0.0758513931888545 0.10061919504644 0.0546955624355005 0.0201238390092879 0.102167182662539 0.0314757481940144
"derCor" 0.0825593395252838 0.0283797729618163 0.0180598555211558 0.0309597523219814 0.0288957688338493 0.0371517027863777 0.0257997936016512 0 0.0361197110423117 0.0686274509803922 0.0247678018575851 0.0794633642930857 0.102683178534572 0.0557275541795666 0.0257997936016512 0.105263157894737 0.0371517027863777
"derMaw" 0.0902992776057792 0.0392156862745098 0.0407636738906089 0.0345717234262126 0.0392156862745098 0.0469556243550052 0.0356037151702786 0.0361197110423117 0 0.0743034055727554 0.0361197110423117 0.0841073271413829 0.10577915376677 0.0629514963880289 0.0335397316821465 0.108359133126935 0.04437564499484
"emySub" 0.102683178534572 0.0675954592363261 0.0712074303405573 0.0732714138286894 0.0665634674922601 0.0773993808049536 0.066047471620227 0.0686274509803922 0.0743034055727554 0 0.065015479876161 0.043343653250774 0.0923632610939112 0.0830753353973168 0.066047471620227 0.0964912280701754 0.0753353973168215
"gopAga" 0.0810113519091847 0.0128998968008256 0.0309597523219814 0.0299277605779154 0.021671826625387 0.0247678018575851 0.0134158926728586 0.0247678018575851 0.0361197110423117 0.065015479876161 0 0.0743034055727554 0.0985552115583075 0.0531475748194014 0.0196078431372549 0.101651186790506 0.0299277605779154
"mesTub" 0.1109391124871 0.0789473684210526 0.0804953560371517 0.0841073271413829 0.0784313725490196 0.0748194014447884 0.0758513931888545 0.0794633642930857 0.0841073271413829 0.043343653250774 0.0743034055727554 0 0.0887512899896801 0.0892672858617131 0.0758513931888545 0.0949432404540764 0.0722394220846233
"pelCas" 0.132094943240454 0.102167182662539 0.10577915376677 0.110423116615067 0.103199174406605 0.0918472652218782 0.10061919504644 0.102683178534572 0.10577915376677 0.0923632610939112 0.0985552115583075 0.0887512899896801 0 0.118679050567595 0.0985552115583075 0.0820433436532508 0.100103199174407
"pelSin" 0.0794633642930857 0.0552115583075335 0.0577915376676987 0.0603715170278638 0.0567595459236326 0.065531475748194 0.0546955624355005 0.0557275541795666 0.0629514963880289 0.0830753353973168 0.0531475748194014 0.0892672858617131 0.118679050567595 0 0.0546955624355005 0.11609907120743 0.066047471620227
"plaMeg" 0.0820433436532508 0.021155830753354 0.0309597523219814 0.0299277605779154 0.021671826625387 0.0314757481940144 0.0201238390092879 0.0257997936016512 0.0335397316821465 0.066047471620227 0.0196078431372549 0.0758513931888545 0.0985552115583075 0.0546955624355005 0 0.100103199174407 0.0299277605779154
"podExp" 0.128482972136223 0.103199174406605 0.108875128998968 0.109391124871001 0.106811145510836 0.100103199174407 0.102167182662539 0.105263157894737 0.108359133126935 0.0964912280701754 0.101651186790506 0.0949432404540764 0.0820433436532508 0.11609907120743 0.100103199174407 0 0.102167182662539
"terMex" 0.0892672858617131 0.0340557275541796 0.0412796697626419 0.0412796697626419 0.0273477812177503 0.0319917440660475 0.0314757481940144 0.0371517027863777 0.04437564499484 0.0753353973168215 0.0299277605779154 0.0722394220846233 0.100103199174407 0.066047471620227 0.0299277605779154 0.102167182662539 0
