"carIns" "cheAbi" "cheMyd" "cheSer" "chrPic" "cuoAmb" "cuoMcc" "derMaw" "emySub" "gopAga" "malTer" "mesTub" "pelCas" "pelSin" "plaMeg"
"carIns" 0 0.148865784499055 0.152173913043478 0.156899810964083 0.156427221172023 0.147920604914934 0.146030245746692 0.155009451795841 0.155954631379962 0.149810964083176 0.150756143667297 0.165406427221172 0.163988657844991 0.158317580340265 0.206521739130435
"cheAbi" 0.148865784499055 0 0.0293005671077505 0.0326086956521739 0.0302457466918715 0.0108695652173913 0.00992438563327032 0.0420604914933837 0.055765595463138 0.0113421550094518 0.0255198487712665 0.0609640831758034 0.0685255198487713 0.0860113421550095 0.0822306238185255
"cheMyd" 0.152173913043478 0.0293005671077505 0 0.0349716446124764 0.0378071833648393 0.0255198487712665 0.025047258979206 0.0406427221172023 0.0604914933837429 0.02882797731569 0.0326086956521739 0.0680529300567108 0.0727788279773157 0.0860113421550095 0.0883742911153119
"cheSer" 0.156899810964083 0.0326086956521739 0.0349716446124764 0 0.0321361058601134 0.0302457466918715 0.0293005671077505 0.0496219281663516 0.0647448015122873 0.0321361058601134 0.0363894139886578 0.0732514177693762 0.0704158790170132 0.0916824196597354 0.0926275992438563
"chrPic" 0.156427221172023 0.0302457466918715 0.0378071833648393 0.0321361058601134 0 0.0274102079395085 0.0264650283553875 0.0510396975425331 0.0652173913043478 0.0311909262759924 0.0108695652173913 0.0741965973534972 0.0751417769376181 0.0921550094517958 0.0916824196597354
"cuoAmb" 0.147920604914934 0.0108695652173913 0.0255198487712665 0.0302457466918715 0.0274102079395085 0 0.00378071833648393 0.0382797731568998 0.0552930056710775 0.0118147448015123 0.0222117202268431 0.0619092627599244 0.0656899810964083 0.082703213610586 0.080812854442344
"cuoMcc" 0.146030245746692 0.00992438563327032 0.025047258979206 0.0293005671077505 0.0264650283553875 0.00378071833648393 0 0.0382797731568998 0.053875236294896 0.0108695652173913 0.0212665406427221 0.0609640831758034 0.0661625708884688 0.081758034026465 0.0798676748582231
"derMaw" 0.155009451795841 0.0420604914933837 0.0406427221172023 0.0496219281663516 0.0510396975425331 0.0382797731568998 0.0382797731568998 0 0.0689981096408318 0.0415879017013233 0.0463137996219282 0.0751417769376181 0.080812854442344 0.0935727788279773 0.101606805293006
"emySub" 0.155954631379962 0.055765595463138 0.0604914933837429 0.0647448015122873 0.0652173913043478 0.0552930056710775 0.053875236294896 0.0689981096408318 0 0.055765595463138 0.0600189035916824 0.0378071833648393 0.056710775047259 0.0926275992438563 0.113894139886578
"gopAga" 0.149810964083176 0.0113421550094518 0.02882797731569 0.0321361058601134 0.0311909262759924 0.0118147448015123 0.0108695652173913 0.0415879017013233 0.055765595463138 0 0.025992438563327 0.0623818525519849 0.0694706994328922 0.0864839319470699 0.0822306238185255
"malTer" 0.150756143667297 0.0255198487712665 0.0326086956521739 0.0363894139886578 0.0108695652173913 0.0222117202268431 0.0212665406427221 0.0463137996219282 0.0600189035916824 0.025992438563327 0 0.0680529300567108 0.0723062381852552 0.0860113421550095 0.085538752362949
"mesTub" 0.165406427221172 0.0609640831758034 0.0680529300567108 0.0732514177693762 0.0741965973534972 0.0619092627599244 0.0609640831758034 0.0751417769376181 0.0378071833648393 0.0623818525519849 0.0680529300567108 0 0.0661625708884688 0.103024574669187 0.118620037807183
"pelCas" 0.163988657844991 0.0685255198487713 0.0727788279773157 0.0704158790170132 0.0751417769376181 0.0656899810964083 0.0661625708884688 0.080812854442344 0.056710775047259 0.0694706994328922 0.0723062381852552 0.0661625708884688 0 0.104442344045369 0.127599243856333
"pelSin" 0.158317580340265 0.0860113421550095 0.0860113421550095 0.0916824196597354 0.0921550094517958 0.082703213610586 0.081758034026465 0.0935727788279773 0.0926275992438563 0.0864839319470699 0.0860113421550095 0.103024574669187 0.104442344045369 0 0.136105860113422
"plaMeg" 0.206521739130435 0.0822306238185255 0.0883742911153119 0.0926275992438563 0.0916824196597354 0.080812854442344 0.0798676748582231 0.101606805293006 0.113894139886578 0.0822306238185255 0.085538752362949 0.118620037807183 0.127599243856333 0.136105860113422 0
