"cheMyd" "cheSer" "chrPic" "cuoAmb" "cuoMcc" "derCor" "derMaw" "emySub" "gopAga" "malTer" "mesTub" "pelCas" "pelSin" "plaMeg" "podExp" "terMex"
"cheMyd" 0 0.0640394088669951 0.0806090461262875 0.0703090013434841 0.0685176892073444 0.109270040304523 0.0734437975817286 0.107926556202418 0.0725481415136588 0.0698611733094492 0.101656963725929 0.122704881325571 0.105239587998209 0.142409314823108 0.126735333631885 0.0721003134796238
"cheSer" 0.0640394088669951 0 0.0698611733094492 0.0528437080161218 0.051948051948052 0.111061352440663 0.0573219883564711 0.0958351992834751 0.0595611285266458 0.0568741603224362 0.0850873264666368 0.109717868338558 0.090013434841021 0.13166144200627 0.114643976712942 0.0591133004926108
"chrPic" 0.0806090461262875 0.0698611733094492 0 0.0492610837438424 0.0474697716077026 0.115091804746977 0.0680698611733094 0.0976265114196149 0.057769816390506 0.0273175100761308 0.0922525750111957 0.113300492610837 0.0918047469771608 0.124496193461711 0.119570085087326 0.0398566950291088
"cuoAmb" 0.0703090013434841 0.0528437080161218 0.0492610837438424 0 0.00447828034034931 0.101656963725929 0.051948051948052 0.0832960143304971 0.0246305418719212 0.0344827586206897 0.0729959695476937 0.096730855351545 0.0779220779220779 0.114196148678907 0.101656963725929 0.0416480071652485
"cuoMcc" 0.0685176892073444 0.051948051948052 0.0474697716077026 0.00447828034034931 0 0.0998656515897895 0.0501567398119122 0.0824003582624272 0.0228392297357815 0.0331392745185849 0.0721003134796238 0.0958351992834751 0.0761307657859382 0.112852664576803 0.0994178235557546 0.0398566950291088
"derCor" 0.109270040304523 0.111061352440663 0.115091804746977 0.101656963725929 0.0998656515897895 0 0.104343931930139 0.141065830721003 0.109717868338558 0.0994178235557546 0.127630989699955 0.151813703537841 0.131213613972235 0.140170174652933 0.154948499776086 0.107478728168383
"derMaw" 0.0734437975817286 0.0573219883564711 0.0680698611733094 0.051948051948052 0.0501567398119122 0.104343931930139 0 0.0909090909090909 0.0609046126287506 0.0537393640841917 0.0806090461262875 0.103448275862069 0.0806090461262875 0.13166144200627 0.107030900134348 0.0595611285266458
"emySub" 0.107926556202418 0.0958351992834751 0.0976265114196149 0.0832960143304971 0.0824003582624272 0.141065830721003 0.0909090909090909 0 0.0935960591133005 0.0855351545006717 0.0412001791312136 0.0859829825347067 0.101209135691894 0.16077026421854 0.0953873712494402 0.0931482310792656
"gopAga" 0.0725481415136588 0.0595611285266458 0.057769816390506 0.0246305418719212 0.0228392297357815 0.109717868338558 0.0609046126287506 0.0935960591133005 0 0.045230631437528 0.084191670398567 0.106583072100313 0.0864308105687416 0.119570085087326 0.111061352440663 0.0479175996417376
"malTer" 0.0698611733094492 0.0568741603224362 0.0273175100761308 0.0344827586206897 0.0331392745185849 0.0994178235557546 0.0537393640841917 0.0855351545006717 0.045230631437528 0 0.0756829377519033 0.0985221674876847 0.0761307657859382 0.118674429019257 0.102552619793999 0.0353784146887595
"mesTub" 0.101656963725929 0.0850873264666368 0.0922525750111957 0.0729959695476937 0.0721003134796238 0.127630989699955 0.0806090461262875 0.0412001791312136 0.084191670398567 0.0756829377519033 0 0.0770264218540081 0.090013434841021 0.148678907299597 0.0846394984326019 0.0824003582624272
"pelCas" 0.122704881325571 0.109717868338558 0.113300492610837 0.096730855351545 0.0958351992834751 0.151813703537841 0.103448275862069 0.0859829825347067 0.106583072100313 0.0985221674876847 0.0770264218540081 0 0.111957008508733 0.173309449171518 0.0810568741603224 0.104343931930139
"pelSin" 0.105239587998209 0.090013434841021 0.0918047469771608 0.0779220779220779 0.0761307657859382 0.131213613972235 0.0806090461262875 0.101209135691894 0.0864308105687416 0.0761307657859382 0.090013434841021 0.111957008508733 0 0.154500671742051 0.120465741155396 0.0855351545006717
"plaMeg" 0.142409314823108 0.13166144200627 0.124496193461711 0.114196148678907 0.112852664576803 0.140170174652933 0.13166144200627 0.16077026421854 0.119570085087326 0.118674429019257 0.148678907299597 0.173309449171518 0.154500671742051 0 0.175100761307658 0.113300492610837
"podExp" 0.126735333631885 0.114643976712942 0.119570085087326 0.101656963725929 0.0994178235557546 0.154948499776086 0.107030900134348 0.0953873712494402 0.111061352440663 0.102552619793999 0.0846394984326019 0.0810568741603224 0.120465741155396 0.175100761307658 0 0.111061352440663
"terMex" 0.0721003134796238 0.0591133004926108 0.0398566950291088 0.0416480071652485 0.0398566950291088 0.107478728168383 0.0595611285266458 0.0931482310792656 0.0479175996417376 0.0353784146887595 0.0824003582624272 0.104343931930139 0.0855351545006717 0.113300492610837 0.111061352440663 0
