"carIns" "cheAbi" "cheMyd" "cheSer" "chrPic" "cuoAmb" "cuoMcc" "derCor" "derMaw" "emySub" "gopAga" "malTer" "mesTub" "pelCas" "pelSin" "plaMeg" "podExp" "terMex"
"carIns" 0 0.103960396039604 0.0919377652050919 0.0951202263083451 0.0852192362093352 0.0898161244695898 0.0887553041018388 0.0951202263083451 0.0940594059405941 0.102192362093352 0.0926449787835926 0.0855728429985856 0.101485148514851 0.120933521923621 0.0993635077793494 0.0862800565770863 0.118811881188119 0.0887553041018388
"cheAbi" 0.103960396039604 0 0.0466760961810467 0.0466760961810467 0.0328854314002829 0.0297029702970297 0.0279349363507779 0.0449080622347949 0.0541018387553041 0.0746110325318246 0.0254596888260255 0.0318246110325318 0.0774398868458274 0.0947666195190948 0.0767326732673267 0.0325318246110325 0.0944130127298444 0.0342998585572843
"cheMyd" 0.0919377652050919 0.0466760961810467 0 0.0297029702970297 0.0307637906647808 0.0357142857142857 0.0342998585572843 0.0219236209335219 0.0374823196605375 0.0615275813295615 0.0392503536067893 0.0304101838755304 0.0618811881188119 0.0834512022630834 0.0774398868458274 0.0300565770862801 0.0848656294200849 0.0328854314002829
"cheSer" 0.0951202263083451 0.0466760961810467 0.0297029702970297 0 0.0332390381895332 0.0374823196605375 0.0364214992927864 0.0307637906647808 0.03995756718529 0.0664780763790665 0.041018387553041 0.0332390381895332 0.068953323903819 0.0848656294200849 0.080975954738331 0.0297029702970297 0.0876944837340877 0.0346534653465347
"chrPic" 0.0852192362093352 0.0328854314002829 0.0307637906647808 0.0332390381895332 0 0.0176803394625177 0.0159123055162659 0.0307637906647808 0.0392503536067893 0.0583451202263083 0.0201555869872702 0.00318246110325318 0.0572842998585573 0.0799151343705799 0.0682461103253182 0.0130834512022631 0.0795615275813296 0.0099009900990099
"cuoAmb" 0.0898161244695898 0.0297029702970297 0.0357142857142857 0.0374823196605375 0.0176803394625177 0 0.00388967468175389 0.0353606789250354 0.0445544554455446 0.0643564356435644 0.0173267326732673 0.0166195190947666 0.0650636492220651 0.0862800565770863 0.0728429985855728 0.0187411598302687 0.0838048090523338 0.0212164073550212
"cuoMcc" 0.0887553041018388 0.0279349363507779 0.0342998585572843 0.0364214992927864 0.0159123055162659 0.00388967468175389 0 0.0335926449787836 0.0434936350777935 0.0618811881188119 0.0155586987270156 0.0148514851485149 0.0625884016973126 0.0848656294200849 0.0714285714285714 0.016973125884017 0.0823903818953324 0.0194483734087694
"derCor" 0.0951202263083451 0.0449080622347949 0.0219236209335219 0.0307637906647808 0.0307637906647808 0.0353606789250354 0.0335926449787836 0 0.0371287128712871 0.0661244695898161 0.0385431400282885 0.0304101838755304 0.0671852899575672 0.0855728429985856 0.0792079207920792 0.0304101838755304 0.0873408769448373 0.0335926449787836
"derMaw" 0.0940594059405941 0.0541018387553041 0.0374823196605375 0.03995756718529 0.0392503536067893 0.0445544554455446 0.0434936350777935 0.0371287128712871 0 0.0714285714285714 0.0491513437057991 0.0392503536067893 0.0739038189533239 0.0901697312588402 0.0834512022630834 0.0374823196605375 0.0944130127298444 0.0413719943422914
"emySub" 0.102192362093352 0.0746110325318246 0.0615275813295615 0.0664780763790665 0.0583451202263083 0.0643564356435644 0.0618811881188119 0.0661244695898161 0.0714285714285714 0 0.0643564356435644 0.057991513437058 0.0304101838755304 0.0618811881188119 0.0862800565770863 0.0597595473833098 0.0615275813295615 0.0608203677510608
"gopAga" 0.0926449787835926 0.0254596888260255 0.0392503536067893 0.041018387553041 0.0201555869872702 0.0173267326732673 0.0155586987270156 0.0385431400282885 0.0491513437057991 0.0643564356435644 0 0.0190947666195191 0.0654172560113154 0.088048090523338 0.0739038189533239 0.0219236209335219 0.0838048090523338 0.0236916548797737
"malTer" 0.0855728429985856 0.0318246110325318 0.0304101838755304 0.0332390381895332 0.00318246110325318 0.0166195190947666 0.0148514851485149 0.0304101838755304 0.0392503536067893 0.057991513437058 0.0190947666195191 0 0.0569306930693069 0.0802687411598303 0.0675388967468175 0.012022630834512 0.0792079207920792 0.00884016973125884
"mesTub" 0.101485148514851 0.0774398868458274 0.0618811881188119 0.068953323903819 0.0572842998585573 0.0650636492220651 0.0625884016973126 0.0671852899575672 0.0739038189533239 0.0304101838755304 0.0654172560113154 0.0569306930693069 0 0.068953323903819 0.0866336633663366 0.0594059405940594 0.0668316831683168 0.0611739745403112
"pelCas" 0.120933521923621 0.0947666195190948 0.0834512022630834 0.0848656294200849 0.0799151343705799 0.0862800565770863 0.0848656294200849 0.0855728429985856 0.0901697312588402 0.0618811881188119 0.088048090523338 0.0802687411598303 0.068953323903819 0 0.104314002828854 0.0802687411598303 0.0721357850070721 0.0838048090523338
"pelSin" 0.0993635077793494 0.0767326732673267 0.0774398868458274 0.080975954738331 0.0682461103253182 0.0728429985855728 0.0714285714285714 0.0792079207920792 0.0834512022630834 0.0862800565770863 0.0739038189533239 0.0675388967468175 0.0866336633663366 0.104314002828854 0 0.0685997171145686 0.105021216407355 0.07001414427157
"plaMeg" 0.0862800565770863 0.0325318246110325 0.0300565770862801 0.0297029702970297 0.0130834512022631 0.0187411598302687 0.016973125884017 0.0304101838755304 0.0374823196605375 0.0597595473833098 0.0219236209335219 0.012022630834512 0.0594059405940594 0.0802687411598303 0.0685997171145686 0 0.0774398868458274 0.0123762376237624
"podExp" 0.118811881188119 0.0944130127298444 0.0848656294200849 0.0876944837340877 0.0795615275813296 0.0838048090523338 0.0823903818953324 0.0873408769448373 0.0944130127298444 0.0615275813295615 0.0838048090523338 0.0792079207920792 0.0668316831683168 0.0721357850070721 0.105021216407355 0.0774398868458274 0 0.0813295615275813
"terMex" 0.0887553041018388 0.0342998585572843 0.0328854314002829 0.0346534653465347 0.0099009900990099 0.0212164073550212 0.0194483734087694 0.0335926449787836 0.0413719943422914 0.0608203677510608 0.0236916548797737 0.00884016973125884 0.0611739745403112 0.0838048090523338 0.07001414427157 0.0123762376237624 0.0813295615275813 0
