"cheAbi" "cheMyd" "chrPic" "cuoMcc" "derCor" "derMaw" "emySub" "malTer" "mesTub" "pelCas" "pelSin" "plaMeg" "podExp" "terMex"
"cheAbi" 0 0.0360863095238095 0.021577380952381 0.0171130952380952 0.0323660714285714 0.0412946428571429 0.0569196428571429 0.0691964285714286 0.0554315476190476 0.068452380952381 0.0654761904761905 0.0234375 0.0751488095238095 0.0234375
"cheMyd" 0.0360863095238095 0 0.0264136904761905 0.0297619047619048 0.0230654761904762 0.0412946428571429 0.0550595238095238 0.0714285714285714 0.0520833333333333 0.0662202380952381 0.0647321428571429 0.0260416666666667 0.0740327380952381 0.025297619047619
"chrPic" 0.021577380952381 0.0264136904761905 0 0.0167410714285714 0.0249255952380952 0.0319940476190476 0.046875 0.0505952380952381 0.0453869047619048 0.0591517857142857 0.0576636904761905 0.0111607142857143 0.0669642857142857 0.00855654761904762
"cuoMcc" 0.0171130952380952 0.0297619047619048 0.0167410714285714 0 0.0297619047619048 0.0379464285714286 0.0520833333333333 0.0632440476190476 0.0498511904761905 0.0639880952380952 0.060639880952381 0.0189732142857143 0.0699404761904762 0.0186011904761905
"derCor" 0.0323660714285714 0.0230654761904762 0.0249255952380952 0.0297619047619048 0 0.0412946428571429 0.052827380952381 0.0695684523809524 0.052827380952381 0.0662202380952381 0.0621279761904762 0.0260416666666667 0.072172619047619 0.0275297619047619
"derMaw" 0.0412946428571429 0.0412946428571429 0.0319940476190476 0.0379464285714286 0.0412946428571429 0 0.0591517857142857 0.0758928571428571 0.0576636904761905 0.0703125 0.0703125 0.0342261904761905 0.0751488095238095 0.0342261904761905
"emySub" 0.0569196428571429 0.0550595238095238 0.046875 0.0520833333333333 0.052827380952381 0.0591517857142857 0 0.0900297619047619 0.0238095238095238 0.0509672619047619 0.0703125 0.0502232142857143 0.0591517857142857 0.0502232142857143
"malTer" 0.0691964285714286 0.0714285714285714 0.0505952380952381 0.0632440476190476 0.0695684523809524 0.0758928571428571 0.0900297619047619 0 0.0900297619047619 0.0993303571428571 0.100446428571429 0.0587797619047619 0.104910714285714 0.056547619047619
"mesTub" 0.0554315476190476 0.0520833333333333 0.0453869047619048 0.0498511904761905 0.052827380952381 0.0576636904761905 0.0238095238095238 0.0900297619047619 0 0.0494791666666667 0.0677083333333333 0.048735119047619 0.0558035714285714 0.0479910714285714
"pelCas" 0.068452380952381 0.0662202380952381 0.0591517857142857 0.0639880952380952 0.0662202380952381 0.0703125 0.0509672619047619 0.0993303571428571 0.0494791666666667 0 0.0803571428571429 0.0625 0.0598958333333333 0.0625
"pelSin" 0.0654761904761905 0.0647321428571429 0.0576636904761905 0.060639880952381 0.0621279761904762 0.0703125 0.0703125 0.100446428571429 0.0677083333333333 0.0803571428571429 0 0.0587797619047619 0.0851934523809524 0.0598958333333333
"plaMeg" 0.0234375 0.0260416666666667 0.0111607142857143 0.0189732142857143 0.0260416666666667 0.0342261904761905 0.0502232142857143 0.0587797619047619 0.048735119047619 0.0625 0.0587797619047619 0 0.0703125 0.0107886904761905
"podExp" 0.0751488095238095 0.0740327380952381 0.0669642857142857 0.0699404761904762 0.072172619047619 0.0751488095238095 0.0591517857142857 0.104910714285714 0.0558035714285714 0.0598958333333333 0.0851934523809524 0.0703125 0 0.0688244047619048
"terMex" 0.0234375 0.025297619047619 0.00855654761904762 0.0186011904761905 0.0275297619047619 0.0342261904761905 0.0502232142857143 0.056547619047619 0.0479910714285714 0.0625 0.0598958333333333 0.0107886904761905 0.0688244047619048 0
