"carIns" "cheAbi" "cheMyd" "cheSer" "chrPic" "cuoAmb" "cuoMcc" "derMaw" "emySub" "malTer" "mesTub" "pelCas" "pelSin" "plaMeg" "podExp" "terMex"
"carIns" 0 0.0678091026349733 0.0650451446471347 0.138013635526073 0.0611756034641607 0.0648608807812788 0.0657822001105583 0.0670720471715497 0.0709415883545237 0.0753639211350654 0.0759167127326331 0.0790491984521835 0.0702045328911 0.0597014925373134 0.0836557950985812 0.0713101160862355
"cheAbi" 0.0678091026349733 0 0.0315091210613599 0.110374055647687 0.0204532891100055 0.0163994840611756 0.0171365395245992 0.0385111479638843 0.0563847429519071 0.0348258706467662 0.0584116454763221 0.0635710337202875 0.0615441311958725 0.0191634420490142 0.0678091026349733 0.0309563294637922
"cheMyd" 0.0650451446471347 0.0315091210613599 0 0.103372028745163 0.0239543025612677 0.0274553160125299 0.0280081076100977 0.0324304403906394 0.0528837295006449 0.0383268840980284 0.0569375345494748 0.0626497143910079 0.0609913395983048 0.0234015109637 0.066519255573982 0.0340888151833425
"cheSer" 0.138013635526073 0.110374055647687 0.103372028745163 0 0.102266445550028 0.104661875806154 0.105398931269578 0.108531416989128 0.128984706099134 0.107057306062281 0.13230145568454 0.133591302745532 0.133591302745532 0.102634973281739 0.140593329648056 0.113322277501382
"chrPic" 0.0611756034641607 0.0204532891100055 0.0239543025612677 0.102266445550028 0 0.0171365395245992 0.0176893311221669 0.0305878017320803 0.0503040353786622 0.0176893311221669 0.0543578404274922 0.0567532706836189 0.0574903261470426 0.0119771512806339 0.0630182421227197 0.0191634420490142
"cuoAmb" 0.0648608807812788 0.0163994840611756 0.0274553160125299 0.104661875806154 0.0171365395245992 0 0.00257969412198268 0.0346416067809103 0.0539893126957804 0.0315091210613599 0.0563847429519071 0.0608070757324489 0.0597014925373134 0.0162152201953197 0.066519255573982 0.0280081076100977
"cuoMcc" 0.0657822001105583 0.0171365395245992 0.0280081076100977 0.105398931269578 0.0176893311221669 0.00257969412198268 0 0.035194398378478 0.0538050488299244 0.0320619126589276 0.0560162152201953 0.0608070757324489 0.0602542841348812 0.0167680117928874 0.066334991708126 0.0285608992076654
"derMaw" 0.0670720471715497 0.0385111479638843 0.0324304403906394 0.108531416989128 0.0305878017320803 0.0346416067809103 0.035194398378478 0 0.0587801732080339 0.0447761194029851 0.0637552975861434 0.0654136723788465 0.0626497143910079 0.0304035378662244 0.0698360051593882 0.0416436336834347
"emySub" 0.0709415883545237 0.0563847429519071 0.0528837295006449 0.128984706099134 0.0503040353786622 0.0539893126957804 0.0538050488299244 0.0587801732080339 0 0.0633867698544315 0.0346416067809103 0.0512253547079418 0.0714943799520914 0.0484613967201032 0.0574903261470426 0.0595172286714575
"malTer" 0.0753639211350654 0.0348258706467662 0.0383268840980284 0.107057306062281 0.0176893311221669 0.0315091210613599 0.0320619126589276 0.0447761194029851 0.0633867698544315 0 0.0681776303666851 0.0711258522203796 0.0705730606228119 0.0265339966832504 0.0762852404643449 0.0337202874516307
"mesTub" 0.0759167127326331 0.0584116454763221 0.0569375345494748 0.13230145568454 0.0543578404274922 0.0563847429519071 0.0560162152201953 0.0637552975861434 0.0346416067809103 0.0681776303666851 0 0.0562004790860512 0.0731527547447945 0.0525152017689331 0.0622811866592961 0.0646766169154229
"pelCas" 0.0790491984521835 0.0635710337202875 0.0626497143910079 0.133591302745532 0.0567532706836189 0.0608070757324489 0.0608070757324489 0.0654136723788465 0.0512253547079418 0.0711258522203796 0.0562004790860512 0 0.0768380320619127 0.056569006817763 0.0501197715128063 0.0674405749032615
"pelSin" 0.0702045328911 0.0615441311958725 0.0609913395983048 0.133591302745532 0.0574903261470426 0.0597014925373134 0.0602542841348812 0.0626497143910079 0.0714943799520914 0.0705730606228119 0.0731527547447945 0.0768380320619127 0 0.0562004790860512 0.0825502119034457 0.066334991708126
"plaMeg" 0.0597014925373134 0.0191634420490142 0.0234015109637 0.102634973281739 0.0119771512806339 0.0162152201953197 0.0167680117928874 0.0304035378662244 0.0484613967201032 0.0265339966832504 0.0525152017689331 0.056569006817763 0.0562004790860512 0 0.0620969227934402 0.0219274000368528
"podExp" 0.0836557950985812 0.0678091026349733 0.066519255573982 0.140593329648056 0.0630182421227197 0.066519255573982 0.066334991708126 0.0698360051593882 0.0574903261470426 0.0762852404643449 0.0622811866592961 0.0501197715128063 0.0825502119034457 0.0620969227934402 0 0.0725999631472268
"terMex" 0.0713101160862355 0.0309563294637922 0.0340888151833425 0.113322277501382 0.0191634420490142 0.0280081076100977 0.0285608992076654 0.0416436336834347 0.0595172286714575 0.0337202874516307 0.0646766169154229 0.0674405749032615 0.066334991708126 0.0219274000368528 0.0725999631472268 0
