"cheAbi" "cheMyd" "cheSer" "chrPic" "cuoAmb" "cuoMcc" "derCor" "derMaw" "emySub" "gopAga" "malTer" "mesTub" "pelCas" "pelSin" "plaMeg" "podExp" "terMex"
"cheAbi" 0 0.048233046800382 0.0448901623686724 0.0291308500477555 0.0296084049665712 0.0281757402101242 0.048233046800382 0.0692454632282713 0.0950334288443171 0.0238777459407832 0.0319961795606495 0.0945558739255014 0.0897803247373448 0.0711556829035339 0.0348615090735435 0.108882521489971 0.0315186246418338
"cheMyd" 0.048233046800382 0 0.048233046800382 0.0377268385864374 0.052531041069723 0.0515759312320917 0.0334288443170965 0.0697230181470869 0.0926456542502388 0.0472779369627507 0.0401146131805158 0.0869149952244508 0.0897803247373448 0.0716332378223496 0.0425023877745941 0.10458452722063 0.0415472779369628
"cheSer" 0.0448901623686724 0.048233046800382 0 0.0319961795606495 0.0429799426934097 0.0420248328557784 0.0444126074498567 0.055396370582617 0.0787965616045845 0.0429799426934097 0.0339063992359121 0.0845272206303725 0.0835721107927412 0.056829035339064 0.0386819484240688 0.10458452722063 0.0329512893982808
"chrPic" 0.0291308500477555 0.0377268385864374 0.0319961795606495 0 0.0334288443170965 0.0324737344794651 0.0339063992359121 0.0558739255014327 0.0840496657115568 0.0315186246418338 0.00429799426934097 0.0883476599808978 0.0864374403056351 0.0606494746895893 0.0200573065902579 0.103151862464183 0.0109837631327603
"cuoAmb" 0.0296084049665712 0.052531041069723 0.0429799426934097 0.0334288443170965 0 0.0105062082139446 0.0491881566380134 0.0673352435530086 0.0912129894937918 0.0267430754536772 0.0362941738299905 0.0921680993314231 0.0912129894937918 0.0725883476599809 0.0391595033428844 0.115090735434575 0.0353390639923591
"cuoMcc" 0.0281757402101242 0.0515759312320917 0.0420248328557784 0.0324737344794651 0.0105062082139446 0 0.0463228271251194 0.0644699140401146 0.0878701050620821 0.0243553008595989 0.0353390639923591 0.0888252148997135 0.0873925501432665 0.0706781279847182 0.0372492836676218 0.113180515759312 0.0334288443170965
"derCor" 0.048233046800382 0.0334288443170965 0.0444126074498567 0.0339063992359121 0.0491881566380134 0.0463228271251194 0 0.0687679083094556 0.0869149952244508 0.0444126074498567 0.0358166189111748 0.0840496657115568 0.0907354345749761 0.0682903533906399 0.0405921680993314 0.106017191977077 0.0358166189111748
"derMaw" 0.0692454632282713 0.0697230181470869 0.055396370582617 0.0558739255014327 0.0673352435530086 0.0644699140401146 0.0687679083094556 0 0.102196752626552 0.0702005730659026 0.0587392550143266 0.102196752626552 0.110315186246418 0.0826170009551098 0.0620821394460363 0.126552053486151 0.0592168099331423
"emySub" 0.0950334288443171 0.0926456542502388 0.0787965616045845 0.0840496657115568 0.0912129894937918 0.0878701050620821 0.0869149952244508 0.102196752626552 0 0.0916905444126074 0.0864374403056351 0.0706781279847182 0.0993314231136581 0.0850047755491882 0.0878701050620821 0.114613180515759 0.0845272206303725
"gopAga" 0.0238777459407832 0.0472779369627507 0.0429799426934097 0.0315186246418338 0.0267430754536772 0.0243553008595989 0.0444126074498567 0.0702005730659026 0.0916905444126074 0 0.0339063992359121 0.0907354345749761 0.0912129894937918 0.0692454632282713 0.0358166189111748 0.110792741165234 0.0334288443170965
"malTer" 0.0319961795606495 0.0401146131805158 0.0339063992359121 0.00429799426934097 0.0362941738299905 0.0353390639923591 0.0358166189111748 0.0587392550143266 0.0864374403056351 0.0339063992359121 0 0.0897803247373448 0.0893027698185291 0.0620821394460363 0.0234001910219675 0.10458452722063 0.0143266475644699
"mesTub" 0.0945558739255014 0.0869149952244508 0.0845272206303725 0.0883476599808978 0.0921680993314231 0.0888252148997135 0.0840496657115568 0.102196752626552 0.0706781279847182 0.0907354345749761 0.0897803247373448 0 0.0964660936007641 0.0850047755491882 0.0907354345749761 0.101241642788921 0.0873925501432665
"pelCas" 0.0897803247373448 0.0897803247373448 0.0835721107927412 0.0864374403056351 0.0912129894937918 0.0873925501432665 0.0907354345749761 0.110315186246418 0.0993314231136581 0.0912129894937918 0.0893027698185291 0.0964660936007641 0 0.0873925501432665 0.0888252148997135 0.0907354345749761 0.0850047755491882
"pelSin" 0.0711556829035339 0.0716332378223496 0.056829035339064 0.0606494746895893 0.0725883476599809 0.0706781279847182 0.0682903533906399 0.0826170009551098 0.0850047755491882 0.0692454632282713 0.0620821394460363 0.0850047755491882 0.0873925501432665 0 0.0649474689589303 0.103629417382999 0.062559694364852
"plaMeg" 0.0348615090735435 0.0425023877745941 0.0386819484240688 0.0200573065902579 0.0391595033428844 0.0372492836676218 0.0405921680993314 0.0620821394460363 0.0878701050620821 0.0358166189111748 0.0234001910219675 0.0907354345749761 0.0888252148997135 0.0649474689589303 0 0.106017191977077 0.0224450811843362
"podExp" 0.108882521489971 0.10458452722063 0.10458452722063 0.103151862464183 0.115090735434575 0.113180515759312 0.106017191977077 0.126552053486151 0.114613180515759 0.110792741165234 0.10458452722063 0.101241642788921 0.0907354345749761 0.103629417382999 0.106017191977077 0 0.106017191977077
"terMex" 0.0315186246418338 0.0415472779369628 0.0329512893982808 0.0109837631327603 0.0353390639923591 0.0334288443170965 0.0358166189111748 0.0592168099331423 0.0845272206303725 0.0334288443170965 0.0143266475644699 0.0873925501432665 0.0850047755491882 0.062559694364852 0.0224450811843362 0.106017191977077 0
