"carIns" "cheAbi" "cheMyd" "cheSer" "chrPic" "cuoAmb" "cuoMcc" "derCor" "derMaw" "emySub" "gopAga" "malTer" "mesTub" "pelCas" "pelSin" "plaMeg" "podExp" "terMex"
"carIns" 0 0.0706252811515969 0.064327485380117 0.0625281151596941 0.0647773279352227 0.0665766981556455 0.0652271704903284 0.0629779577147998 0.0710751237067027 0.0814215024741341 0.0683760683760684 0.276653171390013 0.0841205578047683 0.0881691408007197 0.0814215024741341 0.0661268556005398 0.0904183535762483 0.0634278002699055
"cheAbi" 0.0706252811515969 0 0.0323886639676113 0.0278902384165542 0.0229419703103914 0.0197930724246514 0.0193432298695457 0.0301394511920828 0.0377867746288799 0.0571300044984255 0.0193432298695457 0.246513720197931 0.0607287449392713 0.0715249662618084 0.0697255960413855 0.0229419703103914 0.0715249662618084 0.0206927575348628
"cheMyd" 0.064327485380117 0.0323886639676113 0 0.0188933873144399 0.0256410256410256 0.0229419703103914 0.0229419703103914 0.0116959064327485 0.0314889788573999 0.0535312640575798 0.0283400809716599 0.249662618083671 0.054880791722897 0.0634278002699055 0.0634278002699055 0.0238416554206028 0.0661268556005398 0.0224921277552857
"cheSer" 0.0625281151596941 0.0278902384165542 0.0188933873144399 0 0.0211426000899685 0.0197930724246514 0.0193432298695457 0.0161943319838057 0.0256410256410256 0.048582995951417 0.0247413405308142 0.250112460638776 0.0521817363922627 0.0620782726045884 0.061178587494377 0.0211426000899685 0.0625281151596941 0.0179937022042285
"chrPic" 0.0647773279352227 0.0229419703103914 0.0256410256410256 0.0211426000899685 0 0.0130454340980657 0.0116959064327485 0.0247413405308142 0.0332883490778228 0.0526315789473684 0.0170940170940171 0.236617183985605 0.0571300044984255 0.0652271704903284 0.0670265407107512 0.0134952766531714 0.0670265407107512 0.00764732343679712
"cuoAmb" 0.0665766981556455 0.0197930724246514 0.0229419703103914 0.0197930724246514 0.0130454340980657 0 0.00404858299595142 0.0224921277552857 0.0310391363022942 0.0503823661718399 0.0121457489878543 0.241565452091768 0.0539811066126856 0.0647773279352227 0.0647773279352227 0.0112460638776428 0.0661268556005398 0.00989653621232569
"cuoMcc" 0.0652271704903284 0.0193432298695457 0.0229419703103914 0.0193432298695457 0.0116959064327485 0.00404858299595142 0 0.0220422852001799 0.0314889788573999 0.0508322087269456 0.0134952766531714 0.241565452091768 0.0535312640575798 0.0652271704903284 0.064327485380117 0.0116959064327485 0.0656770130454341 0.00944669365721997
"derCor" 0.0629779577147998 0.0301394511920828 0.0116959064327485 0.0161943319838057 0.0247413405308142 0.0224921277552857 0.0220422852001799 0 0.0283400809716599 0.0499325236167341 0.0265407107512371 0.250562303193882 0.0512820512820513 0.0607287449392713 0.0598290598290598 0.0229419703103914 0.0638776428250113 0.0215924426450742
"derMaw" 0.0710751237067027 0.0377867746288799 0.0314889788573999 0.0256410256410256 0.0332883490778228 0.0310391363022942 0.0314889788573999 0.0283400809716599 0 0.0566801619433198 0.035987404408457 0.253261358524516 0.0602789023841655 0.0706252811515969 0.0692757534862798 0.0310391363022942 0.0692757534862798 0.0301394511920828
"emySub" 0.0814215024741341 0.0571300044984255 0.0535312640575798 0.048582995951417 0.0526315789473684 0.0503823661718399 0.0508322087269456 0.0499325236167341 0.0566801619433198 0 0.054880791722897 0.270355375618534 0.0301394511920828 0.0535312640575798 0.0796221322537112 0.0494826810616284 0.0553306342780027 0.0494826810616284
"gopAga" 0.0683760683760684 0.0193432298695457 0.0283400809716599 0.0247413405308142 0.0170940170940171 0.0121457489878543 0.0134952766531714 0.0265407107512371 0.035987404408457 0.054880791722897 0 0.244264507422402 0.0598290598290598 0.0710751237067027 0.0697255960413855 0.0161943319838057 0.0710751237067027 0.0139451192082771
"malTer" 0.276653171390013 0.246513720197931 0.249662618083671 0.250112460638776 0.236617183985605 0.241565452091768 0.241565452091768 0.250562303193882 0.253261358524516 0.270355375618534 0.244264507422402 0 0.271704903283851 0.279352226720648 0.278002699055331 0.240665766981556 0.278002699055331 0.237516869095816
"mesTub" 0.0841205578047683 0.0607287449392713 0.054880791722897 0.0521817363922627 0.0571300044984255 0.0539811066126856 0.0535312640575798 0.0512820512820513 0.0602789023841655 0.0301394511920828 0.0598290598290598 0.271704903283851 0 0.0530814215024741 0.0796221322537112 0.0544309491677913 0.0566801619433198 0.0544309491677913
"pelCas" 0.0881691408007197 0.0715249662618084 0.0634278002699055 0.0620782726045884 0.0652271704903284 0.0647773279352227 0.0652271704903284 0.0607287449392713 0.0706252811515969 0.0535312640575798 0.0710751237067027 0.279352226720648 0.0530814215024741 0 0.0859199280251912 0.0652271704903284 0.048582995951417 0.0629779577147998
"pelSin" 0.0814215024741341 0.0697255960413855 0.0634278002699055 0.061178587494377 0.0670265407107512 0.0647773279352227 0.064327485380117 0.0598290598290598 0.0692757534862798 0.0796221322537112 0.0697255960413855 0.278002699055331 0.0796221322537112 0.0859199280251912 0 0.0625281151596941 0.0881691408007197 0.0638776428250113
"plaMeg" 0.0661268556005398 0.0229419703103914 0.0238416554206028 0.0211426000899685 0.0134952766531714 0.0112460638776428 0.0116959064327485 0.0229419703103914 0.0310391363022942 0.0494826810616284 0.0161943319838057 0.240665766981556 0.0544309491677913 0.0652271704903284 0.0625281151596941 0 0.0652271704903284 0.0103463787674314
"podExp" 0.0904183535762483 0.0715249662618084 0.0661268556005398 0.0625281151596941 0.0670265407107512 0.0661268556005398 0.0656770130454341 0.0638776428250113 0.0692757534862798 0.0553306342780027 0.0710751237067027 0.278002699055331 0.0566801619433198 0.048582995951417 0.0881691408007197 0.0652271704903284 0 0.0638776428250113
"terMex" 0.0634278002699055 0.0206927575348628 0.0224921277552857 0.0179937022042285 0.00764732343679712 0.00989653621232569 0.00944669365721997 0.0215924426450742 0.0301394511920828 0.0494826810616284 0.0139451192082771 0.237516869095816 0.0544309491677913 0.0629779577147998 0.0638776428250113 0.0103463787674314 0.0638776428250113 0
