"carIns" "cheAbi" "cheSer" "cuoAmb" "cuoMcc" "derMaw" "emySub" "gopAga" "mesTub" "pelCas" "plaMeg" "podExp" "terMex"
"carIns" 0 0.0585642317380353 0.0604534005037783 0.0585642317380353 0.0573047858942065 0.059823677581864 0.0648614609571788 0.0705289672544081 0.0976070528967254 0.0730478589420655 0.0554156171284635 0.132871536523929 0.0547858942065491
"cheAbi" 0.0585642317380353 0 0.0245591939546599 0.0113350125944584 0.0100755667506297 0.0245591939546599 0.0384130982367758 0.0220403022670025 0.0736775818639799 0.0484886649874055 0.0107052896725441 0.10831234256927 0.0100755667506297
"cheSer" 0.0604534005037783 0.0245591939546599 0 0.0245591939546599 0.0232997481108312 0.0214105793450882 0.044080604534005 0.0371536523929471 0.0812342569269521 0.0522670025188917 0.0195214105793451 0.11272040302267 0.0207808564231738
"cuoAmb" 0.0585642317380353 0.0113350125944584 0.0245591939546599 0 0.00503778337531486 0.0245591939546599 0.0384130982367758 0.0245591939546599 0.0743073047858942 0.0497481108312343 0.0107052896725441 0.108942065491184 0.0100755667506297
"cuoMcc" 0.0573047858942065 0.0100755667506297 0.0232997481108312 0.00503778337531486 0 0.0232997481108312 0.0358942065491184 0.0232997481108312 0.0724181360201511 0.0472292191435768 0.00944584382871537 0.106423173803526 0.00881612090680101
"derMaw" 0.059823677581864 0.0245591939546599 0.0214105793450882 0.0245591939546599 0.0232997481108312 0 0.0415617128463476 0.0365239294710327 0.0787153652392947 0.0516372795969773 0.0207808564231738 0.112090680100756 0.0207808564231738
"emySub" 0.0648614609571788 0.0384130982367758 0.044080604534005 0.0384130982367758 0.0358942065491184 0.0415617128463476 0 0.0516372795969773 0.0522670025188917 0.0377833753148615 0.0365239294710327 0.0982367758186398 0.0346347607052897
"gopAga" 0.0705289672544081 0.0220403022670025 0.0371536523929471 0.0245591939546599 0.0232997481108312 0.0365239294710327 0.0516372795969773 0 0.077455919395466 0.0610831234256927 0.0239294710327456 0.120277078085642 0.0232997481108312
"mesTub" 0.0976070528967254 0.0736775818639799 0.0812342569269521 0.0743073047858942 0.0724181360201511 0.0787153652392947 0.0522670025188917 0.077455919395466 0 0.0705289672544081 0.0730478589420655 0.131612090680101 0.0711586901763224
"pelCas" 0.0730478589420655 0.0484886649874055 0.0522670025188917 0.0497481108312343 0.0472292191435768 0.0516372795969773 0.0377833753148615 0.0610831234256927 0.0705289672544081 0 0.0453400503778338 0.0938287153652393 0.0434508816120907
"plaMeg" 0.0554156171284635 0.0107052896725441 0.0195214105793451 0.0107052896725441 0.00944584382871537 0.0207808564231738 0.0365239294710327 0.0239294710327456 0.0730478589420655 0.0453400503778338 0 0.105163727959698 0.00503778337531486
"podExp" 0.132871536523929 0.10831234256927 0.11272040302267 0.108942065491184 0.106423173803526 0.112090680100756 0.0982367758186398 0.120277078085642 0.131612090680101 0.0938287153652393 0.105163727959698 0 0.103274559193955
"terMex" 0.0547858942065491 0.0100755667506297 0.0207808564231738 0.0100755667506297 0.00881612090680101 0.0207808564231738 0.0346347607052897 0.0232997481108312 0.0711586901763224 0.0434508816120907 0.00503778337531486 0.103274559193955 0
