"carIns" "cheAbi" "cheMyd" "cheSer" "chrPic" "cuoAmb" "cuoMcc" "derCor" "derMaw" "emySub" "gopAga" "malTer" "mesTub" "pelCas" "pelSin" "plaMeg" "podExp" "terMex"
"carIns" 0 0.0961538461538462 0.102884615384615 0.101923076923077 0.0942307692307692 0.0908653846153846 0.0908653846153846 0.103365384615385 0.100480769230769 0.0995192307692308 0.0932692307692308 0.0947115384615385 0.104326923076923 0.113942307692308 0.0975961538461538 0.0918269230769231 0.116826923076923 0.0951923076923077
"cheAbi" 0.0961538461538462 0 0.0461538461538462 0.0495192307692308 0.0365384615384615 0.0153846153846154 0.0144230769230769 0.0485576923076923 0.0605769230769231 0.0682692307692308 0.0201923076923077 0.0350961538461538 0.0716346153846154 0.0850961538461538 0.0865384615384615 0.0278846153846154 0.0903846153846154 0.0346153846153846
"cheMyd" 0.102884615384615 0.0461538461538462 0 0.0427884615384615 0.04375 0.0423076923076923 0.0413461538461538 0.0269230769230769 0.0586538461538462 0.0682692307692308 0.0466346153846154 0.0427884615384615 0.0783653846153846 0.0894230769230769 0.0951923076923077 0.0365384615384615 0.0966346153846154 0.0418269230769231
"cheSer" 0.101923076923077 0.0495192307692308 0.0427884615384615 0 0.0413461538461538 0.0456730769230769 0.0432692307692308 0.0427884615384615 0.0471153846153846 0.0701923076923077 0.0480769230769231 0.0408653846153846 0.075 0.0850961538461538 0.0908653846153846 0.0399038461538462 0.0951923076923077 0.0384615384615385
"chrPic" 0.0942307692307692 0.0365384615384615 0.04375 0.0413461538461538 0 0.0326923076923077 0.03125 0.0427884615384615 0.0538461538461538 0.0625 0.0341346153846154 0.00769230769230769 0.0701923076923077 0.0802884615384615 0.0836538461538461 0.0254807692307692 0.0875 0.0149038461538462
"cuoAmb" 0.0908653846153846 0.0153846153846154 0.0423076923076923 0.0456730769230769 0.0326923076923077 0 0.00576923076923077 0.0442307692307692 0.0548076923076923 0.0615384615384615 0.0173076923076923 0.0302884615384615 0.0663461538461538 0.0822115384615385 0.0846153846153846 0.0221153846153846 0.0855769230769231 0.0317307692307692
"cuoMcc" 0.0908653846153846 0.0144230769230769 0.0413461538461538 0.0432692307692308 0.03125 0.00576923076923077 0 0.0427884615384615 0.0538461538461538 0.0625 0.0158653846153846 0.0278846153846154 0.0668269230769231 0.0822115384615385 0.0836538461538461 0.0221153846153846 0.0860576923076923 0.0302884615384615
"derCor" 0.103365384615385 0.0485576923076923 0.0269230769230769 0.0427884615384615 0.0427884615384615 0.0442307692307692 0.0427884615384615 0 0.0552884615384615 0.0682692307692308 0.0475961538461538 0.0418269230769231 0.0783653846153846 0.0908653846153846 0.0942307692307692 0.0379807692307692 0.0942307692307692 0.0408653846153846
"derMaw" 0.100480769230769 0.0605769230769231 0.0586538461538462 0.0471153846153846 0.0538461538461538 0.0548076923076923 0.0538461538461538 0.0552884615384615 0 0.0769230769230769 0.0581730769230769 0.0519230769230769 0.0831730769230769 0.0903846153846154 0.0947115384615385 0.0504807692307692 0.103846153846154 0.0504807692307692
"emySub" 0.0995192307692308 0.0682692307692308 0.0682692307692308 0.0701923076923077 0.0625 0.0615384615384615 0.0625 0.0682692307692308 0.0769230769230769 0 0.0658653846153846 0.0634615384615385 0.0394230769230769 0.0677884615384615 0.0975961538461538 0.0596153846153846 0.0735576923076923 0.0649038461538462
"gopAga" 0.0932692307692308 0.0201923076923077 0.0466346153846154 0.0480769230769231 0.0341346153846154 0.0173076923076923 0.0158653846153846 0.0475961538461538 0.0581730769230769 0.0658653846153846 0 0.0331730769230769 0.06875 0.0836538461538461 0.0870192307692308 0.0293269230769231 0.0894230769230769 0.0355769230769231
"malTer" 0.0947115384615385 0.0350961538461538 0.0427884615384615 0.0408653846153846 0.00769230769230769 0.0302884615384615 0.0278846153846154 0.0418269230769231 0.0519230769230769 0.0634615384615385 0.0331730769230769 0 0.0711538461538462 0.0817307692307692 0.0831730769230769 0.0245192307692308 0.0870192307692308 0.0149038461538462
"mesTub" 0.104326923076923 0.0716346153846154 0.0783653846153846 0.075 0.0701923076923077 0.0663461538461538 0.0668269230769231 0.0783653846153846 0.0831730769230769 0.0394230769230769 0.06875 0.0711538461538462 0 0.0721153846153846 0.100961538461538 0.0668269230769231 0.0735576923076923 0.0721153846153846
"pelCas" 0.113942307692308 0.0850961538461538 0.0894230769230769 0.0850961538461538 0.0802884615384615 0.0822115384615385 0.0822115384615385 0.0908653846153846 0.0903846153846154 0.0677884615384615 0.0836538461538461 0.0817307692307692 0.0721153846153846 0 0.104326923076923 0.0793269230769231 0.0730769230769231 0.0807692307692308
"pelSin" 0.0975961538461538 0.0865384615384615 0.0951923076923077 0.0908653846153846 0.0836538461538461 0.0846153846153846 0.0836538461538461 0.0942307692307692 0.0947115384615385 0.0975961538461538 0.0870192307692308 0.0831730769230769 0.100961538461538 0.104326923076923 0 0.0826923076923077 0.117307692307692 0.0836538461538461
"plaMeg" 0.0918269230769231 0.0278846153846154 0.0365384615384615 0.0399038461538462 0.0254807692307692 0.0221153846153846 0.0221153846153846 0.0379807692307692 0.0504807692307692 0.0596153846153846 0.0293269230769231 0.0245192307692308 0.0668269230769231 0.0793269230769231 0.0826923076923077 0 0.0855769230769231 0.025
"podExp" 0.116826923076923 0.0903846153846154 0.0966346153846154 0.0951923076923077 0.0875 0.0855769230769231 0.0860576923076923 0.0942307692307692 0.103846153846154 0.0735576923076923 0.0894230769230769 0.0870192307692308 0.0735576923076923 0.0730769230769231 0.117307692307692 0.0855769230769231 0 0.0879807692307692
"terMex" 0.0951923076923077 0.0346153846153846 0.0418269230769231 0.0384615384615385 0.0149038461538462 0.0317307692307692 0.0302884615384615 0.0408653846153846 0.0504807692307692 0.0649038461538462 0.0355769230769231 0.0149038461538462 0.0721153846153846 0.0807692307692308 0.0836538461538461 0.025 0.0879807692307692 0
