"carIns" "cheAbi" "cheMyd" "cheSer" "chrPic" "cuoAmb" "cuoMcc" "derCor" "derMaw" "emySub" "gopAga" "malTer" "mesTub" "pelCas" "pelSin" "plaMeg" "podExp" "terMex"
"carIns" 0 0.0964163822525597 0.181740614334471 0.180887372013652 0.14419795221843 0.180034129692833 0.166382252559727 0.431740614334471 0.0887372013651877 0.0947098976109215 0.188566552901024 0.0674061433447099 0.0947098976109215 0.0887372013651877 0.299488054607509 0.0725255972696246 0.103242320819113 0.0716723549488055
"cheAbi" 0.0964163822525597 0 0.170648464163823 0.180887372013652 0.116894197952218 0.154436860068259 0.137372013651877 0.442832764505119 0.0648464163822526 0.083617747440273 0.161262798634812 0.0409556313993174 0.0819112627986348 0.083617747440273 0.292662116040956 0.0469283276450512 0.0964163822525597 0.0443686006825939
"cheMyd" 0.181740614334471 0.170648464163823 0 0.152730375426621 0.215017064846416 0.156996587030717 0.13481228668942 0.465017064846416 0.151877133105802 0.165529010238908 0.145051194539249 0.138225255972696 0.168941979522184 0.169795221843003 0.354095563139932 0.141638225255973 0.177474402730375 0.142491467576792
"cheSer" 0.180887372013652 0.180887372013652 0.152730375426621 0 0.226962457337884 0.150170648464164 0.15358361774744 0.458191126279863 0.16382252559727 0.175767918088737 0.158703071672355 0.150170648464164 0.171501706484642 0.176621160409556 0.351535836177474 0.15358361774744 0.183447098976109 0.147610921501706
"chrPic" 0.14419795221843 0.116894197952218 0.215017064846416 0.226962457337884 0 0.21160409556314 0.192832764505119 0.442832764505119 0.114334470989761 0.129692832764505 0.218430034129693 0.0784982935153584 0.131399317406143 0.132252559726962 0.348976109215017 0.0921501706484642 0.140784982935154 0.0887372013651877
"cuoAmb" 0.180034129692833 0.154436860068259 0.156996587030717 0.150170648464164 0.21160409556314 0 0.104948805460751 0.447952218430034 0.15358361774744 0.168941979522184 0.132252559726962 0.136518771331058 0.168941979522184 0.169795221843003 0.354095563139932 0.143344709897611 0.170648464163823 0.139078498293515
"cuoMcc" 0.166382252559727 0.137372013651877 0.13481228668942 0.15358361774744 0.192832764505119 0.104948805460751 0 0.458191126279863 0.135665529010239 0.15358361774744 0.0878839590443686 0.117747440273038 0.151023890784983 0.154436860068259 0.337883959044369 0.12542662116041 0.156996587030717 0.119453924914676
"derCor" 0.431740614334471 0.442832764505119 0.465017064846416 0.458191126279863 0.442832764505119 0.447952218430034 0.458191126279863 0 0.434300341296928 0.434300341296928 0.458191126279863 0.428327645051195 0.431740614334471 0.436860068259386 0.553754266211604 0.43259385665529 0.430887372013652 0.429180887372014
"derMaw" 0.0887372013651877 0.0648464163822526 0.151877133105802 0.16382252559727 0.114334470989761 0.15358361774744 0.135665529010239 0.434300341296928 0 0.0699658703071672 0.162969283276451 0.0383959044368601 0.0691126279863481 0.0708191126279863 0.300341296928328 0.0409556313993174 0.0861774744027304 0.0409556313993174
"emySub" 0.0947098976109215 0.083617747440273 0.165529010238908 0.175767918088737 0.129692832764505 0.168941979522184 0.15358361774744 0.434300341296928 0.0699658703071672 0 0.176621160409556 0.052901023890785 0.0392491467576792 0.0597269624573379 0.302901023890785 0.0580204778156997 0.0750853242320819 0.0563139931740614
"gopAga" 0.188566552901024 0.161262798634812 0.145051194539249 0.158703071672355 0.218430034129693 0.132252559726962 0.0878839590443686 0.458191126279863 0.162969283276451 0.176621160409556 0 0.143344709897611 0.174061433447099 0.174061433447099 0.354948805460751 0.150170648464164 0.176621160409556 0.145904436860068
"malTer" 0.0674061433447099 0.0409556313993174 0.138225255972696 0.150170648464164 0.0784982935153584 0.136518771331058 0.117747440273038 0.428327645051195 0.0383959044368601 0.052901023890785 0.143344709897611 0 0.0554607508532423 0.0563139931740614 0.285836177474403 0.015358361774744 0.0691126279863481 0.0102389078498294
"mesTub" 0.0947098976109215 0.0819112627986348 0.168941979522184 0.171501706484642 0.131399317406143 0.168941979522184 0.151023890784983 0.431740614334471 0.0691126279863481 0.0392491467576792 0.174061433447099 0.0554607508532423 0 0.0554607508532423 0.307167235494881 0.060580204778157 0.0708191126279863 0.060580204778157
"pelCas" 0.0887372013651877 0.083617747440273 0.169795221843003 0.176621160409556 0.132252559726962 0.169795221843003 0.154436860068259 0.436860068259386 0.0708191126279863 0.0597269624573379 0.174061433447099 0.0563139931740614 0.0554607508532423 0 0.3080204778157 0.0648464163822526 0.0563139931740614 0.0597269624573379
"pelSin" 0.299488054607509 0.292662116040956 0.354095563139932 0.351535836177474 0.348976109215017 0.354095563139932 0.337883959044369 0.553754266211604 0.300341296928328 0.302901023890785 0.354948805460751 0.285836177474403 0.307167235494881 0.3080204778157 0 0.289249146757679 0.321672354948805 0.284982935153584
"plaMeg" 0.0725255972696246 0.0469283276450512 0.141638225255973 0.15358361774744 0.0921501706484642 0.143344709897611 0.12542662116041 0.43259385665529 0.0409556313993174 0.0580204778156997 0.150170648464164 0.015358361774744 0.060580204778157 0.0648464163822526 0.289249146757679 0 0.0733788395904437 0.0187713310580205
"podExp" 0.103242320819113 0.0964163822525597 0.177474402730375 0.183447098976109 0.140784982935154 0.170648464163823 0.156996587030717 0.430887372013652 0.0861774744027304 0.0750853242320819 0.176621160409556 0.0691126279863481 0.0708191126279863 0.0563139931740614 0.321672354948805 0.0733788395904437 0 0.0708191126279863
"terMex" 0.0716723549488055 0.0443686006825939 0.142491467576792 0.147610921501706 0.0887372013651877 0.139078498293515 0.119453924914676 0.429180887372014 0.0409556313993174 0.0563139931740614 0.145904436860068 0.0102389078498294 0.060580204778157 0.0597269624573379 0.284982935153584 0.0187713310580205 0.0708191126279863 0
