"carIns" "cheAbi" "cheMyd" "cheSer" "chrPic" "cuoAmb" "cuoMcc" "derCor" "derMaw" "emySub" "gopAga" "malTer" "mesTub" "pelCas" "pelSin" "plaMeg" "podExp"
"carIns" 0 0.0917078528281164 0.0702910488742449 0.057111477210324 0.0615046677649643 0.0593080724876442 0.0604063701263042 0.0626029654036244 0.0642504118616145 0.0604063701263042 0.0620538165842943 0.0626029654036244 0.0746842394288852 0.0801757276221856 0.0642504118616145 0.0593080724876442 0.085667215815486
"cheAbi" 0.0917078528281164 0 0.0658978583196046 0.0582097748489841 0.0549148819330038 0.0505216913783635 0.0516199890170236 0.0626029654036244 0.0664470071389347 0.0807248764415156 0.0521691378363537 0.0549148819330038 0.0950027457440966 0.0922570016474465 0.0878638110928062 0.0516199890170236 0.0988467874794069
"cheMyd" 0.0702910488742449 0.0658978583196046 0 0.0247116968698517 0.0296540362438221 0.0329489291598023 0.0318506315211422 0.0186710598572213 0.0373421197144426 0.0554640307523339 0.0318506315211422 0.028555738605162 0.0664470071389347 0.0686436024162548 0.0675453047775947 0.0258099945085118 0.0807248764415156
"cheSer" 0.057111477210324 0.0582097748489841 0.0247116968698517 0 0.0175727622185612 0.0197693574958814 0.0197693574958814 0.0192202086765513 0.0252608456891818 0.0395387149917628 0.0225151015925316 0.0175727622185612 0.0543657331136738 0.0593080724876442 0.0554640307523339 0.013728720483251 0.070840197693575
"chrPic" 0.0615046677649643 0.0549148819330038 0.0296540362438221 0.0175727622185612 0 0.0181219110378913 0.0159253157605711 0.0241625480505217 0.0318506315211422 0.0466776496430533 0.0192202086765513 0.00494233937397035 0.057111477210324 0.0626029654036244 0.0615046677649643 0.0120812740252608 0.070840197693575
"cuoAmb" 0.0593080724876442 0.0505216913783635 0.0329489291598023 0.0197693574958814 0.0181219110378913 0 0.00604063701263042 0.0296540362438221 0.0334980779791323 0.0461285008237232 0.0120812740252608 0.0186710598572213 0.057111477210324 0.0620538165842943 0.0609555189456343 0.0153761669412411 0.070840197693575
"cuoMcc" 0.0604063701263042 0.0516199890170236 0.0318506315211422 0.0197693574958814 0.0159253157605711 0.00604063701263042 0 0.028006589785832 0.0345963756177924 0.0461285008237232 0.0126304228445909 0.0159253157605711 0.057111477210324 0.0604063701263042 0.0609555189456343 0.014827018121911 0.0691927512355848
"derCor" 0.0626029654036244 0.0626029654036244 0.0186710598572213 0.0192202086765513 0.0241625480505217 0.0296540362438221 0.028006589785832 0 0.0351455244371225 0.0488742449203734 0.0302031850631521 0.0247116968698517 0.0620538165842943 0.0669961559582647 0.0637012630422845 0.0214168039538715 0.0779791323448655
"derMaw" 0.0642504118616145 0.0664470071389347 0.0373421197144426 0.0252608456891818 0.0318506315211422 0.0334980779791323 0.0345963756177924 0.0351455244371225 0 0.0516199890170236 0.0367929708951126 0.0313014827018122 0.0626029654036244 0.0653487095002746 0.0675453047775947 0.029104887424492 0.0730367929708951
"emySub" 0.0604063701263042 0.0807248764415156 0.0554640307523339 0.0395387149917628 0.0466776496430533 0.0461285008237232 0.0461285008237232 0.0488742449203734 0.0516199890170236 0 0.0483250961010434 0.0466776496430533 0.0329489291598023 0.0461285008237232 0.057111477210324 0.043382756727073 0.0554640307523339
"gopAga" 0.0620538165842943 0.0521691378363537 0.0318506315211422 0.0225151015925316 0.0192202086765513 0.0120812740252608 0.0126304228445909 0.0302031850631521 0.0367929708951126 0.0483250961010434 0 0.0208676551345415 0.057111477210324 0.0620538165842943 0.0626029654036244 0.0175727622185612 0.071938495332235
"malTer" 0.0626029654036244 0.0549148819330038 0.028555738605162 0.0175727622185612 0.00494233937397035 0.0186710598572213 0.0159253157605711 0.0247116968698517 0.0313014827018122 0.0466776496430533 0.0208676551345415 0 0.0598572213069742 0.0626029654036244 0.0626029654036244 0.0109829763866008 0.0730367929708951
"mesTub" 0.0746842394288852 0.0950027457440966 0.0664470071389347 0.0543657331136738 0.057111477210324 0.057111477210324 0.057111477210324 0.0620538165842943 0.0626029654036244 0.0329489291598023 0.057111477210324 0.0598572213069742 0 0.0527182866556837 0.0735859417902252 0.057111477210324 0.0647995606809445
"pelCas" 0.0801757276221856 0.0922570016474465 0.0686436024162548 0.0593080724876442 0.0626029654036244 0.0620538165842943 0.0604063701263042 0.0669961559582647 0.0653487095002746 0.0461285008237232 0.0620538165842943 0.0626029654036244 0.0527182866556837 0 0.0741350906095552 0.0620538165842943 0.0455793520043932
"pelSin" 0.0642504118616145 0.0878638110928062 0.0675453047775947 0.0554640307523339 0.0615046677649643 0.0609555189456343 0.0609555189456343 0.0637012630422845 0.0675453047775947 0.057111477210324 0.0626029654036244 0.0626029654036244 0.0735859417902252 0.0741350906095552 0 0.0587589236683141 0.0823723228995058
"plaMeg" 0.0593080724876442 0.0516199890170236 0.0258099945085118 0.013728720483251 0.0120812740252608 0.0153761669412411 0.014827018121911 0.0214168039538715 0.029104887424492 0.043382756727073 0.0175727622185612 0.0109829763866008 0.057111477210324 0.0620538165842943 0.0587589236683141 0 0.0702910488742449
"podExp" 0.085667215815486 0.0988467874794069 0.0807248764415156 0.070840197693575 0.070840197693575 0.070840197693575 0.0691927512355848 0.0779791323448655 0.0730367929708951 0.0554640307523339 0.071938495332235 0.0730367929708951 0.0647995606809445 0.0455793520043932 0.0823723228995058 0.0702910488742449 0
