"carIns" "cheAbi" "cheMyd" "cheSer" "chrPic" "cuoAmb" "cuoMcc" "derMaw" "gopAga" "malTer" "mesTub" "pelCas" "pelSin" "plaMeg" "podExp" "terMex"
"carIns" 0 0.0526046986721144 0.0495403472931563 0.0720122574055158 0.0485188968335036 0.0832482124616956 0.0510725229826353 0.0572012257405516 0.0495403472931563 0.0577119509703779 0.0582226762002043 0.0725229826353422 0.129213483146067 0.105720122574055 0.0980592441266599 0.0485188968335036
"cheAbi" 0.0526046986721144 0 0.0255362614913177 0.0480081716036772 0.0194075587334014 0.0526046986721144 0.0183861082737487 0.0326864147088866 0.0132788559754852 0.0321756894790603 0.0485188968335036 0.0612870275791624 0.118488253319714 0.0776302349336057 0.0888661899897855 0.0183861082737487
"cheMyd" 0.0495403472931563 0.0255362614913177 0 0.0474974463738509 0.0219611848825332 0.0541368743615935 0.0214504596527068 0.0291113381001021 0.026046986721144 0.034729315628192 0.0464759959141982 0.0587334014300306 0.115423901940756 0.083758937691522 0.0883554647599591 0.0219611848825332
"cheSer" 0.0720122574055158 0.0480081716036772 0.0474974463738509 0 0.0449438202247191 0.0822267620020429 0.0485188968335036 0.0526046986721144 0.0474974463738509 0.0577119509703779 0.0663942798774259 0.0801838610827375 0.100612870275792 0.0669050051072523 0.106230847803882 0.0459652706843718
"chrPic" 0.0485188968335036 0.0194075587334014 0.0219611848825332 0.0449438202247191 0 0.0510725229826353 0.0183861082737487 0.026046986721144 0.017364657814096 0.0137895812053115 0.0423901940755873 0.0577119509703779 0.115934627170582 0.0755873340143003 0.0827374872318693 0.00715015321756895
"cuoAmb" 0.0832482124616956 0.0526046986721144 0.0541368743615935 0.0822267620020429 0.0510725229826353 0 0.0383043922369765 0.0597548518896834 0.0526046986721144 0.0638406537282942 0.0791624106230848 0.0909090909090909 0.14708886618999 0.112359550561798 0.11899897854954 0.0500510725229826
"cuoMcc" 0.0510725229826353 0.0183861082737487 0.0214504596527068 0.0485188968335036 0.0183861082737487 0.0383043922369765 0 0.0291113381001021 0.0183861082737487 0.0311542390194076 0.0480081716036772 0.0597548518896834 0.11491317671093 0.0781409601634321 0.0898876404494382 0.017364657814096
"derMaw" 0.0572012257405516 0.0326864147088866 0.0291113381001021 0.0526046986721144 0.026046986721144 0.0597548518896834 0.0291113381001021 0 0.0321756894790603 0.0377936670071502 0.0546475995914198 0.0653728294177732 0.119509703779367 0.0898876404494382 0.09244126659857 0.0250255362614913
"gopAga" 0.0495403472931563 0.0132788559754852 0.026046986721144 0.0474974463738509 0.017364657814096 0.0526046986721144 0.0183861082737487 0.0321756894790603 0 0.0296220633299285 0.0439223697650664 0.0617977528089888 0.117977528089888 0.0786516853932584 0.0893769152196118 0.0168539325842697
"malTer" 0.0577119509703779 0.0321756894790603 0.034729315628192 0.0577119509703779 0.0137895812053115 0.0638406537282942 0.0311542390194076 0.0377936670071502 0.0296220633299285 0 0.0536261491317671 0.0684371807967314 0.128192032686415 0.0888661899897855 0.0944841675178754 0.0188968335035751
"mesTub" 0.0582226762002043 0.0485188968335036 0.0464759959141982 0.0663942798774259 0.0423901940755873 0.0791624106230848 0.0480081716036772 0.0546475995914198 0.0439223697650664 0.0536261491317671 0 0.0587334014300306 0.127170582226762 0.100612870275792 0.0817160367722165 0.0444330949948928
"pelCas" 0.0725229826353422 0.0612870275791624 0.0587334014300306 0.0801838610827375 0.0577119509703779 0.0909090909090909 0.0597548518896834 0.0653728294177732 0.0617977528089888 0.0684371807967314 0.0587334014300306 0 0.132788559754852 0.110316649642492 0.0776302349336057 0.0582226762002043
"pelSin" 0.129213483146067 0.118488253319714 0.115423901940756 0.100612870275792 0.115934627170582 0.14708886618999 0.11491317671093 0.119509703779367 0.117977528089888 0.128192032686415 0.127170582226762 0.132788559754852 0 0.107763023493361 0.157303370786517 0.117466802860061
"plaMeg" 0.105720122574055 0.0776302349336057 0.083758937691522 0.0669050051072523 0.0755873340143003 0.112359550561798 0.0781409601634321 0.0898876404494382 0.0786516853932584 0.0888661899897855 0.100612870275792 0.110316649642492 0.107763023493361 0 0.137385086823289 0.0760980592441267
"podExp" 0.0980592441266599 0.0888661899897855 0.0883554647599591 0.106230847803882 0.0827374872318693 0.11899897854954 0.0898876404494382 0.09244126659857 0.0893769152196118 0.0944841675178754 0.0817160367722165 0.0776302349336057 0.157303370786517 0.137385086823289 0 0.0842696629213483
"terMex" 0.0485188968335036 0.0183861082737487 0.0219611848825332 0.0459652706843718 0.00715015321756895 0.0500510725229826 0.017364657814096 0.0250255362614913 0.0168539325842697 0.0188968335035751 0.0444330949948928 0.0582226762002043 0.117466802860061 0.0760980592441267 0.0842696629213483 0
