"carIns" "cheAbi" "cheMyd" "chrPic" "cuoAmb" "cuoMcc" "derCor" "derMaw" "emySub" "gopAga" "malTer" "pelSin" "plaMeg" "podExp" "terMex"
"carIns" 0 0.0548661005878511 0.141737426518615 0.0685826257348138 0.0901371652514696 0.0718484650555193 0.0894839973873285 0.0751143043762247 0.0751143043762247 0.0555192684519922 0.0489875898105813 0.0653167864141084 0.0496407576747224 0.0894839973873285 0.0522534291312867
"cheAbi" 0.0548661005878511 0 0.121489222730242 0.0372305682560418 0.0587851077726976 0.0352710646636185 0.0627041149575441 0.0450685826257348 0.05421293272371 0.0143696930111039 0.0182887001959504 0.0502939255388635 0.0182887001959504 0.0666231221423906 0.0189418680600914
"cheMyd" 0.141737426518615 0.121489222730242 0 0.134552580013063 0.161985630306989 0.139777922926192 0.145656433703462 0.133246244284781 0.145656433703462 0.117570215545395 0.114957544088831 0.13847158719791 0.110385369039843 0.15088177661659 0.115610711952972
"chrPic" 0.0685826257348138 0.0372305682560418 0.134552580013063 0 0.0372305682560418 0.0150228608752449 0.0738079686479425 0.0568256041802743 0.0659699542782495 0.0339647289353364 0.023514043109079 0.062050947093403 0.0287393860222077 0.077726975832789 0.0261267145656434
"cuoAmb" 0.0901371652514696 0.0587851077726976 0.161985630306989 0.0372305682560418 0 0.0287393860222077 0.101894186806009 0.0816459830176355 0.0907903331156107 0.0555192684519922 0.0555192684519922 0.0836054866100588 0.0568256041802743 0.101894186806009 0.0581319399085565
"cuoMcc" 0.0718484650555193 0.0352710646636185 0.139777922926192 0.0150228608752449 0.0287393860222077 0 0.0783801436969301 0.0607446113651208 0.0705421293272371 0.031352057478772 0.0333115610711953 0.0646636185499673 0.0346178967994775 0.0809928151534944 0.0346178967994775
"derCor" 0.0894839973873285 0.0627041149575441 0.145656433703462 0.0738079686479425 0.101894186806009 0.0783801436969301 0 0.0803396472893534 0.0868713259307642 0.0574787720444154 0.05421293272371 0.0822991508817766 0.0535597648595689 0.0966688438928805 0.0548661005878511
"derMaw" 0.0751143043762247 0.0450685826257348 0.133246244284781 0.0568256041802743 0.0816459830176355 0.0607446113651208 0.0803396472893534 0 0.0679294578706728 0.0411495754408883 0.0359242325277596 0.0666231221423906 0.0372305682560418 0.0783801436969301 0.0365774003919007
"emySub" 0.0751143043762247 0.05421293272371 0.145656433703462 0.0659699542782495 0.0907903331156107 0.0705421293272371 0.0868713259307642 0.0679294578706728 0 0.0509470934030046 0.046374918354017 0.069888961463096 0.046374918354017 0.0594382756368387 0.0470280862181581
"gopAga" 0.0555192684519922 0.0143696930111039 0.117570215545395 0.0339647289353364 0.0555192684519922 0.031352057478772 0.0574787720444154 0.0411495754408883 0.0509470934030046 0 0.0143696930111039 0.0476812540822992 0.0143696930111039 0.0640104506858263 0.0150228608752449
"malTer" 0.0489875898105813 0.0182887001959504 0.114957544088831 0.023514043109079 0.0555192684519922 0.0333115610711953 0.05421293272371 0.0359242325277596 0.046374918354017 0.0143696930111039 0 0.0437622468974526 0.00914435009797518 0.0587851077726976 0.0084911822338341
"pelSin" 0.0653167864141084 0.0502939255388635 0.13847158719791 0.062050947093403 0.0836054866100588 0.0646636185499673 0.0822991508817766 0.0666231221423906 0.069888961463096 0.0476812540822992 0.0437622468974526 0 0.0424559111691705 0.0783801436969301 0.0457217504898759
"plaMeg" 0.0496407576747224 0.0182887001959504 0.110385369039843 0.0287393860222077 0.0568256041802743 0.0346178967994775 0.0535597648595689 0.0372305682560418 0.046374918354017 0.0143696930111039 0.00914435009797518 0.0424559111691705 0 0.0587851077726976 0.00979751796211626
"podExp" 0.0894839973873285 0.0666231221423906 0.15088177661659 0.077726975832789 0.101894186806009 0.0809928151534944 0.0966688438928805 0.0783801436969301 0.0594382756368387 0.0640104506858263 0.0587851077726976 0.0783801436969301 0.0587851077726976 0 0.0607446113651208
"terMex" 0.0522534291312867 0.0189418680600914 0.115610711952972 0.0261267145656434 0.0581319399085565 0.0346178967994775 0.0548661005878511 0.0365774003919007 0.0470280862181581 0.0150228608752449 0.0084911822338341 0.0457217504898759 0.00979751796211626 0.0607446113651208 0
