"carIns" "cheAbi" "cheMyd" "cheSer" "chrPic" "cuoMcc" "derMaw" "emySub" "gopAga" "malTer" "mesTub" "pelCas" "pelSin" "plaMeg" "podExp"
"carIns" 0 0.0993901061667043 0.118590467585272 0.0987124463519313 0.108651456968602 0.0980347865371583 0.105489044499661 0.110458549807996 0.0966794669076124 0.0944206008583691 0.11271741585724 0.12107522023944 0.187034108877344 0.0937429410435961 0.136435509374294
"cheAbi" 0.0993901061667043 0 0.0641517957985091 0.0404337022814547 0.0510503727128981 0.0241698667269031 0.0501468262932008 0.0704766207363903 0.0187485882087192 0.0345606505534222 0.0727354867856336 0.0876440027106393 0.163541901965213 0.0332053309238762 0.103230178450418
"cheMyd" 0.118590467585272 0.0641517957985091 0 0.0605376101197199 0.0756720126496499 0.0632482493788118 0.0693471877117687 0.0899028687598825 0.0625705895640389 0.0605376101197199 0.0937429410435961 0.10594081770951 0.186130562457646 0.0616670431443415 0.121978766659137
"cheSer" 0.0987124463519313 0.0404337022814547 0.0605376101197199 0 0.0524056923424441 0.0381748362322114 0.0438220013553196 0.0697989609216173 0.0379489496272871 0.0361418567878925 0.0734131466004066 0.0856110232663203 0.16128303591597 0.0338829907386492 0.0996159927716286
"chrPic" 0.108651456968602 0.0510503727128981 0.0756720126496499 0.0524056923424441 0 0.0478879602439575 0.0616670431443415 0.0813191777727581 0.0487915066636548 0.0232663203072058 0.0856110232663203 0.098486559747007 0.173706799186808 0.0431443415405466 0.11429862209171
"cuoMcc" 0.0980347865371583 0.0241698667269031 0.0632482493788118 0.0381748362322114 0.0478879602439575 0 0.0483397334538062 0.070250734131466 0.0219110006776598 0.0316241246894059 0.0718319403659363 0.0844815902416987 0.162186582335667 0.0291393720352383 0.100519539191326
"derMaw" 0.105489044499661 0.0501468262932008 0.0693471877117687 0.0438220013553196 0.0616670431443415 0.0483397334538062 0 0.0756720126496499 0.0467585272193359 0.0465326406144116 0.0792861983284391 0.0926135080189745 0.167381974248927 0.0447255477750169 0.106392590919358
"emySub" 0.110458549807996 0.0704766207363903 0.0899028687598825 0.0697989609216173 0.0813191777727581 0.070250734131466 0.0756720126496499 0 0.0684436412920714 0.0670883216625254 0.0386266094420601 0.0749943528348769 0.171447933137565 0.0670883216625254 0.0921617348091258
"gopAga" 0.0966794669076124 0.0187485882087192 0.0625705895640389 0.0379489496272871 0.0487915066636548 0.0219110006776598 0.0467585272193359 0.0684436412920714 0 0.0327535577140276 0.070250734131466 0.0849333634515473 0.162186582335667 0.0311723514795573 0.0996159927716286
"malTer" 0.0944206008583691 0.0345606505534222 0.0605376101197199 0.0361418567878925 0.0232663203072058 0.0316241246894059 0.0465326406144116 0.0670883216625254 0.0327535577140276 0 0.0713801671560876 0.0851592500564717 0.15812062344703 0.0266546193810707 0.100293652586402
"mesTub" 0.11271741585724 0.0727354867856336 0.0937429410435961 0.0734131466004066 0.0856110232663203 0.0718319403659363 0.0792861983284391 0.0386266094420601 0.070250734131466 0.0713801671560876 0 0.0774791054890445 0.177320984865597 0.0684436412920714 0.0957759204879151
"pelCas" 0.12107522023944 0.0876440027106393 0.10594081770951 0.0856110232663203 0.098486559747007 0.0844815902416987 0.0926135080189745 0.0749943528348769 0.0849333634515473 0.0851592500564717 0.0774791054890445 0 0.187711768692117 0.08402981703185 0.071606053761012
"pelSin" 0.187034108877344 0.163541901965213 0.186130562457646 0.16128303591597 0.173706799186808 0.162186582335667 0.167381974248927 0.171447933137565 0.162186582335667 0.15812062344703 0.177320984865597 0.187711768692117 0 0.159250056471651 0.197876665913711
"plaMeg" 0.0937429410435961 0.0332053309238762 0.0616670431443415 0.0338829907386492 0.0431443415405466 0.0291393720352383 0.0447255477750169 0.0670883216625254 0.0311723514795573 0.0266546193810707 0.0684436412920714 0.08402981703185 0.159250056471651 0 0.0989383329568557
"podExp" 0.136435509374294 0.103230178450418 0.121978766659137 0.0996159927716286 0.11429862209171 0.100519539191326 0.106392590919358 0.0921617348091258 0.0996159927716286 0.100293652586402 0.0957759204879151 0.071606053761012 0.197876665913711 0.0989383329568557 0
