"carIns" "cheAbi" "cheMyd" "cheSer" "chrPic" "cuoAmb" "cuoMcc" "derCor" "derMaw" "emySub" "gopAga" "malTer" "mesTub" "pelCas" "pelSin" "plaMeg" "podExp" "terMex"
"carIns" 0 0.0563090834360871 0.0534319769831484 0.0600082203041513 0.0563090834360871 0.0575421290587752 0.0554870530209618 0.0567200986436498 0.0608302507192766 0.0534319769831484 0.0583641594739005 0.0550760378133991 0.0571311138512125 0.0772708590217838 0.0645293875873407 0.0554870530209618 0.0776818742293465 0.0563090834360871
"cheAbi" 0.0563090834360871 0 0.0197287299630086 0.0234278668310728 0.019317714755446 0.0123304562268804 0.00945334977394164 0.0221948212083847 0.0316481709823263 0.0419235511713933 0.0106863953966297 0.0180846691327579 0.0480887792848335 0.0649404027949034 0.0624743115495273 0.0147965474722565 0.0674064940402795 0.0160295930949445
"cheMyd" 0.0534319769831484 0.0197287299630086 0 0.0234278668310728 0.0230168516235101 0.0238388820386354 0.0201397451705713 0.0164406083025072 0.0312371557747637 0.0398684751335799 0.0238388820386354 0.021783806000822 0.0456226880394575 0.0632963419646527 0.0579531442663379 0.0184956843403206 0.0661734484175915 0.021783806000822
"cheSer" 0.0600082203041513 0.0234278668310728 0.0234278668310728 0 0.0258939580764488 0.0267159884915742 0.0238388820386354 0.029593094944513 0.0312371557747637 0.0435676120016441 0.0267159884915742 0.0254829428688861 0.0493218249075216 0.0653514180024661 0.0637073571722154 0.0213727907932593 0.0665844636251541 0.0246609124537608
"chrPic" 0.0563090834360871 0.019317714755446 0.0230168516235101 0.0258939580764488 0 0.021783806000822 0.0189066995478833 0.029593094944513 0.0345252774352651 0.0435676120016441 0.0209617755856967 0.00534319769831484 0.0497328401150843 0.0674064940402795 0.061652281134402 0.0152075626798192 0.0711056309083436 0.0106863953966297
"cuoAmb" 0.0575421290587752 0.0123304562268804 0.0238388820386354 0.0267159884915742 0.021783806000822 0 0.00534319769831484 0.0267159884915742 0.0353473078503905 0.0435676120016441 0.0139745170571311 0.020550760378134 0.0505548705302096 0.0661734484175915 0.064118372379778 0.0164406083025072 0.0711056309083436 0.0201397451705713
"cuoMcc" 0.0554870530209618 0.00945334977394164 0.0201397451705713 0.0238388820386354 0.0189066995478833 0.00534319769831484 0 0.0238388820386354 0.0328812166050144 0.0406905055487053 0.0119194410193177 0.0176736539251952 0.0484997944923962 0.0624743115495273 0.0612412659268393 0.0135635018495684 0.0674064940402795 0.0172626387176326
"derCor" 0.0567200986436498 0.0221948212083847 0.0164406083025072 0.029593094944513 0.029593094944513 0.0267159884915742 0.0238388820386354 0 0.0353473078503905 0.0439786272092067 0.0271270036991369 0.0283600493218249 0.0501438553226469 0.0649404027949034 0.061652281134402 0.0246609124537608 0.0682285244554049 0.0254829428688861
"derMaw" 0.0608302507192766 0.0316481709823263 0.0312371557747637 0.0312371557747637 0.0345252774352651 0.0353473078503905 0.0328812166050144 0.0353473078503905 0 0.0476777640772709 0.0349362926428278 0.0332922318125771 0.0521989313604603 0.0678175092478422 0.0653514180024661 0.0300041101520756 0.0702836004932182 0.0332922318125771
"emySub" 0.0534319769831484 0.0419235511713933 0.0398684751335799 0.0435676120016441 0.0435676120016441 0.0435676120016441 0.0406905055487053 0.0439786272092067 0.0476777640772709 0 0.0439786272092067 0.042334566378956 0.0242498972461981 0.0497328401150843 0.06288532675709 0.0394574599260173 0.052609946568023 0.0431565967940814
"gopAga" 0.0583641594739005 0.0106863953966297 0.0238388820386354 0.0267159884915742 0.0209617755856967 0.0139745170571311 0.0119194410193177 0.0271270036991369 0.0349362926428278 0.0439786272092067 0 0.0189066995478833 0.0509658857377723 0.0661734484175915 0.06288532675709 0.0172626387176326 0.0711056309083436 0.019317714755446
"malTer" 0.0550760378133991 0.0180846691327579 0.021783806000822 0.0254829428688861 0.00534319769831484 0.020550760378134 0.0176736539251952 0.0283600493218249 0.0332922318125771 0.042334566378956 0.0189066995478833 0 0.0484997944923962 0.0665844636251541 0.0595972050965886 0.0147965474722565 0.0694615700780929 0.010275380189067
"mesTub" 0.0571311138512125 0.0480887792848335 0.0456226880394575 0.0493218249075216 0.0497328401150843 0.0505548705302096 0.0484997944923962 0.0501438553226469 0.0521989313604603 0.0242498972461981 0.0509658857377723 0.0484997944923962 0 0.0563090834360871 0.0661734484175915 0.0472667488697082 0.0571311138512125 0.0501438553226469
"pelCas" 0.0772708590217838 0.0649404027949034 0.0632963419646527 0.0653514180024661 0.0674064940402795 0.0661734484175915 0.0624743115495273 0.0649404027949034 0.0678175092478422 0.0497328401150843 0.0661734484175915 0.0665844636251541 0.0563090834360871 0 0.083436087135224 0.0637073571722154 0.0538429921907111 0.0665844636251541
"pelSin" 0.0645293875873407 0.0624743115495273 0.0579531442663379 0.0637073571722154 0.061652281134402 0.064118372379778 0.0612412659268393 0.061652281134402 0.0653514180024661 0.06288532675709 0.06288532675709 0.0595972050965886 0.0661734484175915 0.083436087135224 0 0.0587751746814632 0.0842581175503494 0.0620632963419647
"plaMeg" 0.0554870530209618 0.0147965474722565 0.0184956843403206 0.0213727907932593 0.0152075626798192 0.0164406083025072 0.0135635018495684 0.0246609124537608 0.0300041101520756 0.0394574599260173 0.0172626387176326 0.0147965474722565 0.0472667488697082 0.0637073571722154 0.0587751746814632 0 0.0678175092478422 0.0135635018495684
"podExp" 0.0776818742293465 0.0674064940402795 0.0661734484175915 0.0665844636251541 0.0711056309083436 0.0711056309083436 0.0674064940402795 0.0682285244554049 0.0702836004932182 0.052609946568023 0.0711056309083436 0.0694615700780929 0.0571311138512125 0.0538429921907111 0.0842581175503494 0.0678175092478422 0 0.0698725852856556
"terMex" 0.0563090834360871 0.0160295930949445 0.021783806000822 0.0246609124537608 0.0106863953966297 0.0201397451705713 0.0172626387176326 0.0254829428688861 0.0332922318125771 0.0431565967940814 0.019317714755446 0.010275380189067 0.0501438553226469 0.0665844636251541 0.0620632963419647 0.0135635018495684 0.0698725852856556 0
