"carIns" "cheAbi" "cheMyd" "cheSer" "chrPic" "cuoAmb" "cuoMcc" "derMaw" "emySub" "gopAga" "malTer" "mesTub" "pelCas" "pelSin" "plaMeg" "podExp" "terMex"
"carIns" 0 0.052281789986708 0.0500664599025255 0.0509525919361985 0.0478511298183429 0.049623393885689 0.0482941958351794 0.107221976074435 0.0589277802392556 0.048737261852016 0.0571555161719096 0.0593708462560922 0.0646876384581303 0.049623393885689 0.0456357997341604 0.0682321665928223 0.0460788657509969
"cheAbi" 0.052281789986708 0 0.0248116969428445 0.0274700930438635 0.0203810367744794 0.0141781125387683 0.0128489144882588 0.0863978732831192 0.0434204696499778 0.0132919805050953 0.0274700930438635 0.0443066016836509 0.051395657953035 0.0407620735489588 0.0146211785556048 0.0602569782897652 0.0163934426229508
"cheMyd" 0.0500664599025255 0.0248116969428445 0 0.0212671688081524 0.0203810367744794 0.0181657066902969 0.0168365086397873 0.0819672131147541 0.0407620735489588 0.0221533008418254 0.0296854231280461 0.0416482055826318 0.0478511298183429 0.0363314133805937 0.0146211785556048 0.0589277802392556 0.0163934426229508
"cheSer" 0.0509525919361985 0.0274700930438635 0.0212671688081524 0 0.0208241027913159 0.0212671688081524 0.0199379707576429 0.0815241470979176 0.0403190075321223 0.024368630926008 0.0301284891448826 0.0398759415152858 0.0482941958351794 0.0394328754984493 0.0172795746566238 0.0593708462560922 0.0186087727071334
"chrPic" 0.0478511298183429 0.0203810367744794 0.0203810367744794 0.0208241027913159 0 0.0141781125387683 0.0128489144882588 0.0819672131147541 0.0412051395657953 0.0186087727071334 0.0137350465219318 0.0403190075321223 0.048737261852016 0.0381036774479397 0.00841825431989366 0.0567124501550731 0.00487372618520159
"cuoAmb" 0.049623393885689 0.0141781125387683 0.0181657066902969 0.0212671688081524 0.0141781125387683 0 0.00132919805050953 0.0846256092157732 0.0403190075321223 0.0132919805050953 0.023482498892335 0.0407620735489588 0.0482941958351794 0.0372175454142667 0.00841825431989366 0.0567124501550731 0.0101905183872397
"cuoMcc" 0.0482941958351794 0.0128489144882588 0.0168365086397873 0.0199379707576429 0.0128489144882588 0.00132919805050953 0 0.0841825431989366 0.0389898094816128 0.0119627824545857 0.0221533008418254 0.0394328754984493 0.0469649977846699 0.0358883473637572 0.00708905626938414 0.0553832521045636 0.00886132033673017
"derMaw" 0.107221976074435 0.0863978732831192 0.0819672131147541 0.0815241470979176 0.0819672131147541 0.0846256092157732 0.0841825431989366 0 0.0992467877713779 0.0859548072662827 0.0934869295525033 0.100575985821887 0.103234381922907 0.0996898537882144 0.0806380150642446 0.115640230394329 0.0815241470979176
"emySub" 0.0589277802392556 0.0434204696499778 0.0407620735489588 0.0403190075321223 0.0412051395657953 0.0403190075321223 0.0389898094816128 0.0992467877713779 0 0.0420912715994683 0.0478511298183429 0.0194949047408064 0.0358883473637572 0.048737261852016 0.0354452813469207 0.0434204696499778 0.0367744793974302
"gopAga" 0.048737261852016 0.0132919805050953 0.0221533008418254 0.024368630926008 0.0186087727071334 0.0132919805050953 0.0119627824545857 0.0859548072662827 0.0420912715994683 0 0.0265839610101905 0.0438635356668144 0.049623393885689 0.0407620735489588 0.0128489144882588 0.0593708462560922 0.0146211785556048
"malTer" 0.0571555161719096 0.0274700930438635 0.0296854231280461 0.0301284891448826 0.0137350465219318 0.023482498892335 0.0221533008418254 0.0934869295525033 0.0478511298183429 0.0265839610101905 0 0.048737261852016 0.0558263181214001 0.0465219317678334 0.0177226406734603 0.0646876384581303 0.0141781125387683
"mesTub" 0.0593708462560922 0.0443066016836509 0.0416482055826318 0.0398759415152858 0.0403190075321223 0.0407620735489588 0.0394328754984493 0.100575985821887 0.0194949047408064 0.0438635356668144 0.048737261852016 0 0.0381036774479397 0.0491803278688525 0.0372175454142667 0.0451927337173239 0.0385467434647763
"pelCas" 0.0646876384581303 0.051395657953035 0.0478511298183429 0.0482941958351794 0.048737261852016 0.0482941958351794 0.0469649977846699 0.103234381922907 0.0358883473637572 0.049623393885689 0.0558263181214001 0.0381036774479397 0 0.0571555161719096 0.0438635356668144 0.0412051395657953 0.0451927337173239
"pelSin" 0.049623393885689 0.0407620735489588 0.0363314133805937 0.0394328754984493 0.0381036774479397 0.0372175454142667 0.0358883473637572 0.0996898537882144 0.048737261852016 0.0407620735489588 0.0465219317678334 0.0491803278688525 0.0571555161719096 0 0.0350022153300842 0.0664599025254763 0.0363314133805937
"plaMeg" 0.0456357997341604 0.0146211785556048 0.0146211785556048 0.0172795746566238 0.00841825431989366 0.00841825431989366 0.00708905626938414 0.0806380150642446 0.0354452813469207 0.0128489144882588 0.0177226406734603 0.0372175454142667 0.0438635356668144 0.0350022153300842 0 0.053167922020381 0.00443066016836509
"podExp" 0.0682321665928223 0.0602569782897652 0.0589277802392556 0.0593708462560922 0.0567124501550731 0.0567124501550731 0.0553832521045636 0.115640230394329 0.0434204696499778 0.0593708462560922 0.0646876384581303 0.0451927337173239 0.0412051395657953 0.0664599025254763 0.053167922020381 0 0.0544971200708906
"terMex" 0.0460788657509969 0.0163934426229508 0.0163934426229508 0.0186087727071334 0.00487372618520159 0.0101905183872397 0.00886132033673017 0.0815241470979176 0.0367744793974302 0.0146211785556048 0.0141781125387683 0.0385467434647763 0.0451927337173239 0.0363314133805937 0.00443066016836509 0.0544971200708906 0
