"cheAbi" "cheMyd" "cheSer" "chrPic" "cuoAmb" "cuoMcc" "derCor" "derMaw" "emySub" "gopAga" "malTer" "mesTub" "pelCas" "pelSin" "plaMeg" "podExp"
"cheAbi" 0 0.0626009693053312 0.0541195476575121 0.0387722132471729 0.0258481421647819 0.0525040387722132 0.0569466882067851 0.0662358642972536 0.107431340872375 0.0274636510500808 0.0436187399030695 0.115508885298869 0.126413570274637 0.131663974151858 0.0310985460420032 0.140953150242326
"cheMyd" 0.0626009693053312 0 0.052907915993538 0.0561389337641357 0.0545234248788368 0.0823909531502423 0.0335218093699515 0.0662358642972536 0.105411954765751 0.0662358642972536 0.0597738287560582 0.116720516962843 0.123990306946688 0.127625201938611 0.0480613893376414 0.1421647819063
"cheSer" 0.0541195476575121 0.052907915993538 0 0.0460420032310178 0.0440226171243942 0.0710823909531502 0.0468497576736672 0.0533117932148627 0.0945072697899838 0.055735056542811 0.0488691437802908 0.107431340872375 0.11470113085622 0.121970920840065 0.037156704361874 0.132875605815832
"chrPic" 0.0387722132471729 0.0561389337641357 0.0460420032310178 0 0.031502423263328 0.0577544426494346 0.0516962843295638 0.0597738287560582 0.098546042003231 0.0436187399030695 0.012924071082391 0.107431340872375 0.120355411954766 0.124798061389338 0.0262520193861066 0.132471728594507
"cuoAmb" 0.0258481421647819 0.0545234248788368 0.0440226171243942 0.031502423263328 0 0.0367528271405493 0.0468497576736672 0.0561389337641357 0.0977382875605816 0.0302907915993538 0.0355411954765751 0.106219709208401 0.116316639741519 0.123990306946688 0.0230210016155089 0.134087237479806
"cuoMcc" 0.0525040387722132 0.0823909531502423 0.0710823909531502 0.0577544426494346 0.0367528271405493 0 0.0755250403877221 0.0819870759289176 0.123990306946688 0.0569466882067851 0.061389337641357 0.130856219709208 0.142568659127625 0.147011308562197 0.0496768982229402 0.159531502423263
"derCor" 0.0569466882067851 0.0335218093699515 0.0468497576736672 0.0516962843295638 0.0468497576736672 0.0755250403877221 0 0.058562197092084 0.101777059773829 0.0601777059773829 0.0533117932148627 0.110258481421648 0.118336025848142 0.126817447495961 0.04281098546042 0.138529886914378
"derMaw" 0.0662358642972536 0.0662358642972536 0.0533117932148627 0.0597738287560582 0.0561389337641357 0.0819870759289176 0.058562197092084 0 0.108642972536349 0.0650242326332795 0.0617932148626817 0.119143780290792 0.128836833602585 0.132875605815832 0.0512924071082391 0.140953150242326
"emySub" 0.107431340872375 0.105411954765751 0.0945072697899838 0.098546042003231 0.0977382875605816 0.123990306946688 0.101777059773829 0.108642972536349 0 0.102988691437803 0.102180936995153 0.0569466882067851 0.0961227786752827 0.146607431340872 0.0912762520193861 0.109450726978998
"gopAga" 0.0274636510500808 0.0662358642972536 0.055735056542811 0.0436187399030695 0.0302907915993538 0.0569466882067851 0.0601777059773829 0.0650242326332795 0.102988691437803 0 0.0468497576736672 0.113489499192246 0.123586429725363 0.135702746365105 0.034329563812601 0.140953150242326
"malTer" 0.0436187399030695 0.0597738287560582 0.0488691437802908 0.012924071082391 0.0355411954765751 0.061389337641357 0.0533117932148627 0.0617932148626817 0.102180936995153 0.0468497576736672 0 0.111470113085622 0.12075928917609 0.128836833602585 0.0302907915993538 0.133279483037157
"mesTub" 0.115508885298869 0.116720516962843 0.107431340872375 0.107431340872375 0.106219709208401 0.130856219709208 0.110258481421648 0.119143780290792 0.0569466882067851 0.113489499192246 0.111470113085622 0 0.107431340872375 0.15670436187399 0.104200323101777 0.120355411954766
"pelCas" 0.126413570274637 0.123990306946688 0.11470113085622 0.120355411954766 0.116316639741519 0.142568659127625 0.118336025848142 0.128836833602585 0.0961227786752827 0.123586429725363 0.12075928917609 0.107431340872375 0 0.168416801292407 0.11470113085622 0.098546042003231
"pelSin" 0.131663974151858 0.127625201938611 0.121970920840065 0.124798061389338 0.123990306946688 0.147011308562197 0.126817447495961 0.132875605815832 0.146607431340872 0.135702746365105 0.128836833602585 0.15670436187399 0.168416801292407 0 0.118336025848142 0.182148626817448
"plaMeg" 0.0310985460420032 0.0480613893376414 0.037156704361874 0.0262520193861066 0.0230210016155089 0.0496768982229402 0.04281098546042 0.0512924071082391 0.0912762520193861 0.034329563812601 0.0302907915993538 0.104200323101777 0.11470113085622 0.118336025848142 0 0.132067851373183
"podExp" 0.140953150242326 0.1421647819063 0.132875605815832 0.132471728594507 0.134087237479806 0.159531502423263 0.138529886914378 0.140953150242326 0.109450726978998 0.140953150242326 0.133279483037157 0.120355411954766 0.098546042003231 0.182148626817448 0.132067851373183 0
