"carIns" "cheAbi" "cheMyd" "cheSer" "chrPic" "cuoAmb" "cuoMcc" "derCor" "derMaw" "emySub" "gopAga" "malTer" "mesTub" "pelCas" "pelSin" "plaMeg" "podExp" "terMex"
"carIns" 0 0.100078186082877 0.0961688819390148 0.0903049257232213 0.0938232994526974 0.100078186082877 0.100078186082877 0.0965598123534011 0.0985144644253323 0.114542611415168 0.0977326035965598 0.100469116497263 0.116106333072713 0.126661454261142 0.105160281469898 0.0895230648944488 0.132134480062549 0.123924941360438
"cheAbi" 0.100078186082877 0 0.0508209538702111 0.0433932759968726 0.0406567630961689 0.0324472243940579 0.0293197810789679 0.0508209538702111 0.0590304925723221 0.0805316653635653 0.0242376856919468 0.0469116497263487 0.0828772478498827 0.100469116497263 0.0922595777951525 0.0316653635652854 0.106333072713057 0.0703674745895231
"cheMyd" 0.0961688819390148 0.0508209538702111 0 0.0390930414386239 0.0445660672400313 0.0504300234558249 0.0484753713838937 0.0320562939796716 0.0531665363565285 0.0820953870211102 0.0512118842845973 0.0523846755277561 0.0820953870211102 0.0989053948397185 0.0903049257232213 0.0371383893666927 0.10398749022674 0.0750586395621579
"cheSer" 0.0903049257232213 0.0433932759968726 0.0390930414386239 0 0.0367474589523065 0.0410476935105551 0.0402658326817826 0.0371383893666927 0.0465207193119625 0.0750586395621579 0.0437842064112588 0.0437842064112588 0.073494917904613 0.0930414386239249 0.0852228303362002 0.0281469898358092 0.0953870211102424 0.0680218921032056
"chrPic" 0.0938232994526974 0.0406567630961689 0.0445660672400313 0.0367474589523065 0 0.0347928068803753 0.0324472243940579 0.0402658326817826 0.0508209538702111 0.0777951524628616 0.0379202501954652 0.0156372165754496 0.0781860828772478 0.0942142298670837 0.0891321344800625 0.0242376856919468 0.0989053948397185 0.0559030492572322
"cuoAmb" 0.100078186082877 0.0324472243940579 0.0504300234558249 0.0410476935105551 0.0347928068803753 0 0.00703674745895231 0.0476935105551212 0.0547302580140735 0.0805316653635653 0.0320562939796716 0.0430023455824863 0.0824863174354965 0.100469116497263 0.0922595777951525 0.0293197810789679 0.104769351055512 0.0668491008600469
"cuoMcc" 0.100078186082877 0.0293197810789679 0.0484753713838937 0.0402658326817826 0.0324472243940579 0.00703674745895231 0 0.0453479280688038 0.0531665363565285 0.0774042220484754 0.0293197810789679 0.0414386239249414 0.0797498045347928 0.098123534010946 0.0906958561376075 0.027756059421423 0.102814698983581 0.065285379202502
"derCor" 0.0965598123534011 0.0508209538702111 0.0320562939796716 0.0371383893666927 0.0402658326817826 0.0476935105551212 0.0453479280688038 0 0.0508209538702111 0.0805316653635653 0.0476935105551212 0.0484753713838937 0.0797498045347928 0.0985144644253323 0.0860046911649726 0.0347928068803753 0.10086004691165 0.0738858483189992
"derMaw" 0.0985144644253323 0.0590304925723221 0.0531665363565285 0.0465207193119625 0.0508209538702111 0.0547302580140735 0.0531665363565285 0.0508209538702111 0 0.0875684128225176 0.0570758405003909 0.0590304925723221 0.0863956215793589 0.103205629397967 0.0953870211102424 0.0453479280688038 0.104378420641126 0.0813135261923378
"emySub" 0.114542611415168 0.0805316653635653 0.0820953870211102 0.0750586395621579 0.0777951524628616 0.0805316653635653 0.0774042220484754 0.0805316653635653 0.0875684128225176 0 0.0844409695074277 0.0840500390930414 0.0426114151681001 0.0820953870211102 0.112197028928851 0.0715402658326818 0.0910867865519937 0.107505863956216
"gopAga" 0.0977326035965598 0.0242376856919468 0.0512118842845973 0.0437842064112588 0.0379202501954652 0.0320562939796716 0.0293197810789679 0.0476935105551212 0.0570758405003909 0.0844409695074277 0 0.0469116497263487 0.080140734949179 0.100078186082877 0.0903049257232213 0.0316653635652854 0.102814698983581 0.0699765441751368
"malTer" 0.100469116497263 0.0469116497263487 0.0523846755277561 0.0437842064112588 0.0156372165754496 0.0430023455824863 0.0414386239249414 0.0484753713838937 0.0590304925723221 0.0840500390930414 0.0469116497263487 0 0.0848318999218139 0.102423768569195 0.0973416731821736 0.0316653635652854 0.108287724784988 0.0641125879593432
"mesTub" 0.116106333072713 0.0828772478498827 0.0820953870211102 0.073494917904613 0.0781860828772478 0.0824863174354965 0.0797498045347928 0.0797498045347928 0.0863956215793589 0.0426114151681001 0.080140734949179 0.0848318999218139 0 0.0824863174354965 0.111415168100078 0.0715402658326818 0.0891321344800625 0.107896794370602
"pelCas" 0.126661454261142 0.100469116497263 0.0989053948397185 0.0930414386239249 0.0942142298670837 0.100469116497263 0.098123534010946 0.0985144644253323 0.103205629397967 0.0820953870211102 0.100078186082877 0.102423768569195 0.0824863174354965 0 0.123534010946052 0.0910867865519937 0.0711493354182955 0.123534010946052
"pelSin" 0.105160281469898 0.0922595777951525 0.0903049257232213 0.0852228303362002 0.0891321344800625 0.0922595777951525 0.0906958561376075 0.0860046911649726 0.0953870211102424 0.112197028928851 0.0903049257232213 0.0973416731821736 0.111415168100078 0.123534010946052 0 0.0805316653635653 0.134870992963253 0.115324472243941
"plaMeg" 0.0895230648944488 0.0316653635652854 0.0371383893666927 0.0281469898358092 0.0242376856919468 0.0293197810789679 0.027756059421423 0.0347928068803753 0.0453479280688038 0.0715402658326818 0.0316653635652854 0.0316653635652854 0.0715402658326818 0.0910867865519937 0.0805316653635653 0 0.0957779515246286 0.0551211884284597
"podExp" 0.132134480062549 0.106333072713057 0.10398749022674 0.0953870211102424 0.0989053948397185 0.104769351055512 0.102814698983581 0.10086004691165 0.104378420641126 0.0910867865519937 0.102814698983581 0.108287724784988 0.0891321344800625 0.0711493354182955 0.134870992963253 0.0957779515246286 0 0.129007036747459
"terMex" 0.123924941360438 0.0703674745895231 0.0750586395621579 0.0680218921032056 0.0559030492572322 0.0668491008600469 0.065285379202502 0.0738858483189992 0.0813135261923378 0.107505863956216 0.0699765441751368 0.0641125879593432 0.107896794370602 0.123534010946052 0.115324472243941 0.0551211884284597 0.129007036747459 0
