"carIns" "cheAbi" "cheMyd" "cheSer" "chrPic" "cuoAmb" "cuoMcc" "derCor" "derMaw" "emySub" "gopAga" "malTer" "mesTub" "pelSin" "plaMeg" "podExp" "terMex"
"carIns" 0 0.0833725859632595 0.0725388601036269 0.071596796985398 0.0734809232218559 0.0692416391898257 0.0725388601036269 0.0706547338671691 0.0772491756947715 0.0753650494583137 0.0758360810174282 0.0758360810174282 0.0767781441356571 0.0668864813942534 0.0725388601036269 0.109279321714555 0.0711257654262836
"cheAbi" 0.0833725859632595 0 0.0466321243523316 0.0485162505887895 0.0438059349976448 0.0353273669335845 0.0367404616109279 0.041921808761187 0.0527555346208196 0.0668864813942534 0.0367404616109279 0.0433349034385304 0.0692416391898257 0.0781912388130005 0.0348563353744701 0.107866227037211 0.0386245878473858
"cheMyd" 0.0725388601036269 0.0466321243523316 0 0.0348563353744701 0.0362694300518135 0.0325011775788978 0.0367404616109279 0.0193122939236929 0.0367404616109279 0.0560527555346208 0.0376825247291569 0.035798398492699 0.0584079133301931 0.0673575129533679 0.0282618935468676 0.09609043805935 0.0310880829015544
"cheSer" 0.071596796985398 0.0485162505887895 0.0348563353744701 0 0.0348563353744701 0.035798398492699 0.029674988224211 0.0301460197833255 0.0376825247291569 0.0551106924163919 0.0348563353744701 0.0353273669335845 0.0579368817710787 0.066415449835139 0.0287329251059821 0.0942063118228921 0.0310880829015544
"chrPic" 0.0734809232218559 0.0438059349976448 0.0362694300518135 0.0348563353744701 0 0.018370230805464 0.0320301460197833 0.0310880829015544 0.0438059349976448 0.0574658502119642 0.0343853038153556 0.0240226095148375 0.059349976448422 0.0668864813942534 0.0268487988695243 0.0965614696184644 0.0207253886010363
"cuoAmb" 0.0692416391898257 0.0353273669335845 0.0325011775788978 0.035798398492699 0.018370230805464 0 0.0226095148374941 0.0306170513424399 0.0409797456429581 0.0536975977390485 0.0301460197833255 0.0329722091380122 0.0565237870937353 0.066415449835139 0.023551577955723 0.0932642487046632 0.0277908619877532
"cuoMcc" 0.0725388601036269 0.0367404616109279 0.0367404616109279 0.029674988224211 0.0320301460197833 0.0226095148374941 0 0.0320301460197833 0.0423928403203015 0.0555817239755064 0.0282618935468676 0.0334432406971267 0.0588789448893076 0.0682995760715968 0.0240226095148375 0.0923221855864343 0.0282618935468676
"derCor" 0.0706547338671691 0.041921808761187 0.0193122939236929 0.0301460197833255 0.0310880829015544 0.0306170513424399 0.0320301460197833 0 0.0301460197833255 0.0442769665567593 0.0339142722562412 0.0221384832783797 0.0452190296749882 0.060292039566651 0.0155440414507772 0.0918511540273198 0.017428167687235
"derMaw" 0.0772491756947715 0.0527555346208196 0.0367404616109279 0.0376825247291569 0.0438059349976448 0.0409797456429581 0.0423928403203015 0.0301460197833255 0 0.0532265661799341 0.0447479981158738 0.0400376825247292 0.0574658502119642 0.0720678285445125 0.0306170513424399 0.095148374941121 0.0343853038153556
"emySub" 0.0753650494583137 0.0668864813942534 0.0560527555346208 0.0551106924163919 0.0574658502119642 0.0536975977390485 0.0555817239755064 0.0442769665567593 0.0532265661799341 0 0.0579368817710787 0.0489872821479039 0.0216674517192652 0.0692416391898257 0.0409797456429581 0.0748940178991993 0.041921808761187
"gopAga" 0.0758360810174282 0.0367404616109279 0.0376825247291569 0.0348563353744701 0.0343853038153556 0.0301460197833255 0.0282618935468676 0.0339142722562412 0.0447479981158738 0.0579368817710787 0 0.0353273669335845 0.0612341026848799 0.0692416391898257 0.0273198304286387 0.0956194065002355 0.0306170513424399
"malTer" 0.0758360810174282 0.0433349034385304 0.035798398492699 0.0353273669335845 0.0240226095148375 0.0329722091380122 0.0334432406971267 0.0221384832783797 0.0400376825247292 0.0489872821479039 0.0353273669335845 0 0.0508714083843618 0.0659444182760245 0.0160150730098917 0.09609043805935 0.00989166274140367
"mesTub" 0.0767781441356571 0.0692416391898257 0.0584079133301931 0.0579368817710787 0.059349976448422 0.0565237870937353 0.0588789448893076 0.0452190296749882 0.0574658502119642 0.0216674517192652 0.0612341026848799 0.0508714083843618 0 0.0692416391898257 0.0433349034385304 0.0800753650494583 0.0442769665567593
"pelSin" 0.0668864813942534 0.0781912388130005 0.0673575129533679 0.066415449835139 0.0668864813942534 0.066415449835139 0.0682995760715968 0.060292039566651 0.0720678285445125 0.0692416391898257 0.0692416391898257 0.0659444182760245 0.0692416391898257 0 0.0617051342439943 0.105040037682525 0.0607630711257654
"plaMeg" 0.0725388601036269 0.0348563353744701 0.0282618935468676 0.0287329251059821 0.0268487988695243 0.023551577955723 0.0240226095148375 0.0155440414507772 0.0306170513424399 0.0409797456429581 0.0273198304286387 0.0160150730098917 0.0433349034385304 0.0617051342439943 0 0.089967027790862 0.0113047574187471
"podExp" 0.109279321714555 0.107866227037211 0.09609043805935 0.0942063118228921 0.0965614696184644 0.0932642487046632 0.0923221855864343 0.0918511540273198 0.095148374941121 0.0748940178991993 0.0956194065002355 0.09609043805935 0.0800753650494583 0.105040037682525 0.089967027790862 0 0.0904380593499765
"terMex" 0.0711257654262836 0.0386245878473858 0.0310880829015544 0.0310880829015544 0.0207253886010363 0.0277908619877532 0.0282618935468676 0.017428167687235 0.0343853038153556 0.041921808761187 0.0306170513424399 0.00989166274140367 0.0442769665567593 0.0607630711257654 0.0113047574187471 0.0904380593499765 0
