"carIns" "cheAbi" "cheMyd" "chrPic" "cuoAmb" "cuoMcc" "derMaw" "emySub" "gopAga" "malTer" "mesTub" "pelCas" "pelSin" "plaMeg" "podExp"
"carIns" 0 0.179056237879767 0.139948287007111 0.137201034259858 0.136716224951519 0.134938590820944 0.226082740788623 0.159825468648998 0.143665158371041 0.135746606334842 0.16677440206852 0.179864253393665 0.15546218487395 0.131383322559793 0.197802197802198
"cheAbi" 0.179056237879767 0 0.0948610213316096 0.0830639948287007 0.0694893341952166 0.0691661279896574 0.207498383968972 0.138978668390433 0.0711053652230123 0.0812863606981254 0.14754363283775 0.159502262443439 0.154169360051713 0.0772462831286361 0.184550743374273
"cheMyd" 0.139948287007111 0.0948610213316096 0 0.0434712346477052 0.0454104718810601 0.043956043956044 0.155623787976729 0.0930833872010343 0.0520361990950226 0.0425016160310278 0.0990627020038785 0.116677440206852 0.108597285067873 0.0368455074337427 0.139463477698772
"chrPic" 0.137201034259858 0.0830639948287007 0.0434712346477052 0 0.031835811247576 0.0310277957336781 0.156108597285068 0.0883968972204266 0.0392695539754363 0.0130898513251454 0.0961538461538462 0.112314156431803 0.106658047834518 0.0224628312863607 0.138170652876535
"cuoAmb" 0.136716224951519 0.0694893341952166 0.0454104718810601 0.031835811247576 0 0.00808015513897867 0.156755009696186 0.0888817065287654 0.0247252747252747 0.0297349709114415 0.0974466709760827 0.11344537815126 0.107466063348416 0.0247252747252747 0.137524240465417
"cuoMcc" 0.134938590820944 0.0691661279896574 0.043956043956044 0.0310277957336781 0.00808015513897867 0 0.156431803490627 0.0879120879120879 0.0234324499030381 0.0289269553975436 0.0966386554621849 0.112637362637363 0.107304460245637 0.0240788623141564 0.13623141564318
"derMaw" 0.226082740788623 0.207498383968972 0.155623787976729 0.156108597285068 0.156755009696186 0.156431803490627 0 0.193923723335488 0.163865546218487 0.154169360051713 0.20071105365223 0.211538461538462 0.206528765352295 0.151260504201681 0.227052359405301
"emySub" 0.159825468648998 0.138978668390433 0.0930833872010343 0.0883968972204266 0.0888817065287654 0.0879120879120879 0.193923723335488 0 0.0964770523594053 0.0883968972204266 0.0568842921784098 0.096961861667744 0.131383322559793 0.0830639948287007 0.123141564318035
"gopAga" 0.143665158371041 0.0711053652230123 0.0520361990950226 0.0392695539754363 0.0247252747252747 0.0234324499030381 0.163865546218487 0.0964770523594053 0 0.0373303167420814 0.104557207498384 0.120555914673562 0.116192630898513 0.0326438267614738 0.142695539754363
"malTer" 0.135746606334842 0.0812863606981254 0.0425016160310278 0.0130898513251454 0.0297349709114415 0.0289269553975436 0.154169360051713 0.0883968972204266 0.0373303167420814 0 0.0950226244343891 0.110859728506787 0.105688429217841 0.020846800258565 0.136716224951519
"mesTub" 0.16677440206852 0.14754363283775 0.0990627020038785 0.0961538461538462 0.0974466709760827 0.0966386554621849 0.20071105365223 0.0568842921784098 0.104557207498384 0.0950226244343891 0 0.105850032320621 0.139463477698772 0.0901745313510019 0.125888817065288
"pelCas" 0.179864253393665 0.159502262443439 0.116677440206852 0.112314156431803 0.11344537815126 0.112637362637363 0.211538461538462 0.096961861667744 0.120555914673562 0.110859728506787 0.105850032320621 0 0.15513897866839 0.10617323852618 0.107466063348416
"pelSin" 0.15546218487395 0.154169360051713 0.108597285067873 0.106658047834518 0.107466063348416 0.107304460245637 0.206528765352295 0.131383322559793 0.116192630898513 0.105688429217841 0.139463477698772 0.15513897866839 0 0.102941176470588 0.178894634776988
"plaMeg" 0.131383322559793 0.0772462831286361 0.0368455074337427 0.0224628312863607 0.0247252747252747 0.0240788623141564 0.151260504201681 0.0830639948287007 0.0326438267614738 0.020846800258565 0.0901745313510019 0.10617323852618 0.102941176470588 0 0.131060116354234
"podExp" 0.197802197802198 0.184550743374273 0.139463477698772 0.138170652876535 0.137524240465417 0.13623141564318 0.227052359405301 0.123141564318035 0.142695539754363 0.136716224951519 0.125888817065288 0.107466063348416 0.178894634776988 0.131060116354234 0
