"carIns" "cheAbi" "cheMyd" "cheSer" "chrPic" "cuoAmb" "cuoMcc" "derCor" "derMaw" "emySub" "gopAga" "mesTub" "pelCas" "pelSin" "plaMeg" "podExp" "terMex"
"carIns" 0 0.105026353001671 0.103355187042036 0.105283455457 0.10104126494408 0.103098084586708 0.102583879676051 0.106697518961306 0.116724514719116 0.124566139606633 0.103997943180357 0.131250803445173 0.142177657796632 0.130222393623859 0.101684021082401 0.15246175600977 0.0994986502121095
"cheAbi" 0.105026353001671 0 0.0394652268929168 0.0385653682992673 0.0282812700861293 0.0215966062475897 0.0204396451986116 0.0422933539015298 0.0539915156189742 0.0789304537858337 0.0167116595963491 0.0825298881604319 0.0998843038951022 0.108625787376269 0.0282812700861293 0.108882889831598 0.0273814114924798
"cheMyd" 0.103355187042036 0.0394652268929168 0 0.0326520118267129 0.0326520118267129 0.0350944851523332 0.0341946265586836 0.0195397866049621 0.0471783005527703 0.0754595706388996 0.0371513047949608 0.0800874148348117 0.0965419719758324 0.106183314050649 0.0320092556883918 0.108754338603934 0.0313664995500707
"cheSer" 0.105283455457 0.0385653682992673 0.0326520118267129 0 0.0312379483224065 0.034965933924669 0.0344517290140121 0.0353515876076617 0.0474354030080987 0.0759737755495565 0.0358657925183185 0.0802159660624759 0.0962848695205039 0.106311865278313 0.0317521532330634 0.108497236148605 0.030980845867078
"chrPic" 0.10104126494408 0.0282812700861293 0.0326520118267129 0.0312379483224065 0 0.0240390795732099 0.0228821185242319 0.0356086900629901 0.0479496079187556 0.072245789947294 0.0255816943051806 0.0766165316878776 0.094613703560869 0.102198225993058 0.0190255816943052 0.104640699318678 0.0110554055791233
"cuoAmb" 0.103098084586708 0.0215966062475897 0.0350944851523332 0.034965933924669 0.0240390795732099 0 0.00578480524489009 0.0377940609332819 0.051034837382697 0.0748168145005785 0.0182542743283198 0.0784162488751768 0.0965419719758324 0.105669109139992 0.024681835711531 0.106954621416635 0.0236534258902173
"cuoMcc" 0.102583879676051 0.0204396451986116 0.0341946265586836 0.0344517290140121 0.0228821185242319 0.00578480524489009 0 0.0368942023396323 0.0497493251060548 0.0740455071345931 0.0174829669623345 0.0772592878261987 0.0958992158375113 0.104897801774007 0.023524874662553 0.106183314050649 0.0227535672965677
"derCor" 0.106697518961306 0.0422933539015298 0.0195397866049621 0.0353515876076617 0.0356086900629901 0.0377940609332819 0.0368942023396323 0 0.0500064275613832 0.0786733513305052 0.0398508805759095 0.083172644298753 0.100527060033423 0.109911299652912 0.0353515876076617 0.11261087543386 0.0344517290140121
"derMaw" 0.116724514719116 0.0539915156189742 0.0471783005527703 0.0474354030080987 0.0479496079187556 0.051034837382697 0.0497493251060548 0.0500064275613832 0 0.0899858593649569 0.0523203496593392 0.0939709474225479 0.107211723871963 0.118909885589407 0.047563954235763 0.119938295410721 0.047563954235763
"emySub" 0.124566139606633 0.0789304537858337 0.0754595706388996 0.0759737755495565 0.072245789947294 0.0748168145005785 0.0740455071345931 0.0786733513305052 0.0899858593649569 0 0.0761023267772207 0.0438359686335004 0.0777734927368556 0.127908471525903 0.0721172387196298 0.0917855765522561 0.0712173801259802
"gopAga" 0.103997943180357 0.0167116595963491 0.0371513047949608 0.0358657925183185 0.0255816943051806 0.0182542743283198 0.0174829669623345 0.0398508805759095 0.0523203496593392 0.0761023267772207 0 0.0799588636071474 0.098084586707803 0.106054762822985 0.0255816943051806 0.108882889831598 0.0249389381668595
"mesTub" 0.131250803445173 0.0825298881604319 0.0800874148348117 0.0802159660624759 0.0766165316878776 0.0784162488751768 0.0772592878261987 0.083172644298753 0.0939709474225479 0.0438359686335004 0.0799588636071474 0 0.0813729271114539 0.133050520632472 0.0763594292325492 0.094613703560869 0.0753310194112354
"pelCas" 0.142177657796632 0.0998843038951022 0.0965419719758324 0.0962848695205039 0.094613703560869 0.0965419719758324 0.0958992158375113 0.100527060033423 0.107211723871963 0.0777734927368556 0.098084586707803 0.0813729271114539 0 0.145262887260573 0.0947422547885332 0.08368684920941 0.0930710888288983
"pelSin" 0.130222393623859 0.108625787376269 0.106183314050649 0.106311865278313 0.102198225993058 0.105669109139992 0.104897801774007 0.109911299652912 0.118909885589407 0.127908471525903 0.106054762822985 0.133050520632472 0.145262887260573 0 0.1034837382697 0.15490422933539 0.102069674765394
"plaMeg" 0.101684021082401 0.0282812700861293 0.0320092556883918 0.0317521532330634 0.0190255816943052 0.024681835711531 0.023524874662553 0.0353515876076617 0.047563954235763 0.0721172387196298 0.0255816943051806 0.0763594292325492 0.0947422547885332 0.1034837382697 0 0.105669109139992 0.0182542743283198
"podExp" 0.15246175600977 0.108882889831598 0.108754338603934 0.108497236148605 0.104640699318678 0.106954621416635 0.106183314050649 0.11261087543386 0.119938295410721 0.0917855765522561 0.108882889831598 0.094613703560869 0.08368684920941 0.15490422933539 0.105669109139992 0 0.104512148091014
"terMex" 0.0994986502121095 0.0273814114924798 0.0313664995500707 0.030980845867078 0.0110554055791233 0.0236534258902173 0.0227535672965677 0.0344517290140121 0.047563954235763 0.0712173801259802 0.0249389381668595 0.0753310194112354 0.0930710888288983 0.102069674765394 0.0182542743283198 0.104512148091014 0
