"carIns" "cheAbi" "cheMyd" "cheSer" "chrPic" "cuoAmb" "cuoMcc" "derMaw" "emySub" "gopAga" "malTer" "mesTub" "pelCas" "pelSin" "plaMeg" "podExp" "terMex"
"carIns" 0 0.061178587494377 0.0499325236167341 0.0490328385065227 0.0490328385065227 0.048582995951417 0.0481331533963113 0.0530814215024741 0.064327485380117 0.0638776428250113 0.0472334682860999 0.0710751237067027 0.0814215024741341 0.0638776428250113 0.0499325236167341 0.0733243364822312 0.0535312640575798
"cheAbi" 0.061178587494377 0 0.0319388214125056 0.0314889788573999 0.0323886639676113 0.0256410256410256 0.0242914979757085 0.0386864597390913 0.0557804768331084 0.0184435447593342 0.0310391363022942 0.0647773279352227 0.067476383265857 0.0593792172739541 0.0323886639676113 0.0665766981556455 0.0283400809716599
"cheMyd" 0.0499325236167341 0.0319388214125056 0 0.0206927575348628 0.0202429149797571 0.0197930724246514 0.0184435447593342 0.0265407107512371 0.0400359874044085 0.0323886639676113 0.0188933873144399 0.0535312640575798 0.0593792172739541 0.0562303193882141 0.0188933873144399 0.0575798470535313 0.0202429149797571
"cheSer" 0.0490328385065227 0.0314889788573999 0.0206927575348628 0 0.0179937022042285 0.0152946468735942 0.0139451192082771 0.0215924426450742 0.0409356725146199 0.0314889788573999 0.0166441745389114 0.0494826810616284 0.064327485380117 0.0535312640575798 0.0170940170940171 0.0557804768331084 0.0215924426450742
"chrPic" 0.0490328385065227 0.0323886639676113 0.0202429149797571 0.0179937022042285 0 0.0148448043184885 0.0134952766531714 0.0251911830859199 0.0427350427350427 0.0319388214125056 0.00629779577147998 0.0503823661718399 0.0665766981556455 0.0571300044984255 0.0143949617633828 0.0598290598290598 0.0139451192082771
"cuoAmb" 0.048582995951417 0.0256410256410256 0.0197930724246514 0.0152946468735942 0.0148448043184885 0 0.00404858299595142 0.0242914979757085 0.0413855150697256 0.0269905533063428 0.01259559154296 0.0521817363922627 0.064327485380117 0.0553306342780027 0.0148448043184885 0.0557804768331084 0.0188933873144399
"cuoMcc" 0.0481331533963113 0.0242914979757085 0.0184435447593342 0.0139451192082771 0.0134952766531714 0.00404858299595142 0 0.0220422852001799 0.0409356725146199 0.0247413405308142 0.0121457489878543 0.0512820512820513 0.0625281151596941 0.051731893837157 0.0134952766531714 0.0544309491677913 0.0170940170940171
"derMaw" 0.0530814215024741 0.0386864597390913 0.0265407107512371 0.0215924426450742 0.0251911830859199 0.0242914979757085 0.0220422852001799 0 0.0476833108412056 0.039136302294197 0.0251911830859199 0.0553306342780027 0.067476383265857 0.0593792172739541 0.0247413405308142 0.0616284300494827 0.0301394511920828
"emySub" 0.064327485380117 0.0557804768331084 0.0400359874044085 0.0409356725146199 0.0427350427350427 0.0413855150697256 0.0409356725146199 0.0476833108412056 0 0.0562303193882141 0.0404858299595142 0.0377867746288799 0.0571300044984255 0.0692757534862798 0.0427350427350427 0.0553306342780027 0.0445344129554656
"gopAga" 0.0638776428250113 0.0184435447593342 0.0323886639676113 0.0314889788573999 0.0319388214125056 0.0269905533063428 0.0247413405308142 0.039136302294197 0.0562303193882141 0 0.0305892937471885 0.0670265407107512 0.0697255960413855 0.0584795321637427 0.0310391363022942 0.0710751237067027 0.0274403958614485
"malTer" 0.0472334682860999 0.0310391363022942 0.0188933873144399 0.0166441745389114 0.00629779577147998 0.01259559154296 0.0121457489878543 0.0251911830859199 0.0404858299595142 0.0305892937471885 0 0.0503823661718399 0.0656770130454341 0.0562303193882141 0.0130454340980657 0.0584795321637427 0.01259559154296
"mesTub" 0.0710751237067027 0.0647773279352227 0.0535312640575798 0.0494826810616284 0.0503823661718399 0.0521817363922627 0.0512820512820513 0.0553306342780027 0.0377867746288799 0.0670265407107512 0.0503823661718399 0 0.0665766981556455 0.0755735492577598 0.0535312640575798 0.0598290598290598 0.0562303193882141
"pelCas" 0.0814215024741341 0.067476383265857 0.0593792172739541 0.064327485380117 0.0665766981556455 0.064327485380117 0.0625281151596941 0.067476383265857 0.0571300044984255 0.0697255960413855 0.0656770130454341 0.0665766981556455 0 0.0818713450292398 0.064327485380117 0.0521817363922627 0.0629779577147998
"pelSin" 0.0638776428250113 0.0593792172739541 0.0562303193882141 0.0535312640575798 0.0571300044984255 0.0553306342780027 0.051731893837157 0.0593792172739541 0.0692757534862798 0.0584795321637427 0.0562303193882141 0.0755735492577598 0.0818713450292398 0 0.0539811066126856 0.0755735492577598 0.0562303193882141
"plaMeg" 0.0499325236167341 0.0323886639676113 0.0188933873144399 0.0170940170940171 0.0143949617633828 0.0148448043184885 0.0134952766531714 0.0247413405308142 0.0427350427350427 0.0310391363022942 0.0130454340980657 0.0535312640575798 0.064327485380117 0.0539811066126856 0 0.0575798470535313 0.0170940170940171
"podExp" 0.0733243364822312 0.0665766981556455 0.0575798470535313 0.0557804768331084 0.0598290598290598 0.0557804768331084 0.0544309491677913 0.0616284300494827 0.0553306342780027 0.0710751237067027 0.0584795321637427 0.0598290598290598 0.0521817363922627 0.0755735492577598 0.0575798470535313 0 0.0616284300494827
"terMex" 0.0535312640575798 0.0283400809716599 0.0202429149797571 0.0215924426450742 0.0139451192082771 0.0188933873144399 0.0170940170940171 0.0301394511920828 0.0445344129554656 0.0274403958614485 0.01259559154296 0.0562303193882141 0.0629779577147998 0.0562303193882141 0.0170940170940171 0.0616284300494827 0
