"carIns" "cheAbi" "cheMyd" "cheSer" "chrPic" "cuoAmb" "cuoMcc" "derCor" "derMaw" "emySub" "gopAga" "malTer" "mesTub" "pelCas" "pelSin" "plaMeg" "podExp" "terMex"
"carIns" 0 0.0964274423016124 0.0875750869427758 0.0910527979766045 0.0891558646854252 0.0893139424596902 0.0899462535567499 0.0926335757192539 0.0978501422699968 0.107176730951628 0.0945305090104331 0.0883654758141005 0.105121719886184 0.119348719570028 0.0943724312361682 0.0886816313626304 0.120297186215618 0.0858362314258615
"cheAbi" 0.0964274423016124 0 0.0396775213404995 0.0442617767941827 0.0369901991779956 0.0237116661397408 0.0233955105912109 0.0458425545368321 0.0515333544103699 0.0774581093898198 0.0218147328485615 0.0349351881125514 0.0755611760986405 0.0987986089155865 0.0836231425861524 0.0331963325956371 0.100537464432501 0.0330382548213721
"cheMyd" 0.0875750869427758 0.0396775213404995 0 0.0365159658552008 0.0330382548213721 0.0325640214985773 0.0330382548213721 0.0245020550110654 0.0453683212140373 0.0709769206449573 0.0369901991779956 0.0320897881757825 0.0693961429023079 0.0932658868163136 0.0736642428074613 0.0295605437875435 0.0962693645273475 0.0294024660132785
"cheSer" 0.0910527979766045 0.0442617767941827 0.0365159658552008 0 0.035883654758141 0.0339867214669617 0.0355674992096111 0.0433133101485931 0.0407840657603541 0.0730319317104015 0.0417325324059437 0.0346190325640215 0.0698703762251028 0.0961112867530825 0.0761934871957003 0.0289282326904837 0.100379386658236 0.0303509326588682
"chrPic" 0.0891558646854252 0.0369901991779956 0.0330382548213721 0.035883654758141 0 0.0268732216250395 0.0278216882706291 0.0417325324059437 0.0458425545368321 0.0705026873221625 0.0343028770154916 0.00695542206765729 0.0705026873221625 0.0929497312677837 0.0761934871957003 0.0227631994941511 0.0969016756244072 0.0137527663610496
"cuoAmb" 0.0893139424596902 0.0237116661397408 0.0325640214985773 0.0339867214669617 0.0268732216250395 0 0.00727157761618716 0.0398355991147645 0.0433133101485931 0.0714511539677521 0.0226051217198862 0.0265570660765096 0.0687638318052482 0.0929497312677837 0.0746127094530509 0.0237116661397408 0.0965855200758773 0.0229212772684161
"cuoMcc" 0.0899462535567499 0.0233955105912109 0.0330382548213721 0.0355674992096111 0.0278216882706291 0.00727157761618716 0 0.0401517546632943 0.0447360101169776 0.0711349984192223 0.0229212772684161 0.0265570660765096 0.0690799873537781 0.0934239645905786 0.0757192538729055 0.0246601327853304 0.0962693645273475 0.0235535883654758
"derCor" 0.0926335757192539 0.0458425545368321 0.0245020550110654 0.0433133101485931 0.0417325324059437 0.0398355991147645 0.0401517546632943 0 0.0526398988302245 0.0776161871640847 0.0448940878912425 0.0398355991147645 0.0747707872273158 0.0972178311729371 0.0787227315839393 0.03841289914638 0.0994309200126462 0.0369901991779956
"derMaw" 0.0978501422699968 0.0515333544103699 0.0453683212140373 0.0407840657603541 0.0458425545368321 0.0433133101485931 0.0447360101169776 0.0526398988302245 0 0.0771419538412899 0.0493202655706608 0.0439456212456529 0.0758773316471704 0.10180208662662 0.0831489092633576 0.0396775213404995 0.104805564337654 0.0407840657603541
"emySub" 0.107176730951628 0.0774581093898198 0.0709769206449573 0.0730319317104015 0.0705026873221625 0.0714511539677521 0.0711349984192223 0.0776161871640847 0.0771419538412899 0 0.0761934871957003 0.069238065128043 0.0398355991147645 0.0810938981979134 0.0899462535567499 0.0671830540625988 0.0866266202971862 0.0673411318368637
"gopAga" 0.0945305090104331 0.0218147328485615 0.0369901991779956 0.0417325324059437 0.0343028770154916 0.0226051217198862 0.0229212772684161 0.0448940878912425 0.0493202655706608 0.0761934871957003 0 0.0328801770471072 0.0746127094530509 0.0969016756244072 0.0788808093582042 0.0311413215301929 0.0994309200126462 0.030825165981663
"malTer" 0.0883654758141005 0.0349351881125514 0.0320897881757825 0.0346190325640215 0.00695542206765729 0.0265570660765096 0.0265570660765096 0.0398355991147645 0.0439456212456529 0.069238065128043 0.0328801770471072 0 0.0679734429339235 0.092159342396459 0.0739803983559911 0.0219728106228264 0.0946885867846981 0.01280429971546
"mesTub" 0.105121719886184 0.0755611760986405 0.0693961429023079 0.0698703762251028 0.0705026873221625 0.0687638318052482 0.0690799873537781 0.0747707872273158 0.0758773316471704 0.0398355991147645 0.0746127094530509 0.0679734429339235 0 0.0826746759405628 0.0910527979766045 0.0660765096427442 0.084729687006007 0.0646538096743598
"pelCas" 0.119348719570028 0.0987986089155865 0.0932658868163136 0.0961112867530825 0.0929497312677837 0.0929497312677837 0.0934239645905786 0.0972178311729371 0.10180208662662 0.0810938981979134 0.0969016756244072 0.092159342396459 0.0826746759405628 0 0.110022130888397 0.0912108757508694 0.0731900094846665 0.0889977869111603
"pelSin" 0.0943724312361682 0.0836231425861524 0.0736642428074613 0.0761934871957003 0.0761934871957003 0.0746127094530509 0.0757192538729055 0.0787227315839393 0.0831489092633576 0.0899462535567499 0.0788808093582042 0.0739803983559911 0.0910527979766045 0.110022130888397 0 0.0731900094846665 0.112235219728106 0.0716092317420171
"plaMeg" 0.0886816313626304 0.0331963325956371 0.0295605437875435 0.0289282326904837 0.0227631994941511 0.0237116661397408 0.0246601327853304 0.03841289914638 0.0396775213404995 0.0671830540625988 0.0311413215301929 0.0219728106228264 0.0660765096427442 0.0912108757508694 0.0731900094846665 0 0.0962693645273475 0.018020866266203
"podExp" 0.120297186215618 0.100537464432501 0.0962693645273475 0.100379386658236 0.0969016756244072 0.0965855200758773 0.0962693645273475 0.0994309200126462 0.104805564337654 0.0866266202971862 0.0994309200126462 0.0946885867846981 0.084729687006007 0.0731900094846665 0.112235219728106 0.0962693645273475 0 0.0935820423648435
"terMex" 0.0858362314258615 0.0330382548213721 0.0294024660132785 0.0303509326588682 0.0137527663610496 0.0229212772684161 0.0235535883654758 0.0369901991779956 0.0407840657603541 0.0673411318368637 0.030825165981663 0.01280429971546 0.0646538096743598 0.0889977869111603 0.0716092317420171 0.018020866266203 0.0935820423648435 0
