"cheMyd" "cheSer" "cuoAmb" "cuoMcc" "gopAga" "malTer" "mesTub" "pelSin" "plaMeg" "podExp"
"cheMyd" 0 0.0610361958836054 0.101490418736693 0.0340667139815472 0.0333569907735983 0.0269694819020582 0.049680624556423 0.056777856635912 0.0532292405961675 0.0844570617459191
"cheSer" 0.0610361958836054 0 0.134847409510291 0.0660042583392477 0.063875088715401 0.0589070262597587 0.0787792760823279 0.0872959545777147 0.0674237047551455 0.100780695528744
"cuoAmb" 0.101490418736693 0.134847409510291 0 0.0773598296664301 0.0901348474095103 0.0901348474095103 0.113555713271824 0.124201561391057 0.11639460610362 0.139105748757984
"cuoMcc" 0.0340667139815472 0.0660042583392477 0.0773598296664301 0 0.021291696238467 0.0227111426543648 0.0518097941802697 0.0589070262597587 0.0454222853087296 0.0830376153300213
"gopAga" 0.0333569907735983 0.063875088715401 0.0901348474095103 0.021291696238467 0 0.0198722498225692 0.0525195173882186 0.0581973030518098 0.0461320085166785 0.085166784953868
"malTer" 0.0269694819020582 0.0589070262597587 0.0901348474095103 0.0227111426543648 0.0198722498225692 0 0.0482611781405252 0.0525195173882186 0.0397444996451384 0.0823278921220724
"mesTub" 0.049680624556423 0.0787792760823279 0.113555713271824 0.0518097941802697 0.0525195173882186 0.0482611781405252 0 0.063875088715401 0.0716820440028389 0.063875088715401
"pelSin" 0.056777856635912 0.0872959545777147 0.124201561391057 0.0589070262597587 0.0581973030518098 0.0525195173882186 0.063875088715401 0 0.0759403832505323 0.0986515259048971
"plaMeg" 0.0532292405961675 0.0674237047551455 0.11639460610362 0.0454222853087296 0.0461320085166785 0.0397444996451384 0.0716820440028389 0.0759403832505323 0 0.0894251242015614
"podExp" 0.0844570617459191 0.100780695528744 0.139105748757984 0.0830376153300213 0.085166784953868 0.0823278921220724 0.063875088715401 0.0986515259048971 0.0894251242015614 0
