"carIns" "cheAbi" "cheSer" "chrPic" "cuoAmb" "cuoMcc" "derMaw" "gopAga" "malTer" "pelCas" "pelSin" "plaMeg" "podExp" "terMex"
"carIns" 0 0.0745742806811509 0.0951262477980035 0.094539048737522 0.100998238402819 0.0692894891368174 0.0822078684674104 0.083969465648855 0.0716382853787434 0.116852613035819 0.115678214914856 0.0698766881972989 0.112742219612449 0.094539048737522
"cheAbi" 0.0745742806811509 0 0.0563711098062243 0.0510863182618908 0.0546095126247798 0.0199647680563711 0.0487375220199648 0.0305343511450382 0.0270111567821491 0.0857310628302995 0.098062243100411 0.0234879624192601 0.082795067527892 0.0475631238990018
"cheSer" 0.0951262477980035 0.0563711098062243 0 0.0722254844392249 0.0857310628302995 0.0510863182618908 0.0675278919553729 0.0645918966529654 0.0469759248385203 0.0869054609512625 0.118614210217264 0.0469759248385203 0.098062243100411 0.0528479154433353
"chrPic" 0.094539048737522 0.0510863182618908 0.0722254844392249 0 0.0792718731650029 0.0446271285965942 0.0669406928948914 0.0528479154433353 0.0322959483264827 0.103347034644745 0.0951262477980035 0.0375807398708162 0.092190252495596 0.0610687022900763
"cuoAmb" 0.100998238402819 0.0546095126247798 0.0857310628302995 0.0792718731650029 0 0.0381679389312977 0.0751614797416324 0.0616559013505578 0.0551967116852613 0.112155020551967 0.124486200822079 0.0499119201409278 0.106870229007634 0.0786846741045214
"cuoMcc" 0.0692894891368174 0.0199647680563711 0.0510863182618908 0.0446271285965942 0.0381679389312977 0 0.0440399295361127 0.0281855549031122 0.0205519671168526 0.0798590722254844 0.0939518496770405 0.0152671755725191 0.0751614797416324 0.0440399295361127
"derMaw" 0.0822078684674104 0.0487375220199648 0.0675278919553729 0.0669406928948914 0.0751614797416324 0.0440399295361127 0 0.0557839107457428 0.0440399295361127 0.08984145625367 0.102759835584263 0.0428655314151497 0.0904286553141515 0.0663534938344099
"gopAga" 0.083969465648855 0.0305343511450382 0.0645918966529654 0.0528479154433353 0.0616559013505578 0.0281855549031122 0.0557839107457428 0 0.0340575455079272 0.092190252495596 0.102759835584263 0.0305343511450382 0.086318261890781 0.0581327069876688
"malTer" 0.0716382853787434 0.0270111567821491 0.0469759248385203 0.0322959483264827 0.0551967116852613 0.0205519671168526 0.0440399295361127 0.0340575455079272 0 0.082795067527892 0.0927774515560775 0.0129183793305931 0.0763358778625954 0.0322959483264827
"pelCas" 0.116852613035819 0.0857310628302995 0.0869054609512625 0.103347034644745 0.112155020551967 0.0798590722254844 0.08984145625367 0.092190252495596 0.082795067527892 0 0.13270698766882 0.080446271285966 0.0869054609512625 0.0833822665883735
"pelSin" 0.115678214914856 0.098062243100411 0.118614210217264 0.0951262477980035 0.124486200822079 0.0939518496770405 0.102759835584263 0.102759835584263 0.0927774515560775 0.13270698766882 0 0.093364650616559 0.129770992366412 0.115678214914856
"plaMeg" 0.0698766881972989 0.0234879624192601 0.0469759248385203 0.0375807398708162 0.0499119201409278 0.0152671755725191 0.0428655314151497 0.0305343511450382 0.0129183793305931 0.080446271285966 0.093364650616559 0 0.0745742806811509 0.0369935408103347
"podExp" 0.112742219612449 0.082795067527892 0.098062243100411 0.092190252495596 0.106870229007634 0.0751614797416324 0.0904286553141515 0.086318261890781 0.0763358778625954 0.0869054609512625 0.129770992366412 0.0745742806811509 0 0.0986494421608925
"terMex" 0.094539048737522 0.0475631238990018 0.0528479154433353 0.0610687022900763 0.0786846741045214 0.0440399295361127 0.0663534938344099 0.0581327069876688 0.0322959483264827 0.0833822665883735 0.115678214914856 0.0369935408103347 0.0986494421608925 0
