"carIns" "cheAbi" "cheMyd" "cheSer" "chrPic" "cuoAmb" "cuoMcc" "derCor" "derMaw" "emySub" "gopAga" "malTer" "pelCas" "pelSin" "plaMeg" "podExp" "terMex"
"carIns" 0 0.05 0.0483333333333333 0.0466666666666667 0.0427777777777778 0.0477777777777778 0.0477777777777778 0.075 0.0483333333333333 0.0566666666666667 0.0477777777777778 0.0416666666666667 0.207222222222222 0.0494444444444444 0.0438888888888889 0.0638888888888889 0.0416666666666667
"cheAbi" 0.05 0 0.0266666666666667 0.0255555555555556 0.0205555555555556 0.0116666666666667 0.0111111111111111 0.0566666666666667 0.03 0.0461111111111111 0.01 0.0194444444444444 0.199444444444444 0.0433333333333333 0.0188888888888889 0.0533333333333333 0.0177777777777778
"cheMyd" 0.0483333333333333 0.0266666666666667 0 0.0183333333333333 0.0222222222222222 0.0266666666666667 0.0255555555555556 0.0422222222222222 0.0211111111111111 0.0388888888888889 0.0222222222222222 0.0211111111111111 0.198333333333333 0.0377777777777778 0.0205555555555556 0.0494444444444444 0.02
"cheSer" 0.0466666666666667 0.0255555555555556 0.0183333333333333 0 0.0205555555555556 0.0244444444444444 0.0233333333333333 0.0472222222222222 0.0205555555555556 0.0394444444444444 0.0222222222222222 0.0194444444444444 0.192777777777778 0.04 0.0177777777777778 0.0483333333333333 0.0188888888888889
"chrPic" 0.0427777777777778 0.0205555555555556 0.0222222222222222 0.0205555555555556 0 0.0188888888888889 0.0172222222222222 0.0522222222222222 0.0244444444444444 0.0388888888888889 0.0172222222222222 0.00111111111111111 0.193888888888889 0.0377777777777778 0.0116666666666667 0.0461111111111111 0.005
"cuoAmb" 0.0477777777777778 0.0116666666666667 0.0266666666666667 0.0244444444444444 0.0188888888888889 0 0.00388888888888889 0.055 0.0294444444444444 0.0433333333333333 0.00944444444444444 0.0177777777777778 0.197222222222222 0.0438888888888889 0.0172222222222222 0.0511111111111111 0.0172222222222222
"cuoMcc" 0.0477777777777778 0.0111111111111111 0.0255555555555556 0.0233333333333333 0.0172222222222222 0.00388888888888889 0 0.0544444444444444 0.0288888888888889 0.0405555555555556 0.00777777777777778 0.0161111111111111 0.196111111111111 0.0411111111111111 0.0144444444444444 0.05 0.0155555555555556
"derCor" 0.075 0.0566666666666667 0.0422222222222222 0.0472222222222222 0.0522222222222222 0.055 0.0544444444444444 0 0.0516666666666667 0.0688888888888889 0.0522222222222222 0.0511111111111111 0.225 0.0688888888888889 0.0494444444444444 0.0783333333333333 0.0511111111111111
"derMaw" 0.0483333333333333 0.03 0.0211111111111111 0.0205555555555556 0.0244444444444444 0.0294444444444444 0.0288888888888889 0.0516666666666667 0 0.0444444444444444 0.0255555555555556 0.0233333333333333 0.199444444444444 0.04 0.0244444444444444 0.05 0.0222222222222222
"emySub" 0.0566666666666667 0.0461111111111111 0.0388888888888889 0.0394444444444444 0.0388888888888889 0.0433333333333333 0.0405555555555556 0.0688888888888889 0.0444444444444444 0 0.0416666666666667 0.0377777777777778 0.192222222222222 0.0461111111111111 0.0372222222222222 0.0416666666666667 0.0377777777777778
"gopAga" 0.0477777777777778 0.01 0.0222222222222222 0.0222222222222222 0.0172222222222222 0.00944444444444444 0.00777777777777778 0.0522222222222222 0.0255555555555556 0.0416666666666667 0 0.0161111111111111 0.195555555555556 0.0405555555555556 0.015 0.05 0.0144444444444444
"malTer" 0.0416666666666667 0.0194444444444444 0.0211111111111111 0.0194444444444444 0.00111111111111111 0.0177777777777778 0.0161111111111111 0.0511111111111111 0.0233333333333333 0.0377777777777778 0.0161111111111111 0 0.192777777777778 0.0366666666666667 0.0105555555555556 0.045 0.00388888888888889
"pelCas" 0.207222222222222 0.199444444444444 0.198333333333333 0.192777777777778 0.193888888888889 0.197222222222222 0.196111111111111 0.225 0.199444444444444 0.192222222222222 0.195555555555556 0.192777777777778 0 0.2 0.192777777777778 0.189444444444444 0.191666666666667
"pelSin" 0.0494444444444444 0.0433333333333333 0.0377777777777778 0.04 0.0377777777777778 0.0438888888888889 0.0411111111111111 0.0688888888888889 0.04 0.0461111111111111 0.0405555555555556 0.0366666666666667 0.2 0 0.0361111111111111 0.0561111111111111 0.0366666666666667
"plaMeg" 0.0438888888888889 0.0188888888888889 0.0205555555555556 0.0177777777777778 0.0116666666666667 0.0172222222222222 0.0144444444444444 0.0494444444444444 0.0244444444444444 0.0372222222222222 0.015 0.0105555555555556 0.192777777777778 0.0361111111111111 0 0.0455555555555556 0.01
"podExp" 0.0638888888888889 0.0533333333333333 0.0494444444444444 0.0483333333333333 0.0461111111111111 0.0511111111111111 0.05 0.0783333333333333 0.05 0.0416666666666667 0.05 0.045 0.189444444444444 0.0561111111111111 0.0455555555555556 0 0.0444444444444444
"terMex" 0.0416666666666667 0.0177777777777778 0.02 0.0188888888888889 0.005 0.0172222222222222 0.0155555555555556 0.0511111111111111 0.0222222222222222 0.0377777777777778 0.0144444444444444 0.00388888888888889 0.191666666666667 0.0366666666666667 0.01 0.0444444444444444 0
