"carIns" "cheAbi" "cheMyd" "cheSer" "chrPic" "cuoAmb" "cuoMcc" "derCor" "derMaw" "emySub" "gopAga" "malTer" "mesTub" "pelCas" "pelSin" "plaMeg" "podExp" "terMex"
"carIns" 0 0.103252452245741 0.10376871450697 0.107898812596799 0.103252452245741 0.105317501290656 0.104801239029427 0.10738255033557 0.117707795560145 0.11564274651523 0.107898812596799 0.176561693340217 0.124419204956118 0.127000516262261 0.108931337119257 0.0986060918946825 0.129065565307176 0.101187403200826
"cheAbi" 0.103252452245741 0 0.0325245224574084 0.0345895715023232 0.022715539494063 0.0134228187919463 0.0113577697470315 0.0356220960247806 0.0407847186370676 0.0578213732576149 0.013939081053175 0.102219927723283 0.0640165203923593 0.0707279297883325 0.0640165203923593 0.0216830149716056 0.0743417656169334 0.0211667527103769
"cheMyd" 0.10376871450697 0.0325245224574084 0 0.0361383582860093 0.0283944243675787 0.0351058337635519 0.0330407847186371 0.0160041300980898 0.0407847186370676 0.059370160041301 0.0397521941146102 0.104801239029427 0.0640165203923593 0.0738255033557047 0.0650490449148167 0.0263293753226639 0.0769230769230769 0.0258131130614352
"cheSer" 0.107898812596799 0.0345895715023232 0.0361383582860093 0 0.0299432111512648 0.0361383582860093 0.0340733092410945 0.0397521941146102 0.041817243159525 0.0660815694372741 0.0407847186370676 0.106350025813113 0.0712441920495612 0.0753742901393908 0.0717604543107899 0.0273618998451213 0.0789881259679917 0.02787816210635
"chrPic" 0.103252452245741 0.022715539494063 0.0283944243675787 0.0299432111512648 0 0.0268456375838926 0.0242643262777491 0.0340733092410945 0.0371708828084667 0.0578213732576149 0.0309757356737223 0.0882808466701084 0.0624677336086732 0.0707279297883325 0.0640165203923593 0.0154878678368611 0.0722767165720186 0.00980898296334538
"cuoAmb" 0.105317501290656 0.0134228187919463 0.0351058337635519 0.0361383582860093 0.0268456375838926 0 0.00413009808982963 0.0376871450696954 0.0423335054207537 0.0604026845637584 0.0196179659266908 0.106866288074342 0.0671140939597315 0.0738255033557047 0.0660815694372741 0.0237480640165204 0.0764068146618482 0.0252968508002065
"cuoMcc" 0.104801239029427 0.0113577697470315 0.0330407847186371 0.0340733092410945 0.0242643262777491 0.00413009808982963 0 0.036654620547238 0.0397521941146102 0.0573051109963862 0.0175529168817759 0.104284976768198 0.0635002581311306 0.0717604543107899 0.0640165203923593 0.0211667527103769 0.0753742901393908 0.022715539494063
"derCor" 0.10738255033557 0.0356220960247806 0.0160041300980898 0.0397521941146102 0.0340733092410945 0.0376871450696954 0.036654620547238 0 0.0449148167268973 0.0635002581311306 0.0428497676819824 0.109447599380485 0.0702116675271038 0.0738255033557047 0.0660815694372741 0.0320082601961797 0.0810531750129066 0.031491997934951
"derMaw" 0.117707795560145 0.0407847186370676 0.0407847186370676 0.041817243159525 0.0371708828084667 0.0423335054207537 0.0397521941146102 0.0449148167268973 0 0.068146618482189 0.0474961280330408 0.116675271037687 0.0717604543107899 0.0774393391843056 0.0727929788332473 0.0351058337635519 0.078471863706763 0.0335570469798658
"emySub" 0.11564274651523 0.0578213732576149 0.059370160041301 0.0660815694372741 0.0578213732576149 0.0604026845637584 0.0573051109963862 0.0635002581311306 0.068146618482189 0 0.0624677336086732 0.133195663397006 0.0309757356737223 0.0578213732576149 0.0748580278781621 0.0531750129065565 0.0629839958699019 0.0542075374290139
"gopAga" 0.107898812596799 0.013939081053175 0.0397521941146102 0.0407847186370676 0.0309757356737223 0.0196179659266908 0.0175529168817759 0.0428497676819824 0.0474961280330408 0.0624677336086732 0 0.105833763551884 0.068146618482189 0.0764068146618482 0.0676303562209603 0.0273618998451213 0.0800206504904492 0.0273618998451213
"malTer" 0.176561693340217 0.102219927723283 0.104801239029427 0.106350025813113 0.0882808466701084 0.106866288074342 0.104284976768198 0.109447599380485 0.116675271037687 0.133195663397006 0.105833763551884 0 0.135776974703149 0.148167268972638 0.138358286009293 0.0955085183273103 0.145585957666495 0.0903458957150232
"mesTub" 0.124419204956118 0.0640165203923593 0.0640165203923593 0.0712441920495612 0.0624677336086732 0.0671140939597315 0.0635002581311306 0.0702116675271038 0.0717604543107899 0.0309757356737223 0.068146618482189 0.135776974703149 0 0.0640165203923593 0.082085699535364 0.0578213732576149 0.0691791430046464 0.0598864223025297
"pelCas" 0.127000516262261 0.0707279297883325 0.0738255033557047 0.0753742901393908 0.0707279297883325 0.0738255033557047 0.0717604543107899 0.0738255033557047 0.0774393391843056 0.0578213732576149 0.0764068146618482 0.148167268972638 0.0640165203923593 0 0.0841507485802788 0.0660815694372741 0.059370160041301 0.068146618482189
"pelSin" 0.108931337119257 0.0640165203923593 0.0650490449148167 0.0717604543107899 0.0640165203923593 0.0660815694372741 0.0640165203923593 0.0660815694372741 0.0727929788332473 0.0748580278781621 0.0676303562209603 0.138358286009293 0.082085699535364 0.0841507485802788 0 0.0583376355188436 0.0918946824987093 0.0609189468249871
"plaMeg" 0.0986060918946825 0.0216830149716056 0.0263293753226639 0.0273618998451213 0.0154878678368611 0.0237480640165204 0.0211667527103769 0.0320082601961797 0.0351058337635519 0.0531750129065565 0.0273618998451213 0.0955085183273103 0.0578213732576149 0.0660815694372741 0.0583376355188436 0 0.0696954052658751 0.013939081053175
"podExp" 0.129065565307176 0.0743417656169334 0.0769230769230769 0.0789881259679917 0.0722767165720186 0.0764068146618482 0.0753742901393908 0.0810531750129066 0.078471863706763 0.0629839958699019 0.0800206504904492 0.145585957666495 0.0691791430046464 0.059370160041301 0.0918946824987093 0.0696954052658751 0 0.0696954052658751
"terMex" 0.101187403200826 0.0211667527103769 0.0258131130614352 0.02787816210635 0.00980898296334538 0.0252968508002065 0.022715539494063 0.031491997934951 0.0335570469798658 0.0542075374290139 0.0273618998451213 0.0903458957150232 0.0598864223025297 0.068146618482189 0.0609189468249871 0.013939081053175 0.0696954052658751 0
