"carIns" "cheAbi" "cheMyd" "cheSer" "chrPic" "cuoAmb" "cuoMcc" "derCor" "derMaw" "emySub" "gopAga" "malTer" "mesTub" "pelCas" "pelSin" "plaMeg" "podExp" "terMex"
"carIns" 0 0.172254335260116 0.0988439306358382 0.0809248554913295 0.0803468208092486 0.0971098265895954 0.0838150289017341 0.0895953757225433 0.0907514450867052 0.0901734104046243 0.0884393063583815 0.0803468208092486 0.0982658959537572 0.119653179190751 0.257225433526012 0.0757225433526012 0.112138728323699 0.0763005780346821
"cheAbi" 0.172254335260116 0 0.131791907514451 0.120231213872832 0.116184971098266 0.120809248554913 0.11271676300578 0.130635838150289 0.130635838150289 0.145664739884393 0.110982658959538 0.117919075144509 0.155491329479769 0.172832369942197 0.31907514450867 0.111560693641618 0.171676300578035 0.115606936416185
"cheMyd" 0.0988439306358382 0.131791907514451 0 0.0416184971098266 0.0416184971098266 0.0531791907514451 0.0427745664739884 0.0294797687861272 0.0560693641618497 0.0728323699421965 0.046242774566474 0.0416184971098266 0.0797687861271676 0.0976878612716763 0.246242774566474 0.0346820809248555 0.0982658959537572 0.0404624277456647
"cheSer" 0.0809248554913295 0.120231213872832 0.0416184971098266 0 0.0277456647398844 0.0456647398843931 0.0312138728323699 0.0329479768786127 0.0323699421965318 0.0566473988439306 0.0358381502890173 0.0283236994219653 0.0635838150289017 0.092485549132948 0.241618497109827 0.0202312138728324 0.0867052023121387 0.0260115606936416
"chrPic" 0.0803468208092486 0.116184971098266 0.0416184971098266 0.0277456647398844 0 0.0404624277456647 0.023121387283237 0.0341040462427746 0.0410404624277457 0.0531791907514451 0.0289017341040462 0.00635838150289017 0.061849710982659 0.0872832369942197 0.242774566473988 0.0138728323699422 0.0832369942196532 0.0127167630057803
"cuoAmb" 0.0971098265895954 0.120809248554913 0.0531791907514451 0.0456647398843931 0.0404624277456647 0 0.0196531791907514 0.0526011560693642 0.0583815028901734 0.0734104046242775 0.038150289017341 0.0410404624277457 0.0826589595375723 0.0953757225433526 0.249132947976879 0.0335260115606936 0.100578034682081 0.0393063583815029
"cuoMcc" 0.0838150289017341 0.11271676300578 0.0427745664739884 0.0312138728323699 0.023121387283237 0.0196531791907514 0 0.0375722543352601 0.0433526011560694 0.0589595375722543 0.0219653179190751 0.0260115606936416 0.0682080924855491 0.0890173410404624 0.244508670520231 0.0184971098265896 0.0861271676300578 0.023121387283237
"derCor" 0.0895953757225433 0.130635838150289 0.0294797687861272 0.0329479768786127 0.0341040462427746 0.0526011560693642 0.0375722543352601 0 0.0473988439306358 0.0635838150289017 0.0404624277456647 0.0341040462427746 0.0705202312138728 0.0953757225433526 0.24393063583815 0.0260115606936416 0.0872832369942197 0.0317919075144509
"derMaw" 0.0907514450867052 0.130635838150289 0.0560693641618497 0.0323699421965318 0.0410404624277457 0.0583815028901734 0.0433526011560694 0.0473988439306358 0 0.0682080924855491 0.0468208092485549 0.0416184971098266 0.076878612716763 0.102890173410405 0.240462427745665 0.0341040462427746 0.092485549132948 0.0364161849710983
"emySub" 0.0901734104046243 0.145664739884393 0.0728323699421965 0.0566473988439306 0.0531791907514451 0.0734104046242775 0.0589595375722543 0.0635838150289017 0.0682080924855491 0 0.0624277456647399 0.053757225433526 0.0329479768786127 0.0763005780346821 0.247976878612717 0.0497109826589595 0.0710982658959538 0.0520231213872832
"gopAga" 0.0884393063583815 0.110982658959538 0.046242774566474 0.0358381502890173 0.0289017341040462 0.038150289017341 0.0219653179190751 0.0404624277456647 0.0468208092485549 0.0624277456647399 0 0.030635838150289 0.0739884393063584 0.0959537572254335 0.247398843930636 0.023121387283237 0.0878612716763006 0.0277456647398844
"malTer" 0.0803468208092486 0.117919075144509 0.0416184971098266 0.0283236994219653 0.00635838150289017 0.0410404624277457 0.0260115606936416 0.0341040462427746 0.0416184971098266 0.053757225433526 0.030635838150289 0 0.061271676300578 0.0895953757225433 0.244508670520231 0.0144508670520231 0.0832369942196532 0.0144508670520231
"mesTub" 0.0982658959537572 0.155491329479769 0.0797687861271676 0.0635838150289017 0.061849710982659 0.0826589595375723 0.0682080924855491 0.0705202312138728 0.076878612716763 0.0329479768786127 0.0739884393063584 0.061271676300578 0 0.0838150289017341 0.253179190751445 0.0601156069364162 0.0791907514450867 0.0595375722543353
"pelCas" 0.119653179190751 0.172832369942197 0.0976878612716763 0.092485549132948 0.0872832369942197 0.0953757225433526 0.0890173410404624 0.0953757225433526 0.102890173410405 0.0763005780346821 0.0959537572254335 0.0895953757225433 0.0838150289017341 0 0.263583815028902 0.0861271676300578 0.0878612716763006 0.0884393063583815
"pelSin" 0.257225433526012 0.31907514450867 0.246242774566474 0.241618497109827 0.242774566473988 0.249132947976879 0.244508670520231 0.24393063583815 0.240462427745665 0.247976878612717 0.247398843930636 0.244508670520231 0.253179190751445 0.263583815028902 0 0.239884393063584 0.266473988439306 0.240462427745665
"plaMeg" 0.0757225433526012 0.111560693641618 0.0346820809248555 0.0202312138728324 0.0138728323699422 0.0335260115606936 0.0184971098265896 0.0260115606936416 0.0341040462427746 0.0497109826589595 0.023121387283237 0.0144508670520231 0.0601156069364162 0.0861271676300578 0.239884393063584 0 0.0791907514450867 0.0104046242774566
"podExp" 0.112138728323699 0.171676300578035 0.0982658959537572 0.0867052023121387 0.0832369942196532 0.100578034682081 0.0861271676300578 0.0872832369942197 0.092485549132948 0.0710982658959538 0.0878612716763006 0.0832369942196532 0.0791907514450867 0.0878612716763006 0.266473988439306 0.0791907514450867 0 0.0803468208092486
"terMex" 0.0763005780346821 0.115606936416185 0.0404624277456647 0.0260115606936416 0.0127167630057803 0.0393063583815029 0.023121387283237 0.0317919075144509 0.0364161849710983 0.0520231213872832 0.0277456647398844 0.0144508670520231 0.0595375722543353 0.0884393063583815 0.240462427745665 0.0104046242774566 0.0803468208092486 0
