"cheAbi" "cheMyd" "cheSer" "cuoMcc" "derMaw" "emySub" "gopAga" "malTer" "mesTub" "pelCas" "pelSin" "plaMeg" "podExp" "terMex"
"cheAbi" 0 0.0569239189928845 0.0465243568691845 0.0251778872468528 0.0596606458675424 0.0957854406130268 0.0925013683634373 0.0361247947454844 0.0941434044882321 0.12096332785988 0.105090311986864 0.0262725779967159 0.123152709359606 0.0317460317460317
"cheMyd" 0.0569239189928845 0 0.0607553366174056 0.0530925013683634 0.0722495894909688 0.102353585112206 0.127531472359059 0.053639846743295 0.102353585112206 0.130815544608648 0.112205801860974 0.0454296661193213 0.130815544608648 0.0514504652435687
"cheSer" 0.0465243568691845 0.0607553366174056 0 0.0426929392446634 0.0596606458675424 0.102353585112206 0.119321291735085 0.0437876299945265 0.0974274767378216 0.128626163108922 0.106185002736727 0.0394088669950739 0.126436781609195 0.0421455938697318
"cuoMcc" 0.0251778872468528 0.0530925013683634 0.0426929392446634 0 0.0563765736179529 0.0952380952380952 0.0985221674876847 0.0350301039956212 0.0914066776135742 0.119321291735085 0.100164203612479 0.0240831964969896 0.12096332785988 0.0306513409961686
"derMaw" 0.0596606458675424 0.0722495894909688 0.0596606458675424 0.0563765736179529 0 0.108374384236453 0.129720853858785 0.0585659551176793 0.108374384236453 0.134646962233169 0.116584564860427 0.0514504652435687 0.136288998357964 0.0547345374931582
"emySub" 0.0957854406130268 0.102353585112206 0.102353585112206 0.0952380952380952 0.108374384236453 0 0.157088122605364 0.0963327859879584 0.0519978106185003 0.106732348111658 0.126436781609195 0.0870279146141215 0.111658456486043 0.0941434044882321
"gopAga" 0.0925013683634373 0.127531472359059 0.119321291735085 0.0985221674876847 0.129720853858785 0.157088122605364 0 0.108921729611385 0.157635467980296 0.181718664477285 0.170224411603722 0.0974274767378216 0.183908045977011 0.101806239737274
"malTer" 0.0361247947454844 0.053639846743295 0.0437876299945265 0.0350301039956212 0.0585659551176793 0.0963327859879584 0.108921729611385 0 0.0941434044882321 0.123152709359606 0.101806239737274 0.023535851122058 0.125342090859332 0.0197044334975369
"mesTub" 0.0941434044882321 0.102353585112206 0.0974274767378216 0.0914066776135742 0.108374384236453 0.0519978106185003 0.157635467980296 0.0941434044882321 0 0.103995621237001 0.126436781609195 0.0870279146141215 0.109469074986316 0.0925013683634373
"pelCas" 0.12096332785988 0.130815544608648 0.128626163108922 0.119321291735085 0.134646962233169 0.106732348111658 0.181718664477285 0.123152709359606 0.103995621237001 0 0.150519978106185 0.116584564860427 0.0957854406130268 0.122605363984674
"pelSin" 0.105090311986864 0.112205801860974 0.106185002736727 0.100164203612479 0.116584564860427 0.126436781609195 0.170224411603722 0.101806239737274 0.126436781609195 0.150519978106185 0 0.0957854406130268 0.155993431855501 0.102900930487137
"plaMeg" 0.0262725779967159 0.0454296661193213 0.0394088669950739 0.0240831964969896 0.0514504652435687 0.0870279146141215 0.0974274767378216 0.023535851122058 0.0870279146141215 0.116584564860427 0.0957854406130268 0 0.118226600985222 0.0191570881226054
"podExp" 0.123152709359606 0.130815544608648 0.126436781609195 0.12096332785988 0.136288998357964 0.111658456486043 0.183908045977011 0.125342090859332 0.109469074986316 0.0957854406130268 0.155993431855501 0.118226600985222 0 0.127531472359059
"terMex" 0.0317460317460317 0.0514504652435687 0.0421455938697318 0.0306513409961686 0.0547345374931582 0.0941434044882321 0.101806239737274 0.0197044334975369 0.0925013683634373 0.122605363984674 0.102900930487137 0.0191570881226054 0.127531472359059 0
