"carIns" "cheAbi" "chrPic" "cuoMcc" "derMaw" "emySub" "gopAga" "mesTub" "pelCas" "pelSin" "plaMeg" "podExp" "terMex"
"carIns" 0 0.276088252832439 0.268336314847943 0.285629099582588 0.279666070363745 0.278473464519976 0.321407274895647 0.27489564698867 0.294573643410853 0.295766249254621 0.268336314847943 0.313655336911151 0.265951103160405
"cheAbi" 0.276088252832439 0 0.0280262373285629 0.0572450805008945 0.0465116279069767 0.0697674418604651 0.0858676207513417 0.0644007155635063 0.0888491353607633 0.181276088252832 0.0268336314847943 0.115086463923673 0.02623732856291
"chrPic" 0.268336314847943 0.0280262373285629 0 0.0542635658914729 0.035778175313059 0.0578413834227788 0.0888491353607633 0.0518783542039356 0.0787119856887299 0.174120453190221 0.0137149672033393 0.10494931425164 0.0107334525939177
"cuoMcc" 0.285629099582588 0.0572450805008945 0.0542635658914729 0 0.0739415623136553 0.0912343470483005 0.0894454382826476 0.0858676207513417 0.113893858079905 0.193202146690519 0.0512820512820513 0.136553369111509 0.050685748360167
"derMaw" 0.279666070363745 0.0465116279069767 0.035778175313059 0.0739415623136553 0 0.0703637447823494 0.110316040548599 0.0649970184853906 0.0924269528920692 0.183064997018485 0.0345855694692904 0.11747167561121 0.0345855694692904
"emySub" 0.278473464519976 0.0697674418604651 0.0578413834227788 0.0912343470483005 0.0703637447823494 0 0.124627310673822 0.0327966607036374 0.0679785330948122 0.190220632081097 0.0554561717352415 0.0989862850327967 0.0560524746571258
"gopAga" 0.321407274895647 0.0858676207513417 0.0888491353607633 0.0894454382826476 0.110316040548599 0.124627310673822 0 0.121049493142516 0.141323792486583 0.230172927847346 0.0870602265951103 0.16577221228384 0.086463923673226
"mesTub" 0.27489564698867 0.0644007155635063 0.0518783542039356 0.0858676207513417 0.0649970184853906 0.0327966607036374 0.121049493142516 0 0.0649970184853906 0.18366129994037 0.0494931425163983 0.0954084675014908 0.0494931425163983
"pelCas" 0.294573643410853 0.0888491353607633 0.0787119856887299 0.113893858079905 0.0924269528920692 0.0679785330948122 0.141323792486583 0.0649970184853906 0 0.202742993440668 0.0781156827668456 0.0989862850327967 0.0799045915324985
"pelSin" 0.295766249254621 0.181276088252832 0.174120453190221 0.193202146690519 0.183064997018485 0.190220632081097 0.230172927847346 0.18366129994037 0.202742993440668 0 0.171735241502683 0.227191413237925 0.172927847346452
"plaMeg" 0.268336314847943 0.0268336314847943 0.0137149672033393 0.0512820512820513 0.0345855694692904 0.0554561717352415 0.0870602265951103 0.0494931425163983 0.0781156827668456 0.171735241502683 0 0.103756708407871 0.0101371496720334
"podExp" 0.313655336911151 0.115086463923673 0.10494931425164 0.136553369111509 0.11747167561121 0.0989862850327967 0.16577221228384 0.0954084675014908 0.0989862850327967 0.227191413237925 0.103756708407871 0 0.105545617173524
"terMex" 0.265951103160405 0.02623732856291 0.0107334525939177 0.050685748360167 0.0345855694692904 0.0560524746571258 0.086463923673226 0.0494931425163983 0.0799045915324985 0.172927847346452 0.0101371496720334 0.105545617173524 0
