"carIns" "cheAbi" "cheMyd" "cheSer" "chrPic" "cuoAmb" "cuoMcc" "derCor" "derMaw" "emySub" "malTer" "mesTub" "pelCas" "pelSin" "plaMeg" "podExp" "terMex"
"carIns" 0 0.223677826297914 0.119359534206696 0.102862688015526 0.117903930131004 0.104318292091218 0.105288694808345 0.105288694808345 0.11984473556526 0.124211547792334 0.139252789907812 0.12372634643377 0.150412421154779 0.142649199417758 0.114992721979622 0.154779233381853 0.104318292091218
"cheAbi" 0.223677826297914 0 0.16836487142164 0.171761280931587 0.173702086365842 0.155749636098981 0.156234837457545 0.173216885007278 0.179524502668607 0.197962154294032 0.196506550218341 0.19893255701116 0.230470645317807 0.204754973313925 0.16448326055313 0.230955846676371 0.164968461911693
"cheMyd" 0.119359534206696 0.16836487142164 0 0.0524017467248908 0.066957787481805 0.0504609412906356 0.0509461426491994 0.0426977195536148 0.0674429888403688 0.0878214459000485 0.0950994662785056 0.0907326540514313 0.12760795730228 0.118874332848132 0.0499757399320718 0.131004366812227 0.0504609412906356
"cheSer" 0.102862688015526 0.171761280931587 0.0524017467248908 0 0.0567685589519651 0.0359049005337215 0.0363901018922853 0.0393013100436681 0.0485201358563804 0.0790878214459 0.0834546336729743 0.0839398350315381 0.120815138282387 0.114507520621058 0.0504609412906356 0.118874332848132 0.0383309073265405
"chrPic" 0.117903930131004 0.173702086365842 0.066957787481805 0.0567685589519651 0 0.0412421154779233 0.0431829209121786 0.0567685589519651 0.0713245997088792 0.091703056768559 0.054342552159146 0.0984958757884522 0.131974769529355 0.130519165453663 0.0582241630276565 0.13391557496361 0.0339640950994663
"cuoAmb" 0.104318292091218 0.155749636098981 0.0504609412906356 0.0359049005337215 0.0412421154779233 0 0.00582241630276565 0.0412421154779233 0.0524017467248908 0.0756914119359534 0.0708393983503154 0.0805434255215915 0.114992721979622 0.115963124696749 0.0412421154779233 0.119359534206696 0.0257156720038816
"cuoMcc" 0.105288694808345 0.156234837457545 0.0509461426491994 0.0363901018922853 0.0431829209121786 0.00582241630276565 0 0.0426977195536148 0.0528869480834546 0.076661814653081 0.0727802037845706 0.0824842309558467 0.116448326055313 0.116448326055313 0.0412421154779233 0.11984473556526 0.0276564774381368
"derCor" 0.105288694808345 0.173216885007278 0.0426977195536148 0.0393013100436681 0.0567685589519651 0.0412421154779233 0.0426977195536148 0 0.0572537603105289 0.0771470160116448 0.0844250363901019 0.0819990295972829 0.114022319262494 0.112566715186803 0.054342552159146 0.123241145075206 0.0397865114022319
"derMaw" 0.11984473556526 0.179524502668607 0.0674429888403688 0.0485201358563804 0.0713245997088792 0.0524017467248908 0.0528869480834546 0.0572537603105289 0 0.0897622513343037 0.0975254730713246 0.0907326540514313 0.125181950509461 0.121785540999515 0.0664725861232411 0.12760795730228 0.0548277535177098
"emySub" 0.124211547792334 0.197962154294032 0.0878214459000485 0.0790878214459 0.091703056768559 0.0756914119359534 0.076661814653081 0.0771470160116448 0.0897622513343037 0 0.115477923338185 0.0485201358563804 0.0960698689956332 0.129548762736536 0.0892770499757399 0.10965550703542 0.0747210092188258
"malTer" 0.139252789907812 0.196506550218341 0.0950994662785056 0.0834546336729743 0.054342552159146 0.0708393983503154 0.0727802037845706 0.0844250363901019 0.0975254730713246 0.115477923338185 0 0.121300339640951 0.148471615720524 0.1581756428918 0.0868510431829209 0.152838427947598 0.0635613779718583
"mesTub" 0.12372634643377 0.19893255701116 0.0907326540514313 0.0839398350315381 0.0984958757884522 0.0805434255215915 0.0824842309558467 0.0819990295972829 0.0907326540514313 0.0485201358563804 0.121300339640951 0 0.107229500242601 0.127122755943717 0.094129063561378 0.111111111111111 0.0810286268801553
"pelCas" 0.150412421154779 0.230470645317807 0.12760795730228 0.120815138282387 0.131974769529355 0.114992721979622 0.116448326055313 0.114022319262494 0.125181950509461 0.0960698689956332 0.148471615720524 0.107229500242601 0 0.157205240174672 0.131004366812227 0.107229500242601 0.117903930131004
"pelSin" 0.142649199417758 0.204754973313925 0.118874332848132 0.114507520621058 0.130519165453663 0.115963124696749 0.116448326055313 0.112566715186803 0.121785540999515 0.129548762736536 0.1581756428918 0.127122755943717 0.157205240174672 0 0.11984473556526 0.159631246967492 0.116933527413877
"plaMeg" 0.114992721979622 0.16448326055313 0.0499757399320718 0.0504609412906356 0.0582241630276565 0.0412421154779233 0.0412421154779233 0.054342552159146 0.0664725861232411 0.0892770499757399 0.0868510431829209 0.094129063561378 0.131004366812227 0.11984473556526 0 0.131489568170791 0.0422125181950509
"podExp" 0.154779233381853 0.230955846676371 0.131004366812227 0.118874332848132 0.13391557496361 0.119359534206696 0.11984473556526 0.123241145075206 0.12760795730228 0.10965550703542 0.152838427947598 0.111111111111111 0.107229500242601 0.159631246967492 0.131489568170791 0 0.121785540999515
"terMex" 0.104318292091218 0.164968461911693 0.0504609412906356 0.0383309073265405 0.0339640950994663 0.0257156720038816 0.0276564774381368 0.0397865114022319 0.0548277535177098 0.0747210092188258 0.0635613779718583 0.0810286268801553 0.117903930131004 0.116933527413877 0.0422125181950509 0.121785540999515 0
