"cheAbi" "cheMyd" "cheSer" "chrPic" "cuoMcc" "derCor" "derMaw" "emySub" "gopAga" "malTer" "mesTub" "pelCas" "pelSin" "podExp" "terMex"
"cheAbi" 0 0.0358705161854768 0.0376202974628171 0.026246719160105 0.0174978127734033 0.0717410323709536 0.0454943132108486 0.041994750656168 0.0174978127734033 0.0253718285214348 0.0446194225721785 0.057742782152231 0.057742782152231 0.073490813648294 0.026246719160105
"cheMyd" 0.0358705161854768 0 0.0227471566054243 0.0201224846894138 0.0253718285214348 0.05249343832021 0.0349956255468067 0.0358705161854768 0.0306211723534558 0.0192475940507437 0.041994750656168 0.0446194225721785 0.0481189851268591 0.062992125984252 0.0201224846894138
"cheSer" 0.0376202974628171 0.0227471566054243 0 0.0218722659667542 0.0271216097987752 0.0568678915135608 0.0332458442694663 0.0358705161854768 0.0297462817147857 0.020997375328084 0.0454943132108486 0.0498687664041995 0.0498687664041995 0.0673665791776028 0.0218722659667542
"chrPic" 0.026246719160105 0.0201224846894138 0.0218722659667542 0 0.0139982502187227 0.057742782152231 0.0341207349081365 0.031496062992126 0.020997375328084 0.000874890638670166 0.0358705161854768 0.047244094488189 0.0454943132108486 0.0664916885389326 0.00699912510936133
"cuoMcc" 0.0174978127734033 0.0253718285214348 0.0271216097987752 0.0139982502187227 0 0.0621172353455818 0.0376202974628171 0.0332458442694663 0.010498687664042 0.0131233595800525 0.0376202974628171 0.047244094488189 0.047244094488189 0.0647419072615923 0.015748031496063
"derCor" 0.0717410323709536 0.05249343832021 0.0568678915135608 0.057742782152231 0.0621172353455818 0 0.0717410323709536 0.068241469816273 0.068241469816273 0.0568678915135608 0.0726159230096238 0.0831146106736658 0.0813648293963255 0.0988626421697288 0.0568678915135608
"derMaw" 0.0454943132108486 0.0349956255468067 0.0332458442694663 0.0341207349081365 0.0376202974628171 0.0717410323709536 0 0.041994750656168 0.0384951881014873 0.0332458442694663 0.0507436570428696 0.0516185476815398 0.047244094488189 0.068241469816273 0.0341207349081365
"emySub" 0.041994750656168 0.0358705161854768 0.0358705161854768 0.031496062992126 0.0332458442694663 0.068241469816273 0.041994750656168 0 0.0384951881014873 0.0306211723534558 0.0201224846894138 0.0358705161854768 0.0498687664041995 0.0498687664041995 0.031496062992126
"gopAga" 0.0174978127734033 0.0306211723534558 0.0297462817147857 0.020997375328084 0.010498687664042 0.068241469816273 0.0384951881014873 0.0384951881014873 0 0.0201224846894138 0.0411198600174978 0.0516185476815398 0.0542432195975503 0.0699912510936133 0.0227471566054243
"malTer" 0.0253718285214348 0.0192475940507437 0.020997375328084 0.000874890638670166 0.0131233595800525 0.0568678915135608 0.0332458442694663 0.0306211723534558 0.0201224846894138 0 0.0349956255468067 0.0463692038495188 0.0446194225721785 0.0656167979002625 0.00612423447069116
"mesTub" 0.0446194225721785 0.041994750656168 0.0454943132108486 0.0358705161854768 0.0376202974628171 0.0726159230096238 0.0507436570428696 0.0201224846894138 0.0411198600174978 0.0349956255468067 0 0.0411198600174978 0.0568678915135608 0.0594925634295713 0.0358705161854768
"pelCas" 0.057742782152231 0.0446194225721785 0.0498687664041995 0.047244094488189 0.047244094488189 0.0831146106736658 0.0516185476815398 0.0358705161854768 0.0516185476815398 0.0463692038495188 0.0411198600174978 0 0.0586176727909011 0.0437445319335083 0.0489938757655293
"pelSin" 0.057742782152231 0.0481189851268591 0.0498687664041995 0.0454943132108486 0.047244094488189 0.0813648293963255 0.047244094488189 0.0498687664041995 0.0542432195975503 0.0446194225721785 0.0568678915135608 0.0586176727909011 0 0.0691163604549431 0.0489938757655293
"podExp" 0.073490813648294 0.062992125984252 0.0673665791776028 0.0664916885389326 0.0647419072615923 0.0988626421697288 0.068241469816273 0.0498687664041995 0.0699912510936133 0.0656167979002625 0.0594925634295713 0.0437445319335083 0.0691163604549431 0 0.0656167979002625
"terMex" 0.026246719160105 0.0201224846894138 0.0218722659667542 0.00699912510936133 0.015748031496063 0.0568678915135608 0.0341207349081365 0.031496062992126 0.0227471566054243 0.00612423447069116 0.0358705161854768 0.0489938757655293 0.0489938757655293 0.0656167979002625 0
