"carIns" "cheAbi" "cheMyd" "cheSer" "chrPic" "cuoMcc" "derCor" "derMaw" "emySub" "gopAga" "malTer" "mesTub" "pelCas" "pelSin" "plaMeg" "terMex"
"carIns" 0 0.076417419884963 0.129827444535744 0.0755957271980279 0.0723089564502876 0.0870994248151191 0.0731306491372227 0.0608052588331964 0.142974527526705 0.0739523418241578 0.0838126540673788 0.0870994248151191 0.0846343467543139 0.148726376335251 0.0723089564502876 0.179129005751849
"cheAbi" 0.076417419884963 0 0.0903861955628595 0.0435497124075596 0.0312243221035333 0.0484798685291701 0.0361544782251438 0.0402629416598192 0.119145439605588 0.0221857025472473 0.047658175842235 0.0657354149548069 0.0649137222678718 0.13886606409203 0.0262941659819228 0.141331142152835
"cheMyd" 0.129827444535744 0.0903861955628595 0 0.104354971240756 0.0912078882497946 0.110928512736237 0.0994248151191454 0.0920295809367297 0.181594083812654 0.0887428101889893 0.108463434675431 0.118323746918652 0.117502054231717 0.202136400986031 0.0912078882497946 0.184880854560394
"cheSer" 0.0755957271980279 0.0435497124075596 0.104354971240756 0 0.0435497124075596 0.0608052588331964 0.0451930977814297 0.0484798685291701 0.121610517666393 0.0386195562859491 0.056696795398521 0.066557107641742 0.0657354149548069 0.150369761709121 0.0460147904683648 0.154478225143796
"chrPic" 0.0723089564502876 0.0312243221035333 0.0912078882497946 0.0435497124075596 0 0.0501232539030403 0.0353327855382087 0.037797863599014 0.122432210353328 0.0271158586688578 0.0345110928512736 0.0682004930156122 0.0649137222678718 0.1405094494659 0.028759244042728 0.136400986031224
"cuoMcc" 0.0870994248151191 0.0484798685291701 0.110928512736237 0.0608052588331964 0.0501232539030403 0 0.0608052588331964 0.0583401807723911 0.136400986031224 0.0460147904683648 0.0673788003286771 0.0813475760065735 0.0747740345110929 0.155299917830731 0.0509449465899754 0.147904683648316
"derCor" 0.0731306491372227 0.0361544782251438 0.0994248151191454 0.0451930977814297 0.0353327855382087 0.0608052588331964 0 0.0427280197206245 0.119967132292523 0.0345110928512736 0.0501232539030403 0.0657354149548069 0.0657354149548069 0.144617912900575 0.0353327855382087 0.14708299096138
"derMaw" 0.0608052588331964 0.0402629416598192 0.0920295809367297 0.0484798685291701 0.037797863599014 0.0583401807723911 0.0427280197206245 0 0.125718981101068 0.0386195562859491 0.0558751027115859 0.0682004930156122 0.066557107641742 0.14543960558751 0.0386195562859491 0.144617912900575
"emySub" 0.142974527526705 0.119145439605588 0.181594083812654 0.121610517666393 0.122432210353328 0.136400986031224 0.119967132292523 0.125718981101068 0 0.116680361544782 0.137222678718159 0.104354971240756 0.110106820049302 0.160230073952342 0.119145439605588 0.228430566967954
"gopAga" 0.0739523418241578 0.0221857025472473 0.0887428101889893 0.0386195562859491 0.0271158586688578 0.0460147904683648 0.0345110928512736 0.0386195562859491 0.116680361544782 0 0.0460147904683648 0.0616269515201315 0.0608052588331964 0.137222678718159 0.0262941659819228 0.14215283483977
"malTer" 0.0838126540673788 0.047658175842235 0.108463434675431 0.056696795398521 0.0345110928512736 0.0673788003286771 0.0501232539030403 0.0558751027115859 0.137222678718159 0.0460147904683648 0 0.0821692686935086 0.0813475760065735 0.159408381265407 0.0460147904683648 0.139687756778965
"mesTub" 0.0870994248151191 0.0657354149548069 0.118323746918652 0.066557107641742 0.0682004930156122 0.0813475760065735 0.0657354149548069 0.0682004930156122 0.104354971240756 0.0616269515201315 0.0821692686935086 0 0.0501232539030403 0.158586688578472 0.0673788003286771 0.175020542317173
"pelCas" 0.0846343467543139 0.0649137222678718 0.117502054231717 0.0657354149548069 0.0649137222678718 0.0747740345110929 0.0657354149548069 0.066557107641742 0.110106820049302 0.0608052588331964 0.0813475760065735 0.0501232539030403 0 0.154478225143796 0.066557107641742 0.172555464256368
"pelSin" 0.148726376335251 0.13886606409203 0.202136400986031 0.150369761709121 0.1405094494659 0.155299917830731 0.144617912900575 0.14543960558751 0.160230073952342 0.137222678718159 0.159408381265407 0.158586688578472 0.154478225143796 0 0.1405094494659 0.241577649958915
"plaMeg" 0.0723089564502876 0.0262941659819228 0.0912078882497946 0.0460147904683648 0.028759244042728 0.0509449465899754 0.0353327855382087 0.0386195562859491 0.119145439605588 0.0262941659819228 0.0460147904683648 0.0673788003286771 0.066557107641742 0.1405094494659 0 0.13886606409203
"terMex" 0.179129005751849 0.141331142152835 0.184880854560394 0.154478225143796 0.136400986031224 0.147904683648316 0.14708299096138 0.144617912900575 0.228430566967954 0.14215283483977 0.139687756778965 0.175020542317173 0.172555464256368 0.241577649958915 0.13886606409203 0
