"carIns" "cheMyd" "cheSer" "cuoAmb" "derCor" "emySub" "gopAga" "mesTub" "pelCas" "podExp"
"carIns" 0 0.0578772512677041 0.180975695051582 0.0584018184997377 0.0599755201958384 0.0648714810281518 0.0667948942122749 0.0680188844203532 0.0741388354607449 0.087952439237629
"cheMyd" 0.0578772512677041 0 0.152823920265781 0.025703794369645 0.0150375939849624 0.041265955586641 0.0332225913621262 0.044937926210876 0.0564784053156146 0.0699422976044763
"cheSer" 0.180975695051582 0.152823920265781 0 0.15719531386606 0.156146179401993 0.168386081482777 0.164189543626508 0.171183773386956 0.180800839307571 0.189893337996153
"cuoAmb" 0.0584018184997377 0.025703794369645 0.15719531386606 0 0.0286763420178353 0.0426648015387305 0.0187095646091974 0.0465116279069767 0.0587515299877601 0.0699422976044763
"derCor" 0.0599755201958384 0.0150375939849624 0.156146179401993 0.0286763420178353 0 0.0437139360027977 0.0356705717782829 0.0473859066270327 0.0591012414757825 0.0725651337646442
"emySub" 0.0648714810281518 0.041265955586641 0.168386081482777 0.0426648015387305 0.0437139360027977 0 0.0503584542752229 0.0202832663052981 0.0472110508830215 0.0618989333799615
"gopAga" 0.0667948942122749 0.0332225913621262 0.164189543626508 0.0187095646091974 0.0356705717782829 0.0503584542752229 0 0.0540304248994579 0.0660954712362301 0.0774610945969575
"mesTub" 0.0680188844203532 0.044937926210876 0.171183773386956 0.0465116279069767 0.0473859066270327 0.0202832663052981 0.0540304248994579 0 0.0482601853470887 0.0639972023080958
"pelCas" 0.0741388354607449 0.0564784053156146 0.180800839307571 0.0587515299877601 0.0591012414757825 0.0472110508830215 0.0660954712362301 0.0482601853470887 0 0.0564784053156146
"podExp" 0.087952439237629 0.0699422976044763 0.189893337996153 0.0699422976044763 0.0725651337646442 0.0618989333799615 0.0774610945969575 0.0639972023080958 0.0564784053156146 0
