"carIns" "cheAbi" "cheMyd" "cheSer" "chrPic" "derMaw" "emySub" "gopAga" "pelSin" "podExp" "terMex"
"carIns" 0 0.222623345367028 0.108303249097473 0.103489771359807 0.101684717208183 0.113116726835138 0.127557160048135 0.21841155234657 0.124548736462094 0.153429602888087 0.139590854392298
"cheAbi" 0.222623345367028 0 0.173886883273165 0.168471720818291 0.158243080625752 0.176895306859206 0.211191335740072 0.108303249097473 0.232851985559567 0.225631768953069 0.196149217809868
"cheMyd" 0.108303249097473 0.173886883273165 0 0.0421179302045728 0.0403128760529483 0.0571600481347774 0.0962695547533093 0.169675090252708 0.107099879663057 0.113116726835138 0.0770156438026474
"cheSer" 0.103489771359807 0.168471720818291 0.0421179302045728 0 0.0324909747292419 0.0463297232250301 0.0926594464500602 0.166064981949458 0.110108303249097 0.110709987966306 0.0770156438026474
"chrPic" 0.101684717208183 0.158243080625752 0.0403128760529483 0.0324909747292419 0 0.0445246690734055 0.0878459687123947 0.154031287605295 0.101684717208183 0.106498194945848 0.055956678700361
"derMaw" 0.113116726835138 0.176895306859206 0.0571600481347774 0.0463297232250301 0.0445246690734055 0 0.0992779783393502 0.175090252707581 0.114320096269555 0.119735258724428 0.0878459687123947
"emySub" 0.127557160048135 0.211191335740072 0.0962695547533093 0.0926594464500602 0.0878459687123947 0.0992779783393502 0 0.213598074608905 0.132972322503008 0.102286401925391 0.119735258724428
"gopAga" 0.21841155234657 0.108303249097473 0.169675090252708 0.166064981949458 0.154031287605295 0.175090252707581 0.213598074608905 0 0.226835138387485 0.226835138387485 0.194344163658243
"pelSin" 0.124548736462094 0.232851985559567 0.107099879663057 0.110108303249097 0.101684717208183 0.114320096269555 0.132972322503008 0.226835138387485 0 0.155234657039711 0.13898916967509
"podExp" 0.153429602888087 0.225631768953069 0.113116726835138 0.110709987966306 0.106498194945848 0.119735258724428 0.102286401925391 0.226835138387485 0.155234657039711 0 0.145006016847172
"terMex" 0.139590854392298 0.196149217809868 0.0770156438026474 0.0770156438026474 0.055956678700361 0.0878459687123947 0.119735258724428 0.194344163658243 0.13898916967509 0.145006016847172 0
