"cheAbi" "cheSer" "chrPic" "cuoAmb" "cuoMcc" "derCor" "derMaw" "emySub" "gopAga" "mesTub" "pelCas" "pelSin" "plaMeg" "podExp" "terMex"
"cheAbi" 0 0.0593089221248066 0.035585353274884 0.0288808664259928 0.0283651366683858 0.0531201650335224 0.0665291387313048 0.073233625580196 0.0278494069107788 0.0773594636410521 0.0814853017019082 0.0948942753996906 0.0330067044868489 0.211964930376483 0.0350696235172769
"cheSer" 0.0593089221248066 0 0.0391954615781331 0.0464156781846313 0.0407426508509541 0.0510572460030944 0.0531201650335224 0.0670448684889118 0.0520887055183084 0.074780814853017 0.0825167612171222 0.0892212480660134 0.0443527591542032 0.21763795771016 0.0391954615781331
"chrPic" 0.035585353274884 0.0391954615781331 0 0.0237235688499226 0.0206291903042806 0.038679731820526 0.0469314079422383 0.0546673543063435 0.0273336771531717 0.0649819494584837 0.0691077875193399 0.0820010314595152 0.0180505415162455 0.210417741103662 0.0072202166064982
"cuoAmb" 0.0288808664259928 0.0464156781846313 0.0237235688499226 0 0.00773594636410521 0.0443527591542032 0.0536358947911295 0.0639504899432697 0.0211449200618876 0.0706549767921609 0.0768437338834451 0.0809695719443012 0.0221763795771016 0.216606498194946 0.0226921093347086
"cuoMcc" 0.0283651366683858 0.0407426508509541 0.0206291903042806 0.00773594636410521 0 0.0412583806085611 0.0510572460030944 0.0608561113976276 0.0195977307890665 0.0675605982465188 0.07426508509541 0.0814853017019082 0.0211449200618876 0.216090768437339 0.0195977307890665
"derCor" 0.0531201650335224 0.0510572460030944 0.038679731820526 0.0443527591542032 0.0412583806085611 0 0.0587931923671996 0.0680763280041258 0.0469314079422383 0.0691077875193399 0.0789066529138731 0.0928313563692625 0.0407426508509541 0.212996389891697 0.035585353274884
"derMaw" 0.0665291387313048 0.0531201650335224 0.0469314079422383 0.0536358947911295 0.0510572460030944 0.0587931923671996 0 0.075296544610624 0.0572460030943785 0.0809695719443012 0.0861268695203713 0.0933470861268695 0.0500257864878803 0.21763795771016 0.0479628674574523
"emySub" 0.073233625580196 0.0670448684889118 0.0546673543063435 0.0639504899432697 0.0608561113976276 0.0680763280041258 0.075296544610624 0 0.0675605982465188 0.0417741103661681 0.0670448684889118 0.0948942753996906 0.0608561113976276 0.200618875709128 0.0562145435791645
"gopAga" 0.0278494069107788 0.0520887055183084 0.0273336771531717 0.0211449200618876 0.0195977307890665 0.0469314079422383 0.0572460030943785 0.0675605982465188 0 0.074780814853017 0.0794223826714801 0.0902527075812274 0.0268179473955647 0.216606498194946 0.0257864878803507
"mesTub" 0.0773594636410521 0.074780814853017 0.0649819494584837 0.0706549767921609 0.0675605982465188 0.0691077875193399 0.0809695719443012 0.0417741103661681 0.074780814853017 0 0.072717895822589 0.104693140794224 0.0696235172769469 0.206807632800413 0.0644662197008767
"pelCas" 0.0814853017019082 0.0825167612171222 0.0691077875193399 0.0768437338834451 0.07426508509541 0.0789066529138731 0.0861268695203713 0.0670448684889118 0.0794223826714801 0.072717895822589 0 0.109334708612687 0.073749355337803 0.190820010314595 0.0706549767921609
"pelSin" 0.0948942753996906 0.0892212480660134 0.0820010314595152 0.0809695719443012 0.0814853017019082 0.0928313563692625 0.0933470861268695 0.0948942753996906 0.0902527075812274 0.104693140794224 0.109334708612687 0 0.0820010314595152 0.235688499226405 0.0820010314595152
"plaMeg" 0.0330067044868489 0.0443527591542032 0.0180505415162455 0.0221763795771016 0.0211449200618876 0.0407426508509541 0.0500257864878803 0.0608561113976276 0.0268179473955647 0.0696235172769469 0.073749355337803 0.0820010314595152 0 0.213512119649304 0.0175348117586385
"podExp" 0.211964930376483 0.21763795771016 0.210417741103662 0.216606498194946 0.216090768437339 0.212996389891697 0.21763795771016 0.200618875709128 0.216606498194946 0.206807632800413 0.190820010314595 0.235688499226405 0.213512119649304 0 0.210933470861269
"terMex" 0.0350696235172769 0.0391954615781331 0.0072202166064982 0.0226921093347086 0.0195977307890665 0.035585353274884 0.0479628674574523 0.0562145435791645 0.0257864878803507 0.0644662197008767 0.0706549767921609 0.0820010314595152 0.0175348117586385 0.210933470861269 0
