"carIns" "cheAbi" "cheMyd" "cheSer" "chrPic" "cuoAmb" "cuoMcc" "derCor" "derMaw" "emySub" "gopAga" "malTer" "mesTub" "pelCas" "pelSin" "plaMeg" "podExp" "terMex"
"carIns" 0 0.0707311264586806 0.0671588473446059 0.0833531793284115 0.0652536318170993 0.0683496070492974 0.0681114551083591 0.0693022148130507 0.0731126458680638 0.0864491545606097 0.0714455822814956 0.0809716599190283 0.0933555608478209 0.113836627768516 0.0769230769230769 0.0638247201714694 0.100261967135032 0.0635865682305311
"cheAbi" 0.0707311264586806 0 0.0333412717313646 0.0471540843057871 0.0245296499166468 0.0200047630388188 0.0188140033341272 0.0354846391998095 0.0409621338413908 0.0683496070492974 0.0200047630388188 0.0421528935460824 0.076208621100262 0.0957370802572041 0.070254822576804 0.0219099785663253 0.0854965467968564 0.022386282448202
"cheMyd" 0.0671588473446059 0.0333412717313646 0 0.043343653250774 0.0257204096213384 0.0302452964991665 0.0288163848535366 0.0145272683972374 0.0376280066682543 0.0647773279352227 0.0338175756132412 0.0412002857823291 0.0716837342224339 0.0935937127887592 0.064301024053346 0.0228625863300786 0.0816861157418433 0.0235770421528935
"cheSer" 0.0833531793284115 0.0471540843057871 0.043343653250774 0 0.0383424624910693 0.042629197427959 0.0416765896642058 0.0462014765420338 0.0495356037151703 0.0769230769230769 0.0483448440104787 0.0533460347701834 0.0826387235055966 0.108359133126935 0.0771612288640152 0.0357227911407478 0.0957370802572041 0.0361990950226244
"chrPic" 0.0652536318170993 0.0245296499166468 0.0257204096213384 0.0383424624910693 0 0.0200047630388188 0.0190521552750655 0.0281019290307216 0.0345320314360562 0.0619195046439628 0.0250059537985235 0.0226244343891403 0.0697785186949274 0.0921648011431293 0.0631102643486544 0.0119075970469159 0.0785901405096451 0.00928792569659443
"cuoAmb" 0.0683496070492974 0.0200047630388188 0.0302452964991665 0.042629197427959 0.0200047630388188 0 0.00333412717313646 0.032150512026673 0.0371517027863777 0.0633484162895928 0.0200047630388188 0.037389854727316 0.0728744939271255 0.0935937127887592 0.0654917837580376 0.0171469397475589 0.0826387235055966 0.0178613955703739
"cuoMcc" 0.0681114551083591 0.0188140033341272 0.0288163848535366 0.0416765896642058 0.0190521552750655 0.00333412717313646 0 0.0309597523219814 0.0364372469635627 0.0626339604667778 0.0190521552750655 0.0361990950226244 0.0719218861633722 0.092641105025006 0.0645391759942844 0.016432483924744 0.081447963800905 0.0169087878066206
"derCor" 0.0693022148130507 0.0354846391998095 0.0145272683972374 0.0462014765420338 0.0281019290307216 0.032150512026673 0.0309597523219814 0 0.0392950702548226 0.0659680876399143 0.0359609430816861 0.0435818051917123 0.0728744939271255 0.0938318647296976 0.0664443915217909 0.0250059537985235 0.0824005715646583 0.0264348654441534
"derMaw" 0.0731126458680638 0.0409621338413908 0.0376280066682543 0.0495356037151703 0.0345320314360562 0.0371517027863777 0.0364372469635627 0.0392950702548226 0 0.0697785186949274 0.0412002857823291 0.0500119075970469 0.0766849249821386 0.10050011907597 0.0688259109311741 0.0311979042629197 0.0893069778518695 0.0323886639676113
"emySub" 0.0864491545606097 0.0683496070492974 0.0647773279352227 0.0769230769230769 0.0619195046439628 0.0633484162895928 0.0626339604667778 0.0659680876399143 0.0697785186949274 0 0.0685877589902358 0.0773993808049536 0.0431055013098357 0.0850202429149798 0.0831150273874732 0.0595379852345797 0.0731126458680638 0.059776137175518
"gopAga" 0.0714455822814956 0.0200047630388188 0.0338175756132412 0.0483448440104787 0.0250059537985235 0.0200047630388188 0.0190521552750655 0.0359609430816861 0.0412002857823291 0.0685877589902358 0 0.0421528935460824 0.0781138366277685 0.0974041438437723 0.069540366753989 0.0219099785663253 0.086687306501548 0.0228625863300786
"malTer" 0.0809716599190283 0.0421528935460824 0.0412002857823291 0.0533460347701834 0.0226244343891403 0.037389854727316 0.0361990950226244 0.0435818051917123 0.0500119075970469 0.0773993808049536 0.0421528935460824 0 0.0857346987377947 0.107406525363182 0.0771612288640152 0.0292926887354132 0.0931174089068826 0.0271493212669683
"mesTub" 0.0933555608478209 0.076208621100262 0.0716837342224339 0.0826387235055966 0.0697785186949274 0.0728744939271255 0.0719218861633722 0.0728744939271255 0.0766849249821386 0.0431055013098357 0.0781138366277685 0.0857346987377947 0 0.087401762324363 0.0921648011431293 0.0676351512264825 0.0785901405096451 0.0681114551083591
"pelCas" 0.113836627768516 0.0957370802572041 0.0935937127887592 0.108359133126935 0.0921648011431293 0.0935937127887592 0.092641105025006 0.0938318647296976 0.10050011907597 0.0850202429149798 0.0974041438437723 0.107406525363182 0.087401762324363 0 0.113598475827578 0.0914503453203144 0.0864491545606097 0.0921648011431293
"pelSin" 0.0769230769230769 0.070254822576804 0.064301024053346 0.0771612288640152 0.0631102643486544 0.0654917837580376 0.0645391759942844 0.0664443915217909 0.0688259109311741 0.0831150273874732 0.069540366753989 0.0771612288640152 0.0921648011431293 0.113598475827578 0 0.0595379852345797 0.0990712074303406 0.059776137175518
"plaMeg" 0.0638247201714694 0.0219099785663253 0.0228625863300786 0.0357227911407478 0.0119075970469159 0.0171469397475589 0.016432483924744 0.0250059537985235 0.0311979042629197 0.0595379852345797 0.0219099785663253 0.0292926887354132 0.0676351512264825 0.0914503453203144 0.0595379852345797 0 0.0778756846868302 0.0102405334603477
"podExp" 0.100261967135032 0.0854965467968564 0.0816861157418433 0.0957370802572041 0.0785901405096451 0.0826387235055966 0.081447963800905 0.0824005715646583 0.0893069778518695 0.0731126458680638 0.086687306501548 0.0931174089068826 0.0785901405096451 0.0864491545606097 0.0990712074303406 0.0778756846868302 0 0.0783519885687068
"terMex" 0.0635865682305311 0.022386282448202 0.0235770421528935 0.0361990950226244 0.00928792569659443 0.0178613955703739 0.0169087878066206 0.0264348654441534 0.0323886639676113 0.059776137175518 0.0228625863300786 0.0271493212669683 0.0681114551083591 0.0921648011431293 0.059776137175518 0.0102405334603477 0.0783519885687068 0
