"carIns" "cheAbi" "cheMyd" "cheSer" "chrPic" "cuoAmb" "cuoMcc" "derCor" "derMaw" "emySub" "gopAga" "malTer" "mesTub" "pelCas" "pelSin" "plaMeg" "podExp" "terMex"
"carIns" 0 0.097465034965035 0.097465034965035 0.0909090909090909 0.104020979020979 0.0987762237762238 0.0987762237762238 0.100524475524476 0.106643356643357 0.116695804195804 0.100087412587413 0.101398601398601 0.123251748251748 0.136363636363636 0.103583916083916 0.0939685314685315 0.149475524475524 0.127622377622378
"cheAbi" 0.097465034965035 0 0.0537587412587413 0.0454545454545455 0.0406468531468531 0.0222902097902098 0.0214160839160839 0.0541958041958042 0.0625 0.0891608391608392 0.020541958041958 0.0388986013986014 0.0957167832167832 0.111451048951049 0.0965909090909091 0.0323426573426573 0.131993006993007 0.0668706293706294
"cheMyd" 0.097465034965035 0.0537587412587413 0 0.0332167832167832 0.0537587412587413 0.0524475524475524 0.0502622377622378 0.0240384615384615 0.0524475524475524 0.0856643356643357 0.0563811188811189 0.0506993006993007 0.0930944055944056 0.107954545454545 0.0909090909090909 0.0454545454545455 0.127622377622378 0.0777972027972028
"cheSer" 0.0909090909090909 0.0454545454545455 0.0332167832167832 0 0.0437062937062937 0.0428321678321678 0.0423951048951049 0.0358391608391608 0.041520979020979 0.076048951048951 0.0463286713286713 0.0406468531468531 0.0847902097902098 0.100524475524476 0.083041958041958 0.0367132867132867 0.122814685314685 0.0677447552447552
"chrPic" 0.104020979020979 0.0406468531468531 0.0537587412587413 0.0437062937062937 0 0.0402097902097902 0.0371503496503496 0.0541958041958042 0.0616258741258741 0.090034965034965 0.041958041958042 0.0100524475524476 0.0952797202797203 0.114073426573427 0.0961538461538462 0.027972027972028 0.133741258741259 0.0502622377622378
"cuoAmb" 0.0987762237762238 0.0222902097902098 0.0524475524475524 0.0428321678321678 0.0402097902097902 0 0.00699300699300699 0.0537587412587413 0.0598776223776224 0.0874125874125874 0.0231643356643357 0.0375874125874126 0.0935314685314685 0.113199300699301 0.0939685314685315 0.0305944055944056 0.130681818181818 0.0646853146853147
"cuoMcc" 0.0987762237762238 0.0214160839160839 0.0502622377622378 0.0423951048951049 0.0371503496503496 0.00699300699300699 0 0.0506993006993007 0.0585664335664336 0.0852272727272727 0.0222902097902098 0.0340909090909091 0.090472027972028 0.109702797202797 0.0926573426573427 0.0292832167832168 0.128496503496503 0.0633741258741259
"derCor" 0.100524475524476 0.0541958041958042 0.0240384615384615 0.0358391608391608 0.0541958041958042 0.0537587412587413 0.0506993006993007 0 0.055506993006993 0.0865384615384615 0.0559440559440559 0.0511363636363636 0.0930944055944056 0.109265734265734 0.0913461538461538 0.0463286713286713 0.128933566433566 0.0804195804195804
"derMaw" 0.106643356643357 0.0625 0.0524475524475524 0.041520979020979 0.0616258741258741 0.0598776223776224 0.0585664335664336 0.055506993006993 0 0.0926573426573427 0.0611888111888112 0.0585664335664336 0.097027972027972 0.116695804195804 0.0996503496503496 0.0541958041958042 0.137674825174825 0.0826048951048951
"emySub" 0.116695804195804 0.0891608391608392 0.0856643356643357 0.076048951048951 0.090034965034965 0.0874125874125874 0.0852272727272727 0.0865384615384615 0.0926573426573427 0 0.090472027972028 0.0891608391608392 0.0528846153846154 0.0922202797202797 0.107517482517483 0.083479020979021 0.113199300699301 0.116258741258741
"gopAga" 0.100087412587413 0.020541958041958 0.0563811188811189 0.0463286713286713 0.041958041958042 0.0231643356643357 0.0222902097902098 0.0559440559440559 0.0611888111888112 0.090472027972028 0 0.0406468531468531 0.0944055944055944 0.110576923076923 0.0965909090909091 0.0340909090909091 0.13243006993007 0.0686188811188811
"malTer" 0.101398601398601 0.0388986013986014 0.0506993006993007 0.0406468531468531 0.0100524475524476 0.0375874125874126 0.0340909090909091 0.0511363636363636 0.0585664335664336 0.0891608391608392 0.0406468531468531 0 0.0944055944055944 0.111451048951049 0.0922202797202797 0.0253496503496503 0.131555944055944 0.0498251748251748
"mesTub" 0.123251748251748 0.0957167832167832 0.0930944055944056 0.0847902097902098 0.0952797202797203 0.0935314685314685 0.090472027972028 0.0930944055944056 0.097027972027972 0.0528846153846154 0.0944055944055944 0.0944055944055944 0 0.101398601398601 0.118006993006993 0.0909090909090909 0.120192307692308 0.118006993006993
"pelCas" 0.136363636363636 0.111451048951049 0.107954545454545 0.100524475524476 0.114073426573427 0.113199300699301 0.109702797202797 0.109265734265734 0.116695804195804 0.0922202797202797 0.110576923076923 0.111451048951049 0.101398601398601 0 0.131993006993007 0.10708041958042 0.097465034965035 0.134178321678322
"pelSin" 0.103583916083916 0.0965909090909091 0.0909090909090909 0.083041958041958 0.0961538461538462 0.0939685314685315 0.0926573426573427 0.0913461538461538 0.0996503496503496 0.107517482517483 0.0965909090909091 0.0922202797202797 0.118006993006993 0.131993006993007 0 0.0887237762237762 0.142482517482517 0.118881118881119
"plaMeg" 0.0939685314685315 0.0323426573426573 0.0454545454545455 0.0367132867132867 0.027972027972028 0.0305944055944056 0.0292832167832168 0.0463286713286713 0.0541958041958042 0.083479020979021 0.0340909090909091 0.0253496503496503 0.0909090909090909 0.10708041958042 0.0887237762237762 0 0.127185314685315 0.0537587412587413
"podExp" 0.149475524475524 0.131993006993007 0.127622377622378 0.122814685314685 0.133741258741259 0.130681818181818 0.128496503496503 0.128933566433566 0.137674825174825 0.113199300699301 0.13243006993007 0.131555944055944 0.120192307692308 0.097465034965035 0.142482517482517 0.127185314685315 0 0.152097902097902
"terMex" 0.127622377622378 0.0668706293706294 0.0777972027972028 0.0677447552447552 0.0502622377622378 0.0646853146853147 0.0633741258741259 0.0804195804195804 0.0826048951048951 0.116258741258741 0.0686188811188811 0.0498251748251748 0.118006993006993 0.134178321678322 0.118881118881119 0.0537587412587413 0.152097902097902 0
