"carIns" "cheAbi" "cheMyd" "cheSer" "chrPic" "cuoAmb" "cuoMcc" "derCor" "derMaw" "emySub" "gopAga" "malTer" "mesTub" "pelCas" "pelSin" "plaMeg" "podExp" "terMex"
"carIns" 0 0.0915468256752017 0.0841809891266222 0.0883900385829534 0.0834794808839004 0.085584005612066 0.085233251490705 0.0848824973693441 0.0894423009470361 0.090143809189758 0.0911960715538408 0.101367941073308 0.0975096457383374 0.112241318835496 0.099614170466503 0.0813749561557348 0.120659417748159 0.0810242020343739
"cheAbi" 0.0915468256752017 0 0.0396352157137846 0.0389337074710628 0.0277095755875132 0.0217467555243774 0.0203437390389337 0.0403367239565065 0.0452472816555595 0.0641880042090495 0.01894072255349 0.0477025605050859 0.0694493160294633 0.0978603998596984 0.080673447913013 0.0277095755875132 0.0918975797965626 0.0270080673447913
"cheMyd" 0.0841809891266222 0.0396352157137846 0 0.0322693791652052 0.0294633461943178 0.0357769203788144 0.0336723956506489 0.0196422307962119 0.0371799368642582 0.061381971238162 0.0375306909856191 0.0484040687478078 0.061381971238162 0.0880392844615924 0.0785689231848474 0.0263065591020695 0.0908453174324798 0.0273588214661522
"cheSer" 0.0883900385829534 0.0389337074710628 0.0322693791652052 0 0.0294633461943178 0.0343739038933707 0.032970887407927 0.0340231497720098 0.0382321992283409 0.0592774465099965 0.0368291827428972 0.0484040687478078 0.0638372500876885 0.0876885303402315 0.0796211855489302 0.0252542967379867 0.0883900385829534 0.0273588214661522
"chrPic" 0.0834794808839004 0.0277095755875132 0.0294633461943178 0.0294633461943178 0 0.0252542967379867 0.0231497720098211 0.0298141003156787 0.0350754121360926 0.0585759382672746 0.0259558049807085 0.0245527884952648 0.0634864959663276 0.089793055068397 0.0771659066994037 0.0147316730971589 0.0876885303402315 0.00841809891266222
"cuoAmb" 0.085584005612066 0.0217467555243774 0.0357769203788144 0.0343739038933707 0.0252542967379867 0 0.00491055769905296 0.0347246580147317 0.0399859698351456 0.0610312171168011 0.01894072255349 0.0445457734128376 0.0655910206944932 0.0925990880392845 0.076113644335321 0.023500526131182 0.0915468256752017 0.023851280252543
"cuoMcc" 0.085233251490705 0.0203437390389337 0.0336723956506489 0.032970887407927 0.0231497720098211 0.00491055769905296 0 0.033321641529288 0.0392844615924237 0.0603297088740793 0.0164854437039635 0.0420904945633111 0.0645387583304104 0.0929498421606454 0.0778674149421256 0.0213960014030165 0.0925990880392845 0.0224482637670993
"derCor" 0.0848824973693441 0.0403367239565065 0.0196422307962119 0.0340231497720098 0.0298141003156787 0.0347246580147317 0.033321641529288 0 0.0420904945633111 0.0603297088740793 0.0368291827428972 0.0480533146264469 0.0634864959663276 0.0887407927043143 0.0768151525780428 0.0259558049807085 0.090143809189758 0.0263065591020695
"derMaw" 0.0894423009470361 0.0452472816555595 0.0371799368642582 0.0382321992283409 0.0350754121360926 0.0399859698351456 0.0392844615924237 0.0420904945633111 0 0.0669940371799369 0.0438442651701157 0.0533146264468608 0.0698000701508243 0.0922483339179235 0.080322693791652 0.0361276745001754 0.0957558751315328 0.0343739038933707
"emySub" 0.090143809189758 0.0641880042090495 0.061381971238162 0.0592774465099965 0.0585759382672746 0.0610312171168011 0.0603297088740793 0.0603297088740793 0.0669940371799369 0 0.0638372500876885 0.0775166608207646 0.0298141003156787 0.0729568572430726 0.0873377762188706 0.0554191511750263 0.0669940371799369 0.0578744300245528
"gopAga" 0.0911960715538408 0.01894072255349 0.0375306909856191 0.0368291827428972 0.0259558049807085 0.01894072255349 0.0164854437039635 0.0368291827428972 0.0438442651701157 0.0638372500876885 0 0.0459487898982813 0.0676955454226587 0.0978603998596984 0.080673447913013 0.0249035426166257 0.09470361276745 0.0263065591020695
"malTer" 0.101367941073308 0.0477025605050859 0.0484040687478078 0.0484040687478078 0.0245527884952648 0.0445457734128376 0.0420904945633111 0.0480533146264469 0.0533146264468608 0.0775166608207646 0.0459487898982813 0 0.080673447913013 0.108383023500526 0.0964573833742546 0.0343739038933707 0.104875482286917 0.0273588214661522
"mesTub" 0.0975096457383374 0.0694493160294633 0.061381971238162 0.0638372500876885 0.0634864959663276 0.0655910206944932 0.0645387583304104 0.0634864959663276 0.0698000701508243 0.0298141003156787 0.0676955454226587 0.080673447913013 0 0.0782181690634865 0.0911960715538408 0.0592774465099965 0.0768151525780428 0.0624342336022448
"pelCas" 0.112241318835496 0.0978603998596984 0.0880392844615924 0.0876885303402315 0.089793055068397 0.0925990880392845 0.0929498421606454 0.0887407927043143 0.0922483339179235 0.0729568572430726 0.0978603998596984 0.108383023500526 0.0782181690634865 0 0.107681515257804 0.0873377762188706 0.0789196773062083 0.0873377762188706
"pelSin" 0.099614170466503 0.080673447913013 0.0785689231848474 0.0796211855489302 0.0771659066994037 0.076113644335321 0.0778674149421256 0.0768151525780428 0.080322693791652 0.0873377762188706 0.080673447913013 0.0964573833742546 0.0911960715538408 0.107681515257804 0 0.0754121360925991 0.110838302350053 0.0764643984566819
"plaMeg" 0.0813749561557348 0.0277095755875132 0.0263065591020695 0.0252542967379867 0.0147316730971589 0.023500526131182 0.0213960014030165 0.0259558049807085 0.0361276745001754 0.0554191511750263 0.0249035426166257 0.0343739038933707 0.0592774465099965 0.0873377762188706 0.0754121360925991 0 0.0873377762188706 0.0122763942476324
"podExp" 0.120659417748159 0.0918975797965626 0.0908453174324798 0.0883900385829534 0.0876885303402315 0.0915468256752017 0.0925990880392845 0.090143809189758 0.0957558751315328 0.0669940371799369 0.09470361276745 0.104875482286917 0.0768151525780428 0.0789196773062083 0.110838302350053 0.0873377762188706 0 0.0880392844615924
"terMex" 0.0810242020343739 0.0270080673447913 0.0273588214661522 0.0273588214661522 0.00841809891266222 0.023851280252543 0.0224482637670993 0.0263065591020695 0.0343739038933707 0.0578744300245528 0.0263065591020695 0.0273588214661522 0.0624342336022448 0.0873377762188706 0.0764643984566819 0.0122763942476324 0.0880392844615924 0
