"carIns" "cheAbi" "cheSer" "chrPic" "cuoAmb" "cuoMcc" "derCor" "derMaw" "emySub" "gopAga" "malTer" "mesTub" "pelCas" "pelSin" "plaMeg" "podExp" "terMex"
"carIns" 0 0.076219512195122 0.0682926829268293 0.0621951219512195 0.0695121951219512 0.0628048780487805 0.0884146341463415 0.0731707317073171 0.0804878048780488 0.0670731707317073 0.075609756097561 0.0859756097560976 0.0871951219512195 0.099390243902439 0.0609756097560976 0.098780487804878 0.0585365853658537
"cheAbi" 0.076219512195122 0 0.0408536585365854 0.0359756097560976 0.0268292682926829 0.025609756097561 0.0603658536585366 0.049390243902439 0.0682926829268293 0.023780487804878 0.049390243902439 0.0768292682926829 0.0810975609756098 0.099390243902439 0.0323170731707317 0.0951219512195122 0.0317073170731707
"cheSer" 0.0682926829268293 0.0408536585365854 0 0.0268292682926829 0.0298780487804878 0.025609756097561 0.0457317073170732 0.0378048780487805 0.0597560975609756 0.0298780487804878 0.0426829268292683 0.0682926829268293 0.0695121951219512 0.0920731707317073 0.0219512195121951 0.0847560975609756 0.0225609756097561
"chrPic" 0.0621951219512195 0.0359756097560976 0.0268292682926829 0 0.0286585365853659 0.0231707317073171 0.049390243902439 0.0390243902439024 0.0609756097560976 0.026219512195122 0.0280487804878049 0.0676829268292683 0.0713414634146341 0.0878048780487805 0.0170731707317073 0.0841463414634146 0.0103658536585366
"cuoAmb" 0.0695121951219512 0.0268292682926829 0.0298780487804878 0.0286585365853659 0 0.00792682926829268 0.0536585365853659 0.0432926829268293 0.0615853658536585 0.0195121951219512 0.0414634146341463 0.0719512195121951 0.073780487804878 0.0932926829268293 0.0225609756097561 0.0896341463414634 0.024390243902439
"cuoMcc" 0.0628048780487805 0.025609756097561 0.025609756097561 0.0231707317073171 0.00792682926829268 0 0.049390243902439 0.0378048780487805 0.0573170731707317 0.0152439024390244 0.0371951219512195 0.0676829268292683 0.0676829268292683 0.0902439024390244 0.0170731707317073 0.0853658536585366 0.0189024390243902
"derCor" 0.0884146341463415 0.0603658536585366 0.0457317073170732 0.049390243902439 0.0536585365853659 0.049390243902439 0 0.0585365853658537 0.0829268292682927 0.050609756097561 0.0560975609756098 0.0871951219512195 0.0908536585365854 0.110365853658537 0.0432926829268293 0.104878048780488 0.0451219512195122
"derMaw" 0.0731707317073171 0.049390243902439 0.0378048780487805 0.0390243902439024 0.0432926829268293 0.0378048780487805 0.0585365853658537 0 0.0731707317073171 0.0420731707317073 0.051219512195122 0.0798780487804878 0.0817073170731707 0.1 0.0323170731707317 0.0890243902439024 0.0347560975609756
"emySub" 0.0804878048780488 0.0682926829268293 0.0597560975609756 0.0609756097560976 0.0615853658536585 0.0573170731707317 0.0829268292682927 0.0731707317073171 0 0.0615853658536585 0.0768292682926829 0.0384146341463415 0.0567073170731707 0.105487804878049 0.0554878048780488 0.0731707317073171 0.0554878048780488
"gopAga" 0.0670731707317073 0.023780487804878 0.0298780487804878 0.026219512195122 0.0195121951219512 0.0152439024390244 0.050609756097561 0.0420731707317073 0.0615853658536585 0 0.0390243902439024 0.0689024390243902 0.074390243902439 0.0908536585365854 0.0201219512195122 0.0853658536585366 0.0219512195121951
"malTer" 0.075609756097561 0.049390243902439 0.0426829268292683 0.0280487804878049 0.0414634146341463 0.0371951219512195 0.0560975609756098 0.051219512195122 0.0768292682926829 0.0390243902439024 0 0.0768292682926829 0.0841463414634146 0.102439024390244 0.0310975609756098 0.0951219512195122 0.0274390243902439
"mesTub" 0.0859756097560976 0.0768292682926829 0.0682926829268293 0.0676829268292683 0.0719512195121951 0.0676829268292683 0.0871951219512195 0.0798780487804878 0.0384146341463415 0.0689024390243902 0.0768292682926829 0 0.0658536585365854 0.106707317073171 0.0621951219512195 0.0792682926829268 0.0621951219512195
"pelCas" 0.0871951219512195 0.0810975609756098 0.0695121951219512 0.0713414634146341 0.073780487804878 0.0676829268292683 0.0908536585365854 0.0817073170731707 0.0567073170731707 0.074390243902439 0.0841463414634146 0.0658536585365854 0 0.11219512195122 0.0652439024390244 0.0682926829268293 0.0670731707317073
"pelSin" 0.099390243902439 0.099390243902439 0.0920731707317073 0.0878048780487805 0.0932926829268293 0.0902439024390244 0.110365853658537 0.1 0.105487804878049 0.0908536585365854 0.102439024390244 0.106707317073171 0.11219512195122 0 0.0835365853658537 0.120731707317073 0.0841463414634146
"plaMeg" 0.0609756097560976 0.0323170731707317 0.0219512195121951 0.0170731707317073 0.0225609756097561 0.0170731707317073 0.0432926829268293 0.0323170731707317 0.0554878048780488 0.0201219512195122 0.0310975609756098 0.0621951219512195 0.0652439024390244 0.0835365853658537 0 0.0798780487804878 0.0128048780487805
"podExp" 0.098780487804878 0.0951219512195122 0.0847560975609756 0.0841463414634146 0.0896341463414634 0.0853658536585366 0.104878048780488 0.0890243902439024 0.0731707317073171 0.0853658536585366 0.0951219512195122 0.0792682926829268 0.0682926829268293 0.120731707317073 0.0798780487804878 0 0.0810975609756098
"terMex" 0.0585365853658537 0.0317073170731707 0.0225609756097561 0.0103658536585366 0.024390243902439 0.0189024390243902 0.0451219512195122 0.0347560975609756 0.0554878048780488 0.0219512195121951 0.0274390243902439 0.0621951219512195 0.0670731707317073 0.0841463414634146 0.0128048780487805 0.0810975609756098 0
