"carIns" "cheAbi" "cheMyd" "cheSer" "chrPic" "cuoAmb" "cuoMcc" "derCor" "derMaw" "emySub" "gopAga" "malTer" "mesTub" "pelCas" "pelSin" "plaMeg" "podExp"
"carIns" 0 0.285108958837772 0.115617433414044 0.302058111380145 0.291767554479419 0.128329297820823 0.12772397094431 0.123486682808717 0.12046004842615 0.298426150121065 0.134382566585956 0.12953995157385 0.297820823244552 0.299031476997579 0.12772397094431 0.12409200968523 0.154358353510896
"cheAbi" 0.285108958837772 0 0.234866828087167 0.25544794188862 0.256658595641647 0.197336561743341 0.197336561743341 0.223970944309927 0.254842615012107 0.278450363196126 0.201573849878935 0.207627118644068 0.270581113801453 0.269370460048426 0.277845036319613 0.204600484261501 0.254842615012107
"cheMyd" 0.115617433414044 0.234866828087167 0 0.24636803874092 0.24818401937046 0.0599273607748184 0.061138014527845 0.0520581113801453 0.0623486682808717 0.261501210653753 0.0684019370460048 0.0671912832929782 0.26634382566586 0.25544794188862 0.11682808716707 0.0569007263922518 0.114406779661017
"cheSer" 0.302058111380145 0.25544794188862 0.24636803874092 0 0.23910411622276 0.223970944309927 0.225181598062954 0.23910411622276 0.261501210653753 0.272397094430993 0.234866828087167 0.226997578692494 0.285108958837772 0.273607748184019 0.291162227602906 0.223970944309927 0.273607748184019
"chrPic" 0.291767554479419 0.256658595641647 0.24818401937046 0.23910411622276 0 0.216101694915254 0.213680387409201 0.23910411622276 0.266949152542373 0.277239709443099 0.222154963680387 0.199757869249395 0.288135593220339 0.2681598062954 0.284503631961259 0.216101694915254 0.271791767554479
"cuoAmb" 0.128329297820823 0.197336561743341 0.0599273607748184 0.223970944309927 0.216101694915254 0 0.0145278450363196 0.0490314769975787 0.087772397094431 0.237893462469734 0.0278450363196126 0.0338983050847458 0.245157384987893 0.234261501210654 0.11682808716707 0.0272397094430993 0.103510895883777
"cuoMcc" 0.12772397094431 0.197336561743341 0.061138014527845 0.225181598062954 0.213680387409201 0.0145278450363196 0 0.0502421307506053 0.087772397094431 0.241525423728814 0.0278450363196126 0.0296610169491525 0.245157384987893 0.236077481840194 0.11501210653753 0.0272397094430993 0.101694915254237
"derCor" 0.123486682808717 0.223970944309927 0.0520581113801453 0.23910411622276 0.23910411622276 0.0490314769975787 0.0502421307506053 0 0.085956416464891 0.25363196125908 0.061138014527845 0.0569007263922518 0.259685230024213 0.250605326876513 0.111985472154964 0.0466101694915254 0.0998789346246973
"derMaw" 0.12046004842615 0.254842615012107 0.0623486682808717 0.261501210653753 0.266949152542373 0.087772397094431 0.087772397094431 0.085956416464891 0 0.276634382566586 0.0920096852300242 0.0901937046004843 0.283898305084746 0.279661016949153 0.12409200968523 0.0792978208232445 0.128329297820823
"emySub" 0.298426150121065 0.278450363196126 0.261501210653753 0.272397094430993 0.277239709443099 0.237893462469734 0.241525423728814 0.25363196125908 0.276634382566586 0 0.245157384987893 0.2409200968523 0.24273607748184 0.261501210653753 0.286319612590799 0.239709443099274 0.25726392251816
"gopAga" 0.134382566585956 0.201573849878935 0.0684019370460048 0.234866828087167 0.222154963680387 0.0278450363196126 0.0278450363196126 0.061138014527845 0.0920096852300242 0.245157384987893 0 0.0405569007263923 0.24636803874092 0.2409200968523 0.119854721549637 0.036319612590799 0.105326876513317
"malTer" 0.12953995157385 0.207627118644068 0.0671912832929782 0.226997578692494 0.199757869249395 0.0338983050847458 0.0296610169491525 0.0569007263922518 0.0901937046004843 0.2409200968523 0.0405569007263923 0 0.247578692493947 0.236077481840194 0.11501210653753 0.0284503631961259 0.105326876513317
"mesTub" 0.297820823244552 0.270581113801453 0.26634382566586 0.285108958837772 0.288135593220339 0.245157384987893 0.245157384987893 0.259685230024213 0.283898305084746 0.24273607748184 0.24636803874092 0.247578692493947 0 0.277845036319613 0.295399515738499 0.24455205811138 0.26452784503632
"pelCas" 0.299031476997579 0.269370460048426 0.25544794188862 0.273607748184019 0.2681598062954 0.234261501210654 0.236077481840194 0.250605326876513 0.279661016949153 0.261501210653753 0.2409200968523 0.236077481840194 0.277845036319613 0 0.289951573849879 0.237893462469734 0.24273607748184
"pelSin" 0.12772397094431 0.277845036319613 0.11682808716707 0.291162227602906 0.284503631961259 0.11682808716707 0.11501210653753 0.111985472154964 0.12409200968523 0.286319612590799 0.119854721549637 0.11501210653753 0.295399515738499 0.289951573849879 0 0.111985472154964 0.141646489104116
"plaMeg" 0.12409200968523 0.204600484261501 0.0569007263922518 0.223970944309927 0.216101694915254 0.0272397094430993 0.0272397094430993 0.0466101694915254 0.0792978208232445 0.239709443099274 0.036319612590799 0.0284503631961259 0.24455205811138 0.237893462469734 0.111985472154964 0 0.102905569007264
"podExp" 0.154358353510896 0.254842615012107 0.114406779661017 0.273607748184019 0.271791767554479 0.103510895883777 0.101694915254237 0.0998789346246973 0.128329297820823 0.25726392251816 0.105326876513317 0.105326876513317 0.26452784503632 0.24273607748184 0.141646489104116 0.102905569007264 0
