"carIns" "cheMyd" "cheSer" "chrPic" "cuoAmb" "cuoMcc" "derCor" "derMaw" "emySub" "gopAga" "malTer" "mesTub" "pelCas" "pelSin" "plaMeg" "podExp"
"carIns" 0 0.11371237458194 0.0652173913043478 0.0657748049052397 0.0652173913043478 0.0652173913043478 0.0702341137123746 0.0707915273132664 0.0819397993311037 0.183389074693423 0.0752508361204013 0.0891861761426979 0.162207357859532 0.0758082497212932 0.0618729096989967 0.0981047937569677
"cheMyd" 0.11371237458194 0 0.0769230769230769 0.0774804905239688 0.08082497212932 0.0797101449275362 0.0746934225195095 0.084726867335563 0.102006688963211 0.196209587513935 0.0880713489409142 0.112597547380156 0.196209587513935 0.109253065774805 0.0763656633221851 0.123188405797101
"cheSer" 0.0652173913043478 0.0769230769230769 0 0.028428093645485 0.028428093645485 0.0301003344481605 0.0306577480490524 0.0334448160535117 0.0574136008918618 0.15273132664437 0.0367892976588629 0.0668896321070234 0.150501672240803 0.0629877369007804 0.0234113712374582 0.0763656633221851
"chrPic" 0.0657748049052397 0.0774804905239688 0.028428093645485 0 0.0211817168338907 0.020066889632107 0.032329988851728 0.0373467112597547 0.0574136008918618 0.148829431438127 0.0133779264214047 0.0707915273132664 0.149386845039019 0.0607580824972129 0.0178372352285396 0.0791527313266444
"cuoAmb" 0.0652173913043478 0.08082497212932 0.028428093645485 0.0211817168338907 0 0.00668896321070234 0.0345596432552954 0.0384615384615385 0.056298773690078 0.145484949832776 0.0312151616499443 0.068561872909699 0.147157190635452 0.0613154960981048 0.0178372352285396 0.0791527313266444
"cuoMcc" 0.0652173913043478 0.0797101449275362 0.0301003344481605 0.020066889632107 0.00668896321070234 0 0.0351170568561873 0.0384615384615385 0.0568561872909699 0.14659977703456 0.0312151616499443 0.0702341137123746 0.147714604236343 0.0624303232998885 0.0183946488294314 0.0791527313266444
"derCor" 0.0702341137123746 0.0746934225195095 0.0306577480490524 0.032329988851728 0.0345596432552954 0.0351170568561873 0 0.040133779264214 0.0641025641025641 0.158305462653289 0.0418060200668896 0.0746934225195095 0.155518394648829 0.0680044593088071 0.0317725752508361 0.084726867335563
"derMaw" 0.0707915273132664 0.084726867335563 0.0334448160535117 0.0373467112597547 0.0384615384615385 0.0384615384615385 0.040133779264214 0 0.0607580824972129 0.164994425863991 0.0479375696767001 0.0746934225195095 0.153288740245262 0.0696767001114827 0.0340022296544036 0.08082497212932
"emySub" 0.0819397993311037 0.102006688963211 0.0574136008918618 0.0574136008918618 0.056298773690078 0.0568561872909699 0.0641025641025641 0.0607580824972129 0 0.171125975473802 0.0668896321070234 0.036231884057971 0.149386845039019 0.0758082497212932 0.0535117056856187 0.0735785953177258
"gopAga" 0.183389074693423 0.196209587513935 0.15273132664437 0.148829431438127 0.145484949832776 0.14659977703456 0.158305462653289 0.164994425863991 0.171125975473802 0 0.158305462653289 0.183946488294314 0.231326644370123 0.182831661092531 0.147157190635452 0.192307692307692
"malTer" 0.0752508361204013 0.0880713489409142 0.0367892976588629 0.0133779264214047 0.0312151616499443 0.0312151616499443 0.0418060200668896 0.0479375696767001 0.0668896321070234 0.158305462653289 0 0.0758082497212932 0.159977703455964 0.0702341137123746 0.0273132664437012 0.0897435897435897
"mesTub" 0.0891861761426979 0.112597547380156 0.0668896321070234 0.0707915273132664 0.068561872909699 0.0702341137123746 0.0746934225195095 0.0746934225195095 0.036231884057971 0.183946488294314 0.0758082497212932 0 0.156633221850613 0.0891861761426979 0.0657748049052397 0.0836120401337793
"pelCas" 0.162207357859532 0.196209587513935 0.150501672240803 0.149386845039019 0.147157190635452 0.147714604236343 0.155518394648829 0.153288740245262 0.149386845039019 0.231326644370123 0.159977703455964 0.156633221850613 0 0.16778149386845 0.146042363433668 0.144927536231884
"pelSin" 0.0758082497212932 0.109253065774805 0.0629877369007804 0.0607580824972129 0.0613154960981048 0.0624303232998885 0.0680044593088071 0.0696767001114827 0.0758082497212932 0.182831661092531 0.0702341137123746 0.0891861761426979 0.16778149386845 0 0.0568561872909699 0.0953177257525084
"plaMeg" 0.0618729096989967 0.0763656633221851 0.0234113712374582 0.0178372352285396 0.0178372352285396 0.0183946488294314 0.0317725752508361 0.0340022296544036 0.0535117056856187 0.147157190635452 0.0273132664437012 0.0657748049052397 0.146042363433668 0.0568561872909699 0 0.0746934225195095
"podExp" 0.0981047937569677 0.123188405797101 0.0763656633221851 0.0791527313266444 0.0791527313266444 0.0791527313266444 0.084726867335563 0.08082497212932 0.0735785953177258 0.192307692307692 0.0897435897435897 0.0836120401337793 0.144927536231884 0.0953177257525084 0.0746934225195095 0
