"carIns" "cheAbi" "cheMyd" "chrPic" "cuoMcc" "derCor" "derMaw" "emySub" "gopAga" "mesTub" "pelCas" "pelSin" "plaMeg" "terMex"
"carIns" 0 0.182022471910112 0.174531835205992 0.17752808988764 0.173033707865169 0.173033707865169 0.18501872659176 0.0651685393258427 0.0689138576779026 0.0666666666666667 0.0876404494382022 0.128089887640449 0.167041198501873 0.168539325842697
"cheAbi" 0.182022471910112 0 0.184269662921348 0.167041198501873 0.164794007490637 0.167790262172285 0.176779026217228 0.155805243445693 0.139325842696629 0.158801498127341 0.168539325842697 0.233707865168539 0.166292134831461 0.168539325842697
"cheMyd" 0.174531835205992 0.184269662921348 0 0.164794007490637 0.167041198501873 0.146816479400749 0.170786516853933 0.156554307116105 0.150561797752809 0.155805243445693 0.166292134831461 0.231460674157303 0.158052434456929 0.146067415730337
"chrPic" 0.17752808988764 0.167041198501873 0.164794007490637 0 0.167041198501873 0.158801498127341 0.160299625468165 0.155805243445693 0.146067415730337 0.154307116104869 0.168539325842697 0.234456928838951 0.143820224719101 0.143820224719101
"cuoMcc" 0.173033707865169 0.164794007490637 0.167041198501873 0.167041198501873 0 0.171535580524345 0.17752808988764 0.152808988764045 0.141573033707865 0.152059925093633 0.158052434456929 0.225468164794007 0.170786516853933 0.156554307116105
"derCor" 0.173033707865169 0.167790262172285 0.146816479400749 0.158801498127341 0.171535580524345 0 0.169288389513109 0.152059925093633 0.144569288389513 0.150561797752809 0.166292134831461 0.231460674157303 0.170037453183521 0.160299625468165
"derMaw" 0.18501872659176 0.176779026217228 0.170786516853933 0.160299625468165 0.17752808988764 0.169288389513109 0 0.156554307116105 0.152808988764045 0.155056179775281 0.165543071161049 0.230711610486891 0.170786516853933 0.164794007490637
"emySub" 0.0651685393258427 0.155805243445693 0.156554307116105 0.155805243445693 0.152808988764045 0.152059925093633 0.156554307116105 0 0.0449438202247191 0.0224719101123595 0.0569288389513109 0.118352059925094 0.140823970037453 0.146816479400749
"gopAga" 0.0689138576779026 0.139325842696629 0.150561797752809 0.146067415730337 0.141573033707865 0.144569288389513 0.152808988764045 0.0449438202247191 0 0.0464419475655431 0.0659176029962547 0.12059925093633 0.136329588014981 0.139325842696629
"mesTub" 0.0666666666666667 0.158801498127341 0.155805243445693 0.154307116104869 0.152059925093633 0.150561797752809 0.155056179775281 0.0224719101123595 0.0464419475655431 0 0.0599250936329588 0.11685393258427 0.143820224719101 0.149063670411985
"pelCas" 0.0876404494382022 0.168539325842697 0.166292134831461 0.168539325842697 0.158052434456929 0.166292134831461 0.165543071161049 0.0569288389513109 0.0659176029962547 0.0599250936329588 0 0.135580524344569 0.158052434456929 0.159550561797753
"pelSin" 0.128089887640449 0.233707865168539 0.231460674157303 0.234456928838951 0.225468164794007 0.231460674157303 0.230711610486891 0.118352059925094 0.12059925093633 0.11685393258427 0.135580524344569 0 0.220224719101124 0.226217228464419
"plaMeg" 0.167041198501873 0.166292134831461 0.158052434456929 0.143820224719101 0.170786516853933 0.170037453183521 0.170786516853933 0.140823970037453 0.136329588014981 0.143820224719101 0.158052434456929 0.220224719101124 0 0.147565543071161
"terMex" 0.168539325842697 0.168539325842697 0.146067415730337 0.143820224719101 0.156554307116105 0.160299625468165 0.164794007490637 0.146816479400749 0.139325842696629 0.149063670411985 0.159550561797753 0.226217228464419 0.147565543071161 0
