"carIns" "cheAbi" "cheMyd" "cheSer" "chrPic" "cuoAmb" "cuoMcc" "derCor" "derMaw" "emySub" "gopAga" "malTer" "mesTub" "pelCas" "pelSin" "plaMeg" "podExp" "terMex"
"carIns" 0 0.0700564971751412 0.068361581920904 0.0649717514124294 0.0649717514124294 0.0666666666666667 0.068361581920904 0.0706214689265537 0.0677966101694915 0.0785310734463277 0.068361581920904 0.0638418079096045 0.0790960451977401 0.0858757062146893 0.0655367231638418 0.0672316384180791 0.0870056497175141 0.0638418079096045
"cheAbi" 0.0700564971751412 0 0.0338983050847458 0.0305084745762712 0.023728813559322 0.0225988700564972 0.0231638418079096 0.0418079096045198 0.0389830508474576 0.0531073446327684 0.015819209039548 0.0231638418079096 0.0587570621468927 0.0615819209039548 0.0666666666666667 0.0225988700564972 0.0717514124293785 0.0248587570621469
"cheMyd" 0.068361581920904 0.0338983050847458 0 0.0214689265536723 0.0259887005649717 0.0310734463276836 0.0305084745762712 0.0135593220338983 0.0288135593220339 0.0451977401129944 0.0327683615819209 0.0242937853107345 0.0502824858757062 0.0548022598870056 0.0581920903954802 0.0265536723163842 0.0621468926553672 0.0259887005649717
"cheSer" 0.0649717514124294 0.0305084745762712 0.0214689265536723 0 0.0225988700564972 0.0299435028248588 0.0305084745762712 0.0271186440677966 0.0254237288135593 0.0468926553672316 0.0293785310734463 0.0220338983050847 0.0514124293785311 0.0559322033898305 0.0581920903954802 0.0225988700564972 0.0632768361581921 0.023728813559322
"chrPic" 0.0649717514124294 0.023728813559322 0.0259887005649717 0.0225988700564972 0 0.0203389830508475 0.019774011299435 0.0327683615819209 0.0310734463276836 0.0446327683615819 0.0192090395480226 0.00395480225988701 0.0514124293785311 0.0525423728813559 0.06045197740113 0.0135593220338983 0.0638418079096045 0.00677966101694915
"cuoAmb" 0.0666666666666667 0.0225988700564972 0.0310734463276836 0.0299435028248588 0.0203389830508475 0 0.00395480225988701 0.0389830508474576 0.0338983050847458 0.0502824858757062 0.0192090395480226 0.0209039548022599 0.0559322033898305 0.0587570621468927 0.0615819209039548 0.019774011299435 0.068361581920904 0.0192090395480226
"cuoMcc" 0.068361581920904 0.0231638418079096 0.0305084745762712 0.0305084745762712 0.019774011299435 0.00395480225988701 0 0.0372881355932203 0.035593220338983 0.0497175141242938 0.019774011299435 0.0203389830508475 0.0564971751412429 0.0564971751412429 0.0632768361581921 0.0192090395480226 0.0694915254237288 0.0209039548022599
"derCor" 0.0706214689265537 0.0418079096045198 0.0135593220338983 0.0271186440677966 0.0327683615819209 0.0389830508474576 0.0372881355932203 0 0.035593220338983 0.0514124293785311 0.0372881355932203 0.0310734463276836 0.0581920903954802 0.0598870056497175 0.0627118644067797 0.0333333333333333 0.0655367231638418 0.0327683615819209
"derMaw" 0.0677966101694915 0.0389830508474576 0.0288135593220339 0.0254237288135593 0.0310734463276836 0.0338983050847458 0.035593220338983 0.035593220338983 0 0.0497175141242938 0.035593220338983 0.0305084745762712 0.0542372881355932 0.0615819209039548 0.0610169491525424 0.031638418079096 0.0666666666666667 0.0310734463276836
"emySub" 0.0785310734463277 0.0531073446327684 0.0451977401129944 0.0468926553672316 0.0446327683615819 0.0502824858757062 0.0497175141242938 0.0514124293785311 0.0497175141242938 0 0.0474576271186441 0.0463276836158192 0.031638418079096 0.0485875706214689 0.0706214689265537 0.0468926553672316 0.0610169491525424 0.0451977401129944
"gopAga" 0.068361581920904 0.015819209039548 0.0327683615819209 0.0293785310734463 0.0192090395480226 0.0192090395480226 0.019774011299435 0.0372881355932203 0.035593220338983 0.0474576271186441 0 0.0209039548022599 0.0553672316384181 0.0553672316384181 0.0661016949152542 0.0192090395480226 0.0661016949152542 0.0214689265536723
"malTer" 0.0638418079096045 0.0231638418079096 0.0242937853107345 0.0220338983050847 0.00395480225988701 0.0209039548022599 0.0203389830508475 0.0310734463276836 0.0305084745762712 0.0463276836158192 0.0209039548022599 0 0.0514124293785311 0.0542372881355932 0.0581920903954802 0.0141242937853107 0.064406779661017 0.00734463276836158
"mesTub" 0.0790960451977401 0.0587570621468927 0.0502824858757062 0.0514124293785311 0.0514124293785311 0.0559322033898305 0.0564971751412429 0.0581920903954802 0.0542372881355932 0.031638418079096 0.0553672316384181 0.0514124293785311 0 0.0559322033898305 0.0740112994350283 0.0514124293785311 0.0649717514124294 0.0519774011299435
"pelCas" 0.0858757062146893 0.0615819209039548 0.0548022598870056 0.0559322033898305 0.0525423728813559 0.0587570621468927 0.0564971751412429 0.0598870056497175 0.0615819209039548 0.0485875706214689 0.0553672316384181 0.0542372881355932 0.0559322033898305 0 0.0779661016949153 0.0548022598870056 0.0514124293785311 0.0514124293785311
"pelSin" 0.0655367231638418 0.0666666666666667 0.0581920903954802 0.0581920903954802 0.06045197740113 0.0615819209039548 0.0632768361581921 0.0627118644067797 0.0610169491525424 0.0706214689265537 0.0661016949152542 0.0581920903954802 0.0740112994350283 0.0779661016949153 0 0.0615819209039548 0.0836158192090395 0.0581920903954802
"plaMeg" 0.0672316384180791 0.0225988700564972 0.0265536723163842 0.0225988700564972 0.0135593220338983 0.019774011299435 0.0192090395480226 0.0333333333333333 0.031638418079096 0.0468926553672316 0.0192090395480226 0.0141242937853107 0.0514124293785311 0.0548022598870056 0.0615819209039548 0 0.0666666666666667 0.015819209039548
"podExp" 0.0870056497175141 0.0717514124293785 0.0621468926553672 0.0632768361581921 0.0638418079096045 0.068361581920904 0.0694915254237288 0.0655367231638418 0.0666666666666667 0.0610169491525424 0.0661016949152542 0.064406779661017 0.0649717514124294 0.0514124293785311 0.0836158192090395 0.0666666666666667 0 0.0615819209039548
"terMex" 0.0638418079096045 0.0248587570621469 0.0259887005649717 0.023728813559322 0.00677966101694915 0.0192090395480226 0.0209039548022599 0.0327683615819209 0.0310734463276836 0.0451977401129944 0.0214689265536723 0.00734463276836158 0.0519774011299435 0.0514124293785311 0.0581920903954802 0.015819209039548 0.0615819209039548 0
