"carIns" "cheAbi" "cheMyd" "cheSer" "chrPic" "cuoAmb" "cuoMcc" "derCor" "derMaw" "emySub" "gopAga" "malTer" "mesTub" "pelCas" "plaMeg" "podExp" "terMex"
"carIns" 0 0.115682766845558 0.120453190220632 0.132379248658318 0.146094215861658 0.129397734048897 0.110912343470483 0.19200954084675 0.140131186642815 0.15324985092427 0.118664281454979 0.175909361955874 0.142516398330352 0.15324985092427 0.12701252236136 0.163983303518187 0.109719737626714
"cheAbi" 0.115682766845558 0 0.0566487775790101 0.0673822301729279 0.0763267740011926 0.0435301132975552 0.0238521168753727 0.130590339892665 0.0876565295169946 0.107930828861061 0.0298151460942159 0.104353011329756 0.112104949314252 0.131782945736434 0.0548598688133572 0.135957066189624 0.0292188431723315
"cheMyd" 0.120453190220632 0.0566487775790101 0 0.0572450805008945 0.0894454382826476 0.0721526535480024 0.0536672629695885 0.105545617173524 0.0906380441264162 0.0894454382826476 0.0578413834227788 0.116875372689326 0.109719737626714 0.121049493142516 0.0477042337507454 0.140131186642815 0.0459153249850924
"cheSer" 0.132379248658318 0.0673822301729279 0.0572450805008945 0 0.0948121645796064 0.0614192009540847 0.0649970184853906 0.119260584376863 0.0793082886106142 0.110912343470483 0.0679785330948122 0.112104949314252 0.121645796064401 0.138938580799046 0.0655933214072749 0.152057245080501 0.0542635658914729
"chrPic" 0.146094215861658 0.0763267740011926 0.0894454382826476 0.0948121645796064 0 0.0942158616577221 0.0727489564698867 0.163983303518187 0.115086463923673 0.13536076326774 0.0739415623136553 0.11747167561121 0.137149672033393 0.153846153846154 0.084675014907573 0.159212880143113 0.0584376863446631
"cuoAmb" 0.129397734048897 0.0435301132975552 0.0721526535480024 0.0614192009540847 0.0942158616577221 0 0.024448419797257 0.131782945736434 0.0781156827668456 0.119260584376863 0.0500894454382826 0.102564102564103 0.115682766845558 0.14370900417412 0.0721526535480024 0.148479427549195 0.0483005366726297
"cuoMcc" 0.110912343470483 0.0238521168753727 0.0536672629695885 0.0649970184853906 0.0727489564698867 0.024448419797257 0 0.126416219439475 0.0828861061419201 0.101371496720334 0.0292188431723315 0.10077519379845 0.101967799642218 0.122838401908169 0.0518783542039356 0.128801431127013 0.0274299344066786
"derCor" 0.19200954084675 0.130590339892665 0.105545617173524 0.119260584376863 0.163983303518187 0.131782945736434 0.126416219439475 0 0.148479427549195 0.143112701252236 0.129397734048897 0.140727489564699 0.178890876565295 0.178294573643411 0.104353011329756 0.211687537268933 0.121049493142516
"derMaw" 0.140131186642815 0.0876565295169946 0.0906380441264162 0.0793082886106142 0.115086463923673 0.0781156827668456 0.0828861061419201 0.148479427549195 0 0.137149672033393 0.088252832438879 0.12701252236136 0.127608825283244 0.152057245080501 0.0989862850327967 0.158020274299344 0.0799045915324985
"emySub" 0.15324985092427 0.107930828861061 0.0894454382826476 0.110912343470483 0.13536076326774 0.119260584376863 0.101371496720334 0.143112701252236 0.137149672033393 0 0.107334525939177 0.159809183064997 0.0757304710793083 0.102564102564103 0.0763267740011926 0.131782945736434 0.0960047704233751
"gopAga" 0.118664281454979 0.0298151460942159 0.0578413834227788 0.0679785330948122 0.0739415623136553 0.0500894454382826 0.0292188431723315 0.129397734048897 0.088252832438879 0.107334525939177 0 0.107930828861061 0.115682766845558 0.128205128205128 0.0536672629695885 0.137745974955277 0.0351818723911747
"malTer" 0.175909361955874 0.104353011329756 0.116875372689326 0.112104949314252 0.11747167561121 0.102564102564103 0.10077519379845 0.140727489564699 0.12701252236136 0.159809183064997 0.107930828861061 0 0.160405485986881 0.180679785330948 0.113893858079905 0.186046511627907 0.086463923673226
"mesTub" 0.142516398330352 0.112104949314252 0.109719737626714 0.121645796064401 0.137149672033393 0.115682766845558 0.101967799642218 0.178890876565295 0.127608825283244 0.0757304710793083 0.115682766845558 0.160405485986881 0 0.11747167561121 0.120453190220632 0.118664281454979 0.101967799642218
"pelCas" 0.15324985092427 0.131782945736434 0.121049493142516 0.138938580799046 0.153846153846154 0.14370900417412 0.122838401908169 0.178294573643411 0.152057245080501 0.102564102564103 0.128205128205128 0.180679785330948 0.11747167561121 0 0.119856887298748 0.110316040548599 0.119260584376863
"plaMeg" 0.12701252236136 0.0548598688133572 0.0477042337507454 0.0655933214072749 0.084675014907573 0.0721526535480024 0.0518783542039356 0.104353011329756 0.0989862850327967 0.0763267740011926 0.0536672629695885 0.113893858079905 0.120453190220632 0.119856887298748 0 0.146690518783542 0.0411449016100179
"podExp" 0.163983303518187 0.135957066189624 0.140131186642815 0.152057245080501 0.159212880143113 0.148479427549195 0.128801431127013 0.211687537268933 0.158020274299344 0.131782945736434 0.137745974955277 0.186046511627907 0.118664281454979 0.110316040548599 0.146690518783542 0 0.12701252236136
"terMex" 0.109719737626714 0.0292188431723315 0.0459153249850924 0.0542635658914729 0.0584376863446631 0.0483005366726297 0.0274299344066786 0.121049493142516 0.0799045915324985 0.0960047704233751 0.0351818723911747 0.086463923673226 0.101967799642218 0.119260584376863 0.0411449016100179 0.12701252236136 0
