"carIns" "cheAbi" "cheMyd" "cheSer" "chrPic" "cuoAmb" "cuoMcc" "derCor" "derMaw" "emySub" "gopAga" "malTer" "mesTub" "pelCas" "plaMeg" "podExp" "terMex"
"carIns" 0 0.133333333333333 0.213592233009709 0.130097087378641 0.122330097087379 0.123624595469256 0.123624595469256 0.153398058252427 0.131391585760518 0.161165048543689 0.139805825242718 0.122977346278317 0.153398058252427 0.174757281553398 0.114563106796117 0.167637540453074 0.119741100323625
"cheAbi" 0.133333333333333 0 0.15210355987055 0.0653721682847896 0.0491909385113269 0.0401294498381877 0.0401294498381877 0.0906148867313916 0.0705501618122977 0.12168284789644 0.0466019417475728 0.0478964401294498 0.115857605177994 0.131391585760518 0.0459546925566343 0.132038834951456 0.0459546925566343
"cheMyd" 0.213592233009709 0.15210355987055 0 0.139805825242718 0.14368932038835 0.144336569579288 0.144336569579288 0.112621359223301 0.152750809061489 0.198058252427184 0.157281553398058 0.137864077669903 0.19546925566343 0.203236245954693 0.133980582524272 0.207766990291262 0.135922330097087
"cheSer" 0.130097087378641 0.0653721682847896 0.139805825242718 0 0.0420711974110032 0.0530744336569579 0.0511326860841424 0.0757281553398058 0.0614886731391586 0.110679611650485 0.0692556634304207 0.0446601941747573 0.110032362459547 0.125566343042071 0.0427184466019417 0.126860841423948 0.0466019417475728
"chrPic" 0.122330097087379 0.0491909385113269 0.14368932038835 0.0420711974110032 0 0.0375404530744337 0.0368932038834951 0.0744336569579288 0.058252427184466 0.102912621359223 0.0511326860841424 0.0168284789644013 0.103559870550162 0.122330097087379 0.0284789644012945 0.120388349514563 0.0239482200647249
"cuoAmb" 0.123624595469256 0.0401294498381877 0.144336569579288 0.0530744336569579 0.0375404530744337 0 0.0135922330097087 0.0802588996763754 0.0608414239482201 0.114563106796117 0.0517799352750809 0.0349514563106796 0.10873786407767 0.130097087378641 0.0310679611650485 0.128155339805825 0.0343042071197411
"cuoMcc" 0.123624595469256 0.0401294498381877 0.144336569579288 0.0511326860841424 0.0368932038834951 0.0135922330097087 0 0.0809061488673139 0.0614886731391586 0.113268608414239 0.0504854368932039 0.0355987055016181 0.110032362459547 0.130097087378641 0.031715210355987 0.12621359223301 0.0336569579288026
"derCor" 0.153398058252427 0.0906148867313916 0.112621359223301 0.0757281553398058 0.0744336569579288 0.0802588996763754 0.0809061488673139 0 0.084789644012945 0.132686084142395 0.0951456310679612 0.0724919093851133 0.135922330097087 0.150809061488673 0.0699029126213592 0.145631067961165 0.0731391585760518
"derMaw" 0.131391585760518 0.0705501618122977 0.152750809061489 0.0614886731391586 0.058252427184466 0.0608414239482201 0.0614886731391586 0.084789644012945 0 0.112621359223301 0.0757281553398058 0.059546925566343 0.117799352750809 0.138511326860841 0.0537216828478964 0.135275080906149 0.0576051779935275
"emySub" 0.161165048543689 0.12168284789644 0.198058252427184 0.110679611650485 0.102912621359223 0.114563106796117 0.113268608414239 0.132686084142395 0.112621359223301 0 0.124271844660194 0.108090614886731 0.0673139158576052 0.118446601941748 0.105501618122977 0.121035598705502 0.104854368932039
"gopAga" 0.139805825242718 0.0466019417475728 0.157281553398058 0.0692556634304207 0.0511326860841424 0.0517799352750809 0.0504854368932039 0.0951456310679612 0.0757281553398058 0.124271844660194 0 0.055663430420712 0.124919093851133 0.140453074433657 0.0524271844660194 0.13462783171521 0.0550161812297735
"malTer" 0.122977346278317 0.0478964401294498 0.137864077669903 0.0446601941747573 0.0168284789644013 0.0349514563106796 0.0355987055016181 0.0724919093851133 0.059546925566343 0.108090614886731 0.055663430420712 0 0.106148867313916 0.122977346278317 0.0258899676375405 0.119093851132686 0.0239482200647249
"mesTub" 0.153398058252427 0.115857605177994 0.19546925566343 0.110032362459547 0.103559870550162 0.10873786407767 0.110032362459547 0.135922330097087 0.117799352750809 0.0673139158576052 0.124919093851133 0.106148867313916 0 0.122330097087379 0.100970873786408 0.12621359223301 0.0996763754045307
"pelCas" 0.174757281553398 0.131391585760518 0.203236245954693 0.125566343042071 0.122330097087379 0.130097087378641 0.130097087378641 0.150809061488673 0.138511326860841 0.118446601941748 0.140453074433657 0.122977346278317 0.122330097087379 0 0.122977346278317 0.0906148867313916 0.118446601941748
"plaMeg" 0.114563106796117 0.0459546925566343 0.133980582524272 0.0427184466019417 0.0284789644012945 0.0310679611650485 0.031715210355987 0.0699029126213592 0.0537216828478964 0.105501618122977 0.0524271844660194 0.0258899676375405 0.100970873786408 0.122977346278317 0 0.119093851132686 0.0252427184466019
"podExp" 0.167637540453074 0.132038834951456 0.207766990291262 0.126860841423948 0.120388349514563 0.128155339805825 0.12621359223301 0.145631067961165 0.135275080906149 0.121035598705502 0.13462783171521 0.119093851132686 0.12621359223301 0.0906148867313916 0.119093851132686 0 0.119093851132686
"terMex" 0.119741100323625 0.0459546925566343 0.135922330097087 0.0466019417475728 0.0239482200647249 0.0343042071197411 0.0336569579288026 0.0731391585760518 0.0576051779935275 0.104854368932039 0.0550161812297735 0.0239482200647249 0.0996763754045307 0.118446601941748 0.0252427184466019 0.119093851132686 0
