"carIns" "cheAbi" "cheMyd" "cheSer" "chrPic" "cuoAmb" "cuoMcc" "derCor" "derMaw" "emySub" "gopAga" "malTer" "mesTub" "pelCas" "pelSin" "plaMeg" "podExp" "terMex"
"carIns" 0 0.0738916256157636 0.0749863163656267 0.077175697865353 0.070607553366174 0.0755336617405583 0.0738916256157636 0.0766283524904215 0.073344280240832 0.0810071154898741 0.077175697865353 0.0717022441160372 0.0821018062397373 0.0957854406130268 0.0782703886152162 0.0662287903667214 0.0941434044882321 0.0727969348659004
"cheAbi" 0.0738916256157636 0 0.0333880678708265 0.0290093048713738 0.0180623973727422 0.0142309797482211 0.0158730158730159 0.0383141762452107 0.0322933771209633 0.0519978106185003 0.0147783251231527 0.0197044334975369 0.0558292282430213 0.0640394088669951 0.0717022441160372 0.016967706622879 0.0760810071154899 0.0202517788724685
"cheMyd" 0.0749863163656267 0.0333880678708265 0 0.0311986863711002 0.0257252326217843 0.0311986863711002 0.0317460317460317 0.0246305418719212 0.0350301039956212 0.0547345374931582 0.0361247947454844 0.0290093048713738 0.0580186097427477 0.0662287903667214 0.073344280240832 0.0262725779967159 0.0755336617405583 0.0268199233716475
"cheSer" 0.077175697865353 0.0290093048713738 0.0311986863711002 0 0.0246305418719212 0.0290093048713738 0.0295566502463054 0.0339354132457581 0.0311986863711002 0.0547345374931582 0.0317460317460317 0.0279146141215107 0.0574712643678161 0.0623973727422003 0.0717022441160372 0.0251778872468528 0.0711548987411056 0.0251778872468528
"chrPic" 0.070607553366174 0.0180623973727422 0.0257252326217843 0.0246305418719212 0 0.016967706622879 0.0175150519978106 0.0311986863711002 0.0295566502463054 0.0492610837438424 0.0197044334975369 0.00547345374931582 0.0519978106185003 0.0596606458675424 0.0678708264915161 0.0120415982484948 0.0722495894909688 0.00656814449917898
"cuoAmb" 0.0755336617405583 0.0142309797482211 0.0311986863711002 0.0290093048713738 0.016967706622879 0 0.00492610837438424 0.0383141762452107 0.0317460317460317 0.0519978106185003 0.0158730158730159 0.0191570881226054 0.0563765736179529 0.0629447181171319 0.0700602079912425 0.016967706622879 0.0760810071154899 0.0191570881226054
"cuoMcc" 0.0738916256157636 0.0158730158730159 0.0317460317460317 0.0295566502463054 0.0175150519978106 0.00492610837438424 0 0.0377668308702791 0.0333880678708265 0.0519978106185003 0.0175150519978106 0.0197044334975369 0.0563765736179529 0.0623973727422003 0.0695128626163109 0.0175150519978106 0.0744389709906951 0.0197044334975369
"derCor" 0.0766283524904215 0.0383141762452107 0.0246305418719212 0.0339354132457581 0.0311986863711002 0.0383141762452107 0.0377668308702791 0 0.040503557744937 0.0547345374931582 0.0388615216201423 0.0328407224958949 0.0591133004926108 0.0662287903667214 0.0727969348659004 0.0311986863711002 0.0727969348659004 0.0322933771209633
"derMaw" 0.073344280240832 0.0322933771209633 0.0350301039956212 0.0311986863711002 0.0295566502463054 0.0317460317460317 0.0333880678708265 0.040503557744937 0 0.0552818828680898 0.0339354132457581 0.0317460317460317 0.060207991242474 0.0678708264915161 0.0777230432402846 0.0295566502463054 0.0782703886152162 0.0311986863711002
"emySub" 0.0810071154898741 0.0519978106185003 0.0547345374931582 0.0547345374931582 0.0492610837438424 0.0519978106185003 0.0519978106185003 0.0547345374931582 0.0552818828680898 0 0.0519978106185003 0.0498084291187739 0.0257252326217843 0.053639846743295 0.0793650793650794 0.0481663929939792 0.0596606458675424 0.0519978106185003
"gopAga" 0.077175697865353 0.0147783251231527 0.0361247947454844 0.0317460317460317 0.0197044334975369 0.0158730158730159 0.0175150519978106 0.0388615216201423 0.0339354132457581 0.0519978106185003 0 0.0191570881226054 0.0574712643678161 0.0656814449917898 0.0727969348659004 0.0207991242474001 0.0749863163656267 0.0218938149972633
"malTer" 0.0717022441160372 0.0197044334975369 0.0290093048713738 0.0279146141215107 0.00547345374931582 0.0191570881226054 0.0197044334975369 0.0328407224958949 0.0317460317460317 0.0498084291187739 0.0191570881226054 0 0.053639846743295 0.0607553366174056 0.0684181718664477 0.0147783251231527 0.0717022441160372 0.00985221674876847
"mesTub" 0.0821018062397373 0.0558292282430213 0.0580186097427477 0.0574712643678161 0.0519978106185003 0.0563765736179529 0.0563765736179529 0.0591133004926108 0.060207991242474 0.0257252326217843 0.0574712643678161 0.053639846743295 0 0.0580186097427477 0.0826491516146689 0.0530925013683634 0.0662287903667214 0.0552818828680898
"pelCas" 0.0957854406130268 0.0640394088669951 0.0662287903667214 0.0623973727422003 0.0596606458675424 0.0629447181171319 0.0623973727422003 0.0662287903667214 0.0678708264915161 0.053639846743295 0.0656814449917898 0.0607553366174056 0.0580186097427477 0 0.0897646414887794 0.0596606458675424 0.0519978106185003 0.0607553366174056
"pelSin" 0.0782703886152162 0.0717022441160372 0.073344280240832 0.0717022441160372 0.0678708264915161 0.0700602079912425 0.0695128626163109 0.0727969348659004 0.0777230432402846 0.0793650793650794 0.0727969348659004 0.0684181718664477 0.0826491516146689 0.0897646414887794 0 0.0656814449917898 0.0941434044882321 0.0684181718664477
"plaMeg" 0.0662287903667214 0.016967706622879 0.0262725779967159 0.0251778872468528 0.0120415982484948 0.016967706622879 0.0175150519978106 0.0311986863711002 0.0295566502463054 0.0481663929939792 0.0207991242474001 0.0147783251231527 0.0530925013683634 0.0596606458675424 0.0656814449917898 0 0.073344280240832 0.0153256704980843
"podExp" 0.0941434044882321 0.0760810071154899 0.0755336617405583 0.0711548987411056 0.0722495894909688 0.0760810071154899 0.0744389709906951 0.0727969348659004 0.0782703886152162 0.0596606458675424 0.0749863163656267 0.0717022441160372 0.0662287903667214 0.0519978106185003 0.0941434044882321 0.073344280240832 0 0.073344280240832
"terMex" 0.0727969348659004 0.0202517788724685 0.0268199233716475 0.0251778872468528 0.00656814449917898 0.0191570881226054 0.0197044334975369 0.0322933771209633 0.0311986863711002 0.0519978106185003 0.0218938149972633 0.00985221674876847 0.0552818828680898 0.0607553366174056 0.0684181718664477 0.0153256704980843 0.073344280240832 0
