"carIns" "cheAbi" "cheMyd" "cheSer" "chrPic" "cuoMcc" "derCor" "derMaw" "emySub" "gopAga" "malTer" "mesTub" "pelCas" "pelSin" "plaMeg" "podExp"
"carIns" 0 0.117016089712335 0.108727450024378 0.114578254509995 0.111652852267187 0.110190151145783 0.499756216479766 0.112140419307655 0.123842028278888 0.120429058995612 0.114090687469527 0.129205265724037 0.140419307654803 0.108727450024378 0.109702584105314 0.138956606533398
"cheAbi" 0.117016089712335 0 0.0585080448561677 0.0648464163822526 0.0492442710872745 0.0351048269137006 0.504144319843979 0.0663091175036568 0.106289614822038 0.0341296928327645 0.0507069722086787 0.107264748902974 0.125304729400293 0.113115553388591 0.0448561677230619 0.118966357874208
"cheMyd" 0.108727450024378 0.0585080448561677 0 0.052657240370551 0.0443686006825939 0.0472940029254022 0.500243783520234 0.0536323744514871 0.0882496343247196 0.0589956118966358 0.0448561677230619 0.0955631399317406 0.113603120429059 0.0999512432959532 0.0419307654802535 0.106289614822038
"cheSer" 0.114578254509995 0.0648464163822526 0.052657240370551 0 0.0521696733300829 0.0497318381277426 0.500243783520234 0.0585080448561677 0.0950755728912726 0.0628961482203803 0.0536323744514871 0.0936128717698684 0.122379327157484 0.111165285226719 0.0468064358849342 0.111165285226719
"chrPic" 0.111652852267187 0.0492442710872745 0.0443686006825939 0.0521696733300829 0 0.0312042905899561 0.498293515358362 0.0555826426133593 0.0931253047294003 0.0492442710872745 0.00731350560702097 0.0965382740126767 0.11847879083374 0.105314480741102 0.0292540224280839 0.10823988298391
"cuoMcc" 0.110190151145783 0.0351048269137006 0.0472940029254022 0.0497318381277426 0.0312042905899561 0 0.502681618722574 0.052657240370551 0.0945880058508045 0.0370550950755729 0.0326669917113603 0.0955631399317406 0.120429058995612 0.106289614822038 0.03022915650902 0.111652852267187
"derCor" 0.499756216479766 0.504144319843979 0.500243783520234 0.500243783520234 0.498293515358362 0.502681618722574 0 0.506582155046319 0.496830814236958 0.506094588005851 0.49878108239883 0.497805948317894 0.507069722086787 0.508532423208191 0.500243783520234 0.511457825451
"derMaw" 0.112140419307655 0.0663091175036568 0.0536323744514871 0.0585080448561677 0.0555826426133593 0.052657240370551 0.506582155046319 0 0.0994636762554851 0.0658215504631887 0.0580204778156997 0.101413944417357 0.120429058995612 0.106289614822038 0.0511945392491468 0.117503656752804
"emySub" 0.123842028278888 0.106289614822038 0.0882496343247196 0.0950755728912726 0.0931253047294003 0.0945880058508045 0.496830814236958 0.0994636762554851 0 0.104826913700634 0.0941004388103364 0.053144807411019 0.0901999024865919 0.113115553388591 0.0916626036079961 0.083373963920039
"gopAga" 0.120429058995612 0.0341296928327645 0.0589956118966358 0.0628961482203803 0.0492442710872745 0.0370550950755729 0.506094588005851 0.0658215504631887 0.104826913700634 0 0.0492442710872745 0.107752315943442 0.131643100926377 0.114090687469527 0.0438810336421258 0.11847879083374
"malTer" 0.114090687469527 0.0507069722086787 0.0448561677230619 0.0536323744514871 0.00731350560702097 0.0326669917113603 0.49878108239883 0.0580204778156997 0.0941004388103364 0.0492442710872745 0 0.0980009751340809 0.118966357874208 0.106777181862506 0.0316918576304242 0.108727450024378
"mesTub" 0.129205265724037 0.107264748902974 0.0955631399317406 0.0936128717698684 0.0965382740126767 0.0955631399317406 0.497805948317894 0.101413944417357 0.053144807411019 0.107752315943442 0.0980009751340809 0 0.0916626036079961 0.119453924914676 0.0926377376889322 0.0892247684056558
"pelCas" 0.140419307654803 0.125304729400293 0.113603120429059 0.122379327157484 0.11847879083374 0.120429058995612 0.507069722086787 0.120429058995612 0.0901999024865919 0.131643100926377 0.118966357874208 0.0916626036079961 0 0.134080936128718 0.114578254509995 0.0838615309605071
"pelSin" 0.108727450024378 0.113115553388591 0.0999512432959532 0.111165285226719 0.105314480741102 0.106289614822038 0.508532423208191 0.106289614822038 0.113115553388591 0.114090687469527 0.106777181862506 0.119453924914676 0.134080936128718 0 0.101901511457825 0.132618235007314
"plaMeg" 0.109702584105314 0.0448561677230619 0.0419307654802535 0.0468064358849342 0.0292540224280839 0.03022915650902 0.500243783520234 0.0511945392491468 0.0916626036079961 0.0438810336421258 0.0316918576304242 0.0926377376889322 0.114578254509995 0.101901511457825 0 0.106289614822038
"podExp" 0.138956606533398 0.118966357874208 0.106289614822038 0.111165285226719 0.10823988298391 0.111652852267187 0.511457825451 0.117503656752804 0.083373963920039 0.11847879083374 0.108727450024378 0.0892247684056558 0.0838615309605071 0.132618235007314 0.106289614822038 0
