"carIns" "cheAbi" "cheMyd" "cheSer" "chrPic" "cuoMcc" "derCor" "derMaw" "emySub" "gopAga" "malTer" "mesTub" "pelCas" "pelSin" "plaMeg" "podExp" "terMex"
"carIns" 0 0.101988781234064 0.0764915859255482 0.0729219785823559 0.0902600713921469 0.135135135135135 0.0821009688934217 0.0790413054563998 0.085670576236614 0.0759816420193779 0.071392146863845 0.0861805201427843 0.0958694543600204 0.0790413054563998 0.0729219785823559 0.103008669046405 0.141254462009179
"cheAbi" 0.101988781234064 0 0.0606833248342682 0.0591534931157573 0.0693523712391637 0.114227434982152 0.0652728199898011 0.0703722590515043 0.085670576236614 0.0499745028046915 0.0515043345232024 0.0836308006119327 0.102498725140235 0.0948495665476798 0.0540540540540541 0.109637939826619 0.107598164201938
"cheMyd" 0.0764915859255482 0.0606833248342682 0 0.0280469148393677 0.0438551759306476 0.0933197348291688 0.0152983171851096 0.0372259051504335 0.0550739418663947 0.0346761856195818 0.0265170831208567 0.0550739418663947 0.0744518103008669 0.0627231004589495 0.0244773074961754 0.082610912799592 0.0989291177970423
"cheSer" 0.0729219785823559 0.0591534931157573 0.0280469148393677 0 0.042835288118307 0.0902600713921469 0.0336562978072412 0.0295767465578786 0.0545639979602244 0.0331463539010709 0.0244773074961754 0.0550739418663947 0.0734319224885263 0.0627231004589495 0.0229474757776645 0.0805711371749108 0.0973992860785314
"chrPic" 0.0902600713921469 0.0693523712391637 0.0438551759306476 0.042835288118307 0 0.101478837327894 0.0504844467108618 0.0509943906170321 0.0708822029576747 0.0433452320244773 0.0244773074961754 0.071392146863845 0.0846506884242733 0.0785313615502295 0.0362060173380928 0.0948495665476798 0.108108108108108
"cuoMcc" 0.135135135135135 0.114227434982152 0.0933197348291688 0.0902600713921469 0.101478837327894 0 0.0963793982661907 0.099949005609383 0.116777154513004 0.0877103518612953 0.0861805201427843 0.116777154513004 0.133605303416624 0.124936257011729 0.0846506884242733 0.140234574196838 0.162672106068332
"derCor" 0.0821009688934217 0.0652728199898011 0.0152983171851096 0.0336562978072412 0.0504844467108618 0.0963793982661907 0 0.0438551759306476 0.0637429882712902 0.0392656807751147 0.0321264660887302 0.0622131565527792 0.0790413054563998 0.0688424273329934 0.030086690464049 0.0872004079551249 0.103518612952575
"derMaw" 0.0790413054563998 0.0703722590515043 0.0372259051504335 0.0295767465578786 0.0509943906170321 0.099949005609383 0.0438551759306476 0 0.0637429882712902 0.042835288118307 0.0346761856195818 0.0622131565527792 0.084140744518103 0.0688424273329934 0.0351861295257522 0.0917899031106578 0.108618052014278
"emySub" 0.085670576236614 0.085670576236614 0.0550739418663947 0.0545639979602244 0.0708822029576747 0.116777154513004 0.0637429882712902 0.0637429882712902 0 0.0596634370219276 0.0535441101478837 0.0244773074961754 0.058643549209587 0.0678225395206527 0.0535441101478837 0.068332483426823 0.122896481387047
"gopAga" 0.0759816420193779 0.0499745028046915 0.0346761856195818 0.0331463539010709 0.0433452320244773 0.0877103518612953 0.0392656807751147 0.042835288118307 0.0596634370219276 0 0.0249872514023457 0.058643549209587 0.0744518103008669 0.0688424273329934 0.0265170831208567 0.0810810810810811 0.101988781234064
"malTer" 0.071392146863845 0.0515043345232024 0.0265170831208567 0.0244773074961754 0.0244773074961754 0.0861805201427843 0.0321264660887302 0.0346761856195818 0.0535441101478837 0.0249872514023457 0 0.0540540540540541 0.069862315145334 0.0591534931157573 0.0178480367159612 0.0780214176440591 0.0897501274859765
"mesTub" 0.0861805201427843 0.0836308006119327 0.0550739418663947 0.0550739418663947 0.071392146863845 0.116777154513004 0.0622131565527792 0.0622131565527792 0.0244773074961754 0.058643549209587 0.0540540540540541 0 0.0611932687404386 0.071392146863845 0.0535441101478837 0.071392146863845 0.122896481387047
"pelCas" 0.0958694543600204 0.102498725140235 0.0744518103008669 0.0734319224885263 0.0846506884242733 0.133605303416624 0.0790413054563998 0.084140744518103 0.058643549209587 0.0744518103008669 0.069862315145334 0.0611932687404386 0 0.0922998470168282 0.069862315145334 0.0601733809280979 0.144824069352371
"pelSin" 0.0790413054563998 0.0948495665476798 0.0627231004589495 0.0627231004589495 0.0785313615502295 0.124936257011729 0.0688424273329934 0.0688424273329934 0.0678225395206527 0.0688424273329934 0.0591534931157573 0.071392146863845 0.0922998470168282 0 0.0622131565527792 0.096889342172361 0.132585415604284
"plaMeg" 0.0729219785823559 0.0540540540540541 0.0244773074961754 0.0229474757776645 0.0362060173380928 0.0846506884242733 0.030086690464049 0.0351861295257522 0.0535441101478837 0.0265170831208567 0.0178480367159612 0.0535441101478837 0.069862315145334 0.0622131565527792 0 0.0790413054563998 0.0922998470168282
"podExp" 0.103008669046405 0.109637939826619 0.082610912799592 0.0805711371749108 0.0948495665476798 0.140234574196838 0.0872004079551249 0.0917899031106578 0.068332483426823 0.0810810810810811 0.0780214176440591 0.071392146863845 0.0601733809280979 0.096889342172361 0.0790413054563998 0 0.148903620601734
"terMex" 0.141254462009179 0.107598164201938 0.0989291177970423 0.0973992860785314 0.108108108108108 0.162672106068332 0.103518612952575 0.108618052014278 0.122896481387047 0.101988781234064 0.0897501274859765 0.122896481387047 0.144824069352371 0.132585415604284 0.0922998470168282 0.148903620601734 0
