"carIns" "cheAbi" "cheMyd" "cheSer" "chrPic" "cuoAmb" "cuoMcc" "derCor" "derMaw" "emySub" "gopAga" "malTer" "mesTub" "pelCas" "pelSin" "plaMeg" "podExp" "terMex"
"carIns" 0 0.288781535158347 0.283950617283951 0.288244766505636 0.28341384863124 0.323671497584541 0.282877079978529 0.303274288781535 0.289318303811057 0.296833064949007 0.290391841116479 0.304884594739667 0.295759527643586 0.304884594739667 0.285024154589372 0.283950617283951 0.31454643048846 0.28341384863124
"cheAbi" 0.288781535158347 0 0.0418679549114332 0.0381105743424584 0.0300590445517982 0.0628019323671498 0.0182501341921632 0.113794954374665 0.0477724100912507 0.0563607085346216 0.0214707461084273 0.0558239398819109 0.0611916264090177 0.072463768115942 0.0692431561996779 0.0295222758990875 0.0864197530864197 0.0289855072463768
"cheMyd" 0.283950617283951 0.0418679549114332 0 0.0300590445517982 0.0332796564680623 0.0789049919484702 0.0348899624261943 0.0917874396135266 0.0413311862587225 0.0574342458400429 0.0418679549114332 0.0585077831454643 0.0579710144927536 0.07085346215781 0.0692431561996779 0.0311325818572195 0.0858829844337091 0.0311325818572195
"cheSer" 0.288244766505636 0.0381105743424584 0.0300590445517982 0 0.0268384326355341 0.0730005367686527 0.0300590445517982 0.106816961889426 0.0375738056897477 0.0547504025764895 0.0359634997316157 0.0526033279656468 0.0542136339237788 0.0697799248523886 0.0654857756307032 0.0263016639828234 0.0821256038647343 0.0246913580246914
"chrPic" 0.28341384863124 0.0300590445517982 0.0332796564680623 0.0268384326355341 0 0.0687063875469673 0.0230810520665593 0.104669887278583 0.0407944176060118 0.0526033279656468 0.0284487385936661 0.0348899624261943 0.0515297906602254 0.0703166935050993 0.0654857756307032 0.0187869028448739 0.0831991411701557 0.0123456790123457
"cuoAmb" 0.323671497584541 0.0628019323671498 0.0789049919484702 0.0730005367686527 0.0687063875469673 0 0.0477724100912507 0.151368760064412 0.0848094471282877 0.0955448201825013 0.0601180891035964 0.0955448201825013 0.0966183574879227 0.111111111111111 0.105206655931294 0.0644122383252818 0.122383252818035 0.0670960815888352
"cuoMcc" 0.282877079978529 0.0182501341921632 0.0348899624261943 0.0300590445517982 0.0230810520665593 0.0477724100912507 0 0.106816961889426 0.0424047235641439 0.0526033279656468 0.0171765968867418 0.0499194847020934 0.0536768652710682 0.0692431561996779 0.0638754696725711 0.022007514761138 0.0821256038647343 0.0214707461084273
"derCor" 0.303274288781535 0.113794954374665 0.0917874396135266 0.106816961889426 0.104669887278583 0.151368760064412 0.106816961889426 0 0.117015566290929 0.126677402039721 0.111111111111111 0.129361245303274 0.128824476650564 0.135802469135802 0.138486312399356 0.104669887278583 0.147074610842727 0.105743424584004
"derMaw" 0.289318303811057 0.0477724100912507 0.0413311862587225 0.0375738056897477 0.0407944176060118 0.0848094471282877 0.0424047235641439 0.117015566290929 0 0.0649490069779925 0.0466988727858293 0.0665593129361245 0.0660225442834139 0.0772946859903382 0.0746108427267848 0.0402576489533011 0.0950080515297907 0.0386473429951691
"emySub" 0.296833064949007 0.0563607085346216 0.0574342458400429 0.0547504025764895 0.0526033279656468 0.0955448201825013 0.0526033279656468 0.126677402039721 0.0649490069779925 0 0.0563607085346216 0.0756843800322061 0.0284487385936661 0.0568974771873323 0.0783682232957595 0.0493827160493827 0.0697799248523886 0.0504562533548041
"gopAga" 0.290391841116479 0.0214707461084273 0.0418679549114332 0.0359634997316157 0.0284487385936661 0.0601180891035964 0.0171765968867418 0.111111111111111 0.0466988727858293 0.0563607085346216 0 0.0558239398819109 0.0574342458400429 0.0746108427267848 0.0713902308105207 0.0295222758990875 0.0869565217391304 0.0289855072463768
"malTer" 0.304884594739667 0.0558239398819109 0.0585077831454643 0.0526033279656468 0.0348899624261943 0.0955448201825013 0.0499194847020934 0.129361245303274 0.0665593129361245 0.0756843800322061 0.0558239398819109 0 0.0783682232957595 0.0933977455716586 0.0896403650026838 0.0440150295222759 0.106816961889426 0.0397208803005904
"mesTub" 0.295759527643586 0.0611916264090177 0.0579710144927536 0.0542136339237788 0.0515297906602254 0.0966183574879227 0.0536768652710682 0.128824476650564 0.0660225442834139 0.0284487385936661 0.0574342458400429 0.0783682232957595 0 0.0617283950617284 0.0799785292538916 0.0515297906602254 0.0751476113794954 0.0504562533548041
"pelCas" 0.304884594739667 0.072463768115942 0.07085346215781 0.0697799248523886 0.0703166935050993 0.111111111111111 0.0692431561996779 0.135802469135802 0.0772946859903382 0.0568974771873323 0.0746108427267848 0.0933977455716586 0.0617283950617284 0 0.0880300590445518 0.0665593129361245 0.059044551798175 0.0681696188942566
"pelSin" 0.285024154589372 0.0692431561996779 0.0692431561996779 0.0654857756307032 0.0654857756307032 0.105206655931294 0.0638754696725711 0.138486312399356 0.0746108427267848 0.0783682232957595 0.0713902308105207 0.0896403650026838 0.0799785292538916 0.0880300590445518 0 0.0638754696725711 0.0993022007514761 0.0633387010198604
"plaMeg" 0.283950617283951 0.0295222758990875 0.0311325818572195 0.0263016639828234 0.0187869028448739 0.0644122383252818 0.022007514761138 0.104669887278583 0.0402576489533011 0.0493827160493827 0.0295222758990875 0.0440150295222759 0.0515297906602254 0.0665593129361245 0.0638754696725711 0 0.0821256038647343 0.0150295222758991
"podExp" 0.31454643048846 0.0864197530864197 0.0858829844337091 0.0821256038647343 0.0831991411701557 0.122383252818035 0.0821256038647343 0.147074610842727 0.0950080515297907 0.0697799248523886 0.0869565217391304 0.106816961889426 0.0751476113794954 0.059044551798175 0.0993022007514761 0.0821256038647343 0 0.082662372517445
"terMex" 0.28341384863124 0.0289855072463768 0.0311325818572195 0.0246913580246914 0.0123456790123457 0.0670960815888352 0.0214707461084273 0.105743424584004 0.0386473429951691 0.0504562533548041 0.0289855072463768 0.0397208803005904 0.0504562533548041 0.0681696188942566 0.0633387010198604 0.0150295222758991 0.082662372517445 0
