"carIns" "cheAbi" "cheMyd" "cheSer" "chrPic" "cuoAmb" "cuoMcc" "derMaw" "emySub" "malTer" "mesTub" "pelCas" "pelSin" "plaMeg" "podExp" "terMex"
"carIns" 0 0.180722891566265 0.133032128514056 0.139056224899598 0.138052208835341 0.141064257028112 0.137550200803213 0.143072289156627 0.147590361445783 0.155120481927711 0.154116465863454 0.164658634538153 0.148092369477912 0.135542168674699 0.174698795180723 0.161144578313253
"cheAbi" 0.180722891566265 0 0.0742971887550201 0.0758032128514056 0.071285140562249 0.0637550200803213 0.0622489959839357 0.0793172690763052 0.103915662650602 0.0853413654618474 0.113955823293173 0.120481927710843 0.106927710843373 0.0657630522088353 0.132530120481928 0.0928714859437751
"cheMyd" 0.133032128514056 0.0742971887550201 0 0.0235943775100402 0.0240963855421687 0.0266064257028112 0.0225903614457831 0.0311244979919679 0.052710843373494 0.0376506024096386 0.0727911646586345 0.070281124497992 0.0637550200803213 0.0170682730923695 0.0813253012048193 0.0461847389558233
"cheSer" 0.139056224899598 0.0758032128514056 0.0235943775100402 0 0.0266064257028112 0.0286144578313253 0.0251004016064257 0.0306224899598394 0.0567269076305221 0.0386546184738956 0.0768072289156626 0.0727911646586345 0.0642570281124498 0.019578313253012 0.0873493975903614 0.0471887550200803
"chrPic" 0.138052208835341 0.071285140562249 0.0240963855421687 0.0266064257028112 0 0.0245983935742972 0.0205823293172691 0.0356425702811245 0.0587349397590361 0.0240963855421687 0.0793172690763052 0.073293172690763 0.0657630522088353 0.0140562248995984 0.0863453815261044 0.0386546184738956
"cuoAmb" 0.141064257028112 0.0637550200803213 0.0266064257028112 0.0286144578313253 0.0245983935742972 0 0.0100401606425703 0.0386546184738956 0.0592369477911647 0.0376506024096386 0.0788152610441767 0.0758032128514056 0.0637550200803213 0.017570281124498 0.0873493975903614 0.0446787148594378
"cuoMcc" 0.137550200803213 0.0622489959839357 0.0225903614457831 0.0251004016064257 0.0205823293172691 0.0100401606425703 0 0.0336345381526104 0.0567269076305221 0.0336345381526104 0.0753012048192771 0.0737951807228916 0.0637550200803213 0.0135542168674699 0.0858433734939759 0.0396586345381526
"derMaw" 0.143072289156627 0.0793172690763052 0.0311244979919679 0.0306224899598394 0.0356425702811245 0.0386546184738956 0.0336345381526104 0 0.0642570281124498 0.0496987951807229 0.0843373493975904 0.0768072289156626 0.072289156626506 0.0291164658634538 0.0903614457831325 0.0582329317269076
"emySub" 0.147590361445783 0.103915662650602 0.052710843373494 0.0567269076305221 0.0587349397590361 0.0592369477911647 0.0567269076305221 0.0642570281124498 0 0.072289156626506 0.0522088353413655 0.0707831325301205 0.0813253012048193 0.0522088353413655 0.0747991967871486 0.0793172690763052
"malTer" 0.155120481927711 0.0853413654618474 0.0376506024096386 0.0386546184738956 0.0240963855421687 0.0376506024096386 0.0336345381526104 0.0496987951807229 0.072289156626506 0 0.0928714859437751 0.0883534136546185 0.0798192771084337 0.0266064257028112 0.0998995983935743 0.0522088353413655
"mesTub" 0.154116465863454 0.113955823293173 0.0727911646586345 0.0768072289156626 0.0793172690763052 0.0788152610441767 0.0753012048192771 0.0843373493975904 0.0522088353413655 0.0928714859437751 0 0.08785140562249 0.101907630522088 0.072289156626506 0.100401606425703 0.0998995983935743
"pelCas" 0.164658634538153 0.120481927710843 0.070281124497992 0.0727911646586345 0.073293172690763 0.0758032128514056 0.0737951807228916 0.0768072289156626 0.0707831325301205 0.0883534136546185 0.08785140562249 0 0.0958835341365462 0.0692771084337349 0.0682730923694779 0.0938755020080321
"pelSin" 0.148092369477912 0.106927710843373 0.0637550200803213 0.0642570281124498 0.0657630522088353 0.0637550200803213 0.0637550200803213 0.072289156626506 0.0813253012048193 0.0798192771084337 0.101907630522088 0.0958835341365462 0 0.0587349397590361 0.107429718875502 0.0858433734939759
"plaMeg" 0.135542168674699 0.0657630522088353 0.0170682730923695 0.019578313253012 0.0140562248995984 0.017570281124498 0.0135542168674699 0.0291164658634538 0.0522088353413655 0.0266064257028112 0.072289156626506 0.0692771084337349 0.0587349397590361 0 0.0823293172690763 0.034136546184739
"podExp" 0.174698795180723 0.132530120481928 0.0813253012048193 0.0873493975903614 0.0863453815261044 0.0873493975903614 0.0858433734939759 0.0903614457831325 0.0747991967871486 0.0998995983935743 0.100401606425703 0.0682730923694779 0.107429718875502 0.0823293172690763 0 0.106927710843373
"terMex" 0.161144578313253 0.0928714859437751 0.0461847389558233 0.0471887550200803 0.0386546184738956 0.0446787148594378 0.0396586345381526 0.0582329317269076 0.0793172690763052 0.0522088353413655 0.0998995983935743 0.0938755020080321 0.0858433734939759 0.034136546184739 0.106927710843373 0
