"carIns" "cheAbi" "cheMyd" "cheSer" "chrPic" "cuoAmb" "cuoMcc" "derMaw" "emySub" "gopAga" "mesTub" "pelCas" "pelSin" "podExp" "terMex"
"carIns" 0 0.0552791597567717 0.0580431177446103 0.0574903261470426 0.0563847429519071 0.058595909342178 0.0574903261470426 0.0563847429519071 0.0768380320619127 0.0569375345494748 0.0779436152570481 0.091763405196241 0.0713101160862355 0.0923161967938087 0.0580431177446103
"cheAbi" 0.0552791597567717 0 0.021558872305141 0.0221116639027087 0.0143725815367606 0.0160309563294638 0.0149253731343284 0.0276395798783858 0.0519624101713654 0.0132669983416252 0.0530679933665008 0.0713101160862355 0.0486456605859591 0.0740740740740741 0.0160309563294638
"cheMyd" 0.0580431177446103 0.021558872305141 0 0.0248756218905473 0.0204532891100055 0.0243228302929795 0.0232172470978441 0.0287451630735213 0.0569375345494748 0.0237700386954118 0.0597014925373134 0.0762852404643449 0.0503040353786622 0.0779436152570481 0.0232172470978441
"cheSer" 0.0574903261470426 0.0221116639027087 0.0248756218905473 0 0.0187949143173024 0.0204532891100055 0.0210060807075732 0.0243228302929795 0.05085682697623 0.025428413488115 0.0574903261470426 0.0724156992813709 0.0503040353786622 0.0740740740740741 0.021558872305141
"chrPic" 0.0563847429519071 0.0143725815367606 0.0204532891100055 0.0187949143173024 0 0.0116086235489221 0.0110558319513543 0.0243228302929795 0.0519624101713654 0.0154781647318961 0.0558319513543394 0.0724156992813709 0.0480928689883914 0.0757324488667772 0.00497512437810945
"cuoAmb" 0.058595909342178 0.0160309563294638 0.0243228302929795 0.0204532891100055 0.0116086235489221 0 0.00497512437810945 0.0270867882808181 0.0536207849640685 0.0171365395245992 0.0569375345494748 0.0740740740740741 0.05085682697623 0.0768380320619127 0.0154781647318961
"cuoMcc" 0.0574903261470426 0.0149253731343284 0.0232172470978441 0.0210060807075732 0.0110558319513543 0.00497512437810945 0 0.0265339966832504 0.0541735765616363 0.0160309563294638 0.0574903261470426 0.0740740740740741 0.0503040353786622 0.0762852404643449 0.0149253731343284
"derMaw" 0.0563847429519071 0.0276395798783858 0.0287451630735213 0.0243228302929795 0.0243228302929795 0.0270867882808181 0.0265339966832504 0 0.0552791597567717 0.0309563294637922 0.0591487009397457 0.0762852404643449 0.05085682697623 0.080154781647319 0.0259812050856827
"emySub" 0.0768380320619127 0.0519624101713654 0.0569375345494748 0.05085682697623 0.0519624101713654 0.0536207849640685 0.0541735765616363 0.0552791597567717 0 0.0541735765616363 0.0276395798783858 0.0652294085129906 0.0696517412935323 0.0718629076838032 0.0536207849640685
"gopAga" 0.0569375345494748 0.0132669983416252 0.0237700386954118 0.025428413488115 0.0154781647318961 0.0171365395245992 0.0160309563294638 0.0309563294637922 0.0541735765616363 0 0.0574903261470426 0.0724156992813709 0.0519624101713654 0.0773908236594804 0.0182421227197347
"mesTub" 0.0779436152570481 0.0530679933665008 0.0597014925373134 0.0574903261470426 0.0558319513543394 0.0569375345494748 0.0574903261470426 0.0591487009397457 0.0276395798783858 0.0574903261470426 0 0.0641238253178552 0.0729684908789386 0.0696517412935323 0.0574903261470426
"pelCas" 0.091763405196241 0.0713101160862355 0.0762852404643449 0.0724156992813709 0.0724156992813709 0.0740740740740741 0.0740740740740741 0.0762852404643449 0.0652294085129906 0.0724156992813709 0.0641238253178552 0 0.0906578220011056 0.0558319513543394 0.0751796572692095
"pelSin" 0.0713101160862355 0.0486456605859591 0.0503040353786622 0.0503040353786622 0.0480928689883914 0.05085682697623 0.0503040353786622 0.05085682697623 0.0696517412935323 0.0519624101713654 0.0729684908789386 0.0906578220011056 0 0.0901050304035379 0.0491984521835268
"podExp" 0.0923161967938087 0.0740740740740741 0.0779436152570481 0.0740740740740741 0.0757324488667772 0.0768380320619127 0.0762852404643449 0.080154781647319 0.0718629076838032 0.0773908236594804 0.0696517412935323 0.0558319513543394 0.0901050304035379 0 0.0784964068546158
"terMex" 0.0580431177446103 0.0160309563294638 0.0232172470978441 0.021558872305141 0.00497512437810945 0.0154781647318961 0.0149253731343284 0.0259812050856827 0.0536207849640685 0.0182421227197347 0.0574903261470426 0.0751796572692095 0.0491984521835268 0.0784964068546158 0
