"carIns" "cheAbi" "cheMyd" "cheSer" "chrPic" "cuoAmb" "cuoMcc" "derCor" "derMaw" "emySub" "gopAga" "malTer" "mesTub" "pelCas" "pelSin" "plaMeg" "podExp" "terMex"
"carIns" 0 0.0953346855983773 0.085868830290737 0.148073022312373 0.0878972278566599 0.0919540229885057 0.0892494929006085 0.077079107505071 0.0878972278566599 0.0912778904665314 0.0953346855983773 0.0892494929006085 0.0980392156862745 0.110885733603786 0.0845165652467884 0.0831643002028398 0.120351588911427 0.139959432048682
"cheAbi" 0.0953346855983773 0 0.0540906017579446 0.125760649087221 0.0371872887085869 0.0290736984448952 0.026369168356998 0.0588235294117647 0.0649087221095335 0.0791075050709939 0.0196078431372549 0.0385395537525355 0.085868830290737 0.0966869506423259 0.0865449628127113 0.0365111561866126 0.0993914807302231 0.085868830290737
"cheMyd" 0.085868830290737 0.0540906017579446 0 0.108181203515889 0.0466531440162272 0.0500338066260987 0.0480054090601758 0.0250169033130494 0.0432724814063556 0.0757268424611224 0.0554428668018932 0.0473292765382015 0.0804597701149425 0.094658553076403 0.0764029749830967 0.0425963488843813 0.094658553076403 0.10209601081812
"cheSer" 0.148073022312373 0.125760649087221 0.108181203515889 0 0.123056118999324 0.121027721433401 0.119675456389452 0.114266396213658 0.112914131169709 0.139283299526707 0.124408384043272 0.121703853955375 0.141987829614604 0.154834347532116 0.137254901960784 0.110885733603786 0.160919540229885 0.123056118999324
"chrPic" 0.0878972278566599 0.0371872887085869 0.0466531440162272 0.123056118999324 0 0.0338066260987153 0.0317782285327924 0.0500338066260987 0.0534144692359702 0.0743745774171738 0.035158891142664 0.00811359026369168 0.0791075050709939 0.094658553076403 0.0791075050709939 0.024340770791075 0.0987153482082488 0.0736984448951995
"cuoAmb" 0.0919540229885057 0.0290736984448952 0.0500338066260987 0.121027721433401 0.0338066260987153 0 0.0114942528735632 0.0534144692359702 0.059499661933739 0.0730223123732252 0.026369168356998 0.0358350236646383 0.0804597701149425 0.094658553076403 0.0851926977687627 0.0304259634888438 0.0987153482082488 0.0885733603786342
"cuoMcc" 0.0892494929006085 0.026369168356998 0.0480054090601758 0.119675456389452 0.0317782285327924 0.0114942528735632 0 0.0500338066260987 0.0567951318458418 0.0723461798512508 0.0223123732251521 0.0344827586206897 0.0777552400270453 0.0939824205544287 0.0797836375929682 0.0270453008789723 0.094658553076403 0.0878972278566599
"derCor" 0.077079107505071 0.0588235294117647 0.0250169033130494 0.114266396213658 0.0500338066260987 0.0534144692359702 0.0500338066260987 0 0.0453008789722786 0.0757268424611224 0.0588235294117647 0.0500338066260987 0.0804597701149425 0.0906017579445571 0.0730223123732252 0.041920216362407 0.0953346855983773 0.101419878296146
"derMaw" 0.0878972278566599 0.0649087221095335 0.0432724814063556 0.112914131169709 0.0534144692359702 0.059499661933739 0.0567951318458418 0.0453008789722786 0 0.0784313725490196 0.0608519269776876 0.0520622041920216 0.0845165652467884 0.0980392156862745 0.0750507099391481 0.0459770114942529 0.10682893847194 0.108857336037863
"emySub" 0.0912778904665314 0.0791075050709939 0.0757268424611224 0.139283299526707 0.0743745774171738 0.0730223123732252 0.0723461798512508 0.0757268424611224 0.0784313725490196 0 0.077079107505071 0.077079107505071 0.0466531440162272 0.0662609871534821 0.0885733603786342 0.0703177822853279 0.0797836375929682 0.12711291413117
"gopAga" 0.0953346855983773 0.0196078431372549 0.0554428668018932 0.124408384043272 0.035158891142664 0.026369168356998 0.0223123732251521 0.0588235294117647 0.0608519269776876 0.077079107505071 0 0.0365111561866126 0.0824881676808654 0.0993914807302231 0.0845165652467884 0.0324543610547667 0.101419878296146 0.0906017579445571
"malTer" 0.0892494929006085 0.0385395537525355 0.0473292765382015 0.121703853955375 0.00811359026369168 0.0358350236646383 0.0344827586206897 0.0500338066260987 0.0520622041920216 0.077079107505071 0.0365111561866126 0 0.0818120351588911 0.094658553076403 0.0777552400270453 0.0229885057471264 0.102772143340095 0.0750507099391481
"mesTub" 0.0980392156862745 0.085868830290737 0.0804597701149425 0.141987829614604 0.0791075050709939 0.0804597701149425 0.0777552400270453 0.0804597701149425 0.0845165652467884 0.0466531440162272 0.0824881676808654 0.0818120351588911 0 0.0730223123732252 0.09263015551048 0.0764029749830967 0.0764029749830967 0.129817444219067
"pelCas" 0.110885733603786 0.0966869506423259 0.094658553076403 0.154834347532116 0.094658553076403 0.094658553076403 0.0939824205544287 0.0906017579445571 0.0980392156862745 0.0662609871534821 0.0993914807302231 0.094658553076403 0.0730223123732252 0 0.0987153482082488 0.0892494929006085 0.0703177822853279 0.142663962136579
"pelSin" 0.0845165652467884 0.0865449628127113 0.0764029749830967 0.137254901960784 0.0791075050709939 0.0851926977687627 0.0797836375929682 0.0730223123732252 0.0750507099391481 0.0885733603786342 0.0845165652467884 0.0777552400270453 0.09263015551048 0.0987153482082488 0 0.0730223123732252 0.104124408384043 0.128465179175118
"plaMeg" 0.0831643002028398 0.0365111561866126 0.0425963488843813 0.110885733603786 0.024340770791075 0.0304259634888438 0.0270453008789723 0.041920216362407 0.0459770114942529 0.0703177822853279 0.0324543610547667 0.0229885057471264 0.0764029749830967 0.0892494929006085 0.0730223123732252 0 0.0980392156862745 0.077079107505071
"podExp" 0.120351588911427 0.0993914807302231 0.094658553076403 0.160919540229885 0.0987153482082488 0.0987153482082488 0.094658553076403 0.0953346855983773 0.10682893847194 0.0797836375929682 0.101419878296146 0.102772143340095 0.0764029749830967 0.0703177822853279 0.104124408384043 0.0980392156862745 0 0.143340094658553
"terMex" 0.139959432048682 0.085868830290737 0.10209601081812 0.123056118999324 0.0736984448951995 0.0885733603786342 0.0878972278566599 0.101419878296146 0.108857336037863 0.12711291413117 0.0906017579445571 0.0750507099391481 0.129817444219067 0.142663962136579 0.128465179175118 0.077079107505071 0.143340094658553 0
