"carIns" "cheAbi" "cheSer" "chrPic" "cuoMcc" "derCor" "derMaw" "emySub" "gopAga" "mesTub" "pelCas" "pelSin" "plaMeg" "podExp" "terMex"
"carIns" 0 0.0835280373831776 0.148364485981308 0.076518691588785 0.130257009345794 0.0864485981308411 0.080607476635514 0.0946261682242991 0.0771028037383178 0.0893691588785047 0.102803738317757 0.0829439252336449 0.0771028037383178 0.122663551401869 0.076518691588785
"cheAbi" 0.0835280373831776 0 0.111565420560748 0.0245327102803738 0.0735981308411215 0.0426401869158878 0.0414719626168224 0.0689252336448598 0.0151869158878505 0.0625 0.076518691588785 0.0730140186915888 0.0257009345794393 0.10338785046729 0.026285046728972
"cheSer" 0.148364485981308 0.111565420560748 0 0.101635514018692 0.158878504672897 0.113317757009346 0.105140186915888 0.133761682242991 0.10338785046729 0.125 0.146028037383178 0.14661214953271 0.103971962616822 0.150116822429907 0.103971962616822
"chrPic" 0.076518691588785 0.0245327102803738 0.101635514018692 0 0.0718457943925234 0.0338785046728972 0.0292056074766355 0.0578271028037383 0.0186915887850467 0.0502336448598131 0.0689252336448598 0.0660046728971963 0.014018691588785 0.0957943925233645 0.00992990654205607
"cuoMcc" 0.130257009345794 0.0735981308411215 0.158878504672897 0.0718457943925234 0 0.0911214953271028 0.0864485981308411 0.116238317757009 0.0671728971962617 0.109228971962617 0.120911214953271 0.117990654205607 0.0689252336448598 0.144859813084112 0.0718457943925234
"derCor" 0.0864485981308411 0.0426401869158878 0.113317757009346 0.0338785046728972 0.0911214953271028 0 0.0385514018691589 0.0677570093457944 0.0379672897196262 0.0589953271028037 0.076518691588785 0.0759345794392523 0.0350467289719626 0.0998831775700935 0.0344626168224299
"derMaw" 0.080607476635514 0.0414719626168224 0.105140186915888 0.0292056074766355 0.0864485981308411 0.0385514018691589 0 0.0595794392523364 0.0327102803738318 0.0537383177570093 0.0735981308411215 0.0724299065420561 0.0280373831775701 0.0893691588785047 0.0297897196261682
"emySub" 0.0946261682242991 0.0689252336448598 0.133761682242991 0.0578271028037383 0.116238317757009 0.0677570093457944 0.0595794392523364 0 0.0589953271028037 0.0257009345794393 0.0543224299065421 0.0817757009345794 0.0572429906542056 0.0835280373831776 0.0572429906542056
"gopAga" 0.0771028037383178 0.0151869158878505 0.10338785046729 0.0186915887850467 0.0671728971962617 0.0379672897196262 0.0327102803738318 0.0589953271028037 0 0.0514018691588785 0.0677570093457944 0.066588785046729 0.0192757009345794 0.0946261682242991 0.0204439252336449
"mesTub" 0.0893691588785047 0.0625 0.125 0.0502336448598131 0.109228971962617 0.0589953271028037 0.0537383177570093 0.0257009345794393 0.0514018691588785 0 0.0537383177570093 0.076518691588785 0.0502336448598131 0.0788551401869159 0.0508177570093458
"pelCas" 0.102803738317757 0.076518691588785 0.146028037383178 0.0689252336448598 0.120911214953271 0.076518691588785 0.0735981308411215 0.0543224299065421 0.0677570093457944 0.0537383177570093 0 0.0928738317757009 0.0677570093457944 0.076518691588785 0.0700934579439252
"pelSin" 0.0829439252336449 0.0730140186915888 0.14661214953271 0.0660046728971963 0.117990654205607 0.0759345794392523 0.0724299065420561 0.0817757009345794 0.066588785046729 0.076518691588785 0.0928738317757009 0 0.0648364485981308 0.114485981308411 0.0642523364485981
"plaMeg" 0.0771028037383178 0.0257009345794393 0.103971962616822 0.014018691588785 0.0689252336448598 0.0350467289719626 0.0280373831775701 0.0572429906542056 0.0192757009345794 0.0502336448598131 0.0677570093457944 0.0648364485981308 0 0.0928738317757009 0.014018691588785
"podExp" 0.122663551401869 0.10338785046729 0.150116822429907 0.0957943925233645 0.144859813084112 0.0998831775700935 0.0893691588785047 0.0835280373831776 0.0946261682242991 0.0788551401869159 0.076518691588785 0.114485981308411 0.0928738317757009 0 0.0957943925233645
"terMex" 0.076518691588785 0.026285046728972 0.103971962616822 0.00992990654205607 0.0718457943925234 0.0344626168224299 0.0297897196261682 0.0572429906542056 0.0204439252336449 0.0508177570093458 0.0700934579439252 0.0642523364485981 0.014018691588785 0.0957943925233645 0
