"cheAbi" "cheMyd" "cheSer" "chrPic" "cuoAmb" "cuoMcc" "derCor" "derMaw" "gopAga" "malTer" "mesTub" "pelSin" "plaMeg" "terMex"
"cheAbi" 0 0.0352238805970149 0.0405970149253731 0.0358208955223881 0.0256716417910448 0.0716417910447761 0.12 0.0573134328358209 0.0202985074626866 0.0376119402985075 0.124179104477612 0.0859701492537313 0.0346268656716418 0.0304477611940299
"cheMyd" 0.0352238805970149 0 0.0346268656716418 0.0405970149253731 0.0370149253731343 0.0817910447761194 0.10865671641791 0.0555223880597015 0.0364179104477612 0.0405970149253731 0.124179104477612 0.0853731343283582 0.0376119402985075 0.0328358208955224
"cheSer" 0.0405970149253731 0.0346268656716418 0 0.0471641791044776 0.0429850746268657 0.0871641791044776 0.119402985074627 0.0555223880597015 0.0405970149253731 0.0447761194029851 0.128358208955224 0.0853731343283582 0.0417910447761194 0.0382089552238806
"chrPic" 0.0358208955223881 0.0405970149253731 0.0471641791044776 0 0.0405970149253731 0.0859701492537313 0.125970149253731 0.0650746268656716 0.0394029850746269 0.0101492537313433 0.12955223880597 0.0937313432835821 0.04 0.0250746268656716
"cuoAmb" 0.0256716417910448 0.0370149253731343 0.0429850746268657 0.0405970149253731 0 0.057910447761194 0.120597014925373 0.0567164179104478 0.0316417910447761 0.0411940298507463 0.125970149253731 0.0853731343283582 0.0352238805970149 0.0328358208955224
"cuoMcc" 0.0716417910447761 0.0817910447761194 0.0871641791044776 0.0859701492537313 0.057910447761194 0 0.121791044776119 0.10089552238806 0.0758208955223881 0.0841791044776119 0.158805970149254 0.122388059701493 0.0823880597014925 0.08
"derCor" 0.12 0.10865671641791 0.119402985074627 0.125970149253731 0.120597014925373 0.121791044776119 0 0.133731343283582 0.123582089552239 0.123582089552239 0.179701492537313 0.158805970149254 0.123582089552239 0.119402985074627
"derMaw" 0.0573134328358209 0.0555223880597015 0.0555223880597015 0.0650746268656716 0.0567164179104478 0.10089552238806 0.133731343283582 0 0.0608955223880597 0.0638805970149254 0.141492537313433 0.105671641791045 0.0567164179104478 0.0567164179104478
"gopAga" 0.0202985074626866 0.0364179104477612 0.0405970149253731 0.0394029850746269 0.0316417910447761 0.0758208955223881 0.123582089552239 0.0608955223880597 0 0.04 0.128358208955224 0.0883582089552239 0.0370149253731343 0.0328358208955224
"malTer" 0.0376119402985075 0.0405970149253731 0.0447761194029851 0.0101492537313433 0.0411940298507463 0.0841791044776119 0.123582089552239 0.0638805970149254 0.04 0 0.128358208955224 0.0919402985074627 0.0394029850746269 0.026865671641791
"mesTub" 0.124179104477612 0.124179104477612 0.128358208955224 0.12955223880597 0.125970149253731 0.158805970149254 0.179701492537313 0.141492537313433 0.128358208955224 0.128358208955224 0 0.140298507462687 0.125373134328358 0.122388059701493
"pelSin" 0.0859701492537313 0.0853731343283582 0.0853731343283582 0.0937313432835821 0.0853731343283582 0.122388059701493 0.158805970149254 0.105671641791045 0.0883582089552239 0.0919402985074627 0.140298507462687 0 0.0871641791044776 0.0877611940298507
"plaMeg" 0.0346268656716418 0.0376119402985075 0.0417910447761194 0.04 0.0352238805970149 0.0823880597014925 0.123582089552239 0.0567164179104478 0.0370149253731343 0.0394029850746269 0.125373134328358 0.0871641791044776 0 0.0322388059701493
"terMex" 0.0304477611940299 0.0328358208955224 0.0382089552238806 0.0250746268656716 0.0328358208955224 0.08 0.119402985074627 0.0567164179104478 0.0328358208955224 0.026865671641791 0.122388059701493 0.0877611940298507 0.0322388059701493 0
