"carIns" "cheAbi" "cheMyd" "cheSer" "chrPic" "cuoAmb" "cuoMcc" "derCor" "derMaw" "emySub" "gopAga" "malTer" "pelCas" "pelSin" "plaMeg" "podExp" "terMex"
"carIns" 0 0.105757931844888 0.209165687426557 0.09048178613396 0.0975323149236193 0.0963572267920094 0.0945945945945946 0.0893066980023502 0.0963572267920094 0.0981198589894242 0.101057579318449 0.122796709753231 0.117508813160987 0.0957696827262045 0.0940070505287897 0.13807285546416 0.0957696827262045
"cheAbi" 0.105757931844888 0 0.17978848413631 0.0428907168037603 0.036427732079906 0.0235017626321974 0.0217391304347826 0.0446533490011751 0.0464159811985899 0.0687426556991774 0.0176263219741481 0.0605170387779083 0.0951821386603995 0.0799059929494712 0.0305522914218566 0.112808460634548 0.0334900117508813
"cheMyd" 0.209165687426557 0.17978848413631 0 0.164512338425382 0.172150411280846 0.166862514688602 0.166274970622797 0.148648648648649 0.165099882491187 0.178025851938895 0.178025851938895 0.196239717978848 0.196827262044653 0.190951821386604 0.164512338425382 0.215628672150411 0.169212690951821
"cheSer" 0.09048178613396 0.0428907168037603 0.164512338425382 0 0.0352526439482961 0.0340775558166862 0.0323149236192714 0.0287896592244418 0.0317273795534665 0.0505287896592244 0.0428907168037603 0.0628672150411281 0.0793184488836663 0.0687426556991774 0.0287896592244418 0.0987074030552291 0.0340775558166862
"chrPic" 0.0975323149236193 0.036427732079906 0.172150411280846 0.0352526439482961 0 0.0235017626321974 0.0205640423031727 0.0370152761457109 0.036427732079906 0.0581668625146886 0.0329024676850764 0.0317273795534665 0.082256169212691 0.0734430082256169 0.0199764982373678 0.101645123384254 0.0158636897767333
"cuoAmb" 0.0963572267920094 0.0235017626321974 0.166862514688602 0.0340775558166862 0.0235017626321974 0 0.00293772032902468 0.0329024676850764 0.036427732079906 0.0575793184488837 0.0199764982373678 0.0493537015276146 0.0840188014101058 0.0705052878965922 0.0164512338425382 0.103995299647474 0.0217391304347826
"cuoMcc" 0.0945945945945946 0.0217391304347826 0.166274970622797 0.0323149236192714 0.0205640423031727 0.00293772032902468 0 0.0311398354876616 0.0346650998824912 0.0564042303172738 0.018213866039953 0.0464159811985899 0.0828437132784959 0.0687426556991774 0.0146886016451234 0.102820211515864 0.0199764982373678
"derCor" 0.0893066980023502 0.0446533490011751 0.148648648648649 0.0287896592244418 0.0370152761457109 0.0329024676850764 0.0311398354876616 0 0.0311398354876616 0.0505287896592244 0.0423031727379553 0.0611045828437133 0.081668625146886 0.0669800235017626 0.027027027027027 0.101057579318449 0.0340775558166862
"derMaw" 0.0963572267920094 0.0464159811985899 0.165099882491187 0.0317273795534665 0.036427732079906 0.036427732079906 0.0346650998824912 0.0311398354876616 0 0.0552291421856639 0.0440658049353701 0.063454759106933 0.081668625146886 0.0734430082256169 0.0317273795534665 0.100470035252644 0.0352526439482961
"emySub" 0.0981198589894242 0.0687426556991774 0.178025851938895 0.0505287896592244 0.0581668625146886 0.0575793184488837 0.0564042303172738 0.0505287896592244 0.0552291421856639 0 0.0652173913043478 0.0840188014101058 0.0628672150411281 0.0705052878965922 0.0522914218566393 0.0840188014101058 0.0564042303172738
"gopAga" 0.101057579318449 0.0176263219741481 0.178025851938895 0.0428907168037603 0.0329024676850764 0.0199764982373678 0.018213866039953 0.0423031727379553 0.0440658049353701 0.0652173913043478 0 0.0581668625146886 0.0922444183313749 0.0763807285546416 0.027027027027027 0.109870740305523 0.0299647473560517
"malTer" 0.122796709753231 0.0605170387779083 0.196239717978848 0.0628672150411281 0.0317273795534665 0.0493537015276146 0.0464159811985899 0.0611045828437133 0.063454759106933 0.0840188014101058 0.0581668625146886 0 0.111633372502938 0.0963572267920094 0.04524089306698 0.130434782608696 0.0417156286721504
"pelCas" 0.117508813160987 0.0951821386603995 0.196827262044653 0.0793184488836663 0.082256169212691 0.0840188014101058 0.0828437132784959 0.081668625146886 0.081668625146886 0.0628672150411281 0.0922444183313749 0.111633372502938 0 0.0922444183313749 0.0799059929494712 0.0769682726204465 0.0834312573443008
"pelSin" 0.0957696827262045 0.0799059929494712 0.190951821386604 0.0687426556991774 0.0734430082256169 0.0705052878965922 0.0687426556991774 0.0669800235017626 0.0734430082256169 0.0705052878965922 0.0763807285546416 0.0963572267920094 0.0922444183313749 0 0.0681551116333725 0.113396004700353 0.0693301997649824
"plaMeg" 0.0940070505287897 0.0305522914218566 0.164512338425382 0.0287896592244418 0.0199764982373678 0.0164512338425382 0.0146886016451234 0.027027027027027 0.0317273795534665 0.0522914218566393 0.027027027027027 0.04524089306698 0.0799059929494712 0.0681551116333725 0 0.0987074030552291 0.0170387779083431
"podExp" 0.13807285546416 0.112808460634548 0.215628672150411 0.0987074030552291 0.101645123384254 0.103995299647474 0.102820211515864 0.101057579318449 0.100470035252644 0.0840188014101058 0.109870740305523 0.130434782608696 0.0769682726204465 0.113396004700353 0.0987074030552291 0 0.102820211515864
"terMex" 0.0957696827262045 0.0334900117508813 0.169212690951821 0.0340775558166862 0.0158636897767333 0.0217391304347826 0.0199764982373678 0.0340775558166862 0.0352526439482961 0.0564042303172738 0.0299647473560517 0.0417156286721504 0.0834312573443008 0.0693301997649824 0.0170387779083431 0.102820211515864 0
