"carIns" "cheAbi" "cheMyd" "cheSer" "chrPic" "cuoAmb" "cuoMcc" "derCor" "derMaw" "emySub" "gopAga" "malTer" "mesTub" "pelCas" "pelSin" "plaMeg" "podExp" "terMex"
"carIns" 0 0.0538261997405966 0.053177691309987 0.056420233463035 0.0518806744487678 0.0525291828793774 0.053177691309987 0.0492866407263294 0.0551232166018158 0.0583657587548638 0.0577172503242542 0.0512321660181582 0.0622568093385214 0.0687418936446174 0.056420233463035 0.0486381322957198 0.0687418936446174 0.053177691309987
"cheAbi" 0.0538261997405966 0 0.0252918287937743 0.0272373540856031 0.01621271076524 0.00907911802853437 0.00843060959792477 0.0214007782101167 0.0285343709468223 0.0408560311284047 0.0103761348897536 0.0168612191958495 0.0447470817120623 0.0479896238651102 0.0473411154345006 0.012970168612192 0.0453955901426719 0.01621271076524
"cheMyd" 0.053177691309987 0.0252918287937743 0 0.0194552529182879 0.0194552529182879 0.0214007782101167 0.0207522697795071 0.0103761348897536 0.0278858625162127 0.0389105058365759 0.0265888456549935 0.0175097276264591 0.0440985732814527 0.0479896238651102 0.0486381322957198 0.01621271076524 0.0486381322957198 0.0175097276264591
"cheSer" 0.056420233463035 0.0272373540856031 0.0194552529182879 0 0.0194552529182879 0.0233463035019455 0.0226977950713359 0.0175097276264591 0.0285343709468223 0.0402075226977951 0.0298313878080415 0.0194552529182879 0.0447470817120623 0.0473411154345006 0.0512321660181582 0.0181582360570687 0.0460440985732815 0.0188067444876783
"chrPic" 0.0518806744487678 0.01621271076524 0.0194552529182879 0.0194552529182879 0 0.0123216601815824 0.0116731517509728 0.0155642023346304 0.0278858625162127 0.0369649805447471 0.0175097276264591 0.00453955901426719 0.0395590142671855 0.0440985732814527 0.0447470817120623 0.00843060959792477 0.0428015564202335 0.00389105058365759
"cuoAmb" 0.0525291828793774 0.00907911802853437 0.0214007782101167 0.0233463035019455 0.0123216601815824 0 0.000648508430609598 0.0175097276264591 0.0285343709468223 0.0389105058365759 0.0103761348897536 0.012970168612192 0.0428015564202335 0.0453955901426719 0.046692607003891 0.00907911802853437 0.0440985732814527 0.0123216601815824
"cuoMcc" 0.053177691309987 0.00843060959792477 0.0207522697795071 0.0226977950713359 0.0116731517509728 0.000648508430609598 0 0.0168612191958495 0.0278858625162127 0.0389105058365759 0.00972762645914397 0.0123216601815824 0.0428015564202335 0.0453955901426719 0.0473411154345006 0.00972762645914397 0.0440985732814527 0.0116731517509728
"derCor" 0.0492866407263294 0.0214007782101167 0.0103761348897536 0.0175097276264591 0.0155642023346304 0.0175097276264591 0.0168612191958495 0 0.0252918287937743 0.0363164721141375 0.0226977950713359 0.0149156939040208 0.0402075226977951 0.0440985732814527 0.0453955901426719 0.0123216601815824 0.0447470817120623 0.0155642023346304
"derMaw" 0.0551232166018158 0.0285343709468223 0.0278858625162127 0.0285343709468223 0.0278858625162127 0.0285343709468223 0.0278858625162127 0.0252918287937743 0 0.0473411154345006 0.0311284046692607 0.0285343709468223 0.0518806744487678 0.053177691309987 0.0544747081712062 0.0246433203631647 0.0551232166018158 0.0278858625162127
"emySub" 0.0583657587548638 0.0408560311284047 0.0389105058365759 0.0402075226977951 0.0369649805447471 0.0389105058365759 0.0389105058365759 0.0363164721141375 0.0473411154345006 0 0.0447470817120623 0.0369649805447471 0.0194552529182879 0.0376134889753567 0.0551232166018158 0.0343709468223087 0.0402075226977951 0.0382619974059663
"gopAga" 0.0577172503242542 0.0103761348897536 0.0265888456549935 0.0298313878080415 0.0175097276264591 0.0103761348897536 0.00972762645914397 0.0226977950713359 0.0311284046692607 0.0447470817120623 0 0.0168612191958495 0.0473411154345006 0.049935149156939 0.0512321660181582 0.0155642023346304 0.046692607003891 0.0188067444876783
"malTer" 0.0512321660181582 0.0168612191958495 0.0175097276264591 0.0194552529182879 0.00453955901426719 0.012970168612192 0.0123216601815824 0.0149156939040208 0.0285343709468223 0.0369649805447471 0.0168612191958495 0 0.0395590142671855 0.0447470817120623 0.0440985732814527 0.00907911802853437 0.0440985732814527 0.00583657587548638
"mesTub" 0.0622568093385214 0.0447470817120623 0.0440985732814527 0.0447470817120623 0.0395590142671855 0.0428015564202335 0.0428015564202335 0.0402075226977951 0.0518806744487678 0.0194552529182879 0.0473411154345006 0.0395590142671855 0 0.0395590142671855 0.053177691309987 0.0382619974059663 0.0408560311284047 0.0408560311284047
"pelCas" 0.0687418936446174 0.0479896238651102 0.0479896238651102 0.0473411154345006 0.0440985732814527 0.0453955901426719 0.0453955901426719 0.0440985732814527 0.053177691309987 0.0376134889753567 0.049935149156939 0.0447470817120623 0.0395590142671855 0 0.0590142671854734 0.0421530479896239 0.0356679636835279 0.0453955901426719
"pelSin" 0.056420233463035 0.0473411154345006 0.0486381322957198 0.0512321660181582 0.0447470817120623 0.046692607003891 0.0473411154345006 0.0453955901426719 0.0544747081712062 0.0551232166018158 0.0512321660181582 0.0440985732814527 0.053177691309987 0.0590142671854734 0 0.0421530479896239 0.0616083009079118 0.0460440985732815
"plaMeg" 0.0486381322957198 0.012970168612192 0.01621271076524 0.0181582360570687 0.00843060959792477 0.00907911802853437 0.00972762645914397 0.0123216601815824 0.0246433203631647 0.0343709468223087 0.0155642023346304 0.00907911802853437 0.0382619974059663 0.0421530479896239 0.0421530479896239 0 0.0415045395590143 0.00843060959792477
"podExp" 0.0687418936446174 0.0453955901426719 0.0486381322957198 0.0460440985732815 0.0428015564202335 0.0440985732814527 0.0440985732814527 0.0447470817120623 0.0551232166018158 0.0402075226977951 0.046692607003891 0.0440985732814527 0.0408560311284047 0.0356679636835279 0.0616083009079118 0.0415045395590143 0 0.0440985732814527
"terMex" 0.053177691309987 0.01621271076524 0.0175097276264591 0.0188067444876783 0.00389105058365759 0.0123216601815824 0.0116731517509728 0.0155642023346304 0.0278858625162127 0.0382619974059663 0.0188067444876783 0.00583657587548638 0.0408560311284047 0.0453955901426719 0.0460440985732815 0.00843060959792477 0.0440985732814527 0
