"carIns" "cheAbi" "cheMyd" "cheSer" "chrPic" "cuoAmb" "cuoMcc" "derCor" "derMaw" "emySub" "gopAga" "malTer" "mesTub" "pelCas" "pelSin" "plaMeg" "podExp" "terMex"
"carIns" 0 0.043956043956044 0.0390720390720391 0.0390720390720391 0.0378510378510378 0.061050061050061 0.0409035409035409 0.0445665445665446 0.0415140415140415 0.0500610500610501 0.0451770451770452 0.0372405372405372 0.0476190476190476 0.061050061050061 0.0732600732600733 0.0372405372405372 0.057997557997558 0.036019536019536
"cheAbi" 0.043956043956044 0 0.0231990231990232 0.0280830280830281 0.0213675213675214 0.0421245421245421 0.0195360195360195 0.0317460317460317 0.0268620268620269 0.0396825396825397 0.0170940170940171 0.021978021978022 0.0402930402930403 0.0567765567765568 0.0750915750915751 0.0189255189255189 0.0494505494505494 0.0183150183150183
"cheMyd" 0.0390720390720391 0.0231990231990232 0 0.0189255189255189 0.0146520146520147 0.0409035409035409 0.0177045177045177 0.0146520146520147 0.0195360195360195 0.0384615384615385 0.0238095238095238 0.0146520146520147 0.0384615384615385 0.0537240537240537 0.068986568986569 0.0122100122100122 0.0488400488400488 0.0115995115995116
"cheSer" 0.0390720390720391 0.0280830280830281 0.0189255189255189 0 0.0201465201465201 0.043956043956044 0.0207570207570208 0.0286935286935287 0.0213675213675214 0.0390720390720391 0.0293040293040293 0.0207570207570208 0.0378510378510378 0.0543345543345543 0.072039072039072 0.0177045177045177 0.0500610500610501 0.0170940170940171
"chrPic" 0.0378510378510378 0.0213675213675214 0.0146520146520147 0.0201465201465201 0 0.0372405372405372 0.0152625152625153 0.0231990231990232 0.0177045177045177 0.0347985347985348 0.0213675213675214 0.00427350427350427 0.0341880341880342 0.0500610500610501 0.0702075702075702 0.00854700854700855 0.047008547008547 0.00427350427350427
"cuoAmb" 0.061050061050061 0.0421245421245421 0.0409035409035409 0.043956043956044 0.0372405372405372 0 0.0268620268620269 0.047008547008547 0.0445665445665446 0.0586080586080586 0.0402930402930403 0.0384615384615385 0.0592185592185592 0.0744810744810745 0.0934065934065934 0.0347985347985348 0.0677655677655678 0.0354090354090354
"cuoMcc" 0.0409035409035409 0.0195360195360195 0.0177045177045177 0.0207570207570208 0.0152625152625153 0.0268620268620269 0 0.0231990231990232 0.0213675213675214 0.0372405372405372 0.0189255189255189 0.0158730158730159 0.0366300366300366 0.0518925518925519 0.0732600732600733 0.0128205128205128 0.0463980463980464 0.0122100122100122
"derCor" 0.0445665445665446 0.0317460317460317 0.0146520146520147 0.0286935286935287 0.0231990231990232 0.047008547008547 0.0231990231990232 0 0.0280830280830281 0.0451770451770452 0.0299145299145299 0.0231990231990232 0.0433455433455433 0.0573870573870574 0.0757020757020757 0.0207570207570208 0.0549450549450549 0.0201465201465201
"derMaw" 0.0415140415140415 0.0268620268620269 0.0195360195360195 0.0213675213675214 0.0177045177045177 0.0445665445665446 0.0213675213675214 0.0280830280830281 0 0.0409035409035409 0.0274725274725275 0.0183150183150183 0.0390720390720391 0.0561660561660562 0.0763125763125763 0.0170940170940171 0.0518925518925519 0.0146520146520147
"emySub" 0.0500610500610501 0.0396825396825397 0.0384615384615385 0.0390720390720391 0.0347985347985348 0.0586080586080586 0.0372405372405372 0.0451770451770452 0.0409035409035409 0 0.0390720390720391 0.0354090354090354 0.0201465201465201 0.0402930402930403 0.07997557997558 0.0323565323565324 0.036019536019536 0.032967032967033
"gopAga" 0.0451770451770452 0.0170940170940171 0.0238095238095238 0.0293040293040293 0.0213675213675214 0.0402930402930403 0.0189255189255189 0.0299145299145299 0.0274725274725275 0.0390720390720391 0 0.021978021978022 0.0409035409035409 0.0543345543345543 0.0732600732600733 0.0177045177045177 0.047008547008547 0.0183150183150183
"malTer" 0.0372405372405372 0.021978021978022 0.0146520146520147 0.0207570207570208 0.00427350427350427 0.0384615384615385 0.0158730158730159 0.0231990231990232 0.0183150183150183 0.0354090354090354 0.021978021978022 0 0.0335775335775336 0.0494505494505494 0.0714285714285714 0.00915750915750916 0.0463980463980464 0.00488400488400488
"mesTub" 0.0476190476190476 0.0402930402930403 0.0384615384615385 0.0378510378510378 0.0341880341880342 0.0592185592185592 0.0366300366300366 0.0433455433455433 0.0390720390720391 0.0201465201465201 0.0409035409035409 0.0335775335775336 0 0.036019536019536 0.0769230769230769 0.0317460317460317 0.0366300366300366 0.0323565323565324
"pelCas" 0.061050061050061 0.0567765567765568 0.0537240537240537 0.0543345543345543 0.0500610500610501 0.0744810744810745 0.0518925518925519 0.0573870573870574 0.0561660561660562 0.0402930402930403 0.0543345543345543 0.0494505494505494 0.036019536019536 0 0.0903540903540904 0.0463980463980464 0.0433455433455433 0.047008547008547
"pelSin" 0.0732600732600733 0.0750915750915751 0.068986568986569 0.072039072039072 0.0702075702075702 0.0934065934065934 0.0732600732600733 0.0757020757020757 0.0763125763125763 0.07997557997558 0.0732600732600733 0.0714285714285714 0.0769230769230769 0.0903540903540904 0 0.0677655677655678 0.0866910866910867 0.0683760683760684
"plaMeg" 0.0372405372405372 0.0189255189255189 0.0122100122100122 0.0177045177045177 0.00854700854700855 0.0347985347985348 0.0128205128205128 0.0207570207570208 0.0170940170940171 0.0323565323565324 0.0177045177045177 0.00915750915750916 0.0317460317460317 0.0463980463980464 0.0677655677655678 0 0.0433455433455433 0.0054945054945055
"podExp" 0.057997557997558 0.0494505494505494 0.0488400488400488 0.0500610500610501 0.047008547008547 0.0677655677655678 0.0463980463980464 0.0549450549450549 0.0518925518925519 0.036019536019536 0.047008547008547 0.0463980463980464 0.0366300366300366 0.0433455433455433 0.0866910866910867 0.0433455433455433 0 0.043956043956044
"terMex" 0.036019536019536 0.0183150183150183 0.0115995115995116 0.0170940170940171 0.00427350427350427 0.0354090354090354 0.0122100122100122 0.0201465201465201 0.0146520146520147 0.032967032967033 0.0183150183150183 0.00488400488400488 0.0323565323565324 0.047008547008547 0.0683760683760684 0.0054945054945055 0.043956043956044 0
